frame,c1,c2,c3
1,-0.2558008483091622,0.035452188122996574,0.1702183928436649
2,-0.21437796954495036,-0.030699980499241553,0.09322674212103652
3,-0.18254621562901904,-0.08491653673856257,0.06660813830292642
4,-0.19319816356599656,-0.17259283433890377,0.05575361935765016
5,-0.20997655101603654,-0.18922602559134571,0.11806566550601827
6,-0.24077933245571764,-0.1804252452601075,0.13556221174196395
7,-0.22460713971664528,-0.09147682607192972,0.10504443577502467
8,-0.23211837781108668,-0.03613113517207999,0.09719250024514905
9,-0.20312958417077143,-0.00207527554740535,0.0705675148552928
10,-0.1863807231050825,-0.009311636194541431,0.051021312482017724
11,-0.17256305463692578,0.0023246856621899317,0.015539231200637273
12,-0.0851010007356106,0.05855143696858575,0.002392831728177588
13,0.01313323233939537,0.11931040125475147,-0.0039647260282778705
14,0.04893429766070963,0.10810476548837644,0.017467183547923426
15,0.0011869364160755856,0.05095055309820986,0.03509984314717983
16,-0.04402765566755762,-0.0049069526291750385,0.02810406920660226
17,-0.012747171279982436,0.014740050773058897,-0.01131329914929792
18,0.012648948339833432,0.025375873227190288,-0.06583563100540138
19,0.04567776472022391,0.051297200829822656,-0.12391824964066595
20,0.052087617620821945,0.050899753998219034,-0.14554615414890298
21,0.09283379352170526,0.09922343304933218,-0.17869011275532454
22,0.08283603184976432,0.09841416127232286,-0.13856745565384396
23,0.08333114677014439,0.07867932997618522,-0.1330729169755346
24,0.06061081282635118,0.059642953805741424,-0.09649479651556174
25,0.04359129511859826,0.05611782565829894,-0.048362715854967125
26,0.002099107436410896,0.07669306244575427,0.02445702433201284
27,-0.030332342360252236,0.04687410957305285,0.03137082173373682
28,-0.04242211903151026,0.020836730268763166,0.03361752898390954
29,-0.0816330296790482,-0.02555889090896836,0.0517911688175538
30,-0.10781934467875785,-0.05031470731430933,0.06708244303568786
31,-0.12187643025646631,-0.06831516007071328,0.05846221205910422
32,-0.06732073016238034,-0.03518120980632991,0.016147823296204216
33,0.02977104847734744,0.056629065506559856,-0.05857904345797721
34,0.04350519538934555,0.06233402466939425,-0.1138739797544458
35,0.04926241131715818,0.06749373142475469,-0.13366104424122877
36,0.037258219253654884,0.05131983219896944,-0.09400340737325734
37,0.050875458013579754,0.05763887433147398,-0.07697229418960354
38,0.07428792258323977,0.07894529288211895,-0.09048134132285658
39,0.022923056623865363,0.018920397244173357,-0.06508096866901956
40,-0.007467863080193242,-0.01821258967819538,-0.04608740232942731
41,-0.048091291169025795,-0.05370443264711701,-0.015590389895723889
42,-0.04255118859032365,-0.049551723276578176,-0.02482152769894764
43,-0.053471694409326684,-0.04821467973961669,-0.04160795744648779
44,-0.061005503969008876,-0.054316611763118555,-0.014460238766029905
45,-0.07951387232871145,-0.0707143956457719,0.013151200259179324
46,-0.04672526192897401,-0.043028373716276526,0.03179978487991931
47,-0.056764181899283686,-0.058516623273900115,0.019159579886593902
48,-0.05277558177661162,-0.04172351078965512,-0.03453603479939435
49,-0.054115872567318105,-0.02722699871907022,-0.056019679447535484
50,0.01168979207488557,0.05412721525690917,-0.12196278573588086
51,0.009836182560337789,0.051794236994836526,-0.1111120628766049
52,0.009076750875841855,0.03543487339241505,-0.0940558091617384
53,-0.02520793550194933,0.0004680177220667406,-0.08708422686195454
54,-0.027123636949758712,-0.0026595826468906367,-0.11478435748917412
55,-0.04173974479659669,-0.014975753113815531,-0.13331177573738953
56,-0.03316858149904419,-0.02605337862033043,-0.1341697437665921
57,-0.0063225377934028335,-0.012664097772380712,-0.1492051676245865
58,0.010236345939603595,-0.0022930268605660317,-0.17478108536109685
59,0.01398770959525117,0.00023564012745077835,-0.19264096968761754
60,-0.028342947266918526,-0.019976855569089434,-0.12237988214873138
61,-0.08021812030640635,-0.07416479131359105,-0.06351146495131711
62,-0.12219042468583816,-0.11417691993156215,-0.0007724017969434368
63,-0.12492898288798363,-0.0971543954218099,0.01169839512386204
64,-0.06647237750009928,-0.03009648350237566,0.010933765144389844
65,-0.037117502771712024,0.007201396033618154,-0.001882419792103387
66,-0.005088716741132365,0.008218257807441254,-0.038500924379978686
67,-0.005564856119752397,0.01768565697300896,-0.07673830363737254
68,-0.004391265263647028,0.026068147324533608,-0.08064096772167773
69,0.016449549232988768,0.048230929890779276,-0.09237544283835676
70,0.0307655618198772,0.04750278229846201,-0.087091357273122
71,0.08727298915601257,0.062009377648290204,-0.10336894059859283
72,0.071038363883175,0.0581474568096341,-0.10989500567473523
73,0.07250998156096664,0.06342388174094601,-0.12970755601717243
74,0.06394748405208642,0.07116777335758565,-0.1404215872381391
75,0.10425877553773204,0.07135252945814621,-0.18039594235609402
76,0.11669860862200342,0.08625655391718703,-0.1808555706435429
77,0.1005213852031381,0.06965500007751807,-0.20023406200089505
78,0.027986696387771223,0.06471439534041232,-0.09935709943563723
79,-0.04143846803840991,0.04184085421942637,-0.025893836942432264
80,-0.08221849945309975,0.06270078756150055,0.08015243069422719
81,-0.032255239889703045,0.06402490490313764,0.033455926887763825
82,0.03447911067584487,0.09404586256946114,-0.045257705275291986
83,0.059205336414288594,0.10011459597697984,-0.179127344690719
84,0.0625757576299482,0.10334003892703653,-0.23136059969917588
85,0.0483362101145306,0.08688427352533508,-0.1920662956306927
86,0.05511861595037439,0.043755826954632905,-0.13503136805604696
87,0.019568732634186528,0.04974772787055345,-0.07659882172328121
88,-0.0030569427061507997,0.049099644371223626,-0.12930741055414582
89,-0.028925382065464973,0.08373209217921299,-0.12796177210109727
90,0.015212096485758012,0.0842979412857029,-0.18079535904395108
91,0.07065423386821566,0.10858868497543205,-0.18577757074655446
92,0.11918563250902964,0.10895125716349721,-0.20697290910743307
93,0.11880801925517394,0.10677541132455884,-0.23026209518240567
94,0.0953103997485666,0.08775158855622239,-0.2182770455014584
95,0.08633768419422636,0.08777045493325854,-0.18311636896473069
96,0.12408855491334776,0.11610473625917947,-0.15927896920474996
97,0.16908624043431236,0.136450393138305,-0.1306559829010779
98,0.2063958125523194,0.1415974215782396,-0.1535297122906274
99,0.20090676098589677,0.12322578647054669,-0.15154344585903753
100,0.1720997885062687,0.10407742599092021,-0.22433255331146834
101,0.17402633709441231,0.07614131410460952,-0.2606739403112064
102,0.18450056734513692,0.05936340904417321,-0.2589242114083991
103,0.18846830046737628,0.07321232855577407,-0.20028564402249954
104,0.13848319477154247,0.06365971312900896,-0.15975519001783556
105,0.041469138883471736,0.027420008507518134,-0.19095153578559879
106,-0.09406825471583771,-0.015224612553727061,-0.26923226919110016
107,-0.17258184297174411,-0.003227252585576154,-0.35291197553722786
108,-0.1892443757972492,0.029715217244236543,-0.44273612918248495
109,-0.125376039453012,0.07037526370025872,-0.507462303987528
110,-0.054563727505657446,0.09091192120031728,-0.5403237648882231
111,0.002163098905055645,0.09635289343366703,-0.44864338429062245
112,-0.03202125715802538,0.11983449264996117,-0.3822899634518152
113,-0.08181607231557833,0.14703366998422104,-0.3046967545504028
114,-0.11087544467431457,0.15745305108141894,-0.3005230468363262
115,-0.08739560776986452,0.1255270018033314,-0.2345624014168606
116,-0.08731853201727843,0.1086658732110142,-0.216664414771385
117,-0.09063473429297719,0.09904270352844766,-0.23991436782134712
118,-0.061295185925891976,0.09060634175768716,-0.27959139772936076
119,-0.046397230624375035,0.06854714162205128,-0.2795886669261869
120,0.04800883310851906,0.09594983338286071,-0.26066801831871267
121,0.09112998530898629,0.12475079055843107,-0.23084583652387297
122,0.1619054575010949,0.14017547228776395,-0.2118279792913606
123,0.1916414945281525,0.11960052893012302,-0.19144130011729737
124,0.20541322102085924,0.1265243285310257,-0.2081983270241767
125,0.2002297775424994,0.12497493621811198,-0.26249980238670423
126,0.1403532760623236,0.09398358048247178,-0.29889773591972646
127,0.09762988243621527,0.05445084556185268,-0.3446002349459863
128,0.08524968525216209,0.04761646217585111,-0.33933635668299167
129,0.17377803885458012,0.09129770684992196,-0.29960102904449604
130,0.21287274695326058,0.11533724568088294,-0.2162512550618408
131,0.21562652950310718,0.1061487519257084,-0.1406351252213134
132,0.13578501514876995,0.026680216205356006,-0.15944040236996904
133,0.10300751964197856,-0.06080781375151786,-0.1702956710549977
134,0.040925507157741264,-0.1566579602411495,-0.27729367916497033
135,-0.0005589024288419597,-0.17683308001826908,-0.2582688431032627
136,0.020199391484707542,-0.1028349703208638,-0.27392444571393587
137,0.08628146526405535,-0.004868812690404593,-0.24648149630194585
138,0.0847841339614631,0.03383501536888022,-0.3328320359795336
139,0.037424456236364395,0.01726902328497803,-0.37952790266968917
140,-0.0017724124900488775,0.01244363673282257,-0.37577441139483647
141,0.02766262584800104,0.017231277890527814,-0.3597582056391302
142,0.10149169404678038,0.02850071674623294,-0.3255539267620217
143,0.10651312251822022,-0.043841086149388274,-0.3780709181547644
144,0.10472126909515632,-0.012960238335795656,-0.35099012626442794
145,0.035708227481522,-0.0329328565740584,-0.3878408080559536
146,0.08351887597524646,0.045741875786767756,-0.3337820095574247
147,0.1142325822863906,0.06935486956719825,-0.31258423196453444
148,0.15590641952595186,0.06616062681565994,-0.3040052319191913
149,0.10815996555191562,0.043070474193054015,-0.3015539231155043
150,0.08620732477247528,-0.009750697325475698,-0.37127638170800836
151,0.020195049533589558,-0.002940762921119179,-0.3750196330269229
152,-0.04987010813079419,0.0038446405824790124,-0.37404501707016535
153,-0.11552210721633983,0.019263718328563564,-0.32008657649064126
154,-0.13534311213203118,0.03057886581522837,-0.3271831273554759
155,-0.04069080599989715,0.05926200868051678,-0.3535010354881354
156,0.08429747936683318,0.06847805332820946,-0.3270070668488575
157,0.18723243059293943,0.08366687027171651,-0.26237312674431656
158,0.2315540644080669,0.07974036032757272,-0.197913709339879
159,0.21013993388322957,0.0659782788440466,-0.19932110054419339
160,0.1320423783901246,0.07361649485591279,-0.26188809197247315
161,0.008510246305821194,0.11305714308157533,-0.33680687070044246
162,-0.030917554871487275,0.16544772080253803,-0.36108019343547226
163,-0.002321717855970846,0.17776563606715162,-0.32845671265066234
164,0.0673823836256067,0.15190064653750537,-0.29731587903848417
165,0.10361612112504125,0.10797077139408576,-0.2931175279745497
166,0.08031235850728322,0.10797746928792024,-0.31769827920215743
167,0.08316392249645285,0.08889245474039138,-0.2816532079657995
168,0.13616874253553873,0.08594680521870487,-0.25098277770165295
169,0.16454878603561723,0.01841279878881393,-0.12636830998800547
170,0.22658099919372715,-0.027123632253448878,-0.08821235389483478
171,0.16313403401261614,-0.03412334387270637,-0.02371487903474331
172,0.08066431934868792,0.036395972108426086,-0.18349241109101444
173,-0.06743401527993173,0.05947018134951118,-0.3230482449319274
174,-0.16206575807210857,0.08614822983575463,-0.49874589519491663
175,-0.23848296341599864,0.06118467198957404,-0.4427839933332984
176,-0.24311636355571697,0.03787860077128066,-0.40924127827110585
177,-0.2534619403312616,0.005693851373490812,-0.41047694650324723
178,-0.16686902585450394,-0.007158003489474178,-0.4134498040379597
179,-0.15202053019753745,-0.0006269419483665818,-0.3740152853281293
180,-0.10182153536045283,0.06521379633995195,-0.2096835604037044
181,-0.1025882380142766,0.13550317152301658,-0.16440663064973599
182,-0.09110062547477232,0.1821515921880659,-0.11275214217636906
183,-0.07832093045963026,0.16510686942224123,-0.20647832328534643
184,-0.07098394399647955,0.11358021197574901,-0.2036459820478831
185,-0.05550398052873517,0.04907588897631459,-0.23784429521911904
186,-0.05845924549539545,-0.004786774742518209,-0.18686648398948102
187,-0.0331230468284107,-0.03615869074245727,-0.16260299978554135
188,-0.011423783573393725,-0.03440751152715604,-0.13489615596319704
189,-0.03566767225870033,-0.04044618596187429,-0.11077299507058591
190,-0.030045020121775026,-0.036719398718066544,-0.13093832707753644
191,-0.034352101370015244,-0.03249278842045609,-0.10794043481784416
192,0.004415512964231665,-0.004120185346303465,-0.1077241225788407
193,0.039070303002357046,0.03031526440359849,-0.11234230132859171
194,0.059548899903135714,0.02409228179056578,-0.16381546549923323
195,0.05508798222372476,0.007976313747366515,-0.22784856775261758
196,0.013703788312619048,-0.006012871040223824,-0.21252099470909194
197,0.0009853378085636643,0.03490559897257942,-0.25296832811421727
198,0.036285351080843076,0.08773898194032667,-0.3148186110591327
199,0.0990728186871734,0.14843628401036987,-0.4274987246601221
200,0.15710856089718972,0.17819423911378934,-0.5162505222221744
201,0.06496957963662846,0.14746332055766856,-0.5284616564137211
202,-0.053677118436518,0.07243446144248702,-0.45117256611696627
203,-0.17195182039445464,-0.004049582428325703,-0.3655731862161762
204,-0.15748325653849976,0.03982458486951826,-0.29151443605626814
205,-0.100044124135299,0.11349548196618024,-0.2565364804724118
206,-0.09437344229325403,0.17993039328733654,-0.19842570551660532
207,-0.10455365035925272,0.18055047565927848,-0.2018770103714018
208,-0.14641757021601243,0.12946482831528625,-0.11564301212923216
209,-0.10819267799937127,0.11030247806590501,-0.08643841701668972
210,-0.08330165406348962,0.09201671293655538,-0.032725191339097924
211,-0.08083051268268009,0.0568940273253641,-0.062219367298425476
212,-0.08115577572681869,-0.002168898099500373,-0.059619404611045965
213,-0.12489621746770992,-0.0689477153230128,-0.05584754442366314
214,-0.14259021125045876,-0.11169835894343781,-0.04950448708752998
215,-0.20592506706514221,-0.1369222720012786,-0.038058943968981046
216,-0.17767681102989152,-0.1259995727536672,-0.06661975220120389
217,-0.1591707583682449,-0.10566446534789792,-0.1027357785047068
218,-0.14488111579543694,-0.05994447042275982,-0.1337120159602207
219,-0.21241893407090368,-0.054748579704081146,-0.11455198538593087
220,-0.18739954874762416,0.022341414598499948,-0.17449025897134088
221,-0.11644652046159275,0.063536600812226,-0.2230557025037661
222,-0.0599797626574198,0.05473150746529764,-0.23318626107400678
223,-0.07731074331792859,-0.007886900595600647,-0.1895976902034405
224,-0.1093821509070262,-0.049786672450017846,-0.1612323891819403
225,-0.11487154569169565,-0.0616378051819765,-0.21525345099505072
226,-0.10915509735098103,-0.0710023528471106,-0.23464463545687791
227,-0.1187702256323949,-0.12336432822024106,-0.21803232021543967
228,-0.07408671619360956,-0.11256355655908751,-0.16972149503334175
229,-0.02868750009590584,-0.0988675206107345,-0.15886037255917831
230,0.04988197699470746,-0.06399447166150496,-0.20855995565274948
231,0.08880631023419623,-0.061978179700831096,-0.22548921276296086
232,0.08936618119493675,-0.067466429774686,-0.26201990915526174
233,0.06907648701858153,-0.06014577668069441,-0.2806044496438818
234,0.058039361158659736,-0.02363489292364161,-0.2657999083498879
235,0.07964025513577427,-0.006882797119038269,-0.23439675917737596
236,0.05941455798843623,0.025842320112046693,-0.10907564359990463
237,0.05320244534973305,0.012746681268353249,-0.10042839955317495
238,0.03849793365543631,0.016132158485039245,-0.12720350530747995
239,0.05930147187821735,0.008438105510209834,-0.16780774795205827
240,0.03505671185798564,0.06380985067718986,-0.1751279563389856
241,0.008980106666074707,0.10855795313662685,-0.13891606101790008
242,-0.012137148608396537,0.15840402122429834,-0.13870237799660978
243,0.020489741948473913,0.1493251590175867,-0.11461240443120067
244,0.06773991922096921,0.1485974574038969,-0.1207606256760218
245,0.07306291273321142,0.09405038271664977,-0.09555920715093945
246,0.05564659105975311,0.02416269384147195,-0.10261640299087992
247,0.02820173705168549,-0.06002652110782148,-0.13148713112899463
248,0.004818839221868986,-0.07270457169070338,-0.2438122415889365
249,-0.060330956151427965,-0.0766565121618422,-0.3419410345892568
250,-0.0736127825097006,-0.04475670799193897,-0.34713357114137905
251,-0.06371858256009102,-0.05357259487371649,-0.30309835749269093
252,0.0017507798251270308,-0.012565583768140182,-0.184230353412136
253,0.007353243481260488,0.01028413241884987,-0.10070898201580877
254,0.04757156557695277,0.046838817603068586,-0.015442185557251131
255,0.024584690304202565,0.02659348974761983,-0.007951817815145052
256,0.04462522325354465,0.0090652995410141,-0.03723145441159904
257,0.03989616812091699,-0.004551492151000875,-0.05523942780655646
258,0.03897783580228066,0.00792030048997943,-0.0683623833658507
259,0.02993030038656115,0.007261989320289485,-0.06232444133947332
260,0.03935622023900343,0.012811525567103351,-0.055731804765727797
261,0.06091495188030921,0.00425142428142214,-0.023505828218918945
262,0.06864948453837381,0.0016559575090774998,-0.012804943671994293
263,0.07768237982437019,-0.01136309368138015,-0.009546816622903376
264,0.07694435816718055,-0.0008616478827997063,-0.013562084927081337
265,0.0859157013315439,0.017248237647701125,-0.03564907781733055
266,0.0903696286600368,0.05445476219104784,-0.056616356796859404
267,0.10182029152174499,0.04240699229946778,-0.09416712060800808
268,0.10995267920085736,0.037292001112829,-0.1070857397272401
269,0.09290653820236391,0.029251989962702292,-0.11406020481358478
270,0.10250217639155394,0.043990475149083975,-0.14024219980846955
271,0.09099676574496603,0.049399483730763416,-0.15626948735042684
272,0.11279043772109036,0.0499185689034328,-0.17993372938478255
273,0.11611803075784308,0.054602608004021336,-0.17937595999213143
274,0.11257413996821793,0.04835117089712817,-0.15989302957186882
275,0.1075352136216253,0.04215423753013381,-0.13915881023012447
276,0.10008181053907432,0.03588637728130339,-0.09296441159019339
277,0.14736342702692093,0.01728816765784526,-0.14664298633599165
278,0.16181098213014872,0.03602980749338077,-0.14274403774289945
279,0.19191693167685012,0.038542873243009944,-0.19857360081428466
280,0.17019336422756687,0.03327707252931403,-0.1743084299442421
281,0.18018756841546055,0.011670524372061708,-0.1775475038337978
282,0.2048415239675361,0.020520555444887605,-0.1419741847139144
283,0.203207941621984,0.02622388318950014,-0.08213821436252583
284,0.22239836451415132,0.053851635461953665,-0.0732389526340911
285,0.19125989832837326,0.06319678867466497,-0.06856641158424717
286,0.22307319106254053,0.09303157697059104,-0.12668392227648975
287,0.15841821805802977,0.08415078080779123,-0.09030842224400007
288,0.08409542361956569,0.051465489661548736,-0.05510997517638152
289,-0.0343895015462957,0.00609781140256777,0.051777029757816555
290,-0.09043016887682398,-0.023182385598003747,0.04663839739042
291,-0.11152789296655732,-0.05531964770814216,0.05625238841117492
292,-0.05725225890538485,-0.00813029902190344,-0.011597601477693398
293,-0.0037528231089077675,-0.012303408390114264,-0.05001364292952888
294,0.07395334842621412,-0.048707785928348325,-0.10706745557028004
295,0.08465153656911807,-0.14154618712091627,-0.12194897005025195
296,0.06397174704353686,-0.17983982287006414,-0.15447346555140323
297,-0.006852727500596324,-0.15908154325354787,-0.19334552421987453
298,-0.005844524454806547,-0.09316382917741933,-0.25843141455131013
299,0.0267424282429914,0.009177776232504254,-0.3882880248400553
300,0.026490027386711513,0.01394658798993322,-0.331223152726994
301,-0.027543865961756727,0.0006753616076715133,-0.26359472447662463
302,-0.12501177437502922,-0.07037704175505755,-0.05739089845016358
303,-0.15414351225455772,-0.04284320539318192,-0.035511614904329664
304,-0.13749005434158368,0.03471966794086493,-0.035950310141716756
305,-0.10980255519737268,0.07823074511946014,-0.052753059038654966
306,-0.11270656695054378,0.09367513672563185,-0.010339581946290826
307,-0.0714389181164951,0.06957451556929485,-0.017805842575256536
308,0.0013410626364997614,0.0646394640590554,-0.07514955724085305
309,0.030433157013420666,0.059213331650512714,-0.10760306412174112
310,-0.017099028008605976,0.014453569164981507,-0.08222226760567632
311,-0.034756919577767276,-0.0026827818638290326,-0.13229689420348278
312,-0.0800363933605968,-0.018868909011905965,-0.13035194342138154
313,-0.07808712031721024,0.01563242643692829,-0.14320789243177157
314,-0.11822479326432397,0.02140644953396976,-0.11421369415022513
315,-0.11830875427246454,0.018352005798820903,-0.1732759529525215
316,-0.15266467425581853,0.006715912666119228,-0.25266934568957006
317,-0.1911058806856863,0.01061256395791803,-0.25626848932339075
318,-0.19567636562155696,0.022738975068191548,-0.30975503103703744
319,-0.2112782639768407,0.005630114785990739,-0.28654596351355915
320,-0.23043747241560333,-0.043263896806068916,-0.3312036484309499
321,-0.25960126011273194,-0.05350910893969555,-0.3025280482614843
322,-0.23464536548492385,-0.037855423216584375,-0.3640079232315484
323,-0.2111284591756058,-0.06438577262087039,-0.3877596165192148
324,-0.15207383321054593,-0.05840740317335946,-0.32627820096372245
325,-0.03541274061951237,0.038013628910355715,-0.23677152516454011
326,0.04341279593451479,0.1493164958555216,-0.16711324935745367
327,0.08863581541435718,0.18624293059009997,-0.18078530876703305
328,0.037222585205827774,0.13804808889901163,-0.2391577546757554
329,0.020215128674668424,0.13774984213372396,-0.2555594201361023
330,-0.027198682024628718,0.12016067086332881,-0.25100425065034554
331,0.014390682284051557,0.13547037657196315,-0.25250889426813006
332,0.02660054758699753,0.13606608891344246,-0.2727481866148493
333,0.06749640428908404,0.16070247986109268,-0.30148117940981645
334,0.06554463374105449,0.1822636035598822,-0.3000018703971238
335,0.09552648479946088,0.18127454075087637,-0.33909973701247165
336,0.08759881092128945,0.13849703121966486,-0.31522731841103746
337,0.09811927364616024,0.11480116690534771,-0.2626739041010312
338,0.08932523789183268,0.10028883643917773,-0.1768365548124383
339,0.07856372471173302,0.06446617663558736,-0.15606613736791175
340,0.05057474244560963,0.05587502170584994,-0.1784800020804078
341,0.03809975931741479,0.05806856182167513,-0.17714238171778318
342,0.03800979416101924,0.09460238486747137,-0.17913537842180519
343,0.03828091257425934,0.08512445756334709,-0.18515286135943418
344,0.017262503770073025,0.06629376871407403,-0.21136308595061104
345,0.06203537707511044,0.07920916057951764,-0.26661598231056893
346,0.11048043547234455,0.10424947390242069,-0.30289094331802563
347,0.13604623547331887,0.09859892984171356,-0.321769588461576
348,0.11245326948169547,0.08094086230638524,-0.3145599898388107
349,0.09939081187650972,0.04025303660795985,-0.34536322570064915
350,0.11726939332010647,0.01940955049363036,-0.3665925790978662
351,0.0957114142886021,-0.03692726515500206,-0.4078646094831691
352,0.1360156435101465,-0.03249900062288826,-0.3409710109887237
353,0.13043151020962007,-0.14648768778484708,-0.3541465675542384
354,0.19204163815797642,-0.14309228144362474,-0.2980969482816405
355,0.20678497289907918,-0.15533529877152594,-0.2819458994307653
356,0.23487144423554873,-0.08241756532215377,-0.2317694984016738
357,0.19349879814387763,-0.059746368425465754,-0.18352597418079064
358,0.16602358517411783,-0.06519087152165803,-0.2045410759927281
359,0.16821864688376134,-0.022859262240003134,-0.1803104621221022
360,0.20168238915011547,-0.008718962352055173,-0.19155120257799285
361,0.21118184723940928,0.03099215460624516,-0.16132178720635001
362,0.21381586386680523,0.04946365537229106,-0.12799277967454953
363,0.21659253224015937,0.05251161092778954,-0.1097145867260116
364,0.19450706182701671,0.04042072550097246,-0.11624603936787947
365,0.15674425028787042,0.03136001994875872,-0.1564867436349706
366,0.1559763303977935,0.03024002340509598,-0.22310690207250103
367,0.1801172396620864,0.03334290560690532,-0.24301456567303886
368,0.2061490893975562,0.011591251378468307,-0.2326900231186083
369,0.17055937726013556,-0.03968851651687831,-0.20676784331117684
370,0.16024014489885618,-0.07843652933841086,-0.28771988978879237
371,0.18039117084652753,-0.0997073840601412,-0.3315398598060533
372,0.24081176431360346,-0.05982128846522939,-0.3820316972919124
373,0.27144217098396045,-0.028908177817434905,-0.320251613970897
374,0.27201356635606877,0.0068165359674963915,-0.24800639764106125
375,0.23133135806425345,0.0213891607929287,-0.1947623467302237
376,0.1590114232924914,-0.04006898436136305,-0.15153474970069622
377,0.14839922839359182,-0.11852065096365297,-0.19333638117139484
378,0.16162003363098404,-0.1940063349890836,-0.20851083922727345
379,0.1853443429189409,-0.13646545643944813,-0.20526847423638056
380,0.14867687100219257,-0.07580627551976077,-0.2211221603491015
381,0.17078181509427579,-0.03199165913586342,-0.1920576590229324
382,0.21417414016363645,-0.03906193410896372,-0.18021134648683995
383,0.2856132922438799,-0.03840030056388786,-0.12856857356436963
384,0.3028190359578414,-0.0072713971687123945,-0.10839295311728821
385,0.28786360105963027,0.017594526684281804,-0.08863912371659163
386,0.2989677633375405,0.048684555497946994,-0.06782005779788536
387,0.3075730056776326,0.05002541806646675,-0.07313709299020857
388,0.26147630813668765,0.06608223157038312,-0.05615589012289118
389,0.2159886630260739,0.07032771632711951,-0.0595004963603375
390,0.18445980628116582,0.08701383265999753,-0.06464131803830708
391,0.22037116820558,0.08821078490270481,-0.09945743910249796
392,0.22447966861863744,0.10795532269083916,-0.14227055725823032
393,0.2499456755727165,0.12233458155721165,-0.1218642753267776
394,0.24703520556311717,0.08719250979567322,-0.10250865608211336
395,0.282723838324755,0.06823465079678472,-0.049979630115896345
396,0.22972097757813106,0.0663754616671426,-0.020760217756277562
397,0.21140986689738023,0.08114459978986914,-0.03296514319958427
398,0.19821691860676097,0.07493417375165874,-0.06133269175324944
399,0.18406827724347394,0.05966662119138341,-0.08096295547440821
400,0.15377963345006385,0.09308693510755944,-0.09517813608426909
401,0.05196074770951626,0.12333346270232937,-0.09658445968552642
402,-0.009427112467992271,0.14479426615829902,-0.13443034386566388
403,-0.08042116606414242,0.16255022911184233,-0.18955730195529008
404,-0.045551702173282034,0.1683295861709243,-0.2291065423460209
405,0.006796993029615574,0.14991251127213745,-0.3457355809579575
406,0.07515476995596668,0.06912718247390501,-0.38108962053655154
407,0.0848695968640731,0.003989766835599575,-0.4069314285850691
408,0.10068582927770565,-0.015494582146683799,-0.26205561562623614
409,0.09186875055661436,0.01187651197285113,-0.17462045948847518
410,0.09566934549906232,0.03739831648797908,-0.13069638826480134
411,0.0780162742467038,0.03892612677370156,-0.1950836353338223
412,0.07601874313475951,0.06951384333243447,-0.19329171690478275
413,0.06126778369387182,0.08403454503630152,-0.15910397567917
414,0.04165050532602236,0.09150622432975587,-0.11703357435219489
415,0.04187564984606869,0.07136665037132267,-0.1059723648806586
416,0.0065592998182261155,0.05099509961828255,-0.09811901634635124
417,0.024618150642547736,0.045291464691797456,-0.09603071145832491
418,0.0004549476177811833,0.017383226297296713,-0.1451179024000478
419,0.014425062712628719,0.015392279598998904,-0.15694990506493497
420,-0.03562055011727962,-0.06538874321357434,-0.16012895657123985
421,-0.060228030543869555,-0.08956292107549432,-0.11738240773921553
422,-0.07336224690455773,-0.14506313203298907,-0.094978923744857
423,-0.05736265297423475,-0.0912625771180832,-0.13658956606287828
424,-0.04072376287128524,-0.03318979149801257,-0.27642855989762344
425,-0.02137191027587933,0.0640631087844922,-0.4409076007454409
426,-0.0412410116122584,0.09396183173537055,-0.5608979613114986
427,-0.03849652789508117,0.06211079260253662,-0.4347885654095894
428,-0.04672665061995636,0.019666974352552054,-0.2989362330400282
429,-0.07748305080266012,0.008639260632910681,-0.19317299517974312
430,-0.1333448769710163,0.04572496287268781,-0.2531863657359402
431,-0.19514588429392213,0.07150463325634075,-0.3319007008662663
432,-0.13136479881428387,0.06158945920599879,-0.23603568968522395
433,-0.054937057541797375,0.05020079991030915,-0.13454621742052428
434,0.02717858204733937,0.02272901307479212,-0.012729190734216514
435,0.03257202924377392,0.026709217777552634,-0.01533795077202501
436,0.03202865799233173,-0.004207624885416775,-0.04487528399157556
437,0.012230190000336675,-0.014365239436943105,-0.06530534544353128
438,0.0002468143615375852,-0.007005001651131817,-0.08106990791209288
439,-0.04029979063310293,0.019212365138376278,-0.07823138445194662
440,-0.06216692955757043,0.063329763733393,-0.10665060404907156
441,-0.06634846130384661,0.07162755439460848,-0.10935926938161271
442,-0.05077721398315022,0.049524621955880394,-0.13678567008534798
443,-0.053687591260989556,0.015420700394229386,-0.14873130774750362
444,-0.15145743804656855,0.002354100761334665,-0.20750421621879994
445,-0.23234984249690238,0.01734824754524976,-0.23865488429617795
446,-0.34534941299818056,0.030709017845598714,-0.3260374163557301
447,-0.35462270530389617,-0.0027161659565182903,-0.3669305296953936
448,-0.269792616864263,-0.03887294768950417,-0.28270678345525835
449,-0.1782343420334672,-0.08758052400411624,-0.19129167298348734
450,-0.10231250197449886,-0.08505870170630223,-0.0934113534635565
451,-0.08367538230529223,-0.05359028025429439,-0.09858979196335127
452,-0.046879654729071955,-0.005063485247103171,-0.07650991460072261
453,-0.028387187212647286,0.04142183888037991,-0.09253124392420706
454,-0.05648282492028739,0.0512320038120978,-0.12428992031577517
455,-0.06398745559500914,0.055948858655809265,-0.150065258255665
456,-0.05389425056070203,0.0713012657028323,-0.1126441285141715
457,-0.05113259226620857,0.08947406193804264,-0.09151534261701973
458,-0.019707864950046977,0.09096583427311894,-0.05975156834173231
459,-0.03308088688855838,0.08901144289230667,-0.07306270653059463
460,-0.020908225633117672,0.0682878437901008,-0.07055742379466183
461,-0.06380964536802321,0.06428948774485184,-0.06022662434410661
462,-0.048737227659346766,0.04125494102911354,-0.05298164163256318
463,-0.03926694863654283,0.03947852787992084,-0.03705012035570513
464,0.007555041566857335,0.051009178512402595,-0.020304570853872363
465,0.01895375766678859,0.06116701446512658,-0.008002734545291497
466,0.034879338310065046,0.06085377699441716,-0.005320615357411849
467,0.044028236873675894,0.052124060508767445,-0.03695269018261905
468,-0.013603061631527854,0.08029932518739827,-0.11722580598882883
469,-0.061877262883637686,0.07666590820788853,-0.15553640210585026
470,-0.11433945734086777,0.11215029478348533,-0.21006656661818368
471,-0.12353136842821798,0.11264190021698983,-0.195321978638568
472,-0.11421760261104036,0.11135556901581331,-0.17336234312099885
473,-0.10343399776642859,0.08837323539125157,-0.11303144936654587
474,-0.05174102448694556,0.07119682322231441,-0.06949191228061614
475,-0.033174682972748414,0.09401745793607204,-0.08406348325426735
476,-0.027911005809275552,0.07993240890937783,-0.08809720836177484
477,-0.06326306650051276,0.11730939453188802,-0.15393077900931318
478,-0.09942224807710381,0.11375274978418948,-0.16239745747306397
479,-0.09518765332922433,0.12916856939869126,-0.18607032123907588
480,-0.08059734773922006,0.04614610218162071,-0.1449145740143604
481,-0.048611730035221075,0.041026817357459285,-0.17110326578298088
482,-0.0712181986642809,0.020469991510839752,-0.1554851935543415
483,-0.08072098552518585,0.05654176268055453,-0.17386595843932792
484,-0.11690758293498468,0.07111270407593752,-0.15609170409602555
485,-0.14481542321761165,0.07042074982923563,-0.19755203939208588
486,-0.20314176250095758,0.08075358982943212,-0.2534699258996671
487,-0.19246850028364842,0.0676446994052137,-0.24949695723264614
488,-0.17493036541733914,0.1293245412424923,-0.2830110244225747
489,-0.16601997021911633,0.17997598146245955,-0.2746715123593102
490,-0.20174518111576947,0.23779282009239808,-0.33018828447416004
491,-0.23557480496922825,0.22226720252899929,-0.3389452301532493
492,-0.16905945034493872,0.21141453158466078,-0.3231681337282639
493,-0.15245241200582324,0.1855265901994888,-0.3293746363350604
494,-0.1120215304177281,0.14927249738087608,-0.3018457452457641
495,-0.15066147715227793,0.11647834857346162,-0.3424209261721005
496,-0.10990025047813413,0.09681486768268245,-0.26988190333831075
497,-0.0909943541656994,0.09903970616002311,-0.23551342837272463
498,-0.04135100807469181,0.10015267222109629,-0.13372576459259744
499,-0.037420468608453716,0.10612654992123959,-0.13935120693332725
500,-0.045195622567857606,0.10225970768248568,-0.1250686939401632
501,-0.030763681842618882,0.0612408162905748,-0.10283028191832559
502,-0.028559769744847963,0.039373095257954974,-0.08325870059218603
503,0.0008575086049453746,0.022926911535874974,-0.05663735564576279
504,-0.013813933475280411,-0.017257666995043688,-0.08186420075334774
505,-0.04312037685724037,-0.05221539528065465,-0.09805886593019458
506,-0.07881617274033238,-0.09648090697273813,-0.08499485306668167
507,-0.0965112011384315,-0.06483670898390574,-0.09850108695669264
508,0.0001289915347906153,0.003921136867696761,-0.16441831379054964
509,0.07203361412357744,0.1018992533013398,-0.2721843046533596
510,0.11620760932805867,0.1669787635785411,-0.32450263534226326
511,0.036132724609493454,0.11300791036571099,-0.26778890161316504
512,-0.019128705060411384,0.05803698698658202,-0.22327818180612094
513,-0.03269222729850274,0.04155924041183209,-0.1850777431719429
514,-0.02231646163571457,0.0447418388503111,-0.16758622924979674
515,-0.03066887548956377,0.011234729868703419,-0.12427513414567684
516,-0.0480225363567167,-0.022661356895107388,-0.08488093831802304
517,-0.04184004831217015,-0.03242765520100119,-0.07604256566928834
518,-0.028819829819860768,-0.03161069703346421,-0.062432885650837266
519,-0.019008004158359248,-0.025339182409899477,-0.059710238300358084
520,-0.019549994412829032,-0.029938475886430522,-0.05310496346079603
521,-0.008559744566779623,-0.022149233157560518,-0.04444866169557442
522,-0.03249472481624721,-0.07198938177420246,-0.03489812212263481
523,-0.03381810963051041,-0.06988662742358302,-0.0181356954185896
524,-0.031173232966534403,-0.06568430892259891,-0.011898035459022183
525,-0.004372962957214938,-0.019901124175252055,-0.015280134922182104
526,-0.015474094643927834,-0.04037756366434252,-0.03057485305937685
527,-0.07065747191534173,-0.11742724132307539,-0.04133083288395204
528,-0.05772499847661725,-0.1041385662671634,-0.05795369415255584
529,-0.0538075293650529,-0.09268037704072932,-0.0605253428733326
530,-0.021488051514208493,-0.04384181695082484,-0.08323101044568146
531,-0.04132708073612031,-0.06042158449826852,-0.07981437024802823
532,-0.08944587749230355,-0.05724973545380599,-0.17108169921106442
533,-0.11079985768479887,-0.11014041946397454,-0.23727096149475171
534,-0.12821967087973482,-0.14375451418708465,-0.29689080025153997
535,-0.07473465750886643,-0.13024031143427844,-0.25953333941031903
536,-0.046344381739747864,-0.07264838134243165,-0.24129031006163568
537,-0.029474369000563258,-0.02817902068315116,-0.25394626555201655
538,-0.041957634912371256,-0.09086981220012195,-0.2960250070429434
539,-0.05077835077986443,-0.13145977270846607,-0.3753923464521509
540,-0.016864823420838435,-0.13462347492948795,-0.3262540365909708
541,0.012474175871256519,-0.1215238214174191,-0.26562681422493006
542,0.059311541642684144,-0.08358609480018576,-0.16105532319931443
543,0.07182617151421673,-0.08598054939112362,-0.175819161712839
544,0.08635103335731449,-0.032664984553104265,-0.17713317936184977
545,0.07473409281476874,-0.004513898866349919,-0.1912386138947886
546,0.0842046187321417,-0.013515669568566948,-0.19041771890486034
547,0.09362157315729049,-0.06906242824908891,-0.20269394488533368
548,0.12206663421244536,-0.15119959570855565,-0.21517707827223767
549,0.13475193076115075,-0.20756047832268992,-0.24072935705394433
550,0.14568414527080367,-0.175073389437145,-0.22183945453731962
551,0.17777517889203143,-0.09458196901048492,-0.15344147593526014
552,0.2147668260472277,0.003665633965191559,-0.13914184951147088
553,0.22342655676784876,0.03300123042749731,-0.1465989476369573
554,0.23327044970787497,0.04447672054934108,-0.17540417473677428
555,0.20332339860296822,0.009094824913090166,-0.1137215601883701
556,0.1978241407417085,-0.0029743776122231344,-0.07449317038540054
557,0.15267400899300052,-0.024108315740348392,-0.02281173801676543
558,0.1422080707616201,-0.038110579294077844,-0.09417738619800033
559,0.17421639505888195,-0.05876069944261304,-0.16824431233752565
560,0.24514145083093825,-0.06439557902735683,-0.26539711784242087
561,0.31004065067064945,-0.047336419218929136,-0.2511553261520485
562,0.3720569791846933,-0.039459785995155386,-0.18307416918219466
563,0.3754177782027681,-0.012158410996282775,-0.08438079325588962
564,0.31727496553005446,0.03980391931227823,-0.016316070185958258
565,0.28978374258551015,0.08789607865902718,-0.03012629408759828
566,0.2713145180945852,0.11684823013893092,-0.04015544799998799
567,0.2969135230492069,0.09110699891172097,-0.04493176177905508
568,0.2607591292136942,0.09240154527434415,-0.04194331068070313
569,0.20461046870295158,0.03935518101805424,-0.02519489236358783
570,0.2095703609192558,0.04031782799611475,-0.011496321238315
571,0.20191455527290883,0.055932451206986075,0.021407437502222047
572,0.24546823396511275,0.11353746118388118,0.018978239320956224
573,0.3004521897767633,0.16641738544194074,-0.09970968277079949
574,0.35822238578626964,0.15190353708454463,-0.20334023676063723
575,0.38303096418612376,0.13361405826622746,-0.31402679757270147
576,0.32830463211711386,0.11892032292574685,-0.23451833767845343
577,0.18857246969322364,0.10707572369428964,-0.12202171771260846
578,0.05105498465414891,0.0850279546766147,-0.1019138358546733
579,-0.0666050486973506,0.05352490338493923,-0.1365078333328991
580,-0.034798701963929354,0.035806930489387906,-0.2621808833721147
581,0.007642893679970864,0.042929141253535946,-0.32894445741629647
582,0.06903458762354474,0.04153248096136236,-0.3946721826422344
583,0.04284990651529082,0.04346827969697345,-0.46744087528404776
584,0.035624251908326764,0.02409215997553783,-0.42117458379500095
585,0.0509683172341527,0.0369224962077026,-0.39565832503891735
586,0.11321103807071406,0.08971103990513131,-0.3784265212808615
587,0.18446415457664508,0.08003462825937703,-0.41072079642675025
588,0.15670236898196768,0.12058061679179656,-0.39995333277740935
589,0.11795570116398689,0.1471433815264302,-0.338346571404463
590,0.04384968430572423,0.18859815203230312,-0.27436664353050205
591,0.060493988123094415,0.13967651475735962,-0.28497382289447903
592,0.07618027405003763,0.11003092235028829,-0.2398704669233399
593,0.11346168017299116,0.09433375976673034,-0.16477114888141273
594,0.11910620148288181,0.10758857332632261,-0.10637355750511317
595,0.10215356847817773,0.10628225806429664,-0.1202712724966099
596,0.07423907611289039,0.09845712006843599,-0.1448414427348319
597,0.07167098112738926,0.0799995531939255,-0.18871635748898952
598,0.06722832215897871,0.07053122388640667,-0.19311018419962578
599,0.07486070875343784,0.07493783271167817,-0.21169270303601212
600,0.10593029554184086,0.05801482090444628,-0.1869345891924989
601,0.15798074538072962,0.05338513256665978,-0.2048034328803243
602,0.20024527488283803,0.0509569118798079,-0.22130143676164707
603,0.2207982234763971,0.07253338182187742,-0.24075116939246308
604,0.19446528243790406,0.09217966077240422,-0.2500094386035873
605,0.18535719649524543,0.11369144114248053,-0.28385720497208505
606,0.14913175354492078,0.10375571208392598,-0.31106017237459294
607,0.10886741429753716,0.09021124407538544,-0.2864584255774989
608,0.07234009395868374,0.0629884755922682,-0.2616678051587499
609,0.030860599327058466,0.04942271888918573,-0.2595989694095955
610,0.08677967183151183,0.052350528409510114,-0.3038131163019936
611,0.16503416410674634,0.06968980310371993,-0.30747491846215347
612,0.23728180316397077,0.08884114817789754,-0.2859602707009347
613,0.2302125689350788,0.06923448311369007,-0.24029821901264953
614,0.1533714964357775,0.02710957398037612,-0.2128576057200378
615,0.17742253873252076,0.011694416448518563,-0.1781186749676674
616,0.1615161501810748,0.02153344699845823,-0.14537148853394904
617,0.17817932824785948,0.059623342260602445,-0.15520552025733492
618,0.10341505621975933,0.10373734173785358,-0.17874479600601312
619,0.09749554115236331,0.1250352686345431,-0.27642559259037325
620,0.14136656156876645,0.15232699375686592,-0.2456822485500275
621,0.19035399124265936,0.11817634734240245,-0.2996748659538852
622,0.2200973104472592,0.09608794661214555,-0.275575197424687
623,0.17909926729973974,0.08438259383926787,-0.2757920172227765
624,0.1743437570041292,0.1047613393408157,-0.2266972239140653
625,0.1759213334031712,0.10800437212751635,-0.2175722129123828
626,0.1633293321306607,0.09156976133635433,-0.25848462985708
627,0.15778123042827286,0.0757889114018196,-0.21622296814907163
628,0.1215703987723914,0.0836708160795149,-0.17052591313107562
629,0.1385425597061921,0.09120042369816463,-0.15554989915561654
630,0.12566982032381052,0.09492955486929404,-0.18533493026123624
631,0.1331383365627803,0.08212132164036755,-0.23004788540375604
632,0.09595745085226251,0.08907854159994466,-0.23020645572477105
633,0.049647735215506715,0.07794183027460888,-0.24158129178300178
634,0.0010511357070802688,0.07783363162251505,-0.25506954309217394
635,-0.028195403515349746,0.04631129417269496,-0.276118274557901
636,-0.027687989234471702,0.06805676431366232,-0.2464675427767216
637,0.015373026288406932,0.09540974643986314,-0.2059529499990732
638,0.05606404362578421,0.11511034362488606,-0.14508269277359181
639,0.0700043554585137,0.09944999038001355,-0.13055203196769213
640,0.04469470290016503,0.07926140323220608,-0.13435310086022764
641,0.0250543550226804,0.08370587115702667,-0.1471784024900737
642,0.0018339996919239366,0.07341977142098965,-0.1833558802452466
643,-0.013350386033181805,0.06314778109023485,-0.21231092905075433
644,0.007771644521558783,0.07268577046639701,-0.22270240311190997
645,0.009060867778758004,0.07109441425078489,-0.25291437675612416
646,0.023121933908574793,0.06701168036324473,-0.22919572641004712
647,0.016015391452192506,0.05874427412408212,-0.22481771098946712
648,0.056435798388742804,0.05676142614824431,-0.19234772413629686
649,0.06171468757557245,0.06194917452866326,-0.2200021165914081
650,0.0864153787434839,0.09030894727468834,-0.25725309234372584
651,0.09757911629356035,0.08124802619582121,-0.2713849705107693
652,0.11531841252799259,0.10143422757022326,-0.21344954157081225
653,0.07711843829560287,0.05866216326770436,-0.17462723813848902
654,0.052399254073418486,0.052567620720986544,-0.1397586040352579
655,0.038310985251423554,0.010274375807825472,-0.14173270481891154
656,0.04211432321841815,0.021410395396057647,-0.09737193957201688
657,0.03215146991764112,0.04379482267490465,-0.0928808671549722
658,0.024149960973390654,0.054809811052836235,-0.06858267361936914
659,0.02842530462121604,0.04663103614182472,-0.09769185648794734
660,0.015568788107680797,0.02781328627553836,-0.1337444760184542
661,0.034624960478061274,0.05215006135953922,-0.17900024488974342
662,0.035973266671167764,0.0714052746970887,-0.20225268025215204
663,0.031062534965345646,0.0784719747803225,-0.20445365097474907
664,-0.019173832941147478,0.05909930896078464,-0.15842672780276965
665,-0.005033128529438184,0.0611465086905536,-0.1327369951316052
666,-0.0006185555857079976,0.07250216031678806,-0.07216644875683675
667,0.04500463646949338,0.08751092227104446,-0.0867735721849512
668,0.009570191969419925,0.05709188682984903,-0.07121000836545492
669,0.020317102415053762,0.052132914474692614,-0.10435468451233698
670,0.021971184928107176,0.06014641107591439,-0.13710385122384625
671,0.047219076278196194,0.07877162698983091,-0.17642127633918878
672,0.033095245694820995,0.07372662257450713,-0.16413737200335898
673,-0.013597674237343213,0.037290783212268204,-0.11586528402598653
674,-0.03590519171907309,0.035213801713948,-0.08073311164976991
675,-0.06345911276956773,0.019199413699283813,-0.04834613618138871
676,-0.04224294264844585,0.026653413217933523,-0.07287279730931434
677,-0.05367428646838432,-0.005676969674931842,-0.04700749607701045
678,-0.075149404084963,-0.04104135999815549,-0.03514643261076603
679,-0.1142933388876023,-0.05404456925954846,0.029418610059480304
680,-0.13551120122013102,-0.07525114826787785,0.04256314141996329
681,-0.12363345675909658,-0.05778086858584559,0.05489639669681524
682,-0.11158422218511735,-0.05272113932743114,0.06459712370954486
683,-0.11254134700123958,-0.03489425010656051,0.08341276444056113
684,-0.09395730530262167,-0.05232066023903065,0.05750657606764489
685,-0.07329135662885243,-0.06375022903010406,0.02702642270796064
686,-0.06610441397484056,-0.0858742706235254,0.004797366029672706
687,-0.11371120910211421,-0.1400061046797617,0.0207270578903005
688,-0.13212611923810272,-0.16293337672574196,0.025416696350000316
689,-0.11302592447763748,-0.14527342429805526,0.001488653434861923
690,-0.08475313065127892,-0.09871430682914038,-0.02391055529079043
691,-0.060141496569901275,-0.07409652181766366,-0.042628229561165715
692,-0.059710321882996735,-0.07831519775578483,-0.03437758831192172
693,-0.06168193638777505,-0.09210879995437662,-0.0215047289358559
694,-0.07036088171676129,-0.10081645591129118,-0.016299988271711793
695,-0.12314005585221555,-0.1303905812252495,0.01020083238149994
696,-0.14598632025262967,-0.14094869845919003,-5.3521639781773205e-05
697,-0.1790222879170255,-0.1600914779371447,-0.005652063028221033
698,-0.1719418063978496,-0.1575794049277235,-0.015922963390193293
699,-0.15791149082000186,-0.1401491943378512,-0.012585094589866366
700,-0.1306005560726469,-0.09046012797728437,-0.027045266070567467
701,-0.12781348982088148,-0.05015671016561949,-0.08184450406881968
702,-0.14118095970640324,-0.026499909365414655,-0.11212078634128285
703,-0.1532249000574224,0.006229055986722712,-0.13753033077582488
704,-0.15022296507483285,0.027802078649042813,-0.1332614026271894
705,-0.1344872424996776,0.017044520029370062,-0.12166763965596314
706,-0.12691734104239175,-0.03199770365571604,-0.1298454469445459
707,-0.1279190909102919,-0.09446441999934133,-0.12196538458919699
708,-0.0761831856267795,-0.06496455306194616,-0.12001720494878049
709,-0.05955535073638392,-0.0632802246471086,-0.09985982829832407
710,-0.03783346431055982,-0.05191796112252111,-0.09602099454152989
711,-0.10274999953802856,-0.08643279009654664,-0.08801100142832116
712,-0.10927906800470437,-0.12260859589128255,-0.11537316276972955
713,-0.08666065409593919,-0.11162209002421179,-0.10049098299027716
714,-0.028564305602631433,-0.10716694366966673,-0.1316542820522209
715,0.005549993184301489,-0.052559526851773876,-0.09610165811891697
716,-0.006575088727455167,-0.03785917428455141,-0.13878308037685694
717,-0.020101671794713765,-0.014250014100498025,-0.14273671068883526
718,-0.04169500472233288,-0.011484058444338374,-0.18922011693396734
719,-0.054671864364962006,-0.060306341453464994,-0.16411765825092195
720,-0.05282644237843651,-0.09436229435978086,-0.1558647767692327
721,-0.049892151559641135,-0.13074584487999416,-0.12591391300224616
722,-0.04947693685526797,-0.11576520143960585,-0.13535675355077456
723,-0.06165390681620747,-0.11227083653111385,-0.12427609030966293
724,-0.07545105747808065,-0.10188234545794998,-0.13177827406225298
725,-0.05742080998193739,-0.10746605258344237,-0.13473621439098887
726,-0.04466469740966105,-0.10342697406449113,-0.15623117280588344
727,-0.02969753319253251,-0.1284993587406367,-0.1748450374677308
728,-0.028007452281179256,-0.14718437015649138,-0.18772503157141307
729,-0.02659130502053512,-0.19877103763844112,-0.18332894308334
730,0.0655400919688536,-0.08432133588486328,-0.1615713950860735
731,0.11782428179368767,-0.02290443660257374,-0.17033539147634513
732,0.21415520337563695,0.11176835246181088,-0.16302384153603725
733,0.20443251392976977,0.09746816682631729,-0.13392457130549174
734,0.22381305421513847,0.15412191027801428,-0.05349643534923209
735,0.19218944565485588,0.1421218341857543,-0.005517460589556161
736,0.19060886708020283,0.1095481357112127,-0.09286262909542917
737,0.20431542379711443,0.06165581663970914,-0.20637532955785842
738,0.2423070865384231,0.0648697890802767,-0.19528442828942516
739,0.2968595046244671,0.04786398837434355,-0.12516881120000226
740,0.3169058136803619,0.03883167641496486,-0.07449925418321561
741,0.3540198396526594,-0.03536207109952592,-0.18488001098869444
742,0.3732948185455532,-0.012047858361437413,-0.2081355905849102
743,0.3941202313306418,0.05596415803602482,-0.16721781048036521
744,0.367819948222406,0.1689488142867828,-0.06760010832667744
745,0.36191952566915264,0.28284200183570885,-0.01701660450703317
746,0.39679524813230704,0.25789787487587523,-0.11462006404409765
747,0.3691101177730386,0.20328236673086236,-0.17912796214363946
748,0.33627924234896317,0.08569474725774366,-0.23113352585861252
749,0.28381706088433023,0.06157116765351586,-0.2020095776924371
750,0.2871083973809165,0.03093626549419349,-0.2029314898026175
751,0.2733894519087137,0.045004990975666584,-0.2312941510529048
752,0.2551162514678195,0.062102670621755555,-0.20435857454962733
753,0.2396786005304667,0.14219508998827254,-0.16429341919609836
754,0.2483407442111176,0.21511601531859678,-0.07673056558751727
755,0.30834234213259276,0.29125645255256266,-0.0814145396114968
756,0.347620306452246,0.2364479626109334,-0.14362419754407743
757,0.36292922185021503,0.1409350122136869,-0.23102263439417492
758,0.3190874923652163,0.02288887079877139,-0.23085014484811398
759,0.30243823047665624,-0.008901452250949926,-0.21926763900425292
760,0.2759871965630152,0.0017247395695407875,-0.17694179957664238
761,0.2758796743209343,0.02616924253871369,-0.18108822544730271
762,0.34583882164032337,0.11855418546426741,-0.15329171584320603
763,0.2822251718648441,0.14604863125616596,-0.07093545542513169
764,0.19573520268717376,0.1515398340594646,0.03363958960486453
765,0.04746626055983765,0.0912630127763054,0.11602440199084044
766,0.07621686036395163,0.08382454288302854,0.10296894858753558
767,0.1545365779183757,0.14663331142105973,0.07525333437563432
768,0.11489091959225631,-0.012375285367814102,0.05200864515079024
769,0.05549134054763176,-0.12315313287799098,0.0765750801313091
770,-0.04096677343227478,-0.31660208347083885,0.07235518778246006
771,-0.06398687776275014,-0.2874970930065395,0.050626001864464656
772,-0.05419720911633986,-0.21932993054445615,0.06934178268497221
773,-0.03110058307200854,-0.13043520372859402,0.08962125426485447
774,0.06082114061199185,-0.02871436759964131,0.13740952541542345
775,0.13750555836308637,0.06759805816962658,0.10793314826241909
776,0.2041558952230316,0.12914190381558852,0.07414945685753874
777,0.22001137048753666,0.1350055121914751,0.010562723588513387
778,0.21702556277529922,0.11571321305507626,-0.01846843562112416
779,0.18617845326185992,0.11152855157836986,-0.042321840456263644
780,0.19193864196001184,0.18446348507331042,0.007374783403525673
781,0.1927804136234423,0.18978564993531039,0.010148163452129658
782,0.236025722594888,0.23757876637242117,0.007566766750838426
783,0.2271644804453212,0.20227615067494095,-0.0450829151098061
784,0.22419873001679258,0.21177539653934319,-0.028674637048803835
785,0.24813623388287498,0.20972312911574242,-0.023209886712157984
786,0.2750496366337767,0.27673070385923054,0.025581862637023542
787,0.3275358761976552,0.3371853514782792,0.004539892374862178
788,0.3048955221153814,0.35098757405711956,0.05553602385960089
789,0.26616384982018065,0.3054521991871585,0.07304028922815213
790,0.20904833097678996,0.223158234128387,0.06575089114673904
791,0.18706229908894914,0.19114649127761074,0.0326465999100142
792,0.20288846816178327,0.2095415148140034,0.07377653189506268
793,0.18633956236941976,0.25480160309519373,0.15231831687763467
794,0.18915648125766557,0.25157729944450136,0.1933774834232789
795,0.17617261363624662,0.2016078344692647,0.1437845299807861
796,0.15109399074532223,0.16625739708204554,0.09762673961883313
797,0.12180873259593039,0.13289924377594628,0.04982955759324718
798,0.11845224469556491,0.12743238568041163,0.02692559817724624
799,0.13905732852035907,0.06369516428099661,-0.02076069489624349
800,0.15563605498129138,0.06102118688979647,-0.03725653358977435
801,0.18630809867493123,0.10176503880527839,-0.018349543840165704
802,0.17807318999471444,0.15981661881899045,0.021668520314576493
803,0.18254156841175387,0.14988785073271824,0.02762333958072505
804,0.176755823736085,0.1580818239756852,0.04346064447075379
805,0.20483304027524665,0.1430343587555373,0.01528939204981608
806,0.23428295662897225,0.26415904421175396,0.03668117353002295
807,0.2519641444171922,0.3011922495584374,0.004855970677694416
808,0.25080022506911626,0.33619373344201703,-0.011597108568096433
809,0.2558547396476417,0.28839189226344436,-0.004243659672530594
810,0.2446117686090154,0.2893204790955275,0.03361016137275038
811,0.25389720322877085,0.2417912337096063,0.08290413377622342
812,0.23163906121740319,0.18044967838983003,0.06170172577589308
813,0.24489215766591854,0.07195148781427751,0.005814470642823328
814,0.24093394932966206,-0.011628013695797813,-0.05425582474975587
815,0.23338300978555002,-0.06251637484756364,-0.015448148554070198
816,0.2440467123386173,-0.046569991014282865,0.029422447582715613
817,0.24630987924443912,-0.02104770927344857,0.056041459096404574
818,0.22933342347078362,-0.08831026631342688,0.010722692335072935
819,0.172885342438184,-0.285036028298052,-0.1323797236412346
820,0.15065511200329804,-0.4893869888123376,-0.3175470378017389
821,0.1703599947455676,-0.6495915634610577,-0.5493926042679638
822,0.1804227118320277,-0.7844239133313093,-0.7686258647257177
823,0.18092517126115773,-0.9425765506532567,-0.8924932928025443
824,0.15682077033851358,-1.0170379654640167,-0.9242115746867557
825,0.16888501024600414,-0.9448795857923667,-0.8710350542996916
826,0.17962556474431954,-0.9083203569212223,-0.8467286643069746
827,0.1942542953922112,-0.8226137800685971,-0.8055313977943123
828,0.22636671324839255,-0.7444553155453861,-0.7234215834662463
829,0.24130956507176812,-0.6190912035331589,-0.6462117923395542
830,0.2661603393499561,-0.6154809569718179,-0.6175184383912747
831,0.24023781229738034,-0.6944997227056693,-0.6418188966138815
832,0.2251908956068851,-0.7134802452069219,-0.5461377847604163
833,0.20171904654468084,-0.7439963019805792,-0.5225028945116681
834,0.19048502669767514,-0.7464376446008122,-0.45925022162205614
835,0.19668931251468588,-0.7848004190789672,-0.5762788062306758
836,0.14591539314862365,-0.830377246820289,-0.6157955735100656
837,0.08327504506406398,-0.8460291713129313,-0.657591572776428
838,-0.002914471480798585,-0.8884299728209916,-0.5893844634143378
839,-0.06664641584479024,-0.775556608149739,-0.412756360170674
840,-0.011383902508156487,-0.599935367425102,-0.3107869413958686
841,0.024601170916162127,-0.444465665778581,-0.2758259673954567
842,0.16401763601469627,-0.29781204225003505,-0.3691457290299716
843,0.1735115398719342,-0.294131984036523,-0.4213000233560736
844,0.1977927107376273,-0.2168849433804676,-0.3982804387834877
845,0.12879108324875746,-0.30568459651439706,-0.4493120948101022
846,0.10530291665006411,-0.3490376110598162,-0.41297287887197226
847,0.07667120777036492,-0.38005864454166616,-0.4354653171489235
848,0.13392780783810457,-0.3054109619725068,-0.34442289157614686
849,0.1935324019722737,-0.1952390308758616,-0.31212871768283046
850,0.25259993558942573,-0.125682562280368,-0.23507506189849947
851,0.2670004435397679,-0.11207497568287286,-0.20988093696990606
852,0.2660683987294373,-0.11588977362408376,-0.20939503739389062
853,0.24326100527981714,-0.13621369502109226,-0.22918484682069495
854,0.23412452825957097,-0.13248401578638197,-0.23377622810837947
855,0.2306444355253614,-0.10304045605475039,-0.21953177099344415
856,0.2426354361245426,-0.056074736315477915,-0.17031018219209398
857,0.20148273132964412,-0.03681863883656213,-0.15085070317838037
858,0.17102405746809346,-0.06172083036016888,-0.1382275161566744
859,0.08517770818919536,-0.13659519529453673,-0.13450457396847953
860,0.07079000391598589,-0.14717162980971066,-0.11850727874959222
861,0.014129318360102528,-0.15286057841809,-0.07227100387439829
862,0.039020817907450045,-0.1085331087707005,-0.06456627071579121
863,0.02582165259485251,-0.09738072369382586,-0.04818574784947018
864,0.00894464860294551,-0.10938178290060864,-0.06623179889351015
865,-0.013492437310931388,-0.10935435595540138,-0.10052156414421054
866,-0.035667896371915225,-0.12931690338540391,-0.11546790768434968
867,0.020277631170538706,-0.1100156184810653,-0.17312860971248734
868,0.019608562455692206,-0.11953312878087394,-0.17915705068968538
869,0.01835953498961171,-0.1301095687710123,-0.18764779241964913
870,-0.04260553103978823,-0.1655147320205806,-0.13798477307119944
871,-0.06362881983873454,-0.19595577030201036,-0.12298957041955215
872,-0.06530528433165259,-0.2064957359737697,-0.10634943075706978
873,-0.05811087693434915,-0.2170543484354118,-0.08506832234446043
874,-0.031568151773624896,-0.20572101625148317,-0.07186780350344094
875,-0.03333582461527441,-0.2037250507456203,-0.0934092629075882
876,-0.012990218190728401,-0.17667841089843492,-0.1378156340921576
877,-0.013986292784145891,-0.19532035032434658,-0.17903631914481213
878,-0.024124103083408954,-0.2135679096216338,-0.18940326631792145
879,-0.05008602998762568,-0.2704881528203062,-0.20219671916295506
880,-0.040092032583906145,-0.21110131823852904,-0.172040268383638
881,-0.0266105762382356,-0.16130220747943458,-0.15322539789040157
882,-0.018318271261296534,-0.10546823288828472,-0.10370477950756536
883,-0.03138157232536235,-0.15618349126244213,-0.11354642825834424
884,-0.020216847332048295,-0.15593704677155706,-0.11351978518530133
885,-0.006296134439894104,-0.1218310889502505,-0.1211460402380496
886,-0.0035598339128956064,-0.07257898708173491,-0.10932153154679482
887,0.0004136943274681745,-0.06184421644135285,-0.12044680884303251
888,0.014206813439055473,-0.07069968036978089,-0.11331052416109161
889,0.028134451304609925,-0.06051397955008571,-0.09917823283342424
890,0.0359613116562881,-0.04704314897090152,-0.09994796200524576
891,0.049883253885299794,-0.02066232711411761,-0.14026526746542123
892,0.01398693670542041,0.06485619410768852,-0.21967516689938787
893,-0.00989933083132991,0.098929707601293,-0.247854609656752
894,0.00511438637139331,0.18352153873550223,-0.3178379679131449
895,0.05911711916420071,0.1322073864959883,-0.3074028325635374
896,0.06313769613626209,0.10245550923957905,-0.28997725865430524
897,0.007170729225116688,-0.02397716471827088,-0.1951473394704719
898,-0.07625502685467216,-0.052163274373858905,-0.17289047825729537
899,-0.12802267639850826,-0.05153472153389505,-0.16072427939226705
900,-0.12525290493457433,-0.04014019409814246,-0.11098847810849881
901,-0.1183369238869756,-0.10042461503350861,-0.01872674979252138
902,-0.12286302808877808,-0.1448468718482179,0.06139249958970006
903,-0.12534188635340543,-0.1478802893960052,0.061657340033331495
904,-0.14620609694635314,-0.1577667760922438,0.061561024222526406
905,-0.1723118500899175,-0.1698277653642858,0.047708514150358455
906,-0.20139269126849701,-0.15386962750695063,0.033279135440868204
907,-0.1975036188358338,-0.12629616689260648,0.053747349033965566
908,-0.1530558763348688,-0.08183960441491059,0.03470209036273403
909,-0.14085416282016375,-0.05388318528646565,-0.07279612594052845
910,-0.2106058071383703,-0.06728686783056012,-0.12491213449427802
911,-0.30993648243337746,-0.11782645684364502,-0.11823248923932177
912,-0.32822352038620173,-0.14463234111711962,0.024580604027268176
913,-0.356490541503467,-0.20949355764454863,0.01137577153718832
914,-0.37658776686292034,-0.26520318149820193,0.0142989100946851
915,-0.4501190834434112,-0.38985425545995966,0.025460665182224274
916,-0.4828512045894557,-0.4158678739531142,0.10792138179327096
917,-0.48486082784592244,-0.3664403478481042,0.08027413848817615
918,-0.4389573474923504,-0.33826206660658226,0.020748294290574426
919,-0.34914120258884596,-0.3466318770472116,-0.047542403849244144
920,-0.26215074565819835,-0.36019076292189056,-0.025624387320539333
921,-0.20383733849956767,-0.2829181439594293,-0.032362174345770954
922,-0.1740776893739409,-0.2297662462913734,-0.0023271027092270414
923,-0.19223741488557505,-0.23704478650279698,0.025312227897075518
924,-0.1778800797938721,-0.24463295175680946,0.009756149220858847
925,-0.11815441542674322,-0.20321652755192654,-0.014395790701109235
926,-0.07796341434950788,-0.16847999344580833,-0.033499640728187154
927,-0.07853986935554175,-0.19318878794223462,-0.03283683476327829
928,-0.10209654727492364,-0.21216295390002576,-0.026878674159900712
929,-0.12591966083769085,-0.2529420752316075,-0.03118387640240568
930,-0.1641266417496403,-0.3256875121289379,-0.055433596856760026
931,-0.18600583904137757,-0.3597968642203798,-0.054627583459805305
932,-0.15721436820539408,-0.32110577723274436,-0.049424705043669415
933,-0.10084206750648428,-0.20999690644907867,-0.02344419304594318
934,-0.0674371409799734,-0.16389773588449838,-0.011573479105664137
935,-0.05965159926546151,-0.15974115274955974,-0.026986705495565224
936,-0.09578110504421078,-0.17207194474748816,-0.002165708877917078
937,-0.10960757275956753,-0.1801219809375976,-0.01637342755137428
938,-0.12679039692934976,-0.1928884995446568,-0.004268573321090613
939,-0.1101191565153341,-0.19331568718774117,-0.017101323749028983
940,-0.08755592167049893,-0.15078093972258777,-0.0036404626031420755
941,-0.07225155888733946,-0.11266046822929186,0.0006565343778546826
942,-0.05928186620090341,-0.07482218705747168,0.00899285653719537
943,-0.07665749826944838,-0.09615838791246872,0.012669044987497876
944,-0.09807668248449156,-0.12451052852416379,0.010071196642430622
945,-0.12744608165745697,-0.16638225006109936,-0.0037899178019522185
946,-0.16230071080266634,-0.18250667288383998,0.019346338927593486
947,-0.21345691094387867,-0.1962019200554475,0.07427355070315374
948,-0.26907531965740306,-0.22398229499275515,0.1514429259736547
949,-0.36449994775194344,-0.30515991168788076,0.18788405255767862
950,-0.4244184928576558,-0.35197056692154655,0.20789710545467086
951,-0.47056992343113185,-0.35239791917973307,0.22503474372459664
952,-0.4568274062391206,-0.27933288656957384,0.2958763259742828
953,-0.4364238782962191,-0.2359810016299807,0.32398042428879453
954,-0.41484478093217697,-0.21659137049634514,0.31860720294205147
955,-0.37840238382664354,-0.1919771925810136,0.2973135513227568
956,-0.38774178080623567,-0.1700867586558912,0.32510712374315215
957,-0.34119876995767395,-0.16805410335221133,0.2766817827794326
958,-0.3132955685806434,-0.2039770746787089,0.19493305316333365
959,-0.25530710379490607,-0.22399841368460807,0.10857070434244422
960,-0.19091274817037027,-0.1863353251749254,0.06362650825784023
961,-0.13830633556829688,-0.14926965041272788,0.04473088484896676
962,-0.07049862959007941,-0.08381834338672443,0.029203526492657974
963,-0.07506990080932968,-0.0874774318701431,0.03713119070180454
964,-0.04408012544245564,-0.04858215795950595,0.02929721845269545
965,-0.018543949670680224,-0.014238407618036093,0.030406534195760615
966,0.0006027555031217354,0.009858232245625098,0.02589707613286843
967,-0.007044795758595016,0.010024199402347613,0.06010354820863883
968,-0.0146493338420812,0.007293878416422114,0.08573772170572232
969,-0.0022829290039305013,0.025012557663709623,0.09109599833281305
970,-0.024172140764136436,-0.006353220763248976,0.0707242221466602
971,-0.032061150539880554,-0.0238213982579215,0.04758117524031202
972,-0.04775422636318539,-0.04880919293617592,0.03486354987263691
973,-0.036131180358042234,-0.03727435184630339,0.036814380538729555
974,-0.02470519452375327,-0.02498818240096125,0.028437465924775127
975,-0.017455700649114593,-0.019520199538993817,0.013396091969669944
976,-0.007745540513796082,-0.009966490702455052,0.0013973597992790103
977,-0.002451570258706096,-0.0046118801879633554,-0.004696382898887088
978,-0.004407093878254784,-0.004725252535439091,0.004251248358051997
979,-0.01288047990794214,-0.015151059294096176,0.006362812706166326
980,-0.023542606114657087,-0.027568127754809248,0.00670823622062647
981,-0.02811101280959351,-0.03685366970422643,0.0014339001833642631
982,-0.041915359127757006,-0.03925936942499499,0.014851170929783344
983,-0.03971752294875567,-0.03779426193633102,0.014963570649264684
984,-0.06650626428127779,-0.0070078799503604265,0.06689808454686524
985,-0.08384647607106208,0.0030141268738821236,0.10493683737455377
986,-0.0991607485656997,0.01816368070460971,0.13854237412761602
987,-0.10167658405343848,-0.022566728739047644,0.1125673058319764
988,-0.10574396508427089,-0.05286712157528371,0.09042699876988036
989,-0.11371181057243053,-0.07642764976759359,0.07893579706163059
990,-0.11898660275905454,-0.07246337136409631,0.09058968594253469
991,-0.1151516745786046,-0.06971057359166265,0.08330871189366691
992,-0.07715751463079468,-0.039624078476006214,0.07404716956616739
993,-0.05368250806036838,-0.04227404008903987,0.04875375564972093
994,-0.02360462401154905,-0.016175072192939288,0.04857049717287527
995,-0.0240603271287138,-0.009793048309227169,0.06689262245057058
996,0.001471464215388212,0.030827598505833633,0.09088643001145973
997,0.04730726071620504,0.07215719401504334,0.09140335798029449
998,0.08104552683570024,0.10407886017774562,0.09732135632206804
999,0.10009260279652843,0.13524813404920014,0.11974375151610936
1000,0.0445893537113216,0.08003766523252247,0.1385817606716884
1001,-0.011017610149041932,0.0107598167558935,0.15021518370919681
1002,-0.05196930244197487,-0.052863512392167716,0.12506627949444926
1003,-0.05449715533264185,-0.0609631588695438,0.10892656379983502
1004,-0.05346382007436176,-0.031864396320414774,0.12713217835673085
1005,-0.04616767264830541,-0.020096513531476682,0.11293339940368861
1006,-0.019471528498406623,0.02687858992491488,0.12522652702258927
1007,0.007526864660605612,0.047120659821463795,0.11181710490491355
1008,0.019270628471086983,0.061392539281014215,0.11988799449768035
1009,0.019207989842086708,0.05711554167151345,0.10596405003069391
1010,0.0072611194034030435,0.04110501994827063,0.08706975929838197
1011,-0.005519286533060465,0.019074342917918444,0.0692338970653007
1012,-0.005556379381327951,0.018220419202053605,0.06331286612436467
1013,0.007289491642581474,0.033151102038475086,0.06215056358270621
1014,0.01009155810914821,0.03528839745709253,0.05708101749670142
1015,0.014312795625521494,0.03749440673475478,0.05040943405544906
1016,0.01852248607436008,0.042269566190188096,0.04581973319931109
1017,0.02291845797975723,0.05416813564133831,0.07489074661327964
1018,0.015944611127840524,0.05096339589954507,0.09452658406178482
1019,0.018834044788919195,0.0579469714049065,0.1073283364033905
1020,0.021504620163572366,0.0543453125360094,0.1117480422965112
1021,0.025991711440275702,0.0519682993021998,0.11733905651541342
1022,0.025030072226049666,0.048771140579520394,0.12347170532239739
1023,0.02491094541689193,0.04331682753062747,0.1349346342818349
1024,0.012668748331128776,0.010512519528336574,0.07657185297952819
1025,0.0017132181122851249,-0.011672840414214904,0.026435439631454807
1026,-0.006121655876298526,-0.01600474923852482,-0.0005434979462158978
1027,-0.006105788666115617,-0.002038820174370846,0.0329690311270091
1028,-0.0020780976660077794,0.0033404099778718234,0.03606555044427899
1029,-0.007408332698703583,-0.02176764137413834,0.02484650559841579
1030,0.0084650529444249,-0.009210068745413804,-0.00877126543110832
1031,0.019252564147916748,-0.011549627947461193,-0.02780790552318153
1032,0.04020840332547535,0.020196305313750836,-0.010454981817938826
1033,0.03603954266290407,0.01962097604451169,0.021447366391091353
1034,0.021925143471359976,0.009736267626166922,0.054098623789486364
1035,-0.007252472190839553,-0.03412790281205343,0.028570948151439308
1036,-0.015192459036588413,-0.0603896698558824,-0.03960317839026207
1037,-0.01690056274299997,-0.07320483008994631,-0.10884288755957328
1038,-0.009867814200082807,-0.06906899920898166,-0.13594639695304817
1039,-0.002897179794411097,-0.03735061267054514,-0.09061292572371467
1040,0.0034311941406442972,-0.016524595727460564,-0.060191922491417624
1041,0.0017692916449119408,-0.0034849329570509737,-0.04715239925286342
1042,0.0032777517598300853,-0.0042564047111495005,-0.07595084203824827
1043,0.0006226123679380436,-0.006679263187702938,-0.08296077785968287
1044,0.003486500248283921,-0.003118761575977429,-0.0781619390441276
1045,-0.0004248129839725095,0.0046450515282933395,-0.01809287152964861
1046,0.0019256819838095332,0.011004149069263957,0.039270275366351255
1047,-0.0035099204387275505,0.014381103412878104,0.08887273380781509
1048,0.008399965654816117,0.018939039035591083,0.08936124565281402
1049,0.03098210817516771,0.04319683251144306,0.07093218638770021
1050,0.0576219752594558,0.04738387138180748,0.041474560502610065
1051,0.06352496558296636,0.027249320213434496,0.02044036553779298
1052,0.04792790130660409,-0.01124399315441195,0.017002829532033473
1053,0.041741221525766974,-0.005014357713527448,0.03794388386323121
1054,0.028133661985318466,-0.00013899477688949978,0.06133704177621571
1055,0.010233796507684235,-0.06170486428886341,0.05175498966164433
1056,-0.0250592020707062,-0.1376916760612796,0.02844696167995578
1057,-0.049642230034552405,-0.17112793494369744,0.0005926659902987435
1058,-0.06557204000876558,-0.17092383467079955,-0.01423204892511193
1059,-0.07719964020696701,-0.1840309048820499,-0.0416867085150673
1060,-0.06968691228311856,-0.19543626889026217,-0.0059782080669090725
1061,-0.06204042748599009,-0.16565287686614125,0.028649910007483896
1062,-0.059518164127144176,-0.1407139698834978,0.03398588537904182
1063,-0.06978331237564325,-0.11100408287380978,0.002782501236968662
1064,-0.0870474333259523,-0.11254431483522993,0.0022864639394766335
1065,-0.09453616677463542,-0.1408625296931346,0.005970088568360848
1066,-0.07977729494466593,-0.13774121546561102,-0.004702450825269978
1067,-0.08511455677874583,-0.1339932648954963,-0.01405020995471085
1068,-0.09457166011827765,-0.08627159614178989,0.042083212079122426
1069,-0.10681136840633386,-0.05945530725354689,0.0751792443670036
1070,-0.08963829330599038,-0.01710238407257242,0.09512971872186554
1071,-0.08337299493509255,0.013206997182563417,0.07773009435325265
1072,-0.07665549266242158,-0.0653303915634085,0.07907816204701877
1073,-0.0728430290151348,-0.14888750824540953,0.07729241087085162
1074,-0.06494361315872171,-0.23620640396173745,0.06332578365144796
1075,-0.05072596960699722,-0.21236554231662064,0.048441982255023414
1076,-0.047934263887697316,-0.19099286302529245,0.006627166249169431
1077,-0.05375439457797711,-0.17875874573639136,-0.02175682516878828
1078,-0.048543968531156,-0.15041247873108146,-0.06132973683051139
1079,-0.058206681434237316,-0.15887920844378495,-0.0639289643309411
1080,-0.03893122589809125,-0.12212346743238522,-0.04324304909844089
1081,-0.027147640109007137,-0.10497428261633872,-0.03664690135819442
1082,-0.008541317946897069,-0.08520337863846371,-0.03235857053787587
1083,-0.007296848924624825,-0.08147835524307269,-0.05177254973125936
1084,-0.001761372578652303,-0.09780870098845343,-0.04289315835293887
1085,-0.0018192177045801687,-0.11123159186917778,-0.04517985554710324
1086,0.014819407524309209,-0.12802632588075266,-0.06237679426806324
1087,0.01866729314764892,-0.11665577002222753,-0.0870976675891008
1088,0.02214880449750453,-0.09502324992046414,-0.12011782482995186
1089,0.027222668464667806,-0.056732051322898346,-0.142276280295636
1090,0.024261734819260115,-0.05459597785084979,-0.13943680199162714
1091,0.03234066902020512,-0.06479052468818679,-0.12408562839036476
1092,0.030458928420046515,-0.07040660965983242,-0.11215831626697816
1093,0.031097044686774555,-0.0666006274441406,-0.07992083894066139
1094,0.010750984833475835,-0.05924643989134436,-0.042953206554544834
1095,-0.006377130567083266,-0.08490122440826553,0.0026512367057829394
1096,-0.01591670445631347,-0.11203821448290203,0.012403887237054238
1097,-0.0015511427262428306,-0.12095964243818902,0.012584021812067681
1098,0.022862168007385684,-0.07495070722263499,0.027258888969202248
1099,0.015956685338164505,-0.046272506284046805,0.051375598181063346
1100,0.005767399791759775,-0.011980816695846025,0.08181017499086887
1101,-0.009452552963817537,-0.017643887000726357,0.06618068795507492
1102,-0.004523893598480364,0.010185387388523879,0.05956086452124932
1103,0.012370013230072644,0.030976597372452473,0.02569129785236807
1104,-0.02364550334995832,-0.03845819424205799,-0.013582066486865458
1105,-0.03354252916850664,-0.071589965728327,-0.024586943568884297
1106,-0.06910176392280873,-0.13295582703515602,-0.010777911916880087
1107,-0.04838174454114028,-0.09391516969954647,0.014534281783763698
1108,-0.0705354296782721,-0.17501822298359673,0.0504837830699984
1109,-0.060417555378479065,-0.21103497816493075,0.06760777972973665
1110,-0.0626934993773812,-0.261036059944265,0.09156327715889119
1111,-0.03709375451778126,-0.23371476239652889,0.07041541031769216
1112,-0.017930547575618905,-0.2034419141794913,0.045679393734984995
1113,-0.012565352025296687,-0.1846944446459557,0.015347604509187329
1114,-0.025324106649018945,-0.170947332489968,0.025305558918648954
1115,-0.05536312835910806,-0.18912046629422763,0.03914292757602908
1116,-0.08389447267031086,-0.15032269125948403,0.06274830775047223
1117,-0.09775356079919692,-0.1327487831311404,0.04271699750487217
1118,-0.0799610832756944,-0.08544151195019269,0.0245909513924135
1119,-0.049192422569505755,-0.07424064451119294,0.001739604081842292
1120,-0.01156275489595929,-0.029573731723343447,-0.04524052360122929
1121,0.010247055532708677,-0.005086929542826491,-0.060585484185034275
1122,0.035119830572997196,0.02337373050294274,-0.09025039247761994
1123,0.03517568171996246,0.020260103962027896,-0.07716581975424726
1124,0.04508810213243591,0.02925086336052348,-0.07288191876161768
1125,0.04507810944250711,0.01238762042215379,-0.05089333186723159
1126,0.04624545297950865,-0.014779080736883556,-0.023344480166451107
1127,0.04130589022845428,-0.05269620875095459,-0.014228705778138808
1128,0.03866148829167517,-0.05064157072317753,-0.03166695310595616
1129,0.026562935466034627,-0.035811534052697325,-0.030407682476661566
1130,0.025925126537010443,-0.0050982635463609725,-0.032471003163384575
1131,0.019209029715118984,-0.003186448074748687,-0.009870719327520195
1132,-0.012668599442041639,-0.05303474328098145,-0.02460924536118621
1133,-0.03214974938089097,-0.11488317170115835,-0.03520457915389021
1134,-0.07633278604698483,-0.18521509284096452,-0.032535100925046335
1135,-0.08768624722937382,-0.20117150206877574,-0.01759265199100494
1136,-0.09018827575918031,-0.19593040611844123,-0.011917671758151126
1137,-0.08074414934012067,-0.1791356264568168,0.0015062544283621212
1138,-0.05815643792787483,-0.16717233498321687,-0.006745428425575388
1139,-0.06362654557348808,-0.1770698512812813,0.006541280743263013
1140,-0.05493894627986939,-0.19406917866778128,-0.026410383965138475
1141,-0.06018559453015219,-0.221474245150033,-0.0317345309865687
1142,-0.04092815054209705,-0.20420761816371685,-0.0420989072818147
1143,-0.04487362166104784,-0.21927338296340737,-0.03335772789637491
1144,-0.03607903362049577,-0.19537151028604008,-0.02609151570099999
1145,-0.023311199139122694,-0.1990952463349912,-0.02286295363186142
1146,-0.015275508051315296,-0.15907916634984018,-0.008369421959669247
1147,-0.019423032741001992,-0.13140594204433692,0.012900240840120297
1148,-0.03097889870435917,-0.09720230636457423,0.029495171341033983
1149,-0.02208127494042783,-0.06194908639613927,0.03370887694996734
1150,-0.028781223891906856,-0.08598728665270781,0.031986577380599734
1151,-0.050973827507395,-0.10348887646810716,0.0667292876272082
1152,-0.06642571435348767,-0.07624727069711962,0.08035044023158802
1153,-0.07794789184836248,-0.06061360558756352,0.09245917313301279
1154,-0.06617967429532294,-0.029285773416101002,0.08045648556258851
1155,-0.06759935113263857,-0.046231921642552506,0.10956213422091304
1156,-0.08268967168395666,-0.09178294813890642,0.09019171525503768
1157,-0.07656739465216204,-0.10794566028784852,0.054811278757185604
1158,-0.08352073465195073,-0.15781349879260298,-0.0019196267794573453
1159,-0.07603202828144827,-0.16045586696243977,-0.05266044896119444
1160,-0.08664125584370654,-0.16412062979225917,-0.08327642845145743
1161,-0.0886281266708395,-0.1391479991590743,-0.0854593782441034
1162,-0.0924026929947,-0.12171107941776217,-0.041330710930226104
1163,-0.055161783352878295,-0.10035904703944405,-0.011997529717733914
1164,-0.010151133895662324,-0.07517177142890175,0.0007187150497894871
1165,0.030745892403171885,-0.053176724814464664,0.003053113530489226
1166,0.011409377651104299,-0.07075423733321606,0.038722290763859836
1167,-0.0035405892034914544,-0.08482412571166298,0.04250064510485164
1168,-0.02488410831375942,-0.12249005276929667,0.0404713437116774
1169,-0.04164896555485685,-0.13243055680335575,0.0321333976349035
1170,-0.04921413347264256,-0.14726388259047188,0.009370470629499625
1171,-0.03893622593100729,-0.13734342815392378,-0.03570656304230096
1172,-0.01740262395393113,-0.1427459029113345,-0.07192504516455477
1173,-0.023522547984011512,-0.15799592668499496,-0.08018408799484944
1174,-0.03968206078605479,-0.15981667321503407,-0.024768343623550376
1175,-0.05775255847847737,-0.18205222734965762,0.00865430985657455
1176,-0.048269041769272006,-0.17968067210716582,0.03233978398563265
1177,-0.045697416104300004,-0.1927179132077428,0.019702334964570332
1178,-0.05429767249659435,-0.19258168390322736,0.012725374918682327
1179,-0.06374944485989685,-0.20335850037531672,0.006903347039373495
1180,-0.06411452962886124,-0.22448123739899348,-0.02905832350852639
1181,-0.059556748713709466,-0.23749732956360442,-0.060117555054132035
1182,-0.07157424010840654,-0.2779729199231755,-0.08316797532889783
1183,-0.06908383969592582,-0.2635529069008099,-0.0662219025391671
1184,-0.07990449613153058,-0.2768911703066955,-0.07072325365365463
1185,-0.07738194398617416,-0.24999929766385012,-0.08511948594039889
1186,-0.08210021028216341,-0.2692443555087376,-0.08176211630863961
1187,-0.07316980816175443,-0.2461847764664274,-0.07329386655028212
1188,-0.06890544341855087,-0.2415984632796794,-0.054980326187449455
1189,-0.04370679737396779,-0.17975113894358052,-0.042139255136430125
1190,-0.024192763291835416,-0.15202874913364406,-0.03459792877026013
1191,0.0026056984044392777,-0.09980828262482953,-0.029482390659591604
1192,-0.008222073790381814,-0.12374285991925389,0.003897541209905909
1193,-0.032220660401347294,-0.15350424960135434,0.03891510074150932
1194,-0.04747432849675937,-0.18951147626502196,0.06269335068122502
1195,-0.054749379023703866,-0.19387819676308787,0.059771930713115366
1196,-0.05515556410077361,-0.1836918268169479,0.06598897714771508
1197,-0.08179280182508772,-0.2046269897178111,0.08212580794850413
1198,-0.1002867424086953,-0.24705092818222163,0.07132656187799892
1199,-0.10761100500907612,-0.3016526131238761,0.04449442941646534
1200,-0.08382964124651308,-0.26436687446377277,-0.03437040362606228
1201,-0.06639053555339511,-0.1899203821170596,-0.07968344601549174
1202,-0.06005456918666758,-0.11202599381445924,-0.12289387571596963
1203,-0.07382705891976749,-0.10216806965462502,-0.09256410910003966
1204,-0.035607462120857886,-0.06029813434139298,-0.07210887324852777
1205,0.004537084906611974,-0.0019307893970879624,-0.05845874778410506
1206,0.01264564360778881,0.030195665283760192,-0.0272038752450247
1207,-0.00691693861183312,0.04223110469327748,0.005829517589760872
1208,-0.01903366766143241,0.034978707158952425,0.013111244290027644
1209,-0.008450193601273685,-0.003210520230444089,-0.01735379060194921
1210,-0.00803248264314173,-0.026513199004791495,-0.030541786136855424
1211,-0.02259563441048174,-0.05987904890479016,-0.01687559505364627
1212,-0.07149581002936627,-0.07270011296904812,-0.026639477401777776
1213,-0.11905905047285802,-0.1021186519810011,-0.036643126789798176
1214,-0.15337552445747762,-0.11400738921432386,0.00489188268135764
1215,-0.15047979740186765,-0.12829138325464717,0.0531050619982795
1216,-0.1336374515175043,-0.1721480397438654,0.07806727361300328
1217,-0.10791899265761619,-0.2011560465938294,0.043661350440617364
1218,-0.07444675583559632,-0.21591090189368284,0.020034115308023383
1219,-0.0724496509274754,-0.21317825893699338,0.021500412675113156
1220,-0.0845520255932069,-0.22084974335903096,0.029563553643952717
1221,-0.10962866646337491,-0.25216962505900736,0.02106676798581851
1222,-0.15103289394138866,-0.2986142234319746,0.011598663796209756
1223,-0.19731919264211034,-0.3657651497508511,-0.002910939668304899
1224,-0.18215402935787353,-0.34704221548670844,0.00047563571927462556
1225,-0.13847098279292136,-0.27326627417895244,-0.010250278311387348
1226,-0.07678536113950862,-0.15125088987148907,-0.0027138743678100513
1227,-0.07567614688418338,-0.10074102571058706,-0.009585476512916061
1228,-0.08686196750829306,-0.11066059304608998,0.019509383804903403
1229,-0.12519347307529693,-0.14785844397021208,0.013079234630910605
1230,-0.158824239259671,-0.15996130876807577,0.0533434776153213
1231,-0.17752423992785965,-0.151265652898617,0.044200478862467134
1232,-0.14853076608861485,-0.09542594843502897,0.0918366667539296
1233,-0.10038669101621565,-0.07672784193933807,0.05635747056581342
1234,-0.046174082615245915,-0.04783656863690881,0.05799692755070169
1235,-0.02188086802667342,-0.04904051998204759,0.021750567116961477
1236,-0.03320348570725779,-0.10425552175578055,-0.012589502947420356
1237,-0.06192689470429796,-0.1664697079018184,-0.027553659479352545
1238,-0.1035324212190982,-0.25086892941164884,-0.03305342754553041
1239,-0.08329528652853616,-0.24238893619241758,-0.013586684252380313
1240,-0.07539250935973467,-0.21390572395690363,-0.033143623791270525
1241,-0.04816372936001452,-0.1583797577550327,-0.07341054541011396
1242,-0.04244357576191394,-0.1266193126640336,-0.07927471460526118
1243,-0.010068486941295812,-0.07792728985947651,-0.07879040546232174
1244,0.0009928264838454748,-0.0629719171734408,-0.057597725994679806
1245,0.014780655281014361,-0.03288898073645579,-0.08050046650119042
1246,0.02234689717609457,-0.03629842751753294,-0.08364742093276349
1247,0.02890380037427098,-0.034103822096150385,-0.0873982358644179
1248,0.02706523246734063,-0.046705719027755416,-0.08262427795146232
1249,0.02159572810232003,-0.058784675435801056,-0.06537391196025233
1250,0.02075702661698407,-0.07059309378546536,-0.06967896295953763
1251,-0.028553693291240086,-0.11025285555443062,-0.037715614085544545
1252,-0.043215446181293665,-0.1325343309359814,-0.054498383475029444
1253,-0.0653728997557386,-0.16696225705626955,-0.07112296392683651
1254,-0.03599479750819696,-0.13049541520054553,-0.11502258099791107
1255,-0.04530091874535981,-0.11234727427845147,-0.11719033096819967
1256,-0.027810493016303672,-0.08188052536457396,-0.10759372523772573
1257,-0.024396241710274883,-0.09550784506330015,-0.08706339074855196
1258,-0.012025506986691406,-0.09357675969106614,-0.05767945555668299
1259,-0.01988538500145926,-0.08961223699856158,-0.03069168795563571
1260,0.0026474807504953705,-0.06261028757075152,-0.009679229263336345
1261,0.01943873070819151,-0.04203516863568676,-0.009229626606626126
1262,0.03548463221675817,-0.052769686917819296,-0.0067467498670787125
1263,0.03064341882962254,-0.09591677150015841,-0.01193172975902114
1264,-0.02484918687660024,-0.20130360538274591,-0.0238953243044932
1265,-0.04522853972212054,-0.2537566293917109,-0.03633882856141083
1266,-0.0575145898352419,-0.2874255750704337,-0.046021813621201654
1267,-0.029719648258802463,-0.2830666577129347,-0.0582300380936109
1268,-0.0027857501084221294,-0.2352468159580925,-0.07657117895280952
1269,-0.008768605384443793,-0.23813008243551717,-0.08293182608010248
1270,-0.011458095659429048,-0.21338796827428816,-0.07413828703764443
1271,-0.02203089781503839,-0.23334247488888,-0.05930455216634934
1272,-0.019770391760502867,-0.13686602392150177,-0.030573456735627374
1273,-0.00023441342617119555,-0.07116099722054643,-0.012026934114647201
1274,0.025329344580502736,0.007613398716965928,-0.00159156838488453
1275,0.045771457792146586,-0.005784029631086495,-0.04004223725837849
1276,0.034903872067722885,-0.07676069674227465,-0.04432475459860893
1277,-0.0003237609119155782,-0.16549191250740994,-0.04304877974789948
1278,-0.06506153619020776,-0.3130789803804523,-0.01413484665141091
1279,-0.11033637131051688,-0.39935318620450505,-0.04831931917937914
1280,-0.1514065832498971,-0.4834015432074342,-0.07980795890045306
1281,-0.15203515249130056,-0.4602396920463571,-0.09335313898005984
1282,-0.13345323509882254,-0.4069242559741034,-0.07547997016728987
1283,-0.11979277644855997,-0.3793549364367798,-0.05423672726661143
1284,-0.09115063710198819,-0.319769467878803,-0.03756857641365847
1285,-0.07485009055892508,-0.27200599993794333,-0.03240087965316536
1286,-0.0453494663481869,-0.18478005649538998,-0.03454782878102069
1287,-0.02201888488152099,-0.16654908056757667,-0.029634189938643918
1288,-0.027585051141433843,-0.15207591719766517,0.010826659040285938
1289,-0.012604483697618,-0.1307963631281627,0.04048103686071343
1290,-0.027585013631564043,-0.12695358918121022,0.057171823567141226
1291,-0.03259233106690993,-0.12969238629037175,0.04726160736529481
1292,-0.05418147279602274,-0.1312211036075873,0.0574783813353189
1293,-0.05143485076330663,-0.14146716185258332,0.04867223201690755
1294,-0.02856512855492781,-0.12414935223695125,0.03608927957816974
1295,-0.00870961443315595,-0.15725470233165756,0.024221758316934378
1296,-0.01636682132821723,-0.15928246757677328,0.037113399044107626
1297,-0.014598514704433378,-0.16483438153773403,0.03941995644760769
1298,-0.02745054544975935,-0.1407118785895442,0.07766626831220258
1299,0.014904969944964777,-0.08598976572077699,0.05843045575481323
1300,-0.019806968906089788,-0.05552475775097333,0.09794302410365316
1301,-0.042000989111986076,-0.03474177928368897,0.09216915136872932
1302,-0.06553322389512888,-0.055516540430938476,0.10487275612364198
1303,-0.04249660823538426,-0.035556075769067684,0.09921091169016513
1304,-0.018061918905356054,-0.007954100837221666,0.10375610232904646
1305,-0.04704276075509601,0.01052658769794973,0.139347722322527
1306,-0.059753383754268675,-0.01164296213320176,0.14465839956851356
1307,-0.06191105793953577,-0.03956496458362071,0.13675664003006682
1308,-0.08713407980465536,-0.09583184497274078,0.10090571757317755
1309,-0.15160333866837236,-0.1558047139032336,0.07939449563709859
1310,-0.19436026706970783,-0.23272534549052004,0.07762345989914367
1311,-0.16813174437623438,-0.2501627411726614,0.078759933016389
1312,-0.10345823393391532,-0.23856773768205375,0.05302094191910121
1313,-0.07933808953026039,-0.21073010558580338,0.010813016334037426
1314,-0.08559530725463503,-0.23030237734069672,-0.00199818045303214
1315,-0.10020866288839445,-0.2689058962181446,0.009199553203792541
1316,-0.10341384578253837,-0.2859779881323711,0.05829902011569224
1317,-0.03525401764687686,-0.17149936591163975,0.04716358145195663
1318,0.09562256496928472,0.007763919290768405,-0.03800787697552943
1319,0.17884690407701972,0.14728162545807957,-0.10689461979018881
1320,0.21910052210452738,0.25335751222111097,-0.08297256810460962
1321,0.17995420920074295,0.2713102205948564,-0.003036309598645784
1322,0.2323084627268245,0.3327475715826933,-0.027070376171300592
1323,0.20233194755053424,0.28491166338973556,-0.051144843499082986
1324,0.2558014011009265,0.3344780536839703,-0.15742315989378397
1325,0.22937504327036318,0.33861279991258864,-0.1599472678170709
1326,0.245279179280769,0.39234442601917136,-0.19059424534453911
1327,0.22005079437731315,0.39696945387087046,-0.14781364474915282
1328,0.2034544616041575,0.41833013388433155,-0.1273941534740418
1329,0.19845463189897286,0.4031857032977434,-0.12655393949953272
1330,0.18696264530929546,0.3829942811221864,-0.09637130130684536
1331,0.19676007789515615,0.37217587070712754,-0.11665285325213652
1332,0.16299637972565464,0.318038082133014,-0.09540016603605574
1333,0.13290265127563608,0.26298210386275295,-0.11872340586334149
1334,0.09205147873815335,0.21414452711573315,-0.10038892855126089
1335,0.12016088790418376,0.23199191725732793,-0.1328479144199692
1336,0.13710850661044044,0.2394889669120033,-0.14236801718353406
1337,0.14666044540374834,0.2263266325765715,-0.16748937767464278
1338,0.14623948365478132,0.21823665679537338,-0.13020450542961393
1339,0.15442476267260627,0.22317533706348655,-0.1228349201173749
1340,0.138229547771507,0.2219619378049638,-0.09285302009586487
1341,0.11465306767274441,0.20461446449887288,-0.10335452275292177
1342,0.11134408984577372,0.20039951203688264,-0.12624493027797912
1343,0.13045432912902805,0.22747273030268053,-0.1541929982799881
1344,0.17048043823244283,0.3035948808350403,-0.24405522873817875
1345,0.18312289212270708,0.3660422039549632,-0.28791391204363836
1346,0.19974740812516528,0.41238496535991903,-0.32451843123961244
1347,0.191096926812064,0.4491729567085793,-0.30452196506303636
1348,0.22314235669806817,0.4079306158497564,-0.31632988320699734
1349,0.2669717601620121,0.37542085415572324,-0.33522044300929327
1350,0.3076119688270243,0.3099827481022744,-0.3461478401415855
1351,0.287582895084242,0.29574556953478986,-0.3423009477234511
1352,0.24750194825652572,0.25702578417349725,-0.3576583951494123
1353,0.21012671490107776,0.20491699407806224,-0.33403893306976307
1354,0.18193284675152585,0.18321156151849088,-0.2978593760861234
1355,0.18923056314207126,0.21424337648570602,-0.2626367132525849
1356,0.19434964773905097,0.24399806924737924,-0.26989034476053253
1357,0.20881618887335524,0.2530334751441903,-0.31629858289523644
1358,0.22216482100672597,0.24524081439736956,-0.35356775871527546
1359,0.2322518823617076,0.24216803539569456,-0.4046840206732542
1360,0.2323010713629421,0.28670529753909235,-0.3652212230931924
1361,0.1959880008158221,0.30777549759252015,-0.2898445836360619
1362,0.15028723950535078,0.2988275733746641,-0.1637256396499481
1363,0.1351089498634961,0.2664450156428389,-0.14844413988895347
1364,0.10595916397637468,0.232528777254431,-0.09029352750546511
1365,0.0544988394219838,0.2008945451552109,-0.04699608092689452
1366,0.010494389726515098,0.18179682567519534,0.005623897155551158
1367,0.013029181163193215,0.1686713852534719,-0.03989286209010351
1368,0.08820763869521328,0.2058867747360782,-0.13326907856554038
1369,0.11573498060795849,0.22136371130550495,-0.17912086476365774
1370,0.13923726077860932,0.2658756062114157,-0.18898872513120957
1371,0.13395144538620565,0.28154511688058326,-0.19531072762600366
1372,0.17339067027657895,0.3326451287040255,-0.2758175981104491
1373,0.22113429983459987,0.36897062930909214,-0.3591113139523212
1374,0.27017578767941824,0.40440747618112627,-0.4134037909287199
1375,0.3073530957894404,0.4069837469398425,-0.4389287807669569
1376,0.33186874818300516,0.39861476024894515,-0.41707808323851725
1377,0.29419843057388906,0.3522860462078605,-0.35181649282913635
1378,0.2304446745811285,0.30434390210335177,-0.28589907773225276
1379,0.19049418223927525,0.3029363015026764,-0.25350421209951507
1380,0.1221633454792476,0.2503757886590765,-0.1801225849579989
1381,0.06500040908219837,0.20464577207485227,-0.07533921381374574
1382,0.005127550179199543,0.1272578668340197,0.03759467320853265
1383,0.003334692525825729,0.13081729405052198,0.10034871421014034
1384,0.03127351844240981,0.11911415403053004,0.018256409065349363
1385,0.06944509062265133,0.09160772783517022,-0.04778304402336024
1386,0.08123813642242089,0.051881768587116954,-0.11414947881881182
1387,0.0839636536153175,0.023381622177846947,-0.13852025503061258
1388,0.0839672489311367,0.06518026199449235,-0.17948474621595403
1389,0.11537858735977992,0.11682104832698446,-0.21578574913187462
1390,0.1255175504352446,0.15070939840445496,-0.19958132107645568
1391,0.135259468519671,0.14136440119759822,-0.1939352424734405
1392,0.1426605299323778,0.12494343034589452,-0.21741988052449124
1393,0.12278758504474004,0.10644856425009193,-0.20972314061712305
1394,0.11046174445299368,0.1104942353861013,-0.2231294351276863
1395,0.10198585984057952,0.09643415384917689,-0.24228012879769395
1396,0.057171694615981934,0.054895093538229967,-0.2172962570912386
1397,0.03546693337384371,0.022626042813328234,-0.1958363857985623
1398,0.019463887293005844,0.003635728629956292,-0.15688345554342845
1399,0.07443910178485957,0.0594286273205616,-0.2022907394379486
1400,0.06572411144293727,0.03533782676559811,-0.22998042377534703
1401,0.09756212128364951,0.07727629964140599,-0.27558594050088914
1402,0.08850210368877884,0.05134889840215089,-0.2496513486474751
1403,0.09759159488199379,0.06829890875340446,-0.23414274024147116
1404,0.09321207759863653,0.05578569752736001,-0.2362745708625652
1405,0.09829897782586344,0.06446001718898407,-0.24416580016089356
1406,0.11209217021093061,0.0916266399591508,-0.2273466453374103
1407,0.0700934884084338,0.06355983363240766,-0.19139368018712788
1408,0.068305480881177,0.06430150972415534,-0.1785211500432187
1409,0.07637297197747432,0.0709590891127762,-0.160151470683218
1410,0.10241440668982127,0.10688321103576015,-0.15509317174762968
1411,0.10696424870087792,0.11897361684963575,-0.1686828004378125
1412,0.1087635494503327,0.13269885254110433,-0.18594815328902572
1413,0.1082327312518869,0.13280650210595782,-0.20654309431264012
1414,0.09391510263827511,0.13060371705278292,-0.1977539578682657
1415,0.09656521900683845,0.13594822318378819,-0.22753436105296007
1416,0.08504789793310624,0.09331544812553422,-0.1575427896529442
1417,0.07756880831838657,0.053889343761110424,-0.10928736560962249
1418,0.05438865505645405,0.0011269243786376048,-0.012849489655347775
1419,0.06967008632642588,0.031320060471666675,-0.017246340965390683
1420,0.045078273778714734,0.018106491597809173,-0.02563112909878835
1421,0.0426106346396078,0.01579595843860399,-0.029577591016619886
1422,0.03638396584628451,-0.0024751216834872254,-0.04643672466749849
1423,0.07087915031982636,0.04059468796189515,-0.04507623415345618
1424,0.05706668470264569,0.039996336661244296,-0.055781998506592004
1425,0.05419288387138734,0.042910428350734824,-0.05117085657371976
1426,0.02926643956838124,0.016504184619162955,-0.03928143648779338
1427,0.01816279553085802,-0.020403339954344454,-0.07749065053393728
1428,-0.023530173260795716,-0.13778718827626169,-0.10669660913438425
1429,-0.0320604381113469,-0.20992261044032348,-0.13606753516619702
1430,-0.03219294758355659,-0.2632757088188812,-0.14027468185999198
1431,-0.006016524141921049,-0.2238691092587944,-0.1517236631205837
1432,-0.03772913227771783,-0.24309656259177403,-0.1612126457456908
1433,-0.036764992900846234,-0.2265614804532115,-0.18182240820966605
1434,-0.020245180696441885,-0.15221261585458248,-0.19824769557298408
1435,0.019335173627669844,-0.09304111016046744,-0.21219899206638668
1436,0.04425696546714713,-0.030081619500276123,-0.19854808091159917
1437,0.054122067284446636,-0.03260810442435806,-0.1886202988693051
1438,0.06541387991557296,-0.022374777035212335,-0.16821649712824469
1439,0.055380840929527414,-0.036766262151051395,-0.186318460753248
1440,0.03406061127169889,-0.04307861593942124,-0.1728171953905177
1441,0.008930967922652017,-0.03731437077437138,-0.16515158433548968
1442,-0.005046488457359767,-0.03407902647134373,-0.15060132449142566
1443,-0.009082832045881306,-0.04635856554440447,-0.14785585859264433
1444,0.00821772013096776,-0.01908790892524436,-0.1486295746174503
1445,0.025246442542475083,-0.0002156617000049369,-0.14466473218611867
1446,0.038657343000206415,0.04587353374671005,-0.11991024243993852
1447,0.04620173046642261,0.06813480805952027,-0.10446834740994655
1448,0.04584672503555456,0.07459945822369189,-0.06429031435294587
1449,0.026909016948395193,0.04988574773689135,-0.04351492231950699
1450,0.03635690939279586,0.03856972156624198,-0.027324057492880117
1451,0.019479591571686553,0.006018338661901981,-0.01551575753221221
1452,0.07490678800585945,0.00862563129758502,-0.01250540182452943
1453,0.10113700010332831,-0.010903430045536481,-0.01919854234380442
1454,0.1571815556149671,0.007205699044067913,-0.045141341861474095
1455,0.1593343744891168,0.0016258710514146968,-0.048262391562880536
1456,0.13879032667602317,0.039320393450731295,-0.01959203863790379
1457,0.08218790320417402,0.03377437153694372,0.008479512906933424
1458,-0.01347780638995567,0.005733525868729065,0.040168993623740795
1459,-0.06946336295647121,-0.076979966878861,0.0483247201738219
1460,-0.0733597070750006,-0.08308596100457262,0.045209143592298766
1461,-0.04704151637751978,-0.06758182547380473,0.021246035896735155
1462,-0.03111160468939055,-0.03681146564358533,-0.00860273409638262
1463,-0.06073661029472997,-0.09574987814774343,-0.028558737979508687
1464,-0.04495506755153555,-0.1066845518749074,-0.0357880157296373
1465,-0.018548630552512404,-0.08847225826021524,-0.038274944962553924
1466,-0.020061558104474714,-0.017621918493054504,0.02094339687705399
1467,-0.02713711837482987,0.013200643014826216,0.03484962353188776
1468,-0.0333971103552236,-0.030190463997545602,-0.010965941388664439
1469,0.01880249190399891,-0.053711290651063365,-0.12576769242261482
1470,0.0671504253883274,-0.024130845907190352,-0.2325672748823457
1471,0.08013784715437276,0.021370574436062408,-0.2834137360161849
1472,0.12623980617492067,0.09275789415467475,-0.33680959030602065
1473,0.11119975843266688,0.043627956257898816,-0.31821251451409394
1474,0.10277239321896924,0.025143066246508663,-0.263403348336004
1475,0.09674868405074442,0.013638872233132855,-0.1991944782501432
1476,0.10153701145598244,0.03196608025428022,-0.19882554867389982
1477,0.13638212165902266,0.05821338978853019,-0.2162492041703551
1478,0.12497912119711756,0.050679257963830084,-0.2349556003979005
1479,0.06253229369738406,0.051726532424223134,-0.14094615852268816
1480,0.008639835386227148,0.031193514081915567,-0.07948863102868828
1481,-0.006365206028917906,0.031072040530393218,-0.06674196576020291
1482,0.034899225209349974,0.041063940773555914,-0.09679785792435469
1483,0.052324239498906605,0.06441258161971662,-0.125686548978759
1484,0.06433341181877464,0.08834429959800147,-0.11919104933089245
1485,0.05768725696579323,0.07845804907671988,-0.12799405637300457
1486,0.04813847852833247,0.06965041758493234,-0.13530244333345903
1487,0.04020641170859289,0.046287054520997815,-0.10899582717653711
1488,0.058459842604532575,0.05484088886449957,-0.091403394393782
1489,0.05674910168322598,0.043171521116371486,-0.06972489953783291
1490,0.07967339823609965,0.06029049191077324,-0.07513791551942815
1491,0.07638518007600682,0.05968912198746308,-0.09702809271801276
1492,0.1427475637286368,0.08232968863914089,-0.10506619282926594
1493,0.1936002654394003,0.11122593256778063,-0.15898081236172082
1494,0.21710141980973918,0.11968161152972685,-0.19075968090920842
1495,0.20329806012823542,0.12636366509361527,-0.20646065664878954
1496,0.1834636104967831,0.10746037073726449,-0.19466820288689066
1497,0.18398883087317036,0.07405924317597427,-0.17500224558982164
1498,0.17884011324812865,0.04248100322802121,-0.18011758637853478
1499,0.1885186393445309,0.046816090506847444,-0.13663349891688994
1500,0.19509701024180007,0.08500028978600084,-0.10126799549156212
1501,0.17576987395908744,0.09164575547018575,-0.05681549785013721
1502,0.1398204209643774,0.049675072126278,-0.03960297111242733
1503,0.1286305392484946,0.03692025600610432,-0.04570340072354791
1504,0.13516898426177704,0.013781400942558236,-0.07191761584506659
1505,0.13122772701175844,0.011790356513946876,-0.07726343598243701
1506,0.08625100870037507,-0.03040896725915061,-0.06490349649127874
1507,0.07414602296692958,-0.025175359940205436,-0.03524539985393465
1508,0.07727987058900791,-0.036366608085832204,-0.03945612235566837
1509,0.10500353246370434,-0.03078869297356801,-0.044624947543099404
1510,0.13282580003331051,-0.04517168276293322,-0.08646877217203008
1511,0.1433128226984934,-0.024011524616603788,-0.14379005778430062
1512,0.12821219644636964,-0.04959033150494015,-0.11090232153897162
1513,0.12195645095921966,-0.03276152087898406,-0.03394018176171628
1514,0.1724538403179331,-0.007732382397532996,0.03762766522929067
1515,0.24926053906280637,0.07363869327449038,-0.010198047695188596
1516,0.2704279319610579,0.1297961389498403,-0.05664499587769863
1517,0.20305157186656794,0.12476492084198944,-0.05229008142723413
1518,0.1351474646370688,0.11698820356870722,-0.031390167836456685
1519,0.12738925835882733,0.14111696557681125,-0.05970358824308366
1520,0.16610794401791862,0.20614653228110552,-0.1029561131468042
1521,0.1738246955239105,0.21882766991111538,-0.1068990615384874
1522,0.205646974802592,0.25764452404954363,-0.11053917730786458
1523,0.262899835295842,0.277447756483939,-0.08119921242644755
1524,0.40472139210584535,0.3548187810509482,-0.12720768079752628
1525,0.5518011906849276,0.41246425675018883,-0.09225494961470848
1526,0.6728056100232811,0.4569763480390569,-0.05120908108702561
1527,0.7445390540133773,0.4898768851029503,-0.010900494869810172
1528,0.7532413211831689,0.5922846322365597,-0.07965366285610122
1529,0.6529391583601489,0.6569239151086926,-0.1535659226956015
1530,0.6053092782144968,0.7554484316354496,-0.28788767698529477
1531,0.5256555472737788,0.6980787601867064,-0.36379122667363456
1532,0.5161742112085084,0.7003018011481233,-0.5053582652357883
1533,0.45605174846900454,0.6548340210123348,-0.5071345672951225
1534,0.46528121889026935,0.6746206532382588,-0.5918072248985896
1535,0.5166187181510397,0.6333121580402222,-0.5458055477949052
1536,0.6264786701814548,0.5359717450111864,-0.4297264821588333
1537,0.7255305571199523,0.466740203340511,-0.24767200829688993
1538,0.7594573831773194,0.3959952686065287,-0.12887710905641556
1539,0.6824813028116318,0.3522505249281646,-0.08289147718164147
1540,0.5601055104990468,0.2452652378237661,-0.059543887459352046
1541,0.3935285958582929,0.2455046436660301,-0.04192332882453996
1542,0.2505645676883928,0.18448522365968537,-0.05125435545134275
1543,0.15642543432284828,0.20049113311677744,-0.09482401363039326
1544,0.12928792577557682,0.17158539548427146,-0.12088997971283914
1545,0.08981209292789157,0.2000160312421117,-0.14954505779853158
1546,0.03165596836526114,0.23512968711877746,-0.18323398869445034
1547,-0.09798905486544833,0.18963094314137952,-0.20419397825812685
1548,-0.1651576254993122,0.14842160551290293,-0.1066005850459446
1549,-0.20938148209388066,0.051656120115953885,0.03427135646436706
1550,-0.17464360350928004,0.0519743272655837,0.1508359169885402
1551,-0.149657959192782,0.055286606819683996,0.05709781497330146
1552,-0.12868988082663574,0.0467337904855335,-0.024023344124309648
1553,-0.11753807748895238,0.0023075281743522133,-0.1173552602094979
1554,-0.10872379349800093,-0.03026394018641664,-0.10497899759832112
1555,-0.08567054309808954,-0.011472693233441278,-0.1372863643143851
1556,-0.08333427671040851,6.417405009687504e-05,-0.18330691179678368
1557,-0.06752856611223468,0.03590422561243432,-0.20475314363571856
1558,-0.07907549565656521,0.008929386118109344,-0.146232470365675
1559,-0.09453123002253777,-0.020481052919509173,-0.13151026740501587
1560,-0.1268991787808326,-0.052881289694604684,-0.042732249494375776
1561,-0.17126476691439588,-0.08490038658932801,0.03982827270628493
1562,-0.17036313962319316,-0.09155575481101069,0.13808069842592705
1563,-0.15986006543278747,-0.09591455112412527,0.13908514176591155
1564,-0.10477511152198556,-0.04926631184715503,0.11451062448622731
1565,-0.05880748481052061,-0.0057126441157647374,0.1031781477634053
1566,-0.005798770956666636,0.03535480737716166,0.04567492973977886
1567,0.004960971856196258,0.04084031617988357,0.03537516555918456
1568,0.007260575330045267,0.03750353492084649,0.015463627363887908
1569,-0.00014086867947342408,0.027182255482221442,0.04173285078648442
1570,-0.005411610511942738,0.019047018994967597,0.03106416719288264
1571,-0.013753540937516164,0.013254576387430387,0.0386727564042857
1572,0.004339372651479308,0.020070104292636844,-0.01635044848967695
1573,0.04109018329472089,0.04183873276221471,-0.0886928219045536
1574,0.06084365963236855,0.04433429660190395,-0.1501311874111381
1575,0.049955058911122965,0.024765135936536096,-0.11532483408822818
1576,0.11137977113093145,0.09553407715102279,-0.06745346173721753
1577,0.17159566306288246,0.1862797567175651,-0.024829508164657833
1578,0.22566442227389444,0.2555187285485263,-0.009002412625305748
1579,0.20262660296181187,0.20501096409682937,-0.006029715801347322
1580,0.23008384889545266,0.19558005721847252,-0.025615015718920112
1581,0.23958645833175465,0.20920350641624713,-0.030226767374547044
1582,0.1998079441580147,0.29463839801238195,-0.08267129728985634
1583,0.14068168521436616,0.2852579649727355,-0.15918502174253682
1584,0.18921794547661222,0.3077932364604789,-0.1245762478413396
1585,0.2422138438390987,0.27072679657941695,-0.005461769566736605
1586,0.2995737760555139,0.2988571228960571,0.11822618468336257
1587,0.2770672175137196,0.3151519887866903,0.12590044191043656
1588,0.2976122395605786,0.3376443095905109,0.0929728301296961
1589,0.2777161962906637,0.4096635916541221,0.10455808744230391
1590,0.28735589800940464,0.427352460308369,0.12207156043114123
1591,0.26794187106713563,0.4532966804464053,0.15829700891977824
1592,0.2744498159296166,0.429088415056113,0.14351158473463113
1593,0.26767349745437147,0.4275413039078557,0.11471782656391559
1594,0.2721695622049835,0.4566505067513305,0.10051986910183995
1595,0.2565825724077956,0.46757109646763534,0.09082391276852235
1596,0.2766438860872984,0.46384796806922834,0.08776946404722581
1597,0.2907445275819008,0.4323113474441537,0.0616505165829483
1598,0.26937650182406897,0.3912584669399527,0.033394990990787465
1599,0.17351836551194752,0.35361134858388305,0.007233059947275991
1600,0.1608697158929772,0.3676414422363608,0.03633970412689029
1601,0.1704147287345572,0.38116202864722554,0.046451195064772764
1602,0.2039243349525623,0.36023301079459924,0.04559128212803519
1603,0.16095598746061382,0.2685221924538773,-0.01958453046561737
1604,0.19100035584431624,0.20884354762700474,-0.06245135588844346
1605,0.1785394409189717,0.2402930258493268,-0.09296558246517968
1606,0.16439317260927497,0.21189353130001803,-0.09169703132418928
1607,0.055686268973536394,0.21252377006706194,-0.002014730549874421
1608,-0.03928156397972478,0.1436748805051915,0.05905340575069419
1609,-0.06395695068805411,0.1415118338479417,0.09733380622109543
1610,-0.043097962056230635,0.13188235596409587,0.06467932039578202
1611,0.047732078110258674,0.08392718703640747,-0.037792457220074786
1612,0.09572268480548746,0.07048292646173955,-0.1286693186078522
1613,0.12547188199755718,0.061475816738512934,-0.20793972012226541
1614,0.1190778375308353,0.1493768790780898,-0.11802366164207108
1615,0.09765691124422295,0.17950834800197296,-0.053005244022687144
1616,0.07754204713345432,0.2246664448472188,0.007940232545341373
1617,0.11403921469739495,0.26775653884738243,-0.00956826705576197
1618,0.12109621861250469,0.2773199416597798,-0.07823139622335676
1619,0.12597853614129234,0.3000784199204566,-0.11179384641238269
1620,0.15729223358301575,0.316750599826541,-0.10165249267881205
1621,0.2018468144275746,0.38550856120535026,-0.11017506737333495
1622,0.23001500891947568,0.44068015920291415,-0.12888009524995564
1623,0.20197182238569403,0.43836794925723516,-0.17070438665799745
1624,0.12326939921694904,0.4456945894253807,-0.06080902495652382
1625,0.08773943688965426,0.3541668204968878,0.03332821104758205
1626,-0.027720123215506397,0.26364249748117197,0.07321404217532569
1627,-0.07461537830447285,0.20867260018462805,0.006827393289898149
1628,-0.13640274560374852,0.19691873630051568,-0.042595994700521084
1629,-0.11270264049000578,0.28582398038328,-0.057280332661974846
1630,-0.06837667807057798,0.35063754038199896,-0.03351487189076194
1631,-0.0011607807439094064,0.3668511075080813,-0.007210938944413839
1632,0.14246081944202443,0.4014385359409747,0.035019004867139325
1633,0.2029969725664411,0.40434736920869163,0.036923141748930494
1634,0.2911662964218778,0.4184138723898259,0.005648961854854116
1635,0.2610809602102451,0.3627699962138827,0.00979418594302705
1636,0.27310842616301495,0.28123237094428455,-0.038165595762605725
1637,0.18929930991759047,0.23348619779928262,-0.0609772780822007
1638,0.1914378178959749,0.19670903239532353,-0.0836713102091846
1639,0.1742852980802882,0.1248362149086372,-0.06971683307663668
1640,0.19324275467065194,0.07262705416661694,-0.06988437519726261
1641,0.18611157592377012,0.0028976252829710264,-0.10088161435240513
1642,0.19246179244621728,0.0431792319923125,-0.06536634612370876
1643,0.21373563905563425,0.10198680874282548,-0.031011976571026965
1644,0.15354456275271275,0.2182370301952841,-0.051973182276263866
1645,0.07267602312691804,0.2392031430853339,-0.13990918114469825
1646,0.03045099694645224,0.2624914620317973,-0.16241538729866464
1647,0.07466757403648902,0.2147169184310308,-0.12049506389791734
1648,0.12974051311254106,0.22664807264080022,-0.08806964284418833
1649,0.16505447513179722,0.22416452494853378,-0.08345669451233653
1650,0.1538527557959907,0.25168003113419923,-0.06302251275082228
1651,0.14230557532663338,0.22025121192839026,-0.0838794797680181
1652,0.08012003413973251,0.1734028587797935,-0.11226683861575479
1653,0.055729887197873466,0.1613943449294873,-0.14224483884946137
1654,0.041154101810944095,0.17212916176686613,-0.10918637973931082
1655,0.0580818153960222,0.17428067523558816,-0.1069617191765354
1656,0.0662387058987761,0.1682354245820562,-0.06505136155359148
1657,0.056563247208191864,0.1687221159138997,-0.03503690131153849
1658,0.07756278824780452,0.1993685436633226,0.015353374943715742
1659,0.04625744929788016,0.21402255233505724,0.009026983521135762
1660,0.11101272511797172,0.25803031803733767,0.034332572141235654
1661,0.09456649780694557,0.2668676250726689,0.042156559764499404
1662,0.14505413443153278,0.29321871101670666,0.05397408576626957
1663,0.10115865868430826,0.29833804523243673,0.07858218326680491
1664,0.08109038099386459,0.23145493467552347,0.053328540019038584
1665,0.022679210806701093,0.2170137841732114,0.035681511440143615
1666,0.002072187824367642,0.1327332183251483,0.035099610633486183
1667,0.002800177368567668,0.13869148038092155,0.09731152939703552
1668,0.05390354382558976,0.1946234255331627,0.04541929445593456
1669,0.09268571853314181,0.29938701402662,-0.05333281936697653
1670,0.1798205530202808,0.3993678499824106,-0.11924441674354806
1671,0.18933805670974183,0.3832906807866529,-0.12767136767536286
1672,0.20778875057975152,0.368106945830689,-0.06922690696437775
1673,0.1924203861267358,0.3482544087126625,-0.08788418201587446
1674,0.20230941194745108,0.3264292898211578,-0.06240894046891597
1675,0.17032910365460313,0.2297063177873831,-0.13448512889427577
1676,0.19921947186759065,0.176231063526001,-0.10952511381283372
1677,0.22484073880035196,0.1307151962556882,-0.06823335733360715
1678,0.30630882013843713,0.1365559575427352,-0.0065173372184080414
1679,0.24933982219271458,0.13279630683067128,-0.052028800161508716
1680,0.1822982456536317,0.14447306803256071,-0.0963138477846467
1681,0.09654233030207254,0.21678605388298564,-0.0923079525672221
1682,0.09832793807404293,0.22075769667521833,-0.014605444243771455
1683,0.11727958250863495,0.23947262385046356,0.028058766401564555
1684,0.08697231278963034,0.1927614945985976,0.0107061987033875
1685,0.07244343470162624,0.18865343889337136,-0.015143050322858263
1686,0.023096536456202486,0.1755761142502971,-0.043845707025918126
1687,0.007316048333956605,0.14400586303207005,-0.10833676436904938
1688,-0.042172250737260206,0.06440720179772254,-0.1489776319485333
1689,-0.05147440218126084,-0.003089125766660155,-0.19727474810303772
1690,-0.10443735970141609,-0.04625037400529724,-0.17092749372628877
1691,-0.1312556635110008,-0.04387773699130517,-0.20743329548447698
1692,-0.18737198513048164,-0.04044767261576936,-0.1855697878717559
1693,-0.19190816872001315,-0.024744549874208127,-0.1647244156452494
1694,-0.15077642836657337,-0.00813477670768374,-0.08791373748921828
1695,-0.1067111021655555,-0.01246090285903042,-0.09480260476301453
1696,-0.11563869696998222,-0.04760623008421228,-0.14066835282162984
1697,-0.18826098923441992,-0.19126980525619078,-0.24385548806617885
1698,-0.2189485300657366,-0.2716538020126866,-0.2929815775686928
1699,-0.16210322421908127,-0.3122457208982418,-0.2710779470140682
1700,-0.11777432730837602,-0.2171202054574884,-0.23680446992432574
1701,-0.12234941661805165,-0.1906727682624567,-0.1977567528897008
1702,-0.18306061685045202,-0.14909156105659438,-0.20280165579284123
1703,-0.23926483388972994,-0.18580252552794646,-0.23295095873478433
1704,-0.2001613319759457,-0.18242937045390925,-0.22169743398920283
1705,-0.1569244517141946,-0.24226433814064532,-0.1968356925417033
1706,-0.07020034154625987,-0.2393289320251391,-0.1241584218136111
1707,-0.05235403364179967,-0.2217797979658845,-0.11953096865833084
1708,-0.051969009515564504,-0.20349234531800986,-0.14094447346533462
1709,-0.05241627539526365,-0.20400800574538336,-0.14194400452784586
1710,-0.1440855507644799,-0.26245096844301036,-0.171789206114951
1711,-0.1451491909380619,-0.26839274920044925,-0.13706276919589805
1712,-0.18295308892758258,-0.2458978144883898,-0.17822824870390358
1713,-0.16358422618829055,-0.19055838643346232,-0.16445553792726114
1714,-0.14525856118513725,-0.13055928302962252,-0.16467001223435798
1715,-0.11645891600032052,-0.07741798669940707,-0.13133252616052074
1716,-0.05164131405841001,-0.03397768480882847,-0.08163817890241462
1717,-0.04593221440393404,-0.023078664731732288,-0.03910039508967132
1718,-0.04900794814650244,-0.061519847697604414,-0.001315110488946504
1719,-0.07337299005446665,-0.09860320556159366,-0.014994872981773776
1720,-0.10310083950982624,-0.13966650163769484,-0.026332237334353845
1721,-0.09316510193186567,-0.12694698252538128,-0.04664951955568064
1722,-0.08100893046515083,-0.0944859969726925,-0.020320544627205183
1723,-0.04528313749816197,-0.056530894066736684,-0.02222924969788346
1724,-0.026729687682870307,-0.034714431249460186,0.021966204529624975
1725,-0.011061958801059736,-0.0266764633847731,0.03133934750850076
1726,-0.02368511252843279,-0.028733953278567852,0.07089897437097958
1727,-0.036929499736518004,-0.03048615922371977,0.06214550661243176
1728,-0.05002327296617574,-0.05940943164459215,0.0456025784580859
1729,-0.04627892608297765,-0.07085961989952332,0.013259885141161143
1730,-0.06529682168508404,-0.09299078838432044,0.04524612172874904
1731,-0.07601363564422596,-0.08146957633142604,0.08601040920547497
1732,-0.09789358593091538,-0.0984156909870007,0.09850639862468086
1733,-0.07230746064829793,-0.08028245497604668,0.057827886299398876
1734,-0.06243910461979302,-0.07975742726376514,0.017175883560980744
1735,-0.057304727874873555,-0.07312151710077204,0.028509988813362665
1736,-0.07419454459686357,-0.09880546957547437,0.04239632990763277
1737,-0.07466575323015769,-0.10556910584080208,0.052353401129087596
1738,-0.08067364367356503,-0.11289793451725981,0.04853095762519513
1739,-0.0829661830713272,-0.1173397727823726,0.04270628493502926
1740,-0.06615263214971787,-0.0955647353060591,0.04624251277265423
1741,-0.011329896092826837,-0.04294381215536931,0.04655909546084641
1742,0.031681452196762286,-0.0007017853491336239,0.06004119611948288
1743,0.05111103204268651,0.023893297477446816,0.05644761192526575
1744,-0.003949015769835828,-0.04048019661421632,0.07946531991658
1745,-0.04690441626919361,-0.09139136938770712,0.07803814763415126
1746,-0.07417995904947097,-0.13719321526956033,0.10764818979857778
1747,-0.04697855823098277,-0.10804691139056787,0.1000877384407294
1748,-0.02754385338764185,-0.07815364420395236,0.10520537257594645
1749,0.0038743370904756958,-0.04406193153685128,0.08401049839166055
1750,0.034934377811663433,-0.010119621112215208,0.048064701564806155
1751,0.03774391990678262,-0.018384761086764817,0.019616738799734357
1752,0.011047574895099447,-0.04917793730294195,0.008144094383487904
1753,-0.007179845253557086,-0.06366300368948571,0.026410124991961697
1754,-0.022204546973455308,-0.0758436009366961,0.028224423005785936
1755,0.0070226635781793735,-0.037715454029830835,0.010974916237577905
1756,-0.07350059098691691,-0.11895980580034943,-0.012351193815790357
1757,-0.13016220150468222,-0.16602047204643416,-0.028104625935116218
1758,-0.19128257886096778,-0.21919746004833376,-0.002776715882377888
1759,-0.15991108286864664,-0.18077823461570214,0.024564180947280148
1760,-0.1807889616681254,-0.18215168022477174,0.07807780610289138
1761,-0.21606395756806926,-0.21161648301934186,0.06437090038173746
1762,-0.2681840710262713,-0.2752448271085439,0.05366479866019728
1763,-0.2633489780070153,-0.2945805155454174,0.011673755308873242
1764,-0.19676795868933128,-0.21506077697839676,0.00340582131629205
1765,-0.13558415977778532,-0.13187220242576225,-0.0003220050522623121
1766,-0.0850576710290544,-0.07183170901333896,-0.010384537340009374
1767,-0.12833526976081686,-0.12878238118313778,-0.003800492749178206
1768,-0.1728364851357336,-0.20259621173434714,-0.01567600706234938
1769,-0.20490838323072533,-0.26741567756352935,-0.05522577889043522
1770,-0.1923971451736948,-0.2660953261203499,-0.08004170497312728
1771,-0.16679443903140534,-0.24558900149261778,-0.11162859966789383
1772,-0.1859188391060242,-0.26401407865468907,-0.08747461762696682
1773,-0.22299860095573623,-0.2960701890631226,-0.060447448390616526
1774,-0.21239712420171997,-0.2671356123853674,-0.007221426173265899
1775,-0.2060523715612371,-0.24921704034187878,0.02700241896156384
1776,-0.12660857609995427,-0.1354519314204968,0.08297199885816205
1777,-0.1142342910980244,-0.06614762050654295,0.15932370465162346
1778,-0.07176482369652137,-0.004149205960775941,0.18074812463045678
1779,-0.10927017084031194,-0.048719977364181453,0.17005980911075444
1780,-0.13124978297109718,-0.12171468915925844,0.10599304713328454
1781,-0.15920645504704875,-0.16755254993428367,0.07406288883371917
1782,-0.16812341373633455,-0.19175813912636167,0.03846889158752035
1783,-0.1748234718768985,-0.20199965519542684,0.002334544957089682
1784,-0.19116811058413377,-0.22395899964047059,0.0017744569339770793
1785,-0.1924287968502879,-0.23493650446218667,0.0024955533052459455
1786,-0.1778455986027102,-0.224466561172415,0.02697856961158611
1787,-0.16514234155965948,-0.20843323537438538,0.025051528925044246
1788,-0.12004690898186955,-0.1613796051006952,0.011606606840928579
1789,-0.06177668346887924,-0.08622993839028342,-0.0011854701055677513
1790,-0.0009414641307408673,-0.012384300095019953,-0.02291286598541749
1791,-0.010574061805104196,-0.021094523754233988,-0.029341068504882915
1792,-0.05408714135496949,-0.06501666124853994,0.03236181740306046
1793,-0.09282600669555546,-0.09840280634093337,0.09200262204602096
1794,-0.08827838458071832,-0.07652943228487896,0.1273636259865742
1795,-0.06819612570397239,-0.06205049161711377,0.08510059453548574
1796,-0.0528722367182564,-0.06120784084487679,0.013048953458010907
1797,-0.07668670390702674,-0.09634297932527622,-0.0060005101298572314
1798,-0.08753369472285853,-0.12573539735190317,-0.02282553587496544
1799,-0.0829439370073143,-0.14495714344844365,-0.04279640343624387
1800,-0.039886526139415804,-0.0991317875286757,-0.07356664609512345
1801,-0.028843565340990026,-0.07801487060097582,-0.08220689312594832
1802,-0.00562099265621669,-0.029429310457955413,-0.08943989062909666
1803,-0.005769364049286643,-0.03284500532141477,-0.11312401439284077
1804,0.01782172883465763,-0.005687200552597108,-0.13365629601601517
1805,0.037002286175177417,0.021511851834882863,-0.12060311268598689
1806,0.0595177222142724,0.045743401016921224,-0.11175369403266408
1807,0.07790253856854125,0.0655106762759615,-0.12361937546132788
1808,0.06964366923563282,0.05253851538308833,-0.13771515833506826
1809,0.0674779368459268,0.0527145819586371,-0.1335748263275292
1810,0.06223214400165534,0.04957240895734149,-0.1151320870565438
1811,0.055254239252967845,0.045762366607109514,-0.08791019872148059
1812,0.052052681952500804,0.041033427028249185,-0.08947927978882964
1813,0.052052681952500804,0.041033427028249185,-0.08947927978882964
1814,0.06732654888236421,0.058669553987219174,-0.09668435430921644
1815,0.06621922398727417,0.06288419681022007,-0.08675253673848998
1816,0.04502866500971712,-0.0056570838761188305,-0.06286816214212625
1817,0.0021288251561674943,-0.11129218766623683,-0.029200658828187703
1818,-0.026475405037023735,-0.18423528716252272,0.013401505574375805
1819,-0.03200020496026735,-0.17226921583383606,0.0414162593531582
1820,-0.00874869671039072,-0.11137401430549461,0.040997071841290644
1821,-0.002333164397116158,-0.10269016108662203,0.00307732364865703
1822,0.002615885716985236,-0.09377787429708047,-0.037269813637652346
1823,-0.006853939680117253,-0.11636848331214766,-0.04951629413748747
1824,0.007469363330409449,-0.09550666883237348,-0.04784976854484812
1825,0.010596457449669658,-0.08594758407669603,-0.038560297869635614
1826,0.020885907467981333,-0.05201964990325325,-0.02654840749445076
1827,0.034970776221487476,-0.009756199985893683,-0.028994807645125853
1828,0.04592129046995035,0.010365402567064558,-0.03310110788214347
1829,0.04943119099770681,0.0056964110024382295,-0.054741098692228526
1830,0.027005153528966933,-0.03669141359052092,-0.05391432307109625
1831,0.029568702543561948,-0.04470354481128166,-0.060102143288762754
1832,0.0263956542207055,-0.04171990669591321,-0.04574746979231029
1833,0.033757167354315956,-0.026816380007559204,-0.037100346012611744
1834,0.030013396735962428,-0.022435658400389226,-0.03358804443182104
1835,0.031111903229850427,-0.04191148084759789,-0.051652351646039485
1836,0.025346533081132126,-0.037869089747289794,-0.07107774454625872
1837,0.023145815634025065,-0.05852033656796915,-0.08870448873432023
1838,0.0022387241087416057,-0.0688775898722238,-0.07320442290479427
1839,-0.04105213691891443,-0.1396135210851271,-0.041487446553082695
1840,-0.031851678165054624,-0.12126512145999456,-0.03942604430745016
1841,-0.03957363917839355,-0.11732767630392456,-0.04053076993146001
1842,-0.007468685488236684,-0.050528031241370876,-0.07535662526876133
1843,-0.029975580610801484,-0.05296040819065467,-0.05651110278885665
1844,-0.022882382894639848,-0.04978068083104565,-0.06414073337889112
1845,-0.03298040414303808,-0.0620523902745797,-0.03645830975906867
1846,-0.03225966606854325,-0.05918225199426237,-0.02743706644767503
1847,-0.02064598297462037,-0.03946241855836398,-0.025234941562838165
1848,0.015370138953803203,0.01288314920545944,-0.028314167014156046
1849,0.03837407740723823,0.04540414954314416,-0.02046007514788117
1850,0.038037225202338196,0.047089502992402034,-0.013174757834248556
1851,0.017161648805669855,0.020076504971850522,-0.011527761159262987
1852,0.02396017033554116,0.025315335195685556,-0.04441100540304143
1853,0.022597132099526435,0.015280217423488564,-0.059220040510761726
1854,0.021370964749291066,0.008836916052051029,-0.07434120102380026
1855,0.009688199824110323,-0.02073489874665639,-0.06301796314250122
1856,0.02789237676156382,0.0056916052633982145,-0.05618676972256689
1857,0.049818019218187716,0.022065824964692997,-0.07251240186145815
1858,0.05100140512016827,0.016265592514005424,-0.08959172965388353
1859,0.029847062494492562,-0.03612124450254521,-0.12101865010336049
1860,0.04268688161720112,-0.030032850296771423,-0.14036014698594132
1861,0.06962151186592629,0.011170926636459055,-0.14784935043700914
1862,0.10728639298289547,0.06874750103942204,-0.15028600894563038
1863,0.09559856238322786,0.06872892223635742,-0.1446188689853501
1864,0.09439574181745462,0.06552054532670003,-0.1642903572631843
1865,0.07255496984954848,0.022687767935406403,-0.14501797656648405
1866,0.05628420116338616,-0.012434838533924297,-0.13388487794497833
1867,0.039466209611630776,-0.035212088079668455,-0.12138284160889971
1868,0.03398233637833825,-0.016307464995601092,-0.11850224359364751
1869,0.011733806886050314,-0.06038833564029564,-0.1382247818768837
1870,-0.008502787912341585,-0.0956695773221047,-0.12973503347986648
1871,-0.04963392771005075,-0.1634371080307007,-0.14336631161125174
1872,-0.05346155149889109,-0.16780131903661402,-0.11145543415339315
1873,-0.06175413055234965,-0.20196020518043817,-0.10447698400819208
1874,-0.01344223728621701,-0.12495520736858792,-0.08634842499584416
1875,-0.011404439631412805,-0.11824760758358857,-0.09249224023898846
1876,0.008809099222699915,-0.05641896348167385,-0.07710689673878764
1877,-0.012974644834499465,-0.0886826414086358,-0.0596033784133494
1878,-0.020905218117832476,-0.1026715587414883,-0.04593650569931695
1879,-0.059039063871084034,-0.18629850530370248,-0.0351755503591458
1880,-0.06802765243352578,-0.22275824725060073,-0.03327098956471435
1881,-0.08331317575517568,-0.24424015435876928,-0.033861543143799425
1882,-0.055713860567501064,-0.21210110552241399,-0.05214236047739814
1883,-0.06866783976700055,-0.19983428386515548,-0.048188686537165966
1884,-0.07259981755245375,-0.2027028283766859,-0.044682067778834954
1885,-0.07678746673576546,-0.20104722567212166,-0.04449197499519883
1886,-0.05878971618697198,-0.21773276802980357,-0.05582282765441839
1887,-0.035675133189696326,-0.19858037047856242,-0.07699779715360541
1888,-0.0732468460645443,-0.16948625909299633,-0.1003155624051303
1889,-0.061359257304845184,-0.07517967676827216,-0.12157772841778686
1890,-0.04835866688411291,-0.014642127827145707,-0.1070476125692052
1891,-0.0021580340906517167,0.012931194703335293,-0.07539248944966902
1892,-0.0329460670573259,-0.06181377776742525,-0.02940101214576145
1893,-0.06654663700687465,-0.11628128475221111,-0.0070420835056871686
1894,-0.08084879574286197,-0.1593072769052293,-0.002909928402312187
1895,-0.06627324260926243,-0.15591919267362472,-0.03112171119638062
1896,-0.0911480602671857,-0.1606969397026873,-0.06969603612456993
1897,-0.1226255267517468,-0.17425244763965553,-0.11198591116689405
1898,-0.15206729190967236,-0.1921836704483489,-0.12260104483752633
1899,-0.12425556247059667,-0.19886813927763758,-0.1554058094087453
1900,-0.06004422805830659,-0.13120915701742566,-0.1548742331953247
1901,-0.0224447332371685,-0.07013399014915535,-0.18553027977822142
1902,0.0073338668032697394,0.004247819274526547,-0.17304125428148712
1903,-0.02484120934344542,-0.018303957061666033,-0.15567957345271233
1904,-0.021200689924664343,-0.00649412992482975,-0.14446063508417079
1905,-0.03351467455427508,-0.02307826905415681,-0.12793885810677472
1906,-0.015236034435614764,-0.001481910220919332,-0.12882805429470387
1907,0.0063604687359329875,0.012635803720382498,-0.10414286318197465
1908,-0.0061452410808403865,-0.03131111193506266,-0.06632924011047193
1909,-0.05497478473235111,-0.11994450873259092,-0.01747480963354555
1910,-0.10318530794562956,-0.20557918062887257,0.01727592650254554
1911,-0.11765322174037697,-0.22339737659839942,0.021234214755142772
1912,-0.13538351752590705,-0.2109513583210916,0.03227499430677486
1913,-0.1320131149676481,-0.18278691176938222,0.04366059783104914
1914,-0.14849185966955403,-0.17435290756181418,0.05084989634630562
1915,-0.14165126305806475,-0.17667063772903796,0.047152581034025684
1916,-0.15156054208936914,-0.18620370688519117,0.04327210077056932
1917,-0.15755961785541606,-0.19333301898936495,0.045945695232138636
1918,-0.15438475008180555,-0.18799874563850352,0.050754744139276824
1919,-0.1768182076306945,-0.25500375049890817,0.06799416398589944
1920,-0.14276463797598996,-0.21499747650021492,0.04463793017463812
1921,-0.10993142146248387,-0.18076326309095608,0.023065106325071288
1922,-0.050008267448926315,-0.07298120474247222,-0.015427966855352351
1923,-0.05497038131134179,-0.10726807749544155,-0.01523604313355192
1924,-0.04387585357596159,-0.09302553794276212,-0.00890891735831305
1925,-0.04896422954371503,-0.0966035005623549,-0.00234397173272902
1926,-0.039694228160753686,-0.05993533609474052,0.002883054669618344
1927,-0.047748487950285495,-0.06545226886513182,0.0005131177178948604
1928,-0.03606187364906249,-0.053143387864538386,-0.006044601953888008
1929,-0.034402389191938394,-0.07195742467962449,-0.011110613259291222
1930,-0.03908664355980992,-0.10763979276396729,-0.01674191841115077
1931,-0.04902264635271979,-0.14141364961886502,-0.01590486441963563
1932,-0.06423274404349666,-0.14185231870549506,-0.021196961832776307
1933,-0.07984135565127638,-0.1376733555529282,-0.0026630009043817834
1934,-0.08375143900072426,-0.1153123644733421,0.005102733235698768
1935,-0.0782550671073084,-0.10465610915462115,0.014687837899261367
1936,-0.07579130156688017,-0.09489675282590793,0.00702393460198273
1937,-0.10551156767722175,-0.1485485085205653,-0.006355298736192415
1938,-0.11826587967697948,-0.16896495482221185,-0.012895845357063104
1939,-0.14248903419896247,-0.201798626932782,0.0025372807157365107
1940,-0.14764285226591645,-0.19495348913808128,0.02126690708407124
1941,-0.15571840333914408,-0.2050917438358304,0.03291099744268632
1942,-0.1467269519110127,-0.20472416084813583,0.022678772614296086
1943,-0.14548872908414304,-0.21153296623109202,0.02267127931692595
1944,-0.11255969759161262,-0.2116885795786874,0.019757263035051376
1945,-0.06854472766319625,-0.17649944383479366,-0.003454521701343728
1946,-0.018037036567278238,-0.12733653190971408,-0.017730436288418954
1947,0.011657549083834056,-0.07263263524280879,-0.030016089055321007
1948,0.030776643620724006,-0.009220886228003293,-0.044836194930300916
1949,0.05744715372883595,0.03916084442532838,-0.07837508199134839
1950,0.07244017730049138,0.037031268304063,-0.12950046725890216
1951,0.07732102743969274,-0.017338309719337645,-0.1187738638615979
1952,0.0499063304117791,-0.07023333368893954,-0.10265786272413933
1953,0.025058760751148334,-0.08888783717238792,-0.06172338774877274
1954,0.010424061531569563,-0.07026904645031685,-0.05542211584307896
1955,0.011683542092906582,-0.05067984555400875,-0.029718509169778386
1956,-0.014362545320858398,-0.055653185307255965,-0.09639756939429968
1957,-0.038651656797779016,-0.086332606446205,-0.12668100682837385
1958,-0.056828366886957235,-0.09730250675767096,-0.17868494717718583
1959,-0.0683667379470919,-0.14439198982847212,-0.1541123304624015
1960,-0.08575922408949761,-0.11791776174792339,-0.08016894738025238
1961,-0.08156946754864369,-0.13820730255607647,-0.06239302478734277
1962,-0.05389297734268597,-0.07864162176149615,-0.049557891147185
1963,-0.017960203339276948,-0.0919348581450509,-0.11149285764561591
1964,-0.022669482208263873,-0.13406566144132886,-0.10702457484350447
1965,-0.017056704034665564,-0.17696578912328556,-0.10062125322960605
1966,-0.006659280108662318,-0.2136017871896723,-0.09595816273037588
1967,-0.009545610875511874,-0.20800476908639892,-0.08824153143100043
1968,0.024979792840146862,-0.1454584204724801,-0.04792717798424856
1969,0.09325041639736709,-0.05011584526250665,-0.04625975455013333
1970,0.15414543679480694,0.019328888158781355,-0.04645415893564563
1971,0.17484590623022334,0.02056833647220566,-0.06792122409144023
1972,0.13847907636100962,0.02475664387263517,-0.04818927461682902
1973,0.11869401348185103,0.052288192915682846,-0.038219351699956994
1974,0.08726798955757477,0.046263703320064097,-0.05017669552078759
1975,0.08557792622704061,0.027281047304396816,-0.07437659842964922
1976,0.06777751184539034,0.017162822929585264,-0.06460259910843921
1977,0.08971537753675995,0.037121567711261995,-0.06060298286503546
1978,0.10357239923620404,0.058184044133291334,-0.06674891066025852
1979,0.11308530011712206,0.05446553987471952,-0.08126032680064899
1980,0.0581970800539,-0.002069967810298993,-0.04292096175933501
1981,0.006056499770580762,-0.07334397635167356,-0.010427971183531995
1982,-0.018363339732779056,-0.10984337413120113,-0.0036885363740206253
1983,0.00471819045386947,-0.0891830522593048,-0.02791225410757752
1984,0.02374197501552487,-6.164275860959885e-05,-0.0015750218578894032
1985,-0.0069035694107997155,0.026421809431361604,0.056795456443929235
1986,-0.026696841430622544,0.060954322580654884,0.09532747697100269
1987,-0.026610676500931442,0.037440353838549746,0.06743002865702917
1988,-0.0060428934551533834,0.036000949878907805,0.05698142974313964
1989,-0.021935781493316545,-0.0015079534948475054,0.03409925824908489
1990,-0.031176204008011455,-0.008865437676626101,0.03718343963315971
1991,-0.04814215630198299,-0.01409413368816934,0.014568000581874775
1992,-0.04556573026287487,-0.02209979529334092,-0.007810277659332513
1993,-0.02871147896406012,-0.09042310593429703,-0.018852530509537453
1994,0.00901620891384293,-0.10032694713334012,-0.0526324164728651
1995,0.05626275924655087,-0.05443387930766896,-0.0338185228141234
1996,0.03209678011120248,-0.05833140138347506,-0.03261488126720698
1997,0.010455368294813172,-0.11367689216079048,-0.023394415068251947
1998,-0.017636113783942708,-0.17147277795970844,-0.019363136651649373
1999,-0.010768330130052786,-0.14570458743311285,-0.030914023558195183
2000,0.005059208007474641,-0.10706853311572545,-0.01878848508715627
2001,0.0012137908229287468,-0.10924542174717418,-0.016706583043345533
2002,-0.00010727833963957211,-0.10844528190574466,-0.00636586072601252
2003,-0.016590420374706333,-0.12823131535557136,0.0004856806237815478
2004,-0.005960940108930746,-0.14337770604669273,-0.0408537596975718
2005,-0.002757417168012018,-0.16472561454918888,-0.05916512616322801
2006,-0.014564889358079236,-0.18326484528393658,-0.06337740635254789
2007,-0.04235728469595754,-0.20291348358194963,-0.04386343460031917
2008,-0.0666581965239955,-0.18935649822805592,-0.03202054332642518
2009,-0.07020715237202202,-0.1590801699107162,-0.023025043870104078
2010,-0.057485479539492707,-0.08629975579638831,-0.01617443950572841
2011,-0.039723775398261274,-0.04183104522832963,0.015152582342094009
2012,-0.036463401247240776,-0.027999553137729574,0.03723054153498424
2013,-0.028165804635622634,-0.008465885696206217,0.06535847448051342
2014,-0.032462862278973145,-0.01808732523838351,0.05207687690904095
2015,-0.00975418477255999,0.015838593844802615,0.02384671329072342
2016,-0.0030229740921970017,-0.019451303500299364,0.0034760848809196995
2017,0.03833833861187206,0.005533565956774333,-0.011940594666340943
2018,0.05205189211425162,0.017423697972804863,-0.040670239363761816
2019,0.041431129626942294,0.04937435308610147,-0.07497740161546027
2020,0.04179964111377872,0.05590511949526214,-0.11595827915810376
2021,0.05122454750639343,0.053615855114134234,-0.160103177405059
2022,0.08546292513893394,0.0741199151684577,-0.15379852047885778
2023,0.07874696167834155,0.07610293689058742,-0.11537295666042266
2024,0.05661578309130275,0.06009201624690373,-0.024950195095267604
2025,-0.04201142418397819,-0.004545365698935319,0.07570785451554636
2026,-0.08970674367947967,-0.05441180589901052,0.10916185318252564
2027,-0.11706408415803272,-0.08785369062042968,0.11735666947040976
2028,-0.029485229610447722,-0.026985140194009584,0.03315404638388564
2029,0.004704669610071143,0.008413479116555067,0.0010854299281065432
2030,0.03664174673104388,0.03260389230737768,-0.06427660443747948
2031,0.031965121252995526,0.01919580141166948,-0.06741646942859235
2032,0.04646062652646757,0.03430132894560047,-0.06289151660395995
2033,0.051327120372976445,0.049596459082901626,-0.03471932630969082
2034,0.04415280381379333,0.042804836028255085,-0.01433224115652454
2035,0.051689809894857726,0.03676376008994633,-0.0037273336422481906
2036,0.07826352905438207,0.042346660049803427,0.00010046137500622818
2037,0.10032378142361323,0.06625571874758653,-0.004831888401033596
2038,0.11062400934932952,0.0788063512002835,-0.03928145015502691
2039,0.13123418482182225,0.09415683231052409,-0.055493331411936485
2040,0.10540778129787298,0.04245484833371963,-0.050912941871652455
2041,0.05420572196844286,-0.025595928633027367,-0.03161795276530558
2042,0.013334834748773085,-0.09667272398864224,-0.017165999596014562
2043,0.02013565124376074,-0.08315665371808677,-0.029666950804765852
2044,0.09335533449546754,-0.01903058942292295,-0.07567069917964371
2045,0.12594983952728603,0.04988281429707519,-0.15261206146728035
2046,0.16199128647627398,0.08204635783894254,-0.21549467484466514
2047,0.1475523840165174,0.0865199650112814,-0.22785212729541302
2048,0.14266364553646463,0.06571797874314082,-0.22891345515510475
2049,0.14465970976155457,0.09023239439001564,-0.21931259675169595
2050,0.1421157351297758,0.08294663189082643,-0.19825756674483924
2051,0.11878613944272748,0.08637193079341841,-0.1642211319592617
2052,0.1122661545462818,0.05181235579084408,-0.12606308445266812
2053,0.12685771367583365,0.048277060546436726,-0.1029303485431994
2054,0.14815610342041405,0.016578535303703467,-0.09054533097693244
2055,0.1357649810377446,-0.021590884636111394,-0.11563833957019479
2056,0.11003266908019314,-0.04730944814868943,-0.09878902813396426
2057,0.08995555270294699,-0.04602234614577971,-0.07820241848483443
2058,0.07082216071297674,-0.05866788708815691,-0.042401785832610665
2059,0.05439602936317938,-0.09252481293318324,-0.02109623339454858
2060,0.03880735848830528,-0.13704298645980822,-0.026427665678656096
2061,0.03539732618737428,-0.13308320231023413,-0.029437698872103134
2062,0.032178460410479344,-0.12339697006423758,-0.03593388061544029
2063,0.03866855157819692,-0.10734953854507334,-0.028089924191078874
2064,0.06857211152214504,-0.033132190955845076,-0.06594897668662694
2065,0.07788827979816079,0.015440628388433313,-0.12125426754950609
2066,0.07206229919566816,0.06018168312631083,-0.17218183032775036
2067,0.05109428691116091,0.0507670821195115,-0.17002250658365664
2068,0.06514924141225782,0.06053377900179946,-0.1645683283437062
2069,0.08274991486697829,0.05167987640079458,-0.17801674396981568
2070,0.09125578121115441,0.03948309647459027,-0.18391627743783193
2071,0.0804383160700241,0.02777886522463048,-0.17353716894757787
2072,0.08266941936118047,0.04031426402725117,-0.1623483957148206
2073,0.08325496390276925,0.02079632996749879,-0.16683739554452293
2074,0.08437488544176484,-0.004107152874946289,-0.16558750464054325
2075,0.07159494254254462,-0.021099741304611626,-0.141908224723489
2076,0.025716454042498445,-0.0007417920516245223,-0.09631998672607252
2077,0.0066083053042813615,0.03280744617539902,-0.062336034919060736
2078,-0.0022433213619430913,0.013506013240948049,-0.056798208556262095
2079,0.03817208608606184,-0.006990743430354433,-0.10103394654472762
2080,0.07002431269861296,-0.05129598451642311,-0.1308115071005384
2081,0.10081446668260716,-0.06320769488708294,-0.15317476042381736
2082,0.11305525598129561,-0.09412448600794343,-0.15338587984283034
2083,0.10983080042151151,-0.11285810513586342,-0.15518590863573242
2084,0.11681966955305773,-0.09235117077722353,-0.17041002585497897
2085,0.11283033108597279,-0.08013564915748395,-0.1742597073412223
2086,0.09849853800022021,-0.07132111218819351,-0.17272084396635778
2087,0.06682983138136467,-0.11483434560190865,-0.14587316556070387
2088,0.06055966928053227,-0.0777084403525949,-0.14154482392769985
2089,0.05310928557594135,-0.0442139447168719,-0.13989200093157161
2090,0.06039594202717254,0.010920034002978748,-0.14207469414186255
2091,0.05275928710274509,0.000951596645773281,-0.13400896832993225
2092,0.051932711860920175,-0.0026586479708264853,-0.11516437431176244
2093,0.07310040686346653,0.0111081243913742,-0.11883995693664066
2094,0.09817799473573303,0.014934218748590352,-0.1178460418112515
2095,0.13250532071568374,0.026529183197387365,-0.13627187522866543
2096,0.13017100438579665,0.020112371769556735,-0.12856332218293695
2097,0.12803225745528957,0.012019387441624552,-0.12586917455222363
2098,0.1420246445216334,-0.02612742487580082,-0.12256204393753288
2099,0.12124457509959248,-0.06070743713241546,-0.027368509974102635
2100,0.09031877254961344,-0.08049980048082629,-0.013288612132626656
2101,0.03674513905945278,-0.06844545340097552,0.0009434404159948731
2102,0.05089401545642676,-0.034607002845689204,-0.11973564867468385
2103,0.04254698915847453,-0.03907498337681454,-0.10779702508768868
2104,0.020541624160194054,-0.059628774146757206,-0.10023322935501418
2105,0.014034000750987718,-0.049716706311685344,-0.057055662898691066
2106,0.03568233184707261,-0.004859025294081983,-0.04635815919111577
2107,0.040737070754275725,-0.027371914171637188,-0.015899649790166528
2108,0.018633457310910557,-0.06963238250567914,0.013657501752954507
2109,0.006691148622306315,-0.1137286722789856,0.04255427038256289
2110,-0.0008753593669115219,-0.11131942638423185,0.03423190931194593
2111,-0.00663986598728045,-0.1244667770178392,0.01145099888713983
2112,-0.0028426709774568727,-0.11869535353719236,-0.0375686332580545
2113,0.016890220388456178,-0.08584228940374801,-0.0468175663448439
2114,0.02144472314011053,-0.05705171546358183,-0.046300510168281135
2115,0.006794569627313623,-0.051409322070097345,-0.04733665789102213
2116,0.020144085465526092,-0.021543167894944808,-0.047519515885377714
2117,0.06257671431015652,-0.011303274042220188,-0.06481046663174664
2118,0.09615214516002059,-0.002358479126447841,-0.09546088373792413
2119,0.09547111802528832,-0.05869501783225933,-0.1202733123194771
2120,0.08160102023896462,-0.0723930315599386,-0.10170322897245056
2121,0.06906101613060663,-0.08132475314568366,-0.09203074706852069
2122,0.0876438500527548,-0.02016029874821902,-0.07892470877141321
2123,0.09728109359012663,-0.012087477111849963,-0.09197933589854311
2124,0.11352562950829553,-0.0073847714153028035,-0.06914026005942989
2125,0.11284213674558453,-0.02275728697043243,-0.07812505245779666
2126,0.11224991822836725,-0.0045298314978165595,-0.07453110738372683
2127,0.10191120756809681,-0.0031110070168390803,-0.08653308338844343
2128,0.09556916512362466,0.004384309048349811,-0.055419575240689356
2129,0.09972366673626908,0.025149578456058967,-0.03465709490219668
2130,0.09714229390516184,0.029598400620541164,-0.003177211900766812
2131,0.10901064073369003,0.05020662105953092,-0.005043065795139471
2132,0.10103185794085233,0.04090978388655451,0.018525158933646996
2133,0.10730192343445387,0.041950291741276714,0.01539051281510858
2134,0.0927569241469172,0.021918642362253212,0.005678802318004317
2135,0.09018004611930323,-0.0010316914635334512,-0.023751451421643095
2136,0.0936054495968097,0.030001217921795133,-0.05573187062973889
2137,0.11480119446687245,0.05433774631532157,-0.09145250635689436
2138,0.1375743041487515,0.08149369885866915,-0.12665703892352037
2139,0.16205807744242012,0.07545372684614247,-0.12704394957221163
2140,0.14122531165488736,0.050277852802709036,-0.08554904083920864
2141,0.12542632847899227,0.06288196225324537,-0.08061561543886002
2142,0.07469870013341487,0.030694021376189918,-0.06468876794761658
2143,0.06670690919691649,0.014881650091436292,-0.08410653943133482
2144,0.05859750219979679,-0.024763355898875114,-0.07981594174324277
2145,0.05422185595287166,-0.024536034437235232,-0.0876471672526363
2146,0.05256554482780729,0.0002345036151969327,-0.09844012745887788
2147,0.039814045276610685,0.012695028264035986,-0.08253044150035407
2148,0.014471414989412432,-0.00021266149509035928,-0.05765771259561036
2149,-0.01840138069283115,-0.05430596162157618,-0.033519092738992846
2150,-0.05788336412595621,-0.12628192685717846,-0.0024709519579962647
2151,-0.06492777229121716,-0.18949988087596248,-0.00899154232636049
2152,-0.04454037299065345,-0.2333474683531072,-0.027391878521427777
2153,-0.003485017975579608,-0.2180017445512414,-0.08512190444827272
2154,0.02168292872068031,-0.20994087950022247,-0.14290263997188646
2155,0.028156991823863203,-0.17314228716753774,-0.16270734584876945
2156,0.0314808385383347,-0.16387924820544203,-0.14272738466933094
2157,0.008633487805981969,-0.16255773794158956,-0.11443681871240657
2158,-0.010343177684885964,-0.18789120589303457,-0.09804676850369327
2159,-0.01440969111642551,-0.19409942059761437,-0.10453268746228844
2160,0.019004078133436172,-0.14643133604163416,-0.11400535525432279
2161,0.05282950268229088,-0.0951979226821468,-0.11113828361208634
2162,0.07663631694362806,-0.05254641970068061,-0.11693658901183926
2163,0.09569618705461916,-0.03192225282135372,-0.13266663034499238
2164,0.1180828905960425,0.008229040545791877,-0.15644883622985312
2165,0.11900720301307248,0.048234732902566205,-0.15857421697780652
2166,0.1098230053286651,0.07668416615488739,-0.1600449278353081
2167,0.09209900502875946,0.07430498142410126,-0.1510775308529987
2168,0.08757056896342741,0.04563777714352225,-0.1742784078625037
2169,0.0665961254151261,0.005250930116633805,-0.1606258142948566
2170,0.06152173207351034,-0.019126422109341498,-0.1613547877903974
2171,0.04362550673511633,-0.017362370220788275,-0.14976497031169864
2172,0.053179971759637915,-0.008104985713865214,-0.14938270047384797
2173,0.05328672753606042,2.3853270523660873e-05,-0.15193035550561818
2174,0.0651549833541507,0.0070655810978255944,-0.15774160037367624
2175,0.07423526575417755,0.033925370076715415,-0.17324503730725271
2176,0.06281032568626649,0.02918825240060898,-0.14747196364574292
2177,0.0716926932484465,0.014566419668407498,-0.12139531449615854
2178,0.07235460739034634,-0.020466973218868912,-0.09388187535153529
2179,0.08472023476189647,-0.03236302284908424,-0.1075494024550782
2180,0.07542328203676091,-0.02471288042374835,-0.10282472957189615
2181,0.06658284805623241,-0.003901994373837908,-0.0932302919066223
2182,0.05492770742948829,0.004335971535486306,-0.08011386414028086
2183,0.056012134065261274,-0.013883350836574288,-0.09027662943656038
2184,0.07861373134581111,-0.0023259344051870636,-0.14357067000198862
2185,0.048663220103538234,-0.0388373844181391,-0.18340006355396835
2186,0.02573211135190292,-0.03513371569897676,-0.21530270786892333
2187,-0.007010061094288637,-0.07414951974189381,-0.19367820313191542
2188,0.03165689817883092,-0.02990829994398226,-0.20495791045726297
2189,0.054613488510469384,-0.022168336446959334,-0.20370034628497347
2190,0.05150823614317062,-0.02826448926966207,-0.20885006805999626
2191,0.03232615583982084,-0.04813494414032797,-0.18784975683217225
2192,0.014720859544677374,-0.07494199078476411,-0.19495720592993623
2193,0.016899173134241094,-0.08527076329603471,-0.19030885722327442
2194,0.026586943348452175,-0.11586518593472578,-0.18625732128229877
2195,0.017060001500752313,-0.134939694411315,-0.197673338928945
2196,0.017629748586000603,-0.08513134412983722,-0.19909708707736462
2197,0.01445478593319184,-0.01754518829748146,-0.2089917966732837
2198,0.01705163736509213,0.036668964539431456,-0.18936879124315872
2199,0.009870961486418124,0.02631549934283815,-0.21581548878312448
2200,0.016957578929042424,0.0278493570302775,-0.21515439502433692
2201,0.03430236676637503,0.02976944760462565,-0.2019287941513255
2202,0.037941756775554815,0.031100070322989157,-0.1515474667449057
2203,0.03010425678823713,0.021794052600856425,-0.13025015391473668
2204,0.01909905856820645,0.008041881847660587,-0.12567691339128914
2205,0.008863786557837094,-0.014672195130100247,-0.13647923327211806
2206,-0.006381054617609394,-0.023445780803695998,-0.1408772164177283
2207,-0.011051941271591917,-0.02462604002060528,-0.13804179076107126
2208,0.023696771094036062,0.010822885245729408,-0.13194166421054146
2209,0.07938713745153778,0.05649495404930123,-0.12637498507917447
2210,0.08010822209535198,0.05721182070934771,-0.07977463000895452
2211,0.04482769623400232,0.01545115949296818,-0.022410211301278748
2212,0.02040097840297011,-0.010941421802301031,0.02645265196152015
2213,0.03894761902012992,-0.02534948445604317,0.013614881986269702
2214,0.06569089199835142,-0.0110240583072223,-0.04394896906233456
2215,0.06436915136021423,-0.011758509105384968,-0.0573781306830414
2216,0.0665540001604164,0.011755325941130376,-0.07595626679815777
2217,0.08081879008367175,0.02761505562152257,-0.09200817277220803
2218,0.07394956468914643,0.013851939101017001,-0.13760247846651116
2219,0.08013128451363104,0.01732567241209743,-0.16594165303605757
2220,0.07135622171063159,0.01465504139836156,-0.16131555234695916
2221,0.06304466369721237,0.015041944481705831,-0.16239528988479898
2222,0.05368503797109113,-0.004614222760144915,-0.16845544325249626
2223,0.03722417133148513,-0.02401134676805825,-0.1822152503016485
2224,0.06210411812432626,0.007944187333510619,-0.20446501494136116
2225,0.08852273605340086,0.055372007848698036,-0.21192260780612351
2226,0.1167199200107723,0.09975062033306885,-0.21299630200526928
2227,0.11064850184426399,0.08942918762079115,-0.19336359513067303
2228,0.08911677785075464,0.06286130492019902,-0.18061375352067127
2229,0.07598164749530154,0.030012531892631207,-0.1768334087249347
2230,0.04319105714284178,-0.011786562509765463,-0.17158848330214413
2231,0.03632972650405969,-0.03586161882398625,-0.1480248945309563
2232,0.05065756809455083,0.004135485115423581,-0.14063684609610813
2233,0.07815336399558598,0.06495558202419276,-0.14441600405299118
2234,0.08310322924220838,0.11808865310287536,-0.14129780797357475
2235,0.07585161588400592,0.12010480346717403,-0.14273252779193268
2236,0.04553706233653958,0.0035062630001484263,-0.13954508112086406
2237,0.04590489033832903,-0.09901520805651627,-0.17199854877096862
2238,0.012286100105563127,-0.20339718213119487,-0.17576990063761386
2239,0.015315955727871169,-0.19822250713190664,-0.17695588385695094
2240,0.01647155805867414,-0.18459146222956652,-0.1525860314172869
2241,0.0190934934541338,-0.1781699197585116,-0.12047711972233593
2242,0.009579892744320266,-0.18339632900866454,-0.08768572279208595
2243,-0.0009263057512118835,-0.2049291135741876,-0.09316984137414337
2244,-0.014885033290246921,-0.20655720086474835,-0.09118156580472363
2245,-0.025488986878532217,-0.20200375414593044,-0.08589776737800993
2246,-0.03438276053537223,-0.19264428247218116,-0.05935182217945996
2247,-0.02749161737447338,-0.2005507545220552,-0.05161566227927825
2248,-0.016599539730687105,-0.16624071567776352,-0.07466649425938063
2249,-0.033192138457000094,-0.1468887078848986,-0.06678973380834889
2250,-0.017382511839758568,-0.0857801010418938,-0.09311394316281334
2251,-0.016827392967187337,-0.06877944931065637,-0.12162586993340942
2252,0.0013142965893927466,-0.03381409884612307,-0.19563199767681264
2253,0.00567014308671434,-0.03276820750665767,-0.2272982294966286
2254,0.009300787716298966,-0.042467778972995245,-0.22636748424243
2255,0.0199803201193413,-0.054612474416729354,-0.2031801869359711
2256,0.023358301286586447,-0.02074997166717971,-0.204380067286717
2257,0.041232261766621814,0.0320233020307593,-0.2009113955990104
2258,0.049022136947449335,0.06970913138913061,-0.19563114661907954
2259,0.029443910622104472,0.041837652398483985,-0.175516764819563
2260,0.019902598865653657,-0.013884165627320023,-0.19236867698190027
2261,0.0251253789641557,-0.04489141141983019,-0.22916725424940645
2262,0.04215008349352376,-0.06495338204792457,-0.24917592816624984
2263,0.060674844961841536,-0.04328530371533749,-0.26875621841774294
2264,0.07125836558574158,-0.023425798011373605,-0.274401451937341
2265,0.08175014931943224,0.006808882947253232,-0.3067544616031303
2266,0.08129051485518585,0.04364052640902755,-0.2871916482138207
2267,0.0767351956288485,0.06880945297483244,-0.26788243703746256
2268,0.06978227393456572,0.02509373632783336,-0.199890587091099
2269,0.050324589908727034,-0.05816299628930362,-0.1515287893810829
2270,0.04453231726754845,-0.13167738069744891,-0.11939822621904028
2271,0.05243585095545937,-0.13181051259626556,-0.11818207902276921
2272,0.06316568033678072,-0.07828042113798296,-0.12883180358691423
2273,0.07238252827152597,-0.03524030737879745,-0.12830148199029978
2274,0.08156152188690016,0.012839255556225681,-0.12712054917634555
2275,0.10883793974552315,0.02266544277739273,-0.13885031513959212
2276,0.091646611369046,-0.007648440428861728,-0.12311544404765976
2277,0.06999027306156785,-0.025568447874199488,-0.09634298447028881
2278,0.04075414128708891,-0.0423303177316697,-0.059034534417776216
2279,0.04156985210320441,-0.03405350660177417,-0.07130662804934876
2280,0.05990098708698398,0.006624060797436012,-0.12431264526000807
2281,0.07813803278429583,0.05609288681610779,-0.16663473048419883
2282,0.09417604025465566,0.10892844253923553,-0.18782138322227473
2283,0.10216159440349805,0.11931403432168208,-0.1822112941104186
2284,0.09184774870506264,0.034417647690498834,-0.18318773177671874
2285,0.07997759033634884,-0.05056044376605941,-0.1735765061006969
2286,0.07269134336653417,-0.12144382201723014,-0.17034538864888435
2287,0.08182939945866083,-0.10208110368901667,-0.1613803663739279
2288,0.09037847240186249,-0.08060876881201358,-0.14688170733895392
2289,0.0832084278484302,-0.07328993223681228,-0.1310236979698426
2290,0.06719763519509049,-0.07256630772058825,-0.10909227958824595
2291,0.06286273025225902,-0.07708750342758247,-0.09639482522731782
2292,0.06184325110600135,-0.0841317315522327,-0.10006567110694276
2293,0.0936410876521942,-0.07645806697462836,-0.11887780594736004
2294,0.08919798725895507,-0.03763538203568471,-0.11520147901063849
2295,0.11136222886413571,0.00994076767718503,-0.13587690317848342
2296,0.10387403387268244,0.044654449937252025,-0.13646718443121988
2297,0.10363580083188625,0.016847873313875196,-0.1533024219282214
2298,0.06803246602781951,-0.014334797397981103,-0.1241826443254796
2299,0.03700704335834623,-0.04409320674704636,-0.09779524623803368
2300,0.041050996745267326,-0.013038189644458778,-0.08535117965719229
2301,0.06420495079103404,0.03275548011049978,-0.08063051922203718
2302,0.07689837646127043,0.05411034340964968,-0.09641540086720327
2303,0.06362724256992493,0.04854930176691456,-0.0869617927741566
2304,0.019739103063704366,0.014744944393080502,-0.08253009838881928
2305,-0.012255293523860622,-0.026732521625019705,-0.05396252971583113
2306,-0.03861352125119781,-0.08203079390024672,-0.048455980707694024
2307,-0.03501682446207445,-0.10843960936926365,-0.05446139307843299
2308,-0.03356095614001007,-0.13984392958124375,-0.10072727734951369
2309,-0.03856977394028531,-0.15512751999668717,-0.1086081409950083
2310,-0.034871597038249665,-0.17442124974634415,-0.10894402679429388
2311,-0.03166646096735663,-0.15628090075430487,-0.0760470629099539
2312,-0.02139356856026121,-0.1371117196128616,-0.06928152133446931
2313,-0.04528090085475955,-0.16419723579868947,-0.08702069205681005
2314,-0.059930938485669966,-0.20756787973430252,-0.08697890529171566
2315,-0.07128964564520884,-0.2421116213502354,-0.10563813820343743
2316,-0.020284198543754215,-0.1947416608645982,-0.15412251608557623
2317,0.02318792115845606,-0.1433139858662104,-0.19531360416330276
2318,0.07280675301071962,-0.08242515818981462,-0.20776988054784148
2319,0.06184697631926109,-0.06968847491327762,-0.1397827250866038
2320,0.029891510990343897,-0.10268035416433718,-0.09869062713752842
2321,0.003489368539439355,-0.14737139894319082,-0.07484794601080146
2322,0.014179095037852401,-0.16003087094509194,-0.09651300139369429
2323,0.010157913999498508,-0.14233649549512123,-0.10234868202878018
2324,0.005176541674184791,-0.11768441539371732,-0.09354294325820972
2325,-0.02927923090363032,-0.11614435998400041,-0.0799058337565637
2326,-0.019586762156948746,-0.08193846300361914,-0.08742615232193833
2327,-0.05632445508977151,-0.04151683876309117,-0.056660343780443496
2328,-0.03866318411353034,0.024209886171099572,-0.05740804449613895
2329,-0.032003002698034605,0.0771269698212108,-0.05397951327418603
2330,0.04716418949486869,0.09596460570338788,-0.12612823950855706
2331,0.09557049888753175,0.07623589352978159,-0.1824167945927787
2332,0.05489088486620671,0.08899044655243768,-0.09609997929056822
2333,-0.008124090237971077,0.13059712081484673,-0.007216873054111883
2334,-0.09510146033999954,0.18251318497850091,0.08406197368213249
2335,-0.09621124922582643,0.1661047703059217,0.006059820441532204
2336,-0.07027734662832986,0.16589529932872912,-0.04274436499977837
2337,-0.06548587961204635,0.15008880273776126,-0.08614402588321607
2338,-0.0981294496631772,0.15104666490558033,-0.08873438540632626
2339,-0.2231687950167911,0.12040524628497555,-0.10388073152581472
2340,-0.24337582945945901,0.08141624108300141,-0.04537769302293814
2341,-0.18177416645664157,0.01675742501866833,0.009044078080201818
2342,-0.0065104777491514585,-0.0027088999378650377,-0.022551264832472242
2343,0.058937218740466174,-0.014827256277439652,-0.09684916152553157
2344,0.04619732841840413,0.01964543001147113,-0.18185196375016216
2345,-0.008696799307563686,0.004739424424328309,-0.17287179612037337
2346,-0.005042889532349225,0.003943959745075516,-0.15799800229448013
2347,0.02298723393765294,-0.03219291393572295,-0.12660430327771333
2348,0.059369980906021365,-0.034272168740262184,-0.12211248829461131
2349,0.05059755543455382,-0.05041384218072684,-0.13618673315683016
2350,0.039870086644886074,-0.053107291186753856,-0.12064059795698728
2351,0.022334702308123087,-0.07769770890542649,-0.11567500675661617
2352,0.1109987957048229,-0.03342207086698626,-0.06015634485588885
2353,0.1730932632858342,0.017207824367211372,-0.07665363689812205
2354,0.23498394149613966,0.07944114296267508,-0.07662226184941716
2355,0.18109954300272696,0.10243586821731644,-0.11956625841058896
2356,0.14985995682662784,0.09051510045660364,-0.12303859919768087
2357,0.11479256700136958,0.052680018842601435,-0.13348991233330265
2358,0.11950530518824208,0.027444053509661986,-0.12245542360998635
2359,0.13849007254028786,0.032790615226617206,-0.12235716451191446
2360,0.1701401555592983,0.05259165753694186,-0.12482248916767492
2361,0.165092739431081,0.06330706483997456,-0.16692838349258649
2362,0.15858214932622602,0.07561987641749587,-0.20822243841996627
2363,0.15415003024555052,0.07154896544809086,-0.2413961620618335
2364,0.16403079344891475,0.05114454237507787,-0.2067470796311499
2365,0.164395140562168,0.04120007961663317,-0.13816127197432423
2366,0.17069014364813728,0.054483200172269666,-0.08060442601165481
2367,0.16763854789840263,0.06449893370528417,-0.049753289867626616
2368,0.17110059019802426,0.07231170665888488,-0.07117871852849449
2369,0.17664733839094382,0.04746591071296723,-0.061157122116984354
2370,0.17370684822191562,-0.009587191971499447,-0.08694333750028803
2371,0.1590684181404302,-0.016023211982931673,-0.11466767656814061
2372,0.10788149598795314,-0.0089772646179113,-0.17385241440192614
2373,0.10355053060435808,0.03878960106864686,-0.19809578487253057
2374,0.05419421161148199,0.04304944799434759,-0.14830999654554583
2375,0.06673704670278115,0.06189251763636923,-0.1006930811911523
2376,0.042745335987697045,0.07462335599712684,-0.07478274313870069
2377,0.07288249696668773,0.08039193165881894,-0.07348479221259854
2378,0.03419155578655528,0.08866572477238403,-0.032475017078429674
2379,0.04926156273983972,0.09265818646510601,-0.045607409340923874
2380,0.06989348460947087,0.06654614223421519,-0.06950794395011506
2381,0.13620912298801818,0.05398957743740055,-0.12225259773759016
2382,0.1491247215109082,0.012585588306737682,-0.1119476601331563
2383,0.149642165712896,-0.019059826781579668,-0.12019436204303074
2384,0.1518678074267229,-0.02970482693131873,-0.1274474287393376
2385,0.13033523504504027,-0.03110837388019839,-0.13107402906279209
2386,0.10367318753499662,-0.017252789705721305,-0.09191600256910305
2387,0.04431724804760186,-0.04913097728115914,-0.056456322223368396
2388,0.027407626971696845,-0.04235228621049153,-0.04399226493167284
2389,0.060884644694250395,-0.06526888783720065,-0.09546017735840077
2390,0.09958560601408376,-0.0369921678359039,-0.1360613378503474
2391,0.15201359071227954,-0.058943355566818484,-0.1464031747241962
2392,0.17152155220654064,-0.044864489973062256,-0.1075367331768141
2393,0.18783123551425124,-0.04697668926427851,-0.08466182245737555
2394,0.17736811646750633,-0.04084736077470117,-0.07049137908674079
2395,0.18819592994127576,-0.029109439344365957,-0.12779024264034453
2396,0.19401458424568838,-0.033838953055430845,-0.1677564767672498
2397,0.1892729031066432,-0.035671615388936914,-0.1955804966868523
2398,0.11749939048815904,-0.07473141748684048,-0.14023367831923003
2399,0.06290687763978353,-0.1294167680457549,-0.043745264847944006
2400,0.09955865426713975,-0.10323561539655024,-0.029929557233484647
2401,0.16687755952135427,-0.030916235772663964,-0.030694489620637477
2402,0.2625819519132998,0.05871567901476643,-0.0760935901091347
2403,0.2570854258694553,0.006807804298314839,-0.09237004897386428
2404,0.24280913299363832,-0.02130083368286788,-0.05014457238249326
2405,0.19417198833774518,-0.021864840546629603,-0.027963508312785258
2406,0.16300117979879086,0.03296549044005184,0.011192529720534979
2407,0.10127431627875301,0.053029224153462326,-0.06386151378271974
2408,0.03753264643948872,0.013737300206325976,-0.09347497951743233
2409,-0.050630607271666656,-0.009889251437457247,-0.04348936542296249
2410,-0.14842352568715692,-0.048083542085633514,0.044676993635571004
2411,-0.26981653560104485,-0.04491749728817884,0.11491695866187143
2412,-0.2822428224804564,-0.057053202032428904,0.10332335445552665
2413,-0.19990085674924132,-0.015166434890623,0.0038324542729928804
2414,-0.04257414776681529,0.04618068852874989,-0.11604399481540567
2415,0.09619878173845875,0.10798734784105368,-0.2379698922006301
2416,0.10879991453671652,0.09121783640138757,-0.29851692403375213
2417,0.14589144020250663,0.08691907817351498,-0.33147651300716713
2418,0.11175017580649502,0.07491312779286463,-0.34237856299415803
2419,0.12724593045693594,0.036304102539233565,-0.32683310901853246
2420,0.14021978706219432,-0.016082204733040093,-0.287055811930786
2421,0.11304840927576364,-0.06314993819815025,-0.24786712593224972
2422,0.06121149696972359,-0.04032051689410106,-0.23310235990803485
2423,-0.012997492151215359,-0.03953522069269726,-0.2324677959342851
2424,-0.0968149252320785,-0.07168620375844711,-0.210815471319209
2425,-0.1061588453702422,-0.09881188811455677,-0.2001344067149866
2426,-0.18053460529169377,-0.15097292333535217,-0.1872341254833973
2427,-0.20567790186080642,-0.16150672387090914,-0.205102805400038
2428,-0.2368872098397673,-0.1877428383514561,-0.16519127265587677
2429,-0.1995858564169238,-0.18529341155243545,-0.1499443901760497
2430,-0.17568867326080795,-0.19576198669166672,-0.13048194422072776
2431,-0.22118527987046088,-0.18521279569256613,-0.18517796966000194
2432,-0.267941428980981,-0.20908515666602143,-0.20522091584861138
2433,-0.30543273902621926,-0.19880607691011232,-0.2044595281770247
2434,-0.30906895446928145,-0.18722535815812238,-0.21402892177741492
2435,-0.30218416002930587,-0.1680865435301689,-0.20066599495247517
2436,-0.2372211776425293,-0.13582577209696123,-0.19883319525874485
2437,-0.18024362432847746,-0.13729971595934487,-0.16620217169922888
2438,-0.09704557207384078,-0.08636902116574824,-0.16516593525240436
2439,-0.09611609418947092,-0.08202231297013769,-0.18066740510800286
2440,-0.03294999368546829,-0.01556062348165139,-0.21198682007963085
2441,-0.030521523315430617,0.008669242306324392,-0.20313137560671435
2442,-0.026221726017308405,0.05861444845062178,-0.24030945754265798
2443,-0.020822650941347144,0.05237359510017713,-0.28061732399276773
2444,-0.009571065151876938,0.027454149246815687,-0.3384246345009878
2445,0.027822760577784333,-0.055365260608310644,-0.33945890943687096
2446,-0.0013240793563925586,-0.11141161057215086,-0.34068415475597036
2447,0.00593876648530154,-0.12151290149811947,-0.34363167179354276
2448,-0.020208573645931913,-0.04606846298367024,-0.4172805043797349
2449,0.001272837149576493,0.0011152848330654153,-0.4168254169016777
2450,0.0028424931415450398,0.020922166204953466,-0.426933880663759
2451,-0.01102474051451698,0.006252300972327861,-0.34332546457872054
2452,-0.03871290874961547,0.033783471610164574,-0.3882118733168574
2453,-0.000428748504768252,0.06919607217924466,-0.38818724972481705
2454,0.11306956100558645,0.06359432933290521,-0.40481888947136474
2455,0.18305082049590576,0.024507938742520264,-0.29752640283167325
2456,0.15576940841777515,0.006894855380979392,-0.2513478158810608
2457,0.08561192940301757,0.03399493630287787,-0.2359395834863464
2458,0.008381435412588348,0.03733971231278897,-0.22754204539844616
2459,-0.007063069126143023,0.02358991155487898,-0.20246109701919476
2460,-0.0920784193979748,-0.0361569976901434,-0.1475669235165067
2461,-0.08691146234697053,-0.055415000632394316,-0.2324235907861046
2462,-0.13173125204741132,-0.11205584320500836,-0.284954893899578
2463,-0.09294289738450194,-0.1968063271342881,-0.3892423016944365
2464,-0.07218434073270769,-0.27456108134774965,-0.3791748738972886
2465,-0.005656190757455468,-0.28836148681886803,-0.3827009856622341
2466,0.051567363333399154,-0.21948794998318302,-0.3796191479765472
2467,0.05664423612888831,-0.16126162740360853,-0.36960923910431204
2468,0.04294781312871954,-0.1571970880572844,-0.32949561227415863
2469,-0.03711296072351919,-0.25902869341184864,-0.19523721645665976
2470,-0.10802821026143843,-0.3192336916047369,-0.06254574688558047
2471,-0.22554039263297782,-0.30996689779758785,-0.05632664746632795
2472,-0.2735788741759798,-0.1635192511073051,-0.11047091952715697
2473,-0.36751787703875793,-0.05035167951271131,-0.29464415600345023
2474,-0.32539238182737046,0.027319113721725487,-0.30872893703537385
2475,-0.27258896864768317,0.06860621602066831,-0.3830223082425702
2476,-0.23061377641056996,0.05768391081299417,-0.24259807100558364
2477,-0.2859267801298468,0.013148082128174487,-0.25513560703390664
2478,-0.2947220976302719,-0.029384794102123222,-0.15640905900940338
2479,-0.20096958677835908,-0.030857607395512163,-0.2633713049321017
2480,-0.08905032274395067,0.029857717071583467,-0.3016027650742942
2481,-0.09135317445391765,0.004663305442209981,-0.4004452170936573
2482,-0.15945668547600658,-0.04814008230681949,-0.4123398529928208
2483,-0.22644681745754566,-0.06772834675140511,-0.37004889390648793
2484,-0.2638443286034307,-0.041403090206294964,-0.18720647393494083
2485,-0.25883266069349986,1.5536229833518646e-05,-0.0034176036426952273
2486,-0.26216682052405377,0.00120304287064078,0.05486755302567001
2487,-0.21944558570139097,0.04233369585481081,-0.004244259450269458
2488,-0.1809553827789048,0.09686890513722558,-0.07439721829850485
2489,-0.1517768509813907,0.15902199027025615,-0.05003082615369125
2490,-0.18096985480422068,0.11180808616061919,-0.06506780783509805
2491,-0.1390002835711108,0.09532485240551712,-0.06858900816834049
2492,-0.10128375085044887,0.04252972903534658,-0.11873764398798656
2493,-0.03397493911829712,0.037477808529469935,-0.10497344676193211
2494,-0.0136840074600443,0.020069083665481713,-0.1279982699744552
2495,-0.03206097996927916,-0.013855774203714812,-0.12259638044215282
2496,0.007084287781005257,0.04370000047976302,-0.14080901943045399
2497,0.013513846938093889,0.06063231358905066,-0.13768330320510863
2498,0.03689457288102043,0.10891018464131337,-0.10738379072336884
2499,-0.028379751081476126,0.0587105198405092,-0.04646449182353212
2500,-0.08815639164904052,0.06866079346358252,0.06277937299072744
2501,-0.08791412650649376,0.07613994904535523,0.09778581317429319
2502,-0.05217705631914051,0.10441646268605854,0.09552557288459068
2503,-0.06261376886854855,0.029361319744195185,0.05127542787521788
2504,-0.14395998891365028,-0.040184100349574745,0.09370024301846522
2505,-0.2459653927719326,-0.13546281675781915,0.1415937921364655
2506,-0.27394256694803154,-0.156087712326538,0.17545929404909083
2507,-0.254796114839047,-0.18624310865648008,0.1583171094380974
2508,-0.1930877472399325,-0.1558658074012664,0.1368110948465692
2509,-0.1482599746028677,-0.10830312627004805,0.11214759190451584
2510,-0.11012396755459307,-0.023163249341944945,0.11618912017031693
2511,-0.10382378305602717,0.005855660467959241,0.11133228537048875
2512,-0.09829600247748409,0.03836318138710588,0.09977575093766987
2513,-0.09167273213055266,0.026593836195646446,0.06114802239760044
2514,-0.08837338390533174,-0.007057178076589742,0.005872229523937366
2515,-0.047170508777331366,-0.01260924616420161,-0.03339482039641509
2516,-0.0007805823362136774,-0.004405432346011674,-0.07880516504294414
2517,0.05399452551321795,0.057014734496849385,-0.07735208915846133
2518,0.04267438347067912,0.04435314858609046,-0.12031146834601981
2519,0.03606860470609341,0.0454299010482299,-0.09190857921174513
2520,0.059902281887251024,0.05383913095203524,-0.09813285854478655
2521,0.07740964810137468,0.06154731431681716,-0.06485215407382476
2522,0.09272190253554084,0.060593921525748926,-0.05779304110634449
2523,0.05287268248801475,0.02355075624440946,-0.02949907726115532
2524,0.05076934399274528,0.03412553345499539,-0.019266945260237235
2525,0.021234601431463686,0.019805838573754352,-0.03625172728394758
2526,0.0011797981967293532,0.03689243763683534,-0.045225034649279384
2527,-0.0063803419970093036,0.06416324317465578,-0.023297795533129412
2528,-0.012203699259006112,0.07603694862469733,-0.007319650682505352
2529,-0.004714383821725963,0.0819937887111374,0.02814013535739333
2530,-0.03383551598583881,0.0370543807486575,0.0644655855437546
2531,-0.04835640120619394,0.02854243562499286,0.0873817231480987
2532,-0.05031552010860479,0.006094887002979341,0.08211734155423597
2533,-0.03935485957705026,0.015107712880336847,0.03988105376337772
2534,-0.026637106590659775,0.022625507276185838,0.006440598783237795
2535,-0.04193071659672156,0.018484396641587113,-0.04006700353663607
2536,-0.0501680113290172,0.015889595714929605,-0.02221080807191717
2537,-0.05534636009734035,0.014495181356547157,0.0033873745384529245
2538,-0.05573008575018468,0.017710856545779245,0.05369453748936361
2539,-0.057607321582596314,0.01234521113813392,0.029618815080000038
2540,-0.06668563340918363,-0.012754731680925219,0.01263518042356899
2541,-0.030380067644776503,0.01967418898494285,-0.07157165583333017
2542,-0.027576962687390023,0.018679382113331495,-0.12369286301747555
2543,-0.02097501527347608,0.015394757734714088,-0.11474861157816177
2544,-0.039984095042729366,-0.013596142119612692,-0.021285057780338172
2545,0.00021686839910816787,0.010182436893160314,0.01105070550068839
2546,0.07276261958846801,0.07393436729430754,-0.06188364130211464
2547,0.10237247721938372,0.10046588366196305,-0.11641730530649519
2548,0.08420902973312266,0.12470660623396532,-0.13966901544431673
2549,-0.008268456666405948,0.06714291922728498,-0.09132248551535666
2550,-0.03068696622618758,0.0334823800817897,-0.10311072812135082
2551,-0.037831825781177615,-0.02391564889628115,-0.0899671621449852
2552,-0.023967948964928296,-0.039660973812560764,-0.1469118360121439
2553,-0.05898839606852801,-0.0690934510134562,-0.19054905992735297
2554,-0.07446440303899007,-0.0795621576542771,-0.21497582796394324
2555,-0.07089946575887666,-0.06942275025651545,-0.17763558442445349
2556,-0.04679157399322527,-0.05225614508323422,-0.13481524583166518
2557,-0.021333033104414062,-0.045034812562563906,-0.10712460096865686
2558,-0.0257595469337559,-0.06158543667392781,-0.07449128691830761
2559,-0.05242572196592256,-0.07328980466208593,-0.0631084155201162
2560,-0.08714269731851346,-0.0906354473461013,-0.02357071983306318
2561,-0.0900254308447145,-0.08998361258054052,-0.007060014724961594
2562,-0.09399712123628584,-0.10443106553682026,0.0028597289826719535
2563,-0.1031798252948232,-0.11755174974945229,0.004110248784890402
2564,-0.10741424430917344,-0.12289619168212884,0.004752595680404357
2565,-0.06605684034042571,-0.09090325070134593,0.009515032253923148
2566,-0.04368382103058811,-0.07447031196228315,0.004092113583168399
2567,-0.02914872060585358,-0.05263819548995152,0.013230899240471187
2568,-0.038264730177975576,-0.031260322016111515,0.030342601213616822
2569,-0.06531230296861511,-0.01585104705114345,0.06024648777779566
2570,-0.17486460992250646,-0.09147511199381692,0.13740432254960833
2571,-0.2660686136047307,-0.19473028218711455,0.1588711336290314
2572,-0.3322688395130109,-0.23738656500684077,0.22042372122337722
2573,-0.34425410909452214,-0.25747511103399634,0.2029539327172484
2574,-0.38595215090776086,-0.23194172717467426,0.2776624838363021
2575,-0.41510589262813846,-0.24046453179832783,0.2878210337868112
2576,-0.42530340922418264,-0.20341508390003948,0.30326421449169033
2577,-0.4004179133560833,-0.1884792910807911,0.27108458991588175
2578,-0.34986349932473987,-0.1763162058495861,0.2224899513798422
2579,-0.3321552135241868,-0.1727776148368285,0.21591845722527944
2580,-0.27582116412316665,-0.14398397603120167,0.17179043196908114
2581,-0.22547961482979284,-0.1286330284146163,0.11722786379532545
2582,-0.17109121585899845,-0.11010466820746681,0.06040416960818065
2583,-0.16370564693241133,-0.11694318695492172,0.06418883302722561
2584,-0.19752666528559934,-0.10521400954108451,0.1002049865715251
2585,-0.19009780757987058,-0.1146468167442227,0.08594458998100861
2586,-0.18991148871300545,-0.11605523746154818,0.0798550768472113
2587,-0.15167872566569446,-0.10909359817839723,0.0498937990288481
2588,-0.16846319496207754,-0.09675039155141968,0.07841437839158126
2589,-0.20594898945572046,-0.09417988164593319,0.10776818884204395
2590,-0.2783321454510989,-0.12855609814527424,0.17637369250747262
2591,-0.2950924958287271,-0.13658749111166885,0.18564030271097867
2592,-0.26425219350500995,-0.1444950688629894,0.168569498006832
2593,-0.17768798996537774,-0.11595261428811492,0.09398707925307632
2594,-0.1281616804665858,-0.1254448076870603,0.04329801807849277
2595,-0.11067988350583115,-0.14633155066950568,-0.00619291492692873
2596,-0.10633542825657663,-0.14588329574356734,-0.024368107751967166
2597,-0.12391743954850769,-0.16599741339831778,-0.0133197724500738
2598,-0.11208275833572041,-0.14587799042478342,-0.0001075887659128737
2599,-0.1472396025136441,-0.18008996639839744,0.04352342554934776
2600,-0.1491905781322059,-0.1804664158525692,0.05164418624920043
2601,-0.17079378144076288,-0.20167885477687425,0.08151641773556208
2602,-0.15719531407128132,-0.19058301571190395,0.05575677583672508
2603,-0.11992304481786265,-0.1452791713879023,0.03899041849018914
2604,-0.12256762291061941,-0.134201030190672,0.03599366989797261
2605,-0.13929613155359663,-0.15253484059084238,0.0449434038197334
2606,-0.18522263239649459,-0.18853312881674847,0.06702696988251533
2607,-0.19348472550013576,-0.18773554988920405,0.07661056955894374
2608,-0.17531947988170163,-0.1724714894485655,0.04920354300984979
2609,-0.14477971375991866,-0.15884697900570818,0.02210464118044976
2610,-0.11781769488196805,-0.15023736648552535,0.013964026297209746
2611,-0.1314434502573708,-0.15975474291031957,0.044684891538565266
2612,-0.13053922585042801,-0.15800068100102305,0.06398425220900934
2613,-0.13194943687234184,-0.16155008418038722,0.057143955735815787
2614,-0.11960062555907396,-0.14375222537449064,0.06408845908852284
2615,-0.12280720504207633,-0.13955070804514094,0.06494115433281429
2616,-0.0631034351489652,-0.07547990109469631,0.014337329642065518
2617,-0.025663147575253103,-0.03629993264257749,-0.021815270868856398
2618,0.020779890402913694,0.011132237870166942,-0.056210137204391775
2619,-0.003798109266803738,-0.011844362861071664,-0.02311286717129051
2620,0.015458632141902486,0.007356089995851308,-0.045155171163707174
2621,0.005106493542313649,-0.001160563260150887,-0.035280716269262366
2622,0.007234692025766878,-0.0016663803099126108,-0.047837248988739485
2623,0.007930701534750053,0.0006344754931614921,-0.04276335963796987
2624,0.01685870378485114,0.0071166276755635334,-0.04884772025471436
2625,0.014393489523184429,0.0032939788076882083,-0.05106349148234219
2626,-0.0022253627599505437,-0.012703014578596893,-0.030414317724835736
2627,-0.01441409983528308,-0.026015811748598943,-0.026300524190447996
2628,-0.046527758655792055,-0.05732533145522005,-0.015219753126950994
2629,-0.09269945950079356,-0.09102203490957764,0.015779108039649256
2630,-0.15716007030246038,-0.12476194880755195,0.060360123752048134
2631,-0.1808948729458613,-0.12205583297228585,0.08767462477177447
2632,-0.15373729854281296,-0.10461239128003973,0.07308839574490152
2633,-0.11787447143145972,-0.0693657428891139,0.060272256917297526
2634,-0.06141721962072268,-0.03485362464146807,0.030526205032550612
2635,-0.07659367656537916,-0.03611799681586899,0.04063249426854587
2636,-0.07231141256282123,-0.042092342665271607,0.025469453839456372
2637,-0.12382283679557629,-0.0673056263290408,0.08967963281230579
2638,-0.1444327961873902,-0.06718186437491507,0.1266022926497622
2639,-0.12762757141438955,-0.047261120234316494,0.14788522381316113
2640,-0.052033659301688934,0.005546522898737918,0.09032805474198331
2641,0.016135135551483243,0.042198386729540426,0.01805400957244261
2642,0.013984204198527273,0.03047259593979311,-0.0023520963576879775
2643,-0.009396919989624929,0.0010315141434553807,0.002799708600718167
2644,-0.017272720668159672,-0.010238946436235267,0.0009549267865776501
2645,0.015003470191329487,0.01882116264311751,-0.031873259656031126
2646,0.011909088483244368,0.033085822909058094,-0.03186894854638925
2647,0.017031865603131656,0.03422905002914022,-0.03834041151473766
2648,-0.017243206621559138,0.024326101179045,0.006204602541636436
2649,0.0032479018579900172,0.02889900965937352,-0.019681249331757255
2650,-0.024835984641326025,-0.009940114907897422,0.002887471814920925
2651,-0.0013609780708997324,-0.012590076520931073,-0.022405942101525533
2652,-0.004899387576266799,-0.01563366265053352,-0.01668970585524196
2653,-0.026408054159242803,0.011336361510617803,0.0024154069818947297
2654,-0.021803960868565946,0.023525107591937426,-0.0024327227157730858
2655,-0.024965184639215834,0.017401602920987996,-0.00972238329417053
2656,-0.015440236101631314,-0.021365033459911677,-0.025284615471454903
2657,-0.035578071147381034,-0.047195015447370516,-0.01517207259789206
2658,-0.04609305168769087,-0.05136941852661797,0.004540989312547012
2659,-0.019976680657285133,-0.024612005939323597,-0.011129839441109948
2660,-0.011712189699970413,-0.0023263389204744222,-0.012082003448033935
2661,0.021961600642040325,0.027460749066242216,-0.027854140914986482
2662,0.012855221280806864,0.03250422274053071,-0.0072020403292127584
2663,0.047572613413404234,0.03982391864136471,-0.021157077187628406
2664,0.0596174531604422,0.03992573172895425,-0.03485321788112405
2665,0.05294190021626014,0.0325348017653711,-0.04361255136139883
2666,0.0589318287590464,0.03806721197281288,-0.06541934119255773
2667,0.048306007140189365,0.028519266437751496,-0.08662818971462084
2668,0.07343830765039107,0.06654826909256942,-0.0692730093070855
2669,0.0526092655537146,0.060260696874081844,-0.03141789309632089
2670,0.05257232562707274,0.06892161946473366,-0.004035972176945774
2671,0.057794996156939935,0.0635384383480467,-0.04617879499139241
2672,0.05813184836183997,0.061853084898788824,-0.05346411230502502
2673,0.06718548854415254,0.06988838519719233,-0.05180797609833011
2674,0.07502095569287014,0.08255341086897208,-0.044242614773141196
2675,0.094482207972389,0.09929313458178553,-0.07568191412770083
2676,0.09216853459591053,0.09903035999184479,-0.08148520551333026
2677,0.08365936303739288,0.0897360412185808,-0.07447993221125397
2678,0.07624569182175872,0.08533422240863378,-0.055762142405054185
2679,0.0652936111007575,0.07788881746908433,-0.03132811635257088
2680,0.06487181516767407,0.06962561060725159,-0.05761126748395955
2681,0.06407607418142314,0.0621938334788119,-0.08253013224265163
2682,0.07318476445320585,0.06640959792183045,-0.11594810205386522
2683,0.06256890883393051,0.056431373028020454,-0.13050743942077156
2684,0.05269942444250768,0.04420204278822687,-0.11995258489963873
2685,0.035919019268325796,0.021650921883468108,-0.1290167714516148
2686,0.032381236866132854,0.019454802258868323,-0.09159248909957415
2687,0.028121811801599096,0.02007907045749536,-0.0753350446749487
2688,0.021218092749446568,0.01797687553899305,-0.03627109445801343
2689,0.021411946573467382,0.017841843952661172,-0.03141028097477768
2690,0.022137904738527323,0.016163152652847207,-0.019861734963082727
2691,0.03786312721760131,0.02313723555356749,-0.0266108363234634
2692,0.04722760904579822,5.794275342145078e-05,-0.05084431311092003
2693,0.06372535511076001,0.012900963862990968,-0.07419947106127475
2694,0.05650930419020367,0.015221199735534673,-0.07445564300297038
2695,0.055809356584159434,0.04632913068464033,-0.06739989333414642
2696,0.055940847676073005,0.052068084972154864,-0.07688914531327189
2697,0.07683445250337537,0.0720149551990274,-0.1039012454773407
2698,0.09351594341551062,0.09228894619481327,-0.11062647476786072
2699,0.1091868777129458,0.11761899753837275,-0.09549575211748289
2700,0.10074920613875718,0.09920502978769878,-0.10413170946102111
2701,0.09039664413102103,0.08668107051790389,-0.1061103799176751
2702,0.07785308143751793,0.06437211132147504,-0.1315140833825759
2703,0.07330861372706145,0.0652502271200249,-0.15323249893455554
2704,0.07128910674876868,0.06740627617483284,-0.1292733246355971
2705,0.06495373308602881,0.06661624934840468,-0.089747964239766
2706,0.06099655345740698,0.06826737792690703,-0.04460971392404336
2707,0.057036348018956476,0.05696058493547185,-0.06517662880914846
2708,0.060237905319423524,0.06168952451433217,-0.06360754774179941
2709,0.07515019147887524,0.0804417224453168,-0.06747465890917764
2710,0.09680244444416107,0.1069664460847642,-0.0754889252554904
2711,0.11349038011463708,0.12028043218098726,-0.11303561519466754
2712,0.1178960305905841,0.1216361464616194,-0.10947421732787356
2713,0.10515184685758229,0.09866426890820904,-0.08241302087780152
2714,0.0821693894187687,0.06762667839272019,-0.05772469277800096
2715,0.0713606243418876,0.05681308495436739,-0.06442425277949303
2716,0.06629534931425554,0.057571577497102934,-0.0613165579369607
2717,0.061552846633408494,0.05790121666572867,-0.05759263849012204
2718,0.049959661106725436,0.05114652556177908,-0.05811390961116366
2719,0.04782747727151193,0.05046407814688485,-0.061030064493869364
2720,0.052461387119762476,0.05840016423980427,-0.05503378423602949
2721,0.0545934388564729,0.058809498769186376,-0.047747876058741444
2722,0.051813677489089285,0.06234376605215879,-0.02303380599470182
2723,0.05568893919935638,0.06370199873250336,-0.036035359554618
2724,0.06971334143481954,0.07798803167456841,-0.03566826040371584
2725,0.08316058507356425,0.08527653837910514,-0.051411858567646
2726,0.08284985974629416,0.08780789962771389,-0.031066950934533294
2727,0.06815175310103094,0.0768925735841646,-0.016863415458170234
2728,0.06359086675552106,0.0758184671115449,-0.02113098742099741
2729,0.06676629717835815,0.07970139889105432,-0.03262149667312844
2730,0.055370115425090384,0.05832122438808227,-0.05411514573006863
2731,0.05136957645682273,0.04840899648873619,-0.06896148110412532
2732,0.03929969029375491,0.0303995288842799,-0.07588449553380029
2733,0.0382668285798717,0.02978402653046368,-0.0736730675709373
2734,0.01882360473098687,0.005978175023971265,-0.0675988717054609
2735,-0.0034216855844647087,-0.019964971901138596,-0.056455129753979726
2736,0.023646647677396042,0.0038434784874592644,-0.0718853222618068
2737,0.056537115165025575,0.03493783669848838,-0.09370311629121335
2738,0.09186284825824505,0.07383439088028089,-0.11977979575391738
2739,0.07698325207171684,0.06333873766168509,-0.10846339678047807
2740,0.043534109308105154,0.03574397081695645,-0.07652684242931425
2741,0.027611266533953353,0.02204783323374545,-0.050803779321038176
2742,0.008734816408046596,0.0026545259539824243,-0.01642364996875573
2743,0.004008182525161285,0.0002611180948681415,0.0016764680569471939
2744,0.0008915689528776447,0.005480738827098437,0.033675855434619435
2745,0.015437054251352571,0.029897837310229023,0.030619404919948474
2746,0.019443213893399293,0.028661907430618295,0.027542175633388614
2747,0.014952026529134936,0.009024515991425699,0.00982588557405517
2748,0.022784159200871835,0.0011203330004587108,0.035830192006590114
2749,0.05554777300247692,0.041192949530021,0.04010860635754142
2750,0.08764150417272878,0.07981071805586007,0.0523727216772032
2751,0.08303705567908887,0.09328984842503828,0.04099708663149739
2752,0.08089056951845197,0.08265425042447526,0.0033770073544616996
2753,0.07520136606306291,0.06941517209244169,-0.009173741005960448
2754,0.07043574265559044,0.04453048105119088,-0.04828623559694376
2755,0.04912357051351752,0.0031617322127767957,-0.034728643970336585
2756,0.028847128196246755,-0.0263394952728361,-0.03328647707404621
2757,0.002319441779734146,-0.04658140923405547,-0.002609941398893174
2758,0.001449194658149665,-0.020525214974559537,0.01788924820637117
2759,-0.0037381599000599875,-0.0019113802476609407,0.019205108419039163
2760,-0.00840619939970021,-0.0064118862558523405,0.01520863825801435
2761,-0.022541808990534446,-0.025652358567941083,0.012708479754065386
2762,-0.023911522909317678,-0.024582507472499435,0.022205225030560997
2763,-0.030948008390234653,-0.03206424482379342,0.027917118012079734
2764,-0.020769375619538025,-0.03728923725284866,0.022679004224850648
2765,-0.020105082771073944,-0.06425424062304201,0.019389456206575235
2766,-0.00030270161810596035,-0.03646217986421761,0.025674467005501075
2767,-0.0011340239974495217,-0.039676435052567294,0.036674763292411684
2768,0.008094055329368351,-0.014076580927169506,0.03497432706665803
2769,0.006205184036977807,-0.03044447106580315,0.025677363094075388
2770,0.027403915826519833,0.010238324807348471,0.017575054787314776
2771,0.04265530949678004,0.035155812000245056,0.02016541846321491
2772,0.0646727968505043,0.06869183270095529,0.0316682172796606
2773,0.05608600685695447,0.07746092521539497,0.06571819699072746
2774,0.05425294626411287,0.09456390999902668,0.10670693486202791
2775,0.03324623799239706,0.06718147961135963,0.1159536504169533
2776,0.03541411795153859,0.05175214932811706,0.09654226938737819
2777,0.024395121932987995,0.027292056283798022,0.062042723505757
2778,0.03528920143087806,0.04517767621989442,0.040291709387519616
2779,0.030028357003866,0.04761234166273152,0.04841380964506714
2780,0.02575360445969861,0.04366246482214409,0.0547767360516295
2781,0.021634214579166252,0.03844690735725225,0.050967208641635495
2782,0.020430121403686267,0.04182013265548043,0.04897489184219058
2783,0.005603529817513997,0.0007975299138909452,0.042890855579337236
2784,0.006159822993515508,-0.009568631347287415,0.029907931013258553
2785,0.02259444441853875,-0.005388056951325717,0.005396989607692607
2786,0.040476673093768914,0.025655453312232707,-0.001285937564719965
2787,0.04293388458167589,0.03375969006418695,0.015989234079203014
2788,0.03685128702161835,0.01602231482118666,-0.0002754956080997278
2789,0.056663693831460624,0.041029835670411005,-0.004296187881961983
2790,0.06341404551103513,0.05138734338967274,-0.02063857923287025
2791,0.0620554052993624,0.07556901682049198,0.010733447844028302
2792,0.03778913850406839,0.05389786185051156,0.021094094265850596
2793,0.027147783110337248,0.04392109566235333,0.025183212685221213
2794,0.02287303056616985,0.039971218821765894,0.03154613909178356
2795,0.024605723567483053,0.038062022076417255,0.027823666821135438
2796,0.0181399703375487,0.024327145309195854,0.010761560219450909
2797,0.01156075444633481,-0.0022128135392190567,-0.02217639789219139
2798,0.016613982454451948,-0.0050738139564535595,-0.04624522497214274
2799,0.02015239195981901,-0.002030227826851117,-0.05196146121842631
2800,0.01591797294546877,-0.007374669759527666,-0.051319114322912356
2801,0.009628088583020314,-0.010381061572745756,-0.047570519761056584
2802,-0.0006099541983637007,-0.022591738502900072,-0.0434277078468869
2803,-0.01857432625206213,-0.032472032225567396,-0.046533748045354914
2804,-0.03709971752088165,-0.0557912658460283,-0.038219105837233563
2805,-0.057480592818678726,-0.08204961919704809,-0.03377140787108477
2806,-0.05840233581042132,-0.08679857073376487,-0.014382206313431916
2807,-0.059142500627668446,-0.0828793065425109,-0.0071505824945983796
2808,-0.033072548668554524,-0.042397802043165594,0.01183109581226454
2809,-0.0007484000138007901,0.0018472573386419321,0.013301929421724775
2810,0.01939083334406722,0.027953964648208447,0.012301622907017995
2811,0.017984067943364383,0.01620104190856074,-0.0026839970191546514
2812,-0.010216245200851605,-0.07501403370092424,-0.03458340179347353
2813,-0.028317416269222944,-0.14714268193622076,-0.06549054233902328
2814,-0.04292700284013377,-0.19500568579355373,-0.09530937075803836
2815,-0.02434555723597358,-0.13701403281672603,-0.05797757733581384
2816,-0.01033321329651951,-0.10045932553048711,-0.023429924003131018
2817,-0.023600861536292945,-0.12168693507395342,0.011259955407964175
2818,-0.058058506048939584,-0.19013900309558807,0.018908711583516463
2819,-0.08665498682656939,-0.23900533198389642,0.01707342096769739
2820,-0.0411229585033749,-0.17759595089234365,-0.008282096068039894
2821,-0.0023753924955017477,-0.10716671659492387,-0.033347560063091246
2822,0.0513621115202956,-0.017203928904698636,-0.05950869362110335
2823,0.04693356278503151,-0.0325643227343905,-0.06330103921345037
2824,0.06089914816994123,-0.02738084230406515,-0.08344281818808941
2825,0.05886899407203067,-0.043739551893542464,-0.09046887026205461
2826,0.05948313078618121,-0.023993846182102478,-0.0820287671396082
2827,0.04279637841713298,-0.027750157478532524,-0.05926950628765728
2828,0.029752605075697512,-0.07782465689423063,-0.0675782542516991
2829,0.01496252524089558,-0.11541626982567024,-0.07279793636704608
2830,-0.012533351421899855,-0.13535569648085208,-0.05484870241740157
2831,-0.03261953633247007,-0.10551566745468269,-0.024926284992631
2832,-0.01614212453981723,-0.048957411550075956,-0.019198507228748978
2833,0.017975334382609343,-0.007231599088215312,-0.03879303673315755
2834,0.054558007566702635,0.03831686224152065,-0.056171795009938304
2835,0.04832343712738056,0.030731735114509925,-0.06345317441545434
2836,0.0429858742132532,0.03014590302299433,-0.061353476706954325
2837,0.03872150654282619,0.02878100819320585,-0.06718578647236571
2838,0.04123617793551622,0.03374222201556763,-0.057075307323489845
2839,0.048189133934220925,0.039733150152327264,-0.06142704982127415
2840,0.05032131776943442,0.0404155975672215,-0.05851089493856846
2841,0.04519519305264881,0.035430545547864345,-0.047049404066219366
2842,0.045013703511383826,0.035850218372817835,-0.0499365405691431
2843,0.036473032301260574,0.02791782434630349,-0.03983954344529327
2844,0.024827563676607482,0.017013069598343186,-0.03853373304766603
2845,0.017573554352723716,-0.00558921794709219,-0.025647700285483202
2846,0.02408956101436965,-0.021331852162100668,-0.02788904108292419
2847,0.030359994202072266,-0.027231396751033025,-0.025802638596935257
2848,0.04212632114509512,-0.0042324444935008905,-0.022630214282351277
2849,0.040882360682056196,-0.0016219791361757197,-0.03609251514561862
2850,0.06911706413805035,0.027727658413243376,-0.047698435384476046
2851,0.06777156698819004,0.030085847463413275,-0.048230938723177935
2852,0.08219988913960244,0.0590221502615578,-0.05111159341639892
2853,0.062391788531366434,0.050263499706095546,-0.047307665318505894
2854,0.0753315711604224,0.05334193344370897,-0.08268809883777903
2855,0.06536516580519902,0.037930288645111894,-0.06537876184526262
2856,0.06473871869472066,0.04031612026157645,-0.08224640135299828
2857,0.04071001697439834,0.015091753163105365,-0.04946437144784683
2858,0.012040913797214276,-0.014780668586553445,-0.045196788772282205
2859,-0.01706675263797002,-0.06320816108583635,-0.02481774587137885
2860,0.003569003377818167,-0.04049259364796399,-0.06262891818660456
2861,0.019200354990532235,-0.04598694233401085,-0.08529723190043119
2862,0.03462095882705349,-0.04324420685953153,-0.10239315130009091
2863,0.011187954041549443,-0.06872157338600907,-0.08943888424552199
2864,0.009232730078184759,-0.06143699981304088,-0.07706101784758931
2865,-0.006443454144024583,-0.07028777912882228,-0.04357246123883012
2866,-0.004578778898831222,-0.09762698258378741,-0.03784390617554205
2867,-0.004855639996146705,-0.081083025869605,-0.024406610195420356
2868,0.021842629648285924,-0.06362296120070453,-0.06201266421705041
2869,0.06316341625720223,-0.012626323754186528,-0.10942949153699098
2870,0.09579270197681083,-0.002722476804524461,-0.15012055057690846
2871,0.09299707181146548,0.0035348375061879486,-0.1397826790917331
2872,0.0582954995687969,-0.015010551064144489,-0.08905846161267064
2873,0.018498830436491698,-0.02980197280514526,-0.05257983386459075
2874,-0.008548171038590345,-0.026929546031274627,-0.01659096781574492
2875,-0.004313752024240102,-0.021585104098598082,-0.017233314711258878
2876,-0.0026416033610194996,-0.04182635378557565,-0.028947874887599416
2877,0.008301237491192251,-0.04187450932193497,-0.0425367634997056
2878,-0.016198623144648573,-0.06949707420359323,-0.05179369250518987
2879,-0.021847642289292018,-0.051990351442081154,-0.07353603257057537
2880,-0.015699418691105825,-0.03117798362640547,-0.11129144062602309
2881,0.005894747607302512,0.02166832922144504,-0.13577468691574066
2882,-0.0006187174379372768,0.03295172049303484,-0.1604865183158675
2883,-0.01204740022263336,0.017490906457607307,-0.15666948116617746
2884,-0.014214588656632875,0.015366847770911645,-0.14941272038258135
2885,0.004392513262066653,0.02161101693175627,-0.13488568236241735
2886,0.03150467839714599,0.04877158765837829,-0.1262744348060234
2887,0.05900296801223457,0.05491464802136363,-0.14335174356627853
2888,0.07692123688483736,0.05300254031935316,-0.13376500987231826
2889,0.08065435204581484,0.04975520333390944,-0.13823725642369264
2890,0.08750732405302417,0.04583198941895534,-0.1523898856323616
2891,0.10178661940494169,0.0010735397167973841,-0.15486426850311116
2892,0.10462335622387128,-0.04012535051472008,-0.1349584111819326
2893,0.10570121715861965,-0.0913297289295651,-0.1218181537772168
2894,0.10265847838093296,-0.10523150401331188,-0.11024952499795988
2895,0.09619466682490835,-0.13798088702707265,-0.09288634131634423
2896,0.094444457121034,-0.07942385421529684,-0.06930339901290371
2897,0.08338973349078305,-0.02570904252658837,-0.03929011687976727
2898,0.08113234083213074,-0.0035600727750382355,-0.06084022724954402
2899,0.09174730440946964,-0.020251470856394168,-0.08825152464700078
2900,0.1269153694082837,-0.016639468018220492,-0.14808970296960897
2901,0.1520860952961522,0.021671579765030275,-0.1798173051597315
2902,0.1670449815322401,0.027028636812795784,-0.20823411837098352
2903,0.12392213693380918,0.04316307459283433,-0.1899984910321921
2904,0.24607476512217796,0.056006295863223664,-0.2328729341979142
2905,0.3165162856380193,0.14314417608014718,-0.218935835889705
2906,0.3748766130722419,0.1913895649536064,-0.25159625119180307
2907,0.33058696689355793,0.22425186761262136,-0.23161383218697884
2908,0.2879167196232218,0.10847401159897485,-0.26437773652158647
2909,0.2642323639011544,0.01961913421806887,-0.3416424541171897
2910,0.18450254442903988,-0.08113275424564904,-0.4038678261418069
2911,0.06842878486678167,-0.07916387989019015,-0.4031618779399249
2912,0.03374607635347389,-0.07127523146075841,-0.3819783631657023
2913,0.0011869336958929809,-0.0002327023688597172,-0.2951915446823511
2914,0.05849879575859062,0.016761750908313448,-0.28974834597209836
2915,0.07559438384735781,0.06124794483682934,-0.24061703851756408
2916,0.10576845374629427,-0.011993480321922795,-0.22506791842468402
2917,0.039234874212464896,-0.057897766501119476,-0.2110066259816726
2918,-0.0035757701714454514,-0.1129858484004427,-0.23190841538987614
2919,-0.0753746900072758,-0.030422703730628994,-0.28206510948894503
2920,-0.09363014128224686,0.08004078628866404,-0.3290112074247857
2921,-0.11874570452310297,0.15178964551291235,-0.3353349793149585
2922,-0.10067879465109236,0.1353714617379853,-0.33574463084877065
2923,-0.03725454345959362,0.08676534119254854,-0.3389067060011173
2924,-0.024006839714663615,0.048903313114410596,-0.3361523323122097
2925,0.005176059768406792,0.05868981940454955,-0.34365863360915405
2926,0.04053592252599643,0.056060720701658816,-0.308155881576025
2927,0.09939412628328095,0.03668524876563591,-0.28046817051801487
2928,0.14027020216632102,0.0698700906162882,-0.253601184416611
2929,0.1451924917458692,0.06920079415247633,-0.222755555654059
2930,0.11541582969895559,0.09440794704947233,-0.21921475728124812
2931,0.06768019022622263,0.0449757500384775,-0.204227968915792
2932,0.01027638686959037,0.1038906494544782,-0.26070818859413225
2933,-0.016183614103344197,0.10390554483169011,-0.24403137837622058
2934,-0.0007944491870505808,0.15926607274013957,-0.2946299960565394
2935,0.073417619041469,0.14959052796906896,-0.2411690514401312
2936,0.15348797502241998,0.14878265223688203,-0.24008049341656518
2937,0.1815909560701461,0.05910593743207307,-0.20591568055729365
2938,0.12051185467273065,-0.006938611197280968,-0.25436845445690864
2939,0.059887405614050315,-0.07214722414428199,-0.2916283151363397
2940,0.026306975841417963,0.008957744573083761,-0.3374225475426347
2941,0.07158130276612057,0.07245174286618815,-0.30375605802217853
2942,0.08422001706318392,0.17791345161826352,-0.25435530032709514
2943,0.14575529214037067,0.12639151204270305,-0.1495053043798468
2944,0.13894301665250766,0.09770521776383026,-0.08293464452764698
2945,0.11860736491462388,0.03959784118138593,-0.07078422774461443
2946,0.09960810337796527,0.020031648307973826,-0.01824218046389911
2947,0.09520480600019066,-0.016405914577706616,-3.949106812372941e-06
2948,0.138270431097516,0.0019956539002316666,0.0629138165954861
2949,0.16771004764453784,0.014359368327335018,0.0659670508265737
2950,0.14803777344231156,0.03567290042522259,0.05683976936145304
2951,0.12223899901918236,0.06011859289973876,0.013468488853350839
2952,-0.0035403563732780505,0.06094638480417046,-0.10253569263856108
2953,-0.0047256065524751804,0.06098170555214872,-0.17607462102739582
2954,-0.037073376777514426,0.03381352079544216,-0.20188030389078904
2955,-0.023581557669980876,0.042354900970594286,-0.1276819895304264
2956,-0.04749712073708732,-0.0027097992448656912,-0.09485990788794615
2957,0.010597206908161108,-0.05063847176092919,-0.09970965624158008
2958,0.012948100720832129,-0.09824629475929929,-0.15407387308257828
2959,-0.015694790359248832,-0.0729608481099619,-0.18364176093490325
2960,-0.09873239984725848,-0.04583908081514605,-0.23157750194589302
2961,-0.1093747195385568,-0.006481815405407737,-0.2556525919484195
2962,-0.1336449011725427,0.011726489021746039,-0.26955167213975134
2963,-0.1327655682884646,0.01303810965957822,-0.22679764967462654
2964,-0.09301863839196473,0.012936067163917634,-0.16366449396332816
2965,-0.027278486787451338,-0.014973084128057992,-0.11021624847400914
2966,0.062430736427232764,0.006393255108718245,-0.08579629873065893
2967,0.11140471431591019,0.015414477300883645,-0.10447714869740014
2968,0.09330742810872696,0.023127688166123823,-0.13669993921920048
2969,0.0649552537542764,0.04247371942852303,-0.16232058516757963
2970,-0.0547284325567282,0.05979506047216269,-0.24273054720003645
2971,-0.07079378794400802,0.026372138027430644,-0.2020483030223584
2972,-0.09455337362083263,0.011499165572023769,-0.21360223643637397
2973,-0.0704461533444449,-0.05689770835435983,-0.15578346990986436
2974,-0.08077567956327308,0.005973887369693552,-0.1750647416777133
2975,-0.1333835474878486,0.00804231552869178,-0.1571598168869018
2976,-0.12708683511180702,0.007421385104415187,-0.11186707536339129
2977,-0.12332589567780555,-0.04098489096374322,-0.10037390747667405
2978,-0.10999605571460866,-0.08322865837022086,-0.05566300021098429
2979,-0.11235307882561553,-0.060853277304930675,-0.06515262777388593
2980,-0.1189981426929385,-0.04009273904425256,-0.019206225137447054
2981,-0.04904731848238498,-0.017302010068336832,-0.03456843248962215
2982,0.005587354710258496,-0.017678146986719778,-0.01791373129908907
2983,0.04132011205558035,-0.028972588008457454,-0.0508727451101738
2984,0.01926496121616692,-0.04199744479364491,-0.06335961303945681
2985,-0.005235317495070351,-0.053147242899333445,-0.1297518025557601
2986,0.0019982138390417215,-0.05224250670905095,-0.13661883139732203
2987,-0.027392428740572898,-0.05545484630307969,-0.15059136271125925
2988,0.03375404712256733,-0.008075870353445331,-0.16229295229396912
2989,0.0768261687274849,0.060645755862109116,-0.2750597371997394
2990,0.14538522565192288,0.10984089764131044,-0.33044241236465405
2991,0.09476327372660513,0.08244470681605325,-0.29487556985600144
2992,0.10698423037184435,0.06781649905492397,-0.26471393387934095
2993,0.09077138337988126,0.0786512969797952,-0.32451585247850984
2994,0.11282653336572375,0.06366803376746791,-0.36027804622433973
2995,0.014480373972706422,-0.01890096861961315,-0.3961853477026587
2996,-0.00436288320148736,-0.08712517905941063,-0.281038535247484
2997,-0.07873091097294922,-0.1260358787999298,-0.22999982553762252
2998,-0.11090162295232725,-0.15133744937532617,-0.20970852974441107
2999,-0.2121490675965485,-0.21926721234005622,-0.259334635572185
3000,-0.06963884284677564,-0.11504024627249484,-0.323174577223579
3001,0.10420329940081524,0.044346453035700575,-0.36861096663018506
3002,0.26781960936390853,0.18855633913314593,-0.4591322374230394
3003,0.22585947013279675,0.1840142244517658,-0.4635809377006876
3004,0.19119323064667196,0.14120236152800136,-0.4805976862582229
3005,0.10647456007029785,0.09329337772397157,-0.3880352997529573
3006,0.028293431435012954,0.026120076924666585,-0.29242313830568883
3007,-0.06362505717896062,-0.06237872946185365,-0.13877551913445937
3008,-0.10764106204797362,-0.1330253964692149,-0.047498516275072414
3009,-0.09146406668501125,-0.13099121145015466,-0.03494346083274398
3010,-0.1056141828749936,-0.11272028085919802,-0.05388853096638569
3011,-0.16237798107356813,-0.07999971783390278,-0.026116785206594256
3012,-0.15435289069069488,-0.06555906632118999,-0.0036597168140379906
3013,-0.1739646434979718,-0.061340674968347664,0.04111675255599502
3014,-0.14527793143719234,-0.04824733151482985,0.039657621183589196
3015,-0.1786784867353488,-0.05344419186894617,0.037585729637703014
3016,-0.18163749200633542,-0.05622840578399492,0.05966929626873585
3017,-0.18446507468961332,-0.09179341095477692,0.038176143900229574
3018,-0.2860143596596637,-0.15456803130972693,0.09703738067284538
3019,-0.34429273748306877,-0.15211485697949717,0.11326075737739992
3020,-0.4103557698436447,-0.14343312683230386,0.1411364929385671
3021,-0.34954484456298596,-0.1141113078534889,0.1377459761704854
3022,-0.23603112212845875,-0.11658577087685171,0.07200213900832443
3023,-0.10414634527759457,-0.08663188769035794,-0.02040575262179908
3024,0.00598811622995071,-0.04311090484680253,-0.1383742787926589
3025,0.0037643916324605394,-0.02719979160972275,-0.15917878843834193
3026,0.0499677112489816,-0.008584967872830822,-0.16195881664732004
3027,0.0745770928846589,-0.02739543026102678,-0.14027029773560573
3028,0.1646194326955369,-0.0014135564412646867,-0.09281583131997205
3029,0.2223804313208632,-0.01440643936048325,-0.05425790216758139
3030,0.26497918515065577,0.001388206189456977,0.005994949572593669
3031,0.24746519157281302,-0.014883395042181006,0.003022280023425291
3032,0.247900618767814,0.007697167273309849,-0.007816232882126878
3033,0.23570131558945348,0.03452291888252981,-0.05167926000982036
3034,0.24501165371291983,0.05007915070570495,-0.032090409941007224
3035,0.2071017595424412,0.05690944071260448,-0.02132003572668223
3036,0.22430030450141564,0.03282629586040002,0.0009574341556505689
3037,0.19546380088238577,0.04222303251398702,-0.03791617675223713
3038,0.15440806967106363,0.018783722988980043,-0.01359412330330913
3039,0.056773425991998895,0.02028501737982861,0.019738394001674122
3040,-0.01763311488760392,0.029062493252053043,0.04487098744160945
3041,-0.08691539775638313,0.06537947758399237,0.02869214529491651
3042,-0.12965659027456136,0.09478817240270368,0.007725819150074752
3043,-0.12847422334361103,0.062312081510219296,-0.004757409425119024
3044,-0.02053765231705481,0.02205473859774992,-0.026380442065221898
3045,0.08154129865857115,-0.016703647822264214,-0.04185323727673296
3046,0.1403905912202081,0.0035986922378395407,-0.07992452325227353
3047,0.09164492444010633,-0.030168862681264588,-0.05533245818142705
3048,0.08433219741945158,-0.019408711677395895,-0.08648742351257299
3049,0.1112700732419077,-0.03881393645061236,-0.10525225264335333
3050,0.15255078694440652,-0.02079057667275359,-0.1224497402343031
3051,0.18222470677265776,-0.0442506070546586,-0.08658716751557739
3052,0.14759932108027762,-0.03464491552783739,-0.07829100183702567
3053,0.08183994577379504,-0.06631918125728821,-0.10922501258319034
3054,-0.030598081334508597,-0.09571079462191487,-0.11677687573964031
3055,-0.06182311489616047,-0.12577430776647125,-0.04896335279649616
3056,-0.001703297638838404,-0.079815307688277,-0.011241549068173866
3057,0.06306184568056646,-0.0575381935533971,-0.0029112742326303787
3058,0.08617801432771954,-0.07617990999759182,-0.02887570465331309
3059,0.09680723987497582,-0.10008553780085175,-0.042916120841478854
3060,0.10134642264088857,-0.11253659349288615,-0.06369670799481077
3061,0.11279391280065149,-0.13173729652928073,-0.09344938010571159
3062,0.0740690779601902,-0.12583323558659823,-0.14670286870061364
3063,0.06197790278615352,-0.10821429886003817,-0.18585075915242244
3064,0.02601964322238127,-0.04895862949898322,-0.24075919502918275
3065,0.06695253083120674,-0.024683118151679808,-0.27048647990469465
3066,0.09264118803483805,-0.025859221251376675,-0.2691424757998652
3067,0.11875713434833586,-0.03598220412589798,-0.24568576190090713
3068,0.13321323761828333,-0.029687753535193262,-0.16907937354810987
3069,0.13840755411740088,-0.00832574821594973,-0.10273037173742589
3070,0.17000738309385835,0.001936482235842721,-0.05158378812128616
3071,0.17643273580807484,0.012866493876006004,-0.048749312675917866
3072,0.1390349149088472,0.04393419382685519,-0.11678502933477919
3073,0.09052358256557974,0.057985786470197205,-0.1821269285321402
3074,0.004780162843687734,0.044314745647173595,-0.22376750486919966
3075,-0.06399822270464191,-0.025980777683625125,-0.17847452257032567
3076,-0.1309340575037675,-0.028241012687960594,-0.23298652856679145
3077,-0.13749874443604848,-0.012475282384871148,-0.3001589272107911
3078,-0.16736028019034904,0.05598219482453962,-0.4298829218758641
3079,-0.1830502352606386,0.05411884279657308,-0.41738439880310957
3080,-0.1909989523390619,0.008532590772734213,-0.40561489096299036
3081,-0.10684371704328952,-0.030870918027809176,-0.25855246533094883
3082,-0.01944484992013198,-0.046658147383372636,-0.1818635015317125
3083,-0.05955067488978337,-0.06488030384338753,-0.08592207099149245
3084,-0.18779856299098974,-0.1498218592038971,-0.06275545895754925
3085,-0.26246338193113183,-0.2282957292165834,0.03884250464585956
3086,-0.29885858271233834,-0.26444113680322606,0.07294823027800403
3087,-0.2933499440497545,-0.28108112341134767,0.11813392069666984
3088,-0.2279680547420949,-0.2651251950958569,0.0665800133533072
3089,-0.08942493300256847,-0.26452383841153976,0.08563930738305682
3090,-0.03177221469135691,-0.23871305013944047,0.07103796190595642
3091,-0.07268343456885197,-0.1918796262374485,0.11355244784745074
3092,-0.2126118228298342,-0.1705199705819306,0.09369971632244954
3093,-0.24907622706987648,-0.18117438527991425,0.12141076843065877
3094,-0.3055643259575618,-0.1972335231174267,-0.020994675693940274
3095,-0.2887086044712193,-0.16434698223706068,-0.03893867856436614
3096,-0.14167274294216128,-0.047166918123933685,-0.14524610806163665
3097,-0.02092694629110717,-0.01640965881103366,-0.10707994168998444
3098,0.15828900119330114,-0.03827434913648107,-0.18022037923066478
3099,0.21649240180366466,-0.04489662048218984,-0.19279678986935886
3100,0.20257455951646058,-0.07975415870948772,-0.22565824642921814
3101,0.16120127886524616,-0.06451853080418646,-0.22360472100871628
3102,0.11011065882563806,-0.13705678246539107,-0.20173505688962093
3103,0.11486526691110693,-0.1384082677857357,-0.17249597724647656
3104,0.10786742854602646,-0.12947003195126466,-0.18130729482748734
3105,0.11651484812613778,-0.09681065071739657,-0.2017897345797481
3106,0.1112476180206558,-0.03962607354915098,-0.29166542606182
3107,0.06490813419809106,-0.02466158526470695,-0.30313283869925545
3108,0.024049300588151894,-0.02043149428575638,-0.37062502042466894
3109,0.04460743602760795,-0.03804784468051882,-0.3103861442331
3110,0.07745419207138497,-0.06803335284267013,-0.3390363519465908
3111,0.0978431907389001,-0.08733332547773813,-0.32919986546626795
3112,0.008231755670512791,-0.11446037091742246,-0.3441375087988775
3113,-0.05337901199424713,-0.13517589061946422,-0.28030645068673676
3114,-0.12701658520519407,-0.16186429405216796,-0.23177595125752032
3115,-0.13011463924501188,-0.12495581790305599,-0.2838873338387444
3116,-0.16684167174929757,-0.08284116049899636,-0.37703039480654554
3117,-0.18904035495099397,-0.047093597190784896,-0.4366060894138694
3118,-0.2082771154638377,-0.05826706049889624,-0.32913078535583223
3119,-0.21873881749576599,-0.056380396695708414,-0.3137667760170195
3120,-0.22840554013241154,-0.0646378472262426,-0.33326561520452197
3121,-0.19748434004675736,-0.043380217513787324,-0.43317311950984566
3122,-0.1714835897913648,-0.07184255293682178,-0.5083984363055454
3123,-0.1670219916159789,-0.09059741017843848,-0.578650991367505
3124,-0.2318401854111204,-0.13408007974250377,-0.6047324273312525
3125,-0.27570658921151525,-0.12363408352283961,-0.5354029869969356
3126,-0.3251287084457043,-0.1635307221785153,-0.5050347923074738
3127,-0.3082640373995355,-0.13587881420393041,-0.5364125176241035
3128,-0.2972892632707125,-0.14614796517883955,-0.6178933509143572
3129,-0.29779455475122474,-0.1403018737359648,-0.6159487114170097
3130,-0.28588872985068475,-0.15452819846749985,-0.6209297616716216
3131,-0.3217319299976318,-0.14165202936219132,-0.6201622359834211
3132,-0.25023058188853414,-0.13205033817042197,-0.49913085950204966
3133,-0.22933390043339869,-0.06286032847545012,-0.42315439442617747
3134,-0.09625369181670049,-0.0775127539288339,-0.3176837658464336
3135,-0.046923108446271275,-0.08864703596682424,-0.35050997062177564
3136,-0.008903005408353643,-0.1780371905529862,-0.33963344667229717
3137,0.00021695284677023826,-0.14492332092416343,-0.29468447130444336
3138,-0.07966758733226,-0.15440327842044152,-0.30723390331524225
3139,-0.0997461552912502,-0.14101142923865606,-0.2920651589163732
3140,-0.20054079769515085,-0.21954414040031042,-0.2810348781129036
3141,-0.1820124459521803,-0.22544001699409041,-0.22000696142404297
3142,-0.15795046263890794,-0.22791208947497868,-0.16339398435930366
3143,-0.10933446190636517,-0.22216312166316896,-0.15758419139805843
3144,-0.04311972755499166,-0.1041980598466524,-0.20524839867325564
3145,-0.008764257058318757,0.014704006423594306,-0.29577494930600834
3146,0.04738407792766387,0.1936591596111607,-0.3297734071197287
3147,0.056767075418548994,0.2747034521444927,-0.30627623814600646
3148,0.042208204758276247,0.20360314227330367,-0.31408288126366396
3149,-0.014961802848019292,0.07565982686451453,-0.32203377591945903
3150,-0.09746069799179943,-0.08215442293517809,-0.357901801752972
3151,-0.16095121720312516,-0.0919577897433967,-0.3002639059927686
3152,-0.19802888515819111,-0.06708846421030334,-0.28325037002280073
3153,-0.15765314750483567,-0.03650685596705554,-0.14775068098380653
3154,-0.13141188650019675,-0.07460592123761851,-0.15443637844400054
3155,-0.10146712734898887,-0.14105446556702234,-0.15589643711632203
3156,-0.11991243773467058,-0.1473208596882143,-0.22081711737563947
3157,-0.14714940632328438,-0.1591447206362094,-0.30105256950456855
3158,-0.2096980321015514,-0.18037024315095307,-0.3521203616033347
3159,-0.25196907500547533,-0.17735119194755444,-0.4022714625185128
3160,-0.30548594873938,-0.10921754803367006,-0.2676872782720805
3161,-0.2698031767011405,-0.03973622184237165,-0.22250642468337092
3162,-0.22565283454586493,-0.03095911186998311,-0.17817544246219275
3163,-0.13891138605319114,-0.044590154116566146,-0.2607336253988076
3164,-0.145199519273931,-0.041292942848142895,-0.3084910178060744
3165,-0.18652137896118223,-0.07734263392933811,-0.4392705956229648
3166,-0.269196949921668,-0.0923559749022434,-0.5137331724178172
3167,-0.29856951168705104,-0.0898062530372487,-0.6099788024873009
3168,-0.2591494196268318,-0.013421608740562668,-0.47735242013746415
3169,-0.17228379960271267,0.035438295371199136,-0.3291709339896128
3170,-0.09133604539855447,0.10803004498782473,-0.17389713227946949
3171,-0.06667937721345248,0.1024196774575217,-0.19310305460753197
3172,-0.09328939101467693,0.10089113088568144,-0.20881851083980352
3173,-0.13839351033744218,0.03865283677255662,-0.2226185479582771
3174,-0.20534814368475582,-0.014325824217814045,-0.24662965124162858
3175,-0.2451977288290683,-0.03306814288956386,-0.2911429124600847
3176,-0.25618231973943567,0.020858412781808073,-0.36060358808548065
3177,-0.27145016710603787,0.05592482220710969,-0.4161941029429415
3178,-0.2972755970230303,0.054049744846603506,-0.4361858281756163
3179,-0.29506647772735733,0.02529080389404979,-0.4506342856179303
3180,-0.24227122331798087,-0.04060505856126187,-0.34738446480855545
3181,-0.18212525165284424,-0.07580107287952263,-0.20831166448262697
3182,-0.14212891943398356,-0.07746760345699821,-0.06105041926209753
3183,-0.165525483658077,-0.014565339565926441,-0.05494922073255356
3184,-0.1983701201249769,-0.000635652806906479,-0.10434965748167946
3185,-0.21071775569579143,-0.009390700916026761,-0.11952813354803327
3186,-0.21353504397084683,-0.08256498236405863,-0.1321998118068127
3187,-0.18599644963033707,-0.08018472230942694,-0.11789922295825626
3188,-0.1840169381589934,-0.09132087580021132,-0.10601269065440343
3189,-0.1690143078684899,-0.10168233997640276,-0.09044270153166042
3190,-0.16407701894497534,-0.12414270256861912,-0.0755808690103347
3191,-0.13259533558995765,-0.1256447515495813,-0.07950798653268344
3192,-0.06530001690487662,-0.04631017383977113,-0.08846148373495816
3193,-0.01681538979284269,0.0010684865123435773,-0.10579242578481939
3194,-0.03898583645480752,-0.012194674756332917,-0.10672047737948033
3195,-0.05321628916019389,-0.021820087599078962,-0.10195624419971398
3196,-0.05662520609735831,-0.033823535160445915,-0.10315253950553131
3197,-0.023804371450511588,0.00532220838320718,-0.11483482050859772
3198,-0.06593042441362766,0.002926155361682254,-0.08268061806133208
3199,-0.06296689391686758,0.02731269059984156,-0.0852033460624579
3200,-0.06236238772639754,-0.006492816797813314,-0.0630496449626958
3201,-0.06805128463277262,-0.040993973128266095,-0.015754054046942606
3202,-0.10793044009552173,-0.07710008548381753,-0.013410859876162667
3203,-0.15423336685005773,-0.0973225522764815,-0.008721750182011184
3204,-0.13992734124785958,-0.09682608947560328,-0.04562680267747165
3205,-0.14825100969474844,-0.13983112733041678,0.01754116936429693
3206,-0.12447741706796203,-0.14279493789922007,0.030853634518305556
3207,-0.094328694398349,-0.1609508670952218,0.027597525423327076
3208,-0.1627687072797484,-0.1455470640937425,-0.01887699200969425
3209,-0.25482617789068174,-0.17870691482441559,-0.007955272051237153
3210,-0.3312863610573224,-0.1880790574833816,-0.025221692675286435
3211,-0.3121954448326504,-0.2127484019404531,-0.011070466518642656
3212,-0.28357714840524323,-0.21256113208130034,-0.0035292547637518893
3213,-0.2604486073017681,-0.21936473211825072,0.01428745343420926
3214,-0.21984928413537877,-0.18595691685268292,0.07184783882125337
3215,-0.19148870961262834,-0.18228890672235706,0.07376642159859712
3216,-0.1253191329616129,-0.11683517366000187,0.039706777391734276
3217,-0.10044034218255751,-0.09534729618528659,-0.01935774946507369
3218,-0.06662739878853706,-0.05533329862048207,-0.046581835023522124
3219,-0.04286604745082871,-0.07836376061899551,-0.03358534154184763
3220,-0.05558090048207727,-0.0935545724587431,-0.025135534382008266
3221,-0.10104360607415944,-0.10353863200792464,-0.03388773029911626
3222,-0.17888496731425646,-0.15344425435249703,-0.0067848704893560706
3223,-0.2024767561029848,-0.17118454069022812,0.0023015663843144944
3224,-0.2034891614428498,-0.13841343937909453,0.007430640600755361
3225,-0.1568001468010257,-0.08934526748986903,-0.00840377958307679
3226,-0.12443082732431542,-0.053032808817587276,-0.02621364050482095
3227,-0.10803144852104349,-0.08508992054211396,-0.024787245188812052
3228,-0.12776058094179468,-0.03556469870820615,-0.05074328408452809
3229,-0.1473358109845941,0.02121664653485969,-0.07840859043387777
3230,-0.16560121326985544,0.0711844588767422,-0.06932924182462444
3231,-0.18733391331308547,0.07177588454445816,-0.04722936321511158
3232,-0.1707543913088981,0.056793232861632334,-0.03261780704844496
3233,-0.09836421588368457,0.054629126127688186,-0.035891071884544525
3234,-0.06945275447099951,0.051503567358967925,-0.05769411772996185
3235,-0.06115709114267775,0.027666239091742595,-0.04424529845815163
3236,-0.09069323100663239,0.020874544489877384,-0.05271665491742868
3237,-0.0923036932619862,-0.05058661301853938,-0.015057421699808426
3238,-0.12640750491713687,-0.07467200599745011,0.0075949473523911175
3239,-0.1414190130019744,-0.08588867949093014,-8.459205485863399e-05
3240,-0.07100502502208193,-0.027353480752504062,-0.0365421841489297
3241,-0.005965928529125064,-0.015625057974485927,-0.07083700341684629
3242,0.04232015190870923,-0.02067360476997906,-0.07656287976281798
3243,-0.039846511441095696,-0.1029983814299744,-0.08606508458429706
3244,-0.08142020098230357,-0.15732969615388656,-0.09341266581456355
3245,-0.13419979889750866,-0.22199359072463182,-0.07450703265067979
3246,-0.15089245846674196,-0.2493582020370123,-0.04665881606630455
3247,-0.20191732517287272,-0.27911896156329047,-0.057002197805648684
3248,-0.21545971278218695,-0.3132546694660243,-0.04115028460374667
3249,-0.19318832766676472,-0.30402423588889355,-0.05329806651066648
3250,-0.14610938064494802,-0.2859531234150661,-0.016327981965919742
3251,-0.14612690265306297,-0.266364923954265,-0.014128729721816119
3252,-0.13910534623835924,-0.21117258198889535,0.021661136217983736
3253,-0.12351936108621908,-0.1676069766272016,0.002517577939682522
3254,-0.11485977073996326,-0.14401676257608187,-0.032792266928391926
3255,-0.1682436836830466,-0.1826951390319831,-0.0433677798964029
3256,-0.17963347384461492,-0.13506997916390565,-0.044721056407005216
3257,-0.1633665642917901,-0.07955229946960057,-0.04763071684934573
3258,-0.09294897192600336,-0.0326910352795211,-0.11429410853333437
3259,-0.09761844187213317,-0.07906702731884759,-0.10983312397836036
3260,-0.10018488265605698,-0.07035967632784537,-0.08992828540804698
3261,-0.14018179399472674,-0.08382016913286357,-0.06867480377160867
3262,-0.18583178969645284,-0.11158810522776388,-0.04577116982488647
3263,-0.2511250749317709,-0.17519288205998818,-0.019356209848706018
3264,-0.2711549489075387,-0.18234083853764196,-0.0036462149639489316
3265,-0.23600764814285208,-0.15732015096078292,-0.05976588174810613
3266,-0.2106167700833074,-0.14067390525028597,-0.1234411054889962
3267,-0.18459502438123268,-0.13069447085957844,-0.16826564448017364
3268,-0.12229327808297717,-0.09694961182269296,-0.19648293393752253
3269,-0.06754245941330722,-0.08305238279879458,-0.2103694960539289
3270,-0.06952959007845053,-0.08727000764497023,-0.16421136051250335
3271,-0.12052488628639715,-0.11989493363306392,-0.09163568532064968
3272,-0.13295874799580143,-0.13317589213175365,-0.04763048804257499
3273,-0.09927754037864217,-0.11331275938085726,-0.0767498375914459
3274,-0.14097907442322616,-0.10052282002678015,-0.03153272236409261
3275,-0.15353910752837752,-0.0739019024469035,-0.015239451758783149
3276,-0.19596496145663922,-0.04195293880474692,0.05395474156758495
3277,-0.13617635263287486,-0.009200420731931893,-0.008563561380440727
3278,-0.10821442059000448,0.007925769412458905,-0.041604430807773526
3279,-0.08360046966879163,-0.007955677832596932,-0.08975005179826996
3280,-0.05539751613752301,-0.01425852142205719,-0.14092780416907102
3281,-0.03683129547615045,-0.0012339341456190206,-0.1668028058823189
3282,-0.002069779446151455,0.006978435955985537,-0.20811839314747047
3283,-0.014558219671910731,0.006092885859161279,-0.19810898267870025
3284,-0.011019810166543664,0.009136471988763726,-0.20382521892498384
3285,-0.015052174935609515,0.017707687297641973,-0.19253829544739562
3286,-0.0380235205936065,0.029160575329418258,-0.1512679867565755
3287,-0.05726745574658086,0.03331315397585343,-0.12162689183164228
3288,-0.06649367075856863,0.016001789606893156,-0.08656552894722343
3289,-0.07872158301607898,-0.022464807646586024,-0.07277636657628482
3290,-0.10896753595003585,-0.08054637988953459,-0.03691084758682353
3291,-0.15369079870730998,-0.12453603803199664,0.002000221250791295
3292,-0.13329657812388784,-0.10065440372859794,0.004020853779466874
3293,-0.136617328419665,-0.09174618018597788,0.010713733136152264
3294,-0.1168894221389642,-0.056116567548590936,-0.0036844288067877794
3295,-0.15718291177148136,-0.08848153678774384,0.015916412267680105
3296,-0.16141733078583162,-0.09382597872042041,0.01655875916319406
3297,-0.1507424210382558,-0.10812855760175552,-0.008351414834352805
3298,-0.14768943956003763,-0.11803443498517976,-0.024656493059076263
3299,-0.13537816189249663,-0.11451697603738305,-0.0420222749214991
3300,-0.08145130405128814,-0.06504456437136279,-0.07686272647116946
3301,-0.015312144274723029,-0.010115887289775114,-0.15655397368164659
3302,0.03962617507900991,0.025780480092855662,-0.22711514962848364
3303,0.03502599220001031,0.01785406766222131,-0.2438966678311136
3304,-0.009999582608667694,-0.009535045494789911,-0.20499250170222097
3305,-0.03328791260754923,-0.015378891994605187,-0.1699844186443313
3306,-0.09450765309226274,-0.04958098732994441,-0.11799998383893974
3307,-0.07643877819084277,-0.03494389327529448,-0.11219428561372442
3308,-0.07464726833897614,-0.027750537508903394,-0.09540787975883136
3309,-0.07103169082681199,-0.005539039724859719,-0.05072479387032511
3310,-0.11751018096057107,-0.017846833052003006,0.018309089305519312
3311,-0.1373834296194835,-0.023756832830546817,0.059806107587224246
3312,-0.14046018454377918,0.016905873394156216,0.11798704843806733
3313,-0.15408124754455194,0.07083627675377761,0.19469233843083375
3314,-0.18127137033783414,0.11109947039062185,0.27281579610553625
3315,-0.18846749832822035,0.06593188840101118,0.2641066887096403
3316,-0.1467831994430629,0.04199582327504233,0.19604590991965867
3317,-0.11572879125344766,0.030756967251025134,0.13433139684769627
3318,-0.09822923688821071,0.07630166672039947,0.1542081778659989
3319,-0.09884852406299255,0.09064886317688119,0.1798834246936319
3320,-0.11696697449108942,0.1041973766134034,0.21873324186183635
3321,-0.12221018385575323,0.09552515724906566,0.20211826791662638
3322,-0.12486070943713176,0.09694773610838278,0.2036002938446296
3323,-0.11188005904570332,0.10210444093175855,0.18882216768982785
3324,-0.12699790610998962,0.08648419090357239,0.20927089115786923
3325,-0.13723165293137835,0.06078057926966509,0.2052338636589301
3326,-0.14415564061078182,0.031978028998340687,0.2126638520244157
3327,-0.16147410344961327,0.027866736149656804,0.21540960255338193
3328,-0.10469857340309678,0.04699150008647937,0.12963051404653844
3329,-0.06633502252364462,0.06589288014299784,0.07779333229013381
3330,0.026832652032764612,0.10636359717186573,-0.016969673103580735
3331,0.019842465128561103,0.11132786590236701,-0.022596359076807012
3332,0.06007472317959836,0.12566247783218534,-0.09334488430069741
3333,0.04559913451869931,0.1136265355085158,-0.1029841651233385
3334,0.04441276340210241,0.08842197024036008,-0.10765486730929613
3335,0.005710380109164417,0.05318416169844001,-0.08740558089581048
3336,-0.016382374120458936,0.03305879731533836,-0.0474476788736718
3337,-0.01583303560012218,0.028991581381757964,-0.03245792232028512
3338,-0.031241538687375767,0.03251223125878931,0.028563165178207364
3339,-0.05318462581996934,0.028693289707046148,0.05298536023971535
3340,-0.05396986726950322,0.03583124363281723,0.048730588612392246
3341,-0.005306089013035536,0.06152565669986668,0.0005832214652600686
3342,0.014742007638538073,0.06492542371118973,-0.046655697990710565
3343,0.017442280596660524,0.07985120303811849,-0.03459079200300738
3344,-0.009489279747650233,0.08764195441458376,-0.02259208840966985
3345,-0.016764031603450417,0.08728439995840755,-0.04018689335232291
3346,-0.01741884621605432,0.08372512521942539,-0.07622986253949379
3347,-0.017101819042127386,0.05522739359915187,-0.09717617607766857
3348,-0.00663832331806691,0.06273988417726796,-0.06758371541167686
3349,0.023122174564462677,0.08285597515717381,-0.037311384187299484
3350,0.024117269792127638,0.07586358453116326,-0.014510636685990194
3351,0.005758183345566542,0.06641735732054035,-0.021594749012289638
3352,0.0009873583707918738,0.01581188592867137,-0.04332092647080993
3353,-0.013519112940931693,0.0024935901922820214,-0.02165678478286486
3354,-0.013544132038701815,-0.017497071186930946,-0.005092494199474911
3355,-0.04369600555877873,-0.008410783388139375,0.022888134567965172
3356,-0.021620559032179,0.00782347031055409,0.026245445280009144
3357,-0.019968776152667334,-0.011624537187875749,0.03456759828503088
3358,-0.01722608829486033,-0.024402979358221104,0.028024890052973244
3359,0.008487027440957183,-0.005774534798752358,-0.024257674680829646
3360,0.0629420307845687,0.019491528572050304,-0.05115448372354789
3361,0.10218927627780744,0.045197098012248624,-0.06440012796103904
3362,0.1228944991137577,0.0453721281093373,-0.04655284377549099
3363,0.13016173853507265,0.04349177275000103,-0.059596663346951635
3364,0.07721991894610852,-0.003294807188827067,-0.04232764014001535
3365,0.056538978485555384,-0.01830638463414918,-0.06297499474519212
3366,0.038269896682160257,-0.005963335019011633,-0.08058299350056962
3367,0.06624728631738078,0.041382279600778296,-0.1081135983757069
3368,0.07131265102263262,0.05785931182984112,-0.09978420487500386
3369,0.06683355289136732,0.0635314059116548,-0.10300822236296775
3370,0.06329299365043067,0.046190638495280524,-0.10678884424416983
3371,0.05518710190949454,0.006530640085456726,-0.11140068517971755
3372,0.04037776930687155,-0.02189581186945101,-0.0830170369072282
3373,0.03359171125133453,-0.04443622779709576,-0.05846704676463822
3374,0.013303035039314164,-0.035401059222287735,-0.03417194515754597
3375,0.014379378264743113,-0.02432447693458917,-0.026842224407551456
3376,0.03404162212199072,0.0368750586837828,-0.03617353725218461
3377,0.04698170175811834,0.0776198922556567,-0.020129584401277836
3378,0.04594681563447617,0.10700275305672727,0.004226625135031216
3379,0.021356557378847528,0.08940373405071618,0.04684570879101227
3380,0.003536914328027074,0.09232838979831685,0.07748159241736337
3381,0.007647346709079758,0.08499390035898241,0.0954003105149276
3382,-0.015682274492677836,0.0638893622550715,0.10445962620102134
3383,-0.021504106993859382,0.04275233177155337,0.10284005447925088
3384,-0.039980073556959136,0.030383913397404337,0.07964209495540445
3385,-0.05358290378399211,0.025521805679754227,0.08117053963496985
3386,-0.0470661866821989,0.03977229114380485,0.06832691927920885
3387,-0.018939453890674328,0.046166153763473106,0.02623470246117515
3388,0.032759875936590396,0.04781089417062024,-0.013034739652571141
3389,0.051630789216339824,0.03297218647626697,-0.03348002387134979
3390,0.04791980695454156,0.02169227591518457,-0.0007609096982191631
3391,0.034425865108677185,0.016285483515117032,-0.014355078708501898
3392,0.03616512120528396,0.021786823682806326,-0.023687853492569022
3393,0.02799936494695992,0.01821768837332239,-0.02957820001754432
3394,0.034242007437693275,0.013829902422354566,-0.015671930175216044
3395,0.03180674183210333,0.006027706451591171,-0.011413044741918532
3396,0.014579277214433745,0.028614833419188104,0.02004638429117174
3397,0.02472789375201602,0.06256696796878086,0.024523615516975978
3398,0.02460440543386219,0.0525464257971874,0.018953467079806302
3399,0.02895609955338021,-0.010945256488443217,-0.02943960774894492
3400,-0.023232393299702718,-0.0856905505698353,-0.07761878617069104
3401,-0.056485479132522214,-0.11396604102017857,-0.08997793621301767
3402,-0.09239460397433606,-0.08212449612107828,-0.0683322623200585
3403,-0.09039379548590486,-0.06072449372367236,-0.04430745025571845
3404,-0.0900316326679688,-0.04395596688503922,-0.03971311903534518
3405,-0.06980761661919081,-0.058937551633518485,-0.05000946438991022
3406,-0.12508008444242552,-0.09824237159492487,-0.00830313261959776
3407,-0.184613493662872,-0.1575856483171076,0.015053847756050492
3408,-0.14957482940759947,-0.14723699831703435,-0.01269337297853333
3409,-0.010241636145731786,-0.08142568187023562,-0.11331103351300972
3410,0.1024454818590994,-0.04997632320630812,-0.16744173146018632
3411,0.12477859382806362,-0.046737431067029184,-0.19485620355702962
3412,0.13232858060446118,-0.08695561992360382,-0.15325332048174595
3413,0.07208384439915806,-0.12948007992447064,-0.15349293491937196
3414,0.055662442257576786,-0.19180791188312873,-0.13818190803485356
3415,-0.02438629668785242,-0.19837335299991038,-0.22047013614404704
3416,-0.015067326689850762,-0.14172379529281423,-0.21714116322423319
3417,-0.023897338812330422,-0.12769228043676986,-0.2412715235003674
3418,0.012018119407728014,-0.12848581816011043,-0.17388204001619406
3419,0.04096897729813086,-0.0964286509170395,-0.0820119753564702
3420,0.09560737174816397,-0.012765174668229767,0.032190633649872506
3421,0.15601260035652165,0.013018995552657986,0.08381643248236875
3422,0.1922832121179868,0.017627135437282934,0.07028241524140628
3423,0.19989140451820123,-0.02432620942975123,0.03010112983598754
3424,0.1719891162804777,-0.08609260884575742,-0.05524082540064123
3425,0.17252356434810728,-0.11242401780129775,-0.14485814813830522
3426,0.16830921940670765,-0.047576205201345256,-0.17182947240904675
3427,0.1573448210005298,0.04210527748428856,-0.12284474964574853
3428,0.1365838364145153,0.09285596143350726,-0.08053092579137895
3429,0.13511607451541655,0.15430538640039843,0.014184039340070594
3430,0.15663931835036007,0.22825965131724502,0.08856214319050991
3431,0.12359876999919951,0.2176744645420085,0.074218000602551
3432,0.02360276981802352,0.07820929986806072,-0.01757903531876067
3433,-0.09204700251740872,-0.07437872048454311,-0.1483606100158567
3434,-0.1467084770327849,-0.14807684306718932,-0.14097158635341597
3435,-0.11787836243816723,-0.11944323020986669,-0.19338642659685232
3436,-0.08375565899643299,-0.06985866634968405,-0.182586796054593
3437,-0.012439303063601968,0.00535989801003613,-0.2197775536696445
3438,0.03903315313301371,0.05269340289454537,-0.187825389659796
3439,0.0839985870164181,0.08731224196778592,-0.173091935513659
3440,0.08117253160351844,0.08606811669417423,-0.14541268451275863
3441,0.08794299814046434,0.0855840096611604,-0.1436138395706519
3442,0.05959279429695347,0.07351999403159662,-0.11665366883744926
3443,-0.023958483261104908,-0.022685415685392438,-0.14412821480272364
3444,-0.19520289636009808,-0.0659106950670637,-0.07381950367348075
3445,-0.3299058869818822,-0.11756553422106615,-0.036198111377866146
3446,-0.41596302453024175,-0.08659494046304013,-0.0635698310782692
3447,-0.40852318476369176,-0.14881536680488067,-0.21971217318573233
3448,-0.3841917741181053,-0.16874760182646703,-0.23391168939184712
3449,-0.37242225274784657,-0.19339441200344432,-0.14569840827305763
3450,-0.2828734668882591,-0.1406729598728919,-0.07032204740609375
3451,-0.22042699686216963,-0.12263147345720557,-0.06248554737622453
3452,-0.10688732879755218,-0.06979135762262359,-0.055560621824990185
3453,-0.10661376924359979,-0.08599125687198152,-0.005597491356947916
3454,-0.12584609065531674,-0.12209439757687911,-0.0032853124556963494
3455,-0.10663865942850105,-0.12056106009017938,-0.0294974150658902
3456,-0.05270611445573496,-0.06999641239910344,-0.04264300334528282
3457,0.023300345772890193,-0.008182442397123967,-0.04840399336504478
3458,0.05103784876191748,-0.0078029928389301,-0.023228870217124966
3459,-0.007428290213679558,-0.04078876038193854,-0.0026653614371157956
3460,-0.059234214690975055,-0.06973914737448429,-0.014358219728436539
3461,-0.12856667775954944,-0.1146180909345468,0.005498168112920574
3462,-0.1444528023360983,-0.1405126116834339,-0.0104346325378692
3463,-0.13340686203425145,-0.1557382949733986,-0.0009884953448470008
3464,-0.12086432031504234,-0.1490849352790232,0.01759767625970072
3465,-0.07656234703724615,-0.12365804184720672,0.03682480698082304
3466,-0.06740658157001661,-0.12750758890206237,0.029593173238729367
3467,-0.03160580901214447,-0.0961108851854449,0.019933717034951833
3468,-0.015783811369178505,-0.0847668365643319,-0.033832831948226276
3469,-0.00960275422781474,-0.06596235971421677,-0.041200784065947835
3470,0.0077415844127686215,-0.030700609938578198,-0.07489874815926774
3471,-0.009560637513664637,-0.030791552744774117,-0.030692878998913792
3472,-0.03048554632694309,-0.05655530270633793,-0.00544447470262154
3473,-0.054759057764852084,-0.10129050205279014,0.03127993907072211
3474,-0.06450310714338064,-0.13403575217353333,0.03653828362979269
3475,-0.07265216915805163,-0.12382441351353683,0.03626120604552855
3476,-0.09094785495831206,-0.1285474011091876,0.03584135340018736
3477,-0.13385073746433754,-0.16505113642889305,0.03516231407427272
3478,-0.16195411110770166,-0.20316252255793601,0.03552974524055779
3479,-0.17392658066009228,-0.22186328754815163,0.04002868230207358
3480,-0.13043179531960927,-0.19332872803589066,0.025450580484936775
3481,-0.1085230136760184,-0.18092816559428204,-0.0020254142922629405
3482,-0.10410522813046594,-0.19633524570843033,-0.024038165740040907
3483,-0.12891557797522488,-0.21634041550389127,-0.019158904375081342
3484,-0.1091937185929905,-0.1993160500027354,0.007525709067383677
3485,-0.08206875413939853,-0.16142675528660153,0.0180980531486401
3486,-0.0665668060703178,-0.13642807801031465,0.018445868068145677
3487,-0.09479250721459781,-0.15288477875072748,-0.007046763831386005
3488,-0.12870689863532234,-0.1728673817570665,-0.013009947178352152
3489,-0.1635820087368629,-0.20469073211454572,-0.011410112293589174
3490,-0.1710777017340507,-0.21203209854481891,0.009997605099143317
3491,-0.15358163172528083,-0.1934282513947372,0.005459236274964836
3492,-0.05438088558572936,-0.10365634399613213,0.005183081508445281
3493,0.013490457242021471,-0.036240473841887624,-0.003645179414980488
3494,0.06461032656791994,0.011843050593077995,0.0010654603026189727
3495,0.048548342876627015,0.00484563476246533,0.013397375440590322
3496,0.036719018191888164,0.004049459916978178,0.010586534363163853
3497,0.0031719558111697123,-0.02548923764615688,0.008956861267175613
3498,-0.03854396184939913,-0.06374777493852934,-0.015341971774164203
3499,-0.04783040161619426,-0.0842769359877792,-0.009068990514978966
3500,-0.04401903626298843,-0.08830983130526801,0.0016545047452950262
3501,-0.021132502293372556,-0.06574345250436345,0.00020735576477716163
3502,-0.006783153618681947,-0.03318844656936762,-0.029539266937593123
3503,-0.020772933512567437,-0.033152046439361614,-0.054019533478830324
3504,0.02674479958463874,0.0016008692256533155,-0.074301545417112
3505,0.039939679586146554,-0.0014730255421841053,-0.07289273257825978
3506,0.0792192106626222,0.02202905665067453,-0.05118102022790041
3507,0.04909577820491958,0.006258313734381305,-0.03640515805240036
3508,0.06088069939105746,0.014736723706998895,-0.034823734667747186
3509,0.07435406990743211,0.022871238210886505,-0.037507742512197254
3510,0.06859864036244012,0.004833933581310126,-0.017214670009389796
3511,0.039537481937564616,-0.024894457731199613,0.01187356121623075
3512,0.018627278112582486,-0.05067627113568625,0.009000279090790826
3513,-0.015499834916197514,-0.06890476899057814,-0.015352460846910937
3514,-0.01949503374980726,-0.08139073211222991,-0.027661170525276585
3515,-0.008758783585561892,-0.05650147023892387,-0.04202053137056941
3516,6.48097396058434e-06,-0.09391802317138001,-0.08873731296083258
3517,-0.015186755405940049,-0.1292682699152518,-0.1478041684437087
3518,-0.03397705473901691,-0.1802767022373308,-0.18609889234375251
3519,-0.02831464630535377,-0.1554483793823788,-0.1644466098721961
3520,-0.003595621821114252,-0.12173422152387657,-0.11540558890122857
3521,-0.015327302701874827,-0.09984847520842126,-0.08975169199842606
3522,-0.010241717810146826,-0.08932353371085738,-0.06030011840022996
3523,-0.03627581336531373,-0.1127723662844462,-0.05497384778038369
3524,-0.02345039129012857,-0.11456889634817434,-0.04123742386554647
3525,-0.017679982701106697,-0.12008149411551439,-0.05440052249461739
3526,-0.00016288428395943842,-0.09921017206500272,-0.06320620665275761
3527,0.004774794416855789,-0.11569107078513402,-0.07312277322706415
3528,0.04803067642197138,-0.060902089928701296,-0.07683829355825132
3529,0.06098429484286088,-0.025377392576457138,-0.08312602513709261
3530,0.09750492561361788,0.04846689962680929,-0.08657893710764407
3531,0.08469196657814407,0.03791821796020693,-0.07535632368146783
3532,0.04249272476672059,-0.04714992858770544,-0.06753186655136054
3533,-0.0037591195946711695,-0.14055147959100694,-0.06312671029811012
3534,-0.0565279566330695,-0.18342542973481538,-0.052310910690233615
3535,-0.044617215501897824,-0.15923061463369373,-0.09303564308682459
3536,-0.04362727825299873,-0.14747977093773512,-0.1312753485519211
3537,-0.033038424919362964,-0.154838588033602,-0.16885293432084073
3538,-0.03327448227029907,-0.1361462041798923,-0.16258489832738923
3539,-0.024722411362794305,-0.11925450724930739,-0.16966646333273072
3540,-0.020802381836503746,-0.13380625485267453,-0.17486181603168763
3541,-0.03925932614344143,-0.1948330075168655,-0.18229014763278753
3542,-0.0843170634240502,-0.2609369681834057,-0.18730156562603759
3543,-0.13544957504006508,-0.29036250563651483,-0.14655383850622825
3544,-0.10952038867068656,-0.2027676759898807,-0.1119333818059321
3545,-0.058893525549003164,-0.13784627501334207,-0.08598868030429045
3546,-0.008547695144186416,-0.11360920483689951,-0.11898110359425391
3547,-0.01735751126490143,-0.17056003371530168,-0.13116783407506202
3548,-0.03052819913676873,-0.17734584048789367,-0.1334258581970451
3549,-0.025501704729236782,-0.16298766886180488,-0.12201948511990927
3550,0.025067996855413322,-0.09188460632602466,-0.1246132620939463
3551,0.047830988713524925,-0.061293515615681145,-0.11792673866417311
3552,0.028430692064805533,-0.05599673643101615,-0.09025176769728957
3553,-0.034426691635187044,-0.08907557553618815,-0.03470390557992986
3554,-0.07495249728631463,-0.11014855567938528,-0.01966450909676473
3555,-0.07297199131422925,-0.08592377990555317,-0.0483025307001739
3556,-0.01286121264263504,-0.03173693914125813,-0.08022198328732509
3557,0.02804248471040054,0.02109297739259576,-0.07886113926200848
3558,0.04919342399536924,0.03160934458901495,-0.03883840148405145
3559,0.03183822867343392,0.014706060491744843,-0.017542537566266215
3560,0.043382122355107966,0.025305593643339414,-0.022003465868423958
3561,0.059482198121380496,0.04617309861223531,-0.06857948467889399
3562,0.07359394979150886,0.06663941268600385,-0.10900270787778636
3563,0.06734438506964689,0.06084329965834989,-0.11934967798857286
3564,0.06956633025691115,0.022674531869516245,-0.11676663594176674
3565,0.050068767691110405,-0.03896279388399224,-0.12446514798489924
3566,0.05087346378683325,-0.07443922515561628,-0.15564810000725499
3567,0.04342106904966356,-0.05899821174547,-0.16117160899524144
3568,0.08787702156052388,0.028648188590644715,-0.15559609501401883
3569,0.0944074378009392,0.05865566964661255,-0.11738293205287816
3570,0.10109418457911473,0.08885132914143666,-0.07820630984118739
3571,0.0817705653010186,0.05162514361496302,-0.050210494455630826
3572,0.08424713231055082,0.05948663355679802,-0.04905404633287034
3573,0.07795487128640102,0.02715049832466272,-0.060219678645426315
3574,0.057100824878376685,0.010282201343680707,-0.04771447712422456
3575,0.03488377989354552,-0.01619461607394772,-0.04337880983262693
3576,-0.0017402008403916026,-0.04212779826271425,0.02295573922942868
3577,-0.02620315910024848,-0.10333585618919984,0.03711685218712622
3578,-0.07780641838172865,-0.14870694492052652,0.07150010472646522
3579,-0.07984620799389608,-0.14739537258080213,0.016212712927826063
3580,-0.04839060779806874,-0.07916722641528914,0.001926764212186472
3581,0.010112680265082103,-0.027353429537031477,-0.0019795685325003083
3582,0.04894393267610693,0.010922817052578962,0.020617602462305894
3583,0.04455473887669387,-0.002846164963218665,0.00983595198100064
3584,0.04352293525794508,-0.00960889579284391,-0.010997751725133759
3585,0.045483030637771614,-0.012511638114967433,-0.01691589740279087
3586,0.05020165655300096,-0.015412463850527783,-0.012439817519754133
3587,0.039363095924421214,-0.016746110120402776,-0.029903941124999972
3588,0.011725316157084761,-0.039098265277634055,-0.04796085649123354
3589,-0.02226486826474761,-0.05436326804498344,-0.050981963627359655
3590,-0.04660151910870679,-0.06939679518946103,-0.03244596466751399
3591,-0.06731961438874962,-0.09905515212618633,-0.06083908678844841
3592,-0.08286909959326053,-0.1067410609449559,-0.06343167457802072
3593,-0.0844382990725789,-0.14114341819337525,-0.07119751199224715
3594,-0.05515049666424381,-0.12385329603018098,-0.061684487855994286
3595,-0.012032278605172163,-0.11239781396590422,-0.07883936873643271
3596,0.018916750026626593,-0.07142023848378162,-0.08363763739404521
3597,0.017303267154444225,-0.06883819025248822,-0.09284150618664544
3598,0.029121974750487063,-0.036701820780631444,-0.10897328166225295
3599,0.03814543535229517,-0.020542009411264002,-0.1203074823809246
3600,0.05103321779133775,-0.024014025589037,-0.10886833790590343
3601,0.013135200540650111,-0.10226816573198146,-0.08598080329184549
3602,-0.009701650806133236,-0.14600382229946665,-0.0504774593422185
3603,-0.023614896158614066,-0.17449526579364844,-0.029500698569177326
3604,0.005132140404641465,-0.14816291355009756,-0.026165967718936232
3605,0.0018036217133726793,-0.17117148866831122,-0.0464168586637004
3606,0.012206426807547766,-0.14740283763444265,-0.0693716396818184
3607,0.00993312662009432,-0.14863357998092186,-0.07425600970038006
3608,0.044111867074693965,-0.11501588654898859,-0.08577148363407688
3609,0.053635878328717274,-0.09213319835528795,-0.059995653420450254
3610,0.03050797975278738,-0.12152875700428857,-0.052834882753912245
3611,-0.004219681206669408,-0.15099211474318808,-0.011004169265176394
3612,-0.061127761892772636,-0.17110042136477027,0.024878221160728606
3613,-0.09294245395987774,-0.17631092490218164,0.030396463757900706
3614,-0.11389804465550911,-0.15580168444196665,-0.02477577619322231
3615,-0.1303111705077336,-0.22329594548900034,-0.05014147151605135
3616,-0.13026604387028393,-0.20193695004761616,-0.017862856892318233
3617,-0.11997141744820725,-0.20382185139381356,0.028139170397250477
3618,-0.11288999919242573,-0.17294550515934484,0.02914756797676222
3619,-0.13020285552355318,-0.19727821177632462,-0.029701449947860847
3620,-0.1621040231433159,-0.2129247483955477,-0.06086051041282321
3621,-0.14609240063030957,-0.16640284076260947,-0.06405044851866483
3622,-0.10872544108299434,-0.11919190984679952,-0.06193426567649888
3623,-0.08726309581982998,-0.10779569977410189,-0.07940490218905373
3624,-0.052210604697193075,-0.08444515017848259,-0.1504696171476809
3625,-0.04839985633873208,-0.060913806049383505,-0.1804975572863779
3626,-0.061819648477089685,0.005915116611052289,-0.14545178033136055
3627,-0.09594794713070962,-0.03139456330443743,-0.09810172060383597
3628,-0.05603402821164924,-0.03823730411573018,-0.10842819937624606
3629,-0.004114388939695145,-0.07452704828608074,-0.14385592081419363
3630,0.01658561938111025,-0.054387824721032686,-0.15409274929167258
3631,0.01219654580679529,-0.0345611077471291,-0.171147518104066
3632,0.00449272285436941,-0.035986779065804574,-0.19249203835120882
3633,-0.03277812415148804,-0.09188559566484715,-0.1944411957903582
3634,-0.06541526891642983,-0.12615611653966854,-0.17854856859084983
3635,-0.07509382467092475,-0.153021484733699,-0.1450589735707652
3636,-0.05427008766020818,-0.09267713570088605,-0.11019045942935492
3637,-0.03387799559347506,-0.05187489450755936,-0.06960837258025193
3638,-0.03726958313697733,0.01627861569250455,-0.027366807937657243
3639,-0.028138165507786046,0.04943463159369684,-0.035888503792721245
3640,-0.0047877191186382366,0.04391056721689426,-0.07315653216692479
3641,0.0767873888673319,0.051830171728832974,-0.1721730473322166
3642,0.12863444252680292,0.04604811888532356,-0.2141423987711093
3643,0.14583462740219474,0.07257085113279069,-0.209283414935044
3644,0.1131705370143915,0.05013666039946039,-0.17492854656104856
3645,0.07287982862474025,-0.022825175222033783,-0.17845313966620116
3646,0.024414964949182657,-0.0825231917150029,-0.17098753873654826
3647,-0.025858809496160724,-0.1632511938787849,-0.16371010012713016
3648,0.01710945438513609,-0.10193349730310373,-0.1569544547908683
3649,0.07205137710933386,-0.054384408088161314,-0.17245027114115516
3650,0.13350671819356277,0.027334221514433994,-0.17479418788074905
3651,0.12586606801751835,0.022688019880863376,-0.18123284209085147
3652,0.15420406793122113,0.07043332041875999,-0.19930576166341774
3653,0.17517991112031936,0.10006416322860999,-0.23082073262483513
3654,0.1743918571181547,0.1184884207861974,-0.24410000418014344
3655,0.13607395496737976,0.09103922219290213,-0.2662501065063097
3656,0.09902114332130227,0.05745185161509278,-0.2636416111434304
3657,0.10026300599632917,0.06166878678018616,-0.25523356573211503
3658,0.09858873477223966,0.05415247786202916,-0.23153202315534882
3659,0.08646820342496428,0.06831467107511338,-0.23311786976633006
3660,0.07589918947043216,0.015298585717710018,-0.22810717763353675
3661,0.07099613222226325,-0.0428162775414249,-0.2100249820654918
3662,0.07214628847798076,-0.09071149408883052,-0.19990659869079627
3663,0.05733632917971962,-0.09598363508556913,-0.23154079302962557
3664,0.043833939970613314,-0.059177528929880055,-0.23629655778387382
3665,0.04058782732925565,-0.0490619343805007,-0.24075309234448314
3666,0.051290695129434835,-0.023973761398208008,-0.21383955267970067
3667,0.06920423069998231,-0.02534856240372756,-0.21444947677744663
3668,0.06826955810862868,-0.031893366372848314,-0.20271541731460527
3669,0.05662065453506026,-0.04283508414801665,-0.191762344847043
3670,0.045753703071592426,-0.03283626108886448,-0.21181372199220644
3671,0.03757312750021718,0.002950405245529642,-0.21847007520581552
3672,0.0762527805307025,0.007363637523351677,-0.24139096542482005
3673,0.09629075049348876,0.0046788621810976965,-0.24936196820474632
3674,0.125053326838314,0.0005909939686441744,-0.246654271786883
3675,0.12465336420007266,0.01114533366867885,-0.23270788797025427
3676,0.11724347122714202,-0.02920650478492011,-0.21094087933284034
3677,0.12932772330897005,-0.031465723857684307,-0.20952557101131378
3678,0.10970111853636787,-0.0069585486357272896,-0.19014416037611281
3679,0.08606315911596528,0.04204070544414596,-0.18536248521956278
3680,0.04436675581705735,0.03996951838936564,-0.1659961827954696
3681,0.026433514847795343,0.010055416126259039,-0.17401967860997558
3682,0.04289296740719057,-0.007834546070865644,-0.17136709347149717
3683,0.05004019820060515,-0.0254308621761002,-0.18599565964063663
3684,0.05582754669560572,-0.05645932143340706,-0.22305003061013456
3685,0.042393864292060233,-0.05968430524966829,-0.26372676809339085
3686,0.03876836327637328,-0.08488980517552024,-0.2542603328647887
3687,0.012367488961175501,-0.08898169225187037,-0.21666679705628697
3688,-0.033736547962101286,-0.1550822363169687,-0.1496844078632075
3689,-0.09934499530919781,-0.23962447792128447,-0.13367220392287357
3690,-0.11708443043037155,-0.28905549039066414,-0.11701474843670563
3691,-0.10346928887877618,-0.2911713791452678,-0.1193712741207101
3692,-0.07362004588234636,-0.269879223138532,-0.10196186922982209
3693,-0.0834480127679758,-0.2172907973238731,-0.08874196331053989
3694,-0.10322398460569177,-0.1920767529122019,-0.057802970511961586
3695,-0.11143942418969188,-0.1231528786401991,-0.03805055147732301
3696,-0.08449298960455001,-0.12145518720963719,-0.030184705990937234
3697,-0.05877751791810193,-0.061726138554145236,-0.03302088511101591
3698,-0.030222068965075233,-0.05556575462956463,-0.057943872297572
3699,-0.04766934176041429,-0.06100151886135665,-0.0717335597914056
3700,-0.03031801037810647,-0.07137310059524762,-0.08299253824688307
3701,-0.02605775695799753,-0.08473150695564724,-0.11704630575711737
3702,-0.0011507268684972313,-0.06581912554516582,-0.1390398792315953
3703,-0.01740513203022114,-0.08104976389248146,-0.18408008993766126
3704,-0.012570538998311565,-0.06017962572911771,-0.21458250471601067
3705,-0.00642312362423281,-0.05758511797895221,-0.2783764405400292
3706,0.006413641472164271,-0.07418235221885186,-0.30385643800967266
3707,-0.005124582070695628,-0.07298362128470284,-0.3356709991871167
3708,0.02974520166261933,-0.017907609168787475,-0.3703312269885616
3709,0.026781143423916996,0.06487228278436052,-0.41684178995102766
3710,0.03017083760268695,0.08435967404369839,-0.40798132213995686
3711,-0.03130453703382468,0.03349035257665931,-0.354315259480603
3712,-0.04327983932570983,-0.012692117783406816,-0.27524279856753525
3713,-0.11010570650462483,-0.03559652157501,-0.2169723085124873
3714,-0.1339041835651787,-0.030722948884379448,-0.19444568789812136
3715,-0.10911304728767317,-0.03624025746541874,-0.2927039129007897
3716,-0.04725743338173428,-0.04690080840617534,-0.36930231901636895
3717,0.018175111680205,-0.0799949503498603,-0.508881194853206
3718,0.05400312803877808,-0.12494095901638384,-0.5419182816720849
3719,0.11479517651617815,-0.15972819992247417,-0.5826774386050871
3720,0.17160159473968323,-0.1520842265126281,-0.5132340067397748
3721,0.18393998993440805,-0.13357661979382063,-0.4694800137338898
3722,0.18941897164011576,-0.08764182898602522,-0.42969603983252025
3723,0.09857868825868663,-0.03440627237097896,-0.45168259183414544
3724,0.03703788875637351,-0.021056252832539493,-0.4519464999455649
3725,0.0219198828249026,0.005195566235717263,-0.45315762050336866
3726,0.034751624834959964,-0.12531833912566392,-0.3953043746996082
3727,0.037631190060684404,-0.1637156869592157,-0.3649545039809177
3728,0.012984602531661336,-0.2532855145689369,-0.3695009359181112
3729,0.016565439849033012,-0.1539363932858868,-0.4267087056412819
3730,-0.026838053323823472,-0.13266571095409857,-0.4410349381946245
3731,-0.10736040170726101,-0.11679106621851416,-0.5015642046720681
3732,-0.09063819981345543,-0.14848327653456228,-0.4677450349770098
3733,-0.034773470101631995,-0.2058798811470906,-0.4628960064602919
3734,0.03425791013143657,-0.26020548768321644,-0.45676513187984613
3735,0.026283696530104043,-0.2905107005024233,-0.4593772634228943
3736,0.039761837314197836,-0.3033388606673498,-0.4981906808334903
3737,0.045374779628211764,-0.2764359629189453,-0.4518804152407311
3738,0.05701756560649239,-0.3755774897493202,-0.49388237363648385
3739,0.031829744326276124,-0.330331437760423,-0.49436509936734535
3740,0.058318474285010184,-0.3387139852237849,-0.5737591617208321
3741,0.07375661022800539,-0.2408825117342663,-0.5871397947066903
3742,0.0802521681167071,-0.1936419816084151,-0.6225029518525939
3743,0.12356112866126026,-0.07877866868387472,-0.5260384268032559
3744,0.11062557275565414,-0.02629393906934631,-0.42246643081205437
3745,0.1015023197989319,0.00023812611418636034,-0.27571652677902975
3746,0.04448722989838399,-0.06284795510742895,-0.3375576019546138
3747,0.09615729638335205,-0.043174499617167225,-0.37075533002694133
3748,0.07139886832688498,-0.01452895609739025,-0.3968292139129186
3749,0.046118527649085236,0.04322400402899178,-0.28027247043292264
3750,0.02592506089991083,0.07505272680302347,-0.24536449911474165
3751,0.0018300063072639555,-0.029294953362452424,-0.25078828157407596
3752,0.023619892744367012,-0.10099388454834365,-0.30772940359750317
3753,-0.004519947096484658,-0.18958599794803152,-0.3282593956442888
3754,0.07173010481935903,-0.1401148777983309,-0.35517841110914855
3755,0.038045011902892716,-0.06436057363760414,-0.350321826895483
3756,0.0313575779017409,-0.00398286768201043,-0.36182716639993745
3757,0.04314907445439685,0.021036372428833234,-0.3551264430164584
3758,0.16327837066931597,0.0348018944464453,-0.3154992112823666
3759,0.16526148933437337,0.00208294507230647,-0.2659548944864008
3760,0.20827513283634505,-0.006774858364867785,-0.3422806005100528
3761,0.21824605078478962,-0.07006007984302302,-0.43024247348317624
3762,0.22217032564296296,-0.0982214950785818,-0.5061559460657571
3763,0.19402612782035594,-0.1277601494512696,-0.4840125960886987
3764,0.16514083644480954,-0.14371386619153412,-0.47409582134437894
3765,0.21700426762860647,-0.09273616754476147,-0.5039803051269085
3766,0.20634335611036772,-0.08438568576968514,-0.4559038345255267
3767,0.21609145991808204,-0.09836588369485073,-0.4243211710327766
3768,0.18558726634468728,-0.1548161661729467,-0.32806066832737807
3769,0.16454632256456733,-0.1514380819127996,-0.3124848832247234
3770,0.18693105138007796,-0.17240610468535658,-0.28131592684417833
3771,0.1603035366353567,-0.22179512988497405,-0.2528009102811643
3772,0.151004038831039,-0.2546495627682502,-0.2596728994665178
3773,0.1284042350389107,-0.23373687846225136,-0.29260553828019914
3774,0.15964856590591883,-0.20106427735222182,-0.36106818296680065
3775,0.20493467403966617,-0.18626647080984282,-0.3895288201178889
3776,0.18712635183177836,-0.17842780981197073,-0.3855651207600269
3777,0.21790584113471928,-0.17233582920584795,-0.3783436047472346
3778,0.21160104446826983,-0.18863914280719785,-0.3407534455066623
3779,0.20656519642484064,-0.17915436175602947,-0.3102777220620591
3780,0.22311870813159787,-0.12859231592650613,-0.3456271260991999
3781,0.15390889442231218,-0.12875113831627957,-0.4806919643168328
3782,0.15817120601055412,-0.14187698421338654,-0.5217193592658681
3783,0.1211837233107854,-0.2131141630158226,-0.5619971428462716
3784,0.21615874473957994,-0.15122908555496514,-0.4844436604153084
3785,0.2217217400811189,-0.0906280227417172,-0.4898528379782574
3786,0.2515937092587174,-0.04474852952368947,-0.4325816640559489
3787,0.18974249699257192,-0.04392964092060759,-0.38775179085761463
3788,0.18256818119785898,-0.06427548876391291,-0.3736628813323178
3789,0.10327882665043112,-0.0446013047589512,-0.3476730476682108
3790,0.10733193967447714,-0.08449592596037162,-0.340657091379425
3791,0.0016845226467817865,-0.15147836073045717,-0.3713765405817772
3792,0.03474167898929804,-0.17193959188924982,-0.38879302637687324
3793,0.048002848249066775,-0.16424862944775293,-0.39935307301049144
3794,0.13317645683692225,-0.07433377322977727,-0.3694274340342047
3795,0.1624625505601118,-0.06084862540099272,-0.34723699809969166
3796,0.20120443907331464,-0.011015279024374078,-0.32403211599198567
3797,0.18655122670653052,-0.04657186129914113,-0.35173413774097395
3798,0.19335647512178086,-0.05917441995209332,-0.4066189016359312
3799,0.1756803309554256,-0.07444751035730543,-0.4234635844927632
3800,0.17343553003093182,-0.04851837918176305,-0.41471310580521814
3801,0.12203097087273825,-0.09134045458990217,-0.4168801427181757
3802,0.1150117161198816,-0.15778246191550882,-0.41790976942792735
3803,0.0939534307785429,-0.20383424128721078,-0.3269862926420087
3804,0.1477623408248953,-0.2255722740947783,-0.22295428415802465
3805,0.16508308471732006,-0.1880251765767333,-0.10353164101255853
3806,0.1887632045234491,-0.19681005403566376,-0.07871429876346939
3807,0.1791893179097987,-0.15086883078890526,-0.07450456938024232
3808,0.20676422373918074,-0.10598930174056097,-0.09428569323471565
3809,0.24261486464906973,-0.016434900434236847,-0.09429342083986052
3810,0.24158041830933374,0.05295565710563665,-0.08565284367264014
3811,0.20847672519239352,0.009960949690395028,-0.08422804713355339
3812,0.1661240055672935,-0.0674258613143699,-0.0884227424477359
3813,0.13169987620177984,-0.14825373590288354,-0.06644107909233979
3814,0.14300147490616075,-0.09619749911646681,-0.06609477151516274
3815,0.13459354746379668,-0.0819845309355777,-0.07634134149865676
3816,0.16280858207712243,-0.03873413551085634,-0.07376621269013126
3817,0.15371397542600534,-0.0861692904365731,-0.05167273214112285
3818,0.1869097713963001,-0.05962387763695406,-0.04843091163658168
3819,0.17220842776679537,-0.06640389099646943,-0.05696610718077849
3820,0.09899018376211212,0.007345710714544665,-0.10010895689874919
3821,-0.0034949411413066444,0.043291522322765716,-0.14307023577121986
3822,-0.11753396779870914,0.11391529262146333,-0.19406902262718886
3823,-0.15005722179288583,0.09231989761845964,-0.2225003709860571
3824,-0.1714045153516779,0.07750218153999829,-0.2451821661662014
3825,-0.13209450324635133,0.05541087027613132,-0.2652656208079293
3826,-0.07830638314998568,0.05875610851192008,-0.2354271250801093
3827,-0.036850546034634585,0.07442215094749849,-0.2139244921272812
3828,-0.01392992464526194,0.07034796009863378,-0.13552126069282344
3829,-0.022138088699225057,0.030715549386123298,-0.06991984073601532
3830,-0.009769272881904099,-0.016163445322443116,-0.00026451176602591467
3831,-0.019121618900661053,-0.05669911437875483,0.02023191902956999
3832,-0.08141840549139695,0.0038588974373800974,-0.05986593574713325
3833,-0.14487953343582302,0.046173210787617935,-0.12570738099772163
3834,-0.19122783623344555,0.06307356511847477,-0.16309811655096787
3835,-0.16134854399411705,0.04874711006483456,-0.1269430893130999
3836,-0.1518142533341874,0.060569704563580525,-0.10179328233413797
3837,-0.14459170028542342,0.07987855389690607,-0.09766658300605018
3838,-0.11175128976291926,0.06291983678485422,-0.07876761887674177
3839,-0.06914739643575583,0.004076179481599967,-0.051665170916529286
3840,-0.0032667047372342837,-0.024560382985157045,-0.06282953783301863
3841,0.014807933882944121,-0.022007034138731684,-0.06271633655450036
3842,0.06340259687201032,7.170541335538312e-05,-0.0789914901319095
3843,0.03363953699508098,-0.007435758694402849,-0.07599581244879265
3844,0.022654674130727755,-0.012647249859135625,-0.08297710600817394
3845,-0.013421699754326409,-0.01771976154306261,-0.12448313031100308
3846,0.008009097435338976,0.02206412169056951,-0.09885406437536835
3847,0.03016791223498639,0.038126763463574874,-0.06845185566656456
3848,0.048949186233754105,0.0626210601292455,0.0006481223277058359
3849,0.040688196478487905,0.039916480048738004,-0.005186963356177081
3850,0.03185490123632476,0.014055816631500174,-0.05299425758986638
3851,-0.007447604774661079,-0.04036208618093131,-0.06849226879007181
3852,-0.0022833351368977063,-0.04520328222402202,-0.05414383116311287
3853,0.0032934204313706697,-0.07045200333612893,-0.0070323939707607865
3854,0.02334134134093495,-0.0417224461893363,-0.010128100158380718
3855,0.031865982824047796,-0.0174466662990183,-0.03718178373533537
3856,0.02494729767752264,0.014251231570053285,-0.07402403545854858
3857,0.007711491629946961,0.010189482733636051,-0.05502924466838653
3858,-0.03765993564810266,-0.04741981899397931,-0.03571275871511685
3859,-0.1017214249183669,-0.11838265357089772,0.00631458470665947
3860,-0.12732039041590357,-0.15817587581953355,0.00993867686227261
3861,-0.15812735630202793,-0.1875986956776774,0.02795102453234508
3862,-0.1859680808609264,-0.21594983963642803,0.03833739085010557
3863,-0.1940972366317518,-0.21534946934941077,0.049431393657102335
3864,-0.14801214308106778,-0.1637338578114767,0.0434072163638615
3865,-0.10733018899238744,-0.08577637316661897,0.04690802228528176
3866,-0.05786904251443867,-0.02906005488714124,0.0320555223512387
3867,-0.08734016139350817,-0.04320055096157542,0.05204928726381375
3868,-0.08338457470665218,-0.03569095577838295,0.02483172714177248
3869,-0.09710404394677259,-0.04034669766401569,0.01872470867588914
3870,-0.08025432781982346,-0.0332378410782052,-0.012879528355443945
3871,-0.061619226376051044,-0.04283373120009197,-0.03068009499980551
3872,-0.07172685712886509,-0.061027752576656796,-0.034241315050446586
3873,-0.08903588335415531,-0.05356867657808659,-0.009336279758137223
3874,-0.1335414869018396,-0.08560652504832622,0.030551432189879442
3875,-0.14958915000817147,-0.09102488206669077,0.02249283681134514
3876,-0.14112883520827973,-0.08239488202025891,0.007245109052417075
3877,-0.10029966746780435,-0.051721693811466234,-0.021555215303052766
3878,-0.09724832698893758,-0.037674263714752194,-0.003967385133379834
3879,-0.11806577070114328,-0.03770372384951174,0.012638794587090368
3880,-0.148523406736573,-0.02828965219724893,0.01359365706342211
3881,-0.16206125842152785,-0.018093091841126906,0.034235561868771934
3882,-0.1505014997889781,-0.023844160442475452,0.01942409851612338
3883,-0.15320240169086874,-0.03255249118889431,0.04159678766717698
3884,-0.14586052236950156,-0.043113215926825585,0.035358353304087015
3885,-0.1650440999688848,-0.06363999849763662,0.059110849330006335
3886,-0.14986060574738627,-0.06363246921171176,0.041799351826038014
3887,-0.15813709517953287,-0.08082342369273338,0.03218104019346183
3888,-0.19195882055440983,-0.07388888099206257,0.053314236981556316
3889,-0.2595697563961938,-0.09643246370062546,0.11428958004386557
3890,-0.29188662286854544,-0.11515751500086299,0.15006349845749445
3891,-0.26490602886417874,-0.12329354808219513,0.11597431378328568
3892,-0.2134784947878469,-0.09257022652996028,0.07323167740470417
3893,-0.14492844751595077,-0.03704698517269767,0.02581676204298989
3894,-0.1442474609237487,-0.014897683989643442,0.04849087943881382
3895,-0.16754848941130057,-0.002743172511573223,0.08547154388071118
3896,-0.20477832733538565,0.00820507411734577,0.13471883485558922
3897,-0.19063554836920624,0.026461816426470566,0.12564403179698272
3898,-0.16085718385826808,0.03395601346750882,0.09466514044987799
3899,-0.1604017449381095,0.027027763812772446,0.08508252176134737
3900,-0.13588602311236406,0.00612858917653883,0.05155241339953907
3901,-0.13554466496292636,-0.01826330454901026,0.04323185750740824
3902,-0.08063999167804607,-0.024535365224778186,-0.008051569424330189
3903,-0.05047286328999338,-0.00809401334726989,-0.022971444986135636
3904,-0.02245327528434238,-0.018681380279752167,-0.0410540006145955
3905,-0.028112606979112,-0.04226504261408315,-0.03170014050925429
3906,-0.03213387272840999,-0.012951134598245973,-0.02904591192484032
3907,-0.0024259163141155775,0.03466188764126805,-0.05440144220161954
3908,0.029877088766379477,0.0729008539132717,-0.08903651651783882
3909,0.024014963093838923,0.05806901849590341,-0.07415348794518267
3910,-0.009335923440035322,0.06527683001741588,-0.040122930894193214
3911,-0.03459208375233203,0.07792977796218262,-0.0036586994032777377
3912,-0.011193115545728365,0.08083918115338738,-0.013178867516601144
3913,0.021788096711819267,0.06678706548323185,-0.04300364176543672
3914,0.02982640437021208,0.07163894615841228,-0.06267738319053176
3915,0.016167916247421057,0.07310803642282189,-0.08669384626436767
3916,0.02891309332375454,0.059688177214199424,-0.11432150621690951
3917,0.05695539769375739,0.05061511487414546,-0.13514944488675404
3918,0.07003994360106543,0.04168144128644041,-0.12902042836582092
3919,0.07031167136273428,0.04771097896747433,-0.11919448970776321
3920,0.060876664450391596,0.04221163019225776,-0.0993702623320367
3921,0.05910745969770807,0.04068983712745654,-0.09651214420889494
3922,0.045726549672338274,0.03383684594647356,-0.06255090732394351
3923,0.06178636746262499,0.04796390877866012,-0.07119178766050704
3924,0.04200638249503068,0.03325060716212329,-0.04096037499061879
3925,0.031234551635408635,0.031170862970035466,-0.03998634079103885
3926,0.004425337623864577,0.026433430006120525,-0.03712550524710498
3927,-0.028170118167974136,0.058881260272913065,-0.07365140082279133
3928,-0.011112595473355365,0.06346183693163665,-0.10248481052419274
3929,0.004124485184739263,0.06002831067702528,-0.11052732776514264
3930,0.055761184622197826,0.04067257071841435,-0.09891032052422104
3931,0.0651269484438988,0.04645323509031676,-0.10848685559178277
3932,0.07228634273385127,0.04984360461559525,-0.13282160742392224
3933,0.06915671039629048,0.049848524026317946,-0.12856776068205036
3934,0.06080810772596691,0.03896550144053291,-0.16254278384892407
3935,0.04664394098695935,0.04234563574254739,-0.15428249500225097
3936,0.024227178698288356,0.028865035568654978,-0.15803278710786178
3937,-0.017009938549019447,0.021796239955799216,-0.15337656680216633
3938,-0.0283986991578664,0.009131155809458573,-0.15697546479144714
3939,-0.01771850872243,0.004134064708779877,-0.17357204621604122
3940,0.03690294443534883,0.009144433615443866,-0.141301138770558
3941,0.05204729712354737,0.021624019852141862,-0.12027435179371616
3942,0.06944432453348652,0.0156709704039891,-0.09720453611956766
3943,0.07821552589883127,0.022740558984413323,-0.10188520402822748
3944,0.07859793172411356,0.015111810862935034,-0.11236379815260719
3945,0.0677738810539191,0.020210437223917965,-0.11923676148658029
3946,0.05540590974323005,0.015167955590039247,-0.10426731229820532
3947,0.04327733129475658,0.04871157868915686,-0.12186979339697006
3948,0.07138819119003478,0.068371469411192,-0.1214144458745625
3949,0.09467339361612927,0.07694589203817033,-0.12852590685353438
3950,0.11685222604308444,0.047862882322714906,-0.0882989396079074
3951,0.11463101315761082,0.04888163105567879,-0.06282500195303549
3952,0.07653939802276273,0.030050674501106375,-0.057243755651490966
3953,0.057337451505374316,0.029220378994967898,-0.06869568029481496
3954,0.01438322093209018,-0.03180624645921109,-0.07069687200036237
3955,0.04175239924037373,-0.01371026545986017,-0.09793683105814385
3956,0.06429953826000749,-0.006576294288816291,-0.12457844537874802
3957,0.07741908916189066,0.014398676483128663,-0.1368064352373169
3958,0.05427666816103409,0.00266865629447584,-0.10705162131051754
3959,0.0010050593676344769,-0.02288784018852314,-0.05386199474488335
3960,0.024377555632579876,0.0030704325780897654,-0.09534529344723831
3961,0.046944574227323385,0.005753170841819839,-0.13255212643680914
3962,0.05192721612734291,0.00713481393737244,-0.15598379187751218
3963,0.053638376121172004,-0.012027642742692331,-0.14652474557663914
3964,0.02744230059906796,-0.047514917727241465,-0.1321361129749126
3965,0.026988907070156106,-0.06483980127290356,-0.14069223729980998
3966,-0.0043755742856523205,-0.061901724268293094,-0.1576244829840698
3967,-0.029084043307961355,-0.05339608143891107,-0.15573537386413644
3968,-0.024178700899416018,-0.06659374687437343,-0.1893656468114512
3969,-0.06019325313032575,-0.13338140359573514,-0.198685931824246
3970,-0.08125507538040959,-0.19357942810196369,-0.23060757227233483
3971,-0.09431091554483646,-0.2202902139374433,-0.23059616941744795
3972,-0.047180359890423004,-0.13308653330720835,-0.14539296991097758
3973,0.015975729458537705,-0.06013565202835763,-0.07700274334499445
3974,0.05939788141420792,0.0006676022498693926,-0.02325725598088949
3975,0.0302278942978704,0.02689672890201576,-0.038602128955769574
3976,0.028448075341987098,0.007361442960823172,-0.07320953885379375
3977,0.02362050549002853,0.02056087969156781,-0.09258917254701489
3978,0.049846107504577256,-0.009802800048043908,-0.10269432619574279
3979,0.055779801334242096,0.02392567132310549,-0.08349757630350753
3980,0.06962536854642246,0.030569121306556757,-0.08361661167764951
3981,0.08847535484292385,0.06423482150353024,-0.11168780836437446
3982,0.08025046847812262,0.07920252229831394,-0.12458584113313392
3983,0.07748212208941774,0.05823287189724367,-0.1563003635864177
3984,0.07893542656083467,0.03634423807298414,-0.13372660875762749
3985,0.0774852779500216,0.02228927410721087,-0.11602961475810082
3986,0.0697430123673705,0.03786212554554497,-0.08446827097804052
3987,0.05333638166484128,0.01090199678022739,-0.07858005575310227
3988,0.03774726433433291,-0.024415543385074675,-0.07468787474682126
3989,0.011507299415434467,-0.054746959568360475,-0.06883312845975927
3990,-0.029939435621059503,-0.08470803757032222,-0.08034041656983741
3991,-0.053489864608791814,-0.10561463894282201,-0.10680628321580402
3992,-0.06520522447169613,-0.1178826725493713,-0.12697879671558404
3993,-0.022268725677305496,-0.10171841831044715,-0.10898507564987801
3994,0.005824291934032648,-0.07753656046808478,-0.0635237137596971
3995,0.04586004838821423,-0.04643513871708769,-0.024748368507399678
3996,0.03327466541916258,-0.06436764964945241,-0.027049024244091467
3997,0.0354927749295521,-0.06400731301942642,-0.024567792129920996
3998,0.017637962995707617,-0.05362412455135722,-0.024369671413931506
3999,0.016852598625809977,-0.018153478843809634,-0.03705483418243943
4000,-0.046422239239250915,0.01287274252759687,-0.08386574869007606
4001,-0.09429251071908021,0.00525515536769917,-0.12276267646573952
4002,-0.14386759519905645,-0.002792913546167152,-0.1369419302564899
4003,-0.09661200032150434,-0.021173963475602357,-0.12671501475348462
4004,-0.08735101722838376,-0.01554945162932154,-0.13818302854416847
4005,-0.008448549569397027,-0.022577629657325286,-0.11386629705371769
4006,0.022631655571525734,-0.02644247537173413,-0.11434938381207964
4007,0.10349165849323662,-0.031085804899049253,-0.08490594226634679
4008,0.09828639338676155,0.0004736495015457544,-0.12895654482095115
4009,0.09778121144482925,0.03731627138549626,-0.12691625178362378
4010,0.07034867802622063,0.06672621763110069,-0.11210252493765324
4011,0.07792840269438785,0.06992949968765781,-0.08472069740230252
4012,0.07812299996133368,0.04949123457238111,-0.06513431570734399
4013,0.08915500684787765,0.041729823692112034,-0.07008837604668336
4014,0.06768273753011801,0.03154521394398306,-0.05673486531401952
4015,0.04605554304409885,0.03383832776315728,-0.05257169689044765
4016,0.028879587151416284,0.018240549608517412,-0.04964828611909415
4017,0.012809003023418595,0.01136692972395855,-0.04847270802216579
4018,0.013515812049759239,0.014233176924287931,-0.046298251015466856
4019,0.013369883651648703,0.01931282933150405,-0.05243769584005542
4020,0.01734578039549489,0.03324595487024835,-0.09811098253003121
4021,0.012333098932996113,0.034024968858624396,-0.14114912633163865
4022,-0.0006971722215795417,0.017813362058080668,-0.1442728337838535
4023,-0.010403900272347947,0.0033338128059156725,-0.12647827173856274
4024,-0.0037628292043362464,-0.028470444027525577,-0.09818267852605209
4025,0.01706165043644043,-0.05577754893024492,-0.10855898965549544
4026,0.04508348574136607,-0.07130485087433648,-0.10013321818038123
4027,0.04575705517039254,-0.05390380049245281,-0.09562862521703051
4028,0.04783043746212247,-0.020682795501294433,-0.08519735497482996
4029,0.05225952907179783,-0.025154582391428176,-0.08029548223721654
4030,0.06600192952720885,-0.016110103280608967,-0.07734913309358508
4031,0.07831042569101264,-0.0021948840687958456,-0.07438250148382511
4032,0.08104024422734242,0.053785356826232755,-0.07289789613247076
4033,0.1039343263706421,0.060571904443852694,-0.061581247280375784
4034,0.13119176726423046,0.0894580572206975,-0.06594969159890857
4035,0.15394279226449134,0.07366301038047553,-0.05855349193749291
4036,0.1218027237195327,0.06982183713888417,-0.04163316635725023
4037,0.08435260985634054,0.04784377420179326,-0.01748556545543324
4038,0.04936145501786421,0.027341098442874447,-0.006526808594592727
4039,0.04924329901888153,0.03273139051425107,-0.016499373921409512
4040,0.04961559322958311,0.04214068919044434,-0.018304873581426902
4041,0.043467603169353164,0.04492603657874698,-0.0247377061174916
4042,0.03689875072263815,0.039649729465419566,-0.053217987903380566
4043,0.06557642724940131,0.04721112486823144,-0.07205131266965126
4044,0.0625522439176221,0.01942172417932394,-0.1074540416860028
4045,0.04112494240740047,0.00285934475252495,-0.10170087057896725
4046,0.005618928612977918,-0.025467790082458863,-0.11918857693671389
4047,0.013084781186548796,-0.009949432106254963,-0.1302394782280335
4048,0.034582037497304756,-0.02023523422085785,-0.1304567894844618
4049,0.0473840791952218,-0.008180365208109304,-0.1223172989548714
4050,0.04455204370871246,0.0027245707599771233,-0.10664664281548096
4051,0.02502399663415977,0.0031660373986512965,-0.07998935189933448
4052,0.03316782009997071,-0.005623833151574498,-0.0837299256474265
4053,0.017747058257331312,-0.05738703224161673,-0.07094608161969801
4054,-0.014461524160217332,-0.06956310403183096,-0.08114307423444198
4055,-0.0710403984790959,-0.07227749027662562,-0.09233821300704464
4056,-0.059297976457511864,-0.01324317955836436,-0.10829940778073012
4057,-0.0020807633340613604,0.028324731237723506,-0.1452541412709953
4058,0.06653310476260624,0.07217561335443311,-0.18026025010822952
4059,0.08872535818624382,0.07478791959487441,-0.1994325493375971
4060,0.050629665639115765,-0.0032175530675353286,-0.17957309636685617
4061,0.004827532436331337,-0.09153044251841583,-0.1427166130131019
4062,-0.04128020763343406,-0.17561408324990319,-0.10472038664949586
4063,-0.04311933597115102,-0.15885086535922033,-0.07374330988449024
4064,-0.04735021904708726,-0.13764373514841088,-0.0490142881358073
4065,-0.03817246447169321,-0.1087997167733794,-0.047922579336710076
4066,-0.0315253926786688,-0.12534131610296875,-0.06726176692894725
4067,-0.01634196757937256,-0.11563305670377941,-0.05520282561495797
4068,0.012061585303658398,-0.09944840813311365,-0.07243533879741845
4069,0.03381603025000379,-0.06537422527507203,-0.0708509090822616
4070,0.04516256561628203,-0.052677419481543176,-0.12598634592137017
4071,0.021250094771351476,-0.056445654767768375,-0.09657575634015518
4072,-0.018332569144950673,-0.03844108945185086,-0.06776657533698953
4073,-0.03417571298192752,-0.026223682455572304,-0.038829153926616455
4074,-0.0028922842624040687,0.02386121033556744,-0.08123844092082855
4075,0.047782986226976534,0.051100956542239166,-0.12537382172502867
4076,0.07160485661499869,0.08392243130962661,-0.12935885820752444
4077,0.06909874600873588,0.08107383878243013,-0.10921442992780672
4078,0.05475553233071592,0.0816907465312031,-0.07037176805218759
4079,0.029706079729451256,0.07416389955748777,-0.051224194985632444
4080,-0.002467515758963356,0.020471679156676834,-0.05406115443927598
4081,-0.01764336451253524,-0.03321080970006347,-0.068400446950488
4082,9.286206911887529e-05,-0.06963368750575158,-0.06849522631127986
4083,0.023533245806307505,-0.04838519554383006,-0.06524275490901098
4084,0.03917414580887759,-0.0420303284373252,-0.03830320018499896
4085,0.04883690749279281,-0.04298259959443671,-0.02701903987616339
4086,0.027834963767700883,-0.09987657703534951,0.013366089685218562
4087,0.02005050261548807,-0.11486342280973033,0.015785400863912568
4088,0.0006498255787720585,-0.1508827521226325,0.021822246490594263
4089,0.00642317860303721,-0.1432088399052522,0.022306782715255387
4090,-0.0003642911766901774,-0.13493021262833818,0.01949477582522005
4091,-0.011390469010448422,-0.14611676799850826,0.027158308323186862
4092,-0.014792813057883996,-0.09774435953839604,0.0010695560219095566
4093,-0.01747795790771466,-0.0792145355304835,-0.0038739235709346407
4094,-0.022966646841511357,-0.04600613095337143,-0.03706785275062469
4095,-0.02894792576254364,-0.053306921747479655,-0.018812224598896157
4096,-0.05623717968281703,-0.11427876006440842,-0.010614972773818657
4097,-0.02657219681986733,-0.08389420516839476,-0.022050562460453785
4098,-0.033550716687058495,-0.08694801780876481,-0.06295366367423486
4099,-0.004692111164477991,-0.01914911102784386,-0.11940095897903603
4100,-0.024634579955097706,0.0037599143944007187,-0.14165414696614012
4101,0.013052593688051553,0.030630185790606942,-0.15387139611123876
4102,0.03992466375820619,0.03300710825821158,-0.14685983915806905
4103,0.05529197838488488,0.010268525683670374,-0.1661282357643595
4104,0.03897828552560975,-0.028096205211752046,-0.17436529020837271
4105,0.02161733845266984,-0.0733356201438795,-0.1806298085173041
4106,-0.0027551791979628965,-0.11665467200054978,-0.1478154043392162
4107,-0.004472977342738987,-0.17475424685949992,-0.11313772948629618
4108,0.03755690946637391,-0.11746088427703391,-0.13078496027462655
4109,0.09762977489273125,-0.03087588784142331,-0.1422443714275497
4110,0.10104908254691716,0.07604367667812235,-0.12005200592068237
4111,0.08010424859747844,0.07724795657069874,-0.08666495745437973
4112,0.07802554290701776,0.07452181982812361,-0.0865645050536192
4113,0.08259606194619469,0.032423927220568374,-0.094775579492477
4114,0.040721329226976535,0.029585486991876735,-0.07648001814202364
4115,0.015117559224561544,-0.026252283132917793,-0.09363771445310759
4116,-0.014091491261500727,-0.01244683370672233,-0.10579989568954533
4117,-0.030365884208982424,0.014096942850649326,-0.1333669826082428
4118,-0.017555279145936905,0.038087705762859234,-0.11000545429516025
4119,0.02251505071522848,-0.02051907031845223,-0.06611239982234302
4120,-0.004091040367059471,-0.046909139608176345,-0.0880353144255447
4121,-0.019245730985970096,4.5798349165760694e-06,-0.13151634212397903
4122,0.011234295672984979,0.11180985499722473,-0.23244148633992803
4123,0.020260702392177667,0.14864538624875506,-0.2712491235991644
4124,-0.033387979835044705,0.1251559723478018,-0.2902712434019347
4125,-0.09498077875870305,0.12528195892783797,-0.2653641344008904
4126,-0.06529283961625558,0.17029197200945162,-0.25002337850101825
4127,-0.14826219909017688,0.22909110425426804,-0.14601037948388496
4128,-0.15855906275133916,0.21041365746959742,-0.07188006542534252
4129,-0.1593660533398111,0.11441461217031823,0.001903859689461695
4130,-0.030711728034021436,0.03764943326510119,-0.08152438800548832
4131,-0.05174560528052133,-0.05734326871733772,-0.12485421609579075
4132,-0.025039367418999415,-0.061754186351147565,-0.23444999579567444
4133,-0.0028996074262059583,-0.04044082238731968,-0.2557409246849902
4134,0.010164808891191148,-0.0015863208498012426,-0.30328673665598693
4135,0.018879391523089473,0.027574794347262326,-0.2928578093995401
4136,-0.034067339024652796,0.02379698101108795,-0.307495880942972
4137,-0.08511845120180506,0.009116313678799422,-0.3776789984356515
4138,-0.08946418123300882,-0.055548472265683234,-0.3872819747897827
4139,-0.06390445969201465,-0.12745470411217444,-0.36763500954925454
4140,-0.04203291777010105,-0.1529991504194044,-0.3047177735425182
4141,-0.07661605431754599,-0.08868150579658685,-0.22681937640252126
4142,-0.0984403413663848,-0.06655540430617472,-0.2126074944916769
4143,-0.050073345726456886,-0.020045535516407458,-0.16863312945767817
4144,-0.054049065876132986,-0.03287377198903008,-0.25310552350710086
4145,-0.1390465102181061,-0.031771346066797,-0.34528413343908665
4146,-0.2215059891579762,-0.12068045024850288,-0.4437260021513934
4147,-0.2242826992987704,-0.18535474195644458,-0.4174226983399389
4148,-0.16456677300641784,-0.21892271251508671,-0.3580031286593342
4149,-0.09888306897612575,-0.2009062463857411,-0.3039282678961094
4150,-0.05311827908944349,-0.17703130948344908,-0.30116092131868955
4151,-0.01565469761390733,-0.17886104943246625,-0.27430000711248015
4152,0.026980160441284082,-0.11049056672242812,-0.24589953402060563
4153,0.04754714518207683,-0.08858691415669513,-0.21468533195957215
4154,0.050325782304411204,-0.09588252204267025,-0.20335332792933924
4155,0.03954996278711624,-0.12003673455969266,-0.20317291050266081
4156,0.0299476493559505,-0.15649418977672538,-0.1845156745137848
4157,0.0508602483656192,-0.14751134936769986,-0.2212530206043262
4158,0.052781830001419644,-0.16576841930223654,-0.2391038861418842
4159,0.05740696556307747,-0.16521212712904912,-0.2741249624181227
4160,0.046619400323547416,-0.17382903195168317,-0.2626702110301635
4161,0.03206277244075587,-0.18922128287480278,-0.2612627508657003
4162,0.023865747798901424,-0.17270660301929044,-0.24345446922808237
4163,0.010089497587501184,-0.14594367461268892,-0.22428597416792023
4164,0.024471087055456416,-0.04989351280225504,-0.21379365388638427
4165,0.04102127947434257,0.02234712891408995,-0.1974428910803932
4166,0.051128326268571334,0.07783721862385967,-0.18298645580521206
4167,0.07804913379046348,0.06565548005058128,-0.2309529771517949
4168,0.08042754749114775,0.011014504052600235,-0.2495766783099172
4169,0.10698657413324636,-0.01662260341827924,-0.28206447993702827
4170,0.13185292861021375,-0.04238528751537379,-0.28732480101856916
4171,0.13613747371474372,-0.08212005435227894,-0.30598333669037286
4172,0.12109346107384973,-0.1359287165893353,-0.3071954564056072
4173,0.08493246207848465,-0.15832869843845537,-0.21884437720687525
4174,0.05032454541103918,-0.14075690061089738,-0.17675262760773777
4175,0.06378098647777487,-0.11264279232866532,-0.12671348772694793
4176,0.05450288734123118,-0.08195025023920233,-0.135200845216348
4177,0.09553129159956324,-0.03345901786911435,-0.11407945969616265
4178,0.059522936164432313,-0.00010776868517889794,-0.057038337558144796
4179,0.09548932652337408,0.012150316002399813,-0.08303250442389813
4180,0.03659644679845078,-0.0363063036331199,-0.052945400731102474
4181,0.05192968951136499,-0.08758823530131593,-0.13602191142172806
4182,0.015222593438607941,-0.1827969569334855,-0.16305026985430465
4183,0.05336051378204509,-0.20290084975626124,-0.2150272036098524
4184,0.03670803810241866,-0.20305232254802802,-0.19022913932229196
4185,0.028346312529736045,-0.17065709978937094,-0.1752513148327116
4186,0.019748762783523943,-0.15030542039318406,-0.11633824454711571
4187,-0.037195861219739536,-0.1651111088730245,-0.09261429580023978
4188,-0.042152330875089704,-0.03959350221978071,-0.0646367321126012
4189,-0.09694426452701628,-0.01886573465260578,-0.1869204714461845
4190,-0.02156106552246004,0.07486333063745602,-0.2516594274491029
4191,-0.004456344796365956,0.004865513270497901,-0.3244285982669846
4192,0.027059868929838648,0.048347591311216104,-0.23845013288303815
4193,0.015399883893065546,-0.007847228894314507,-0.23887082202920762
4194,0.05205590051578079,-0.055192970037630365,-0.19964418925726413
4195,0.07485419361812137,-0.15631526305835824,-0.24473307314622234
4196,0.09984420113853174,-0.15740949362503104,-0.23499595156104144
4197,0.05845033994454131,-0.12856423825415522,-0.324001691330876
4198,0.09396987260518869,-0.03871464628357792,-0.301200771339799
4199,0.03738212979145958,-0.05268939566067857,-0.39414918351565015
4200,0.04042862211197673,-0.04712262646871771,-0.3131075045114424
4201,4.042034845072013e-05,-0.04894306001875837,-0.3259232829052638
4202,-0.015793243906118436,-0.04154942605335054,-0.386701316007628
4203,-0.014959806966399985,-0.03300438351377729,-0.4603766772251896
4204,-0.019863498467119912,-0.10479297801607351,-0.404177428654136
4205,0.022081715906611635,-0.15459764627841602,-0.29175452177830874
4206,0.028540037854470224,-0.2107967527610873,-0.22816787710388597
4207,0.0033295606114941835,-0.2447003084345984,-0.2990394796724447
4208,-0.017870974959528624,-0.2531025368331963,-0.3223352047878264
4209,-0.041924931168143484,-0.3166159808750266,-0.3594873649048031
4210,0.013535197952692767,-0.2731275842383977,-0.33167052615080217
4211,-0.013885832681375167,-0.2990559869557665,-0.27896749014749467
4212,0.01193077772102986,-0.20642379441990832,-0.2554273419000352
4213,-0.035463378904861634,-0.19400343026916517,-0.26951873596622994
4214,0.025479017836910006,-0.11127749217264181,-0.2799729823789134
4215,-0.03591226337674863,-0.15427603702083348,-0.3277952550822176
4216,-0.002114471990086616,-0.17187112661504284,-0.2659814981031286
4217,-0.0321723470608957,-0.15270184126536424,-0.20486142614405098
4218,0.05773349260622742,-0.0798958385870905,-0.07668302730656155
4219,0.07562312392380435,-0.030876619073669394,-0.07105441355260333
4220,0.084937722989032,-0.01709008800303916,-0.07895061661369479
4221,0.08832857762538411,-0.023157396372924036,-0.05923365181819017
4222,0.09435896643228014,-0.029228683662106864,-0.0512929553542144
4223,0.09496896993452254,-0.039877100698184564,-0.012969840867090899
4224,0.06940980572802684,-0.030946699426251827,-0.05251968846865312
4225,0.03655477302574252,-0.03861572764830248,-0.10840755629371036
4226,0.0027905820403193015,-0.06066089244341857,-0.11491831609462955
4227,-0.08376459728819327,-0.060963585609933674,-0.11939838509113643
4228,-0.12235296438063911,-0.10130982807115192,-0.06873793714321663
4229,-0.1288210693116129,-0.049702620364994905,-0.05877044183225789
4230,-0.149800462307523,0.003038900544870738,-0.006220194908903208
4231,-0.17347043253570307,0.06936832759384369,-0.05059075862498897
4232,-0.19990245930879702,0.09164895692488259,-0.10833927768929891
4233,-0.10537575691830141,0.09373540551020997,-0.1465673073698039
4234,-0.09074218543561052,0.12860502800828696,-0.12357338843330806
4235,-0.06493115381700564,0.11191583466630035,-0.14966663568468855
4236,-0.10737107773244482,0.07609904944813042,-0.2175982014602718
4237,-0.06011921397390326,0.029898896728193725,-0.21011967532440354
4238,0.0027901151500456323,0.00026426577768158977,-0.13538067357278344
4239,0.07916153800827837,-0.008032070376439836,-0.0320991505702678
4240,0.09987866910951869,-0.05973587509971359,0.011429434843986374
4241,0.09750756144597947,-0.06518717848423343,0.032172898517435086
4242,0.137056847312407,-0.07674026019693891,0.03308316940605377
4243,0.16270261563651855,-0.07148065061256705,0.014896603096311557
4244,0.19706711083260212,-0.0627940065348372,-0.02383474846966003
4245,0.17386402572499896,-0.06897742120580577,-0.05786568809986198
4246,0.15319327817316084,-0.03900299075017744,-0.07598120432097814
4247,0.08486509269402472,-0.05831916360398454,-0.08995679554992798
4248,0.06279821067967362,-0.04169124106310101,-0.10036394504803782
4249,0.0730795460730835,-0.013478903920856591,-0.14497739729357173
4250,0.09040965219387197,0.0251844317319426,-0.20404308965602033
4251,0.06246414281792726,0.02252689678283799,-0.2605587717354219
4252,0.00035702820354559115,0.01335299920086447,-0.26362441874980286
4253,0.007962698406655627,-0.008683695680183559,-0.24534660465629932
4254,0.002317932747932067,-0.006675235502091734,-0.19898681234032145
4255,-0.004320634676390184,0.00023738851801954897,-0.2065639414372164
4256,-0.04311442842102494,0.001000145438937572,-0.18764615730959414
4257,-0.03639858896471503,-0.017549373630351733,-0.1666216101547663
4258,-0.08304473994976545,0.021202334584063107,-0.17226467050531818
4259,-0.1253118892780152,0.030556827810478204,-0.18801760309619855
4260,-0.21825746068755003,0.04940435694866824,-0.2150261387119457
4261,-0.28752280512006323,-0.03864082159969111,-0.18688768748302176
4262,-0.3667236908461293,-0.048105008321715166,-0.1663241027566147
4263,-0.4347256509563971,-0.08546848874926892,-0.17779464374116324
4264,-0.41200575955481517,-0.034265313671667866,-0.1993846994221389
4265,-0.41178456491697646,-0.039882738190216045,-0.20857094329563627
4266,-0.3111971040651758,-0.048453330618224016,-0.1200104903771168
4267,-0.30504085681960397,-0.11715085965746892,-0.02459868190155601
4268,-0.2519051115721896,-0.1434683688272489,0.02426472940020821
4269,-0.25938364222341587,-0.12554629015843752,-0.043664898211765384
4270,-0.254340463177699,-0.05918332085010157,-0.14053075821124286
4271,-0.2563626251285375,-0.028621413134745713,-0.18474726079344492
4272,-0.2436457463503945,0.003233073853765553,-0.1673243354136498
4273,-0.19724027516388648,0.02982970236964592,-0.1432505133734044
4274,-0.17707756305794492,0.11056857062948859,-0.18920108378944817
4275,-0.21561213671377383,0.11977042664259938,-0.27969501923353557
4276,-0.22534330584460355,0.07210072430158934,-0.26919713511142823
4277,-0.19961002475211492,-0.0685466278109695,-0.21092681387203885
4278,-0.16006416274435137,-0.16748703710355567,-0.11299545594643506
4279,-0.14978659962031,-0.18620880386247018,-0.11045384133713661
4280,-0.15787867044429554,-0.15147890372433032,-0.15113927815646674
4281,-0.10439626668640495,-0.19544986249669638,-0.14633827006816855
4282,-0.059527049091565615,-0.22034200976800636,-0.12505428590346618
4283,-0.018279862311326018,-0.21545330632827214,-0.08227021872649216
4284,-0.06765324374200356,-0.03674912984687916,-0.09307792667606597
4285,-0.12817322520007168,0.06361117853615841,-0.12246718538282773
4286,-0.19096568549522358,0.15576891196121878,-0.14685705809660998
4287,-0.2001086498218267,0.11414419970746682,-0.15996691656757184
4288,-0.2006635148220637,0.08552446232770239,-0.18105750461177764
4289,-0.2123184802832104,0.06964653512827483,-0.1938033778703571
4290,-0.20474389859949993,0.08819221301132982,-0.16371805192811253
4291,-0.18941207148100456,0.05796275509803012,-0.11316360162872423
4292,-0.1645138738463552,0.005710198206393896,-0.09002884583846275
4293,-0.14268680472539397,-0.050713280744877805,-0.07827333480029369
4294,-0.11147047390639098,-0.04095213594741645,-0.07174143889866845
4295,-0.08514500436481975,-0.016200925899731624,-0.06426292180915347
4296,-0.05289869083771182,0.02068716399509152,-0.08561124334731833
4297,-0.06834474966681507,0.03428967454786203,-0.09302647070224698
4298,-0.07000946509795637,0.04534376588166977,-0.08995503627724741
4299,-0.1296393070164047,0.016487178104894133,-0.08350318576387436
4300,-0.13411956183024698,-0.05227189133281534,-0.06661253655371999
4301,-0.22657194994466784,-0.15448040172332708,-0.026030081110248827
4302,-0.2564562162420185,-0.22306060214998252,0.010626574469076775
4303,-0.3227311498787194,-0.24743392043693704,0.04425657264256059
4304,-0.31892992224767525,-0.21412373137680082,0.056138346030844485
4305,-0.3008771326234829,-0.21959580314093158,0.06399386518147145
4306,-0.30839556523054473,-0.21046993967123123,0.06885725056667251
4307,-0.3068339288203748,-0.21415795153140185,0.07777064895915717
4308,-0.32281267319779994,-0.21009075413302875,0.04930540018570339
4309,-0.32869842819721573,-0.26243384904759204,-0.04321542545474573
4310,-0.34048946615068637,-0.30626391171898415,-0.14461144146490815
4311,-0.463871760167033,-0.34258392371520163,-0.1814622209450414
4312,-0.46586404525158287,-0.25630005408327766,-0.14355092838175318
4313,-0.46785320024644683,-0.2216855163626048,-0.04361484623501756
4314,-0.3701226445969926,-0.1790509091528681,-0.007599520856203053
4315,-0.33388105165082316,-0.20580821633750673,0.025223005370741982
4316,-0.28546500640628664,-0.191548417786625,-0.009088827757437998
4317,-0.2490960607353587,-0.1865126353750299,0.03092623595976886
4318,-0.21454742988737957,-0.1908430889965962,-0.014958402310839591
4319,-0.18128483289449074,-0.19110476669248555,-0.044231917991352045
4320,-0.21035684416504385,-0.14750142284650009,0.006011480759769725
4321,-0.2731776711262889,-0.11383140701831171,0.04387516234135416
4322,-0.28951613862471126,-0.060240724813314335,0.09727672081921888
4323,-0.25543668244307216,-0.0797339069908035,-0.0021502607735826
4324,-0.2520893454353198,-0.10347610557366968,-0.023216102611131793
4325,-0.2530835910104466,-0.1325795115171214,-0.0692028367307182
4326,-0.23258321316344352,-0.10940991351343791,-0.039788597801674624
4327,-0.17630521520814105,-0.08321152712919008,-0.04293010631166052
4328,-0.17171586650278894,-0.08332126954102692,-0.05339592810921717
4329,-0.16096787363441356,-0.07419597431021582,-0.04529471252865644
4330,-0.1948702034664155,-0.06570241098163715,-0.031473833218570835
4331,-0.24275802182012057,-0.06280022683725063,0.008694626640019349
4332,-0.3076865921371149,-0.08533871548918448,0.09953830272636466
4333,-0.3631131996326772,-0.0847387860326023,0.20618468199732254
4334,-0.387679149818278,-0.06398552163305088,0.2873496147202599
4335,-0.3971315416743227,-0.0560315138699222,0.30835640903053674
4336,-0.3320403941595035,-0.029006921330082838,0.2704784307727149
4337,-0.23815901154293542,0.004237507369381558,0.20106556484756882
4338,-0.1524969316286651,0.054200051879638764,0.11294362059858103
4339,-0.1485425241635785,0.035155719465060756,0.09115918114308927
4340,-0.1762353422879907,0.02201086224203578,0.1066410868183497
4341,-0.2205427729943778,-0.021587319592271892,0.13859921810631515
4342,-0.1945980041612979,-0.020677709444126224,0.11469470486041013
4343,-0.17623830681449967,-0.04167732057985193,0.13361489159354445
4344,-0.11305282443465996,-0.002104240151152305,0.0859730753142731
4345,-0.11199614556513335,0.014974270454654577,0.10536682246784093
4346,-0.09879374377719966,0.04053435466319535,0.07944020025870423
4347,-0.12159566047561976,0.020459923927432858,0.11217373183080227
4348,-0.08484252620970122,0.02087368215445237,0.10431070867103458
4349,-0.07139310625339863,0.03518094159127163,0.10508939550519589
4350,-0.052630399080620976,0.03388170416188574,0.11598952538289621
4351,-0.03968951096491749,0.030500586397128097,0.11356405687550239
4352,-0.027647766353658603,0.023877490666306032,0.12303327922160165
4353,-0.05442289940989384,-0.010285201512834102,0.10536520772914143
4354,-0.07652947609269106,-0.003988329830819022,0.09451310502627423
4355,-0.09880611550437908,-0.0049010634700867245,0.07138552029768556
4356,-0.026340290682490098,0.03160093971609972,0.009355413149377777
4357,0.012385239515964009,0.04748975066459828,-0.03348969830567779
4358,0.024949918758102922,0.06859462308455004,-0.033268327382886785
4359,0.011280756391264551,0.09544769814450799,0.0004706885735018988
4360,-0.0006310104811289839,0.05570497811578325,0.016428537611553815
4361,0.02098691105963592,0.032032815109600765,-0.0033903169807875944
4362,-0.008914811311339515,-0.03476935316437431,0.010060494108634912
4363,-0.03259699355013567,-0.06500957193855769,0.02944391215713915
4364,-0.04969063791407166,-0.11387803212578441,0.026138464330574818
4365,-0.029431504893422063,-0.09474190378874241,0.01597510749533123
4366,-0.02553428016701726,-0.07877161571978186,0.019843230373421616
4367,-0.016628818496265723,-0.05757791398653722,0.039642740731015744
4368,0.01666767797125024,-0.012806819844376685,0.016577609395419805
4369,0.06568986885823362,0.039589526161150135,-0.04232931929562959
4370,0.11905350747671727,0.10317435024514161,-0.11548133130751796
4371,0.14194397078610674,0.10246701226827774,-0.15896395642885916
4372,0.1199920085966502,0.06898981011438557,-0.14648901572441964
4373,0.0935519299762801,0.04326862674075729,-0.11479568286261546
4374,0.06746812212472567,0.025751831682143688,-0.08079693839030785
4375,0.08396494371297622,0.052205222862598995,-0.08534534429058743
4376,0.0736002103054314,0.04961714839244168,-0.09301260243775333
4377,0.07878314764395053,0.0731277197468647,-0.11989643113398228
4378,0.08829816398464593,0.07109230997776775,-0.14250304857823842
4379,0.10211729539371364,0.05905947553173392,-0.16671950041709352
4380,0.10580571094772814,0.024661262777068708,-0.17073891685527062
4381,0.07987002631391114,-0.001635333910110729,-0.13991197618081877
4382,0.08814949895889558,0.010953928434923151,-0.14156458577198958
4383,0.10536875722481169,0.046945930498252755,-0.1317441635100666
4384,0.11964844582587328,0.05721759961380029,-0.1732215627105927
4385,0.12144704348480623,0.03789489801520123,-0.18994167532423117
4386,0.10921171247886814,-0.005597067826033991,-0.20767787381217911
4387,0.10528226084847875,-0.028939799445719415,-0.19324431942502102
4388,0.09152278424609389,-0.04038860055072467,-0.1761455606714205
4389,0.06989194767418679,-0.046261262436405666,-0.16225217306590956
4390,0.06524212766162661,-0.03950545138236058,-0.16406331764088145
4391,0.05695491769550036,-0.018978880196517504,-0.17914861034746893
4392,0.07903978375717748,0.029866339952527986,-0.19198672632783242
4393,0.07735678574230004,0.05743057514204528,-0.19102625810595222
4394,0.08384035628535426,0.08316644518563684,-0.18284927629469025
4395,0.058922030534721434,0.05187769081509962,-0.17229271450943767
4396,0.03495121820791095,0.01746281966661047,-0.12289824435408858
4397,0.01559451779566445,-0.007499205187535538,-0.07160558765579321
4398,-0.00593566715360514,-0.005569362932712425,-0.014346494862037502
4399,-0.02250794378041076,0.027124239616425662,0.017493799542536017
4400,-0.025198238331790582,0.029889919300690987,0.017020869970334956
4401,-0.02661600954251595,0.0035391278596645253,0.020566968784858065
4402,-0.011714565521325934,-0.047929378792047665,0.00683748982957822
4403,-0.010950973663877919,-0.08406648987648983,0.010698450932511044
4404,-0.0038273142637762136,-0.10021325843745152,-0.018002177613902465
4405,0.021626737117240932,-0.08883806316865843,-0.037374253894988885
4406,0.029853345772379435,-0.07809940740296059,-0.06887315910423689
4407,0.03303053464859043,-0.05406199316384271,-0.06426221637765557
4408,0.030194177815088194,-0.024060657915064405,-0.09871104652237259
4409,0.022790398983673438,0.020720891932118436,-0.12927395898952396
4410,0.03348822925199286,0.013352639976787515,-0.13089808635468952
4411,0.037048039595870275,-0.006562867253231109,-0.12511697444098233
4412,0.04251689424142596,-0.0369543546914902,-0.09960000035886242
4413,0.04311309424039076,-0.057605673372968826,-0.1031290552179811
4414,-0.0030630424978333954,-0.07028749729433405,-0.11243318302938934
4415,-0.026591212603901404,-0.0822159969283227,-0.12961811866165782
4416,-0.03386093449837834,-0.05763698154333694,-0.14704192023394674
4417,-0.02263652775465828,-0.05872336481209785,-0.1462524390704634
4418,-0.023640573430706597,-0.11049823009435905,-0.11926872709778902
4419,-0.049598765294030116,-0.09746156440916871,-0.15453420966203518
4420,-0.0446151865456326,-0.04170487407488424,-0.1428257770878943
4421,-0.053049912898871475,0.05457272287243937,-0.17233381545774157
4422,-0.03327910263571172,0.10194696190162557,-0.125453596549584
4423,-0.06773775454158579,0.11018975604557789,-0.15068711831705342
4424,-0.09125184534490906,0.12150602896816014,-0.15301212766786604
4425,-0.13124988788404127,0.12297493524025171,-0.18662962345847256
4426,-0.10339853111384367,0.10418063349215559,-0.18500129862900697
4427,-0.09792941416420649,0.11426607010583958,-0.1636075497249727
4428,-0.10423377023534823,0.12976155783255844,-0.13624614534211518
4429,-0.13623067674850461,0.15710820261847466,-0.10462352517688311
4430,-0.0723591163885852,0.12374333760735541,-0.1315781174423463
4431,-0.05482578885613942,0.1018114208990567,-0.14511801404225194
4432,-0.06186125118116777,0.08145376156157928,-0.24698552248220818
4433,-0.1720711137756279,0.12049004667579452,-0.28465007694502015
4434,-0.20112030369254993,0.17178135136159928,-0.35831466830885567
4435,-0.2038829841100401,0.186687994913854,-0.3517010733115504
4436,-0.20868751878945616,0.14624438021023697,-0.3510565138656354
4437,-0.24943837319640916,0.17665497839629285,-0.34593628028331586
4438,-0.26135742873970635,0.20064402995678002,-0.3415866399457094
4439,-0.24939319094049534,0.24886704714083036,-0.35855974049393213
4440,-0.182790807770207,0.1253889656832776,-0.41946439430548177
4441,-0.17017415339916586,0.017626247857194625,-0.4985092998512345
4442,-0.14106890751942727,-0.05695326587517569,-0.5268385378540881
4443,-0.11901314943238189,-0.08688312071124178,-0.48864487748320384
4444,-0.0917072545394659,-0.047707635756315654,-0.4034762285347545
4445,-0.07078415790659624,-0.00025112092340233655,-0.3440346296325865
4446,-0.11647104934419877,0.04212963599035713,-0.2694814804017007
4447,-0.14580581579192128,0.09142763967187183,-0.26220783804138015
4448,-0.15726755354096827,0.0749311446569095,-0.26640767204883403
4449,-0.14151299156734648,0.09243503362644148,-0.31312363050968633
4450,-0.12232016503262935,0.07567949091836763,-0.30914036804109457
4451,-0.10234117788037365,0.04642572443886217,-0.2502091965150955
4452,-0.06575914758704464,0.06169693703711148,-0.23179570170739275
4453,-0.06387075179537294,0.09695439636277431,-0.24474915033742575
4454,-0.05156934297137924,0.13256514631150096,-0.293890715899904
4455,-0.061972614449724246,0.13103502206443207,-0.2794762754160377
4456,-0.09848649151385648,0.1419970552484407,-0.34880896085779656
4457,-0.16035933520960297,0.08268144290261557,-0.4310689574136868
4458,-0.18671652860340193,0.07228833947010264,-0.480885440514745
4459,-0.1778110606227282,-0.012538666754605653,-0.40744301578827363
4460,-0.1584486859086656,-0.012065637116060185,-0.3456318103974283
4461,-0.16124062022370303,-0.07901098733937047,-0.36244736703330677
4462,-0.1588649509757954,-0.1079964230057035,-0.40835581067047355
4463,-0.1334318764234811,-0.11584133395557829,-0.43182060825784674
4464,-0.1261906113473011,-0.04157548727880682,-0.4196181499482668
4465,-0.12273313986572071,0.05777333024886841,-0.42874553036569224
4466,-0.1308508846656782,0.12631212095101046,-0.4419823708152782
4467,-0.16763179793017907,0.112354880255597,-0.4427809806927868
4468,-0.1633344426253704,0.09384849303191269,-0.3705745073500325
4469,-0.1600094631554106,0.07232979726342861,-0.30598534984690207
4470,-0.139597252132951,0.07796077546952071,-0.26414075121809905
4471,-0.1472518268882745,0.06413396697052266,-0.254830115851228
4472,-0.17655272426920948,0.060815664606163854,-0.26914006204498264
4473,-0.13853567500757707,0.06164301032642804,-0.25731442851047265
4474,-0.10132159567558592,0.06734051679413962,-0.24948776898883443
4475,-0.06918095253796641,0.08078833487554521,-0.258615140363477
4476,-0.06574096187308491,0.1450635128716928,-0.2511134062144424
4477,-0.07311140985208658,0.2023873600879262,-0.24184173436431616
4478,-0.05523667021402836,0.2020134755328234,-0.19787929840680382
4479,-0.04743212494776253,0.1556913829448086,-0.20722255716070365
4480,-0.018808678998171156,0.12921033508528162,-0.1887809979866966
4481,0.0446681447376842,0.13080809730455253,-0.19247216489852248
4482,0.10365194454123983,0.1321015143803166,-0.1605582784270916
4483,0.13817757988941015,0.13522403257872648,-0.1776177395251641
4484,0.11018127460231529,0.13966038258589936,-0.17690570832505997
4485,0.0823530288649471,0.0838084502947841,-0.1630035119888931
4486,0.06586013475187102,0.014910025396043943,-0.12724228185992129
4487,0.030484217696741304,-0.014112431429743567,-0.10177379319954873
4488,-0.012563561674697748,0.022399948020406516,-0.14257360237394262
4489,-0.033770269253689034,0.04717285053649207,-0.18989222427698696
4490,-0.03478775707006661,0.04024936692426558,-0.24404088056370177
4491,-0.030202148165396812,-0.02518016095541021,-0.24350773343322357
4492,-0.11500727251846636,-0.03354149471793754,-0.24873912173470328
4493,-0.1908693240156176,-0.07814256226450449,-0.2960916583757229
4494,-0.2994116098189538,-0.07614276202675126,-0.3039896019808249
4495,-0.31633627014253163,-0.12686765475067116,-0.31120544435642816
4496,-0.36296639815235365,-0.13013500183466473,-0.2451749628960595
4497,-0.30295701141434866,-0.12440019230557878,-0.20842460887550732
4498,-0.18650444122122162,-0.059720292634683765,-0.19850008817330478
4499,-0.08879954602400694,-0.08902707059134889,-0.2069945871552874
4500,0.04399075964074127,-0.0260972260054942,-0.20110307455475487
4501,0.07269315197644065,-0.03840239882351542,-0.1912952284868547
4502,0.10966407196703702,0.01710973513464497,-0.17394350181008528
4503,0.07322046345411785,-0.04847485562715798,-0.19929052239963752
4504,0.02223630874143426,-0.08836286445422364,-0.17013042676372114
4505,0.00985082453268229,-0.0606267824903824,-0.17577300456039663
4506,-0.029456888495279738,-0.01482207137257578,-0.20500893651862606
4507,-0.053367811744502044,0.06111896389004181,-0.3175885791467424
4508,-0.11321364769926842,0.07575671290565175,-0.4117993193094579
4509,-0.20037330772887724,0.07144250360537371,-0.5054338004723656
4510,-0.28904181235322046,0.03439156605459518,-0.5445049490236559
4511,-0.3522449172287587,-0.011779257555139918,-0.5748070550019355
4512,-0.2972536618248157,0.007031418906138674,-0.5330246300978404
4513,-0.2114481792627433,-0.0439181911328484,-0.5178588617044152
4514,-0.17723887877390346,-0.08288442924255987,-0.5801582650532444
4515,-0.22148544884913984,-0.13444995967392048,-0.5861175396123034
4516,-0.2899121924198488,-0.10480400579337787,-0.6069177538803847
4517,-0.3116912749031557,-0.0928220844765207,-0.5410159454043357
4518,-0.31643429750295665,-0.11222955536721246,-0.6010706591304172
4519,-0.294101746592786,-0.14719547670299182,-0.558082841535529
4520,-0.29647341849750236,-0.16525423840808845,-0.5657300343950846
4521,-0.38056748510475596,-0.19024248814787023,-0.5256837737778158
4522,-0.37501674603170726,-0.18764634451691842,-0.6050738022977445
4523,-0.3268881121952578,-0.19860826436992918,-0.6285784315533175
4524,-0.22965167808520398,-0.1340649688243096,-0.5983388311510167
4525,-0.18159171012870373,-0.13656173780646,-0.47885123504185395
4526,-0.12681522817206148,-0.11008102950811077,-0.4167169971543468
4527,-0.10071592650570271,-0.16944814909398928,-0.4518564712301362
4528,-0.10492523033352072,-0.1571508258093492,-0.45079000814167663
4529,-0.10165411120487242,-0.11614294959607072,-0.4039961460088054
4530,-0.09584215288755957,-0.0578542404645233,-0.37058533675102995
4531,-0.04137836169962049,-0.06454219564483431,-0.3489737170875479
4532,-0.048599957408875676,-0.12001339731264413,-0.3817896003871282
4533,-0.005331715688847133,-0.14443407431545274,-0.3400559972199098
4534,-0.04030738108808286,-0.13300061689051831,-0.32344729342620665
4535,-0.07177630185367667,-0.1025002436755333,-0.25294988760820236
4536,-0.049709879131998945,-0.1019493407910603,-0.16419486397694144
4537,-0.009168503935485295,-0.0925020602029282,-0.1134420482769605
4538,0.07312652487661322,-0.06381726840132233,-0.06546738000085328
4539,0.04013579280011371,-0.06945260123901635,-0.07023763966992143
4540,0.03581947215357177,-0.0701505256176425,-0.06677261174444918
4541,-0.020222673708032414,-0.11762049297110551,-0.0733959832242795
4542,-0.04781094878386859,-0.1119463967003403,-0.07672629380190736
4543,-0.09077026113382672,-0.11059468600740366,-0.0644377656857372
4544,-0.11730388830246528,-0.08511067599357328,-0.07699580937544637
4545,-0.14731584051966876,-0.05300442788746528,-0.09704554720359454
4546,-0.14337266407399055,-0.07418317628165973,-0.09614956513754412
4547,-0.11727598190915738,-0.10725414195190512,-0.07003875356730181
4548,-0.027390464360021235,-0.11135719000955034,-0.02568840118192315
4549,0.04609086278925209,-0.047308270917399475,0.0026639649023206344
4550,0.08697608586170258,-0.019774268086884192,0.011966037027560592
4551,0.05421168001000476,0.008935729789879289,-0.01686674596897049
4552,-0.0033408692095990584,0.011204355186702698,-0.008664930318558115
4553,-0.06794395524840165,0.05560596967139894,-0.02077212210198716
4554,-0.08067199412314499,0.03515066413875093,-0.006278518785762957
4555,-0.0803210338718582,0.03937719200030655,-0.01760835508240045
4556,-0.044511835998615364,0.04171518660289879,-0.021452964536838922
4557,-0.05948895735857574,0.004729963564433604,-0.0005646540448082285
4558,-0.07612296916611544,-0.042267147747280964,-0.010828334129242088
4559,-0.05177424072441086,-0.08103927507342805,-0.0012693065383414678
4560,-0.004080376092730002,-0.034312515531805345,-0.04362934590480715
4561,0.052204306042098574,-0.0029952085585126477,-0.04022284959899106
4562,0.04757858510406114,0.011985297764715247,-0.06900692898762507
4563,0.016188744716085102,-0.02788565719032767,-0.035677436903978
4564,-0.04646088208808043,-0.016095963284642065,-0.06695942069380209
4565,-0.10999618392339983,0.010445425088249239,-0.05495025879322471
4566,-0.11596814370507731,0.060962368806164256,-0.08585886251200583
4567,-0.13870900187427052,0.08732103631572598,-0.054513177687592035
4568,-0.13421694345639512,0.0992701645301376,-0.03291360061389649
4569,-0.17172856105776088,0.07528830224842975,0.0036484663728221837
4570,-0.13018988755650762,0.02843763859984029,0.03612594915938909
4571,-0.1546558862164059,-0.0305498817132275,0.09586274044598332
4572,-0.1698927833063906,-0.01936861436038075,0.15716791462585725
4573,-0.18404785366612736,-0.011514227406050967,0.14814532807980985
4574,-0.12023666498292868,0.05460750873416673,0.11274398196834927
4575,-0.008707554011365063,0.03543716906225955,0.006970669156048278
4576,0.06903561821453671,0.05459453821682066,-0.010175155216871196
4577,0.09187812711952643,0.062423560604625075,-0.07448016842382321
4578,0.0222153925828579,0.10435058461757878,-0.07442122560966209
4579,0.0014472797549386167,0.1081030078835396,-0.08943299533670902
4580,0.025466530194791122,0.07225770420081694,-0.06467787854408429
4581,0.07157192596519589,0.04291009863754296,-0.04164525972153788
4582,0.025153541450948922,0.05901901878871029,-0.06911071551754094
4583,-0.03441544823190612,0.0783998633735994,-0.11751388323884995
4584,-0.05878106237009778,0.09690749864515304,-0.1151174511168056
4585,0.003756440572989825,0.06671979093474374,-0.0927273395373672
4586,0.06484334101754838,0.06639690632248406,-0.06153642245646208
4587,0.10830488070368215,0.06165208794864445,-0.06544149943150786
4588,0.12036592397767447,0.08960051779164685,-0.04135030784629892
4589,0.09188983264695394,0.10906347340906175,-0.040494576629663354
4590,0.09561964605027486,0.10849650080703056,-0.030172170676704572
4591,0.11081052723651175,0.10603603784021598,-0.027241522167713302
4592,0.16737697786373118,0.09564374148032467,-0.005627742382361527
4593,0.1464473064642384,0.1021107306169221,-0.02629054586697751
4594,0.07314263563185591,0.11713998746585289,-0.057049134725809435
4595,0.0382933740355018,0.0960575775855049,-0.06508201996396339
4596,0.04533871671855141,0.0947666805581984,-0.05023910071453782
4597,0.10369454707486775,0.058870407405966205,-0.03258088034199258
4598,0.1140571167402285,0.05167684553202857,-0.021000011873411013
4599,0.1457782052300083,0.028007515287622946,-0.03749361064829625
4600,0.06479083983336655,0.052075624621233906,-0.014714830516016906
4601,-0.018525013536595667,0.0783905800829433,-0.018222885884452793
4602,-0.09707825256170854,0.10979031375166101,-0.0069864094058726895
4603,-0.04610159347684231,0.06454610838571848,-0.025255569314050624
4604,0.005146764829495959,0.05490018905012776,-0.04793684598809434
4605,0.013395862376852165,0.006262879143003372,-0.025634430218758757
4606,0.03253133893774062,0.016776204979611246,-0.0098667433564993
4607,0.04435386318995666,-0.007994899339238306,0.028416091670160862
4608,0.07114766174966936,-0.03203228476097897,0.030316459646495594
4609,0.0511351797826589,-0.04725832135880683,0.0346767311346824
4610,0.04061547517023376,-0.06698208004691032,0.02535743602127826
4611,0.03868003507387146,-0.04681520435246202,0.03585678574637132
4612,0.04307735541550433,-0.01933304253640043,0.032386920432723065
4613,0.0580854169999986,0.004273443207957981,0.026146561368712753
4614,0.07783667454316004,0.00858157452709162,-0.0013961163480410799
4615,0.07632696155853656,-0.005628485206848667,-0.006871553417918199
4616,0.07126637551023225,-0.02162441609762208,-0.01130119130305441
4617,0.07929407464763417,0.01572131830750229,-0.01216588515771346
4618,0.10494697286189014,0.03466882821675314,-0.019863007591136364
4619,0.12246898124973012,0.06061944146296257,-0.016262612876387736
4620,0.09629627379461109,-0.01880404862392525,-0.006882670771367858
4621,0.048367599566242675,-0.08093566469789,0.0022988506379152157
4622,-0.06893101455231015,-0.17852538648402957,-0.0001397601780178864
4623,-0.0912176680716096,-0.1972883951609229,0.002374826534708487
4624,-0.08937729625623946,-0.15905064932832078,-0.05380498464927652
4625,0.017760251086099233,-0.08907248269452929,-0.07656433749695876
4626,0.028706311682795995,-0.037394356312442124,-0.12564797761877383
4627,0.06559262904004143,-0.0416060756256089,-0.08646007849824335
4628,0.050565983644178386,-0.017524200183002478,-0.10469226789608087
4629,0.06723508213301446,-0.01198765693291922,-0.09927302574434753
4630,0.08251949967374822,0.005568291849874997,-0.11982215289054343
4631,0.02716467458610573,0.02352084316058877,-0.09689983825723811
4632,0.06132027120366514,0.03705905295627062,-0.0800976402015776
4633,0.046834588346109506,0.0007929472659712926,-0.052629928155035796
4634,0.08462045329134434,-0.012502193533402341,0.006226171608767143
4635,0.005237396193647025,0.05188417008898439,0.019016523450924375
4636,-0.16170584481299818,0.07456044401190964,0.03716417368841335
4637,-0.2720707596594259,0.05377660993952748,0.04515499821453184
4638,-0.3234067030516636,-0.06709420019146928,0.10559576337506345
4639,-0.3002981677244318,-0.14514127920759257,0.15495418849579307
4640,-0.27093678237881,-0.1962611845041017,0.15780678751832702
4641,-0.2815648651104827,-0.2316116790784946,0.14624575439239085
4642,-0.2442547822534735,-0.18638120494006835,0.11979318896720774
4643,-0.24303709831541226,-0.154471287143824,0.1419328588563438
4644,-0.19631732388456127,-0.10638312208724214,0.08947374034712786
4645,-0.17161075642813675,-0.09845956689749108,0.0626380814576864
4646,-0.1418049071927721,-0.1156591549044904,-0.010641068793702482
4647,-0.10057832964061465,-0.09630241842259515,-0.03661259675717575
4648,-0.09461442829756717,-0.15273088792555722,-0.051005364220115305
4649,-0.11160900168764572,-0.1810146424254628,-0.024523729594679782
4650,-0.16636593627895863,-0.2019965615750778,-0.01567012335991599
4651,-0.1503524389087637,-0.12838172263383116,-0.00825008628761248
4652,-0.10730167433830391,-0.04881750865186109,-0.03954123545015617
4653,-0.08921291553553563,-0.018524631451131427,0.014146332130085827
4654,-0.11535778306078594,-0.032571365499299496,0.04935427179759957
4655,-0.1239501300030982,-0.03922860423758777,0.08742037575433292
4656,-0.05409856042648473,0.011456801382786824,0.03070647158428777
4657,0.007999210344975857,0.06477548950092596,-0.01473728068761546
4658,0.041781301809817595,0.09823054946195732,-0.04904688908102249
4659,0.023145362407272673,0.06747836542262858,-0.010527888813315348
4660,-0.0002786872106209194,0.02833409077581335,-0.0457416668750391
4661,-0.03519627833300068,-0.010011214296242568,-0.036439138417502515
4662,-0.07979580962559532,-0.03317992551878582,-0.053300365124554314
4663,-0.10868428156275386,-0.0384587206326125,-0.0007804103075858426
4664,-0.09075998695245163,-0.04382427407282307,-0.017098516112107005
4665,-0.07304389187382043,-0.0457908105729615,-0.034894189489511944
4666,-0.03729036402916523,-0.04856560592147019,-0.07990005781220087
4667,-0.01471005230832735,-0.06450429358725096,-0.08858147796096882
4668,-0.059665970462285306,-0.04390636465007181,0.010782097807854302
4669,-0.1216125103272479,-0.011809333650708858,0.11350581020041399
4670,-0.17651306816774057,0.04195105929407706,0.16022980804693768
4671,-0.18867401041169252,0.09075433258976748,0.09475982999405642
4672,-0.1548626962468054,0.06479973576210464,0.06822960868761505
4673,-0.17531692828573925,0.02430583272128711,0.08574879346213267
4674,-0.15182039997436897,-0.031398449316262546,0.08930389876602857
4675,-0.1386248083232281,-0.01869447343957709,0.09333143107430723
4676,-0.10511920585078252,-0.017576288829207955,0.09203690905064976
4677,-0.047288003592049106,0.006282597833070392,0.09444022162823484
4678,-0.05457365929986854,0.01549009872202075,0.07572192324832112
4679,-0.07137111047769847,0.0076799022941764486,0.06623113815123159
4680,-0.06643467661752742,-0.0493859554020737,0.016120930060777354
4681,-0.09149012218042951,-0.09858835923994809,-0.011066127712088729
4682,-0.03599793232537461,-0.07468396242301101,-0.0833219126987804
4683,-0.042166256180914796,-0.03355723073435455,-0.05328752467992162
4684,0.010596433196176737,-0.0019355840377161984,-0.08894201586576005
4685,0.018265046899728757,-0.004068909409877972,-0.0804551131225738
4686,0.006648102906495364,-0.0030624353694537706,-0.035971146971204064
4687,-0.02102921326913679,0.005754101503926324,0.03076326468317011
4688,-0.054029973139265344,0.007842557064741336,0.0891563755740995
4689,-0.046928344719090825,-0.01128405619615825,0.09586205326956626
4690,-0.02302231439895219,-0.00631767643008674,0.10532393744759876
4691,5.137046489820233e-06,-0.023321472921446755,0.09237241230131549
4692,-0.004000034090495116,-0.0038126407988262434,0.10104515138263863
4693,-0.04036837852807615,-0.026941102748189612,0.11972620003460793
4694,-0.09146035084565036,-0.03307452545962825,0.1555984830686367
4695,-0.089434017889035,-0.049040900964738746,0.14719752052684376
4696,-0.10712725011197638,-0.07588559068539598,0.15354796377996305
4697,-0.11289033418601893,-0.09715512841542977,0.159009481785433
4698,-0.11628210979307771,-0.10218312618986942,0.15654836623136956
4699,-0.07311869698173652,-0.060776790702435864,0.10753443820897567
4700,-0.027842872731978937,-0.04366642393907977,0.05045785107461473
4701,-0.03631729433939068,-0.0677140406592218,0.05695516890932054
4702,-0.03880826095162876,-0.09971683902128993,0.07186896040217444
4703,-0.018690161225386904,-0.12255744335235123,0.06862783643828066
4704,-0.02080804153706284,-0.07219411448978597,0.05055962520652748
4705,-0.05197368914317629,-0.054767235548169306,0.05506279737263148
4706,-0.08977874225102654,-0.02350688561877729,0.06980043876312754
4707,-0.08652429476391767,-0.0310072561910061,0.07277445849911421
4708,-0.016480087940919253,-0.030767413889532722,0.008993472115732586
4709,0.04086748819357077,-0.04974232831306961,-0.02189102063990986
4710,0.07488318005331797,-0.05469147226888972,-0.06487233642402762
4711,0.011236425786508126,-0.08255230145781868,-0.0005770427586414782
4712,-0.03355236869310871,-0.1367116954954449,0.059042997211563836
4713,-0.030476017774668948,-0.11326570703560351,0.05648459230081194
4714,-0.01882013759728478,-0.019847613943564848,-0.003127510808373545
4715,0.02949727306183977,0.037772115675634786,-0.04947499939933627
4716,0.02239673540374415,0.01871052686224001,-0.042260230661475585
4717,0.06471921915463402,-0.032442987126332354,-0.03281798371690853
4718,0.031572774245286754,-0.05884042979642009,-0.04940154235636194
4719,0.04083654299788684,-0.050432924809725554,-0.04290046855238778
4720,-0.010585807860247227,-0.038300923915645914,-0.06820124752533145
4721,-0.05835558907867152,-0.028362617993901586,-0.075676547768064
4722,-0.1390418047160747,-0.061318269999993555,-0.10224511843211938
4723,-0.1474821525027522,-0.08688921507422939,-0.12055928869363601
4724,-0.11864885804614339,-0.09531008687071588,-0.1323600198221942
4725,-0.09071915159656774,-0.07956561727991304,-0.13414081136159609
4726,-0.0516667359624839,-0.08554168863960714,-0.09794900086204739
4727,-0.019800580969493328,-0.10168152420050286,-0.09418918727597823
4728,0.09429611587262728,-0.06716189448187078,-0.08337233542895871
4729,0.1734142147220723,-0.022114575637496865,-0.11225847547100185
4730,0.23747411175976862,0.012800826883092573,-0.11668431385996829
4731,0.2319191875960745,0.01626955918704265,-0.13271387489794986
4732,0.2179250482111952,-0.004282205832897955,-0.11484381088278602
4733,0.20080323703998465,0.0173613093861593,-0.09282339580689698
4734,0.17598550574480584,0.028553332729397335,-0.06288769031601503
4735,0.14923899874018742,0.044502599515291175,-0.04656104146177914
4736,0.13052511104305156,0.03423966527513679,-0.033651475949567244
4737,0.10386037868976628,0.022346357412256615,-0.043821040829732615
4738,0.09480993959143962,0.03896304696510529,-0.06397722504751835
4739,0.06343743716077764,0.052725688570057466,-0.061008548114349914
4740,0.05321829538146963,0.06810495412812977,-0.06646193342100419
4741,0.05774041517047146,0.06924862459516175,-0.06394453970847286
4742,0.11724542138916988,0.06509821772810807,-0.0858554213602902
4743,0.13907950507038985,0.06446410921679213,-0.10262528507137483
4744,0.13415117443606656,0.08713883000127576,-0.11283454164491095
4745,0.07425496598201892,0.13545472306813588,-0.1145063311109994
4746,0.023873080029991205,0.17637261871837093,-0.09895231832245693
4747,0.021939060800702327,0.19503370368256207,-0.07910173649477228
4748,0.04567322459629034,0.201339930331042,-0.07025205504749352
4749,0.09037632064645587,0.19739770637043424,-0.07947108512317652
4750,0.11675485483837053,0.16284468575141559,-0.08240777286307288
4751,0.1224484337382521,0.13219662344500982,-0.08645798435819922
4752,0.15541376268174772,0.05837741732003899,-0.0747326398095781
4753,0.1569922126341087,0.027291064047598627,-0.07107123788099498
4754,0.1908261119923897,-0.006648657677131743,-0.06012048721808633
4755,0.21938825684205387,0.013853875740081683,-0.05725790748374004
4756,0.22879943003809583,0.005634052684938084,-0.08481018601352104
4757,0.23918893225923854,-0.01152678472454082,-0.0926093026752187
4758,0.22276135926151527,-0.007035951185882096,-0.07639262696736121
4759,0.22925463935254858,0.027729506440907558,-0.04854673315043413
4760,0.22212614055656008,0.06452536729569376,-0.021380804719660938
4761,0.16406986642865098,0.047721338273396995,-0.0022639412563961554
4762,0.10074960878987463,0.0115881445618508,0.021310964807534433
4763,0.02524432139650191,-0.03942733481519625,0.02369236648488535
4764,0.004695047318058671,-0.07134414834931557,0.004830819527963328
4765,0.016343966766336433,-0.08093922024507477,-0.020030262918784732
4766,0.06667125989781619,-0.06212119719752778,-0.06343850257804827
4767,0.07238895107570273,-0.05761184633790915,-0.07337116939515385
4768,0.04640988127566422,-0.04214565161003086,-0.07704919993156499
4769,-0.0021612664648578673,-0.060523762867984755,-0.053057257303376106
4770,-0.01977683535514872,-0.0480783900329784,-0.02760255941055132
4771,-0.03800964747863203,-0.0601233669557982,0.015939678993912753
4772,-0.05329036233207395,-0.05708533974246598,0.048645734705815284
4773,-0.06208975984001486,-0.07097239595409034,0.04894876488432518
4774,-0.05891489206640435,-0.06563812260322895,0.05375781379146336
4775,-0.06103399454788384,-0.06565845976685923,0.06466060539676766
4776,-0.06352764306107983,-0.06425532617390035,0.07312491237799318
4777,-0.04499874716826488,-0.045514189373179414,0.05179681293441184
4778,-0.04905890677512739,-0.04207975222649538,0.05597663127574206
4779,-0.05254635723580957,-0.03789204497053447,0.056011510803355494
4780,-0.061010647263523184,-0.048844005942583577,0.05646933403729698
4781,-0.054299716580506946,-0.05490490543743772,0.028079408031789092
4782,-0.07719608708994552,-0.07082396488171529,0.0332813962036373
4783,-0.09533080220222519,-0.09175107091421729,0.04173862759965069
4784,-0.0984293873438748,-0.09359757797566597,0.04837291148823968
4785,-0.09341887051692224,-0.09666346618382678,0.08357334741306195
4786,-0.09024963337257635,-0.07532497912988269,0.13992233247968172
4787,-0.09844191605047632,-0.059327093489923356,0.21488041384564352
4788,-0.09203189927230399,-0.04137987315600967,0.20457314846567093
4789,-0.2024087812466033,-0.0892898303441923,0.13701866564265414
4790,-0.31777055254991327,-0.15786296723889098,0.04888697780203485
4791,-0.40893520765014796,-0.21671643641149005,-0.04204107002492147
4792,-0.4792814205683707,-0.2699279801284319,-0.008370480963083416
4793,-0.5482979328061892,-0.30570074190587027,0.025363721977627783
4794,-0.5696627749451043,-0.29293951849864724,0.08124032803314
4795,-0.5237663073975969,-0.22047769600609363,0.02326298140140755
4796,-0.4773203671298812,-0.14903091168419305,-0.018174475856745826
4797,-0.4775937256274924,-0.10786339531784903,-0.1040896249401993
4798,-0.434564781136643,-0.07239223312802925,-0.12057276416612113
4799,-0.4009631905881895,-0.04798301291426292,-0.1347568251037889
4800,-0.32990017165167035,-0.03290000023335024,-0.17457230721307088
4801,-0.30701306176048815,-0.037406902360492975,-0.19688600432421857
4802,-0.24307580443029203,-0.04004546383176369,-0.16765662875404325
4803,-0.2234709596143772,-0.050752665234835063,-0.09931389646356537
4804,-0.21118202118389706,-0.08425255157096506,-0.015418884999847938
4805,-0.21993969147354073,-0.11189419518089085,-0.007206444945625544
4806,-0.18835678186370503,-0.11184361534082063,0.06082437528349916
4807,-0.1266027185776102,-0.07091550863482969,0.050527876917905494
4808,-0.07229428460866381,-0.03814865818943301,0.05823634715823201
4809,-0.05867598590544066,-0.029459624025157217,0.06763010038593263
4810,-0.08294307212853008,-0.05846305232537423,0.07927652839731693
4811,-0.12766350412901906,-0.10164498994031908,0.09829888015431056
4812,-0.1307729666472485,-0.10130053762666141,0.05710217132957326
4813,-0.15162624646384387,-0.09133130294767887,0.10681218354166287
4814,-0.12749248408850722,-0.06775930399201589,0.1396548376372666
4815,-0.13645968063812314,-0.08234592254240353,0.18331457117330408
4816,-0.12805924055481682,-0.1018420289033803,0.1576758185427665
4817,-0.13664311684643826,-0.11385719973147929,0.10567793978005939
4818,-0.1765021966452444,-0.16058059926655704,0.04911685887406277
4819,-0.19259208193292188,-0.1898662935547303,0.041924834935626654
4820,-0.21679962652216092,-0.22092658211960314,0.018158323992115682
4821,-0.19182028262181444,-0.1822940926413419,0.002267072199966158
4822,-0.13420249443453355,-0.11260433759177056,-0.024437274620577883
4823,-0.09992207944910735,-0.07403507295872215,0.023152268120972694
4824,-0.0810774843110964,-0.06057765879869878,0.06835079364110612
4825,-0.08636362889787548,-0.06893872820901767,0.07709614084233435
4826,-0.08612725727487924,-0.06203926604541448,0.03276114972140102
4827,-0.08409028370463674,-0.05951981913980912,0.0395152304662973
4828,-0.08591867071913756,-0.049244293348107725,0.08606638796954237
4829,-0.10173896615318045,-0.049723433565017766,0.10368298878543858
4830,-0.09809952775158112,-0.04416218582518942,0.07103805845919108
4831,-0.08255977916138488,-0.028580876631575432,0.016666279885060982
4832,-0.04042032256706749,0.004144667141472626,0.0030005350634976988
4833,-0.01883239077755145,0.03561282763197598,0.002401490289057239
4834,-0.01468461753875454,0.045379871696747946,0.01871492461794837
4835,-0.018031739437907292,0.045893423874946625,-0.019014945615017785
4836,0.020230555653712404,0.08811212769815085,-0.005981801299549674
4837,0.01400853414162132,0.09460465823592563,-0.01040462998277214
4838,0.002562656175240442,0.08461716072315162,0.034054851576849544
4839,-0.009575416686930741,0.06985505926657296,0.015442126760437068
4840,-0.01847604242659602,0.03370525156005162,0.051366810958697544
4841,-0.022595490986400454,0.019108223508749068,0.07941808784339294
4842,-0.09252822742621067,-0.05947240530545284,0.11896595185609435
4843,-0.1328454298460801,-0.10704669928336628,0.1272600237827208
4844,-0.15227710662743024,-0.13342170096762979,0.1312523370630828
4845,-0.13554899038096563,-0.12827624683274144,0.13455687082421353
4846,-0.1045275769046586,-0.09489491870995612,0.12196449487326771
4847,-0.08172988626172255,-0.06780618128423763,0.08272822389901366
4848,-0.04098217931519786,-0.010692100522036488,0.04300350733738129
4849,-0.013652408852795318,0.01812645862750971,-0.002173062925887141
4850,0.026128778814357757,0.06298207866821999,0.0044747805193249696
4851,0.058396676108927174,0.08889925282389806,0.0033524214842604047
4852,0.002322961713161808,0.03745045484420385,0.031435436086880604
4853,-0.04934387775698035,-0.01918271318193653,0.020949884257010935
4854,-0.11160798136276975,-0.08526577587166975,0.005881840276720646
4855,-0.11551142054630881,-0.1264539449893428,-0.011653146311783767
4856,-0.11017748837149303,-0.14944209103709588,-0.010495852245027052
4857,-0.09918506460104833,-0.15112367935667048,0.012279961375194425
4858,-0.0675636190414935,-0.08935297179706357,0.014757709033832252
4859,-0.07602753106389358,-0.07112004867595059,0.024300103868330956
4860,-0.06558927874102924,-0.049614038256656216,0.006542537288509557
4861,-0.06701700924737779,-0.039246566518603455,0.018479111595820177
4862,-0.059012352623231824,-0.024537903330250858,0.019247404951592814
4863,-0.09510418336410055,-0.03751427741872347,0.015971496281837094
4864,-0.06801015703762495,-0.03848209900141281,-0.01771166672228119
4865,-0.038077271355950695,-0.03085278612265697,-0.04665209615563619
4866,-0.011920750067806414,-0.0544884165186095,-0.06846951379745975
4867,-0.02109390362882316,-0.07060744650346729,-0.04100886309556201
4868,-0.01189185554187778,-0.06453110717881895,-0.039095950746469266
4869,0.0017197681214207664,-0.05584722704861403,-0.013934310654815674
4870,0.0025189906691346553,-0.05966495862033,-0.027757747582531796
4871,-0.0014613661713578244,-0.06639298538803762,-0.016017520243318237
4872,-0.04526539613259612,-0.09217030604118429,-0.014909632754433078
4873,-0.10132520132849107,-0.0976444618735845,0.009602476383018057
4874,-0.15968605237401504,-0.15502146896328386,0.01575592683799949
4875,-0.17876780779555712,-0.1751570508799967,0.019564234886743373
4876,-0.11646454607339547,-0.14148752133706158,0.0006580491458309321
4877,-0.07928844386905594,-0.08971715821873756,0.020155518627530625
4878,-0.043810638135464715,-0.044931822423074634,0.038782972201361225
4879,-0.08205563255830914,-0.06151114800280784,0.07247793687121394
4880,-0.08557473295949337,-0.06515196716722171,0.08224257817120596
4881,-0.10727291445029971,-0.10962918553819448,0.08260620954067886
4882,-0.10255703101305899,-0.12788127415296663,0.06115946548743425
4883,-0.10578911396603263,-0.13419192809566993,0.04357763887263926
4884,-0.0830011931857366,-0.10274933720483044,0.016469433576831553
4885,-0.047536959975756916,-0.06319849981614316,0.009957996710487582
4886,-0.0027331335826054613,-0.024943260054361777,-0.005865325591088415
4887,0.011584595580529764,-0.0025075561280892794,-0.021882818339253124
4888,0.03493659195829315,-0.00019357288602629593,-0.09594457877941572
4889,0.03194785862026848,-0.0181777034751643,-0.11874015560892638
4890,0.04833365333410305,-0.037301020497253166,-0.17512317703747546
4891,0.04653996940885732,-0.030074102824601687,-0.1295669939134083
4892,0.059113292969449296,-0.003394543107707415,-0.11796415132225015
4893,0.04034080989804684,-0.008276301521135804,-0.08964209783218369
4894,0.018928023593530525,-0.014169768775643516,-0.10752560242387965
4895,1.7612127710980863e-05,-0.04294087770809902,-0.12241430687341756
4896,0.04699404547083464,0.007127756005244089,-0.09706673780868434
4897,0.09475423082215478,0.047705735104126595,-0.0840229490006887
4898,0.14416564445148297,0.11355665186668011,-0.08884466226522161
4899,0.1641969347854354,0.12060046353681882,-0.1348031908151035
4900,0.1546796300785462,0.11125992488698183,-0.12163913558954016
4901,0.1382552839057606,0.09015816559765065,-0.07544243808560702
4902,0.09613815357516237,0.016605978654467664,-0.061016375095427094
4903,0.019079229309172382,-0.09388759142252556,0.009491604457169183
4904,-0.05826567266243054,-0.19957074114392814,0.06175978627372062
4905,-0.09698551905993993,-0.21024623555521574,0.1301396770631755
4906,-0.058501553886761724,-0.168033194990463,0.06856469401119863
4907,-0.003823125924672492,-0.08614032011726848,-0.007457841048822877
4908,0.03093578826696651,0.006472095812901326,-0.07460302078223623
4909,0.04427113182499809,0.06581679336956409,-0.12008880978192979
4910,0.04304094411608837,0.07320758607597909,-0.14473964891390323
4911,0.04942937412763484,0.030389076463119544,-0.15123333009659262
4912,0.07749194996550232,0.0398521960203343,-0.13668639792285228
4913,0.09544680534198768,0.036539510638843704,-0.17113051109198277
4914,0.08929333318963396,0.045914626701431725,-0.17457128469150546
4915,0.08226037653706253,0.048240119322130834,-0.20408507337640577
4916,0.07979979696736285,0.05780799547480876,-0.18717190599182773
4917,0.09520360445048166,0.06439004747919087,-0.14356766407976784
4918,0.0810749257362003,0.052654467710875404,-0.07264682606642872
4919,0.07304485031224846,0.04607864117647548,-0.053172918001516765
4920,0.08521144613212932,0.06416676484699742,-0.0827668006230031
4921,0.09241454202805538,0.10406368557941674,-0.08169469313367307
4922,0.10407236296529714,0.13569210540235255,-0.06987395432354854
4923,0.08643276096563723,0.11986355852269828,-0.03476924214436866
4924,0.05855328314273912,0.09657428153617477,-0.08451096025068748
4925,-0.0016677027623704609,0.07173638892323637,-0.08506792729726204
4926,-0.043378557931288884,0.08015764107413789,-0.11313557660084365
4927,-0.054459058059759154,0.07379423045148083,-0.09994019002553602
4928,-0.03803162894494361,0.07939878072229191,-0.0938076158665323
4929,0.010405941668362192,0.08170321470049376,-0.10714636573407442
4930,0.032149250926495045,0.057305485555852353,-0.10700068402211796
4931,0.04153787979397485,0.045020696391637215,-0.07970126966364693
4932,0.01123538202063459,0.07189381647168373,-0.0032855918521069592
4933,0.0017424005085543948,0.11463072631513864,0.06179059597180783
4934,0.007876430188857409,0.15025215836796157,0.09577692297266602
4935,0.02938565875896204,0.14659075238322128,0.10074505917518344
4936,0.06502615195679981,0.13624474890356456,0.051861296196538065
4937,0.07843745605994167,0.10358614620774895,0.037486568561642106
4938,0.09343637124414653,0.07602990055347195,-2.7721876350191685e-05
4939,0.07666516181122943,0.07408090537779238,0.02302903025368367
4940,0.07663738527059098,0.09414062794809659,0.012273937002469103
4941,0.0798161632903264,0.10186538462688105,-0.004206600153662607
4942,0.08719829986631729,0.1041343294869362,-0.023397045381536537
4943,0.07854046083796126,0.10378934113652666,-0.016199374070905218
4944,0.07632251810489644,0.08932373338445786,-0.020729990187754677
4945,0.07926210262975743,0.08170293871612595,-0.03187968846069669
4946,0.08635792862959554,0.06749278516398634,-0.05623231465246334
4947,0.07595498631089352,0.06534781972101614,-0.07393721736382329
4948,0.04813583341505843,0.06988313988240305,-0.02334936115550375
4949,0.03795958686429913,0.06491286996707364,0.0016831715027921124
4950,0.042464497264753764,0.0793681926764103,0.05111558966540313
4951,0.05249239229493844,0.06970283724435208,0.03719602061830448
4952,0.05255181542554348,0.07041112284008993,0.051740239694709235
4953,0.03515179998668922,0.051536964487793546,0.027311221743737478
4954,0.044477012482889426,0.058741938570457536,0.010298326370188897
4955,0.046343918381934794,0.05601916926171164,-0.01626449131066351
4956,0.022507950952759873,0.013980926295541157,-0.010002811887512708
4957,-0.0020028186184599247,-0.05050444350039382,-0.04302831586774439
4958,-0.01062209687585605,-0.09444661133657513,-0.08142021520713812
4959,0.010969491819974742,-0.0887763557123933,-0.1073430206109696
4960,0.046241268666339035,-0.08407483718928112,-0.11252282437023367
4961,0.07131695016054457,-0.08179546385480667,-0.13218211198049984
4962,0.10161904560585709,-0.08614379412104582,-0.1623333642493
4963,0.11311624080539007,-0.06144420640576144,-0.2017265951097645
4964,0.11864886061652002,-0.04659776181848295,-0.21532126834923226
4965,0.0940774602495048,-0.07431961480751272,-0.23048374005522207
4966,0.07895153275033068,-0.07898191194812211,-0.20996288872613197
4967,0.08405754907149741,-0.0729024024044756,-0.18821549915251218
4968,0.13726906400932798,0.005446833388767855,-0.2053374675669109
4969,0.16571487157841683,0.04575697488905898,-0.2099560055183543
4970,0.16290511918703177,0.07281340549178969,-0.2020839274600667
4971,0.14310430467836852,0.08173986258879443,-0.1471466133705199
4972,0.1432716580906837,0.08726731262249311,-0.1362463781502056
4973,0.17169478329691687,0.09696664201703245,-0.16454212311594404
4974,0.18037232535072453,0.10075047311408572,-0.17881221362392125
4975,0.1695083491327513,0.10261150517525201,-0.20164786713248734
4976,0.15001770301707953,0.09213246530597966,-0.1900608690156121
4977,0.15466422273433073,0.09136621268091921,-0.20133434040674505
4978,0.15979232539007718,0.09953676550126928,-0.1894736689563337
4979,0.1599563690408499,0.11386337681806341,-0.18515385169606086
4980,0.1467268904603167,0.11340467081709833,-0.17443386638576805
4981,0.1340000865621419,0.10950584356734064,-0.1562645528751573
4982,0.1345498308494471,0.10926057835750899,-0.15582032496960965
4983,0.13757345563458603,0.11209129355781308,-0.16826866692894643
4984,0.12752111114006917,0.10320373627892887,-0.1762728384474378
4985,0.09537919677061854,0.07576252079484755,-0.17204688078258445
4986,0.054100865196165034,0.03845095100169541,-0.13310356958843594
4987,0.05940473549581842,0.03819652106467247,-0.12428740309203687
4988,0.07808649546323984,0.05163197175477352,-0.12747249972045469
4989,0.09334294778809682,0.04693542829268183,-0.14455447883859668
4990,0.07950705072323301,0.023115637620726503,-0.10628966747313622
4991,0.07166548721985994,0.004046886182318772,-0.05907279979984093
4992,0.09834709979093108,0.04055023640784141,-0.07223051853788373
4993,0.13978991567073726,0.08199829894090864,-0.12069232906236725
4994,0.17743584343316043,0.12152031726749944,-0.1855026235350959
4995,0.1989005917984995,0.13495180501681328,-0.18143681713926554
4996,0.17514938109535558,0.0991281651291524,-0.1568909398163517
4997,0.13950853360550805,0.05953533983622142,-0.13547119949000444
4998,0.10230169805038991,-0.002974287295354489,-0.11622684126288205
4999,0.1044901238725902,-0.0059828546647387555,-0.0980155664342443
5000,0.09724128747653932,-0.02234141352050944,-0.07372285638679102
5001,0.07083748336247198,-0.03606340513674733,-0.06886677045172053
5002,0.04095020754556442,-0.03837036180703405,-0.10102048238808717
5003,0.030233455863926638,-0.05384098362854683,-0.12984795250602607
5004,0.006781705420584235,0.003141773938926414,-0.1409042074131139
5005,-0.029591620591571426,0.038227336674098195,-0.13325167662779075
5006,-0.054164388183079316,0.05075597471229957,-0.12065474182036508
5007,-0.04144237641334058,0.024086434055064384,-0.10505175392756162
5008,0.03691311494227973,-0.04350898589616311,-0.09589007454262684
5009,0.07496370918182757,-0.04840217204851731,-0.09337621885276957
5010,0.08060774872694665,-0.06043623907371273,-0.10522486190853737
5011,0.01504345591192815,-0.03691229683920974,-0.10275097265493803
5012,-0.021333515819915834,-0.03431311284201799,-0.10027397234537004
5013,0.023765597732262004,-0.03173274122049479,-0.07506104610014915
5014,0.030529271989525528,-0.03358451912768944,-0.07056509327081573
5015,0.028429710373109356,-0.025810264167216837,-0.06889789537735126
5016,-0.012273123954685557,-0.017576455906581395,-0.07631503260424805
5017,-0.005402862209611758,-0.0017523836722373636,-0.08151624129624661
5018,-0.02424641681321262,-0.0031847250498305375,-0.08099043660655111
5019,-0.02120231365075361,0.0014959977434476604,-0.08841943112118829
5020,0.008123783232400032,0.012338325193385041,-0.09220151232093067
5021,0.040127802744182296,0.03727985550399595,-0.11241835061015867
5022,0.04118084294362347,0.032932187864299335,-0.09481245858903699
5023,0.05688037154340028,0.030124815791557714,-0.09472589001530907
5024,0.08116334286913261,0.029037283712418902,-0.08826123800082256
5025,0.1077688092241034,0.022762225291756557,-0.07318082295804586
5026,0.08641474875384278,0.01851085179854929,-0.07250600470323092
5027,0.060631268609783566,0.021813992372791826,-0.055048406168719435
5028,-0.012834827603882343,0.05701370623461798,-0.10651774459437394
5029,-0.04726045808165878,0.09178459933783503,-0.14252408917445406
5030,-0.08326222349665162,0.10736012512424978,-0.18228240508805194
5031,-0.06905616238099335,0.07846139241854216,-0.1691541328175744
5032,-0.04484885887466332,0.06517339405688126,-0.13644640017928336
5033,-0.0443954388006105,0.07759972664902959,-0.1448689290314911
5034,-0.0022331530086702627,0.0997153092840815,-0.1473972975017483
5035,0.0604405894391296,0.10697118410081513,-0.15892359702814723
5036,0.1272025415081211,0.10380554948276145,-0.15212165828498178
5037,0.12787452008366962,0.0774260370597486,-0.13070844298241518
5038,0.10144466087789535,0.0634162717021618,-0.1347394871956985
5039,0.06515392763381175,0.055283069114641405,-0.1377180279156598
5040,0.06285700562950887,0.042561153837334706,-0.1629539529021851
5041,0.05123940112302506,0.03067290389964909,-0.15690623311950422
5042,0.042125551886387474,0.007669203756897536,-0.15604260608540985
5043,0.02687295217198277,0.024419319089895926,-0.1421058862719727
5044,0.1044592389202172,0.02055208084558181,-0.15289634087073675
5045,0.19240751435191597,0.03777250744273936,-0.15863735512538144
5046,0.2588359824367648,0.039075604355542144,-0.14256083061482863
5047,0.2057654689894949,0.056304893483456755,-0.12158124971800911
5048,0.16343041476175163,0.05320527890827493,-0.10765856510296318
5049,0.08162529641136643,0.02841412795347038,-0.09999519996283135
5050,0.04913389448676375,0.008313442825332007,-0.0897807125915648
5051,-0.008590761505768494,-0.00385554537364706,-0.09154045784984353
5052,0.01924671881850224,0.004885337981131777,-0.11228693770357555
5053,0.029233696564436366,0.010242783862261321,-0.13030465113022424
5054,0.06384613924445734,-0.018269144328130787,-0.12254133269738349
5055,0.07512720355111702,-0.014343171659956426,-0.11263958529441007
5056,0.05663835950786017,-0.025682047997925762,-0.09985196772958918
5057,0.05129075366528855,0.014459863261915817,-0.10206156169956582
5058,0.04444178454544141,0.030702462346318328,-0.0892426310574744
5059,0.06001112039301149,0.034546886157917046,-0.10499259311378806
5060,0.06262338042517458,0.013979344176679159,-0.10141090393920994
5061,0.059619653268275306,-0.007038299115152231,-0.10630166089475351
5062,0.04279161809370706,-0.010785429862425939,-0.08127148814418518
5063,0.013730411183588687,-0.05790147764127237,-0.072844102420481
5064,0.021866219268954948,-0.01845310820083283,-0.1233692173315362
5065,0.03125063505493126,0.016771437867449484,-0.1860970617119353
5066,0.047439000592170516,0.09550888009678632,-0.24602461029589173
5067,0.029523516822501067,0.09124895271949034,-0.26945056958560126
5068,-0.02466422401536326,0.0653209110620843,-0.19457707191905604
5069,-0.037027958158197455,0.04331979039623935,-0.13432651999973985
5070,-0.06698940010594337,0.011953135161033442,-0.03533731399481859
5071,-0.0600445238432841,0.007085315662363256,-0.024381747236376077
5072,-0.07559666917232173,0.005925394529164997,0.007773151826792084
5073,-0.05645605291226485,0.013944117678274252,0.0072790905227648256
5074,-0.019266596700313818,0.019159807859171235,-0.0075061026932765834
5075,0.01719162568306704,0.02504043607485337,-0.025622660317789384
5076,0.023167536588904383,0.024948242220200336,-0.036180714416674045
5077,0.025245419623660646,0.00976624902165516,-0.03833791597577793
5078,0.023891334810093447,-0.027736589430991325,-0.04084756497315695
5079,0.014858084435842224,-0.06312046806015115,-0.047905744331954464
5080,0.0200966500739771,-0.06474222332269645,-0.0690836475977757
5081,0.0323731099806052,-0.031006356878191234,-0.09219513003781035
5082,0.034460649797601675,-0.007453087025276542,-0.10567693210021589
5083,0.041626712603766734,0.012258402795184496,-0.10562879401363705
5084,0.03407680996777057,0.0232247997232603,-0.1204459536839668
5085,0.052155424158766214,0.04683291453533324,-0.14437629355439854
5086,0.07121997824088437,0.06912545157732417,-0.16965446340794546
5087,0.05291427510523389,0.027294174628261777,-0.17825498234354317
5088,0.04877984546063759,0.03182863360613523,-0.18596376960774125
5089,0.027007439882934452,0.017172599807720405,-0.196060939148832
5090,0.038786847586620744,0.058687586191750234,-0.19174183254822033
5091,0.0229644472052069,0.013043737641443938,-0.1684397244155895
5092,0.04303179563895686,0.0027414174893951935,-0.15604468873801552
5093,0.05664507277647658,-0.008911449393925734,-0.14249726868365684
5094,0.09141160446648368,0.03324502752444974,-0.1257456441479949
5095,0.09338564380420648,0.0517720782143506,-0.0948312805194252
5096,0.10695922276439049,0.06562133910110267,-0.0900079443395539
5097,0.10534268143148162,0.062078690790115375,-0.08726349366567054
5098,0.1100510942712037,0.06575077023986425,-0.10417678386189158
5099,0.12287764170662167,0.07214783189057057,-0.11113064963293295
5100,0.13097416573320997,0.07469262285419964,-0.1756178567248729
5101,0.14021477423469003,0.09478148002456908,-0.19676253995285628
5102,0.11313199726698114,0.09612939446103243,-0.19978460163742265
5103,0.10169573475499469,0.10802566119256383,-0.15190802061332248
5104,0.08253748154614313,0.08923649715460401,-0.1349836296657453
5105,0.06822393568531801,0.07568605443021494,-0.13770280120449105
5106,0.05158190293815838,0.06258708400257437,-0.14635001763008412
5107,0.06027731587143247,0.06050086482149322,-0.13353083830723844
5108,0.09139776674355653,0.0638815667623439,-0.12084685424818183
5109,0.1185151197278406,0.061844049418437984,-0.1210243575146113
5110,0.10130377297751808,0.05563617364240739,-0.1264011123459288
5111,0.0623428638470636,0.038849642109384866,-0.1208436457038624
5112,0.02591457026075544,0.028084621339044047,-0.13737581285399555
5113,0.011222186815834957,0.02356293530673952,-0.13934497077510472
5114,-0.012319665061847465,0.027099384426081986,-0.14010141755316308
5115,-0.02242836830512089,0.03476991182309915,-0.11591917577092119
5116,-0.01935463977544864,0.02231906409518389,-0.09997838710853253
5117,0.003184818439770477,0.022700436353356175,-0.09576711521082906
5118,0.013535436583816063,0.015941792424030633,-0.09125146208652705
5119,-0.005037266275296249,0.02198364942762687,-0.09757633970988162
5120,-0.008792660225150937,0.026043896593362394,-0.10615989616678098
5121,-0.007880488763564722,0.029403323151824964,-0.10494679731830864
5122,-0.006227435563185656,0.02712762004390915,-0.09705067311261494
5123,0.009120535060600503,0.03013101007044817,-0.08219341777187826
5124,0.04180011474695074,0.048725641475195196,-0.09067388752778494
5125,0.06962019766791723,0.06078998751938997,-0.09313453447267582
5126,0.06931099633418163,0.0520446366948822,-0.07067745531833809
5127,0.02871219477806722,0.019842727655399853,-0.0695897188882797
5128,0.033104036236132534,0.021213294602714008,-0.05269765440740184
5129,0.03842376279203071,0.02879549834342743,-0.0729259597106873
5130,0.06942217229574901,0.05520985997982408,-0.08390612156355624
5131,0.08299039537241504,0.06859276238852396,-0.10623223754543744
5132,0.110077464465299,0.0915792729766939,-0.12134316399711487
5133,0.11545357954047752,0.08798168268231894,-0.1268777367936075
5134,0.10245392152486145,0.07890047648117968,-0.13231489317022993
5135,0.0818069014985005,0.05624490101228201,-0.12187846701854206
5136,0.09566476323286256,0.05184568339505778,-0.1506085040285173
5137,0.1047300682413074,0.025442954241931312,-0.16972732991558107
5138,0.11592089392577937,0.030708316369324227,-0.22851608250214278
5139,0.10943211366585956,0.027635915131227363,-0.2195736605394173
5140,0.10227293455882666,0.06438835634537406,-0.21662898572396463
5141,0.09401106579319746,0.07697933812793187,-0.19607271870851645
5142,0.07266553521575835,0.08672264347822167,-0.1918918860112729
5143,0.05980189493207287,0.07947165811165052,-0.19085905118116758
5144,0.04941267048236672,0.06907062882396064,-0.1850182522081819
5145,0.04734047259253721,0.0695169757562145,-0.19002980801077998
5146,0.05721544765816079,0.07347910978335156,-0.18490217868905412
5147,0.06590072896407763,0.08450089361841713,-0.19819744206201387
5148,0.04454655608271006,0.05916197901507967,-0.1423187018787033
5149,0.03380608001233067,0.04675987866694732,-0.11276200969684429
5150,0.040255129546560776,0.040296396995924924,-0.07132790423697075
5151,0.06922310214566303,0.0608238471207536,-0.09519666567242843
5152,-0.005270278834085599,0.10479803238071607,-0.04488998020710734
5153,-0.044073299788735136,0.11893642221725102,-0.011679910799092181
5154,-0.05747649116517476,0.13530313711106678,0.021950260729243682
5155,0.03652395320181831,0.08970145286603176,-0.02185134738144662
5156,0.08373444752114668,0.08199865836023836,-0.0486717749982096
5157,0.10103449066098624,0.051628036934407276,-0.07951360841992798
5158,0.09443164011028585,0.048971246467685095,-0.1089918077274703
5159,0.045773246976702556,0.020319336593597675,-0.1596424048577394
5160,0.03470810841258633,0.022729845679888037,-0.21781134307409097
5161,0.023867623397926408,0.02681304526081081,-0.281646292111591
5162,0.04618313760029821,0.04180412229822408,-0.29232998662668297
5163,0.04512033239253877,0.05889797596507237,-0.28834583573836386
5164,0.03201304687686652,0.0772036943352761,-0.24745487247501366
5165,0.02741938308005452,0.08160595353713451,-0.2176368951327239
5166,0.02016427579356189,0.08903141129325132,-0.22478155988369022
5167,0.035878108863779665,0.09419046641301705,-0.24024035219375636
5168,0.05229933337815603,0.10817114437761018,-0.247690205024199
5169,0.07446198542733247,0.11528013200017213,-0.24127805291282103
5170,0.08909057093188819,0.11392260025405032,-0.2278055594836882
5171,0.12147938342742963,0.11565065291154472,-0.22531670673753373
5172,0.07768617927242223,0.11804393481743389,-0.14412564931955413
5173,0.026243950038638948,0.0928157540150301,-0.05581030635607635
5174,-0.010074488407595495,0.07226354811922757,-0.0017506108960770369
5175,0.05407087513426853,0.06551313943431163,-0.03525631101508258
5176,0.08285695682362566,0.08512633506598923,-0.11264848809306283
5177,0.06830666298114073,0.11309860768163055,-0.14115752481635216
5178,0.03656769883783924,0.12103413423107605,-0.1643900920126143
5179,0.05670355290036154,0.13238199754936605,-0.14855656646119245
5180,0.0879614197154256,0.13080580662250632,-0.12809862072411304
5181,0.08670370905274154,0.12828490888324734,-0.09821310759478544
5182,0.06838444928637787,0.1369012405695547,-0.08098407454479557
5183,0.06034231342639932,0.0917184751932072,-0.057552444857209284
5184,0.11464027223386798,0.11030385632146335,-0.10147342318341672
5185,0.14926669262877684,0.10120595956819783,-0.1298940855213579
5186,0.1819204082916695,0.1509176933572407,-0.16993147818973497
5187,0.1657545583257557,0.14031849011823289,-0.15417348992709112
5188,0.17196734075987033,0.1381874144891394,-0.1269268670416159
5189,0.14665402552218237,0.12889039534221391,-0.1108805895883631
5190,0.09775845379874094,0.1201227568068964,-0.0827974787122665
5191,0.05872829569836815,0.10954999583957693,-0.09692351906539028
5192,0.04758906905491932,0.10264854990394706,-0.10836033175546458
5193,0.05753598169983801,0.07751754527333209,-0.13852660123256014
5194,0.05549533182352202,0.051328608456596064,-0.16299722834351615
5195,0.03618496294382107,0.030989086843948827,-0.1468176174740751
5196,0.04833114162020797,0.09735934820907813,-0.124363049552916
5197,0.03465107283226613,0.1468427161161835,-0.0889898657431641
5198,0.0549784861539716,0.1671017513168227,-0.08578576996137105
5199,0.05031179065845883,0.13459755097850087,-0.0787426686112529
5200,0.10379184137346877,0.15336181834712065,-0.12433880390197947
5201,0.1483307760751683,0.15970269688694444,-0.17185333721202686
5202,0.1798299876197387,0.1500712142440455,-0.23090075651383338
5203,0.20258523239421994,0.01286237772372012,-0.19880286346605835
5204,0.20858837068373137,-0.06490303349350084,-0.1877814548894584
5205,0.06082466054981556,-0.08212507893911633,-0.15886763515946267
5206,-0.01933058533408924,0.02519630252710234,-0.20157234605782848
5207,-0.10478573828090183,0.07557788334901767,-0.3024191926447281
5208,0.03201155533211697,0.038727940343606854,-0.393918951382675
5209,0.03681603421349252,-0.019979948861751938,-0.46229316730921166
5210,0.08791566543532395,-0.04031377033513251,-0.48493607261081795
5211,0.05729589911924547,0.02341411898282545,-0.5220272464894719
5212,-0.049292906171476636,0.10346770102697336,-0.5911492589881984
5213,-0.16399694296394432,0.1164862651184291,-0.5724555353758499
5214,-0.21901515061760207,0.14458570266105572,-0.5750556612581647
5215,-0.18094434301861864,0.15330738266582936,-0.5688883690895844
5216,-0.15616238558356949,0.2517066216980085,-0.6377113210565982
5217,-0.1841678989042112,0.21948958335116553,-0.6004289816273929
5218,-0.22026513731356673,0.2298734561454383,-0.5702089306336254
5219,-0.25887906043879605,0.1856292690516799,-0.4568801765977528
5220,-0.3155814422049161,0.1644223609592683,-0.4635883506532055
5221,-0.32739521039678715,0.12817068085224323,-0.4264951587108061
5222,-0.23072563337379015,0.16108631028605933,-0.4341574092625986
5223,-0.08571641678508288,0.23809994720831804,-0.43550744430744714
5224,-0.0007747731923600186,0.24883715960323366,-0.45166684700379656
5225,-0.026497485048587243,0.19689630734175215,-0.46209600206890067
5226,0.0013176814567004483,0.15092763735888373,-0.4396497631768039
5227,-0.020645105746545097,0.17318804670307342,-0.3494412395284886
5228,-0.027307826525697177,0.1747349008261872,-0.3167973131311958
5229,-0.02097352103531257,0.1495398787294139,-0.2154331607550681
5230,0.011027191699236345,0.1219195087713245,-0.26171103841122934
5231,0.10875365576033753,0.08591958841893829,-0.24908666986352032
5232,0.10585089295814146,0.14977484121457413,-0.28782327506136535
5233,0.14722573471507774,0.1665619062019596,-0.23268320475046433
5234,0.10724391274102871,0.23888574732574297,-0.29923116534853117
5235,0.10517564342224232,0.21414512868660965,-0.3507124161512574
5236,0.03533450098663827,0.2552641548145806,-0.35136604168433294
5237,-0.04462680613149271,0.2621097716510348,-0.2512947408522001
5238,-0.1480028552497273,0.238761377874835,-0.09134371158257573
5239,-0.10617013499747167,0.19431046684192782,0.03078458164763997
5240,-0.04861180525694725,0.1606433397919325,0.13379110496016822
5241,0.06330957015849883,0.16390137137215458,0.09609981332422159
5242,0.05773531797690329,0.138081361533238,0.06371271271175317
5243,0.08038269437103074,0.15131107278503436,-0.06788611550236642
5244,0.06237206007028778,0.14647250624014044,-0.07316942991437593
5245,0.09752204465398048,0.15500989359708295,-0.11972401785555134
5246,0.10965829481251146,0.14536421032185604,-0.07599938515824314
5247,0.10467156204446479,0.15624131149257744,-0.1178233224025036
5248,0.07522692143602074,0.1288615133992375,-0.17996371841646902
5249,0.032984580121438914,0.08315874377596807,-0.28164398017343334
5250,0.02881909905276418,0.09199986370520608,-0.32792054780134733
5251,0.10408057653176096,0.08884987655222257,-0.35542488235114805
5252,0.1760194410087792,0.09144663018805116,-0.3351962239476155
5253,0.2196133515628578,0.040417643557798796,-0.2973012400307051
5254,0.2541354047594983,0.06036527327766249,-0.257529426033113
5255,0.303409957171838,0.098282277600379,-0.23667103311133297
5256,0.29630864575737603,0.15538986009270614,-0.24226842064940718
5257,0.22285555928569425,0.17351740836293963,-0.25117486201045985
5258,0.14975246351726473,0.1953010736204522,-0.2559655596099487
5259,0.09881115978134335,0.19397999389401266,-0.24537001222411994
5260,0.06631305845455536,0.15457430346507775,-0.2698196907184294
5261,0.05529136535682593,0.16119751892685216,-0.2590911553795698
5262,0.08638360420648893,0.16328172518889145,-0.3159963662073946
5263,0.10700219909041836,0.17632003594093684,-0.3296267124177773
5264,0.07494402593645878,0.14309654560824067,-0.35469060967328236
5265,0.02772223053251499,0.08453046951058094,-0.3996957678033589
5266,0.03689038089406829,0.05521731476385157,-0.4293637106197168
5267,0.010780137959526745,0.019518055604967558,-0.4941189858252055
5268,-0.026319726989431563,0.018319764520855413,-0.5178066270539231
5269,-0.06993767343070312,-0.010644530064151659,-0.5247615206972868
5270,-0.06145562036012217,-0.01688883940992767,-0.4904225821268032
5271,-0.04039772374060315,-0.0257181868827572,-0.43537829656005395
5272,-0.10322364605016063,0.0070286364546611815,-0.43557577593486174
5273,-0.18148899531300738,0.011839384700924818,-0.4680744033123738
5274,-0.17532376284542006,0.039007146878170314,-0.4837749936372289
5275,-0.17609356837322962,0.021970996937480173,-0.42559214314162946
5276,-0.1521017069274358,0.03263687594087358,-0.3462756932239866
5277,-0.1558198750392624,0.012034662814565188,-0.32881109353942656
5278,-0.06083199204173091,0.024063157624393188,-0.3278256453096925
5279,-0.005777388607879952,0.019065036459357153,-0.35906409977933496
5280,0.041994269273994474,0.013236197838190808,-0.45065670237260747
5281,0.02497263729021813,-0.03003873685993946,-0.6286047210434473
5282,0.03462474823685107,-0.05946564217986615,-0.7648521180545469
5283,0.048484918522056365,-0.035243875625214055,-0.7537158240572047
5284,0.07590383477113175,-0.0672066828041151,-0.675569717577208
5285,0.05750841723630108,-0.09804317462202755,-0.672132924629721
5286,0.04461228820020027,-0.07697311377729482,-0.7513463965282846
5287,0.050333238923429884,0.033421757466442645,-0.8716553477367569
5288,0.06503072427149394,0.18152170717692254,-0.9175345498370954
5289,0.05710245725815584,0.14751178684057242,-0.8221759815815646
5290,0.04423447682847632,0.12616083502366915,-0.7292224756734224
5291,0.05802361349468753,-0.0009476837480520353,-0.624933196226626
5292,-0.04422880124842067,0.030062781952682974,-0.5371173143158267
5293,-0.11765701839849009,0.0073570616068569464,-0.5332492612972058
5294,-0.18547418463157453,0.03850510506338434,-0.5663046152564694
5295,-0.15721571638345794,0.004767506286853476,-0.5791334389026003
5296,-0.16855310794143313,0.028685444355165336,-0.5196179903913878
5297,-0.12872698371419608,-0.032187658476090716,-0.4779606153971673
5298,-0.12397157111382369,-0.12217362308145661,-0.4853121533898127
5299,-0.09283643539512587,-0.2997953961375045,-0.48935177133050634
5300,-0.03914573508216876,-0.3580093655552136,-0.48640459734885405
5301,-0.0593312885062657,-0.36827106055367353,-0.48697177056904845
5302,-0.08090385127348915,-0.31372292052750383,-0.46646716581113223
5303,-0.16080620427483422,-0.2599756329471769,-0.3842275149128004
5304,-0.1283098137029286,-0.1646438521401615,-0.3277652609473091
5305,-0.16522279830432499,-0.059657799064695614,-0.21709012322931845
5306,-0.15447565817294817,0.023198497048764557,-0.17802104639259905
5307,-0.1535769341746821,0.002135353432580322,-0.1640384403470775
5308,-0.09944210541504585,0.04770710639243979,-0.23096254367915667
5309,-0.0524460583214489,0.03499727314342388,-0.25654952283226223
5310,-0.023294126673804122,0.03273949134437817,-0.28933754038208365
5311,0.0016362612281497616,0.015658982694508616,-0.2772327707444473
5312,-0.0019241280380182615,-0.033157486333909955,-0.30811888969611073
5313,0.0778610308702955,-0.008671131976062703,-0.2745898950440692
5314,0.143393597676784,0.0023692719818602004,-0.275064359042326
5315,0.2167039788697912,0.05108242684823796,-0.23559615197060005
5316,0.21580349425610781,0.03204104576777654,-0.2535996049287945
5317,0.18469867753089128,-0.009443064893203517,-0.2815399715927483
5318,0.14547145098240313,-0.05361929540797349,-0.25132560464316794
5319,0.0786233169620361,-0.12690235520830884,-0.24855825509886326
5320,0.05629339509842268,-0.18057286067126288,-0.2851599967191087
5321,0.004727383769240547,-0.19144531367795342,-0.3060349497271215
5322,-0.010885015449480085,-0.13482582132896934,-0.32580350663547025
5323,0.025107528059576976,-0.10240570093295556,-0.2626750157915502
5324,0.06531125242480165,-0.09064108517952732,-0.27744674377450496
5325,0.04087968832976165,-0.12365393440695442,-0.2640457186240573
5326,0.0053339550490521985,-0.16437214614496004,-0.2898754928644689
5327,0.013662302554762373,-0.18258102560382894,-0.3408127356766415
5328,0.060494225960031844,-0.15631596826475141,-0.40752451418822383
5329,0.12944967865667864,-0.08440515259243984,-0.5195348431627702
5330,0.14042262206736617,-0.048822594429393615,-0.5754917573877563
5331,0.16961665236372575,-0.02979910257628289,-0.5817071851509394
5332,0.12429105247179917,-0.01836917963218955,-0.5110274106400221
5333,0.16143695327237784,0.05237281228649105,-0.4467875224880621
5334,0.12647313443826258,0.12285217967275411,-0.4252755137421524
5335,0.17934862767775245,0.08067425665541256,-0.4494771514708221
5336,0.18577430064580566,8.830076548127592e-05,-0.511654715876195
5337,0.17003307710481352,-0.005493517344194926,-0.49398982111158685
5338,0.09984075109052433,0.007851776032218215,-0.4400838866942889
5339,-0.006542204510795052,-0.002304833610307802,-0.4120250329852313
5340,0.043839213572943826,-0.06436943239062172,-0.41406501263215056
5341,0.04086863230186065,-0.11125859154402362,-0.4803792535653786
5342,0.08285520309407232,-0.12686197225869034,-0.47901258218025894
5343,0.057688983132948034,-0.08110952052673236,-0.4223063348699114
5344,0.09129219028507653,-0.07027915160288455,-0.26814199139333994
5345,0.1643166673675144,-0.01892216891127726,-0.1546013494532021
5346,0.2300967656811929,0.0012187848545144276,-0.10123242085374794
5347,0.28249966103730606,0.026178721199390412,-0.11268221680345958
5348,0.28628170446718737,-0.003073701805486171,-0.1269431865113702
5349,0.2506333976922046,-0.053362114921256525,-0.13797345189966567
5350,0.3084396318779145,-0.10197527149948182,-0.1889610346815029
5351,0.34041595357803295,-0.15197540088328773,-0.22609285384772182
5352,0.3575408480834627,-0.19214414544786865,-0.2833230863965641
5353,0.22477010865075517,-0.17487687236812877,-0.2754595203551453
5354,0.13254848360901117,-0.11728875211184134,-0.28822305821656286
5355,0.09536185474315725,-0.06752270254442518,-0.3272038627512826
5356,0.11120793116524257,-0.027139507818859092,-0.429874117295477
5357,0.07816795478364941,-0.051310337751003514,-0.5441533191611362
5358,-0.015495514338850006,-0.07289088997760562,-0.6496450086190484
5359,-0.08387681153465519,-0.06788911998178238,-0.6418016487307272
5360,-0.07158926329745546,-0.035818504118962056,-0.573927838087549
5361,0.011601748868094683,-0.07202148111318778,-0.5644406646027106
5362,0.07860390061997252,-0.11852284613610287,-0.6065428751914557
5363,0.12349108698072599,-0.10820972267970537,-0.7123710167102036
5364,0.11537385614913395,0.025985752719265613,-0.6286035022862282
5365,0.1133072445302276,0.14796894755001438,-0.5628539835539829
5366,0.028247496569999565,0.24947453158535524,-0.5134251330494028
5367,0.025169077926981986,0.2115192781775384,-0.4639658171185727
5368,-0.01931269857165844,0.2749753772043547,-0.4918385317852683
5369,-0.03465862943580373,0.2932130172108016,-0.4269904517647939
5370,-0.12181335603730116,0.3488209284561149,-0.5104501116973098
5371,-0.1429186264569666,0.3318409900911612,-0.3120236421002918
5372,-0.07187070892225778,0.33960604321871257,-0.2773298568479205
5373,-0.05167745246806128,0.2693173547455713,-0.2617365607515614
5374,-0.017610853678004624,0.20859192891585462,-0.38935993493015525
5375,-0.09015058762352583,0.1348926787645614,-0.4173092059479797
5376,-0.2073707631614634,0.13788252170839518,-0.47064076797538823
5377,-0.34627768955232385,0.08662694443777247,-0.5336142637442816
5378,-0.457950345590702,-0.005445414654942686,-0.6278517282589718
5379,-0.399698834881004,-0.05188343194981142,-0.5681788294709759
5380,-0.4315870259984176,-0.03000242897039699,-0.47472892892238094
5381,-0.34913072546043344,0.046607664776999486,-0.2344253022347693
5382,-0.36295570990038056,0.034690896980989316,-0.12193625700188199
5383,-0.37640222119332684,0.008109601493162243,-0.0811273633215018
5384,-0.4641877426098248,0.0038666722350479098,-0.10576035618521383
5385,-0.553063328112079,-0.0538171015501899,-0.17859915443272925
5386,-0.38057881206158506,-0.0993238157007638,-0.2502123818488328
5387,-0.21754615841321703,-0.09734522290321831,-0.3202830039896387
5388,-0.0035393287843053026,0.01259035465467536,-0.299205878714281
5389,0.04859522938432599,0.006972318655057729,-0.3064464506964635
5390,0.034206836348297354,-0.05957478726913739,-0.35646154866727103
5391,0.04371889857445183,-0.09352314057063957,-0.3954497071883418
5392,0.02787447921991196,-0.08548771745108821,-0.39041324186022636
5393,0.05820702403756218,-0.08335336260638088,-0.3531589075094499
5394,0.02961090574968383,-0.12126131398189267,-0.3144096503830293
5395,0.060442789973287114,-0.08192371358651247,-0.28297571047688025
5396,0.1199788429144431,-0.03719893228028772,-0.26129923004868516
5397,0.10607933331385369,-0.033091553139989544,-0.2804024745804483
5398,0.09372832558022852,-0.08421929458485851,-0.3205483406692992
5399,0.08704956221029271,-0.16393273700808172,-0.36020417595654464
5400,0.12063649524686194,-0.10046337164219392,-0.33770029823641345
5401,0.06244058292911087,-0.027320707328228958,-0.32525155506250386
5402,-0.010274228869895735,0.09441064479136937,-0.31770159923705865
5403,-0.038518254017020186,0.01766376760839421,-0.39177537892513253
5404,-0.08181058303141518,0.01253461987353271,-0.4425971535415691
5405,-0.09270347091174391,-0.014636665463639547,-0.4774383096031723
5406,-0.12802648338526262,0.002116086087074622,-0.48912598490208853
5407,-0.10109858607814626,0.046419621854955906,-0.4613682114947066
5408,-0.10304175431702615,0.09720481332118976,-0.43375502303523106
5409,-0.08698069164257205,0.1370873450034904,-0.4260559911349759
5410,-0.09718080729915633,0.058165158546455875,-0.3926896375008035
5411,-0.1315515187562774,-0.03628499415138484,-0.3782044549865088
5412,-0.08568204367456339,-0.030556557427797115,-0.2740393744296031
5413,-0.021097585864365585,0.02422581167700863,-0.24027598387869403
5414,0.0655169289707407,0.04836874415021403,-0.1939105491577096
5415,0.0757035077914851,0.014893153778260438,-0.213081242412592
5416,0.07692311499681792,-0.006597462666373709,-0.2402678825241227
5417,0.06380069917243437,0.035597519310830716,-0.25585865169101046
5418,0.0620304005410514,0.09159332661281787,-0.22122669283444038
5419,0.06275861293536433,0.08966001724810004,-0.19087741082736384
5420,0.0625960844473219,0.028934821773709294,-0.2005939452795883
5421,0.03656535648790063,0.01601144217078579,-0.24405647093772279
5422,0.0019286710351203347,0.027732548042089366,-0.296753292909525
5423,0.012977495966101673,0.007223277720447132,-0.32266003183704645
5424,0.016685204913300694,-0.05634907107822326,-0.3729482441665005
5425,0.026324758713825044,-0.103201770487759,-0.3643651327244063
5426,0.06430906320775286,-0.07767151084406658,-0.36445013325961345
5427,0.12901868720105733,-0.07651400528415973,-0.32694905790727036
5428,0.10931942287906508,-0.07417518435741888,-0.360523106057555
5429,0.11681187607651987,-0.13401052436257407,-0.38633637628066764
5430,-0.023821835087615376,-0.19319612932679384,-0.2841630920325218
5431,-0.05856188489006238,-0.261577782710844,-0.08325688249620779
5432,-0.24627762608054932,-0.3123794111017294,0.09868198843099522
5433,-0.17845749550964352,-0.2918968078794691,0.04335019052952158
5434,-0.1369744735260492,-0.21162479202172912,-0.07747219700999984
5435,-0.01665916567326179,-0.0677470387926545,-0.18425883715781322
5436,-0.07845336079283372,0.06406605200472555,-0.1535457305357559
5437,-0.08225675146685969,0.15118478570988472,-0.08860912806977667
5438,-0.11670972525409269,0.1611193086292426,-0.08749039562183579
5439,-0.11722533768577563,0.10593457429760764,-0.17671599463498786
5440,-0.07961043564532469,0.021834477046288367,-0.20927197841710135
5441,-0.07693262630456256,-0.046463570430737594,-0.1251649934530064
5442,0.012789022101903793,-0.04359272267826239,-0.018189148942606877
5443,-0.03076282956446582,-0.043827242572890245,0.06298180321086284
5444,0.0012764141253494832,-0.0075206157161403315,0.06185911131977194
5445,-0.003306326414537663,-0.009100296187745651,0.09291059331740371
5446,0.07883418353044681,0.03870933031588752,0.06296136189619413
5447,0.11360523695767141,0.008593883475025082,0.009708806066628824
5448,0.10194827712483956,0.0008961440158698616,-0.09194174808182971
5449,0.07661151649120253,-0.014973948512987658,-0.12812252876796879
5450,0.07202587273008833,0.010995543131761931,-0.1382505824169121
5451,0.04358938090277642,0.04814693367190836,-0.025230623200688897
5452,-0.021487261316661007,-0.05803628596628046,-0.13609620912926174
5453,-0.005214968120788322,-0.07132710414698426,-0.13677077034360718
5454,0.07265016336466616,-0.1044209558746372,-0.23719837117170398
5455,0.16050081711883896,-0.044215412947505625,-0.169675846779814
5456,0.09512434254063172,-0.14196169704885625,-0.29919275027033004
5457,0.08373114931660168,-0.20123679921809645,-0.3148069058764759
5458,0.04891940798706338,-0.2654792672467314,-0.36428769296871844
5459,0.10952907821078367,-0.2243694806652604,-0.2650280569367746
5460,0.13080620866796122,-0.08713297539795495,-0.2310322368241353
5461,0.20661920443299667,0.09803027048490695,-0.1334083980024391
5462,0.2089571509237191,0.24705213589448344,-0.05808913648746005
5463,0.20904975414666477,0.23988889125369306,-0.02793255846229456
5464,0.12356000215808251,0.11006670697496622,-0.07197117263197525
5465,0.08376982212913278,0.036562472600778474,-0.11005575838653939
5466,0.06395383364867,-0.0710380475026158,-0.17484737390126615
5467,0.12318029816645117,-0.07090758697301337,-0.21171305481747252
5468,0.19308340635295412,-0.18282808571393705,-0.31208970639525346
5469,0.24917302623971377,-0.1693543180560959,-0.3533917788951239
5470,0.24479282044831496,-0.1577519144997237,-0.29797958973032423
5471,0.19530825525012924,-0.09131072380854117,-0.22825369921179517
5472,0.1891527069117249,-0.06292430607612554,-0.2306156159845658
5473,0.2141071390715704,-0.008061564011639575,-0.2730905011134542
5474,0.24583673839139544,-0.027922574185181397,-0.30406014906297624
5475,0.20230120497590143,-0.05631815691092884,-0.27428003392845984
5476,0.14181944706628644,-0.13166044207343083,-0.2845506225535118
5477,0.10409125227531302,-0.18823535534800057,-0.3490187195731749
5478,0.10695130484452203,-0.2153710105251051,-0.40387448798724196
5479,0.13734478308902057,-0.20401218964717843,-0.38767902166962914
5480,0.17370250486832034,-0.18382707309670077,-0.3565687023140195
5481,0.1774805421091672,-0.15438042355350118,-0.3419907645795662
5482,0.1139657901981039,-0.12753330469770663,-0.33076621631473707
5483,0.011574691640808371,-0.11195834759099825,-0.31783663704896215
5484,-0.09596325405632872,-0.04432918298029232,-0.2611970061588745
5485,-0.1403047985208008,-0.030338937323780395,-0.2546433299653381
5486,-0.1273940788216373,0.007738567000307127,-0.28310460104232243
5487,-0.11026904066024333,-0.031045757194374017,-0.32835328685776144
5488,-0.09586728912838006,-0.0007505421454932926,-0.39398992750336775
5489,-0.12840997845498106,0.013867269701655784,-0.4132439653234505
5490,-0.10079168623845149,0.037808684568498334,-0.4632955234898206
5491,-0.10017547268753309,0.051901440113010865,-0.4410839908452545
5492,-0.03327646035196623,0.059510402158138444,-0.4435570328460317
5493,-0.0966559171831906,0.02316159305400422,-0.3981412750694636
5494,-0.09928512363070617,0.015026813924551467,-0.43527537215120893
5495,-0.1614190964433524,0.008153525716109127,-0.35996748372419163
5496,-0.0879847498340489,0.019809481877260473,-0.3485857546393571
5497,-0.14135578118352188,0.015278359111006494,-0.2352417622677553
5498,-0.15884595468018475,-0.01604038672457351,-0.2121670096912403
5499,-0.28253908208165757,-0.011029905852094315,-0.2598357374633169
5500,-0.28798925935186426,0.023760910084622364,-0.2950424602458173
5501,-0.29598242878875225,0.052564657739123805,-0.31567606099343465
5502,-0.19709920653143329,0.11371543678240639,-0.2269893052145764
5503,-0.14030606512815225,0.13565773171845877,-0.20221110698237552
5504,-0.049257418046898566,0.16549035787844718,-0.20367985031565258
5505,-0.002803094637226626,0.19008994280871389,-0.20017356575021858
5506,0.02487664624345538,0.24386202546928326,-0.19311567576017166
5507,0.013146203705060394,0.22800570487866012,-0.14162607725200202
5508,-0.047058965286808606,0.18223154342131215,-0.1259907578068634
5509,-0.03386494624812682,0.1282122754894375,-0.1391333946383231
5510,-0.021597394231395377,0.1292752744728115,-0.14605972613539306
5511,0.02232889586296047,0.13806716815046868,-0.19676183886691126
5512,0.028756211141978575,0.12153202215035754,-0.2052918375980982
5513,0.042132656797341544,0.15060008097357136,-0.18995083683484754
5514,0.027322241584944982,0.155512186679512,-0.1611646677312242
5515,-0.004890636797091141,0.16134232242700675,-0.19489996083262018
5516,-0.02568841556523115,0.1114865500651922,-0.2182695744934675
5517,-0.06119540699686073,0.06141586673182054,-0.24306159775611072
5518,-0.06564994089639763,0.021905596372815514,-0.21667412144907053
5519,-0.11781764599665787,-0.02321259931441632,-0.2359515131521617
5520,-0.1091597616745428,-0.02980075406114011,-0.20378246797447172
5521,-0.13431135320002965,-0.05141829037545764,-0.30383850846089205
5522,-0.19840489264052374,-0.02753322452868248,-0.435604179376877
5523,-0.23268866354442683,-0.08003964951445908,-0.5789032495448
5524,-0.22898064500956886,0.026775451481556693,-0.5313831172682569
5525,-0.15270981924310553,0.07441109583651566,-0.4497283063359715
5526,-0.12581758464546555,0.18486526858764327,-0.38259669752634834
5527,-0.10072083882909984,0.1470132753072511,-0.4289993713754987
5528,-0.09983743651037516,0.14823310106025808,-0.4194294027272019
5529,-0.07294463481094618,0.1663965842819667,-0.35097302170974565
5530,-0.06676804993953599,0.09870487691548245,-0.2850109038445263
5531,-0.05163255606601686,0.07618499937051906,-0.25047415562856284
5532,-0.06556555670941187,0.02880266188326484,-0.25699014065098646
5533,-0.07071971330113719,0.06649972279342893,-0.21800920392910994
5534,-0.0725062150789038,0.06533323072590341,-0.20536967546821053
5535,-0.14051220465055742,0.05089738375808243,-0.2517390137872497
5536,-0.13263937918303761,0.03125922402122086,-0.25662782648545573
5537,-0.12947389219782066,0.0394956138850925,-0.24873824937297928
5538,-0.08814818333274817,0.09396977043573461,-0.252172726689747
5539,-0.11866653550395782,0.1484746476923808,-0.3260239170444065
5540,-0.1550471218362017,0.17622918695778317,-0.3770824227001821
5541,-0.13856066017199972,0.18325723455984944,-0.36406279713656386
5542,-0.12875822687826705,0.14182040874119048,-0.3486002940836437
5543,-0.0785344858137584,0.11062351644771516,-0.3504760755904059
5544,0.003555697798580165,0.05771333750433898,-0.29635363190552666
5545,0.08476007227124449,0.0027242606344397946,-0.24990960140131532
5546,0.1719516783779369,-0.0024647321393395584,-0.2317730805133347
5547,0.13110183944903137,0.0016110936771681367,-0.26794057616526595
5548,0.12132734764764427,0.03782340576082435,-0.24468724779936388
5549,0.10329889644805486,0.04179902990600996,-0.20099952289937337
5550,0.11337098851991695,0.05027732593801057,-0.17194582141158954
5551,0.08517391691703409,0.07340234804189605,-0.21710493306307788
5552,0.03329153502788633,0.08248725944797157,-0.24808377496045939
5553,0.03844786324030065,0.014306391709519525,-0.2835460135706846
5554,0.03487564968495188,-0.05928097475304161,-0.30170861786768316
5555,0.05558987685130686,-0.10769057827059034,-0.2849634598687654
5556,0.0732577895643125,-0.08283484759299772,-0.2534917784239779
5557,0.07134606786712686,-0.039559226842761884,-0.23113798828054288
5558,0.10340894728335301,-0.0008937010731609354,-0.2466255583926745
5559,0.08626487479849049,0.012879492836524708,-0.2731085197840282
5560,0.06859824947454889,-0.023633407194975205,-0.3317638925355019
5561,0.054769738804908624,-0.11784573744070664,-0.3827005204347804
5562,0.02958956964944854,-0.22028903686757947,-0.47609845083704044
5563,0.04494943053098369,-0.2904824515535714,-0.4829149881422823
5564,0.05005338919241082,-0.31440191378724053,-0.47415969857728035
5565,0.10294028935598169,-0.25899357622839214,-0.39071947867042456
5566,0.16080723910901876,-0.2209984384114284,-0.3539770567597264
5567,0.15567661791766507,-0.19535237231459726,-0.34317383736149343
5568,0.2079216992691183,-0.1697086439641462,-0.32734995768664094
5569,0.22130413675830707,-0.09531611765856522,-0.29005731851817007
5570,0.2686756286668922,-0.027094259423027983,-0.23394787852029347
5571,0.1808538250897436,-0.03162451492999495,-0.15118862409938774
5572,0.12327621671985634,0.024639057495905312,-0.18195360487477627
5573,0.06438828514160347,0.06992818889748266,-0.2375421350372317
5574,0.10341479529405635,0.10674811178230524,-0.311927898369691
5575,0.09734583172870924,0.08129373025903153,-0.2943961775684108
5576,0.1344481623251777,0.05916204195462152,-0.2579112031780427
5577,0.06557265708531194,0.08709148939257434,-0.2870776968483101
5578,0.0766791135568314,0.10102777065612217,-0.3144273401255319
5579,0.03325047542295897,0.11707700349991117,-0.3553995331587057
5580,0.05882652533440792,0.08244144449241364,-0.33202465351206606
5581,0.0939999967133888,0.030386915272720718,-0.281404996545358
5582,0.09708626804835362,-0.03775278018771783,-0.21798004454228836
5583,0.1342334883962752,-0.07535451861921581,-0.23668472060192913
5584,0.03572046848124917,-0.06945304957899555,-0.3260474065088974
5585,0.040578830411020755,-0.026862175481834952,-0.3762810707678057
5586,0.02570886093988725,0.012345910169131535,-0.3711644471126239
5587,0.108335833941694,0.0013086954277958828,-0.3258072155855479
5588,0.12799620508642048,-0.043072003819556025,-0.368188074625922
5589,0.14980096542775787,-0.038610022571735805,-0.37665936073691
5590,0.14711242576461953,-0.04505729394664569,-0.38697274983538543
5591,0.16043623763409112,-0.04153782274043932,-0.37374458241929626
5592,0.15974191349823524,-0.04165426328745175,-0.3816336924359889
5593,0.16425309598199436,-0.045337904923668224,-0.3807704210178568
5594,0.17572101345295738,-0.04108388530010529,-0.42580578761723586
5595,0.18382486165224488,-0.08102564887921743,-0.4616365220450686
5596,0.2500820240757789,-0.05000483745546334,-0.46113065413664023
5597,0.32729281632017376,0.00884377534633296,-0.35965221210708054
5598,0.3597977403941323,0.013026494832279004,-0.29314673849535194
5599,0.34073132801396117,0.006472333708636758,-0.24248819549294523
5600,0.27945253957669763,-0.039468712492035006,-0.24567404151331318
5601,0.2807186779918284,-0.03136402188464992,-0.19324977437223842
5602,0.29648389609625164,-0.04122148241506542,-0.18927315309368203
5603,0.3320634428124505,-0.011135503431926607,-0.1949741563994539
5604,0.3096589858037227,0.04780365212176439,-0.2465790255940546
5605,0.28047448339981224,0.11427550559552822,-0.13097545590130635
5606,0.21525522072476944,0.1469513328002742,-0.0778448608991487
5607,0.1874693541762907,0.1428369534464993,-0.06785700699451436
5608,0.1535621856095507,0.12681342479486069,-0.10506020716002869
5609,0.1329005055464814,0.09394358283695299,-0.06696358222165731
5610,0.09474884089897422,0.0943000444114321,0.028972411795144253
5611,0.04709215449188672,0.0655123763590746,0.03423714925781766
5612,0.06063628634335906,0.08958380740252134,0.014396583047847801
5613,0.10104422786279246,0.09840492423754993,-0.02384911563521069
5614,0.13088703582805608,0.05114190449858982,-0.11915477562913233
5615,0.1585911614832165,0.066061064076401,-0.15773085238265785
5616,0.1043604446514712,0.00830132848555683,-0.15485470454909375
5617,0.09016234073592064,0.09876160619288972,-0.07666048076058261
5618,0.05812443981801219,0.033883945027921636,-0.1144510900251259
5619,0.059080016614486856,0.09615531900645802,-0.08048254509409504
5620,0.1036168197103964,0.09859023905591617,-0.0995504435449883
5621,0.10712280265318032,0.11942334816600059,-0.08391710655801386
5622,0.11868105248444479,0.07763097411981312,-0.22869143496203795
5623,0.0769607591895929,0.03277153216975911,-0.34778652810228416
5624,0.09803795834787778,0.06727218629903854,-0.3867649943443511
5625,0.05380708516602626,0.04327588359245355,-0.30360146986393116
5626,-0.019961062450344215,0.003082340305032986,-0.3261603388259714
5627,-0.07328919871860501,-0.03780826622374256,-0.3458735973763026
5628,-0.10723468977255429,-0.02360157450921328,-0.4005203931957609
5629,-0.03097774286261218,0.04897775363871165,-0.2696090087869182
5630,-0.0649265439886992,0.030083286371163833,-0.2744756695128752
5631,-0.04366041943711739,0.05633376277400549,-0.22545628807834048
5632,-0.12833189560533187,0.10486293451306558,-0.20112756724906652
5633,-0.10913009977930685,0.1328860753862999,-0.13879181240831895
5634,-0.1322317012523997,0.09651417824300558,-0.1512679814704996
5635,-0.13250445465262317,-0.0018586253286480472,-0.2256299870469543
5636,-0.17554780565357986,-0.04943681417902613,-0.2490605616291402
5637,-0.18251701154943092,-0.012856330444169915,-0.2374877044954462
5638,-0.2746905603720244,0.01306557609427156,-0.24711030722442773
5639,-0.27178177842020185,0.07245747996675148,-0.2082808635524212
5640,-0.24245207164870247,0.009482881593248277,-0.3193702118679641
5641,-0.144089929764829,-0.049099999160625137,-0.4078153670274094
5642,-0.10651880862533826,-0.1845003536052006,-0.5745564192416303
5643,-0.09573676602292962,-0.23659516470810726,-0.6770813507523954
5644,-0.0477582738263381,-0.2890030719773801,-0.611916053620086
5645,0.08278366785452033,-0.21667182918703928,-0.4755367117464627
5646,0.15004192783083775,-0.19004808013090788,-0.2498439918530133
5647,0.2185063493754051,-0.11960808792177167,-0.16212964983574563
5648,0.1070853708067371,-0.15221706632717152,-0.0935113907419615
5649,0.14453326545177334,-0.09696611682462634,-0.06431744500467494
5650,0.18674370485872072,-0.10587900936135484,-0.052171007102777694
5651,0.2893565111075146,-0.058061992959090224,-0.05324415277671256
5652,0.3210783155845054,-0.1079394746562239,-0.06878823378271258
5653,0.2627677613368271,-0.14975423476341354,-0.06223346371680943
5654,0.24384519846970076,-0.140538401562948,-0.1012127151964554
5655,0.23117913027648507,-0.15861673538134363,-0.1333915213494623
5656,0.3092098719011821,-0.13378175104152884,-0.20737801838751202
5657,0.3060591297756719,-0.21014832826637442,-0.2568553918465644
5658,0.25588347592126093,-0.2502913551319457,-0.29893749970190947
5659,0.15516691082165696,-0.34135550195051845,-0.3227792668912843
5660,0.11807143325762527,-0.39167932825214863,-0.32128301290099615
5661,0.17688588123599439,-0.3553413890059005,-0.2844369534769403
5662,0.18777165669346635,-0.3853979580035944,-0.37365115558457773
5663,0.17841555160329647,-0.3446895046265779,-0.39083155356827287
5664,0.13798585873794408,-0.31955263614853285,-0.37516509914769125
5665,0.1872529812357372,-0.11257099461541129,-0.2025433974019032
5666,0.23659131737680011,-0.08908203142784785,-0.14618004208855684
5667,0.24297399501533087,-0.07705225123518993,-0.18937246250071268
5668,0.27107501466264816,-0.13899850631713817,-0.24001956957282639
5669,0.26961469145907946,-0.14310645668968477,-0.26202059535925865
5670,0.3234569590164255,-0.14885996324128295,-0.2396386320365928
5671,0.34590196507284193,-0.18654411914971294,-0.22986359931533845
5672,0.3249056570803292,-0.18343070494488634,-0.24294247026630533
5673,0.22637915262840813,-0.2091954108997296,-0.29088757821845523
5674,0.15705860125676283,-0.2216753620435254,-0.3399352916592223
5675,0.14828873718123955,-0.22287051724089174,-0.36566615932599233
5676,0.25340988865146274,-0.23582383779919283,-0.3743867311930603
5677,0.29728834880922483,-0.20255409950493936,-0.3707837958701064
5678,0.3215230291600932,-0.1510137508357764,-0.3225937572714345
5679,0.2500741134254908,-0.03999078145486181,-0.3085689431594188
5680,0.22202321510723744,0.022690133506592883,-0.2650557742605501
5681,0.14967686448963,-0.023525339565659872,-0.31415553752638564
5682,0.1693948802356626,-0.01872190593827273,-0.2919818885800115
5683,0.09622240512331039,-0.06854771081612163,-0.3484410730931937
5684,0.12941663851071228,0.016147175394050382,-0.2800258483044551
5685,0.15783932355711033,0.054760454941722325,-0.2724707888632254
5686,0.16755347181220454,0.066692085465783,-0.35115979064625125
5687,0.18228545738499968,0.04965433419402989,-0.3863267670621861
5688,0.16116027233654304,0.08941855908821766,-0.3322087123280416
5689,0.20371292513116923,0.1251990567595543,-0.23453632027372265
5690,0.1938446133955642,0.09429493855518177,-0.26583894335970265
5691,0.13967195456050918,-0.033579024955271486,-0.3671401726642942
5692,0.1405869817354406,-0.017321848775719052,-0.35972900893305526
5693,0.09429662470156679,0.020577685241687186,-0.3603517447888714
5694,0.10671913810642406,0.05179478124452382,-0.3552665286310312
5695,0.0959054820482689,0.021353447286990887,-0.34943106227404785
5696,0.10613077309989041,0.03762898303515827,-0.32922377816976317
5697,0.14495929488721918,0.01761334227463876,-0.2938370033580136
5698,0.13462682957092967,-0.035685396718357576,-0.272557148405328
5699,0.17501921515904054,-0.06678858010374109,-0.2298300520015158
5700,0.1529234456713741,0.02347410637698653,-0.12980051803815215
5701,0.21645011586280877,0.16657299408281176,-0.09640632729421471
5702,0.21057073202500792,0.232450597363567,-0.0394890913434142
5703,0.28508193667477943,0.24059780309302725,-0.1285961245479252
5704,0.25259055555184906,0.15601914994772767,-0.13579777302805474
5705,0.24034012070969946,0.05266562575696273,-0.2087953974905513
5706,0.05225673977071697,-0.04490434592237874,-0.13874695466761586
5707,-0.0016588679098085675,-0.043830989018809344,-0.09191484397819444
5708,-0.01593596132857648,-0.007577161652465016,-0.06792091947637395
5709,-0.007958002593641746,-0.0005283120214405252,-0.15768577717817897
5710,0.00941862488337937,-0.006787354064662131,-0.19813088747113472
5711,-0.026155720167984203,0.0004977665021140701,-0.1567944808047413
5712,-0.025754974692520395,-0.03070906272452178,-0.08964420340059095
5713,-0.15292311472274317,-0.07480976847555404,-0.15822558548430057
5714,-0.16239991001692966,-0.08270557378979633,-0.23354622075303771
5715,-0.17095401209049768,-0.05039540657567996,-0.2412988034874548
5716,-0.0825000541688631,0.0014167443436312746,-0.18759431766091644
5717,-0.09323823736196239,-0.03966015950569965,-0.10349465228298535
5718,-0.05169735494422523,-0.023990656535550027,-0.10453419218532278
5719,-0.016058241281476957,0.016631795426846945,-0.1097861964786923
5720,-0.051569323820309716,0.07345864626327199,-0.185646155741636
5721,-0.08485161483643316,-0.011447351456771147,-0.2451618675251531
5722,-0.12935280532827753,-0.03560412806389954,-0.27693659870249543
5723,-0.0933365613398064,-0.07482799322190066,-0.27979578483277223
5724,-0.0598496651716335,0.00021781595775232905,-0.1807768053156127
5725,-0.08422314537975178,-0.0055187140357405,-0.10252974500292156
5726,-0.08604440090755694,0.004725652936675241,-0.05237237669655609
5727,-0.10335448252498378,0.008466782248747246,-0.08411300389260605
5728,-0.0763976957921754,0.059090515346894815,-0.12249241372501515
5729,-0.10049169260554236,0.09596581933437072,-0.1335512262417572
5730,-0.11192581521444943,0.10423463403792059,-0.09718399454221709
5731,-0.11859712098333616,0.05874651567921234,-0.08252906242114223
5732,-0.10020399025162514,0.03833926924823428,-0.08990838250211175
5733,-0.11870835095219434,0.023905815880114888,-0.15331114891938366
5734,-0.12857108883649818,0.061812860899261156,-0.18927375578556926
5735,-0.1724019170353341,0.016846316279298463,-0.2282908883614255
5736,-0.1259079267299363,0.029467043941127605,-0.24713734742088345
5737,-0.06939137995918725,0.016864739897063594,-0.298849352007984
5738,-0.029427745683940208,0.047950525444000705,-0.34300487440361704
5739,-0.09301376481023835,0.006884049718357926,-0.37480570471442515
5740,-0.10580656960158355,0.013327897025929838,-0.39682110391632747
5741,-0.0974202392629288,0.024802652042929616,-0.31063825438261194
5742,-0.07810703662816672,0.0588206244929865,-0.26864895838677494
5743,-0.13031636450358305,0.022696008548218665,-0.23572552451160922
5744,-0.14247281818772456,0.008445778241397599,-0.3318638238162416
5745,-0.11502888001773769,0.004285783068154362,-0.3093922995873126
5746,-0.07310478498072503,0.028655268237999906,-0.3472693248756832
5747,-0.02869177816423068,0.04888210782318585,-0.3277183537129632
5748,-0.11565072228816191,0.009555198977981382,-0.21376002627345053
5749,-0.18654686694789496,-0.030243042174678318,-0.04734302906078546
5750,-0.2529470677348639,-0.09260646192019867,0.04734716155556923
5751,-0.19563785840824685,-0.08417679244988431,-0.03644958169465275
5752,-0.12072581103820047,-0.04765009609870029,-0.07734875783471268
5753,-0.06916311510329343,-0.02166820221072884,-0.054841524690801814
5754,-0.06783173090900475,-0.008576430720978205,0.04433352608002016
5755,-0.08570318866981122,-0.008262701332014935,0.042371322985525366
5756,-0.07629053470002328,0.034705942270780166,0.05363060488730243
5757,-0.0825167503076668,0.018995600860762216,-0.00641804624678897
5758,-0.10986737332280738,-0.029708698733307778,-0.0013983579416272929
5759,-0.13618085376157732,-0.08922917093945298,-0.011822090178661215
5760,-0.1274136451615213,-0.08348701141819535,-0.004607087948293177
5761,-0.09870431644018154,-0.03813162712348104,-0.0018619523361165192
5762,-0.08957283213847331,0.010579533422484433,0.0029957922920058025
5763,-0.08579792085992712,0.03134828525564662,-0.017151053153742064
5764,-0.07182864137075763,0.04799837299608428,-0.06966478165147727
5765,-0.03286396280174865,0.056833876102594084,-0.10762299274635384
5766,-0.012643246395638609,0.07260987097072404,-0.13733499816734565
5767,-0.005865335489548372,0.07484291199725183,-0.10491453194966845
5768,-0.03684845199877324,0.04831481463902767,-0.12531707346288093
5769,-0.004886478596236091,0.06791737445090303,-0.14525890283787313
5770,0.0071104796248929,0.06942794864274965,-0.1684358967546131
5771,0.04828934476885332,0.080047158826384,-0.19493297064573611
5772,0.057464965117398036,0.05740851735315564,-0.1491301005800811
5773,0.07287878963280232,0.04993518132903638,-0.10386572433158164
5774,0.0868151174607276,0.03622927296703032,-0.036374094372279044
5775,0.09314914993414726,0.02263867717818737,-0.062188307718781935
5776,0.08631957927779425,0.025226191381378136,-0.07367327953398298
5777,0.077927490407321,0.044819568087099575,-0.07092605615236083
5778,0.03891189858635696,0.03626061491626353,-0.0983815803986327
5779,0.014897982234160985,-0.0013895151527194489,-0.12650793840825042
5780,-0.02389317695006955,-0.08137026832126479,-0.1886966125178164
5781,-0.03327033219750354,-0.10746114109983713,-0.19172194127112482
5782,-0.07720864848479242,-0.11444492214083117,-0.16500232283786495
5783,-0.0748034018581001,-0.06198118588538038,-0.11599774714487726
5784,-0.030814829473498843,0.00915320396581154,-0.10741339296938951
5785,0.049660555001942504,0.07857115674438825,-0.14648747735500417
5786,0.07813989693446644,0.11007983834315409,-0.1730691545331365
5787,0.06918674165710761,0.1084418222080281,-0.19165835518212965
5788,0.052949971106108495,0.09421019153527163,-0.24695525062726592
5789,0.07708758815941184,0.09346659704144361,-0.30505805245624035
5790,0.10043057592198827,0.10820580367589339,-0.33592873199332474
5791,0.12996332440041852,0.13172676224937674,-0.32797185750100394
5792,0.14035161013758693,0.12447123889846771,-0.30666462550427304
5793,0.1694834183380976,0.09785159673532422,-0.31166761545308713
5794,0.1806139904777759,0.0562704885444787,-0.29239488811373204
5795,0.22604333699247411,0.036882822335327546,-0.32301645489653147
5796,0.21557209485414033,0.03179425473676157,-0.2981068081187074
5797,0.22872606987095814,0.022217849717145827,-0.3426171853378166
5798,0.17968353701652337,-0.008805167674346812,-0.3518941705736772
5799,0.07914803306899844,-0.0418824521122389,-0.39214496084355216
5800,-0.048077462769298314,-0.07674458498624326,-0.3636565534821136
5801,-0.09919718617121004,-0.021855248186578545,-0.3646119840149199
5802,-0.1000062151542743,-0.03877312362797358,-0.3624700452490925
5803,-0.05089848638410978,0.018129853061451737,-0.323185831963357
5804,-0.06078157077995391,-0.025024173847113532,-0.25835877973272303
5805,-0.0034740383467636252,-0.0021515048228342264,-0.2350869790276017
5806,0.034301156413347765,-0.0846680051211802,-0.289081757914846
5807,0.0965109007787411,-0.108341607431973,-0.3133035772302461
5808,0.17647836338544587,-0.1469036779449048,-0.3726627366434996
5809,0.2119731811683643,-0.11913725208370199,-0.45995429835496066
5810,0.22123785663106257,-0.1634615338398103,-0.561493853710825
5811,0.15683380826556842,-0.18444267372845619,-0.5399420920286042
5812,0.15158305456837337,-0.17489199256019744,-0.4850019326568481
5813,0.11742360308065142,-0.11755755766764456,-0.4355269265658216
5814,0.11265670584180608,-0.15315955904889939,-0.49543769534919013
5815,0.08059032011822836,-0.20882168196583978,-0.5689662098916443
5816,0.08245484341960664,-0.23355087037267194,-0.5843598172296288
5817,0.10378958773611018,-0.1903753086408834,-0.5464581304068622
5818,0.12210304487684992,-0.24017012302351032,-0.5384151657349571
5819,0.12868861558119696,-0.2858704719408013,-0.564728869869053
5820,0.13775884862327245,-0.25457313775965046,-0.49225550663814704
5821,0.12467055275510962,-0.20121880619395596,-0.4208610755605121
5822,0.1328694565420248,-0.11480298124872919,-0.2640519640739059
5823,0.1486772448419167,-0.15348248394505629,-0.28910734809341704
5824,0.21190361515370237,-0.09054032168625896,-0.1981153805297441
5825,0.22617846710982967,-0.164990747047696,-0.2649800510378748
5826,0.24391787471236628,-0.162959059613011,-0.253110808418729
5827,0.2468384439826735,-0.2143717078089717,-0.30064449467712034
5828,0.2921301269338073,-0.22063010997211996,-0.3184639792259269
5829,0.26556035688757623,-0.2402092366205417,-0.33134035732501893
5830,0.25363520487900976,-0.2566837899108329,-0.30492069226740814
5831,0.23205541272574826,-0.1730206017944685,-0.2653285774885092
5832,0.2726466709637469,-0.10843675009317756,-0.3191686972594358
5833,0.2680348152260958,-0.05134346300810392,-0.40342742707514667
5834,0.2478611822160523,-0.06292714798543704,-0.4383640592700945
5835,0.1955459522790035,-0.09155320239235873,-0.394496433871754
5836,0.17141531458865628,-0.12663256719943358,-0.3898868989297839
5837,0.0937023762132231,-0.18974055980538077,-0.40742372742600996
5838,0.0849697700028108,-0.19248509469019973,-0.43043221230593215
5839,0.04740149913143813,-0.23404974224398908,-0.48656522468003954
5840,0.040235986201299506,-0.23904772930985776,-0.48989912350083586
5841,0.04948594432586083,-0.28758542686198085,-0.5121525631229493
5842,0.13974835504464608,-0.2537648894055763,-0.41020969969437754
5843,0.20466802866263853,-0.26750017475259735,-0.43364545475546323
5844,0.23291002134497532,-0.2412333292044867,-0.4029981241526871
5845,0.17755962447823834,-0.3068208910858639,-0.502253755473368
5846,0.2039180057860425,-0.30341920662357824,-0.4946184395398054
5847,0.20606825960557815,-0.3323364369996635,-0.5184208317149649
5848,0.2270195863497007,-0.27071802787598886,-0.43957753410882994
5849,0.23230904521800516,-0.24113417725544542,-0.4357710855068849
5850,0.19720413213453566,-0.21824075660136213,-0.40706859684841007
5851,0.178108769406161,-0.23612660964151677,-0.4337027030961922
5852,0.1393063668124488,-0.21597716069515221,-0.34616887699073384
5853,0.2100118589454486,-0.21576377787237214,-0.3464223444315025
5854,0.19540698396501904,-0.17120832540789577,-0.25057419768352795
5855,0.13522234978942088,-0.23165903908530994,-0.22183274591950036
5856,0.0793712936977139,-0.19229196189779535,-0.11303550849042189
5857,0.09858019215627455,-0.21007427471933246,-0.09117869426675124
5858,0.1976482883295415,-0.14865616820946356,-0.10942034182758027
5859,0.23216188340856647,-0.11219895500499168,-0.13741393838071694
5860,0.22996445017245848,-0.038812725122764756,-0.1563675617196561
5861,0.20890509283601857,-0.01170543720552242,-0.19517542274675945
5862,0.17956795567521408,-0.046998025850425694,-0.17812255791143425
5863,0.16480260975130567,-0.08422493797706024,-0.16639805988038975
5864,0.1199655575957356,-0.1012438169211817,-0.1056244687190053
5865,0.11282067996650946,-0.1269916093304105,-0.1331726319489523
5866,0.14743483485523606,-0.12211807392776634,-0.11949018172218948
5867,0.21816591367273117,-0.1443711634678527,-0.1632192949820304
5868,0.28764674869942974,-0.11066166079841146,-0.1508724694272219
5869,0.2347312554301673,-0.07625522619048376,-0.13713367860551784
5870,0.09077522279438405,-0.08995385277071163,-0.14650655168014315
5871,-0.17889112111237615,-0.182824184150307,-0.23519554763344516
5872,-0.27785868400523667,-0.27213667130702024,-0.3363123140958592
5873,-0.3316467331709166,-0.3127833379220661,-0.36883487266569837
5874,-0.20710610937902385,-0.2828182825070371,-0.2713448061464444
5875,-0.14784505918432228,-0.2815798577298199,-0.2079561673985799
5876,-0.0954348427082387,-0.26317781770843024,-0.16131390649530286
5877,-0.10643208176022637,-0.2614153295319562,-0.14812900276251237
5878,-0.16552787608885688,-0.28817795348888725,-0.12551997223910044
5879,-0.14551315377969076,-0.25197422086971394,-0.12013564660185896
5880,-0.12841837565551195,-0.20354498948468702,-0.09086746104905093
5881,-0.08387771446589545,-0.14040494189594113,-0.05031929919855386
5882,0.01786147892567449,-0.16676243228752272,-0.1288296007579158
5883,0.07706331618419919,-0.2057620985054487,-0.16526945884215927
5884,0.11236016611292231,-0.2256763272549781,-0.2007293218438524
5885,0.09332609161310473,-0.2179956115114998,-0.15254003341108788
5886,0.056490358375539305,-0.19920119347241794,-0.1457279023341277
5887,0.073535863083076,-0.15410210283957565,-0.11562255296334376
5888,0.02608791282332446,-0.1975518953670572,-0.14439809073319695
5889,0.08705769406182698,-0.20220465727609624,-0.15375145866436385
5890,0.09745645955622564,-0.293020504450604,-0.1947050031059042
5891,0.17277852943738517,-0.22487048991391925,-0.16756315622421555
5892,0.21142625941504647,-0.2027715254905773,-0.16152839298118485
5893,0.2603012491228476,-0.11519891131397977,-0.15941899802620685
5894,0.3155842809114399,-0.09569402082174626,-0.13200671307588285
5895,0.2702675448156032,-0.13416199492296912,-0.15985896056453505
5896,0.22943939735866833,-0.14035083470961482,-0.1894776673567137
5897,0.13783310412506591,-0.13631502768043868,-0.2325430111240502
5898,0.11886731018031767,-0.05690895957382331,-0.26231116385550557
5899,0.15786916174283963,-0.007704190310449466,-0.26717282791298297
5900,0.15898531243835878,-0.00345645464683559,-0.3194458838882545
5901,0.16710208643121494,-0.022737574340296853,-0.3677783134970022
5902,0.13611442695024897,-0.05575111660304663,-0.38994743489486766
5903,0.07242238416592635,-0.1165367819159776,-0.41074552891297206
5904,0.16901637845995962,-0.08244916873275403,-0.35076978270989756
5905,0.2960172981787019,-0.03841148222539952,-0.2871955906362781
5906,0.4428785733077612,0.04343849549479924,-0.21416359093513807
5907,0.4326668960620436,0.041989124373411964,-0.19075231381511107
5908,0.3077658867310071,0.037614220507057955,-0.208243234924686
5909,0.29155541921935585,0.007046929506408019,-0.17334438943150446
5910,0.23131593694005187,-0.036031554962863074,-0.17883768100133673
5911,0.26550752562027097,-0.06401922832989868,-0.177588220368
5912,0.19098476803598574,-0.03917830542994396,-0.19942393772204378
5913,0.20916553667952126,0.0005870284016231977,-0.18599858305068123
5914,0.17913572616983858,0.007271640719691878,-0.15882969022756635
5915,0.2443537497835794,0.0041267951595010816,-0.11197823374848928
5916,0.1620810271152553,-0.010825695151603712,-0.08631391310054638
5917,0.14069861965279765,-0.025932074289325705,-0.08714585523512505
5918,0.04710806208866105,-0.055282981512379474,-0.10046368422234565
5919,0.07720692540064643,-0.07272901797682957,-0.14131523832051096
5920,0.0937834409404417,-0.05016673348714813,-0.1568467401000317
5921,0.10633467094721882,0.006708970017334867,-0.19469620883662858
5922,0.11805990539965008,-0.04562605095592344,-0.21614655776119393
5923,0.12278237099811208,-0.10754352639933999,-0.26100468583076214
5924,0.15420963528154996,-0.15091831044133291,-0.27736155767271214
5925,0.10022841876899663,-0.11611443316844568,-0.3213853888805691
5926,0.042663853869085284,-0.06559173317947366,-0.29131627704214963
5927,-0.07361433989784275,-0.01578413599536933,-0.290846761932876
5928,-0.02776292957215149,0.02362636884440557,-0.20099903162505556
5929,0.03697425427525569,0.05947555738777397,-0.20109788024890649
5930,0.13588474262498526,0.06572760520410308,-0.17227113420126056
5931,0.16789414832959976,0.07458020907104182,-0.16877820066704613
5932,0.15494411421965937,0.03222327462803288,-0.1837364645062434
5933,0.13301656034637138,-0.0030080765063561707,-0.21656133508284695
5934,0.05471142629901167,-0.013435176197917804,-0.2635679441604607
5935,0.018916892295134918,0.014716508908078449,-0.24911730725349696
5936,0.028548484234661577,0.006782878693248539,-0.2205490154278014
5937,0.0687132777610099,-0.003185611519586717,-0.21449845094290015
5938,0.11088939727223587,-0.028310989110861957,-0.18709430031900387
5939,0.1406948347129914,-0.010181137282473612,-0.16668130057602076
5940,0.1450669976089164,-0.005969337212663339,-0.11616488130232391
5941,0.1538169849797047,0.013885729977557843,-0.07364491222063525
5942,0.15356227468952618,-0.007048701135422498,-0.04779610697522259
5943,0.16982364562611285,0.000549066515099275,-0.06609095683452906
5944,0.1534352451220363,0.006747192010016571,-0.0776873669214767
5945,0.14484661077989536,0.03109274801580197,-0.09503236316168653
5946,0.11351324334217776,0.03107643669373521,-0.09188467172730172
5947,0.11044524458147914,0.03129228164211407,-0.1047048145470612
5948,0.0941976576208017,0.016316600593785677,-0.13703985409981592
5949,0.09985493496468907,0.014615138136251555,-0.14403965513378444
5950,0.07415529630687195,-0.008369230283671049,-0.16576298909301238
5951,0.0497082470080337,-0.02330436516241799,-0.16428402133381317
5952,0.019329660892252576,-0.02616332262387902,-0.151918351509483
5953,0.022881657095553613,-0.01982375474337249,-0.11284916547599116
5954,0.013444247054169824,-0.012050690524577756,-0.0756471180419408
5955,-0.012207004951490397,-0.022174448282553102,-0.09410858024639489
5956,-0.06453570607649199,-0.04014167187449272,-0.1149831040288848
5957,-0.1359166368258655,-0.0803519791417203,-0.16407940098953028
5958,-0.16428705791206144,-0.10477464227619358,-0.21913112502311183
5959,-0.16260395549540974,-0.1105893827331222,-0.25655848284944105
5960,-0.10046517997369166,-0.0819886714371917,-0.31240836563386526
5961,-0.12325537300590506,-0.09215511440731072,-0.2775475847302278
5962,-0.1884953280884574,-0.10174070987859739,-0.23984502541417382
5963,-0.22706818489040956,-0.07168286626891895,-0.16831529333295198
5964,-0.14403722875787267,-0.028644177893173885,-0.18908216194016184
5965,-0.02826699617773794,0.030492142409301138,-0.17395171022808945
5966,0.02062634142280641,0.04873242844061353,-0.14460890041037922
5967,0.01293046261895554,0.0725520063457978,-0.13203512111776378
5968,-0.04597183549816012,0.05948694204632761,-0.14358353564151588
5969,-0.07496699599097152,0.028605273924619656,-0.20531892416993833
5970,-0.09608181625316506,-0.014288100669429373,-0.23956165729895273
5971,-0.06806890398329057,-0.02058944674321676,-0.268687605431492
5972,-0.03539238866853329,-0.01376243525486444,-0.2731440134702408
5973,-0.06763751050906727,-0.035755755446778725,-0.2814452812247852
5974,-0.10784984712263157,-0.09730037176797772,-0.26869671817393953
5975,-0.2122693756709036,-0.1465216082279638,-0.31912999318257124
5976,-0.21277697865028716,-0.13364582931403018,-0.2670048753067914
5977,-0.2272560256131427,-0.0959119168319817,-0.23405901427859196
5978,-0.21360864853375164,-0.06161113008007621,-0.13891475397508346
5979,-0.21899799406710935,-0.06785691304693355,-0.13789233252785885
5980,-0.196167239064686,-0.0533694839196443,-0.13077363203308376
5981,-0.1407506707423793,-0.06332400791067708,-0.09950089041132926
5982,-0.07523905415176392,-0.051057578020483385,-0.09816536841214712
5983,-0.01325267458218852,-0.02140390565629909,-0.11207290160293439
5984,0.023704087705698172,-0.0039350107205060585,-0.08411270544008048
5985,0.049995584941261405,0.0591472954335955,-0.09156734929306254
5986,0.03731704321156255,0.03901215147201382,-0.08682455526575567
5987,0.06385109918729762,0.09402644057407358,-0.09282579252004823
5988,0.050601527121752,0.046883969359117435,-0.032025979606774835
5989,0.09146465413184124,0.1161481790584644,0.04565376081052237
5990,0.1152858239303478,0.15142052199957964,0.12544370544421266
5991,0.050563417111937736,0.2623625460754746,0.16614316196711562
5992,0.04745898274641601,0.33853741407360916,0.21170053922087045
5993,0.01127784799649185,0.4161144584100243,0.22856735979130718
5994,0.08043080257184666,0.4384176042495897,0.3243212482176767
5995,0.05142503379710324,0.45099342993916364,0.37365677828194854
5996,0.05254346176821817,0.43038707032370044,0.3977310040158032
5997,-0.006026786824295761,0.4290745273413747,0.40580831164452197
5998,-0.012657300083642407,0.4138778756368723,0.39231227715300687
5999,-0.06695856535832127,0.4414510454495141,0.3489738227328261
6000,0.012704905843634224,0.4941996254912231,0.39458755859960953
6001,0.027333475042148975,0.550052972187435,0.5030053712355349
6002,0.08441347994267957,0.5419807847253074,0.5859754521901668
6003,0.03490206849117255,0.47146736101696746,0.5427025161539007
6004,-0.06611832094436206,0.4261547095784337,0.4426842319821551
6005,-0.1285228281645016,0.4286933768536973,0.3269890710438685
6006,-0.16602795804759207,0.44581266664043745,0.1905729198343428
6007,-0.11722193122220811,0.4207876844615662,0.10256401432319905
6008,-0.10239371414260634,0.36183244903170403,0.11379133243656085
6009,-0.10388583581225308,0.32320908304183615,0.10834008808407357
6010,-0.07125100360522907,0.32318969371456,0.13296258990037105
6011,-0.019348195950065,0.3649144509836934,0.15708787628427692
6012,0.07276589435137636,0.40911184463366845,0.26085190281510523
6013,0.11961212954296171,0.3997119004402298,0.3145372723787237
6014,0.11445362154333953,0.35710671948167766,0.335986408461527
6015,0.10421995303566946,0.3220035370027004,0.28540646984367846
6016,0.09394651601166379,0.3305384995865614,0.21035798064757585
6017,0.08159476978482554,0.3053124516548059,0.1353927125539182
6018,0.09858453040797079,0.3057292068085627,0.16475478461385828
6019,0.11749310693491709,0.2953229263991165,0.24003448172487707
6020,0.12620583648395198,0.3025551661794666,0.3133271223015953
6021,0.12093399079205248,0.27646905896624724,0.31139294770575915
6022,0.08665384723967016,0.2579844196746155,0.29728298695295086
6023,0.07287853734274599,0.22184843690448258,0.28936770477434076
6024,-0.037835077721855924,0.2040362492476963,0.28433359371887645
6025,-0.08890436962019536,0.10859001042398013,0.23168764333467587
6026,-0.1769198781894152,0.044567741825596065,0.1623139327964018
6027,-0.17240541993530303,-0.012714755856634634,0.06988103098886413
6028,-0.17089484389707013,-0.05390054842526607,0.04271807995058214
6029,-0.11436087362967551,-0.0869922456129015,0.02397709494022136
6030,-0.10545028090417655,-0.12360877070026557,0.018538947440260037
6031,-0.09316222720731204,-0.10183702372165683,0.004026091256133513
6032,-0.06488931931422506,-0.07732016648650977,-0.03313460172322382
6033,-0.0066184738026154565,-0.05544153246316421,-0.07230231660866324
6034,0.03274246186993489,-0.03643152614072181,-0.09999986658118434
6035,-0.015366729043403726,-0.06078538248894498,-0.08165143308073583
6036,-0.020067585185477303,-0.03080263724157024,-0.039782119621139485
6037,-0.04719434620261611,-0.03185159044811044,-0.040087985816824004
6038,0.0027274025061072107,0.015886561629848018,-0.08724502812612728
6039,-0.02009989750217114,0.003956530534131376,-0.12304475938354037
6040,-0.02056686352566623,0.009910425282601814,-0.09648486117316855
6041,-0.04657000029588006,-0.011341148708547641,-0.015839307527084193
6042,-0.05100500401649979,-0.026079132386021574,0.05813113826777886
6043,-0.052933149664629864,-0.036318686983633684,0.11431823068992719
6044,-0.052892816134812684,-0.03771325207572275,0.1085976511788788
6045,-0.05577845650007092,-0.05366733040222655,0.06090824335782105
6046,-0.047554027966248996,-0.046110100535744714,0.05096224767651757
6047,-0.07200221824575538,-0.08566946475623365,0.033721457921946904
6048,-0.06333201983434097,-0.08743687347368571,0.02043320067288832
6049,-0.07847068705803723,-0.11638685319722059,-0.009726093539092257
6050,-0.06332137861494201,-0.11708153046713024,-0.03995543599807948
6051,-0.078712205582635,-0.12778627570558315,-0.031546360664766876
6052,-0.12673612877291238,-0.17199404960401266,-0.023481673984252698
6053,-0.1335077423932164,-0.1714234968624482,-0.030743387694370978
6054,-0.13807789130997586,-0.1862952573353355,-0.03942207359371589
6055,-0.09814464591230171,-0.15043468300361823,-0.04494149188412283
6056,-0.09966255994777289,-0.1508025497537473,-0.03290627223121863
6057,-0.061375571099831217,-0.1210486536112897,-0.052522293452162055
6058,-0.030841708703155807,-0.11314750340382966,-0.08032457688589995
6059,-0.012984700438235776,-0.11264789480081969,-0.08554380913762866
6060,0.014994635763303364,-0.08676437901779782,-0.09957782993160978
6061,0.04320321631597155,-0.05256043200312111,-0.10850145739069832
6062,0.05936256702458676,-0.0138244286211857,-0.10355555286181353
6063,0.01716066969745731,-0.02640110806366853,-0.05883343350560789
6064,-0.014397575094665844,-0.029217862924798655,-0.05562422945315694
6065,-0.054098645427738415,-0.060851047009876494,-0.048815364777949656
6066,-0.05507671965336607,-0.055101755788038824,-0.06229385641037215
6067,-0.05769476594727446,-0.06424854243452872,-0.06323480486530074
6068,-0.04333781751168399,-0.058318985023999924,-0.06116221517568759
6069,-0.0441195494098643,-0.08556823619590813,-0.047952087567840966
6070,-0.03168966711802286,-0.08899111059707603,-0.022329160500399358
6071,-0.040851213671731314,-0.10632082672010902,-0.008323128559552789
6072,-0.066043857432761,-0.06345209390838799,-0.08596034918668542
6073,-0.0989826487456834,-0.07027346983430169,-0.09874382287180974
6074,-0.10793628357183899,-0.021964273446547684,-0.18423504483382774
6075,-0.0951626104221874,-0.04904244617127834,-0.1622009953492215
6076,-0.12895558412074865,-0.08621522421742832,-0.14251003774194312
6077,-0.17394914055577274,-0.16607401576813535,-0.07146511328398722
6078,-0.23301073437330175,-0.22883505099743764,-0.0187800906674048
6079,-0.24537318968953029,-0.2458436784832462,-0.0232439823488526
6080,-0.23455798579038217,-0.23996108017566187,-0.004653136333515194
6081,-0.1935191776838725,-0.19678643318481037,0.001304860650160883
6082,-0.16849333526694762,-0.166534523879966,0.007401454209021735
6083,-0.1817682629566305,-0.15669761419272837,-0.016944723646490467
6084,-0.13520110144820774,-0.10824891632453534,-0.04395676941707327
6085,-0.08668871197688945,-0.0510987914683158,-0.07549792819321324
6086,-0.012554155898263973,0.004911452873753694,-0.08423124900513511
6087,-0.04341857606165682,-0.01534018922300692,-0.07319463951929742
6088,-0.05237852481196933,-0.015702631177071217,-0.07647207020142482
6089,-0.0712277088932219,-0.01707479254154708,-0.08072402138453351
6090,-0.05721113424392166,-0.002150223039708161,-0.10675163695113389
6091,-0.05945218334107156,-0.008800723039009884,-0.11651776285789764
6092,-0.029641757759975473,0.010434516036482232,-0.12976601727711823
6093,-0.04471675218476788,0.005430130714239247,-0.16401531528227684
6094,-0.06335100127199428,-0.007804196653473198,-0.1706823718253599
6095,-0.0972179823116373,-0.026528958543085554,-0.17333623437742696
6096,-0.10688596750016419,-0.041637771085756274,-0.13202527494441596
6097,-0.07330991824819985,-0.019663788586660774,-0.11061642926912969
6098,-0.057990108909700216,-0.019754919625735154,-0.09348232652610515
6099,-0.04947748553057952,-0.02364837352195839,-0.08387804016535853
6100,-0.053371811658480074,-0.03292665771184677,-0.10216262103546161
6101,-0.06778936969250773,-0.050832448809723124,-0.11874594865693644
6102,-0.07895077023006342,-0.07099886885304102,-0.11899603952084513
6103,-0.10440755508232685,-0.11726514408733964,-0.09211277140036411
6104,-0.0802213207326936,-0.08755613907594223,-0.08082093371876126
6105,-0.07590656655810207,-0.0696439271054311,-0.09132607169679172
6106,-0.07243275216216946,-0.040191320272854617,-0.09729659242987407
6107,-0.05534116482908152,-0.038552825954393764,-0.059796077545989236
6108,-0.007637007209489811,-0.0025178574043822274,-0.039075053061189316
6109,0.02019005884718925,0.02244713407726071,-0.01250346198047309
6110,-0.006748446275717445,0.00035830695333209444,0.003651000609029477
6111,-0.03882173721163227,-0.03317636621163157,0.009141818421587046
6112,-0.08580425723107656,-0.08138461689123229,-0.015949870149098426
6113,-0.12070224882035252,-0.1078980017731787,-0.04065403234237847
6114,-0.1347619841686805,-0.11667257983790975,-0.03728089214406531
6115,-0.14107392351916806,-0.12678266829288645,-0.030857687000753628
6116,-0.14254353335126968,-0.12855833338261638,0.02264186405148561
6117,-0.15311662423435302,-0.15145126294760186,0.03330540658218068
6118,-0.14043319637828452,-0.14006036050520157,0.03669463498224362
6119,-0.1454678739711842,-0.14849456486745194,5.624618266280947e-05
6120,-0.12792356500808882,-0.11730328852335371,0.02200718016794662
6121,-0.16144132418939458,-0.1746176798158513,0.04427257767561759
6122,-0.16871433612041395,-0.17287103776854446,0.05157010250309328
6123,-0.20486287859065186,-0.21469764151326562,0.04001609038949571
6124,-0.14482174744776155,-0.1670938485200303,-0.027959369039869
6125,-0.11685083733715194,-0.1582123171981988,-0.053445368164681734
6126,-0.08287394915471698,-0.14281237968895136,-0.06637472970892361
6127,-0.09782603616873421,-0.13650518994256117,-0.004181625825355842
6128,-0.11104161245584948,-0.1493455957292863,0.02724486229639909
6129,-0.12823988969197955,-0.16725109531501908,0.052052713242135853
6130,-0.13232425917152352,-0.19373042588838674,0.025151263081769785
6131,-0.11200751466566095,-0.21760696998450013,0.007625270425004081
6132,-0.07878908048190124,-0.181311912304755,-0.06083186881029287
6133,-0.08559948777465802,-0.18319327238635874,-0.08181528780952074
6134,-0.10195014415830468,-0.13778644877428559,-0.1056878856761558
6135,-0.13703288401296662,-0.1754437818326537,-0.10080743677945873
6136,-0.10087293530441518,-0.13496025969748898,-0.0625143177833885
6137,-0.04982152270798748,-0.1227072641906841,-0.06251759429111066
6138,0.020779094490087188,-0.06977140638810024,-0.06519626131202576
6139,0.041203414416866806,-0.0556323998661716,-0.09557422728054622
6140,0.09472080343598842,0.004890382022065679,-0.14106267585544421
6141,0.09707206266193723,0.005878941598899864,-0.18391821931613705
6142,0.11253989629112561,0.0026388652998388987,-0.21876409877703668
6143,0.12351359819883367,-0.02519295235575467,-0.21048163843553688
6144,0.18246639304088727,-0.020412585823183088,-0.14019340454101936
6145,0.24242974799369404,-0.006644299406969069,-0.0822954390346743
6146,0.265235363883043,0.00845443259889866,-0.03713078381356541
6147,0.27124332592737277,0.016394530320238118,-0.05790145368405224
6148,0.22841169984063694,0.043000802271653246,-0.06042837579346098
6149,0.23247804018289434,0.056548416843825805,-0.038696770202821924
6150,0.18783106448277637,0.06433028206728274,-0.0369317925803826
6151,0.17087220777370235,0.04075518824930902,-0.05707021533823152
6152,0.22508421510761648,0.0009274090143537519,-0.0695875802158278
6153,0.24472370629046616,0.009111913281313376,-0.07936783298472147
6154,0.2788401135184374,0.0005204544170208725,-0.08807161493543886
6155,0.21337548491212788,0.021820710489964312,-0.12597950828249385
6156,0.23803082415809348,-0.021214521082018753,-0.13819925777698147
6157,0.2810801146146215,-0.0847804158160302,-0.12263285732286328
6158,0.33332427064175213,-0.08811884743314176,-0.09954798582911628
6159,0.2927037578166347,-0.07007330629775121,-0.0923556975198044
6160,0.21934680926344025,-0.014243181908793185,-0.09376242397308711
6161,0.12325992933494141,-0.01757093693036905,-0.09899159262497742
6162,0.0854564707982612,-0.04921404913075909,-0.0885370715877685
6163,0.04605892893595512,-0.08227896982469372,-0.08840174143215779
6164,0.017012562263955262,-0.0628555576067733,-0.08276528185003414
6165,0.06113960616401306,0.02065467251701528,-0.0817870175483735
6166,0.10757486783976342,0.1006065636302067,-0.08119095844423224
6167,0.1651665867443698,0.12085737638606965,-0.07725880493166819
6168,0.16915924004127117,0.1321000404046164,-0.1256710507349756
6169,0.16093859935437044,0.12148665470562281,-0.1290019353379303
6170,0.15202079474571908,0.12147306161287078,-0.14129694853662583
6171,0.13209798702760617,0.1026318027071281,-0.10176761614140373
6172,0.17429863552275443,0.1174638836091327,-0.10554153040363051
6173,0.2042268212514079,0.1285633811227423,-0.1018750859772717
6174,0.22720616772962843,0.1444807986771891,-0.11044242087144054
6175,0.21731432332164088,0.13785268309122564,-0.10370692598323239
6176,0.2325449023247842,0.14555783248528634,-0.1098514292731706
6177,0.24096744921212276,0.14306331003416953,-0.1202742226594235
6178,0.26510799818397335,0.12980131473281162,-0.12435982140900997
6179,0.29070945182262276,0.12393975823777524,-0.14880714214377444
6180,0.3032751970612369,0.12147838936198478,-0.15504496681526223
6181,0.3033725416970519,0.14712496293826874,-0.1664485796758288
6182,0.2783346379186793,0.1696940040572419,-0.1713663078261926
6183,0.2722020730244802,0.16962143442423488,-0.17201091858547302
6184,0.20937921350745145,0.1706007677317355,-0.16018984608737916
6185,0.12171366607861998,0.1587210293865939,-0.1270263343766567
6186,0.08187988523450283,0.15966339862447188,-0.11690697052336899
6187,0.11135995993759652,0.14374959431740456,-0.10328920910028028
6188,0.12267105542866893,0.1456178625223862,-0.11642258498843402
6189,0.09208976878060235,0.13740686748928976,-0.1145158961869945
6190,0.04039636764648968,0.1257867622101871,-0.12000137771482945
6191,0.01986254516785568,0.09919451862140655,-0.10849959802618403
6192,0.016628033697458966,0.08566280855913314,-0.10877846031042947
6193,0.025818570419008428,0.06699055618237952,-0.11867980490477673
6194,0.04776891389886381,0.05255071049860436,-0.1125688489598145
6195,0.06921104976385185,0.037769410538897506,-0.09555368849012172
6196,0.10051989333599641,0.045377606559345876,-0.12868948794159607
6197,0.13160072221683441,0.07026425494648406,-0.15528743244479873
6198,0.14415626669112439,0.07963462904137611,-0.19696514685016484
6199,0.1357733679167003,0.07053416454439523,-0.19665886315005082
6200,0.10907805652806453,0.057411843203715465,-0.19042448134837825
6201,0.05182620784150359,0.050802440662249274,-0.18516928914103745
6202,-0.0029672875131616237,0.043636820246521484,-0.19247298921682734
6203,-0.04320372105221044,0.008710382992807237,-0.20180342426793385
6204,-0.020065000177117067,0.022481707770716786,-0.20947387735478998
6205,-0.01797281827553802,0.024792899065628256,-0.19726274079157044
6206,-0.02428116618403283,0.042043049508236334,-0.1768558262227823
6207,-0.05320737787905719,0.010155969397891266,-0.15679368978277658
6208,-0.07691453122587,0.0002678436023153301,-0.14458970021844114
6209,-0.0887842925411994,-0.004927116358705657,-0.1692283753143494
6210,-0.08605325851256068,-0.004280983471922586,-0.15546619162346018
6211,-0.07088975320055128,-0.016314585429786133,-0.14604040057921766
6212,-0.0783926353706247,-0.029630028111249273,-0.0939650460553717
6213,-0.0710932980365825,-0.020111786055552652,-0.0633382146075603
6214,-0.0902635356187326,-0.023831551438220005,-0.05306886399881878
6215,-0.07011013301148464,-0.01696420314191204,-0.0673293559649425
6216,-0.1255605702410749,-0.02669451495304444,-0.04408198747159719
6217,-0.15065247472955076,-0.011594525425985642,-0.06837058845715233
6218,-0.13623983196108777,-0.027969824095855425,-0.06284143021335183
6219,-0.11392322343340684,-0.05388535142370516,-0.04505283962961053
6220,-0.07866205602647182,-0.06544824779839876,-0.021322529673552658
6221,-0.10214284510785336,-0.06758859027824776,-0.012661300178862394
6222,-0.05578466571867035,-0.041944803125332386,-0.06092647496624639
6223,-0.018746303092060858,-0.027532653104232977,-0.07884988911144239
6224,-4.1433845239783914e-05,-0.0018580274031358838,-0.10032121578124462
6225,-0.027925257466098707,0.04102763499169874,-0.14141714414443646
6226,-0.04742587911204613,0.06484018765747943,-0.14432372395116863
6227,-0.054986391766073436,0.0743148981820443,-0.15310146322172336
6228,-0.039387057082545,0.0009655645725818744,-0.1313818022465224
6229,-0.048554519143003204,-0.025244339727414168,-0.14702425686398943
6230,-0.022093525556731625,-0.010807463210147535,-0.19402889816097807
6231,-0.009598026118944449,0.05300960649461286,-0.2221968832779714
6232,-0.011887905046125413,0.049442012282594476,-0.1842909593801205
6233,-0.05544107475199887,0.021245626884001348,-0.1460277484196182
6234,-0.06687396461355058,0.0016261501885844892,-0.11785167666576997
6235,-0.06913864823890727,0.00023120450037162246,-0.12585056575768697
6236,-0.049653714604678434,-0.011222660644976528,-0.14000300565339416
6237,-0.042332954442644774,-0.025759724869807578,-0.1322349164456817
6238,-0.02969901250557893,-0.040021800736472816,-0.1397745531058049
6239,-0.047054668889145085,-0.06498508879570064,-0.10343486623012024
6240,0.007145014369598867,-0.0431994646461744,-0.1241222717617519
6241,0.06283275225486548,0.0026547993251140553,-0.15722251225639552
6242,0.10740439630342961,0.02331653259324285,-0.17455160377388404
6243,0.0892619718199467,0.03445838048945735,-0.1751257031916719
6244,0.04054701344491434,-0.0078568807859937,-0.14065281813849753
6245,0.05299884084385161,0.005029737344940497,-0.1434462249378118
6246,0.041411529176801895,-0.02408842812909721,-0.13232028154820052
6247,0.06376715806338477,-0.00587584239953136,-0.15333266104421586
6248,0.06037993022633983,-0.010729076171598257,-0.14931441185674824
6249,0.09260324732495247,0.032015320489329153,-0.16328712454332664
6250,0.08697766094305498,0.02044415290864698,-0.15612647881255703
6251,0.06749110587046785,0.0070465742758766365,-0.15064466576551808
6252,0.06962721561448372,-0.00025742436325199404,-0.13691913636433634
6253,0.07444001329171314,-0.0045376016059623025,-0.15675160108345026
6254,0.08925246209380794,-0.00101436585368667,-0.1727865968308091
6255,0.09599196462392945,-0.020984873100466334,-0.1771439774626498
6256,0.14057890892227948,0.036207700338973685,-0.16951173315374177
6257,0.16929339370221044,0.08931657305955576,-0.16024937704139297
6258,0.16255496941467018,0.09647124407128499,-0.17277918404887027
6259,0.13350081191092733,0.05142355003723342,-0.18964616069565132
6260,0.11605539878434434,0.01856238984334664,-0.1989937463862468
6261,0.12872993599904653,0.030548761892233673,-0.21643653678977948
6262,0.14355423146226354,0.049432448348737196,-0.2315849647665146
6263,0.1548062715267117,0.06522598245766914,-0.2635569904678973
6264,0.21086193232692865,0.050455566649885104,-0.27166890815626454
6265,0.24169378970649116,0.06835810084192653,-0.2856773334186185
6266,0.27372670985338055,0.0748928033932886,-0.2958679954804938
6267,0.2362936594668158,0.09855566018993425,-0.30962732071748983
6268,0.22835931041388705,0.04291089587014748,-0.3037870334396221
6269,0.19380570514039108,-0.034464287118708074,-0.27330174862597295
6270,0.15560412010103522,-0.09405707625377421,-0.2399720433517298
6271,0.12956264506209458,-0.09777420514095915,-0.22181638326469144
6272,0.08702761493509971,-0.06726630575559749,-0.2282236532055278
6273,0.057193465163885016,-0.07758524320647753,-0.2439131654990582
6274,-0.0056718569892980466,-0.10605246370578374,-0.2797209353473981
6275,-0.043808327024660684,-0.11893818610331758,-0.3028812124433921
6276,-0.0464790907296308,-0.0716524325530993,-0.29363631181534544
6277,-0.03432937325483989,-0.024952925967255596,-0.28233405786947197
6278,-0.002728595146810136,0.008270398426255935,-0.2666358442101608
6279,0.011009517334703843,0.019878884543711704,-0.26452610984737324
6280,0.053302585534741403,0.1044188412478418,-0.30634614680430783
6281,0.06352699805082818,0.1704727900566651,-0.3316661740261565
6282,0.07913950348920297,0.23207197147351882,-0.3749827945988794
6283,0.07908441000136396,0.2072120777603201,-0.3608775759282327
6284,0.12226844742359405,0.2006468307056917,-0.35811370517225455
6285,0.17063736805814703,0.18651971271124126,-0.30854009117071174
6286,0.23559025790583915,0.1860867611743432,-0.28944660524679816
6287,0.2903488611636221,0.19583172569618484,-0.2856998264274066
6288,0.3046241094877555,0.18334837765434997,-0.31764934903482084
6289,0.31004926204896766,0.16592028129694864,-0.31104885209481353
6290,0.2889729275444656,0.134295834978963,-0.2904963588208279
6291,0.29278247977112365,0.11924995810046204,-0.2562016587639186
6292,0.2309732040612843,0.08147200732987675,-0.24546614172731587
6293,0.18333073904763403,0.0434223260761746,-0.23731761157758252
6294,0.10325179128685892,-0.008430564316363952,-0.22559949377453184
6295,0.07795368591734897,-0.03904912359000919,-0.20618582211684633
6296,0.04332460417997415,-0.029489749761285794,-0.23682625366730353
6297,0.0366870764589867,0.008474436703098874,-0.25902615479667124
6298,0.04090702872182963,0.030184915948816362,-0.29542161202854744
6299,0.03422520897487138,0.030649420880913984,-0.25463203827019426
6300,0.0230296461636565,-0.014405644406590304,-0.2561234560194865
6301,0.045798470129327404,-0.01738773464937394,-0.22734999323843313
6302,0.07021824526956613,-0.013992979005022388,-0.21621440941137998
6303,0.08569164707225775,0.0013700396295535798,-0.1988086297923051
6304,0.06294815012347577,-0.023607485076116517,-0.22280808226544985
6305,0.09533353440237467,-0.04634694888792682,-0.25278853286658237
6306,0.11311880424777422,-0.06095941086399292,-0.2730198205802567
6307,0.11628694177937457,-0.04280987878309276,-0.26722576969136735
6308,0.09054129447576778,-0.056897045221596214,-0.26079390479021963
6309,0.07479163347339414,-0.05253175088623726,-0.2549103277637874
6310,0.03199192735937972,-0.032001862505596966,-0.22902433385618767
6311,0.022496531878725634,0.018325100914273574,-0.22510209803658462
6312,0.009164118648159131,-0.038548142241493014,-0.2128924920219692
6313,0.04932938288155399,-0.08740255852975651,-0.19790475456434645
6314,0.09579650383450496,-0.12501074758489608,-0.15903108796305923
6315,0.15985888583747224,-0.06709684806676092,-0.11507957474526669
6316,0.1539561456685124,-0.03851460975034964,-0.13797806987182665
6317,0.13566165567368593,-0.07007418535665269,-0.17137175681794461
6318,0.09032588076637524,-0.1136896260751245,-0.2316816802445828
6319,0.09482499682688653,-0.1219300608986365,-0.23085401705943
6320,0.09387116890842202,-0.09137475808824609,-0.16644630624717555
6321,0.10310270954909255,-0.045345322834317615,-0.11546128917719052
6322,0.1256891603828218,-0.022375582516163537,-0.08471561245263065
6323,0.09607981777305319,-0.02727020705847339,-0.14608212318838346
6324,0.09446590760711118,0.03590404705990485,-0.1592121989064091
6325,0.09248902845980785,0.0726365564830642,-0.14240317370719355
6326,0.1080753361208732,0.11956556402857335,-0.09143028164241229
6327,0.13227938099796233,0.07637179700838488,-0.05434319623982392
6328,0.08512693199717299,0.0466663515067673,-0.05259900824780499
6329,0.04944966712864524,0.047403678709186235,-0.06041452932162134
6330,0.027248532950409136,0.052235085620688966,-0.07160718541347634
6331,0.0646118011899408,0.06683517169084287,-0.06606623444512653
6332,0.07837771044552107,0.0514550999877904,-0.057263775910281915
6333,0.10320900759572524,0.04474561918793732,-0.048897775630459446
6334,0.10393121549659667,0.04924044768390807,-0.056241564903983264
6335,0.16202569841643186,0.06133181453541696,-0.035894891431950446
6336,0.18874460168438723,0.03522391029040424,-0.040095823020443316
6337,0.23038809555979678,0.02597468385958539,-0.04365936777823023
6338,0.2177920192484862,0.006244588640993873,-0.06770245652820357
6339,0.22280373534344763,-0.004690070998342216,-0.05962823487153335
6340,0.22842519234800687,-0.008001322097725012,-0.07690002138862706
6341,0.271126055836964,0.0063676730816105915,-0.07763175108440634
6342,0.28434695400031584,0.055548159068173154,-0.07825646195593183
6343,0.28967271526114236,0.07830046777217994,-0.05566641653487516
6344,0.26888602542270734,0.08732797571405676,-0.050100253304522224
6345,0.2730923109068308,0.07150547888652455,-0.04799279421184747
6346,0.2916364763844928,0.06996447561156358,-0.04464104041059814
6347,0.2831116222560592,0.05232258821855401,-0.06955711200430802
6348,0.2823235784863179,0.06409158249731509,-0.06960015316667388
6349,0.28153494681600055,0.0760984973140414,-0.0775199573726434
6350,0.2977364879873605,0.1039826825447556,-0.05111191516067844
6351,0.2803220553382297,0.08228783507218261,-0.046169188600414
6352,0.24841663074066542,0.07397975647215103,-0.041245563878207055
6353,0.24535366273017747,0.06813218390842626,-0.047853721498414686
6354,0.2189219945646539,0.08125749503089495,-0.04304181473151082
6355,0.20512155690123493,0.07460162802443408,-0.028095698668878177
6356,0.22725097185236706,0.07737971464329205,-0.038219455321537955
6357,0.28322015935124834,0.0656310375433292,-0.050401835930738124
6358,0.3119631153585311,0.07343817449341798,-0.0773008952365113
6359,0.27098017505283395,0.06794508977199354,-0.06956694533420335
6360,0.26371979322574274,0.10795027678426668,-0.09386563715722508
6361,0.2640048434025137,0.11863304452779624,-0.1110418346355096
6362,0.27275212349033257,0.12493845232825451,-0.11024038378707669
6363,0.2665449699075103,0.12460970059656848,-0.08595560840049467
6364,0.30440527142923834,0.1555890381430982,-0.11307984515860232
6365,0.3076332675667406,0.16079367123778096,-0.13380968929292358
6366,0.2989738443582585,0.16153275031495573,-0.1610304347689928
6367,0.2567852681168211,0.14106787526115586,-0.1270446949345697
6368,0.24459375915169476,0.14819091085277497,-0.12293848098889572
6369,0.22888646858794703,0.15882228845348317,-0.15303340388357425
6370,0.21346794356200322,0.1704707356265305,-0.18335874447418807
6371,0.1874495793486721,0.16954167095939215,-0.21261981345171682
6372,0.20943708274698966,0.15446255309627321,-0.18535782152635047
6373,0.2080850934047534,0.12029930259224066,-0.1672018392597133
6374,0.2302793927447768,0.08555931305486449,-0.13905998764436817
6375,0.22348695688570494,0.07307241763205498,-0.13528114228951674
6376,0.1998998575462596,0.09511492825305815,-0.1334987765752551
6377,0.18339237758516008,0.10698365660208185,-0.11093778338461782
6378,0.17539665163238913,0.11235805605178392,-0.12251908784798012
6379,0.21429219738925886,0.0990773435795262,-0.12817030501890694
6380,0.18127939133027654,0.09685607601807181,-0.13588910897495407
6381,0.14138701367949516,0.08207071030991239,-0.11674643123390606
6382,0.08191036545187944,0.04058717674290425,-0.10962461649924661
6383,0.08919559926714848,0.001876823032227028,-0.1208491796792283
6384,0.09875688186002661,-0.030183771390216423,-0.1490203079711464
6385,0.11756306496058765,-0.022929219277004892,-0.16789947683967607
6386,0.13100479897132025,0.014029248418213148,-0.1719987102890522
6387,0.11051386157873985,0.05878380980812123,-0.15329472933736377
6388,0.10474748124442168,0.12820425219618717,-0.09914041291265187
6389,0.10670552724596519,0.16912224505698387,-0.0886095858437455
6390,0.16571389841856876,0.18877115598118777,-0.08660320705510109
6391,0.19594002002585026,0.17826592297560964,-0.12099280721701608
6392,0.2097447191356053,0.16037894962981813,-0.11532359988187768
6393,0.17464288772656705,0.16997345416651446,-0.1397627477181423
6394,0.13776322931928536,0.17651131406624818,-0.12172914994607156
6395,0.13999864099055692,0.18750962226001097,-0.17399522568284126
6396,0.14380257229437315,0.15160066200291783,-0.16934386817527594
6397,0.1599397413245996,0.12495703508307723,-0.1747499539308617
6398,0.18744654877588626,0.08727729243422867,-0.1164025291839915
6399,0.18875398571350227,0.08004560337767541,-0.09411272348428626
6400,0.17712259717244072,0.07232943101205488,-0.18724910667083938
6401,0.1355724002331321,0.04881063364768439,-0.28575715092393505
6402,0.16443071341226878,0.051126726793456534,-0.3277301214151937
6403,0.1884387739359748,0.05962980914077636,-0.2602406200213238
6404,0.21865860379737015,0.08701922536973895,-0.19486225449221622
6405,0.23692031089852245,0.0723044721947443,-0.21237940327927463
6406,0.28050184848670556,0.06607533341044995,-0.24672414504126794
6407,0.28275839641940137,0.054578777261049136,-0.2733029808526232
6408,0.28412166786255777,0.09414026547973967,-0.251453777549936
6409,0.24894807323046778,0.09498546365097493,-0.21842267321087544
6410,0.27666497791619626,0.127471879463871,-0.1790724546998161
6411,0.19320440042652814,0.10119594028228146,-0.07233050094558721
6412,0.20663948835087165,0.08221936864916798,-0.023100218450152123
6413,0.13171373153916377,0.015824777582033912,0.0493435875901855
6414,0.20151264647839529,0.0008683439840843415,-0.010422685653246883
6415,0.17226926432768533,-0.024042065436696087,-0.002941395790373838
6416,0.17190324316489777,-0.032583555499877605,-0.0400245176929381
6417,0.14805693487506943,0.010699642067189421,-0.08388235989942472
6418,0.16395982550932364,0.044841772729876474,-0.1326271904085824
6419,0.19800555023856758,0.1131409157986404,-0.1693236744591147
6420,0.18518170285948218,0.09449571266292311,-0.1441034357373583
6421,0.1310614690834866,0.06784464394520631,-0.11921801207140052
6422,0.07822088961895853,0.0334613223357103,-0.0760803610057247
6423,0.060195835140210305,0.02134694399908434,-0.03437244066358758
6424,-0.01622547882219354,0.024234060349160206,-0.05207313719348499
6425,-0.07799245126007404,0.03393856198055375,-0.10448010005478531
6426,-0.14834733269974976,0.019821414756367745,-0.15398095036104506
6427,-0.14002817807707488,0.03933252391572922,-0.1418853972353715
6428,-0.11566447087715272,0.044156024480890115,-0.12063800154025162
6429,-0.10238514333984503,0.08754716644486708,-0.12695724489079502
6430,-0.09139822671853134,0.11009949336867178,-0.13125715128359058
6431,-0.046160611192824774,0.10566050747965824,-0.13346331958790095
6432,0.017510337879429263,0.07858606878385098,-0.10267953971832901
6433,0.09177332573255262,0.07170781006312782,-0.06716302856931768
6434,0.13531279977261312,0.05364293216322027,-0.05742735917093313
6435,0.1292783701810454,0.06414103491964038,-0.07791444313976323
6436,0.09951937036131396,0.07040231368164297,-0.1178687795559353
6437,0.013332542047434661,0.082340234574985,-0.1454845506404919
6438,-0.007540794659704814,0.11425186119126865,-0.1498639959237672
6439,-0.020573981997807075,0.12899770877272337,-0.14168676413542836
6440,-0.0025936460327653774,0.17335526778353552,-0.13423946515509222
6441,-0.00015898165064883477,0.17901807922730384,-0.14368740247408598
6442,0.013560527142908532,0.18738739428035925,-0.1523792186917184
6443,0.0351403780043975,0.16529518653365022,-0.16082969500210537
6444,0.007597807130292444,0.1714690677244585,-0.15786878494762335
6445,-0.045210316400795716,0.17293100682936824,-0.15889571154091697
6446,-0.11492246268960295,0.1772682980369661,-0.13318755607867713
6447,-0.11001773668961382,0.1627227956608218,-0.1511662565334398
6448,0.011783140870043375,0.1584821188373834,-0.13678671005150847
6449,0.12837553357962755,0.18775641245600205,-0.16795926496383565
6450,0.2566697635232389,0.20704630818832995,-0.1653356003288423
6451,0.2773069320440918,0.2127872453444204,-0.17043148209774395
6452,0.22953891979805474,0.19087011069420762,-0.16269710560844666
6453,0.14882771838081718,0.16867034787475302,-0.1655666233302765
6454,0.058413435737200876,0.16657753591652524,-0.1882830437633679
6455,0.044003403540935127,0.16830847151441367,-0.18982725681764642
6456,0.0634383369271552,0.18301775465981945,-0.16381783359491967
6457,0.0775352620784169,0.1642063987543296,-0.1335390055766112
6458,0.07333574768848151,0.17182961142713116,-0.13794654742917015
6459,0.06987033969188257,0.17975777546679217,-0.1492446379579151
6460,-0.021994382548940115,0.158874468039645,-0.17521378407431754
6461,-0.09735143693684198,0.1357716789976109,-0.17602441959164225
6462,-0.16212676671375856,0.09600823896365175,-0.16725081571873388
6463,-0.14969965311368105,0.10566324964855955,-0.14649485422079517
6464,-0.135887427412446,0.08179742016861108,-0.13592640345934556
6465,-0.11564485129431626,0.10687588150681791,-0.14222537559441573
6466,-0.05535489501870245,0.12910057920403753,-0.13677026355606317
6467,-0.005148536795852519,0.15440573477217245,-0.14191362733313417
6468,-0.06654644950313594,0.1691748740625899,-0.2167886193402124
6469,-0.17101225131124326,0.17186350354538368,-0.29383825454812884
6470,-0.2672244147166161,0.18870986626751496,-0.3398946093878519
6471,-0.2756184954293002,0.20903294146116275,-0.30674707569413623
6472,-0.19995970365903115,0.16435500950019732,-0.22373920191811267
6473,-0.09338382546250144,0.1167345850560686,-0.1790883438567821
6474,0.01069391702929466,0.03725505141155513,-0.09982077334122468
6475,0.034776822249203976,0.031697246393997895,-0.09115560617676847
6476,0.014186943230782997,0.02819056109532529,-0.06446258047632522
6477,-0.012197389185611895,0.06546579381771721,-0.0877192661416103
6478,0.004100256376665042,0.07409295810618596,-0.1097837438739599
6479,0.029356885484002494,0.07448321609545715,-0.1280735905111535
6480,0.07632378685712306,0.04645931495418663,-0.12542816146385288
6481,0.09954114371703106,0.07858632517952703,-0.1428529012692081
6482,0.11314698191125652,0.11298867447380444,-0.1334746056022374
6483,0.06920631093584624,0.13964900796032556,-0.13214055933488283
6484,0.0033932205776469886,0.10282865328439494,-0.1273673412352355
6485,-0.0701146657776687,0.05427310078337779,-0.1634324483079145
6486,-0.11314113364466352,0.039973121307058226,-0.18724166039455117
6487,-0.14791170189567376,0.05904212624942756,-0.19921336079259114
6488,-0.1477652082302858,0.06922336303721212,-0.20506773852907761
6489,-0.1590938995432431,0.05081569567059224,-0.24533475815112984
6490,-0.17614387590014496,0.07767032715934251,-0.25618620459694347
6491,-0.19790747833997174,0.11616772018668223,-0.26571570780057213
6492,-0.12246774997442329,0.16705289556280026,-0.19656864879882974
6493,-0.06853935701669346,0.14455566198193487,-0.16089335623580478
6494,-0.020640125879638246,0.13894827701212378,-0.1465289820988534
6495,-0.06895527420303035,0.11580944731222685,-0.16562321437911856
6496,-0.045388579132713894,0.08279596216255125,-0.17485183344724545
6497,0.00500984340486441,0.02034980993581042,-0.1340408611880003
6498,0.05949044119123906,-0.02820725582960311,-0.11115072222204836
6499,0.0642679542444656,-0.059796868573604334,-0.1131522913907735
6500,0.057943739578502976,-0.05043325594401883,-0.10556122239942095
6501,0.028414612970004065,-0.02527451486936452,-0.11334388993938882
6502,0.03310846910214927,-0.04192799828134838,-0.07396076342288552
6503,0.02033507008585243,-0.06823922267414409,-0.09858190497866794
6504,0.02556746982872552,-0.05096045362212354,-0.12818619118406074
6505,0.006777798324905804,0.010339246399890414,-0.17428140486877758
6506,0.014763394583103195,0.06597722339987076,-0.17119602033374856
6507,-0.004921426598518367,0.08461726242151951,-0.17172997683120217
6508,0.004672394212610106,0.08563440381451748,-0.13885290486753588
6509,0.00917283443306309,0.06369222327924509,-0.1450515788333967
6510,0.0494569408017097,0.021486285090699067,-0.14081918047009342
6511,0.04812052194317524,0.004266623285013862,-0.17707779239492022
6512,0.0743966484402439,-0.009556615248123672,-0.17848378515737992
6513,0.089002417804325,0.017556132851005747,-0.1551164538213408
6514,0.09661743374902373,-0.00569512881918985,-0.09982142674892676
6515,0.06383747879721313,0.019361976007803147,-0.10306881839023957
6516,0.10039747807125918,-0.010933007698311277,-0.07581889145252167
6517,0.15842597291265484,0.01860158175411559,-0.07695373904084625
6518,0.23736804205442985,0.03399425770956242,-0.06746681883568237
6519,0.2985550939503746,0.09637881555426588,-0.14212534029025675
6520,0.2565302109680623,0.1281460326390896,-0.26442003659170427
6521,0.1597190927162585,0.12531098780712582,-0.3061594446151244
6522,0.04473437413100125,0.09840099739135277,-0.2604607336816973
6523,-0.010773427655170958,0.06636890256787559,-0.19280025462410055
6524,0.0030357779380900123,0.09123989945185007,-0.15493706068931953
6525,0.024229166228534892,0.1179528257929487,-0.163274218143689
6526,0.08471663945641625,0.16993187654436226,-0.1700661392379599
6527,0.11769905230551767,0.166734745253219,-0.17068176436916258
6528,0.15459104077931665,0.16189933805597392,-0.193096695419263
6529,0.13116964865425315,0.16313245872540216,-0.1760380787202101
6530,0.15096849512748858,0.16340816951238507,-0.18263338491782757
6531,0.13647429575230993,0.11772421022812321,-0.15070113970367616
6532,0.10618702672378097,0.11958426036120029,-0.20391953923426506
6533,0.0420448515275118,0.11182141961655148,-0.2540629808577973
6534,-0.01721729810880778,0.15228917840392686,-0.28867255741641507
6535,-0.01122283184127452,0.16540617143532388,-0.2595394551075978
6536,-0.01633042577421441,0.18697052319995808,-0.25218631483409537
6537,-0.03471458213388897,0.14360028962186508,-0.2300289058600543
6538,-0.04753365825165815,0.10050316554520021,-0.21668456440965606
6539,-0.029935128590777016,0.062036865057505754,-0.19716492582999312
6540,-0.04204683760994191,0.1153573764737642,-0.24833496290378707
6541,-0.021650345226587004,0.17898606998094213,-0.28754131377294545
6542,-0.0051431920554751934,0.22283631994728717,-0.30010725748297373
6543,0.021213596254238958,0.23555379563021275,-0.29293007287199774
6544,0.022317455290079974,0.20111191024825628,-0.28420720330439314
6545,0.02253633933097458,0.1369780383377206,-0.2877761703619113
6546,0.03672532990997314,0.09460766063718716,-0.2615724567203931
6547,0.040223518021697754,0.08162982855935749,-0.2732377283940873
6548,0.038300641554203554,0.1304758192884041,-0.2721790463176749
6549,0.04595742861259366,0.049705655042128156,-0.24006906598834288
6550,0.0861423317145654,0.0035318089819284222,-0.1977377145645329
6551,0.12525946377620423,-0.05618913500234182,-0.18742126434839243
6552,0.09396462618784555,0.043284624792999216,-0.3041762713921215
6553,0.046467647104503525,0.11536487341729751,-0.36313316531164813
6554,0.006870767843257737,0.19502169966829935,-0.3894664792284028
6555,0.03882496687261232,0.16712788588505234,-0.3657063873224844
6556,0.09382379763640714,0.13035965098357968,-0.3224322423056605
6557,0.11483651212549004,0.08218872517148093,-0.29276337491248566
6558,0.1489700613590557,0.0969535252627869,-0.2170191220400492
6559,0.1239342630666633,0.12216485562275498,-0.22578626075890887
6560,0.10195238390887196,0.10556264737556373,-0.24494516233883573
6561,0.08382585514736418,0.057726827740160934,-0.23273416271763228
6562,0.08631765874905858,0.02751794520420897,-0.1986078011526325
6563,0.10725600762174736,0.02840180935474401,-0.16640623997386447
6564,0.06707517402012159,0.11839735022905867,-0.15796128397658657
6565,0.0012518354270082898,0.17460736078975164,-0.15435725318042243
6566,-0.0733013149425033,0.21898745386464086,-0.1321191531117665
6567,-0.12170362533382151,0.19743256727844677,-0.11315440928733309
6568,-0.13642445716744905,0.18208030781399065,-0.1533827261045857
6569,-0.15053332690329888,0.14994417768814272,-0.1666628077826014
6570,-0.13813381393021532,0.1308980527237284,-0.233922351698114
6571,-0.14330244426416605,0.1404449564324538,-0.2613093128466026
6572,-0.13710053344757994,0.16809841130008843,-0.3047815936589044
6573,-0.11708943508301918,0.17714469346656267,-0.3162629302368493
6574,-0.12195929496796107,0.1569886038109374,-0.33259965109572154
6575,-0.12386360396311566,0.1660938503760673,-0.31704784297844335
6576,-0.12842411029790732,0.17440259741061628,-0.29842143237986735
6577,-0.10499733329167081,0.1710732286078217,-0.26338996987292634
6578,-0.09625201674833879,0.16159020391484624,-0.2830025072240547
6579,-0.09547215960797144,0.14801330824504572,-0.317224811293401
6580,-0.0763742751669801,0.1896752860169118,-0.33256255272144236
6581,-0.027482479747781712,0.21004755767142644,-0.31104098099321165
6582,0.015646249308809788,0.21208198147753432,-0.2672670887946138
6583,0.06415748656197057,0.22583868385040587,-0.25576994412609727
6584,0.0878911950428186,0.19195490637778503,-0.23993954615489352
6585,0.07640210428667962,0.19218228660206657,-0.23371480488431257
6586,0.0823992908430499,0.1537635904250758,-0.21908794660931127
6587,0.10575936305479393,0.15232529686078167,-0.23015419186705863
6588,0.10620374377017296,0.09944662240792541,-0.22671000013100315
6589,0.04419562060104406,0.028995493125152032,-0.22924999316855
6590,-0.020637682949254277,-0.001109964870001874,-0.1682377702129431
6591,-0.03358676045384842,0.007652591991983211,-0.16709481635309867
6592,-0.04406713837140021,0.038864368219303336,-0.17755557972181307
6593,-0.05951664429884789,0.04879389031477523,-0.2555617654258636
6594,-0.09297569238914848,0.05608111153334095,-0.28378762042302297
6595,-0.0993311780840868,0.05080367303173445,-0.2795483301155123
6596,-0.11655747959123597,0.040165425188847116,-0.2614672695125538
6597,-0.14773742332670267,0.05220744592316245,-0.26022886763346065
6598,-0.1601432326329292,0.04967490202788687,-0.2574705734934525
6599,-0.12908288296539952,0.04633282457481959,-0.2391207859920869
6600,-0.07493689547186655,0.0534212176974698,-0.23209512269273488
6601,-0.01874259111300604,0.08513535485488213,-0.21433152601844924
6602,0.031044099364319754,0.11170013996784042,-0.2312094109406656
6603,0.054917237317405644,0.11332126750829281,-0.20517308196950804
6604,0.04591377276385913,0.13140979712343456,-0.24595302870988017
6605,0.0362149471646328,0.11500565062447075,-0.2733670935797355
6606,-0.0028458740964947718,0.0857367008885579,-0.27526526563559534
6607,-0.025941672239521776,0.04228212643094136,-0.23345159877811952
6608,-0.06882224962943305,0.01940425794357678,-0.20475639980106647
6609,-0.08159223299492685,0.03704453149633029,-0.20653309995937125
6610,-0.10625007636245183,0.059041347110278725,-0.24158197501864195
6611,-0.07310566090191212,0.11488919899760323,-0.2743776370906402
6612,-0.07680054922482127,0.13621339415341183,-0.31182093505167263
6613,-0.09151025413721095,0.1821714839027453,-0.3319539939866007
6614,-0.10225248526008303,0.11896032567641213,-0.3259678654495442
6615,-0.06275788225959437,0.11572576809134347,-0.3375583123288913
6616,-0.03069183171281554,0.11408299685276864,-0.3247146268765067
6617,-0.008670014262528222,0.20226918513536218,-0.3388194755311972
6618,-0.01835320058790906,0.2404849497904487,-0.33712295672590453
6619,-0.0026926402577733583,0.24565205186126948,-0.35085978507611026
6620,-0.01987908350345973,0.2311070286079723,-0.33147370376946644
6621,-0.05493803449156357,0.21186362969977285,-0.3436420616115882
6622,-0.07321510361129159,0.2156424499181703,-0.34163368890161844
6623,-0.06285975175134662,0.22481610508278208,-0.3904608345267939
6624,0.007358805490417211,0.23220069824501802,-0.3869206885737719
6625,0.082148279068913,0.20392011744785202,-0.38025006087483804
6626,0.12656791857869415,0.18827124995907038,-0.35040074919653036
6627,0.13133498780570177,0.1613769787342101,-0.33457806069418394
6628,0.04188941839516575,0.14761764326327215,-0.34723383467324
6629,-0.04665684840553288,0.11727688939293614,-0.3501902031473842
6630,-0.14319253382021443,0.1326342748347563,-0.35502532407762916
6631,-0.17058664002520932,0.13362063548990383,-0.3412071751204358
6632,-0.18365037914037183,0.16370328550244825,-0.3648500922556854
6633,-0.21520551993437334,0.17786496970280316,-0.40571928921410877
6634,-0.2181040749670353,0.20210074164159803,-0.4201175864176631
6635,-0.1819367670118252,0.19566184514282556,-0.3931486053693303
6636,-0.08586410661306088,0.22067643491289454,-0.39116119666286686
6637,-0.013362888080550212,0.22610291745543032,-0.41042728991073607
6638,0.0419741134053126,0.23725797466111134,-0.4596299390620786
6639,0.0618124466537823,0.21762509091947801,-0.4466041481672883
6640,0.07172810146884828,0.14309369505424185,-0.3989039111941453
6641,0.04317927043386721,0.09854190910928905,-0.36306614122401565
6642,-0.011411222727625367,0.07454594862775166,-0.3644062535194862
6643,-0.04975134880199609,0.09163368365976585,-0.390799048656914
6644,-0.025685190171267535,0.08609853577497707,-0.4016372645439104
6645,-0.02446954724258449,0.09833687721296282,-0.4016833069318611
6646,-0.031836383983985694,0.1027741690559255,-0.40099674061890234
6647,-0.04915718790943969,0.10059027923627295,-0.3734849652539781
6648,-0.07492531358071787,0.18840706749083533,-0.36349043954702825
6649,-0.09077392517582163,0.3022616133672755,-0.39087663057092875
6650,-0.13678162284539772,0.42067782807826287,-0.4130051227348732
6651,-0.11456507471251647,0.42412724364283244,-0.41497564561909994
6652,-0.10797124706385562,0.37404603308277384,-0.3570069691726592
6653,-0.08617360972958615,0.3496977000693508,-0.33601988424044116
6654,-0.08790356650601482,0.31336224064364154,-0.3147048467914305
6655,-0.08951581599338956,0.3089139197098657,-0.3154752860054283
6656,-0.07773798292121781,0.27615670058873104,-0.32266182085197637
6657,-0.07554893475214854,0.23614140822268798,-0.29923262345706225
6658,-0.06192059808089832,0.22503659085482036,-0.306239095758095
6659,-0.050220173520725025,0.24075112670644577,-0.30096297064181815
6660,-0.01737779094035411,0.23897975995195045,-0.28907747106126513
6661,0.0020919767269697766,0.18402347387742507,-0.2391762660904051
6662,0.009296366184809871,0.1392036114716156,-0.21217813835787516
6663,-0.003839373129050343,0.13336404415220812,-0.23007697370746494
6664,0.03288491129412892,0.14871255861792124,-0.27571449887280114
6665,0.03677293642876461,0.14220299778516604,-0.29647965824560585
6666,0.038880087414205886,0.14635410413887806,-0.28789376912762704
6667,0.005826398166439836,0.1517087757827112,-0.2526346684889448
6668,-0.02297104208591939,0.1494940836679245,-0.2664638448569486
6669,-0.07121133287787867,0.18481014910465948,-0.29989085646816765
6670,-0.10771631341344585,0.2077967392013993,-0.326099610149434
6671,-0.09964461057606117,0.2274428464271185,-0.2959262193096489
6672,-0.028426651099273035,0.1840157942040585,-0.26814867055550085
6673,0.03587904502872066,0.15553454076278211,-0.23933855984947577
6674,0.0535729936456008,0.15081902487732218,-0.23421304123593764
6675,-0.01252704810711809,0.1475271081806255,-0.22847940947482645
6676,-0.08181139350919878,0.14584691892045074,-0.23888203432159888
6677,-0.08126303584295762,0.16411766864342153,-0.3113382159611068
6678,-0.0701544593113394,0.15379913326034386,-0.3537816845002356
6679,-0.09249358686759115,0.17491743790799993,-0.3984286895430704
6680,-0.1140178832900351,0.15834418698337005,-0.35935478701564916
6681,-0.09201186535265193,0.14276556212146696,-0.32081917329201526
6682,-0.013422390293855817,0.06644391950535908,-0.27656269666037164
6683,-0.005812942254305554,0.024334273022359312,-0.26241477398134505
6684,-0.04471292426470797,-0.019394146099288898,-0.27094028081692095
6685,-0.0945176356887882,-0.09360568277478745,-0.29439333726213657
6686,-0.11870283743720933,-0.1891384855142226,-0.31330545286525024
6687,-0.11378288677435096,-0.23914951209027543,-0.33680424775817414
6688,-0.09563662187578818,-0.21206310752846946,-0.31453086069008157
6689,-0.029912080880133904,-0.10965481976442525,-0.26249315251885275
6690,0.051530375257246616,-0.0028602913095515745,-0.20031519881294912
6691,0.09594669931246548,0.07465019752720177,-0.1695300602957676
6692,0.07946742314922976,0.10487072190125671,-0.1675376427812227
6693,0.05824268614078727,0.13126672032303452,-0.1816162249817341
6694,0.06526053373062284,0.15122110594420096,-0.12747507291223456
6695,0.26549887043716713,0.3260242928424631,-0.23081195601460902
6696,0.5544260104256434,0.5054419195450873,-0.27803123128731333
6697,0.8497217263389152,0.6909303008019975,-0.40823814673026154
6698,1.0212848773721372,0.7573308982887071,-0.4109092744246052
6699,1.0396931115951455,0.8291039744830133,-0.46126539893525037
6700,1.058163471133632,0.9159346262283555,-0.5566835933495642
6701,1.0585297075044429,0.9998215248637603,-0.6546495001556726
6702,1.124137445227007,1.0429153067501418,-0.749458563261803
6703,1.176529475231208,1.081462865400144,-0.8015721116318931
6704,1.2301655220673313,1.0921241361912695,-0.8816955039772294
6705,1.253496065923812,1.079285443650626,-0.8861015342299748
6706,1.2403044092834177,1.1059211223813084,-0.9471814049433233
6707,1.2356061988264284,1.1503341358640586,-0.9462516089835447
6708,1.195348343413256,1.2193502091455926,-1.0432223072709748
6709,1.1472484741768263,1.2064073329320288,-1.0752757399836572
6710,1.0572570008985471,1.1888564873584226,-1.0830248073219568
6711,1.0395467952990909,1.126728410575053,-1.060217521775143
6712,0.9947146912626953,1.1258473085322902,-0.9868412812569501
6713,0.9758247107085436,1.0802080114559434,-0.9521296536179537
6714,0.9744802302877759,1.0866273171761411,-0.9090433709189412
6715,1.02716647897536,1.0831181045357137,-0.9312012557978767
6716,1.0400713131388903,1.0191586960146557,-0.8465354816902261
6717,1.0530788058624034,0.969430917953832,-0.7445803792332041
6718,1.0452407541889923,0.942973118258374,-0.6487542045299888
6719,1.0719961014055093,0.9956175468123951,-0.6519504757407893
6720,1.1299457460154874,1.0879597861626258,-0.7414427859909493
6721,1.1993706624183251,1.1506530647177442,-0.7761574846626702
6722,1.288591887866343,1.2383580489569668,-0.8046039917013743
6723,1.3210551225068539,1.2399514470847357,-0.775221984102289
6724,1.3392814421008399,1.3137004261004348,-0.8691404468777992
6725,1.291395252262395,1.2642789478893628,-0.9489040668849894
6726,1.194574942342279,1.228347183026207,-1.0570576495220267
6727,1.085357476395894,1.126672033038494,-1.044579053997633
6728,1.0199694613738857,1.1242803287643666,-1.186306724235872
6729,0.8860107848803755,1.081065013600484,-1.1615868967410583
6730,0.8225044139479815,0.9856225352773501,-1.096291657923868
6731,0.7167384024109409,0.75209119393877,-0.859764595388565
6732,0.6544113790040292,0.528696512507148,-0.6333101128591977
6733,0.5231452219961257,0.35148061305272554,-0.517470143487866
6734,0.4586726393238676,0.28339894747758676,-0.3888914790796576
6735,0.4773183825493134,0.3016098480788045,-0.45372078319375647
6736,0.29924447632554085,0.2066141625747031,-0.3159442546685615
6737,0.20908009257447793,0.16044655401424163,-0.22667844979301477
6738,0.13857082408601437,0.09665117041390718,-0.11076045369507943
6739,0.26080194461022416,0.16941628949092458,-0.12642540558547768
6740,0.32670274797318527,0.23748522142005965,-0.2128456612657954
6741,0.22854279179119955,0.2475533275946794,-0.22165971247454425
6742,0.08508346798741466,0.17533354284027627,-0.21343913088556654
6743,-0.0796215769370092,0.05981893203102982,-0.13301267197379582
6744,-0.0724135504664716,0.04473586910577833,-0.09305380103040577
6745,-0.057108839353237136,0.09294267948455531,-0.12429536236564276
6746,-0.07452720367580012,0.09025188388984899,-0.15594234271850874
6747,-0.11953431631675358,0.05217993182469611,-0.11055452339958668
6748,-0.10799333963087658,0.07460445178743647,-0.1084787591032803
6749,-0.044890094854752025,0.1732266595949982,-0.11785051884447707
6750,0.04663008839713448,0.25824005484551177,-0.15546637469674449
6751,0.09696584445586667,0.2826992389401229,-0.09321605340821283
6752,0.07513203555731712,0.24915781414310992,-0.07190504222155135
6753,0.02550280862386724,0.17927560065918738,-0.11669495793095545
6754,0.026873213461328187,0.12316563383457146,-0.16821133057779333
6755,0.0725964889478812,0.10628014641954682,-0.17140009922453678
6756,0.049533121714751625,0.09446936870836423,-0.12191205328111526
6757,0.05961307889120645,0.07966015965812544,-0.10201238044791311
6758,0.05351648903942801,0.05866218515382967,-0.06248925626207515
6759,0.0734263435721087,0.07039784672846734,-0.10078133370243533
6760,0.05780461945512724,0.12105108941934961,-0.1401638752739661
6761,0.059917732373296416,0.17367474109188072,-0.2131591748240399
6762,0.019723514991214143,0.191814354013014,-0.2519320397968344
6763,0.004128137158661456,0.1748357432975467,-0.2724212092474008
6764,-0.01765624076011379,0.15985989755449567,-0.19853478490242946
6765,-0.003748860491220206,0.16218107217574534,-0.188860692530573
6766,-0.02216966895494799,0.19293261917956653,-0.12072601397059761
6767,-0.07253340501836579,0.19811500760783785,-0.1425963353977002
6768,-0.2206019637430672,0.2350557078211226,-0.18997617639053563
6769,-0.34029682290378915,0.260814637781425,-0.28671652423994626
6770,-0.37198226205383017,0.2387028818373406,-0.3053550803122244
6771,-0.3447662044146869,0.19444264867004368,-0.21738863615386
6772,-0.33011094454170553,0.13048174989530015,-0.0771225447222774
6773,-0.39850618229412127,0.08311582378342178,-0.051223379342467464
6774,-0.5147773459773294,-0.014409812393195541,-0.013547927028645946
6775,-0.6528669353178659,-0.10777954839110361,-0.08441603450545625
6776,-0.6332245847267974,-0.16667951207281367,-0.10122139986076574
6777,-0.42369906497669824,-0.12080342779857714,-0.17956081750246675
6778,-0.20082733409497136,-0.05903322224214586,-0.27654572268522337
6779,-0.03227064017614203,0.05168770303570051,-0.32662779282859844
6780,0.018874679417844948,0.14484957940900187,-0.22126899815823642
6781,0.048725801220065326,0.18997093254782504,-0.06557670317948627
6782,-0.0020430947308870124,0.15818946901198713,0.018832654229039705
6783,-0.02131635945751079,0.09933462256782642,-0.04865164424259696
6784,-0.009112763401232767,0.07161829594634551,-0.09455622287938163
6785,-0.05529490965935144,0.018833522620366427,-0.19779537590979562
6786,-0.042067056793455286,0.046175592044180445,-0.18742662451397926
6787,-0.04638195754046247,0.055744475824316346,-0.2530838083035421
6788,-0.011642869829936826,0.11447499689060572,-0.2051083103881817
6789,-0.024772391315268108,0.057748907332047766,-0.2777817821472549
6790,-0.04755333401386922,-0.03983072453464325,-0.3497374712232795
6791,-0.05303588749732823,-0.04440099117904697,-0.37094022652615105
6792,-0.050035327450200465,-0.03979925734664168,-0.35707841463017215
6793,0.00977137669421335,0.052065846816850024,-0.23597324123787217
6794,0.08428772924470304,0.10539613781496397,-0.17716989053442217
6795,0.06219255329192803,0.11825107381850977,-0.14551187311952532
6796,0.025353979965683716,0.1353231657233239,-0.14495333790542642
6797,-0.03749711911920425,0.07184382210056832,-0.2361751412285094
6798,-0.00619795177412329,0.09939814141011205,-0.1837278637128136
6799,-0.031098705750893248,0.09703912034465774,-0.21967000901766245
6800,-0.010875519218113368,0.09608876550225394,-0.15695047495863862
6801,0.015231299514668476,0.08164964213578467,-0.20056635051408556
6802,0.03959704522919232,0.02668173639602126,-0.26759150683390115
6803,0.08240985141270608,0.04846122504112748,-0.2364900644455095
6804,0.06344619122915289,0.031497142764980765,-0.195553608617966
6805,0.09752211504082468,0.06979721727260303,-0.07252310310522753
6806,0.1194192317909908,0.09896136039310395,-0.030558572726704255
6807,0.11612915130506293,0.05765687881309432,-0.04478038494960427
6808,0.09027854342561413,0.006419608229520216,-0.13075418505443911
6809,0.07057400002740184,-0.051016439235581496,-0.1810791705938498
6810,0.06343504857213614,0.021029373955247493,-0.1866721872345298
6811,0.08100363126375676,0.016187725980656886,-0.17981552883760082
6812,0.08803385978594545,0.018573825311955755,-0.15548280741172207
6813,0.12215478572424966,0.011372118492817215,-0.10934279903849688
6814,0.1636540260920903,0.04826742931677186,-0.07167921948424592
6815,0.19255447211526108,0.09687929850118326,-0.05206952712457612
6816,0.16580234804478985,0.06378825267855649,-0.1289232764263511
6817,0.12558978314972202,0.06699080680118195,-0.12307430360743012
6818,0.0570509410888865,-0.05557977181232197,-0.19379831773755885
6819,0.09050827769879141,-0.0830141864479456,-0.12246587956265388
6820,0.0695643123303802,-0.12856890070205199,-0.09960234751324767
6821,0.042172223354623915,-0.08191714241534513,-0.11298085084186994
6822,-0.03546567714276522,-0.05166362488247306,-0.010527471732986442
6823,-0.06985071240016671,-0.021527201684959325,0.06945548706807016
6824,-0.06222607246860961,-0.0013834999801660586,0.15821340541510057
6825,-0.10076479812960926,-0.026746224932029734,0.048603527405348394
6826,-0.12787714064133324,-0.00620011806119851,-0.07987833577602778
6827,-0.16275766082944454,-0.017952759246946066,-0.11633757767015537
6828,-0.15120474853406765,0.04669813989308981,-0.07425890325242109
6829,-0.13738334100495425,0.06682658082338494,0.005199208840548763
6830,-0.08506145616309524,0.1255901429661791,0.04916167841096448
6831,-0.06526593013260032,0.11691958244858862,0.06142072775704263
6832,-0.10559172607208313,0.07957029779263432,0.08456662194500149
6833,-0.26711196723837133,0.03703472949362296,0.0953820178744467
6834,-0.3221410430232771,0.012055662170907954,0.1160864444117333
6835,-0.3299784650471232,0.016202950992841757,0.10773712952768733
6836,-0.3125509003383865,0.009265418304155417,0.02849236693554408
6837,-0.3198588720516025,0.05037586828734341,-0.08261071612118549
6838,-0.3397595246295374,0.10501296055062706,-0.16862372632847666
6839,-0.24917508103546132,0.16647425220177378,-0.1871738994676912
6840,-0.1741516526090796,0.10224479261138811,-0.15190350465854144
6841,-0.09877233424473604,0.003493411437536109,-0.11591660921257964
6842,-0.08746612767509583,-0.06428639813345426,-0.078233847129232
6843,-0.1209467900062465,-0.0463338492324638,-0.09459825087105965
6844,-0.15216541841380427,0.03987840177513546,-0.12574960540168229
6845,-0.19561809314091896,0.08812479347983292,-0.1352361721254447
6846,-0.17715078599578146,0.1092075544041684,-0.09719677790437044
6847,-0.17076660825928622,0.07863890381541896,-0.07205957448092222
6848,-0.15482804988149396,0.05673302607375751,-0.06447017614865166
6849,-0.10246624840977792,0.05501441608124396,-0.01260652475900236
6850,-0.09111972243573012,0.06025856934565992,0.007503838545189952
6851,-0.059249017425536774,0.05859772664986705,0.038668406380179446
6852,-0.13593809552519476,0.07675701198900754,-0.018822825401825574
6853,-0.1663514474442493,0.07927800786222247,-0.07163048288480209
6854,-0.2583510184125748,0.10336359751967598,-0.122039506543416
6855,-0.29708019000548386,0.11583634240666019,-0.17179282143088007
6856,-0.31720919363218203,0.13927542057290104,-0.2071344025215594
6857,-0.3178639687163107,0.12683077261088752,-0.23878557237758552
6858,-0.2985680233605601,0.12294489356911485,-0.2590457698368608
6859,-0.32025775864687617,0.10711860828330808,-0.2728586491126297
6860,-0.2780785606886626,0.1223251203403015,-0.2779157830669613
6861,-0.2338861830379607,0.08992031388260167,-0.22468418859457273
6862,-0.22116152035023243,0.07384145605335601,-0.1972980098200226
6863,-0.24256864258884883,0.06379514565775066,-0.17850984286758603
6864,-0.26438452456855055,0.06832943910414975,-0.20997682226845893
6865,-0.24906133360389907,0.06899319454933088,-0.20134350121224365
6866,-0.211847853618105,0.0380132336559524,-0.16726198496328834
6867,-0.170757399792041,0.012652888697972684,-0.12271123584355899
6868,-0.16192024216621417,-0.007377694036956466,-0.10242845669445065
6869,-0.17192318415421914,0.006493532986438317,-0.09851931765046668
6870,-0.20626372925008796,0.02741798830757272,-0.09090474731386661
6871,-0.2012622923183206,0.03425165164388915,-0.07996106460726568
6872,-0.2436961836588446,0.042642457994433836,-0.09686874649940348
6873,-0.26042632896920037,0.043849822624161934,-0.1072159106317558
6874,-0.26837638806538766,0.028873404859097666,-0.10348272321170965
6875,-0.234487481411444,0.009260483460714532,-0.08994508761000279
6876,-0.2289880537089397,0.016634824579873905,-0.08781361886150126
6877,-0.24922592583764586,0.0383968981924591,-0.09774542422340206
6878,-0.25903022949924054,0.05764275844671282,-0.10275811847715578
6879,-0.22870181476817097,0.06356693824553547,-0.10479956933413043
6880,-0.20463869152451072,0.05653333389427995,-0.1198466186787204
6881,-0.22998037513346783,0.0861884773164814,-0.14523511955706672
6882,-0.28973203888561266,0.1039140494023058,-0.1699820414294801
6883,-0.32148190037149166,0.12856483008005667,-0.17384391374852368
6884,-0.3073079244403802,0.10130025214658774,-0.1544952662764232
6885,-0.2291255182411984,0.07600734300151799,-0.1282135974964966
6886,-0.15964482470751126,0.0373343227867037,-0.09824216748628345
6887,-0.10413913881329974,0.041139931639816406,-0.10700258810530369
6888,-0.07380046742118843,0.0401800952967216,-0.10142097144927956
6889,-0.06547978196499726,0.046184850793152946,-0.09507257612499916
6890,-0.03241234760842896,0.030976207982927034,-0.07864665220498608
6891,-0.050869403034589165,0.00363393848913228,-0.06645187178551865
6892,-0.04688516156551916,-0.010158418785839002,-0.06634338641385547
6893,-0.08100372745996778,0.015132394131020284,-0.0880559873499295
6894,-0.13095588500355687,0.03762973672089266,-0.11771727975056308
6895,-0.16070250728597044,0.033778755107541275,-0.11468460949970402
6896,-0.17022692489139135,-0.012190964299213397,-0.10705392052944221
6897,-0.13141598504780133,-0.02271493265306354,-0.08671113199933797
6898,-0.14983371408789833,-0.0028932270830717764,-0.13615188317388358
6899,-0.12075628207169897,0.009827351312606734,-0.10245552274002616
6900,-0.10348526906025059,0.021049203952206604,-0.09637552981408119
6901,-0.022753185972858445,0.014270669422221214,-0.030492242067746898
6902,0.005667481195049226,0.03600996576475341,-0.04208512096504521
6903,0.018831861593830497,0.051789478898841584,-0.03420624820068599
6904,0.0029096701021357548,0.045729888297202856,-0.03982745749342222
6905,-0.04820130304860344,0.020480762360434526,-0.01598978205226315
6906,-0.08590317150820334,0.019851473740919858,-0.025382276491281622
6907,-0.08290340584148952,0.013426382622868284,-0.012469674101633431
6908,-0.09343488578392423,0.017586215773104503,0.03138555067464616
6909,-0.12451502076491844,0.003974715799570485,0.11523581565623749
6910,-0.14704013739765978,0.004886953796080858,0.16795576072537569
6911,-0.12482820223131638,0.03603503881277502,0.1963330316573279
6912,-0.07960634952386568,0.047733815677889674,0.19100238603052727
6913,-0.032594184020300405,0.06253613402719499,0.114211666164993
6914,-0.03764112102686156,0.026420727842962472,0.0878224427603751
6915,-0.049246551759372,0.011857371929484054,0.0716371503834371
6916,-0.09247708962586813,-0.031854485527086265,0.11955919452567451
6917,-0.09768911946845356,-0.050752051740770764,0.09383494750065764
6918,-0.11930643543478223,-0.06699091555576607,0.05107906107650199
6919,-0.15463201316148398,-0.05339176555378995,0.03832361181999639
6920,-0.1286301376282107,-0.027500478719687273,0.01639253185475339
6921,-0.09084138131605438,-0.00900110054763646,0.017766142402011402
6922,-0.030982976821790836,0.02706416815627431,-0.035935112494529235
6923,-0.014276820465655805,0.042128184989700286,-0.0551712448456786
6924,-0.005438713583681707,0.07440902760003844,-0.10413016140612741
6925,0.011740151770869758,0.060600504608835,-0.128670344242288
6926,-0.03586778772661346,0.04417992407014627,-0.12414103329292496
6927,-0.09993274023577622,-0.02584131503884317,-0.15459909169959757
6928,-0.10670872298856124,-0.025871124892585216,-0.17007247483253216
6929,-0.06474515389786861,-0.01983303826812844,-0.21473391410276907
6930,-0.026121403806266305,0.007984516400478084,-0.18711130096509002
6931,-0.06799549189556249,0.03854075764605287,-0.2001066535580837
6932,-0.11013380597030037,0.04848346719790898,-0.21606844981217088
6933,-0.08779971506852867,0.07911864605840298,-0.20184077853305973
6934,-0.04664830853265897,0.051002035796486316,-0.1184144512210424
6935,-0.006165389308774132,0.035329198173551624,-0.06730510938881756
6936,-0.0168920296503001,0.04059768228883716,-0.07605909579177318
6937,-0.016580343302354257,0.06495164957967782,-0.10908510892167507
6938,-0.017253737284878928,0.07404257956053394,-0.11084341897641609
6939,0.0028575286558233143,0.04448447607682996,-0.08937019874991323
6940,-0.01207995092348656,-0.0032879317465253736,-0.04114437622223284
6941,-0.044375011745501354,-0.04033381457943768,-0.04251072592611047
6942,-0.06936692914313924,-0.07030803289313901,-0.040714342399035944
6943,-0.09486606922412245,-0.09657905285135172,-0.0455404165151929
6944,-0.09202388689969121,-0.09254043140592044,-0.050126021850240884
6945,-0.08655584069902561,-0.09057537797114566,-0.03183789705733092
6946,-0.054864290025370785,-0.05143406885689248,-0.032060856252291575
6947,-0.022653694485443326,-0.019243457867559058,-0.019603015640528076
6948,-0.004172507226868016,0.004113881075400336,-0.041580417984945064
6949,-0.0037845615739940702,0.013003169434672163,-0.0682627613912015
6950,0.0014953941013135525,0.02052859669612272,-0.0990700453427078
6951,-0.014676095759346032,0.01826466788885605,-0.09946396651625145
6952,0.0246608769236746,0.041842786162822006,-0.10834256128199501
6953,0.04607282349714197,0.05968463011548318,-0.1397528422567727
6954,0.0656506905163733,0.07322263986365912,-0.15036740591242373
6955,0.046717807152080244,0.0640482592829567,-0.15132570581578725
6956,0.027836694250674747,0.06063093262791026,-0.13680281884085874
6957,0.013923250731154453,0.08463067462180761,-0.1562362887449737
6958,0.03845132596089208,0.09801507865505667,-0.16888825627925522
6959,0.03952761378371119,0.07887456985355222,-0.13827174723837718
6960,0.0301478458617323,0.05173089561197331,-0.12225134070776882
6961,-0.04501668548294234,0.013438971054710052,-0.11610409222876326
6962,-0.09563213411598427,-0.001572303750985457,-0.15551006763091335
6963,-0.12292116874623994,-0.02569880953657522,-0.16934268140466469
6964,-0.10409034659338065,-0.019108655291277053,-0.1593512828102275
6965,-0.09366227437906913,-0.02132158503924394,-0.13088389700065414
6966,-0.07981289517142935,-0.01132450577282626,-0.11743244897429238
6967,-0.10914643919348876,-0.010173205593139984,-0.12102373828415847
6968,-0.08603225432448892,-0.005354861548303902,-0.15747070041593073
6969,-0.07549169757037265,-0.01862238269254562,-0.14796059251351662
6970,-0.03803910510425152,-0.0017838572458031895,-0.16427744381658868
6971,-0.043575742400784906,-0.020302931051814414,-0.1123002071353461
6972,-0.017660154673128193,0.003785087005682698,-0.10032122219105503
6973,-0.005098008277385674,0.0044863854525151806,-0.07299417019842161
6974,0.007664399094468319,0.024659569859236532,-0.0668820499691345
6975,0.007067585202216389,0.021709979030107233,-0.06032117757991189
6976,0.02273831252946829,0.023581600008141745,-0.055356898823029126
6977,0.012223990046518302,0.012074026227904934,-0.06053675220637697
6978,-0.018749285129215157,-0.015542582492478006,-0.0581194125285526
6979,-0.06962879201375372,-0.04456669709977339,-0.06843787594120043
6980,-0.07181909326567071,-0.04255822130809164,-0.0615950740207795
6981,-0.028630760005608637,-0.013882014380774122,-0.06132005589900855
6982,-0.019287130219834445,-0.018122328364355202,-0.0548076050473141
6983,-0.04305475782649382,-0.04731823629579564,-0.06529021718565005
6984,-0.06398011717300776,-0.04432823472750625,-0.10648829237386703
6985,-0.06953123469260446,-0.06039652250114501,-0.13959993688716285
6986,-0.035582440081423514,-0.0248557344537831,-0.1691641973940444
6987,-0.050466180287445525,-0.05570161256772044,-0.14370350431091647
6988,-0.016546144531575286,-0.020265567476859116,-0.14584829626536452
6989,-0.014127755673892248,-0.029005546091384678,-0.13243578662233396
6990,0.012186395089336697,-0.010369611144445045,-0.13243642737427913
6991,0.014508878558241501,-0.006749837964236086,-0.10572998231638939
6992,0.018985397479180165,0.00038450694491030035,-0.08811045091990735
6993,0.029863296415791017,0.02767494301534147,-0.11751920767098253
6994,0.03738756535612854,0.014670946537277779,-0.17911312049056738
6995,0.05481529246594335,0.018684731605202336,-0.20739443637950522
6996,0.0024388413904132974,-0.04108297112293466,-0.15877264314788458
6997,-0.034560881336800846,-0.03957081225284233,-0.0734895033021586
6998,-0.0718211207304919,-0.08386271265099686,-0.04594920929651466
6999,-0.059522298052388845,-0.08917174960635665,-0.07019614237512196
7000,-0.039834998546422896,-0.09956011401640998,-0.09541451506879566
7001,-0.05006844230344802,-0.07692609376027533,-0.08609939605574649
7002,-0.049757397688937714,-0.07894760025925053,-0.08708015129635971
7003,-0.07343416755130554,-0.07221490224401397,-0.1091001516787717
7004,-0.068904286369228,-0.07770299628459115,-0.1073984352022332
7005,-0.08663240314620375,-0.08661886754205139,-0.1061755378724835
7006,-0.07782352780399869,-0.08542640877907026,-0.11564267512560357
7007,-0.09048965736320447,-0.0997723676515982,-0.13938876329390956
7008,-0.050037156812574535,-0.05904427374346532,-0.14009251117871657
7009,-0.02461174846941032,-0.06494670850758237,-0.17085485975195464
7010,0.002501049597556916,-0.054733016164219404,-0.18397305350638213
7011,-0.012191475996303824,-0.07107117769108555,-0.16825873833318883
7012,-0.02318562136120266,-0.0591347310638927,-0.0968446814954095
7013,-0.016089869867575355,-0.044421418996994894,-0.0558378978599334
7014,-0.011438717668482652,-0.02344223923073613,-0.06417989037956273
7015,-0.020611464961912906,0.00810533316139804,-0.09307852652075765
7016,0.015428713845200314,0.0388826632760407,-0.11319716074040531
7017,0.02159370623400555,0.02239285616463807,-0.11959261835954685
7018,0.03745182279542343,-0.024347766342031365,-0.11989187352375509
7019,0.019064728737084792,-0.03689727863151174,-0.12149037403848319
7020,0.013425029379235159,-0.06385518660590454,-0.11028184848570258
7021,0.014703785641272131,-0.053541204947339535,-0.07011214791807131
7022,0.024729709958098273,-0.04301674081976573,-0.10135438666171975
7023,0.014895681023391161,-0.03489021167264171,-0.10807399522374776
7024,0.005205073157651389,-0.03764865625012249,-0.12410202546439322
7025,-0.0035079449465115205,-0.05951719893640139,-0.08420480167234058
7026,0.007766158125623347,-0.05626643821475712,-0.09746989243496543
7027,0.013876403674112006,-0.07196869070781961,-0.11168438396138478
7028,0.013923502976765725,-0.08916381313977399,-0.11086273911689853
7029,0.024349402232053098,-0.07865414291795123,-0.08813713994760035
7030,0.021059137181999893,-0.06881906650644332,-0.07285697959058203
7031,0.017120746293254035,-0.051684865428482614,-0.07552089264150635
7032,0.045946676427023055,-0.005801012375625517,-0.10335194055496094
7033,0.08866606214024818,0.04827666653050223,-0.12603897459951102
7034,0.12368458797856405,0.10092464928142852,-0.15608518320796516
7035,0.12278980831827706,0.10740812235717535,-0.1657567421834203
7036,0.09453348325274884,0.09074298617385257,-0.15078225480708357
7037,0.08441863924161001,0.08418066108208366,-0.09703658992009721
7038,0.07257328805277503,0.07737539621448725,-0.06665652921516144
7039,0.08761845842236238,0.09256745227634057,-0.06338385851036456
7040,0.0904323080747878,0.09756645502786464,-0.07153640440948701
7041,0.07582957814777565,0.08425665401286286,-0.06540992182978793
7042,0.05034840830354737,0.04208770254732536,-0.05487274195727682
7043,0.021758906701550243,-0.01821619733147866,-0.05033018002865892
7044,0.04066782636193413,-0.012260428795639579,-0.08141374073124273
7045,0.04950845841930604,-0.01327496732853728,-0.10223988659916106
7046,0.060155464673657594,0.02273598136840818,-0.1339375020772722
7047,0.05450152244864131,0.004282217474134112,-0.14544473745394032
7048,0.04905307289744438,0.023049335749269064,-0.13101733962936427
7049,0.048821627959452274,0.028852413400036026,-0.10597421232900096
7050,0.04375390156740691,0.04491768937713052,-0.0746217379444582
7051,0.05142764417790128,0.042010241532424386,-0.0850138124018339
7052,0.06106488771527311,0.05008306316879344,-0.0980684395289638
7053,0.04818803131724218,0.04870332809231495,-0.09539245789084393
7054,0.03159127587257921,0.044699679711187504,-0.08988737650936421
7055,0.01804511277789166,0.02555822161892435,-0.08241639669548562
7056,0.04743230644651066,0.04155531130956752,-0.08521576517916377
7057,0.07962293183352938,0.056441116033171694,-0.07967221345177244
7058,0.10466318774639924,0.08334593510670635,-0.08291840985373415
7059,0.10588792387528781,0.08612674664636803,-0.09443793748564715
7060,0.09848231115741535,0.08314546399559819,-0.12335271412358106
7061,0.08282395501395548,0.0787388582801637,-0.15906094853244473
7062,0.06425242371459919,0.050070735310335825,-0.1390284041690738
7063,0.060410075294008644,0.0321939420377061,-0.1089390016805283
7064,0.04371559904089887,0.01350669616584111,-0.07222626359323889
7065,0.03424200725162864,0.010309672543328008,-0.08994459756489578
7066,0.02057991819921924,0.009314565351420114,-0.1116154526961327
7067,0.01826541563396204,-0.0024393868376411778,-0.11956576219182573
7068,-0.03697012927502233,0.012162859299595166,-0.06097682683686775
7069,-0.11418979125198346,0.014054977794508072,0.033618401306928954
7070,-0.1747403486959413,0.013464813825687372,0.09404553326872642
7071,-0.18610575113962055,0.006191635469658313,0.08840793184033129
7072,-0.13039609297266494,0.024085498718644273,0.06265081043568804
7073,-0.08213998368996268,0.022242264933376554,0.04010406854790738
7074,-0.042281473627034105,0.031219134762100732,0.05076286449310075
7075,-0.04655622617120151,0.027269257921513287,0.05712579089966312
7076,-0.0661336659321776,0.036949014916481365,0.08906217523422823
7077,-0.026072629150042912,0.04176638909183186,0.040040053048796584
7078,-0.003419291701998696,0.03549512501014225,0.012177127197665139
7079,0.05572581162493767,0.06013214143965319,-0.05527839751764515
7080,0.08497322534712262,0.09063901106409411,-0.0791233171672339
7081,0.11173606901610489,0.11454601679731594,-0.12528267614632813
7082,0.12128134297005541,0.12220734911644222,-0.14614098786325191
7083,0.11082147711758925,0.11181091010333048,-0.13916473294095752
7084,0.1441747226142658,0.14321472586620038,-0.17093835218565684
7085,0.17683845424800346,0.18371034086265195,-0.17782108966548207
7086,0.20025991196597284,0.21175685756690057,-0.18869347413493656
7087,0.18924600983119244,0.20288824643424305,-0.17412783298401335
7088,0.16002601041842077,0.17962416825716213,-0.1346164439251399
7089,0.14907392969741956,0.17217876331761267,-0.11018241787265659
7090,0.13399086884033173,0.1633053126219908,-0.07747533781121385
7091,0.1322216640876482,0.1617835195571896,-0.07461721968807208
7092,0.1404067327112736,0.1621742821485797,-0.09060907492924627
7093,0.14497574512195685,0.16347600209874616,-0.09528362689195315
7094,0.1519599923447391,0.1570169441466302,-0.09467567809365822
7095,0.1581840078149054,0.16072927001954293,-0.0910998941843974
7096,0.14322410284377424,0.16070893998071897,-0.09747324764135193
7097,0.11096924264076763,0.15576120433915056,-0.13117135772993493
7098,0.0676742942773129,0.1376803400059241,-0.1421490087116133
7099,0.05191189238752856,0.12400616000476594,-0.145864918653642
7100,0.03751800776064351,0.11848325864233138,-0.12822262139928658
7101,0.0193389554583421,0.10813310170372548,-0.12276708259351624
7102,0.008547315621708337,0.10070965434622886,-0.1277720295913377
7103,0.010865445448813987,0.0993311019022413,-0.12434624714003638
7104,0.06264588078028521,0.1416342383811233,-0.1111448882135665
7105,0.10737313269253423,0.1593094456899173,-0.11735575170316594
7106,0.16030957638398213,0.18439446792838304,-0.1425296091442362
7107,0.13720731410726164,0.1629571437676319,-0.1471609612976735
7108,0.09602360201531515,0.11698486924176164,-0.12237545121255322
7109,0.041882147316482175,0.06341433554508423,-0.07108353686525785
7110,0.027309194129390788,0.026320001333926063,-0.06437569535275754
7111,0.025662689547588654,0.030153356355000334,-0.04994411047866355
7112,0.006206467959000045,0.020146192783112478,-0.03743097280538579
7113,-0.013969592272596578,0.018628000469685446,-0.06278911555889219
7114,-0.02420176641726902,-0.004690690258503012,-0.08663739778005423
7115,-0.01620090410671261,-0.0181654065983269,-0.12104567052527987
7116,0.00020717575703522602,-0.03691385848314265,-0.10375828398224482
7117,0.0026549178519928614,-0.023961022802950854,-0.07816128141923308
7118,0.007169570689902669,-0.018512438797356305,-0.06254317481326938
7119,-0.006581833723473694,-0.028229416363645378,-0.050282830540993355
7120,0.014351635648504323,0.0013677145622509857,-0.04669378386659768
7121,0.03628277420477041,0.04133354769870486,-0.024428680403405238
7122,0.07273349286694625,0.09032883700372313,-0.03578730345357371
7123,0.06945177920943868,0.10134576638438698,-0.02650440255135798
7124,0.0634535172867378,0.09302270275251114,-0.033974399941499124
7125,0.040892037043890314,0.07325268087020492,-0.015091796811155056
7126,0.03947936643683538,0.055701230918014884,-0.022461862929639632
7127,0.00894343444898013,0.06654173734725732,0.006274453500919312
7128,0.04275495001507022,0.10169142545808084,-0.013923168795260597
7129,0.03776188286273653,0.08976913011282944,-0.0322786557175027
7130,0.06339069104440904,0.06140763453221871,-0.09448917383016116
7131,0.02318657784962834,0.019658162159985632,-0.09399470313523542
7132,-0.0038978809999431433,0.03061673580046621,-0.10755461831377804
7133,-0.014894843251748393,0.024828973059701876,-0.07657314219315989
7134,-0.02305845150425282,0.015540355425197513,-0.08213313705968102
7135,-0.011498182951327216,0.00652827888372304,-0.08250762468618203
7136,-0.015636011556295196,0.01921165768075717,-0.08826779994136336
7137,-0.025079998595228248,0.012760583301483714,-0.09684165752338196
7138,-0.019323012238963662,-0.001123321906835043,-0.0658670825412737
7139,-0.020096678056809446,-0.008726035236062787,-0.08153201864272645
7140,-0.009873233392419663,-0.02369870668548315,-0.08343095473355051
7141,-0.01274585626474706,-0.038337902162292915,-0.1054359803410885
7142,-0.01647455820009291,-0.04064558458218947,-0.08468956024345552
7143,-0.02709808170755608,-0.03185858231417029,-0.08856849574623935
7144,-0.010038990687504558,-0.021117170308489926,-0.071110631663736
7145,-0.0036840906543718697,-0.03385650503854902,-0.056134448501162545
7146,0.014552207369258467,-0.03850465924208955,-0.008150620190294501
7147,-0.00046769831038533967,-0.07000044637240767,0.00452254111877832
7148,0.003806161062009977,-0.05146998236763203,-0.016692319249247464
7149,0.002354236170620345,-0.06460728208105618,-0.01609561982976798
7150,0.015225817279006243,-0.023331532448540908,-0.009833747305411561
7151,0.009336060564844942,-0.03745184991398533,0.006326697816931695
7152,0.01733852784712124,-0.018020667893279853,-0.017671365832231826
7153,0.016856083905241213,-0.04344512212715816,-0.06382472929062834
7154,0.02430137585855905,-0.02798659823533425,-0.07278748615539529
7155,0.037863310147408714,-0.010670936320273744,-0.07471166680326988
7156,0.04081362238901877,0.01770337378700639,-0.059705755167923334
7157,0.031034660190972535,0.010107001454853687,-0.038959285895496326
7158,0.006767254811755334,0.0061940630682867075,-0.009108378521453043
7159,-0.01356722984163812,-0.011964249943667373,0.02169280350196144
7160,-0.010955187709066826,-0.007046821634238256,0.012238678015541996
7161,-0.013865958858734468,-0.004748986917438698,0.012991254430022001
7162,-0.007424924574560388,0.0013191085692631575,0.01909791646605232
7163,-0.034899649758747785,-0.03239857905370444,0.020264755491115328
7164,-0.024420905298894457,-0.031722154995103544,0.006490500568963132
7165,-0.020213727665721836,-0.03217557824878819,-0.01869349046793764
7166,0.01842649095078008,-0.02055165533502349,-0.041063489807973516
7167,0.02128443771691086,-0.018084794262868777,-0.052143767454081884
7168,0.052174475048229925,-0.019754501140349073,-0.06060015859099801
7169,0.08214557040583308,-0.0042394312862020144,-0.07151476244378792
7170,0.08169126236965796,-0.06254213341981224,-0.06573637425867222
7171,0.05288371810867763,-0.1138885001645881,-0.046383968718752173
7172,0.02321775127831938,-0.1482858154361859,-0.028176707648417683
7173,0.03479472830120274,-0.12538898055870668,-0.025816377430840125
7174,0.022286502868269848,-0.11459029304048109,-0.01456343254095067
7175,0.020470249753872575,-0.12190860772478247,-0.035181125276447324
7176,0.027913800573851837,-0.07184636549563403,-0.03836293304069374
7177,0.0352172919337726,-0.047083837041579,-0.09068583358797823
7178,0.05289230252049278,0.016343904590459937,-0.08484383447924282
7179,0.051839822888050065,-9.816878481932357e-05,-0.08786546381580114
7180,0.06316696081984487,0.0012185217880315382,-0.026851683939257905
7181,0.06826752592387678,-0.0230613115679837,0.003573936529092685
7182,0.06557131986639965,-0.042038341214910964,0.019346803861422714
7183,0.06687066311711534,-0.0466824274702037,0.0023120139524795908
7184,0.06628273143270651,-0.043467343585986785,-0.010375034694008606
7185,0.06414001362093176,-0.05786982931131913,-0.011548460321955332
7186,0.06387692886283224,-0.07872183538743541,-0.013336417956269955
7187,0.04610373005711431,-0.12230691302580554,-0.007457636380451892
7188,0.046680677249259665,-0.0797636397399443,-0.0036270715097856438
7189,0.03228061640360836,-0.04872332797230514,0.03800119810653668
7190,0.03728224014182641,0.022173120118103223,0.07120090611801101
7191,0.022429627826718333,0.020097392087920458,0.10020745120898533
7192,0.022008146013013822,0.03924028333497546,0.07744532873038516
7193,0.007623221221634552,0.024216621526234876,0.051306556618006524
7194,-0.007441018546781487,0.018995309668936932,0.0022169305703310443
7195,-0.0155447679333014,0.0024253190132951896,-0.03198991970829674
7196,-0.0060230949674367285,0.01337291961171516,-0.03900984844523219
7197,-0.0007192591680519691,0.012878831390746224,-0.012745077863009486
7198,-0.010695915417860751,0.013322563359768195,0.00812857868799433
7199,-0.01573816645046732,-0.0034684943567629433,0.007542150552525039
7200,-0.02374089161794005,-0.008184299789329396,-0.001953421988749516
7201,-0.0002981346529969195,0.005391381251040561,-0.01558257377441919
7202,0.005517717802091597,0.004541081374757909,-0.024509651862214297
7203,0.02737245059843783,0.0024990073342618505,-0.0276671980882255
7204,0.040590868345639644,0.001046356124344543,-0.04495391787116399
7205,0.06503433025553582,0.01863641913232795,-0.05319068313476638
7206,0.08406206618012026,0.033059187617842635,-0.07187449136883399
7207,0.08097599204683986,0.038153774035891125,-0.07180412879814668
7208,0.06583789159483824,0.059075031816337956,-0.07130709462351208
7209,0.062414477884721015,0.05131049483980494,-0.05549631275105384
7210,0.04583570017182945,0.024104070513449736,-0.03381026822988866
7211,0.06802159546792712,-0.016281532385060422,-0.05327304772545406
7212,0.10781074148020003,0.005024448524209975,-0.09405016829770185
7213,0.15462191931674305,0.03715016135812298,-0.11574729002494506
7214,0.16252092345459898,0.04969725190924111,-0.10818876269644705
7215,0.13700803896819025,0.0212162149329777,-0.07525915669670401
7216,0.12091317540652904,0.01625366596064102,-0.10934930857705308
7217,0.10420007058037618,0.02551167350978545,-0.13551079752578163
7218,0.09749031802428298,0.04573518536524346,-0.16527092659251488
7219,0.08949109866094264,0.03458650304440129,-0.15368366995852903
7220,0.08700056038977207,0.0035141443760709884,-0.15521804471993475
7221,0.10544598872883883,0.004648031905617716,-0.186609491932713
7222,0.11519645877921773,-0.011385985321277046,-0.19833239071971762
7223,0.12499602400268366,0.013001419833842683,-0.20741844225341904
7224,0.12347000394694536,0.03514552680492447,-0.2368136870591065
7225,0.1397161779871423,0.0719774609917217,-0.27776818658141855
7226,0.15346384396592905,0.09973955003006428,-0.32165794491780975
7227,0.1574509081888675,0.10805489357142932,-0.29772309114242856
7228,0.08858054982292207,0.03933127570071133,-0.214695790436031
7229,0.04480815698007812,-0.040070591666560185,-0.13345134405951908
7230,0.002291472400965427,-0.11780874012776016,-0.07262451696923933
7231,0.019189261345312965,-0.10863492168920863,-0.08599719750424223
7232,0.02518212130305415,-0.06943092832523895,-0.11306977114204271
7233,0.04086046823295521,-0.04960702281808155,-0.11762459607321561
7234,0.060520644951395836,-0.03263356774075277,-0.10692716808659118
7235,0.06093927852395994,-0.06132951188336537,-0.07045614088000667
7236,0.058876658680442125,-0.04200033139919814,-0.10675208740489389
7237,0.03729828110235451,-0.022688735367068426,-0.1398511743691764
7238,0.03224572550384021,0.011906944125765451,-0.16370587284136165
7239,0.03266698686857492,0.02450817588043513,-0.15279335317875345
7240,0.045279898339158485,0.030839939675523162,-0.1236151872605214
7241,0.06572989611504178,0.058927135187123905,-0.1070800193510063
7242,0.06762777508546416,0.07451193341757699,-0.10498500944704785
7243,0.053759605419531786,0.08842146427867191,-0.10750801285657124
7244,0.04640594811742912,0.08858244385316902,-0.11264968544187702
7245,0.050191377490529474,0.10499498462241247,-0.08325366607797018
7246,0.056160579375030266,0.1111579243206828,-0.05495951986095634
7247,0.047283793705300996,0.09246434265004166,-0.0513453707505314
7248,0.03617629459544259,0.022403815342152134,-0.06613279056206899
7249,0.045295772958497585,-0.02087585175615569,-0.0999918879457547
7250,0.04266320960829321,-0.05982068376742244,-0.08596787692744551
7251,0.042034135766158734,-0.04969082435096075,-0.07083955171353615
7252,0.05401076130790451,-0.06475442728240391,-0.0859466339653758
7253,0.06656291636087955,-0.06881272413225455,-0.12239961724999411
7254,0.10682812134088336,-0.0715073213447095,-0.1512556019502405
7255,0.12172203335279373,-0.056976851888679986,-0.14964597834530838
7256,0.13720438044532166,-0.034299639740368,-0.14716272115321577
7257,0.1396954561631832,-0.012182807522840134,-0.1367951611622838
7258,0.12549548030475274,-0.04506931907241482,-0.1188737921890568
7259,0.116737406420523,-0.06709804649585593,-0.10079155684666848
7260,0.1066985354753408,-0.07409117540062789,-0.1314550066130926
7261,0.12933908856642193,-0.02188731722749634,-0.19205619421506379
7262,0.1449778723314565,-0.001487028669688248,-0.24017450769016593
7263,0.1470921551672598,-0.0318731662742338,-0.24478382550527947
7264,0.1024789402231014,-0.06183358036835181,-0.18385097042585882
7265,0.06262500550568233,-0.08008997043149091,-0.14123020966297886
7266,0.033717768539841014,-0.055375865484537455,-0.09394794053766799
7267,0.02384809379562551,-0.04431059312159636,-0.0940068387065966
7268,0.03204825560223226,-0.034026054413493274,-0.09054242327381114
7269,0.025765463676431042,-0.020698056854280698,-0.0837205580524328
7270,0.03985972969841356,0.0004970291022697465,-0.08499653433653397
7271,0.046467223150441196,-0.011923814017470526,-0.07832429923653533
7272,0.056084823388808686,-0.009108000928986284,-0.067037064326728
7273,0.054768664357476474,-0.03519261186406455,-0.03650407675087536
7274,0.043797687954355805,-0.03081444002848643,-0.013051184281292292
7275,0.04048298982030539,-0.027014577239105594,-0.004073195086876398
7276,0.03301581709065622,-0.03712224734905726,-0.027609094054714078
7277,0.033604961648384946,-0.06472228281508831,-0.05561231875947253
7278,0.011592623014099232,-0.12037466081516882,-0.0685169671428043
7279,-0.00500269978035969,-0.13443579642624676,-0.05132584276275698
7280,-0.014969877219893882,-0.11930000931760795,-0.041390316450892736
7281,0.001360516765929065,-0.07469815335980187,-0.03777463774672123
7282,0.0260336459395241,-0.042648120339805,-0.05286706032847264
7283,0.04667067993491329,-0.022109994100781037,-0.05790799308124416
7284,0.05473762354873927,-0.011144011341915186,-0.06382273095783951
7285,0.051628673223750095,0.007041319185943747,-0.05117467808147899
7286,0.012460904709046525,0.008359620148629452,-0.05115823125374335
7287,0.0010266632007240018,-0.012234504335739284,-0.056024564556499803
7288,-0.028427492606167275,-0.04473676157552214,-0.09605039522362237
7289,-0.01009192454114232,-0.085542514476108,-0.09675945743563584
7290,-0.040484857158742685,-0.08615141230627506,-0.14399524294021374
7291,-0.05465708177659261,-0.06390539461998361,-0.16964606910793878
7292,-0.0896353718682407,-0.05718026609735624,-0.20725394810744077
7293,-0.09352105115019245,-0.07371054146997755,-0.21832273108757558
7294,-0.07723213663004269,-0.09929078129984788,-0.19541114102073456
7295,-0.020934087163184574,-0.11003087298972769,-0.18920374962783207
7296,0.02251096396684636,-0.11165048106465367,-0.1548992720724515
7297,0.05933014792286194,-0.14164084698444424,-0.14660646130752653
7298,0.03905380297540833,-0.1597572791927073,-0.11255463078039557
7299,0.019568458951276912,-0.1739412274337929,-0.11257917462086879
7300,0.004292581419394491,-0.1499880868639041,-0.06265823809395897
7301,-0.006618291578596995,-0.16308621248495694,-0.03217718798184368
7302,-0.01299491513553546,-0.18006537019800392,0.006149705095437966
7303,-0.0226211978644703,-0.2018600848356355,0.0038183932576423612
7304,-0.023414358824954008,-0.1827684857502805,-0.007639333735059132
7305,-0.03373308329460427,-0.1585041434186431,-0.01661060899710621
7306,-0.0466218802011149,-0.13125525883257663,-0.027311390573340467
7307,-0.04854752502849779,-0.11149515309943381,-0.046525154326515154
7308,-0.05275946863611301,-0.03806631081723019,-0.09378012495608834
7309,-0.06268975091670187,-0.004363647686586231,-0.1516679772642079
7310,-0.04513639154627203,0.024046065568954042,-0.17451638577651327
7311,-0.026699239160515687,0.006606723922122341,-0.15419838838200423
7312,0.008791600192009509,0.021499426993724702,-0.14636687883390362
7313,0.009846374421817874,0.016999063130152644,-0.1443011953012075
7314,0.0038045619798800123,0.02696216506688238,-0.15991758760142197
7315,-0.006300379520645524,0.03299472406363812,-0.15139822930389238
7316,1.6465059909208406e-06,0.06950222740714031,-0.15331577574869595
7317,-0.0376353818839874,0.06920747026751704,-0.12730458896616692
7318,-0.06264633315873443,0.10466910185485703,-0.12790488383620915
7319,-0.09692382712351114,0.1351464656235404,-0.16207628925663115
7320,-0.034357726336850324,0.09386977749203548,-0.17172687483822766
7321,-0.02709555088653511,0.0083282992063733,-0.14648358680280088
7322,0.02342609099852413,-0.07300591836304764,-0.0901138189175773
7323,0.0005859886257771176,-0.07623982739891137,-0.10919595089996408
7324,-0.004328726541044778,-0.06149509871201853,-0.13022680119323685
7325,-0.04943630317495011,-0.040724476023258814,-0.14510599977616856
7326,-0.05440819570280145,-0.01612827763271817,-0.1335762286657311
7327,-0.050465312947376106,-0.007937745780810761,-0.12575326441482146
7328,-0.03698098162256448,-0.013525124278185632,-0.14382321122419703
7329,-0.06965741079659017,0.008809685877502457,-0.176907937409939
7330,-0.06184865919555883,0.01640584304129731,-0.173442604030624
7331,-0.03968638772496805,0.003273882260625214,-0.13887096810122107
7332,0.022994965959131985,-0.0310545785931877,-0.12487578769204384
7333,0.03170238362709358,-0.03215106705153285,-0.1290722258781311
7334,0.04991158284868674,-0.025636670303407473,-0.1363752079250523
7335,0.055652752452568136,-0.009149689962516841,-0.10543863718918618
7336,0.05807116408843071,-0.04045885462644599,-0.11444141958210365
7337,0.023027083116787323,-0.09854221249868889,-0.09744249488691265
7338,-0.008031165606855673,-0.13989508640336273,-0.07963630054174058
7339,-0.02919749817410374,-0.14154148640920522,-0.049309578782539575
7340,-0.02345185694930178,-0.11895786656516316,-0.04315383995863501
7341,-0.018544519448871435,-0.13124424577961252,-0.04130283916422013
7342,-0.018674629123515432,-0.16165860874112925,-0.0315890138169139
7343,-0.019095652964899828,-0.1815035128360883,-0.025046122398746536
7344,-0.005428085329240236,-0.1701619532794794,-0.025021861053842288
7345,0.0054285064986833,-0.14984612096855843,-0.05231504767704026
7346,0.01102356203183173,-0.13248868937659677,-0.07711357088405009
7347,0.018725242336294745,-0.11748992614094263,-0.10851643410154474
7348,0.015863513452664704,-0.061092536676159,-0.12877553849826875
7349,0.0016762698212105791,-0.022384039519042203,-0.12275396522023796
7350,-0.04036539522633007,0.004859848403954827,-0.11794787569828596
7351,-0.06043136512444455,-0.009173103474817514,-0.10170160888545117
7352,-0.06885140350234652,-0.023329509547723525,-0.10569211994392168
7353,-0.08112079375154432,0.007783534637203081,-0.08661502212236745
7354,-0.08268534265613918,0.014618776635386972,-0.08229205849564318
7355,-0.08741768669678493,0.04952315875171807,-0.0965898203562217
7356,-0.03641509645476927,0.055665619871578816,-0.15130021598089322
7357,-0.009534173324175147,0.06639453762352604,-0.18987621784536107
7358,0.03261503334103157,0.07244231876012282,-0.2012842895375171
7359,0.023383137397967435,0.06539782845474043,-0.18475154006682726
7360,0.036103715649333595,0.058132303518544405,-0.15872029528864098
7361,0.03583675202287268,0.050614718750389656,-0.13836748541083635
7362,0.013230669150744837,0.02830791504799842,-0.13983891905345205
7363,-0.010021739931385495,-0.0010088528539853028,-0.1444645174019853
7364,-0.04159125352888072,-0.03806990194996226,-0.1471575059459844
7365,-0.06036359916567439,-0.051949573171533446,-0.1515852389610749
7366,-0.07181059225597597,-0.043485540239031506,-0.15603796229679148
7367,-0.06414222067102941,-0.004251243708558591,-0.15574025073967673
7368,-0.025750193673290612,-0.010659238194808032,-0.14421347298809273
7369,-0.016381627168065422,-0.031762593282576676,-0.1501557634487849
7370,-0.02024900205119126,-0.06630708919068842,-0.15919872404140573
7371,-0.04200148110175581,-0.07225786263030051,-0.15150211365689853
7372,-0.059290142251256304,-0.035070326708931905,-0.1524313017087014
7373,-0.08619605496980398,0.01689709385978158,-0.1814625085146724
7374,-0.07890823234451774,0.027502279179074083,-0.17281075631726417
7375,-0.08365803381480427,0.0025249186002922305,-0.14512151460459738
7376,-0.0339873508085389,-0.06787455847746801,-0.08964539276862898
7377,-0.030599274957306,-0.08624071763295331,-0.09016287782041013
7378,-0.0012558596629200795,-0.08318346945804156,-0.09551321344279713
7379,0.004105737386709989,-0.030356119336132942,-0.13586521854552322
7380,0.020903782443945407,0.021001513588212284,-0.14879417280393437
7381,-0.007515687541190499,0.06355740860403566,-0.16317657229436222
7382,-0.006423624483384135,0.058959078151295426,-0.15358471168364302
7383,-0.002225922077340735,0.048705768615879726,-0.13451653401523175
7384,0.004093588114644659,-0.03992171005243989,-0.11393923007975296
7385,-0.025988989037540954,-0.11871418817986963,-0.08711861882017817
7386,-0.05416660762479719,-0.18634630586982145,-0.08651136228249406
7387,-0.0546827981954093,-0.17322974573265637,-0.085764697491905
7388,-0.04366394826083945,-0.1527961500928298,-0.08575738194523595
7389,-0.04355082746596678,-0.15705312171241573,-0.0826836312877807
7390,-0.040446029677571715,-0.11317099316990417,-0.07317177200230536
7391,-0.03852898446235388,-0.08178467021718203,-0.07186104190739323
7392,-0.04280025486344175,-0.037201764805393674,-0.07617690492091503
7393,-0.04702851332240682,-0.04416303929399156,-0.09166879335516936
7394,-0.05494042981132607,-0.046738411842659276,-0.09479372731680129
7395,-0.0643950783965254,-0.07596710787934832,-0.08413586654431392
7396,-0.06113059444670085,-0.055240841635790836,-0.09044765425288029
7397,-0.07847635612999719,-0.006288538197787274,-0.12563774751261367
7398,-0.08562239483680475,0.04874019710110803,-0.1522507929366805
7399,-0.07470231681285684,0.04432297294105601,-0.14338093792793885
7400,-0.06289419204645466,0.058887972768149874,-0.15946023115243402
7401,-0.06498467670614652,0.07649811958150593,-0.19701501897953916
7402,-0.07630660008221929,0.07865564442565379,-0.24457050587140422
7403,-0.027898041942866474,0.04323502445192274,-0.21265051904231183
7404,0.010689466436403703,0.0010963681777275349,-0.22829758777832382
7405,0.03233649842303919,-0.0184591184406589,-0.21965220650733278
7406,0.01706258161510084,-0.017322370806147173,-0.23105271038744524
7407,0.023979992875939736,-0.014747638111667419,-0.18943989211219378
7408,-0.002316462174912289,-0.03284353438011576,-0.20109522127513507
7409,-0.03970420998669075,-0.0696639783939542,-0.1974452025244898
7410,-0.06748966403206245,-0.11137454559922,-0.19209833009505095
7411,-0.07158271312311001,-0.13363805871022288,-0.17523716858791297
7412,-0.07126916241067036,-0.13716686208541803,-0.16499075911098526
7413,-0.04825372139210283,-0.13135617348417125,-0.15281877483845965
7414,-0.019940459644283478,-0.13916629415803747,-0.1489305364234119
7415,0.037131005281386,-0.13855573595511742,-0.15378411326279465
7416,0.03572782237922637,-0.09748364944610743,-0.1717956833254054
7417,0.04065056975738308,-0.04190979376843465,-0.15800911447728644
7418,0.012559814963234307,-0.04788812384776405,-0.1432916212244705
7419,0.016817507470307982,-0.08602855865720187,-0.10471252752839955
7420,0.006867765536135362,-0.1326898271450861,-0.0714124417310011
7421,0.010876873725700618,-0.13445771412277824,-0.04629976899903388
7422,0.01182545936554261,-0.12171535723777206,-0.05567843322765481
7423,0.013638641112316047,-0.09201305009615472,-0.0858766465035918
7424,0.018757548979061876,-0.06848629594410849,-0.09934271927683978
7425,0.025394346624469634,-0.030562651222072655,-0.1265364845735978
7426,0.010964121452192624,0.007845687496781112,-0.16776053708514446
7427,-0.0141760793885619,0.0019203749227735564,-0.20858733341146937
7428,-0.005144736056435124,-0.0439826936144289,-0.159355663917656
7429,-0.011637686601187353,-0.1233334817812517,-0.06518561082916255
7430,-0.02154767637983808,-0.1103881019463603,0.023119194663512078
7431,-0.0028936020162630286,-0.07512056180214817,0.02970990045891205
7432,0.04592724782344397,0.0016160155098100862,-0.03748711533904494
7433,0.09791628045656604,-0.013658871235580683,-0.07038077605582325
7434,0.12292249329282333,-0.09544834069154282,-0.11480783099218521
7435,0.15711364988583987,-0.1948496647316084,-0.1444099350585572
7436,0.16255355516345593,-0.39027896789103234,-0.2570025937867056
7437,0.11105335932412208,-0.7471254404573416,-0.4103989964340581
7438,0.03635444325718579,-1.0397007144946644,-0.5236313929499541
7439,0.004621522781863949,-1.1220639522914155,-0.5684490412934496
7440,0.03005940117510759,-0.9227762674972945,-0.5272045098224489
7441,0.01957469726323816,-0.8487739883253125,-0.5314569836682168
7442,0.025576812613971975,-0.8086015959329904,-0.5089497235982572
7443,0.012831887786387632,-0.7914040959220102,-0.47449234761057163
7444,0.009331988625447716,-0.7048076700371789,-0.47823498598126135
7445,-0.04026602845082425,-0.6970053527794859,-0.46273249250421616
7446,-0.09467236314211515,-0.7590657290988425,-0.4957042278423494
7447,-0.10711258088255683,-0.839683211193907,-0.4846462847838627
7448,-0.06908901894819242,-0.8686757007595185,-0.5034634360365006
7449,-0.05341352617433511,-0.8973675340612005,-0.45173064431866794
7450,-0.03193844275838413,-0.8366010669836068,-0.4018150838688688
7451,-0.006349370317541873,-0.7232636544821912,-0.415445285608965
7452,0.02382365600911108,-0.6860397977899027,-0.5126180349794001
7453,0.06692087274733591,-0.6633776771138854,-0.5494670819410401
7454,0.04152079751136499,-0.7190272514881801,-0.5474333809937938
7455,0.08513838334967246,-0.6594203552596661,-0.4853796539608462
7456,0.15124227732769183,-0.6084339349081234,-0.5071463127198693
7457,0.2510393670447506,-0.5019590710410538,-0.4856827279705511
7458,0.2653556453494061,-0.41960473389788333,-0.46753801274482976
7459,0.2574466887163848,-0.3703913532766294,-0.43472960668947924
7460,0.23162626796870717,-0.33921614288478574,-0.38925534408738943
7461,0.200960281274167,-0.3371895597925017,-0.4096683244979241
7462,0.1781914083270594,-0.3122557899003108,-0.40747787669977803
7463,0.16639606190239578,-0.3055998525541623,-0.4818288747030145
7464,0.16828687119202515,-0.2661039818214097,-0.47274235761573274
7465,0.13493215972483183,-0.28101360815294646,-0.49732841844580017
7466,0.15439327165142494,-0.25974767104770524,-0.47166520524902966
7467,0.15851836199859368,-0.28884740608906273,-0.446593199113381
7468,0.1678380883350326,-0.28647685702802533,-0.3998826453444801
7469,0.11425591038453776,-0.30602914421141497,-0.3517856488706483
7470,0.08406280418205817,-0.28934818968454656,-0.3683303834232909
7471,0.05974036922423897,-0.28437766427709105,-0.3875495878511147
7472,0.04949899928028844,-0.3112701965493977,-0.4117214217068616
7473,0.06408558341611949,-0.30228267832685934,-0.37608685389356483
7474,0.07335289719178685,-0.2636696718372848,-0.3445273874408013
7475,0.09370962316229618,-0.21060092684043355,-0.30806355160585597
7476,0.10917133896289564,-0.19201795468937585,-0.29382058474589945
7477,0.13141183850682284,-0.18936170433290966,-0.2507070668441817
7478,0.13071861840575982,-0.20477260389478733,-0.2490865138709219
7479,0.12956706265699033,-0.23338526645475235,-0.31217348624572916
7480,0.11824698280560161,-0.2693777223177538,-0.3486539270210799
7481,0.12684787103390424,-0.2903980662623783,-0.3550158266836365
7482,0.13458688716404799,-0.24159842142271645,-0.23212488533919018
7483,0.15133475669052956,-0.200992237143414,-0.17945138640500322
7484,0.15619379035306794,-0.2281945243511623,-0.15203294529870645
7485,0.1427021644111761,-0.34463403555023914,-0.2095655970577837
7486,0.0829488708823494,-0.46147272264313216,-0.19849486108499342
7487,0.04270523408604293,-0.47467639368488906,-0.11552935125650775
7488,-0.009034457661186266,-0.45273582011238567,0.005531321917589932
7489,-0.019982944683648158,-0.4132718650481156,0.03207202733563536
7490,-0.017893821063850464,-0.3769021821592788,-0.018417971997300695
7491,0.015811701721635048,-0.33982813374865206,-0.11167120016235492
7492,0.05765718810863313,-0.24920254329577365,-0.16576449373921476
7493,0.05518396545183001,-0.18261251199132178,-0.1957761033571175
7494,0.029855792725524986,-0.10817280132047945,-0.1927907634933107
7495,0.011782382168585234,-0.08279175547692785,-0.18099635929111804
7496,0.022386773187494068,-0.047166712732667274,-0.1564663284137378
7497,0.055586041953866294,-0.015196404103699488,-0.1738387787262157
7498,0.10477498335637711,0.019523965666225197,-0.19329742557685653
7499,0.12210128362081961,0.01478272314539114,-0.25074719591666506
7500,0.09993801904069921,0.009252365861836058,-0.22699070709152416
7501,0.06799648303924156,-0.01544242671253064,-0.20759719247754038
7502,0.04586348161889538,-0.033215968304440215,-0.19336265525262378
7503,0.03746111962362922,-0.06201725872842409,-0.19910984968156814
7504,0.011380037388936143,-0.08995823081185486,-0.27163392542134585
7505,0.004340031816906283,-0.09910316536631546,-0.297445179767842
7506,0.019366378660988108,-0.06059754721381007,-0.3644488626532755
7507,0.03890697563461299,-0.024384226730970154,-0.3474020909610295
7508,0.073519333189899,-0.018140561784471584,-0.33445320029239267
7509,0.07374268994918072,-0.10159384099263578,-0.30698024984304795
7510,0.08495752906796378,-0.18939677631919857,-0.263426665150007
7511,0.06902987150391864,-0.2410123232832623,-0.2521731281168998
7512,0.08581328546430277,-0.2140644708798206,-0.22458957714822553
7513,0.07763750621575236,-0.20695290928495189,-0.25858767665061655
7514,0.07471331251962046,-0.22816202165177962,-0.30714697702020977
7515,0.079558910073469,-0.2371002321991369,-0.3500603622149528
7516,0.06828027048253422,-0.21851969516683517,-0.29815318835643334
7517,0.01557498804653361,-0.18526668366996513,-0.27648146049170175
7518,-0.024785418630218388,-0.1652261404687013,-0.20805741053629997
7519,-0.05581690182885749,-0.17364180770226445,-0.22295838222054976
7520,-0.0565408531353,-0.11495518585802561,-0.18897983410861896
7521,-0.06490752425809142,-0.13433616169381324,-0.19016626515145063
7522,-0.04432306458473918,-0.13993787698858126,-0.1869766221094254
7523,0.013539720990522124,-0.1790428589680477,-0.18758014515075078
7524,0.09868461375389097,-0.13488309911639193,-0.2446162555155152
7525,0.1479891958334153,-0.08098856256082529,-0.25381764714283994
7526,0.1401018208441284,-0.02387152495101172,-0.2533584490140774
7527,0.1480068115210639,0.027165289845297307,-0.27531085922465304
7528,0.12424009885873456,0.05341751814723244,-0.29580213577109604
7529,0.12980220146102245,-0.057134372358576595,-0.3289808934636937
7530,0.037794350417849204,-0.1755709414156734,-0.3351526114362101
7531,0.006298743651834118,-0.2576114204148044,-0.3692768077320522
7532,0.024540017771152278,-0.20856152673497494,-0.3272417884532049
7533,0.05256968218697359,-0.16358905121400574,-0.2774716448519754
7534,0.08071574877493479,-0.18807827213987338,-0.2253992701756586
7535,0.09617825471298697,-0.24280384660603366,-0.22236652441902352
7536,0.12231851652140376,-0.2586534872676319,-0.2143023581813278
7537,0.09292076519313401,-0.26614183012725406,-0.211796015292257
7538,0.0816185952188306,-0.22832292178158653,-0.21922699201003104
7539,0.06498570652377142,-0.2103760236863353,-0.1970438005683103
7540,0.05981159344862342,-0.1470467747039465,-0.2374758021261477
7541,0.006602871386878103,-0.10048902171831393,-0.2288628476251703
7542,-0.027286110708253427,-0.1684356814434883,-0.27160069849140595
7543,-0.022703548050253083,-0.20909291839418878,-0.2576454756185753
7544,0.012287611250760194,-0.2412556399164539,-0.3209606019812439
7545,-0.0038061816556580557,-0.17422240807494674,-0.36418775384189284
7546,-0.01743880033496455,-0.1087506415760385,-0.4276264508781837
7547,-0.0060102991595323,-0.09677938024875629,-0.4780048704157037
7548,0.0644896273721981,-0.17190858581931162,-0.5560930100334321
7549,0.10644937886541464,-0.27134712507846304,-0.6128517796453395
7550,0.1302842408527695,-0.35006273311964137,-0.6185231456442627
7551,0.137378269768518,-0.3547534282525935,-0.590624753743475
7552,0.1322719452960757,-0.2620804815559713,-0.5147845968792837
7553,0.15275583822534475,-0.12203386056570667,-0.4679490484605224
7554,0.08980935199456085,-0.03631989972477433,-0.5011114134004496
7555,0.058252901469148154,-0.04007024833832141,-0.5695050210335143
7556,-0.01133734494084714,-0.1657152112780606,-0.6383557361077437
7557,-0.004748578897824786,-0.17565806975666595,-0.5217358594686017
7558,0.016062196925730517,-0.1662351215884348,-0.41860421437311207
7559,0.04153233613103995,-0.08434442254884235,-0.3258871099353755
7560,0.08439023524000609,-0.05821307209218792,-0.33730551113817797
7561,0.10147489841227697,-0.08580218771760639,-0.3684934121262897
7562,0.10622618344451987,-0.11091467807954401,-0.4134524354456027
7563,0.08606575608307859,-0.14593915646135197,-0.4691790225973881
7564,0.07142573532672725,-0.07705122105534143,-0.5122963375789873
7565,0.044723747065778335,-0.029218863478662295,-0.5263114654835386
7566,0.04192126614454854,0.004234290159350037,-0.5448620292694915
7567,0.018481314552892616,0.005483861651493148,-0.48753123245511226
7568,0.0025072662088915687,0.044861153649572334,-0.4923350674295484
7569,-0.003908754677629915,0.115639418270694,-0.37731093101471197
7570,0.00547367659686629,0.11997164741318753,-0.27928203277677827
7571,0.023607820327929113,0.12000289631207628,-0.17032769168324113
7572,0.04843472524163838,0.05630956650740708,-0.253033400478037
7573,0.05821112849117541,0.02837535627581516,-0.3867992436803322
7574,0.05552214224950194,-0.022105537881155272,-0.43442288458733347
7575,0.04149369642873568,-0.022657308149300774,-0.43743664045536934
7576,0.075992200589543,-0.05609353880223366,-0.3777762290020495
7577,0.12770801771730936,-0.0193119702983366,-0.38144797804699104
7578,0.15158090872913318,-0.00545698397912845,-0.3463325314250263
7579,0.14471949137134113,0.07378724161413315,-0.28839195882037116
7580,0.0980590533966054,0.06414702361127665,-0.30300409711189413
7581,0.019095638845297882,0.07084615373085386,-0.37242041590917146
7582,-0.02672285999141681,0.06369311799242168,-0.4597085044630479
7583,-0.04838374536729088,0.04385080062073918,-0.5137536744766841
7584,-0.03658477776015687,0.07450423584516076,-0.5419983988407436
7585,0.012288701018402645,0.08849331739451285,-0.5183467672752671
7586,0.024029285094310526,0.16246523504490845,-0.4412635820244304
7587,0.03028379645789364,0.1064703919655614,-0.34989157308175384
7588,-0.03893517469412664,0.017223430427767444,-0.3810051485372465
7589,-0.06125769108869103,-0.13838378378875596,-0.43675591721812423
7590,-0.0468413414273895,-0.24070380354545226,-0.47299669712961956
7591,-0.03920470636631695,-0.27718151073994957,-0.4749393118775541
7592,0.04047373586285321,-0.21308451197736583,-0.41183665512636364
7593,0.09795574959286671,-0.094252020763414,-0.2762710534597374
7594,0.14773876951561982,-0.03470351346958651,-0.16923148140191396
7595,0.1204624494088827,-0.0721837374725327,-0.15543203234669842
7596,0.11646901442331176,-0.08887038420009419,-0.25535123093432766
7597,0.11572328061197115,-0.13550037475123675,-0.2943027664405684
7598,0.118771335568739,-0.0659721050479975,-0.3145943077545875
7599,0.01880431149380611,-0.03719711547884295,-0.29075037973269846
7600,0.009063108754608721,0.06367963270539356,-0.27599012951136265
7601,-0.0980209467342442,0.050305790151625285,-0.1808138788470135
7602,-0.11175137079042599,0.025248923013218575,-0.09066274142143307
7603,-0.12704807845128852,0.009415135115897548,0.0367014653707458
7604,-0.08453480496879055,0.008753765953668405,0.05540971640988243
7605,-0.03451802395699104,0.011271942365928713,0.05619691806173323
7606,-0.036590519207074325,-0.00965480461038492,-0.02129160618476677
7607,-0.06256329819349737,-0.049116581975938094,-0.043475240823575886
7608,-0.03100941566986498,0.05467491014308955,-0.12612590228323145
7609,0.002255292361729291,0.1028405376565171,-0.1798456519874097
7610,0.07016700157789182,0.19478599150247933,-0.21315230842165994
7611,0.0425161601583923,0.14735294852683248,-0.1668536082777819
7612,0.11077795393300034,0.1391899958146751,-0.12190348158823971
7613,0.13193576018686068,0.13058793153875714,-0.1254826640183869
7614,0.15687245223840746,0.12877818147109618,-0.11036525499607916
7615,0.15920295038155438,0.10069104842431074,-0.08138724951118734
7616,0.16888473583401528,0.11256464957349482,-0.0997013288835971
7617,0.1869080023744761,0.11557347979997147,-0.17660029241181965
7618,0.13190696342793237,0.11854457191093849,-0.26126831124898553
7619,0.121490465934235,0.08972626535061615,-0.28146959092623475
7620,0.10502614563431785,0.06423267185661766,-0.24939020579718602
7621,0.08086021646352255,0.056642903010300484,-0.20804073144756527
7622,-0.001859567314261866,0.083162829946308,-0.25234249559902105
7623,-0.04743005078086793,0.10496961419941482,-0.2936367095926271
7624,-0.08506921931110982,0.1260802586284897,-0.3483803802220961
7625,-0.05563003062212065,0.12250348041576595,-0.32299445892702316
7626,-0.04992541798086875,0.12063319494580256,-0.36998154761541757
7627,-0.035791226920244446,0.10242489792518054,-0.3774940860079091
7628,-0.04078766946002272,0.061179949064981726,-0.370026795710382
7629,-0.055857206794095116,0.03302902706700228,-0.39384081666729115
7630,-0.04123237034039058,0.03232567596434208,-0.3874353791737881
7631,-0.06876389132876962,0.07112816883536319,-0.4464340465020447
7632,-0.0478110885060903,0.0614659184631239,-0.35690154710526134
7633,-0.05389513546801411,0.036588115309446584,-0.32885391648580503
7634,-0.013458194993269897,0.034325074070815045,-0.2668617115727342
7635,-0.024753648117739443,0.06321682839997463,-0.2911866918479013
7636,-0.03735171252510955,0.06265462080281091,-0.28387552735677407
7637,-0.10682055153774983,0.001985007353622298,-0.34192814402490923
7638,-0.16893516462061386,-0.04813953880281023,-0.3958713536729289
7639,-0.18751610877220234,-0.026416081366727975,-0.4565395749770822
7640,-0.1303381165033682,-0.018209839283076405,-0.40212995380597416
7641,-0.0798082669609603,-0.012404062808465687,-0.37738830606606644
7642,-0.07043753928040823,-0.08121967756027279,-0.3836174042296615
7643,-0.04406956657791887,-0.08285495984193773,-0.3632104059532187
7644,0.005998029421434175,-0.03746751593153004,-0.3364849088033745
7645,-0.0037312949830020817,0.01822805379309883,-0.2967234911712159
7646,-0.00541575082903756,0.06842041942339054,-0.2885005838158709
7647,-0.008139859374560538,0.05916794600449085,-0.21746506211629002
7648,0.015164437130969977,0.09220966242750053,-0.20075605632726476
7649,-0.04711213919214056,0.07517412732876863,-0.16317678334740734
7650,-0.14379478274414148,0.0719160600221716,-0.16934084318443154
7651,-0.18681365745680148,0.015639207442568116,-0.08614094195590688
7652,-0.15126849502610382,-0.04546380830706954,-0.03199739826478426
7653,-0.1213172450233362,-0.1320448290348883,0.020274409939932778
7654,-0.16165017987225316,-0.13167518989252183,0.017953443320894227
7655,-0.16916919520819615,-0.1428739806770908,-0.004470235866819607
7656,-0.1438615091683264,-0.11335654563213664,-0.04383309460374428
7657,-0.038955507571769965,-0.16227434725011503,-0.10239809061590248
7658,-0.004862939235136876,-0.17378918705281132,-0.13647716962063336
7659,0.018764802025532275,-0.1554146087881911,-0.15268013004604544
7660,-0.012845268768121764,-0.1530875803206294,-0.09071653884339043
7661,-0.031990597490463714,-0.16830965284525234,-0.04523684143386981
7662,-0.07448980749342422,-0.21868437682273384,-0.012324490763618096
7663,-0.05854123341420122,-0.2189274012534765,-0.03925144926439155
7664,-0.04156239485917831,-0.18912015262693152,-0.0694274633065365
7665,-0.02839352540695448,-0.19221249454351838,-0.0695528790880652
7666,-0.04534169528588331,-0.15342775835379144,-0.03737337586787465
7667,-0.11723734414771851,-0.12499396225564646,-0.016584769132531055
7668,-0.18001792396855854,-0.0534124465681796,-0.030401768578322108
7669,-0.2469753584879641,0.00038699868960125354,-0.04533828420107425
7670,-0.2035130914479056,0.0033666951279685076,-0.02317924803497813
7671,-0.18510726365963137,0.013337538584589352,-0.0030006264095266072
7672,-0.14132152530766387,-0.05389874250073559,-0.05224059580963467
7673,-0.10836229068097998,-0.1109052086695861,-0.11446294992253567
7674,-0.08723217294065222,-0.1728306471183208,-0.14057976766013122
7675,-0.08078449843161241,-0.18187287491526327,-0.12509304413133113
7676,-0.0890389408391489,-0.17456747166641856,-0.12444490070574152
7677,-0.06297780164373509,-0.21865508395690772,-0.1634258537888155
7678,-0.04431695589748304,-0.24125911428961494,-0.17586570913408936
7679,-0.013093930618132844,-0.28500024545741964,-0.19435257555479565
7680,-0.004119536524191029,-0.11796995923527137,-0.2161758676294362
7681,-0.033379120496245154,0.02430756598668299,-0.2548904400559102
7682,-0.10817267279118772,0.1553429494199078,-0.2588839719738838
7683,-0.10456828722997699,0.15734020035997526,-0.24723325180218575
7684,-0.03912284077510924,0.10122931966609539,-0.20750070683029445
7685,0.07067804898414437,0.10498074087364553,-0.17115795474576287
7686,0.1140414104023869,0.07781714809730343,-0.14479596093137953
7687,0.12459094468494689,0.09800985572032568,-0.16133823717329474
7688,0.08677726656590722,0.07489274665419973,-0.20963768420347365
7689,0.049326886287986926,0.04451116601757219,-0.21350344970598983
7690,0.027449367043583132,0.045399804554120494,-0.22499533849283526
7691,0.0491455817298599,0.04860520881931112,-0.18042684569214099
7692,0.037214097520532854,0.06753214174604329,-0.15647669799022038
7693,0.027609899109749186,0.05139296698175472,-0.1229009656151816
7694,0.027243176068822022,0.0474125035002351,-0.11128471775520465
7695,0.05486206988258186,0.05336781619046117,-0.1250907405720099
7696,0.06256852456204741,0.04336942498122221,-0.08465477398821629
7697,0.043750651593948406,-0.0027709723071492115,-0.056148359363131534
7698,0.025435753082116052,-0.05615667944259308,-0.026745462720621307
7699,0.022818059397579717,-0.07652941899572335,-0.0424463084736023
7700,0.020363268379934796,-0.07391529989533502,-0.05889812257179585
7701,0.050698089372908886,-0.005231639789977834,-0.12325545834474692
7702,0.06698757854240182,0.04341114107139983,-0.16857769299723377
7703,0.08416626116371431,0.08756938249278452,-0.17214850564308828
7704,0.03898538359634111,0.10230015227407928,-0.20105935408726783
7705,-0.056375549826720266,0.13148535544846432,-0.22909945005178306
7706,-0.11863824418355129,0.14716357422013118,-0.28471013814497065
7707,-0.11284795001895738,0.12496587606338173,-0.25491539771578553
7708,-0.07097994489862713,0.08231408812594683,-0.2402168875173602
7709,-0.03901759994712433,0.032344023033439695,-0.2313497394026889
7710,-0.04072730672459241,-0.0047495295033360765,-0.23964451503993112
7711,-0.03189790440868982,-0.042011185432888246,-0.24219509026704839
7712,-0.0450334088780813,-0.01366096913669716,-0.22996830104033592
7713,-0.02254149491166202,-0.008483517320367378,-0.18869406495016966
7714,0.006226103358620103,-0.00083783275042722,-0.16711039048126763
7715,0.048316083528234424,-0.045791272726708965,-0.13275855279286924
7716,0.04379622368781597,-0.09124329292894325,-0.10846948748428094
7717,0.04370541830351336,-0.14510675630637315,-0.06317528014661176
7718,0.041678293190989125,-0.1818854965097009,-0.042768828008470726
7719,0.04359554984247574,-0.19019890804433448,-0.04494214254821848
7720,0.05994726154680955,-0.12038737228107808,-0.068161457868186
7721,0.053999478341458955,-0.04034412658179526,-0.10037188108861726
7722,0.029208150526803808,0.059126981069894946,-0.13539880933961645
7723,-0.0338908780362636,0.07682296079325347,-0.1663195973122704
7724,-0.07864879642891785,0.06049703532952433,-0.1645536446336193
7725,-0.1012761053763758,0.031089363184861683,-0.19276689395530366
7726,-0.14236445283425583,-0.02234777555760181,-0.2088632996307223
7727,-0.16701956002548027,-0.09558548694330952,-0.2166859967132089
7728,-0.16569720619303988,-0.12557133782491045,-0.21731600806361082
7729,-0.13358310388479408,-0.11649157927746016,-0.21132758752716505
7730,-0.12170273232836984,-0.08128479238077095,-0.22288757545632717
7731,-0.1307887289212788,-0.07423306431272822,-0.2417605301105218
7732,-0.14448034754611477,-0.0797394295986617,-0.27304407915510387
7733,-0.14206083291377522,-0.06948786812298086,-0.2996512309700675
7734,-0.14451114004310012,-0.05902553135043861,-0.26606781886806197
7735,-0.15766082017790295,-0.059493450408852705,-0.22456664868496817
7736,-0.15740127908096702,-0.06519700907616033,-0.20946591441633056
7737,-0.15437699773843808,-0.07787535340492144,-0.22264079923642996
7738,-0.1724491335478604,-0.0752370716905193,-0.2576722035972036
7739,-0.2008632304658524,-0.08979966226251995,-0.24623316384302818
7740,-0.20560772632350882,-0.07822371693164301,-0.28997211061464906
7741,-0.1774231253333417,-0.05591388310533008,-0.3230929681153092
7742,-0.15025572722427522,-0.015939465783693416,-0.3769517022866389
7743,-0.1396587388420489,-0.013955982494735338,-0.3339464395462705
7744,-0.1370379217200572,-0.06613120682560053,-0.2951728181105355
7745,-0.12292927568029692,-0.11242804664655924,-0.2686059235663711
7746,-0.12195099376843017,-0.14585012684233226,-0.27085431443039704
7747,-0.08888088438182441,-0.0811320860933368,-0.20603057760761673
7748,-0.09505597740929003,-0.04178845264686066,-0.18832940920219868
7749,-0.11833579305714574,0.006648306671029855,-0.2184783931008065
7750,-0.15219721953906978,0.054265234581571474,-0.31296376584024527
7751,-0.1637979638022722,0.10125003747873859,-0.3980299515348815
7752,-0.17480626987888023,0.15872414117911943,-0.4140482870917816
7753,-0.20254455979217936,0.18359008749277475,-0.3942807551399486
7754,-0.18656152744402932,0.22910506896097002,-0.33007617931628114
7755,-0.21680565989627826,0.22384010174286934,-0.3100404791918391
7756,-0.2681800922721978,0.2618805887762776,-0.2819031146899367
7757,-0.37435698370014003,0.2710107968729365,-0.3042766897456096
7758,-0.43217887792273707,0.31070685681931354,-0.3093285268206353
7759,-0.4587823912699126,0.28947706119627736,-0.3119697016225903
7760,-0.45647321734870105,0.2899767781840707,-0.3110878477261734
7761,-0.41913368776028204,0.2647710316169663,-0.3465936784887925
7762,-0.42881979636986195,0.2696993971976439,-0.42154697462131274
7763,-0.39899503258914226,0.2399572104858183,-0.4205024174776996
7764,-0.31487107225591054,0.20639914694555703,-0.29759092140612065
7765,-0.21442512327240396,0.16147161043296948,-0.16584199479119846
7766,-0.15488875447008008,0.1402488636648161,-0.06285483786985606
7767,-0.1692660287658414,0.14660576226398775,-0.06317558877765632
7768,-0.17294007738318465,0.10693549649630789,-0.03308456145075231
7769,-0.17494490613746247,0.05821769135030559,-0.0066012971667086424
7770,-0.15167482200550791,-0.004531273914254714,0.008073308935628248
7771,-0.18312047398214376,-0.0318800145954996,0.014798591992874404
7772,-0.2377037685406273,-0.055906592522183676,0.028498241826276857
7773,-0.29454996517119053,-0.07679760763407052,0.05059317234597598
7774,-0.2757283539311464,-0.10919648093851286,0.0419979250928744
7775,-0.2675435004584443,-0.13380835553594211,0.03495558705974918
7776,-0.34383747044406937,-0.060974852374132006,0.03845997576179942
7777,-0.364217765015949,0.00990590091295411,-0.02817684255611116
7778,-0.351922411970538,0.08559615792136208,-0.10944538294771691
7779,-0.25974089589582305,0.01643147528074448,-0.1775250162197695
7780,-0.26385671035233266,0.01672131230336632,-0.18119550104078458
7781,-0.28339601969432365,-0.012461471916690897,-0.18597644614758635
7782,-0.30988432369355856,0.00459888844965759,-0.20308426099247362
7783,-0.2552847304345876,0.0016827083810670913,-0.1741974339001767
7784,-0.20671958567982868,0.04196331842668702,-0.18003874557992786
7785,-0.23237410997113062,0.07556142938097088,-0.20077744552965443
7786,-0.2740723591324406,0.06939838642555517,-0.27116368991973316
7787,-0.3880776467918673,0.006446334279850629,-0.2841572341313507
7788,-0.3989420437949582,-0.07456430364596206,-0.23288991480466364
7789,-0.39794453009291664,-0.15893006290777179,-0.15767798072003616
7790,-0.31151927974847204,-0.17018147606949935,-0.11241932719830505
7791,-0.23024459843611494,-0.1796525009839178,-0.14758392137448142
7792,-0.2288888905784634,-0.11613940154266889,-0.13407186480597122
7793,-0.25846631630731354,-0.09292518335788585,-0.15590442572003546
7794,-0.31489299381838687,-0.08032507327104692,-0.12745546931834137
7795,-0.31156525921778,-0.11490199712911721,-0.11163338211566211
7796,-0.304802279562018,-0.1429152445634555,-0.09356638406839897
7797,-0.28814689569573987,-0.12301781963353632,-0.07834623995022329
7798,-0.29137775186578274,-0.10293859861292777,-0.0853655794246309
7799,-0.31974142794879556,-0.11826847192682849,-0.03974228315280124
7800,-0.2657791611848088,-0.01132378352956449,-0.042454707388150485
7801,-0.15660646126443567,0.07458588567324116,-0.08337397413801066
7802,-0.01748758143846,0.20197241849645836,-0.16060746177034668
7803,0.025439633054367156,0.20575286130560141,-0.1676460622054222
7804,0.01945796975098121,0.21648492014636886,-0.17768358829692857
7805,0.02415284142116021,0.2294739740948541,-0.15534641702691027
7806,0.0063460055296608855,0.22026867651593623,-0.1582326738769039
7807,0.027992209295431218,0.19196060132036483,-0.21892146608181917
7808,0.04090146257351971,0.16738222815142412,-0.27745510126827455
7809,0.012344596833388873,0.1420554540666287,-0.32239410293430176
7810,0.013078155591493761,0.14024260821455353,-0.3455384479752983
7811,-0.05498483940904143,0.15769932367491984,-0.34135084213108335
7812,-0.03744923739661256,0.1391810465918833,-0.43727069406998537
7813,-0.02912149348913002,0.1527713079493366,-0.5025577033035695
7814,0.05158172001416847,0.15375704510442811,-0.5779084104079674
7815,0.09057502065294669,0.17588627539321894,-0.576647441088089
7816,0.17256027734248133,0.2785079208470035,-0.5344661203515498
7817,0.18750950849268486,0.31761752810408533,-0.5252577112202518
7818,0.2543314669148851,0.3929547727747597,-0.5064806512390291
7819,0.2296390309066962,0.3236888499721939,-0.5148158090416723
7820,0.23155191258512914,0.32234326361731186,-0.5094959878507872
7821,0.16641356660100345,0.2529962494709244,-0.485856909952082
7822,0.12919674571710452,0.23468492116490186,-0.4414845566223288
7823,0.07769103479748846,0.1812602129755606,-0.46368064009290477
7824,0.04455844916089746,0.15445368264494383,-0.39241391370914835
7825,0.03417892140254238,0.0853106197210116,-0.3415695232921069
7826,0.001996882850230686,0.07728689879740237,-0.18624769060840826
7827,-0.010161972428259728,0.08946482130985534,-0.12858581705037614
7828,-0.09419547585391413,0.14432379745590673,-0.05975096780863797
7829,-0.13262588071701908,0.13952424138658545,-0.06301621270503996
7830,-0.13448589865624275,0.16728739199086956,-0.08818927411669762
7831,-0.11226327005853867,0.14364028546648627,-0.07345146904239734
7832,-0.1202910252952483,0.11202103350084552,-0.022978941494051594
7833,-0.09254200889662152,0.11485474259353469,0.03795147357782581
7834,-0.12505556739476603,0.16033194424257413,0.06393538097662556
7835,-0.13914271399597872,0.1800593924640862,0.0697543633372061
7836,-0.15236100033646674,0.13809899370652093,0.02593256070666303
7837,-0.1149454486188754,0.1050378100443977,0.03156650907574318
7838,-0.07497512143750827,0.08783834222429286,0.045200815216179975
7839,-0.10815426897659887,0.08801860802851921,0.15226990986562872
7840,-0.09426402246599505,0.18517592274267788,0.11533846327000799
7841,-0.0524339742384922,0.2895801635585792,0.029463797751734723
7842,-0.004163998559600903,0.3835540857526878,-0.10581356653235051
7843,0.018525275856851986,0.3708812141473071,-0.09739479044303759
7844,-0.0525585961616412,0.30503545663180254,-0.09404360515138245
7845,-0.07924591887438936,0.25543677762498074,-0.060963397595886086
7846,-0.1128740470609194,0.21533941349155777,-0.04313294216445452
7847,-0.09150001430010879,0.20895640954671985,0.027959603007923824
7848,-0.07808162043056623,0.1977353098128323,0.06137387982398668
7849,-0.05976513237591509,0.15719970470888747,0.020743400392492808
7850,-0.060474773585027515,0.12654346301811661,0.030045741230104856
7851,-0.0389950006796497,0.13430875977406365,0.03418614441705218
7852,-0.007224045662247591,0.18259675467697528,0.04179857506336312
7853,0.03160552772977869,0.21722528483153858,0.001807799929439503
7854,0.04834629839192406,0.2226974045275098,-0.02816986535091107
7855,0.06480813107834082,0.19500014221474118,-0.09789739141444348
7856,0.07609688622419934,0.1929562255738782,-0.10643940324423273
7857,0.08955455842585883,0.20781635154818037,-0.12316258740116445
7858,0.07631712149038992,0.23465873179343485,-0.10678256069046503
7859,0.0550255466712359,0.23736239542654547,-0.08347207900855516
7860,0.039726326808574915,0.20215460627513715,-0.07760846042445091
7861,0.03625033522244671,0.17486137215924183,-0.04852039804832684
7862,0.03443316680904251,0.16348445206106574,-0.08035849995462523
7863,0.03571737540766794,0.13600492387146806,-0.07337748347854756
7864,0.07590459489564352,0.13315628691448111,-0.13988782499912497
7865,0.11521679301200174,0.13837462203055023,-0.15100438894622528
7866,0.17461363193021195,0.1976339813793047,-0.20806517806501756
7867,0.1565444221102614,0.20914709993207628,-0.1675266030472212
7868,0.13940958162782116,0.16505788468380825,-0.14191900518354755
7869,0.1014607219539422,0.09513938401035976,-0.10695852181263495
7870,0.11608393457419794,0.08114774576674975,-0.12139451560210673
7871,0.09228665414883067,0.06409016751336664,-0.12100397827224076
7872,0.04802147225948137,0.13420886648617014,-0.1650007050105374
7873,0.03969198417497988,0.14064243309536387,-0.18821812968208976
7874,0.07098001990477537,0.22828152730426615,-0.23434829339423457
7875,0.15567650429636443,0.22299855261946624,-0.21013057079623512
7876,0.11635968093363216,0.19688171860613432,-0.17848257148448277
7877,0.05969364396142482,0.16372773011076103,-0.10407788449227942
7878,0.001868172629726265,0.1397902755504204,-0.10143542527814571
7879,-0.00534315180878654,0.1388055317273179,-0.08103869878154465
7880,0.014087612603758215,0.1071300056703434,-0.08615444117648147
7881,0.024121380969647326,0.08810213191930753,-0.07140377488573663
7882,0.03598737197605836,0.08951360988048926,-0.07693836164711142
7883,0.040068046062931455,0.10312014593396951,-0.07890122872288723
7884,0.14605483720644125,0.1618919547268325,-0.11574481686679616
7885,0.17228251319601767,0.19270655583361318,-0.12045318685454602
7886,0.23491696515886148,0.2210469738816059,-0.16119073982829832
7887,0.15571778245747606,0.18859415986791495,-0.1503495390702483
7888,0.11375970017497333,0.15031739110293005,-0.14295579419586998
7889,0.062218906670721816,0.12243453131791934,-0.13155185795333074
7890,0.012075383155014113,0.08479230984720695,-0.11160053830657247
7891,0.01657845019849153,0.05837791181922822,-0.10658452352021622
7892,-0.006053491252863138,0.016720217116061926,-0.09618884388545663
7893,0.014773903852138686,0.017785019192712578,-0.09276742920801313
7894,0.03528251581451676,0.0444490983985151,-0.11566138649102894
7895,0.059798124571269096,0.07944085874616362,-0.13948543525918344
7896,0.022742593930439658,0.1263240463177015,-0.15993027303666846
7897,-0.030628914450385215,0.18423562270724966,-0.18997338113234785
7898,-0.03818027361547595,0.2211084320543412,-0.2382858269690555
7899,-0.015474941679800366,0.2397042756987691,-0.315293093738137
7900,0.08084415091861336,0.23215615373739412,-0.28662336089742735
7901,0.12128920445081083,0.22976846574542095,-0.2063350542775248
7902,0.18405105737402067,0.21961468671064774,-0.1135280942014305
7903,0.16449650506654398,0.21250325823842828,-0.10975620631934563
7904,0.15110667250961657,0.1935499785850214,-0.101321767254917
7905,0.12987738457224468,0.16731470364281512,-0.0896286288226491
7906,0.12006572036159899,0.13368791563170587,-0.087969074260794
7907,0.11046996259730273,0.13251654670019042,-0.0862957596713633
7908,0.11506280642160084,0.1265284164591191,-0.10054650489292469
7909,0.09270981727106065,0.11104837585445243,-0.07715642178255794
7910,0.09177927395859808,0.09655466224387756,-0.09021382810069208
7911,0.09257404480800227,0.09161780164940792,-0.10265347476773752
7912,0.08489685443269525,0.15273544307480397,-0.20444743815271874
7913,0.08321949101042196,0.1976330939439809,-0.24538293819138907
7914,0.06344282550644527,0.24330793021083827,-0.2655790508390459
7915,0.06508728357090478,0.21940507925181998,-0.2535139371782457
7916,0.048629214962143646,0.18840330728308488,-0.24790270067892517
7917,-0.0012616136486776985,0.1525498822431008,-0.22579866514089647
7918,-0.03886982198007305,0.11667845521389511,-0.21934694856817466
7919,-0.04632631802881368,0.10519966115723844,-0.23102471630334004
7920,-0.02402746320442895,0.048912089311649615,-0.20621279166821302
7921,-0.007430586272933928,-0.003625769970634493,-0.1381797109033499
7922,0.01950937400571874,-0.04197869706828494,-0.1114758886120549
7923,0.00038502511488909763,-0.06938549619963533,-0.08081212462979319
7924,0.021650969475053725,-0.03336766192003162,-0.10626385842290148
7925,0.02836348022956655,0.00810246787826892,-0.09330721008893741
7926,0.07438214925367448,0.05735877967324046,-0.11134116203294608
7927,0.0889551519521215,0.05907974723801255,-0.1104142045352395
7928,0.07271232057988669,0.031054302433805536,-0.08506507565454878
7929,0.0673814436028662,0.03318461206289584,-0.08155994721048823
7930,0.04098017768458469,0.05217814295999191,-0.02907946153066612
7931,0.07149838855679586,0.07141135632795656,-0.07771400666366396
7932,0.10817858826355285,0.11626330625328217,-0.09771225667534203
7933,0.15090961105574807,0.15334273816734043,-0.12656252030575618
7934,0.1593200380699425,0.19305069439263237,-0.10020225933176936
7935,0.15151069779885484,0.1812316765202035,-0.09470803033747817
7936,0.1025262115123695,0.1321953384002444,-0.05360771724053816
7937,0.05361552205021756,0.0795643092787212,-0.05723903899795014
7938,0.009071937249613282,0.04621141389865325,-0.04295795102605719
7939,0.004711954369354939,0.03921399364684038,-0.07996036113588414
7940,0.009533154946332736,0.03960451124039,-0.06349296488138954
7941,0.024630099188540484,0.03761955185596356,-0.09462020124754193
7942,0.046016709965817415,0.04282471634245057,-0.1268887949137594
7943,0.05230665429553684,0.04064738977274548,-0.17360297077585043
7944,0.058939279397912846,0.06089847950329953,-0.2166186503536174
7945,0.07080724491026598,0.0779417962326401,-0.24413299900635418
7946,0.06867290250616714,0.07628521342477416,-0.26870897249325904
7947,0.050478095873279,0.04908677504422504,-0.22680224677326355
7948,0.04178501274715114,0.04202876189644306,-0.2201353141043056
7949,0.04916768358869757,0.05220038149607391,-0.2116483404699059
7950,0.05655395591807553,0.0643007212720984,-0.23191026420263863
7951,0.04585070479446671,0.053025657525343016,-0.20080229437442595
7952,0.032787446063534585,0.04704044972812953,-0.16882165894183374
7953,0.015434582560338287,0.04861903279165177,-0.14515640774083183
7954,0.013805637412691562,0.04555013431534745,-0.13944264319452745
7955,0.011319398582588843,0.04527233236991296,-0.12597842667809264
7956,0.02792881283635551,0.0613098872784278,-0.13548446123592775
7957,0.03280818640298192,0.06457206451056154,-0.13952050608808467
7958,0.03355121681561113,0.051365979652162476,-0.13606941428285002
7959,0.031448700215039725,0.03188494770697024,-0.09976636844539419
7960,0.020348989020527546,0.025142002140171482,-0.09337447013520707
7961,0.015490362537665288,0.024872970594143725,-0.0854559615373773
7962,0.0096330039923095,0.020552856609571717,-0.07732583507349959
7963,0.02129793089438077,0.029029929387615967,-0.07117386012924264
7964,0.029141350587284072,0.04104971576107627,-0.07995893665556397
7965,0.04984757342762282,0.05300561685024722,-0.0877453234041443
7966,0.06311343165545807,0.057552905227953526,-0.08898174989396741
7967,0.08074301041034782,0.04944781882421347,-0.08036250756135196
7968,0.05488902106641593,0.0319139563580914,-0.12196982350822652
7969,0.036765585594083966,0.023864040909117118,-0.17185436076682153
7970,0.011169128433361849,-0.012671151896984053,-0.21500711967473338
7971,0.013258881453628628,-0.0038434914796738337,-0.20831194217731683
7972,0.03442464452185416,-0.005334350475020969,-0.21257689449102649
7973,0.05892581835477426,0.017723182012501518,-0.22619632473593146
7974,0.08451405610169992,0.029421254380935423,-0.2515642782868387
7975,0.10826830845942445,0.06331145626290809,-0.2312871476699748
7976,0.1009748664753098,0.10325426818351739,-0.2440746821622094
7977,0.11161002451739291,0.11961631394466796,-0.22908670281427326
7978,0.036554567108827735,0.1057091867722878,-0.28639207668639716
7979,0.032606493686891516,0.08399841132258112,-0.3142078869769347
7980,0.054396272880481746,0.07147373622516696,-0.3340557248086085
7981,0.10329486766738666,0.08130613891627644,-0.2827968420142048
7982,0.08813262631109835,0.0608721636047244,-0.25077865423076945
7983,0.035883430046355656,0.04016780004520047,-0.23469929954335175
7984,0.008686843652837515,0.01919327896227991,-0.2363872234503466
7985,0.026821114371429335,0.018124287592137203,-0.18572249406850858
7986,0.02767727830986624,0.027079435639411235,-0.15552875652081702
7987,0.03655770744039609,0.04593468184889332,-0.15196237690359435
7988,0.015526722351433663,0.08110967848254444,-0.21257841515997888
7989,0.00034499854047842884,0.055977061897197505,-0.25480931704168597
7990,-0.03883911678590087,0.05513836272430786,-0.2636110909762137
7991,-0.05400997312317669,0.048438486736480435,-0.2629926227776548
7992,-0.03577128272687447,0.10411156198952921,-0.2541416672700397
7993,0.012451091285321776,0.09031384492357666,-0.24620594425889
7994,0.07477026559918018,0.03456359835368557,-0.19409866413475746
7995,0.09188597961233547,-0.00521255848011995,-0.1664655806968083
7996,0.12773387202031034,0.023422086785050863,-0.1573877644537123
7997,0.13886553470343335,0.0994806564239812,-0.17628649348819728
7998,0.14659737959943658,0.1566140189831164,-0.19142349188493674
7999,0.10319569270284286,0.19450764941318024,-0.23807267126798193
8000,0.06104910736208211,0.19700848919849706,-0.2893590199141075
8001,0.047399109860663306,0.16717569709091218,-0.2902967241601618
8002,0.0310354561794025,0.11989105885864068,-0.266784936658078
8003,0.047031676653019876,0.06681523229259664,-0.2176111600027328
8004,0.06947652833053591,0.08058915396020014,-0.20393606024988542
8005,0.09739149804139093,0.06698805612832512,-0.15428126448857377
8006,0.10686372656325445,0.06466697103832734,-0.12287701048731972
8007,0.09003301965547572,0.06050860536741548,-0.1006155789546946
8008,0.025381884881412374,0.09891347828148286,-0.15390332070385646
8009,-0.06757406133802313,0.15039560951803188,-0.21449288458385354
8010,-0.17916403239097936,0.1753193630594292,-0.3121525748240491
8011,-0.2096456577334729,0.16172414974029264,-0.34492028106584083
8012,-0.1906200655317718,0.18675224870255797,-0.37982264482431644
8013,-0.08963191506357243,0.17985130490742485,-0.3411387572438513
8014,-0.036752772610280926,0.21354516202588708,-0.3790801653268015
8015,-0.10581076368817788,0.20945442943669187,-0.4839020631021712
8016,-0.06576482806598923,0.18867385705881878,-0.43616762491361144
8017,-0.024077218235411063,0.17507228007175923,-0.3695479184737282
8018,0.05475852054607567,0.12184843838610117,-0.24530156469566325
8019,-0.021645290001082184,0.1089025959889246,-0.2802073972603405
8020,-0.11742759548058303,0.07377004919652845,-0.38281481412720175
8021,-0.1576653608087617,0.10300634974638835,-0.4415211279459938
8022,-0.19383392569023858,0.13986402475176066,-0.508490047454303
8023,-0.1564184177785326,0.1416914732368521,-0.3977329712391724
8024,-0.1758568366918099,0.09739990824573655,-0.3559453999688591
8025,-0.1670265505441446,0.01832350724598,-0.34101205017540503
8026,-0.18038359360943487,-0.020602362077210036,-0.37638765989726775
8027,-0.13394740761845564,-0.0841988742257546,-0.3714802458574816
8028,-0.08603750553203755,-0.05060460243507273,-0.3429878353109062
8029,-0.05065507947567337,-0.025257872472446645,-0.3477095355797658
8030,-0.0076331175507173095,0.04270367342873413,-0.3401238046848563
8031,0.021977140851060218,0.04935226539468288,-0.33853393614708477
8032,-0.0022815705981035586,0.06672517641094905,-0.35377805444090493
8033,-0.034390958566344526,0.04579226423329781,-0.3615165439436809
8034,-0.07291231217342206,0.04332134077938397,-0.3771133295579969
8035,-0.09491082571732705,0.024528763006078702,-0.4023194039750405
8036,-0.10476904278481117,0.05143160230972262,-0.4084848143790316
8037,-0.06887371805608394,0.04745772835796781,-0.39582717394841754
8038,-0.06679011718020682,0.009100985350322232,-0.4565044349616709
8039,-0.043558201976592596,-0.02754007606745426,-0.5108875991582478
8040,-0.016462723238104,-0.06433090450170319,-0.5257436153018631
8041,0.06720623543882792,-0.0638371075696802,-0.47128405581840077
8042,0.14718056940929722,-0.025656210597493487,-0.3852608234301163
8043,0.06879158706146997,-0.01326099288142165,-0.47064923568854566
8044,0.07410143421267984,0.059414046426483624,-0.4244783157519516
8045,0.03442962538902826,0.1056597222700142,-0.42963748007243074
8046,0.1134949799283076,0.15459881419295715,-0.3140636178446376
8047,0.12688295700302335,0.13267299130585644,-0.34099293263711544
8048,0.12566951176415322,0.01579175651704485,-0.39805878239804454
8049,0.09222123523713535,-0.10920717752542851,-0.44926349769687135
8050,0.05779553980579006,-0.15680101486096976,-0.41758185795512126
8051,0.023894370758221015,-0.16264456752053827,-0.40841581184058523
8052,-0.03626919428430712,-0.15759530653196,-0.4637849591884052
8053,-0.08680484939958133,-0.23320053472373112,-0.5504139409769806
8054,-0.13579762093616266,-0.2923700420855433,-0.585060464584816
8055,-0.15948896041948357,-0.3587745515900674,-0.5773011326953981
8056,-0.15113928216624722,-0.33965384894360934,-0.575736866469496
8057,-0.1421666046028758,-0.2609429489781349,-0.5468246987765629
8058,-0.09909225146852402,-0.1576678404159329,-0.5262209374205737
8059,-0.13267636135629796,-0.09210064834161544,-0.5268242329102809
8060,-0.1645501719259705,-0.016211604674880576,-0.4813262588907995
8061,-0.1654021014018424,0.02950008011002129,-0.436752663996829
8062,-0.1650088437143924,0.05032608821990052,-0.3376176309473563
8063,-0.08394370556194654,0.021714168968894634,-0.28886496213621937
8064,-0.03886482310187272,-0.058676966851563234,-0.23261880134722882
8065,0.0476957508409864,-0.1590553550937982,-0.21490406167520493
8066,0.08749678318080736,-0.26821118195403826,-0.22725287469715588
8067,0.08597784369909395,-0.33570161774096974,-0.2610809123729503
8068,0.06697547181156514,-0.34920961671579653,-0.3371346612053609
8069,0.030245211189724768,-0.3591335453611553,-0.3593545113834364
8070,0.03572276219296483,-0.32230049944997285,-0.37725290209124934
8071,0.048842481088740765,-0.332422212893118,-0.3407022313736955
8072,0.08168704433018437,-0.3074597776272022,-0.3598162878094998
8073,0.07939103373082006,-0.3205247239097867,-0.40595161881093356
8074,0.06271521338641364,-0.30223223472757543,-0.408242085608085
8075,-0.0047418263737379045,-0.32939934354843947,-0.4707579181628653
8076,-0.04915493748489186,-0.23644561092614316,-0.5024270759255145
8077,-0.08376001795755186,-0.11580692789743703,-0.5834147278023326
8078,-0.16729756879511518,-0.09474409941904287,-0.6002595826999465
8079,-0.15241218726879913,-0.1284298605388427,-0.6311096981983236
8080,-0.12017781141664514,-0.13929788475960742,-0.5718386211484334
8081,0.004428080893695432,-0.09344124939393551,-0.4626569123611682
8082,0.04315869584046099,-0.08127029933999153,-0.3923896374414156
8083,0.06423967907723853,-0.17686834140548277,-0.41404251121063895
8084,0.03719368313114488,-0.20793444773599526,-0.5200133214110936
8085,0.01755563216501342,-0.20002860186728244,-0.5252762393295566
8086,0.06655536131366452,-0.15144403479683113,-0.5356458614606013
8087,0.10335255830543108,-0.1106322248870715,-0.5416155606639175
8088,0.12702474533106248,-0.03705883534933988,-0.4444624312936207
8089,0.07030668518575138,-0.013864559020597893,-0.3539380741539835
8090,0.04423888317276535,-0.026227881529000414,-0.260928576026042
8091,0.04337479284094306,-0.06935957482458423,-0.3150019799870716
8092,0.05920182534391068,-0.06732593221412304,-0.36801251530524043
8093,0.09919462354044067,-0.05149480692481791,-0.39915691298863687
8094,0.11782953999810704,-0.0547139985217502,-0.4147820676407375
8095,0.10845775896525493,-0.06839336778501871,-0.42148781302997573
8096,0.08765710755287892,-0.06880038614457683,-0.42105684654060566
8097,0.062116962857150806,-0.06218095110485683,-0.4448357952543765
8098,0.04583844440559063,-0.060783312479157046,-0.4481057529452091
8099,-0.0004732297198937497,-0.12510561455338925,-0.4706525812827005
8100,0.023226011756325025,-0.1632484851911745,-0.4284923817484621
8101,0.009888692362138128,-0.2097412586609319,-0.43671586794385203
8102,0.032888182230957914,-0.18764710936505619,-0.4248061972273019
8103,0.00046704486970878444,-0.17649597825802685,-0.46691489657429397
8104,-0.016555121984193236,-0.20154960623064153,-0.5468916533698351
8105,-0.01809778488389701,-0.2614270158252026,-0.6577477012020448
8106,-0.04665622357446125,-0.34000397175868646,-0.7812768441952568
8107,-0.0577753085509599,-0.3084829740054112,-0.7437367852222437
8108,-0.07329555248862907,-0.26621925458489426,-0.7163495914435882
8109,-0.04272119689298594,-0.1999500285800162,-0.6462383358461137
8110,0.016641657908437482,-0.13671658831264133,-0.6662575020443218
8111,0.046512667025844084,-0.08968716675056039,-0.5984931932455353
8112,0.030372893048789203,-0.08859417165890385,-0.552669749008284
8113,-0.07473969690385412,-0.1845204911146336,-0.4925246411864146
8114,-0.09285503643612486,-0.209456398752999,-0.4952884004990282
8115,-0.11023342458131731,-0.22024964308485048,-0.5308429246319072
8116,-0.05531881565696117,-0.268379793389895,-0.5970408002059241
8117,-0.10165789506285097,-0.28175727652815663,-0.7097398365128799
8118,-0.0846747953549387,-0.258352791733806,-0.7400941067279659
8119,-0.1051355699329661,-0.16063541322331196,-0.8163590535987435
8120,-0.08039900788755784,-0.16528586231430176,-0.818924218217988
8121,-0.19703739878664064,-0.2527644810420973,-0.8270035188388557
8122,-0.24172415214316026,-0.3057084430631627,-0.7488291141848173
8123,-0.3255890693311079,-0.34304137345094504,-0.6166037226575749
8124,-0.3095448385499025,-0.20334863907455022,-0.4130829074709971
8125,-0.318193742376399,-0.11174887821396272,-0.2554820013566135
8126,-0.27948178916974487,0.002998547953679542,-0.06772705638841237
8127,-0.206143092572547,0.049028886626395124,-0.08017743185711372
8128,-0.14332462585595607,0.056616724168265714,-0.08831808121369177
8129,-0.056394979905971705,0.1143169641566655,-0.11228499784161344
8130,-0.040092625025965216,0.08404226665168137,-0.10983630866270414
8131,0.03926864900872328,0.1255983936685337,-0.0944884210534929
8132,0.016740657436227883,0.05544860030894369,-0.23452131900762987
8133,0.08591161738371879,0.08652172798184343,-0.2119009034541053
8134,0.013413996265550178,0.014397335480311375,-0.23939194393326446
8135,-0.026168921477874054,-0.045812621744086096,-0.17707406924844774
8136,-0.06369718141198187,-0.03800582862052603,-0.1126603845345561
8137,0.014463391587392049,-0.010939844090535035,-0.04587960620834537
8138,0.07501716049466794,0.05158874323141826,-0.021169631361701753
8139,0.0633568353044261,-0.008120515225285249,-0.07509705016342101
8140,0.012573970581693319,-0.018195121199273766,-0.133544096212085
8141,-0.017117224601283475,-0.018575841660601864,-0.11044877961521954
8142,-0.04236129245451892,-0.004822131400172167,-0.06733125763266384
8143,-0.060288721526617954,-0.02486809715031635,-0.012429640024094132
8144,-0.09667615980849953,-0.05241996809828413,-0.015812100528859344
8145,-0.08728477992215905,-0.0461017125773196,-0.06831724518843454
8146,-0.08179413833346347,-0.03226307853069472,-0.05168092350497959
8147,-0.052279951162912154,0.0007006705097427731,-0.10099160360615768
8148,-0.0640603503908677,-0.012831084680758444,-0.12136038625576247
8149,-0.05675146695063104,-0.008841957648419389,-0.1776159093565959
8150,-0.06596644378538573,-0.030013255740471968,-0.15725887904832575
8151,-0.011968003522019837,0.021663211584103878,-0.09079183252423707
8152,0.00032020325749408624,0.020375927022993637,-0.030840218096000366
8153,-0.010225595087837196,0.05634648255256692,0.060261525343783276
8154,-0.0409871649963998,0.05077219421344108,0.10200712044636315
8155,-0.06901673251083074,0.05354133170791905,0.13590733807633087
8156,-0.0718394587745653,0.046915720162959626,0.13940335971231801
8157,-0.05509077500701249,0.03570400152137518,0.11577648930354681
8158,-0.030448648754162515,0.02262739693029247,0.06261782697656042
8159,-0.0012382567959151982,0.0004275632363272826,0.009296375884456387
8160,0.017764815542625274,0.01100869694087606,-0.04181111014480055
8161,0.04603115957667996,0.037725079937959705,-0.08009916510129135
8162,0.08497730058051048,0.07501418740068279,-0.1272713444471777
8163,0.09663178745250839,0.09272846053708562,-0.14800265662783701
8164,0.08713765403242167,0.10252836051227558,-0.11306343092271497
8165,0.058552385328906414,0.08848976776052712,-0.09030926037841402
8166,0.03685032008596775,0.07748596755933565,-0.07462605948293946
8167,-0.020208130146586158,0.033517316364382606,-0.09843796718470726
8168,-0.06961368669890715,0.005156273266143283,-0.13913389544091878
8169,-0.09355014166736758,0.001893923270707533,-0.13786754247844374
8170,-0.08260161552016614,0.052662943396702404,-0.15279138958371022
8171,-0.03969633966593011,0.09975705816143912,-0.1320500327585514
8172,-0.0038637610137817486,0.12478318217855959,-0.044972649036317945
8173,0.030704553556580416,0.1347547858754431,0.07719723515003692
8174,0.05509482807505275,0.1441883621081991,0.16430823844488832
8175,0.017903174013474597,0.16121570520747008,0.17843856178846534
8176,0.025561474507391328,0.13698597739303336,0.1258250815327007
8177,-0.06416633103234405,0.1096762324730808,0.06954793824841259
8178,-0.08579990285245119,0.08457922167618469,-0.014534759424340864
8179,-0.12713828422510765,0.07400358953589427,-0.041503151344245044
8180,-0.08553121808727684,0.04466136482324315,-0.032116605738040885
8181,-0.03778507841667538,0.010512851072021864,-0.02172064702750617
8182,-0.027799002668701774,-0.011445385506241149,-0.00015525914834328247
8183,-0.0326095623939296,-0.02620502177827729,0.012007749228428635
8184,-0.05269360434460281,-0.06437853853507614,0.027437718884681283
8185,-0.03825386207309556,-0.07981297705898127,0.025533961368783383
8186,-0.03933101873296124,-0.08843726123249696,0.038650550583784304
8187,-0.0706875986691448,-0.09503689861738558,-0.00536318692750506
8188,-0.09133504102540885,-0.040167273590183995,-0.037758728327614566
8189,-0.12357552889747483,-0.004642081031000993,-0.10471653211254305
8190,-0.11262578201416601,0.052245683620411494,-0.09092110399817306
8191,-0.1497011027442205,0.006539121100148226,-0.041641663176093774
8192,-0.1123608166356141,-0.0101787232480146,-0.08938490748636606
8193,-0.08044664825536482,-0.011125201522473179,-0.16328533695848188
8194,-0.022013730900247396,-0.02656137932721437,-0.253321090408775
8195,0.015343751603697687,-0.011111130707520593,-0.22606516582491018
8196,0.07587243058076512,0.03187486294458217,-0.18132613132401892
8197,0.10421509418978087,0.10555652244325063,-0.11124125772934591
8198,0.12436930522280877,0.09854306627702025,-0.10523691723705832
8199,0.13728080843543267,0.07820051985947346,-0.10032805018740353
8200,0.15544979264313652,0.09300932958690825,-0.1079174659610233
8201,0.14425924900886072,0.09039880661954992,-0.11917187589391225
8202,0.12713330055714067,0.08316541352123258,-0.0995134192673672
8203,0.10357595816749023,0.049162542268601034,-0.09755204431610637
8204,0.11331834163599658,0.07677194644094211,-0.06704519093956336
8205,0.10245466259387932,0.05258344314699855,-0.06500529001177191
8206,0.10309226215005435,-0.008124446829254088,-0.0724127108676911
8207,0.07186305078701044,-0.0521186896268776,-0.0421015227148419
8208,0.05656581591741096,-0.047836692388402366,-0.08669662006299321
8209,0.057605424694391824,0.00037001779049879077,-0.09071269274404561
8210,0.05725280412577287,0.030754952842607198,-0.12524059240290686
8211,0.060335106002720504,-0.0013009956752559298,-0.11801393937122953
8212,0.08350826359394553,0.03115972910583476,-0.17845650074405897
8213,0.15577976730282422,0.08827231927660145,-0.22031002485438703
8214,0.19487622903416957,0.1221748338261966,-0.3191968485244046
8215,0.23166323428062288,0.13882954433380598,-0.3013554225435746
8216,0.18041178148660378,0.06690719700505322,-0.2725432973452854
8217,0.18961881652718574,0.10084646164761248,-0.19574654534578215
8218,0.10432565198719564,0.03874166726447242,-0.18490458731150547
8219,-0.009570980858011786,-0.02070070846774191,-0.2163812648139716
8220,-0.18910123791190875,-0.008771143960466668,-0.1733786486857648
8221,-0.2690115132648071,0.018726460736253125,-0.005393451606948324
8222,-0.23890617883725274,0.10507079937414798,0.1782761690002543
8223,-0.24319997277537575,0.007275406111706338,0.22552528865191107
8224,-0.20551581075854886,-0.017136598655939212,0.033700323896876036
8225,-0.24060542862340437,-0.12189409702224306,-0.19319458412854332
8226,-0.18896789540313869,-0.1430339396231806,-0.29268220056392474
8227,-0.2577570747441359,-0.18370528477879783,-0.3438816533905923
8228,-0.2834642269642142,-0.11536157067582758,-0.2936178186484972
8229,-0.38513100633980996,-0.10837349434788236,-0.35996394965353934
8230,-0.40049294934993807,-0.13156118494054073,-0.300455118238176
8231,-0.44763397896432416,-0.1747155762674534,-0.3316174199392962
8232,-0.42731987628074686,-0.1304685592904519,-0.1988862610825103
8233,-0.44397259412669543,-0.1565144074683991,-0.2016448376633305
8234,-0.4350191996139547,-0.1838391857124547,-0.133047268260363
8235,-0.4340073626024746,-0.2470982016333174,-0.1219833998297141
8236,-0.4536037727840643,-0.16089486419038093,-0.12381387901988343
8237,-0.42624287147629525,0.0036300059261829506,-0.052959233041132266
8238,-0.4430732039053896,0.08169589040672608,-0.06816954538894715
8239,-0.40617621020532335,0.11612586242747239,0.12462364561093452
8240,-0.3932508337841211,0.08104580403967221,0.08180161403755988
8241,-0.3095889800232514,0.09879824088859317,0.17373744447161532
8242,-0.26074531276645146,0.13849650930098117,0.052960269010167135
8243,-0.2675027551748348,0.11462304371436459,-0.04829753044882508
8244,-0.24696077888720047,0.13506003848013692,-0.21752001223644304
8245,-0.2124522528007551,0.10228938172786363,-0.2608409125753342
8246,-0.13803509025839064,0.16607136246331414,-0.23984522875135017
8247,-0.13279407877782531,0.14027671240664008,-0.3120943818762866
8248,-0.26736840512994414,0.13790715660168198,-0.5270180695221873
8249,-0.3380906979166622,0.13352648568077516,-0.5395644136650655
8250,-0.38819290591612177,0.20514896204879746,-0.5669639510066933
8251,-0.33276040030643267,0.19528120159400209,-0.42540702839996986
8252,-0.36690799219724135,0.1753383630190196,-0.49817426611588556
8253,-0.33405291397544395,0.04258815340337601,-0.4525601129982123
8254,-0.27655846961255676,-0.004184558499323219,-0.5002765556200708
8255,-0.19749923814516268,-0.03813193773605089,-0.3889580587950491
8256,-0.12573172169921396,0.008178183093510219,-0.1832561652116213
8257,-0.09549080555090962,0.03261565913986081,-0.010170931173621967
8258,-0.09839227092747056,-0.01059368734328446,0.0714098999123263
8259,-0.14875469931665736,-0.06317037172690129,0.05294808728127059
8260,-0.14036570200795143,-0.07077013344569723,0.0683318147326066
8261,-0.10542131225166934,-0.04593577304967161,0.09145952268153551
8262,-0.0550748376188274,0.003412376701375356,0.09559323365906623
8263,-0.04527846125281697,0.017812951532119183,0.09610752685966593
8264,-0.0498795164882123,0.015431882873924592,0.08325484180896471
8265,-0.060839252198266,0.008648138346382358,0.09632039038159314
8266,-0.052913620949205514,0.014475396453233395,0.09823791740746532
8267,-0.06621867152663218,0.02125908395998719,0.07827853502999217
8268,-0.0732155470133016,0.05126009696854169,0.005772964925387567
8269,-0.08184346594096834,0.04662114869744356,-0.027392813534184303
8270,-0.07893415615116031,0.03658689423547745,-0.013853736942033954
8271,-0.10631893354339113,-0.0014517995317018743,0.026332619130286596
8272,-0.18853381888430765,-0.0003065155059830567,-0.018546417503025495
8273,-0.20798541733423995,0.04588050231108902,-0.09739937816171569
8274,-0.24438897541343269,0.08720822156041329,-0.13383105853331623
8275,-0.23671274420481458,0.16280859930702724,-0.05540533259126711
8276,-0.3264799872333606,0.1652877819988692,0.03901304107792457
8277,-0.28539973578252176,0.14744014622910642,0.05674022123971744
8278,-0.2611767590143492,0.030055528465879992,-0.0010052668821916707
8279,-0.22281200199908918,-0.05277999354684339,-0.08019156315804654
8280,-0.19534358180021225,-0.05601575582897494,-0.12559041308715022
8281,-0.19110926129199954,-0.013584042896851204,-0.16142789334169427
8282,-0.1363575257828005,0.055195882318475505,-0.17844579277188258
8283,-0.1559587732106752,0.06932732725437574,-0.20953175404486865
8284,-0.14922427543914837,0.07632768182750425,-0.16685841001833782
8285,-0.1743916456933846,0.028269841959958797,-0.16140190814348676
8286,-0.21166606948385533,-0.042890611113363494,-0.1516737171776897
8287,-0.2344725727367082,-0.0451896146872192,-0.11956167529153133
8288,-0.24905819363948115,-0.0471817367947011,-0.13314153963994002
8289,-0.23577830897954447,-0.05805578179779708,-0.11488010675483153
8290,-0.2795314904135868,-0.07866036556277492,-0.20143568722494654
8291,-0.32343521983320106,-0.1091631920506406,-0.22986338538720166
8292,-0.3518558339234752,-0.09696362996057162,-0.22703910690418447
8293,-0.34624550570625695,-0.09770615806938947,-0.20565595263699682
8294,-0.2968407927699537,-0.07352413799225019,-0.16250543814200383
8295,-0.3045344717534754,-0.08407018381162389,-0.14890603598662489
8296,-0.2592434340322857,-0.10752452895895476,-0.09515299121598497
8297,-0.26057391703378296,-0.0652696898923198,-0.08679332005498537
8298,-0.25051666054636057,-0.022656098818856205,-0.10924889387813844
8299,-0.24096123797784863,0.011528413319879324,-0.10527568511611239
8300,-0.23480159752093824,-0.014929166524865053,-0.10226524787547803
8301,-0.24727319898334255,-0.028653808018061343,-0.09331713339080609
8302,-0.28635620556139213,-0.03713180123293963,-0.13310776256127071
8303,-0.2765768191966805,-0.042842471237019675,-0.1431335825351322
8304,-0.24784732737117618,-0.09279115808410177,-0.17603314981938825
8305,-0.19992993761340022,-0.12565107275383525,-0.15660212653866512
8306,-0.21196319352175794,-0.14938725277838164,-0.16348319710895134
8307,-0.18395128310399547,-0.11516819454944861,-0.12152511861989085
8308,-0.1462772061190777,-0.07855630654490578,-0.13694814931660698
8309,-0.10248525464604534,-0.06169986701716751,-0.09804655597342045
8310,-0.09634083907699706,-0.07832306108647254,-0.07888480776122887
8311,-0.11076616923712282,-0.09326609762257065,-0.03737118825839059
8312,-0.13269090499344754,-0.11185217726442748,-0.06922339082572418
8313,-0.12363221199262807,-0.09839498232332448,-0.08769376923421378
8314,-0.13799931807836172,-0.10532530013850738,-0.12318733481845583
8315,-0.1419405833463878,-0.07036651854540765,-0.17065717463596447
8316,-0.1350654583577171,-0.07249502581795143,-0.19331449434463763
8317,-0.12025649069012188,-0.07753945076522387,-0.1750969539067935
8318,-0.12128918180496524,-0.10027950785648912,-0.12042326303037063
8319,-0.19126902870641838,-0.09811978408977892,-0.162780875810113
8320,-0.22363171902261325,-0.09190480428911685,-0.16948911314714285
8321,-0.2500623387293179,-0.10346437284129656,-0.19060348514277914
8322,-0.21851336994619092,-0.1010822409940492,-0.16390427239215444
8323,-0.206512298114611,-0.08597187806407369,-0.17364967996725858
8324,-0.2450887584376158,-0.10144016392225719,-0.12879930263237932
8325,-0.2915337745438162,-0.11490596730330456,-0.12680384350395765
8326,-0.39796047022170483,-0.17752059555412084,-0.16996314003315463
8327,-0.45271126354767516,-0.1867344766869892,-0.29502187414428793
8328,-0.5041026870875217,-0.14601444267242036,-0.40332250874265513
8329,-0.45066921231346807,-0.08095339303248567,-0.4544895518381903
8330,-0.38573645946612534,0.010724119860983334,-0.4606660169403341
8331,-0.3566408314966603,0.06051462917386078,-0.5080703017338112
8332,-0.4246788494797115,0.04068885957851952,-0.49321130154215564
8333,-0.4329843777080358,-0.08193911523534733,-0.45651749659756374
8334,-0.3643107885194673,-0.18919649154593712,-0.3253070239609831
8335,-0.2738667334437322,-0.2379283135283069,-0.2927625073526555
8336,-0.22866453755561908,-0.15405243296881735,-0.2799445608911135
8337,-0.23564660780218546,-0.16416753248283517,-0.2946384841428246
8338,-0.19917814809461623,-0.15503242872660716,-0.2548562136427673
8339,-0.20342917628162963,-0.2451399790100638,-0.2687138082023014
8340,-0.10448439397254818,-0.15870465559823246,-0.15184019333584572
8341,-0.049919873580421374,-0.1595980520483674,-0.16829223497153628
8342,0.05819890898962075,-0.06410410535776195,-0.10329044110415879
8343,0.04462122888710295,-0.09528257126483708,-0.1345572555036252
8344,0.08608844150456885,-0.08806825422251646,-0.08526842032284944
8345,0.11498141004889739,-0.11015393603473086,-0.05224907354335973
8346,0.129984509109497,-0.15344308192189218,-0.07722080720733458
8347,0.126147571910598,-0.1444789043246687,-0.03593129452623259
8348,0.06347817585623626,-0.24765497814753776,-0.09187972604193927
8349,0.12197768497963696,-0.1812994501374021,-0.11657272582135514
8350,0.06362921081219342,-0.1652206947044965,-0.19580454289641655
8351,0.06153877687465682,-0.11420313525522964,-0.25552259826595003
8352,-0.019439876074723122,-0.1084349489198628,-0.3061385063738492
8353,-0.056001740965553284,-0.07620143410990428,-0.39234931257852174
8354,-0.09681981906085817,-0.010392647443362426,-0.48377683010805017
8355,-0.10295125517892952,-0.03708358219428232,-0.5351263818226918
8356,0.013120354022629508,-0.00018710666437896607,-0.4009433177522252
8357,0.12481866446223319,-0.014052947063670745,-0.2341350087016442
8358,0.20520598296040157,-0.0005461391940013268,-0.11306076278470854
8359,0.19680905309985539,-0.04374383985674037,-0.13227446997658718
8360,0.2416153749005123,-0.02842318401689689,-0.1386315421741298
8361,0.24144647494236637,-0.08918989864445791,-0.14933089133620536
8362,0.2897244666506773,-0.12391988135414662,-0.15673796548221455
8363,0.2582723416568584,-0.149685873579377,-0.12950636089036802
8364,0.15238251526958912,-0.053991212577292017,-0.1415428184024758
8365,0.02182644918974817,-0.03945021039356582,-0.1738932031175065
8366,-0.09604008524431143,-0.03247651496689879,-0.2530674076970087
8367,0.0012672602370061576,-0.05587785971574384,-0.22729458008531847
8368,0.10791032746963374,-0.016640228576057715,-0.27579592527774033
8369,0.19854451673403367,0.006763916858377826,-0.27439665262663
8370,0.14278637664323887,-0.012753833319756939,-0.32663787269876327
8371,0.03179679244671227,0.0041521808785335,-0.2812538922628833
8372,0.03199151448539529,0.05343657581320521,-0.23012456625114536
8373,-0.023191783546994693,0.029410058551420752,-0.23082494452586602
8374,0.0230103450223218,-0.0036414956575902763,-0.15661607188375978
8375,-0.05473636208530618,-0.05645771480305305,-0.10197720198517878
8376,0.02503636848050909,0.04923907115126785,0.027824341657377183
8377,0.0008096438931397991,0.10789342938032004,0.11622094763181838
8378,0.08306494432956527,0.1358771256218285,0.1036157987117486
8379,0.10332400598569143,0.05392401697326942,0.039243745587291184
8380,0.10496063339749799,-0.03313574492686628,-0.06900707878748802
8381,0.08835968042657039,-0.06970194932326966,-0.06866615596731887
8382,0.0844287941166844,-0.05813509061632769,-0.05402976003201927
8383,0.08395733483020579,-0.07448675823300392,-0.011433632547865683
8384,0.10811068019688112,-0.0666556399153266,-0.04311105109058036
8385,0.12608065399409793,-0.05325094466916593,-0.0465040179184761
8386,0.16785212609151995,-0.022494797795706126,-0.09871738223174453
8387,0.1789986943596991,-0.012183931471343947,-0.1078420909415859
8388,0.14115966622695353,-0.03278785202933797,-0.15396127823579084
8389,0.1253635843680162,-0.06246892622526992,-0.2184045529719223
8390,0.12597632429730934,-0.08584564205137932,-0.221821129389902
8391,0.12959342382567707,-0.09466873564897521,-0.24895042660825092
8392,0.16816127398791753,-0.06624692509250427,-0.23126907168720268
8393,0.1690498530512667,-0.04695217549086573,-0.302511975361485
8394,0.1878338469256131,-0.03441036127842917,-0.3089493436638236
8395,0.18003378171012235,-0.008781812887146257,-0.28840362420383164
8396,0.1965165500229725,-0.009941743999546235,-0.23757026260346725
8397,0.1180842635151522,-0.039362588302061234,-0.2671574801571714
8398,0.09081751245208244,-0.08307008466524692,-0.2933382808946664
8399,0.017895246426749847,-0.13815803547427946,-0.2949128981480368
8400,0.026843045827234145,-0.08380965841812599,-0.19892511529186974
8401,-0.050469905827897045,-0.07505488429803027,-0.1674403343575298
8402,-0.07580429488952935,-0.018415244733468852,-0.19037863554086945
8403,-0.05877975755841769,0.023227744344023377,-0.2400402381344613
8404,-0.020891142078441425,0.07747941278970441,-0.30323782804147775
8405,0.0025458353458457494,0.14825341287943625,-0.3914560259763377
8406,-0.028911977232903195,0.14603641135441298,-0.5140863255138127
8407,-0.06981179243965235,0.1529238070014023,-0.578015663343426
8408,-0.11433492295376033,0.08942059455361147,-0.5591030179559855
8409,-0.09525277360056274,0.05470268742250069,-0.45079023594140083
8410,-0.0669101544815714,-0.003964079650368366,-0.34286503661502643
8411,-0.029586836318144544,0.03484957227486467,-0.2932010950520936
8412,-0.02446065030537497,0.05775021793734603,-0.2518004367629341
8413,-0.011453923683310616,0.11207220495065452,-0.2676069116568295
8414,0.010222937856384081,0.09786002492325623,-0.2759018406988812
8415,0.017917796880569655,0.03370046901329141,-0.2717130546318914
8416,-0.055286562576621484,-0.034690399540303334,-0.27581779835848047
8417,-0.16025727014801214,-0.04448524909617302,-0.2833248665201995
8418,-0.2658290157596828,-0.00659632394282825,-0.35501057954172466
8419,-0.25015959931744997,0.003360761241687066,-0.3296839492240103
8420,-0.2101434517401388,0.003930577008322765,-0.3279387978080672
8421,-0.10346262080096703,0.023366894617505605,-0.22257250708956133
8422,-0.008464243606459988,0.0896082464885231,-0.14866335147216472
8423,0.08465364876826235,0.06110365163646473,-0.001174935220598224
8424,0.058546647193855245,-0.005172983623705152,0.09643449063236088
8425,0.10321420340025199,-0.06760171750099984,0.13079296710786553
8426,0.10227081040088781,-0.016303415196962753,0.14316895975175412
8427,0.0944532114364693,-0.01674228522278127,0.09845127140704944
8428,0.022850030965478628,0.024470313397069135,0.10903474455291748
8429,-0.011543134326470477,0.05329361333137204,0.1457603337513136
8430,0.05256221448288357,0.1803098316814463,0.169406008572924
8431,0.07021711303615409,0.23001681869123364,0.15843008656503338
8432,0.1026984174573329,0.22827132229150476,0.10980887774858937
8433,0.08182372544943141,0.18246336062331353,0.06513662441647401
8434,0.10888557564508035,0.18247151329949632,0.07748297073237337
8435,0.06560562208079275,0.1447821955190708,0.08843269994935328
8436,0.03595447907269451,0.09120069875309834,0.10085022174687167
8437,-0.03345401973930648,-0.03495848164695924,0.05084869560505756
8438,-0.037682147128824325,-0.12111359290688907,0.0026140049429205794
8439,-0.008421717629635037,-0.1157669777087583,-0.00013571868998764786
8440,0.04521433558616701,-0.03853876757882558,0.009558329919926677
8441,0.09536520779781249,0.04890492149587275,0.042639855032457055
8442,0.09667953588543422,0.049683456714571916,2.8939926708509648e-05
8443,0.11638081751288167,0.055850418423337524,0.008955179417730628
8444,0.1658742115274756,0.02583672532997939,-0.022133387705044923
8445,0.19364921245928585,0.017838480834548472,-0.05143519521574483
8446,0.20220289596400462,-0.06134747371460679,-0.12456704136678187
8447,0.2111073553721709,-0.0688600738841993,-0.13134247797217838
8448,0.16260027541977182,-0.0523177162166275,-0.07127199225500584
8449,0.0666279804374944,-0.011591080578216229,-0.08272396107270921
8450,-0.03727464032031382,0.012370025919071402,-0.12765050804013614
8451,-0.03196110282623533,0.011232528838359873,-0.1791579512987777
8452,-0.05476917681133429,0.03753967182431475,-0.18310668646619466
8453,-0.08513150401331053,-0.022995816762877572,-0.25604792930865994
8454,-0.12484773418646594,0.0056548750885702164,-0.3305940017361764
8455,-0.13330660278302384,-0.04764740780675025,-0.4217521420873998
8456,-0.0854839319243101,-0.014519699693500886,-0.38235471002929283
8457,-0.08140905820850936,-0.1031504244619842,-0.46236039124103895
8458,-0.05926000513654196,-0.11580314293386088,-0.5004519233915488
8459,-0.09650342937458824,-0.10865815380551615,-0.5826162906408721
8460,0.021263094474982463,-0.015243579925677882,-0.45147827762133264
8461,0.12597833671417846,-0.008647286441141305,-0.28500410318983627
8462,0.2119041487388112,-0.006529956446175063,-0.16933558809425417
8463,0.16346663272200634,-0.055564104651020206,-0.1673715588999277
8464,0.07583600822117537,-0.056375617190660365,-0.20434700452575794
8465,-0.006335042728947185,-0.08957200409647743,-0.22597370693980454
8466,-0.03571603267134719,-0.10131501473885494,-0.23082573001783693
8467,0.01821996687091071,-0.08990836399217791,-0.21221923086520453
8468,-0.006360961040511841,-0.13962957214236096,-0.15831166085135034
8469,-0.07930945210540677,-0.17121342943742,-0.14808630095999822
8470,-0.15283532084578916,-0.22715861295950343,-0.15107930663088104
8471,-0.15749224022782748,-0.1967203068125472,-0.1371698431468312
8472,-0.14701557601059564,-0.1655032016796113,-0.024012088626066925
8473,-0.15672614617324437,-0.10680314574119787,0.09509394026118217
8474,-0.16195812906756402,-0.08250351067080067,0.14611367176851617
8475,-0.14029275652281067,-0.07722169215498753,0.10364170531590101
8476,-0.08349540916594307,-0.06286757604269613,-0.03846915619221503
8477,-0.06066212646578475,-0.08107353871622443,-0.08421428075877424
8478,-0.058015821777157105,-0.09983823511619883,-0.10218543005118905
8479,-0.09976400262606439,-0.15423625686490872,-0.00018608526134329575
8480,-0.10081654453143052,-0.10639217493979285,-0.03411423919340991
8481,-0.09537082046244534,-0.09464432782307429,-0.031555577482095795
8482,-0.010181622398808965,-0.02155020344483582,-0.10349464931688694
8483,0.039578436838625414,-0.01609308304956554,-0.09739158491028292
8484,0.10648316605291228,0.05833042697240298,-0.1636667340106112
8485,0.10288782041567768,0.071974098978866,-0.16494005053680927
8486,0.10960386693748787,0.08762959365003348,-0.17909377077879932
8487,0.06577367386005108,0.04518946295517588,-0.12478106731036781
8488,0.08575432474018865,0.07046072230717725,-0.16997425050501336
8489,0.08491842565172009,0.07716811598762621,-0.17144155822026177
8490,0.09767566022754857,0.09101764537347871,-0.1815697900891113
8491,0.06252950445416709,0.055866436307340346,-0.11936431260229285
8492,0.03973002242381155,0.028844692175313512,-0.0996226639636639
8493,0.06591748823207354,0.05539895247886515,-0.14099608293435273
8494,0.09403378857118173,0.08306708489915768,-0.17670732908273498
8495,0.12053103747577723,0.10835862040528316,-0.2126002841519341
8496,0.08632376196417417,0.06934812353716058,-0.1965197974720004
8497,0.0610475071665033,0.03779510982380876,-0.21216324696441022
8498,0.06841580987265224,0.039675273162288055,-0.2856129807145749
8499,0.06192856479630283,0.028522710502468556,-0.3243408082623829
8500,0.07408410121534705,0.05211477285709449,-0.2913120829165711
8501,0.039800578140452104,0.026736062983612488,-0.19463819358394674
8502,0.03278669232115152,0.030631774376731903,-0.10941040151036467
8503,-0.0010622449913968801,-0.012240762549118196,-0.0752991602762546
8504,-0.002845457111738054,-0.02085422792602579,-0.07005232367452405
8505,-0.0018010581232759434,-0.029552740252170476,-0.07586480023411094
8506,0.0005208504497561887,-0.027217958809617696,-0.07613181445137272
8507,0.0030506548351142064,-0.01815347519876202,-0.064826807456589
8508,-0.00933574070627725,-0.012923016517495828,-0.05953559421461284
8509,-0.02764060379141822,-0.01593209592744379,-0.039671131374150806
8510,-0.08154434996870355,-0.064377319915938,-0.006949658260551049
8511,-0.07300172648497263,-0.05044375649812911,0.00020381852937428844
8512,-0.058547298972330734,-0.04352509273844594,-0.05433423234001591
8513,-0.052548859760471585,-0.028556007976338338,-0.08417608519092808
8514,-0.08466514223436149,-0.0563876906752096,-0.08357867218362189
8515,-0.1068490572313367,-0.07653596393097599,-0.02884031348545171
8516,-0.11179455353411033,-0.09054869457860057,0.00431398295072786
8517,-0.10902464529130765,-0.09637355370050034,-0.016127158252417246
8518,-0.09697129332362148,-0.08126249458407585,-0.04786307292934261
8519,-0.07153354320496269,-0.041110782667122696,-0.12891231142419207
8520,-0.06770042984741755,-0.02509055628548049,-0.10412894674901828
8521,-0.057402375599681324,-0.010902849762595717,-0.0991497916260439
8522,-0.05391233593092619,-0.008188377514306054,-0.08110567953501868
8523,-0.054982588015808985,-0.06594407299539264,-0.10041134136417208
8524,-0.09559684458799131,-0.10620836042311585,-0.10180377840721554
8525,-0.12101616611419207,-0.14422585408570246,-0.08705679557824898
8526,-0.12808163453785035,-0.10653952960978696,-0.08901824965710727
8527,-0.126403788331533,-0.1133316512965377,-0.08013639176854721
8528,-0.119497909840476,-0.1166640199608357,-0.08867780910999508
8529,-0.1090982225666967,-0.08361589850828641,-0.08006901307532716
8530,-0.08421623362110864,-0.07765707771661791,-0.14746983339248235
8531,-0.03261393277259574,-0.04600829092488891,-0.1536099301769801
8532,0.027103237577721415,-0.09455456384804581,-0.155170475084234
8533,0.07664817141378168,-0.11496552891392847,-0.1125824270262634
8534,0.09039106457573153,-0.13433726201499757,-0.09750414725920499
8535,0.09004247443230191,-0.09408594025910533,-0.09793465599445843
8536,0.06925965260051038,-0.038941783641188374,-0.05914260347352572
8537,0.08011016198317535,-0.0274029819211091,-0.044281311330331634
8538,0.08804799565216663,-0.024432448377678807,-0.045528952926528865
8539,0.1023101409368671,-0.04112121004217766,-0.04030579656033774
8540,0.1015297400615212,-0.06299259066692629,-0.07053619895717861
8541,0.1029695820444979,-0.059330746675468476,-0.08045801801558772
8542,0.11895845575645628,-0.04804477376100324,-0.1471120674637284
8543,0.1254822718116004,-0.050368614271929193,-0.1752993832433593
8544,0.0853241341306831,-0.07267935966123582,-0.20416904425947044
8545,0.06315708700456718,-0.043216176043133644,-0.2000925352137752
8546,0.03400166879342544,-0.053805516487138653,-0.27515668671988597
8547,0.04671570828222011,-0.05717352740429184,-0.3442741289130847
8548,0.004149864155193833,-0.08369406317399992,-0.43921986644066197
8549,0.013210076600119225,-0.06817402560976119,-0.42500632072131106
8550,0.029352223967299747,-0.07574975373893143,-0.4188344134900196
8551,0.06030824548437167,-0.1194083870749989,-0.37995022073016566
8552,0.05486361308621805,-0.12829722677727737,-0.3822901007809256
8553,0.05508491426908432,-0.19918229912474977,-0.39510307243067166
8554,0.07018382381582114,-0.22048399917164513,-0.4099089053827898
8555,0.05732188536117047,-0.2748910080403683,-0.35019515672438567
8556,0.036211983491104015,-0.19979684883083834,-0.21976533775642987
8557,0.052515639641958975,-0.2295212864260346,-0.07712117424666082
8558,-0.0017324557874437941,-0.24722674269794825,0.04616014885635332
8559,0.020381501508888674,-0.24246558735946877,0.06686912321183175
8560,-0.08688440208310962,-0.12136412937191608,0.028870622227582906
8561,-0.08276847835834389,0.0014201664876317102,-0.044323985739718824
8562,-0.14009412957557982,0.03679368380815186,-0.07354807207009843
8563,-0.09703305627785579,0.01468424170333356,-0.05516338989808245
8564,0.002292384298554217,-0.00565920267120673,-0.06725273421900335
8565,0.0298350239576753,-0.113024750545962,-0.1574632854070139
8566,-0.0038045764809160085,-0.187485339168724,-0.27986840780793454
8567,-0.09199999013988956,-0.24375513623638304,-0.3202578490282547
8568,-0.07073170441587105,-0.17428440773936416,-0.3052840967484474
8569,0.036508531834433304,-0.14022289411693775,-0.20269061260806656
8570,0.14718875059583633,-0.10299654992266637,-0.1920484312655088
8571,0.23913611136258417,-0.10329201312014717,-0.12705631869876333
8572,0.26731037623654896,-0.048774044972518596,-0.16008054905911792
8573,0.26714225508732126,-0.01001467865718771,-0.12174055395356845
8574,0.250468931865262,0.03170397324384621,-0.1292299806580842
8575,0.24682931062615696,0.010638233336797,-0.08424083194259531
8576,0.2545428709070928,-0.054287209835331925,-0.11340111683660833
8577,0.19791231841361112,-0.11130584040134128,-0.13668222112385617
8578,0.19178016201243733,-0.12287175741422288,-0.1335834023500492
8579,0.14195638759139279,-0.1091134808654136,-0.13933138031932685
8580,0.14134431119332344,-0.08222537139244772,-0.17011598806906864
8581,0.08738823159045632,-0.06507182765428832,-0.2356998294640077
8582,0.003670257071053189,-0.06603514021528761,-0.2565186208380565
8583,-0.09065894044910422,-0.11369222982882156,-0.23864880599850927
8584,-0.16137688339069023,-0.12317051024632682,-0.30919752819981317
8585,-0.15045235586019068,-0.07897154450203409,-0.3609747589565884
8586,-0.09115967352206628,-0.04092456290204383,-0.44054345959369884
8587,-0.05743071393834333,-0.04318859198749487,-0.4114815645426086
8588,-0.09762076107472849,-0.09344166620256782,-0.40420725905862914
8589,-0.14447571008275184,-0.08419415528218105,-0.3925419786661652
8590,-0.17800156081458973,-0.09550189097402932,-0.44112377271786246
8591,-0.17500269370022997,-0.04121284942935688,-0.4610096746931037
8592,-0.14907375249800228,-0.025776164968400028,-0.47455367466412224
8593,-0.11072716393297154,0.053593740562934596,-0.4337970377523027
8594,-0.04394596160893616,0.05800322238073851,-0.364512368010508
8595,-0.05392378756701803,0.053193958099725595,-0.28486110566805406
8596,-0.04801493336013977,0.008138137064010753,-0.2920324174147179
8597,-0.04719377211860436,-0.01107690827561142,-0.32847934862718264
8598,0.007096208112299917,-0.0028662250291547897,-0.38544759260119155
8599,0.0716433096608736,0.005556642674153752,-0.40237038530874275
8600,0.09979516473768925,0.03819427630182112,-0.4269034951839299
8601,0.10552231339622445,0.029448717620693853,-0.4592688107505362
8602,0.0839011836793345,0.013527895496650759,-0.45548893760149634
8603,0.09163045598932248,0.029134320008759748,-0.4130237265081051
8604,0.11956840807360151,0.07392304570660185,-0.3088646305711332
8605,0.1358186614681781,0.10832695006583191,-0.2552078678941151
8606,0.10086522280884429,0.09272761717625023,-0.245183321553528
8607,0.10760733490146379,0.10584865490820053,-0.32723072395682196
8608,0.09240845903385854,0.16326041501036662,-0.3662862045449471
8609,0.0792482987691599,0.19988317996499214,-0.3706779701209864
8610,0.04991984773134795,0.21813709856203053,-0.4035052242644351
8611,0.044831312577180864,0.16484283886638026,-0.41682662739555365
8612,0.05158511119930158,0.1416673146286604,-0.4679711394446983
8613,0.09345217125352873,0.10011449506562023,-0.3854122281563561
8614,0.09796607237038439,0.07508837375479747,-0.35370743825860984
8615,0.14712424516942788,0.06377868006417116,-0.2902216893911852
8616,0.166604429319268,0.08162107792797514,-0.30378578540669887
8617,0.2445977712476962,0.13677427462462613,-0.30021653579638824
8618,0.3036898621635995,0.1831440425261019,-0.3332099209579224
8619,0.2944169985381236,0.1829559432752574,-0.3802236556308645
8620,0.19340068997187293,0.14892630421490805,-0.4877648410980107
8621,0.11450116066656402,0.11900147580145762,-0.5216922255846947
8622,0.08590736550755759,0.09794831696000314,-0.5263174033846757
8623,0.11246335998609697,0.11122818811215718,-0.4606058313961824
8624,0.13430236172967702,0.12383030656839385,-0.46062967247680187
8625,0.10050282716694005,0.1065945038311132,-0.44620123636572634
8626,0.06014527313241187,0.06931007103262812,-0.4489034098517051
8627,-0.01771186306194165,0.004311828865508561,-0.47204018199190284
8628,-0.019033784290024214,0.005846986602025974,-0.427705524831716
8629,0.011318538856910467,0.00988416073989114,-0.44833987529600305
8630,0.08357168485469536,0.05714354914731772,-0.38964594933371455
8631,0.1002203437870935,0.050661093254350455,-0.432025712313797
8632,0.09908754982558793,0.07561171013514278,-0.3991348489490324
8633,0.09627313115292878,0.10367751130067039,-0.3620453958392628
8634,0.08621977468849225,0.16810203742561736,-0.3247067045654857
8635,0.10252818564767892,0.1584812605482689,-0.32540685161919575
8636,0.11183772544832919,0.1471774125930087,-0.37030339562726944
8637,0.14921329018791676,0.13816924940451228,-0.33502906881651767
8638,0.14373423745221392,0.1507793129462842,-0.38787879046132057
8639,0.09784699623166798,0.13456111100801796,-0.34113784635562044
8640,0.0640448562998012,0.10756964547483575,-0.3426225072323855
8641,0.04309367717060202,0.06910780498956273,-0.29157710859608515
8642,0.033650077371969164,0.017207081894973424,-0.31330299688683955
8643,0.012462507271211674,-0.042106471239999554,-0.34640159903478
8644,-0.06637094354094081,-0.046798115183271656,-0.42735026044267466
8645,-0.12928882577018003,0.014819972232418066,-0.4928989216109113
8646,-0.20832074094640524,0.09124058704537584,-0.5758630604558633
8647,-0.21431798982492917,0.08140777190963731,-0.5587022684800509
8648,-0.19105043237360844,0.01611595521575319,-0.5571652564512404
8649,-0.17052328725426075,-0.03448771487050427,-0.5131420358900034
8650,-0.12128611053780762,-0.03949883645625976,-0.4819666040915006
8651,-0.1370197448247106,0.02645662785364738,-0.4467743101682259
8652,-0.17024046676745033,0.06772319234610036,-0.3802408938239287
8653,-0.19066646535540444,0.10865989946780066,-0.33341117759908984
8654,-0.1555701197952719,0.08939698137142435,-0.32116953176194823
8655,-0.09181164413027386,0.08411762048389025,-0.3660275468572082
8656,-0.03953269184245694,0.07122698688559999,-0.4224249725686315
8657,-0.010063563910120659,0.06253595352158084,-0.41398228518475394
8658,4.596082169703983e-05,0.018644964263252514,-0.3983669875543628
8659,-0.05920531630004687,-0.027203837247824197,-0.3559855909037365
8660,-0.1114753469640379,-0.06690715961712805,-0.34562210943734445
8661,-0.11820875888010525,-0.06873713454768403,-0.3713690711965356
8662,-0.11406875349543755,-0.06202170743248585,-0.425501533880809
8663,-0.07064566309830038,-0.04164178466056929,-0.4644520707502638
8664,-0.05301379426894546,0.009581448600041616,-0.38896735693261353
8665,-0.018034145143026797,0.042332918669657736,-0.3197144847550243
8666,-0.02245558063968953,0.06151312877264522,-0.2394867352362415
8667,-0.03466974752099493,0.05945533706958578,-0.217968085234848
8668,-0.08649437556730172,0.046831132971874544,-0.31250325827827413
8669,-0.14006554020366416,0.06929400610053062,-0.4784620840367241
8670,-0.15673802745293605,0.060866205162229604,-0.6504377004203324
8671,-0.11835920116102139,0.09295519151293953,-0.6224541184877252
8672,-0.05603248066030587,0.09470868838318872,-0.5238142751460897
8673,-0.08619218951707902,0.049939313581229695,-0.4564008857385719
8674,-0.11906496197516048,0.02204511386031005,-0.4194588771960405
8675,-0.20469254803841183,0.009763057464326604,-0.4031456352306544
8676,-0.2185114682512819,0.0443157183154573,-0.33510145406558395
8677,-0.19620563375644187,0.06759310722882055,-0.28628808678993195
8678,-0.13217056650734058,0.053533129481066075,-0.22538389909435907
8679,-0.08805948043118922,-0.015833079958307184,-0.1661167512274205
8680,-0.05453933523765531,-0.0856943426145796,-0.15721832418918905
8681,-0.0383759317541251,-0.12820036252663794,-0.11220301748687138
8682,-0.0023994147543045957,-0.10591990981193473,-0.09454904107049487
8683,-0.018845897154222812,-0.07609554494075191,-0.050623271643272176
8684,-0.0438815419715095,-0.09476762429012053,-0.03735883980983921
8685,-0.0743013827659167,-0.11893005154694025,-0.051297682868176556
8686,-0.05580903366699668,-0.10917608989992172,-0.03984363906811251
8687,-0.03301729398971857,-0.11801151203076093,-0.061638996412971825
8688,0.028990685231168285,-0.04175687144405291,-0.03979326731496422
8689,0.051648150351981975,-0.0111560088136897,-0.04852881466969693
8690,0.07057108689581418,0.05396469318043911,-0.055746014742147035
8691,0.06494924377040061,0.04517975229521815,-0.09440523687424977
8692,0.08064498976053738,0.040841842526405735,-0.10655772989728408
8693,0.08574162740597803,0.027386942993698815,-0.08713423161145675
8694,0.0774346393741961,0.008602852835205359,-0.06298040064292401
8695,0.05336970038323723,-0.01808463979653934,-0.06081108300081187
8696,0.04877819990285662,-0.017419403474392928,-0.088320759418561
8697,0.05997489267510376,0.006157695558548375,-0.12789501090976235
8698,0.03610435275359344,0.03898432392177016,-0.0946150976583991
8699,0.00605765813526037,0.07566739108920459,-0.03584074808606776
8700,0.007334337712046393,0.07263303028771734,-0.007022619099675344
8701,0.018717937967034578,0.08347236818929402,-0.045028789174598904
8702,0.03422582355645418,0.0887192925884544,-0.11371858487803455
8703,0.02611912582693868,0.09994669018509696,-0.14045471330209297
8704,0.05958670849920159,0.07124194175179824,-0.14952809234738051
8705,0.1108907534775229,0.0350378224951926,-0.1274230714621238
8706,0.13937219685182,0.010228903532959042,-0.11254202292710778
8707,0.1262508878521836,0.015262630724327634,-0.09445391634271393
8708,0.06652765750565329,0.0013995411304608088,-0.06230834848244405
8709,0.011678946172432762,-0.07314037169504231,-0.0466825033509936
8710,-0.003400347244797524,-0.11725605558617087,-0.06397901663200033
8711,-0.008817746797482508,-0.17610105346108113,-0.08501543267107999
8712,-0.07903355054622523,-0.10594024627143522,-0.03971881011022281
8713,-0.10716621866087314,-0.06277242898221767,-0.02222715826819479
8714,-0.09726362659854693,-0.0002349544968441885,0.012224241828644483
8715,-0.041379726858597206,-0.0023472822618258596,-0.01867816676977454
8716,-0.0801053745754048,0.02666601536597794,-0.1472685758780009
8717,-0.12714893934049296,0.05076479965687572,-0.3046080577488892
8718,-0.17819190121425976,0.07727898183388732,-0.44266690057643726
8719,-0.1572155259760547,0.04477381728432363,-0.39438565192454456
8720,-0.12326374142876301,0.03085496615083523,-0.3297436495824086
8721,-0.09320696233008922,0.0264990345912098,-0.27487576780400125
8722,-0.12081372297722034,0.05253548601506898,-0.2656433089426008
8723,-0.13985985372843324,0.08886272107172777,-0.2767980522473403
8724,-0.11777347867303338,0.06914260783568581,-0.2261016424432018
8725,-0.06980195902335251,0.028933854392722193,-0.20052220280575422
8726,-0.05500222954132788,-0.031243429054507717,-0.13675886636994858
8727,-0.077042442415176,-0.07064133509103028,-0.13734114616287385
8728,-0.09253484162588206,-0.09044301849546699,-0.058157221134643264
8729,-0.10538543385868784,-0.11451163706576457,-0.02474878337000541
8730,-0.11057736744191651,-0.11094321395518948,0.014493633109792913
8731,-0.11106012012176156,-0.10539579238950667,-0.05345115508019225
8732,-0.06667256917871538,-0.07631412892225382,-0.10573438929461668
8733,-0.051700943454231665,-0.07712049371196147,-0.14033341623447626
8734,-0.025693987538800016,-0.07566319409292935,-0.10647427816547377
8735,-0.02801257979923594,-0.10456413999911378,-0.08180580035024705
8736,0.02847397341826984,-0.059013643624082394,-0.12737676931810396
8737,0.05211577032119763,-0.04878764144225639,-0.15569041199693956
8738,0.0865217177703432,-0.01318643054912769,-0.22600154723543978
8739,0.05513586555706322,-0.02017964618105146,-0.21739591902206118
8740,-0.003155644459325975,-0.01767975916626104,-0.23735449238140227
8741,-0.14158620551529838,-0.08970716901452142,-0.3177984888108035
8742,-0.24285588270484063,-0.14964096255726783,-0.419015382229186
8743,-0.28837761849661303,-0.19221301218684356,-0.4676181522245978
8744,-0.31210801817342343,-0.2062674620100997,-0.48429608821640424
8745,-0.2890766737862485,-0.2568691245811893,-0.4913084935982707
8746,-0.2620619881636251,-0.2859072975210366,-0.469367143510265
8747,-0.18885015518834586,-0.3045151426612702,-0.41142081791320767
8748,-0.13102025907035317,-0.30149979778516295,-0.31700412066567424
8749,-0.061345697336154796,-0.3208217477557485,-0.227126080927825
8750,-0.03190909778312123,-0.29282354941331845,-0.11534462754836042
8751,-0.03959852919630954,-0.267391379305389,-0.06659451475046145
8752,-0.10452073757313284,-0.1895050862879835,-0.09967166117654758
8753,-0.14357155660113846,-0.12113677743731117,-0.14385845844714573
8754,-0.17434630871976287,-0.0666358442121585,-0.16433513084210416
8755,-0.1587183422511542,-0.05784915892339231,-0.15026454271285875
8756,-0.15995687667007322,-0.033312074679241514,-0.17679102170181396
8757,-0.13809815276332146,-0.02741192223418495,-0.14133847104860556
8758,-0.10475930789079575,-0.029742169061433066,-0.20607913796445088
8759,-0.058881436009156705,-0.05835968892457387,-0.23978323174074356
8760,-0.05102447329035995,-0.06614963800462272,-0.31074909974285764
8761,-0.06721930832408075,-0.05948889314446644,-0.2893158085176437
8762,-0.04552484873532789,-0.027081498773926117,-0.2208774061720948
8763,-0.029244175106589134,-0.015322344450255236,-0.1972710777838032
8764,-0.021887003032310056,-0.005712147577104069,-0.21686366398647772
8765,-0.055910962879971805,-0.014712861846308786,-0.26180809715767334
8766,-0.07937163008632127,-0.005887394564500695,-0.30684440717688755
8767,-0.12908091030829727,-0.04898529091349514,-0.28227518762337134
8768,-0.17930687633450443,-0.09660394744328422,-0.27455844627526427
8769,-0.17072430167054053,-0.12168318843792383,-0.19330587996201717
8770,-0.08150373168167785,-0.045900972616258376,-0.1782379441966132
8771,-0.010710849631234176,0.010621440278358837,-0.1231547120752715
8772,0.04535871801803142,0.06006892304594271,-0.1474282189268751
8773,0.05676258999993627,0.041245678004942075,-0.1216193433369078
8774,0.08137518724491231,0.029298887042143392,-0.13746511471634024
8775,0.0562633795349927,-0.055512747859809884,-0.15243619939868336
8776,0.02639041993042105,-0.1295693437646304,-0.15179701189602984
8777,0.014861463992537856,-0.16977987040985823,-0.11265540530149867
8778,0.006502744183928661,-0.17759618262182847,-0.06294097829107248
8779,0.01313972979202996,-0.1542412984489592,-0.05000510903076153
8780,0.04221030856087432,-0.143023216591419,-0.07255394530649192
8781,0.05913510867513163,-0.09354441508152671,-0.08233630087023576
8782,0.0701417279055219,-0.06525079059675506,-0.06459627208150388
8783,0.024538721070035647,-0.019855361737559307,-0.023707689358058934
8784,0.012142341568478354,-0.01545079575570778,-0.0059989107601665205
8785,0.03377775919299301,0.012553165942704418,-0.05559340909535409
8786,0.0866402675079311,0.022706073210107848,-0.1162765024939682
8787,0.12412205829952892,0.017374571989559322,-0.15822431298494324
8788,0.04125751433720279,0.06840038124198927,-0.1941810652214956
8789,-0.038534626129167145,0.08451204699780343,-0.22074779443110173
8790,-0.1032583829789455,0.097848598769301,-0.27505955532511817
8791,-0.09383749366462472,0.10033197682885918,-0.28311446773305227
8792,-0.11335935677340708,0.10144484615129223,-0.25010633197987536
8793,-0.10717658176270126,0.04587103405369361,-0.24805125742972076
8794,-0.11708456836750382,-0.06759834006868926,-0.1943370994332006
8795,-0.09893642806233496,-0.15107065496454855,-0.20500570101604165
8796,-0.04618289949878097,-0.16362718909094495,-0.1633291172850823
8797,0.026940784892163897,-0.14743682194533192,-0.18920199584797365
8798,0.091280458796008,-0.1413995736628793,-0.1930538902666649
8799,0.09166740877905043,-0.12152081345537445,-0.22169147313172588
8800,0.08487845803031928,-0.08075077644773929,-0.24982070128028275
8801,0.09290792082479578,-0.049208177174493974,-0.24550173094582575
8802,0.07322913212392299,-0.02801196975717278,-0.24368098165965835
8803,0.062262565591049944,-0.05760710092434549,-0.2676178025362861
8804,0.04923727751204942,-0.01883512008392867,-0.2827356857468131
8805,0.07563062005394414,-0.021385208525187938,-0.2954418704785152
8806,0.057323121256320636,0.00893696309557179,-0.27978915164476054
8807,0.03908468192550079,-0.008469512737359675,-0.30571778716067877
8808,0.00875965019360342,0.012146877731652702,-0.30154308370996175
8809,0.03576726903897327,0.0022133808264423282,-0.2518506018431543
8810,0.036380607863273275,-0.07312452876851648,-0.22649631758993427
8811,0.022972205604858284,-0.147025095116226,-0.20459189854133308
8812,0.0267525743477794,-0.15127189838000785,-0.17481461011259078
8813,0.010726661606883252,-0.11656904366112367,-0.12636371962910828
8814,-0.012796054452022601,-0.07657145359060702,-0.0882047936041066
8815,-0.018565618166741724,-0.06976046999546182,-0.10273317185716105
8816,0.022732020772641994,-0.03921222964892553,-0.12775798862772952
8817,0.07089884799896302,-0.04553501548248174,-0.19261829811419098
8818,0.10353555821165414,-0.06077168364986617,-0.24036499238473655
8819,0.13135405201153405,-0.15628797798485758,-0.3104324043837463
8820,0.15530126397057473,-0.26662196838244606,-0.35080744032393274
8821,0.1667616054108065,-0.39792365861809087,-0.3749029966166502
8822,0.2168908280207808,-0.4217324550999033,-0.3684830857469285
8823,0.19451065565134026,-0.49286965237917957,-0.3892823071686313
8824,0.2026994552361003,-0.504326763959448,-0.4116990058557686
8825,0.1699236408604793,-0.5174884286221698,-0.45257698635592597
8826,0.19459981601860918,-0.46636281467551155,-0.4680069776693765
8827,0.14273458635178207,-0.4466501918410264,-0.4383039413180338
8828,0.08111753317303327,-0.43057783569793995,-0.354206446160231
8829,0.015951928791468967,-0.3341114300754024,-0.19937259561473183
8830,0.010879057562273715,-0.2286355862390078,-0.13593277627201514
8831,0.060047977243022944,-0.12245062570431285,-0.05751086019095514
8832,0.10863514461882177,-0.06175060023596989,-0.06611970653044912
8833,0.1312998148951138,-0.026026895437441133,-0.04449178689991301
8834,0.11774764544116645,-0.07028121668354233,-0.06479307442444954
8835,0.08526374738221432,-0.14490443015763446,-0.02566119484401411
8836,0.06747458222807767,-0.2060649359514036,-0.007794892723700128
8837,0.05123244982299118,-0.18590368060141424,-0.00833466264450439
8838,0.05483161881944897,-0.16841054049824308,-0.046961944868835225
8839,0.04427129444989701,-0.150070279198243,-0.11614719886028207
8840,0.05524852182034885,-0.1129710621524495,-0.14440689360402706
8841,0.014169132891420303,-0.1743295865068556,-0.1545036729926351
8842,-0.012821810498304262,-0.21263514815473225,-0.09772060335066955
8843,-0.07689932529464981,-0.32361242368683674,-0.024753244992023957
8844,-0.226635598818345,-0.28708064256384613,0.00942400149405379
8845,-0.3216998342955204,-0.22697794716185524,-0.002334292054008073
8846,-0.35919081242232836,-0.13313517162363372,-0.054528177119478646
8847,-0.22684663476107608,-0.10897446488850789,-0.08543129728550618
8848,-0.1630892016843571,-0.12447782949539483,-0.044808352244096385
8849,-0.12386977529206812,-0.14793323855144683,0.001959030875673056
8850,-0.11354811383487605,-0.11079514709215195,0.00602023686977209
8851,-0.1114704785688242,-0.09622652631544212,-0.017615795886291478
8852,-0.1264757016109786,-0.07286221138935593,-0.03459243656368262
8853,-0.2015206216994681,-0.1044289127635705,-0.018921874305573943
8854,-0.24335306917429878,-0.12044078004203476,-0.015893786681100277
8855,-0.19151969312397324,-0.09269617857553232,-0.050745268269945
8856,-0.11029589063070516,-0.024415824777413057,-0.06663906013299015
8857,-0.054348275887360735,0.03562053480475635,-0.049815194310478754
8858,-0.03064060735863631,0.07092224294664222,-0.042640359801442665
8859,-0.018705592141745983,0.08602423541819845,-0.040615960821917305
8860,0.04222176146176984,0.11236694246059754,-0.11168895982889925
8861,0.038960262515582336,0.11154294343150153,-0.11248271822470098
8862,0.04689700538032424,0.11865468333894622,-0.11906422858124925
8863,0.010526393170293332,0.11177338976961874,-0.08094076855465683
8864,-0.05935740833660343,0.07890508757751202,-0.033084202143579496
8865,-0.14990213254443158,0.01819327945077514,0.02516087949691415
8866,-0.20711099313516654,-0.029877894817494116,0.06697563213147267
8867,-0.21931058926578795,-0.037108294196781126,0.0848795675923882
8868,-0.18385086953646576,0.00374688225511095,0.07898556570621171
8869,-0.20449098756889877,0.017063796884662998,0.10228896804813215
8870,-0.1885995659610615,0.032003972856907516,0.10669703631355931
8871,-0.1899930784364205,0.02541138921485895,0.106274784194445
8872,-0.12121820096357662,0.04223806646215101,0.024091964059467966
8873,-0.12803837565997653,0.007166329148521812,-0.08161602936251527
8874,-0.11712199724519834,-0.01070383096291299,-0.19065033283851945
8875,-0.1773035087753453,-0.0774311140210997,-0.18075302477525634
8876,-0.2397828450400078,-0.13040355037238843,-0.15706969333919277
8877,-0.3288071779563969,-0.21211181456355319,-0.10529273335108563
8878,-0.3824833919140118,-0.24459122106624917,-0.22430449815735656
8879,-0.41688691586200477,-0.25542855845080614,-0.29296407966116034
8880,-0.34747542542732424,-0.18427808718036212,-0.27355839208383526
8881,-0.2845831713921351,-0.1229923785801838,-0.16169595241594503
8882,-0.2559715706280592,-0.08554965991879653,-0.09771082719268463
8883,-0.28778390158019335,-0.1429886600405475,-0.10445638995387985
8884,-0.2795677461897092,-0.17992818091905008,-0.13914989425856278
8885,-0.19556228192587574,-0.12824849622444184,-0.11883292162451613
8886,-0.14444940810069573,-0.061415677481044456,-0.11851099089050852
8887,-0.11509573772077795,-0.004151284133245419,-0.03014102226174825
8888,-0.13295434098113265,-0.0202264348096822,-0.056015419661924803
8889,-0.17243900039851565,-0.03478301239883201,-0.14551353800576727
8890,-0.20565657284901973,-0.0327814192750632,-0.2662739959199261
8891,-0.21182818795440994,-0.013472506942584658,-0.32883138841834847
8892,-0.22404425279329374,0.01400100144372625,-0.14246450536741026
8893,-0.24087176206400568,-0.002433022632874094,-0.13194813450277895
8894,-0.22791142374495227,0.004487298315493829,-0.04924491771435585
8895,-0.14538426977637506,0.03837615539277828,-0.13372808742896872
8896,-0.06344251585833452,0.13692378600370794,-0.038295027500550284
8897,-0.018057958463988895,0.23517515569771005,0.05974566980303388
8898,-0.07769313169031564,0.2080415121905011,0.10384571646791516
8899,-0.05281262000728153,0.1839637142911965,0.07312280206395477
8900,-0.08503369392600106,0.08458111181879217,0.013579322386989529
8901,-0.026424240882894152,0.08394362718903867,-0.0324386652729097
8902,-0.04715102850014641,0.04554717014033333,0.023099364647416736
8903,0.000764511584623977,0.08136218354263686,0.09270295541730074
8904,0.03714324684591261,0.1547649347488516,0.03567839034069483
8905,0.0075454056327117595,0.15870180497749997,-0.037479686312428276
8906,-0.03469003463298476,0.16732507339993327,-0.11215599976964245
8907,-0.08129836230794879,0.08118151965349625,-0.037033687128092505
8908,-8.13248886036481e-05,0.15663337613209338,-0.016871414844597796
8909,0.02535872645348894,0.17619077832106367,0.049899773618213863
8910,0.047908202974872985,0.23384916199715539,0.09197911514000923
8911,-0.004355589254085446,0.17800674723820134,0.15868861672164003
8912,-0.0007493750242268415,0.15622179935372138,0.15229868390296275
8913,-0.006982541380363973,0.14847091035753837,0.1264697007886046
8914,-0.005563900483772201,0.14604728511688606,0.11915245574657131
8915,0.04031534451095401,0.19840730576890056,0.22362772214760773
8916,0.039081519041839534,0.2700558916113292,0.38554815717648355
8917,0.07171655624634171,0.3350085974369972,0.48794193708014794
8918,0.07788073126724657,0.3396254282029476,0.4428908240207487
8919,0.025791565655337485,0.26325630376825365,0.39771528434676645
8920,-0.041158124710493335,0.1455528019090532,0.36515804962383586
8921,-0.16633279285396138,0.01954754688542658,0.3905965008693477
8922,-0.2185585911687391,-0.06970071293398397,0.4023820557672271
8923,-0.22429759198934862,-0.05748867376897282,0.4477725024902874
8924,-0.17076822582870946,-0.011818869799245908,0.4205461448865379
8925,-0.1093897086541684,0.043624660558473305,0.3995278433906127
8926,-0.06864169163757863,0.08802953429385472,0.3859584328217691
8927,-0.06897982783919004,0.10834332621500878,0.4264143349447008
8928,-0.03876752443619049,0.17064672349827942,0.3460667498902504
8929,-0.0701683133701626,0.17744103312326145,0.20126150815483657
8930,-0.026453684643833252,0.18942974271375476,0.020460799891032527
8931,-0.014885595378801332,0.07933661206894685,-0.10031276545414015
8932,0.014184995728445917,0.03099541610245729,-0.12087850317377521
8933,-0.011901551989946574,0.03754860059602599,-0.09083122860746509
8934,-0.013405116308778189,0.13498132686016878,-0.053957180580389376
8935,-0.030666378942304465,0.1711033642978699,-0.0758602311003454
8936,-0.03270779418043052,0.19070861149123058,-0.11204467816870968
8937,-0.026244094715043374,0.2594710990038976,-0.046487065504737614
8938,0.05633061953760619,0.3169299261665835,0.11991440431691523
8939,0.10317482615797438,0.33613287516263396,0.24815878621175358
8940,0.18470308704751112,0.27637857319075304,0.29280566545681086
8941,0.19875876546193644,0.24406861720589398,0.26127848792146335
8942,0.1959804091504919,0.16485403790219236,0.22785147438568942
8943,0.12789400974840548,0.07445926585355873,0.18124934879608498
8944,0.11473083045229465,0.03698614099848794,0.1309543034469336
8945,0.13136737039317214,0.03317723135939551,0.09420555625426635
8946,0.17923711944475995,0.06836402975011126,0.06477556470771453
8947,0.18040955545618317,0.06730498326733088,0.09381914963295553
8948,0.13362637766358598,0.07441895918777348,0.11189027048302262
8949,0.10586032631430185,0.039680605305665854,0.07690180732226308
8950,0.085280762551505,-0.07843600158102465,-0.0382175787515752
8951,0.11691810033139817,-0.21329719106328374,-0.15969933040404832
8952,0.11694354435519078,-0.2573215999713895,-0.19954689208738394
8953,0.1278356082303343,-0.24678209912453813,-0.24919826838195344
8954,0.12945021189213438,-0.23956771319442413,-0.24527553879972186
8955,0.13310741735512846,-0.2865138852903635,-0.23361955919224708
8956,0.1126350676058288,-0.3190774407577181,-0.186591460008302
8957,0.1087681936628633,-0.30749363578882566,-0.2183342726398266
8958,0.10721293625420839,-0.2626079133544661,-0.24368621746083918
8959,0.12688810104664858,-0.2175198483240766,-0.22378509931888865
8960,0.14079730694159567,-0.13364605930474677,-0.11527953999124055
8961,0.08281765565638097,-0.05719170065713804,-0.029148517166124717
8962,0.0009810263108249522,0.05423765183084703,0.04841144202031219
8963,-0.0979261307249082,0.11838486520034101,0.012326952375316853
8964,-0.148977496291245,0.11175005775167869,-0.018067261934858116
8965,-0.1800764260353494,0.057622128385333524,-0.09211135545071546
8966,-0.17633025171700814,0.026455986427460117,-0.10224699332197669
8967,-0.13064662471493985,0.051032376302412995,-0.19297456129680787
8968,-0.12167944940074403,0.08334875832376401,-0.1704988092609594
8969,-0.09167926345698622,0.03592988853125511,-0.16332588103194828
8970,-0.08909872307358346,-0.03983747951991527,-0.06830866467235294
8971,-0.03629861971526659,-0.031125661871014714,-0.08016716573659384
8972,-0.036761676879788284,-0.013710867748545975,-0.05650069093341013
8973,-0.030669668660325028,-2.077397098865377e-05,-0.08221477136216818
8974,-0.037146456385158504,0.010066339357955477,-0.1017636472469764
8975,-0.011009586861325107,-0.029911563677521937,-0.18189538630953198
8976,0.0012721336944787089,-0.06739814032403563,-0.16686797584775262
8977,-0.04264361229038564,-0.23653023560356043,-0.33555077329381156
8978,-0.03632203336290131,-0.27594355307418844,-0.38710644946420686
8979,-0.08795994730980689,-0.3374343731234041,-0.47737823251480316
8980,-0.0772294818571448,-0.29875111031640406,-0.36969060731209047
8981,-0.11335290221041786,-0.2940115562607122,-0.3784911372273926
8982,-0.08131462710505172,-0.2482938422396335,-0.3877976167921193
8983,0.005142950797829119,-0.14681582051164274,-0.3989100556369703
8984,0.027946207407759084,-0.09609583493128544,-0.3438941309038033
8985,0.055037873076109155,-0.03954620459689641,-0.30340527782178395
8986,0.013682292052148687,-0.06377881329865087,-0.2361476757456106
8987,0.03158940859415102,-0.05732857844295945,-0.20070453376377723
8988,0.016176284173783882,-0.04804857003674093,-0.14186717682767191
8989,-0.01753726648049828,-0.04839466380262699,-0.131785614746553
8990,-0.05092729607046818,-0.07312163425796263,-0.11591696154839214
8991,-0.044702808535757935,-0.09858999056296244,-0.09991228822929699
8992,-0.019788496327478797,-0.08719223975282302,-0.07959975089290146
8993,0.01754712479708727,-0.05446692464988203,-0.06620541531825185
8994,0.03535393854225392,-0.018647091930600688,-0.07867251779919122
8995,0.05989858916000457,-0.01199980342683164,-0.0857350850926518
8996,0.06897414852169308,-0.006239986111637251,-0.09133149513690442
8997,0.06598215599120669,-0.007957382434120416,-0.0966077464353547
