frame,c1,c2,c3
1,0.2680391533954505,-0.20053752902880623,0.2050305466493106
2,0.3591090687203769,-0.24715010247578997,0.08222349486617042
3,0.374911079071207,-0.24952318840182006,0.01160440188204354
4,0.37643668336814795,-0.23829860221743476,-0.04988618449525389
5,0.43149166702902814,-0.23785858575337473,-0.024999513093404285
6,0.5312912153588893,-0.254182276694246,-0.00578976631632821
7,0.6188267020753839,-0.2292126345082752,-0.0148044044593676
8,0.6122803335834553,-0.1809380679949881,-0.09389802992467575
9,0.39285597994663796,-0.11671946662861804,-0.10246451165616906
10,0.18928922126093128,-0.04425251724180979,-0.04612339344352045
11,0.02090544550103956,0.02069241150142395,-0.045274938989081234
12,0.00453254814232507,0.031723569406451047,-0.03815587653467256
13,0.038414172531065924,0.005189596681508297,-0.04119597962431131
14,-0.008534044826393788,0.03539689760646694,0.04188630720109571
15,0.017014304515006125,0.05160041367691299,0.1021222902090754
16,-0.01685264447726653,0.0763833646974768,0.15178844778428013
17,0.03743521024609373,0.022631828659584984,0.22868099257635943
18,0.0644963443598659,0.0086329611295785,0.24508846201518328
19,0.1581941492453073,-0.058387311080708736,0.2730545055701958
20,0.18492901802620923,-0.09889284259772645,0.2881455263390983
21,0.26235646042747696,-0.14306220329984548,0.25401131097760443
22,0.24298441356714726,-0.14164579102244,0.20507571290413715
23,0.2923424244434925,-0.1207296959175704,0.14012667306803298
24,0.2516807220866955,-0.0890679375971327,0.07860610755215527
25,0.17883535517010155,-0.04402415359413309,0.1541107664888399
26,0.14288802708323325,0.0003007929616522203,0.026407841994899057
27,0.1732896868716904,0.012745657298430876,-0.08090114406425349
28,0.24130673939238054,-0.003984280821007544,-0.230649419969565
29,0.21273362432661946,-0.022657093472833612,-0.14852482293276972
30,0.16067892220945015,-0.04712429858591725,-0.08648219490411684
31,0.14078126199512056,-0.025603697870442414,-0.0034944687581023874
32,0.11227686111872924,-0.007660195846792079,0.09702945016066122
33,0.10256453731688503,0.045856116346117935,0.18939175214249684
34,0.09267120193453174,0.05039137319639398,0.17703724923224298
35,0.1644218768180042,0.0784033481845185,0.00737429546041097
36,0.09293421064882786,0.054884991713168164,-0.013469680549051866
37,0.018352754448207612,0.03272254284435735,0.029204485549744936
38,-0.0804905293429866,0.009249136923490194,0.09611478718829254
39,0.06592741838648429,-0.10287831873199126,0.14562157473578444
40,0.23494020999839452,-0.25719583521835027,0.20549393302831312
41,0.4247773614268655,-0.4792777820012514,0.3571314736953225
42,0.5077693955567679,-0.5807955672221657,0.4641007852698406
43,0.5993066863347832,-0.66864843466405,0.49808397992226855
44,0.6941463039552592,-0.7076020277701716,0.48505320600485774
45,0.769525420768117,-0.7215299780910762,0.5139196910329068
46,0.8433187508900443,-0.7104918853330605,0.5400808749059262
47,0.9394730271752202,-0.6380028289407054,0.5953489051227562
48,1.0722106156075133,-0.5277028383186131,0.6710818995786998
49,1.1444072807040009,-0.47203174036659945,0.7428604901866672
50,1.167950297730359,-0.48298054096800264,0.8132932905185047
51,1.1540002263864046,-0.5085079393354998,0.8579746783596696
52,1.2093370725581518,-0.5497888997045421,0.8402336405222474
53,1.2578890684235922,-0.54632307258586,0.7921115362203205
54,1.303508836384451,-0.5830829188547989,0.7437849756221155
55,1.3345262833853284,-0.4690789882141253,0.6918191464497918
56,1.357082236515918,-0.46199317392078254,0.6987229824615888
57,1.3887784668453744,-0.42891182297304487,0.654840709093875
58,1.4299041215139516,-0.5070348853207236,0.6626079785418659
59,1.4479416327000358,-0.5241936107290007,0.6516189190722588
60,1.3501872666801762,-0.5339407491039846,0.6446248617143358
61,1.2509434640774977,-0.5767275043048011,0.6836917041297533
62,1.1654444807599798,-0.5764275481972886,0.7135768554769166
63,1.1892545011299955,-0.5021515354342144,0.6922514803068774
64,1.1803065370141441,-0.37197599812952786,0.6602826840714269
65,1.0488139812540604,-0.35826194237211717,0.7309244275849369
66,0.8584266600506226,-0.3913912090951194,0.7946862412420258
67,0.6842617237716482,-0.42587936816747934,0.8198426553744718
68,0.5700718223527896,-0.37771369178528824,0.7785584263968524
69,0.5253173752679569,-0.31282407899178105,0.7271307440024943
70,0.4002993162605891,-0.2484453283196539,0.6979883428087671
71,0.4224971619716146,-0.24469900650976928,0.5929202206506442
72,0.4182975733839121,-0.3293031099400104,0.48185958805642454
73,0.5489619612570417,-0.45613725072031963,0.36970276944569264
74,0.6046832892984074,-0.5298073251688457,0.3198727130223896
75,0.6541443079319401,-0.5629620133598099,0.38098550971745293
76,0.6649257130587485,-0.5842519410941999,0.4002355693141336
77,0.6288222961685159,-0.5860182342814608,0.454934352418001
78,0.657607437306849,-0.5722101448417992,0.4564390811578957
79,0.6458516886761588,-0.5388654283295218,0.5819392834909284
80,0.6489364677400846,-0.5358710520731721,0.6187563845017946
81,0.5723387348844636,-0.503180292932374,0.7023522882599126
82,0.49030491124488096,-0.48440362344425764,0.7698542940207419
83,0.4383450687608186,-0.4490833774719911,0.8025925784992961
84,0.42910595536298,-0.4076891784833065,0.7293883370085541
85,0.5165168349080493,-0.3711987753008998,0.5481380157825435
86,0.5503135506012293,-0.368184288767821,0.5408944618161758
87,0.5811261685937422,-0.39938532696569023,0.5842463360057082
88,0.5403519797051465,-0.421252067849834,0.7108531615078639
89,0.5778138861385522,-0.4736460852136145,0.6456834930499947
90,0.5473512320627905,-0.5048172775087072,0.6298927364911752
91,0.587903595588553,-0.5000995166335689,0.5075534760545535
92,0.5258627350633327,-0.4420226537576005,0.4580726802253133
93,0.5265743084814997,-0.4101650253004187,0.4055861929884295
94,0.5078733073891666,-0.4150239587180215,0.42221778326405174
95,0.5021872851561986,-0.3532767375506702,0.4450934812388651
96,0.4931192349586689,-0.31517781588847305,0.41997790934860074
97,0.4637696126036794,-0.2683510727802364,0.43740200883902586
98,0.478920434154947,-0.2738912208296475,0.345015176550218
99,0.45950010484196485,-0.29535699337914745,0.3260025688240193
100,0.4441754855980471,-0.2739277380968589,0.2388310673622877
101,0.4044501854247833,-0.2607635166407746,0.26694253314246236
102,0.4221020460502307,-0.2090170446754215,0.23296854042100082
103,0.3940563830272165,-0.17500642358136087,0.28486096637896136
104,0.37191634609873575,-0.13187594727627094,0.3159226008415852
105,0.33899176066107267,-0.09331338411146857,0.355322306041354
106,0.36075228562717127,-0.0748002155954515,0.32104758837084557
107,0.376627378943493,-0.05279449095701963,0.30445952809009386
108,0.347726391208326,-0.07822592429888398,0.30878839980033274
109,0.2785033321762317,-0.07946670382297323,0.33697151531389924
110,0.2531276774746212,-0.06301555009182708,0.3325886423510905
111,0.24938314656185714,-0.024754439077788893,0.31814626932086043
112,0.2669466611027461,0.013502774313351897,0.2672972529703037
113,0.25417150362456375,0.03831645448400214,0.260378659752794
114,0.22616786545241277,0.05991709558495375,0.24626631760314519
115,0.16999259405501052,0.08072914264846913,0.37937702095942244
116,0.12418348240665582,0.10013218903461672,0.4158928477563398
117,0.05855944486529987,0.13286898869050753,0.48030081948036835
118,-0.03730303874347513,0.13962794529720837,0.5443993487150672
119,-0.10834152950172665,0.13653538332084497,0.6004830094726117
120,-0.125853601770301,0.09375843155176465,0.6053291610314007
121,-0.05837286606316025,0.08007109903894381,0.4714372601033823
122,-0.022981432344574376,0.058066968204947514,0.33867893494757584
123,0.016455680270961587,0.10324425882728193,0.20659440922810973
124,0.022046169773621737,0.11053027504397989,0.11972915743494988
125,0.06287281311539497,0.09491636939597899,0.05655743475272434
126,0.05687267715036908,0.06440113110071012,0.047993182499811854
127,0.09405003172839717,0.030073439471232748,-0.03239963491510998
128,0.096124718037855,0.04242295840490513,-0.044199337475378554
129,0.1253657656475315,0.056201338647930504,-0.14784541073920598
130,0.09704920590852845,0.061193098968826284,-0.15291231411709488
131,0.11342148965243427,0.03172307521774236,-0.2188222783449097
132,0.0752717289215333,0.02646074970965739,-0.13177415784915972
133,0.03868855926297779,0.02467846996623081,-0.04430257445459826
134,-0.009725773819241801,0.025567925908031995,0.08658742933952288
135,-0.008677961672556588,0.0042407608640254914,0.13601871827876447
136,-0.016272065239104107,0.0032063284467099364,0.21892278541160895
137,0.005533884817339219,0.007614089655580225,0.2683245767673436
138,-0.015840722236918892,0.03451315747310072,0.3267007142908178
139,0.014035710716734004,0.05809945319438812,0.27834979760260525
140,0.02283040573787,0.05167911055982812,0.2950803065598733
141,0.026654855751057818,0.03419421790584894,0.2958675163608818
142,0.04255253649194642,0.021860351766254074,0.3538592601481947
143,0.06363743110733536,0.018520325437721585,0.30450004329048186
144,0.033549265084897986,0.05674421017727352,0.28272152115850185
145,0.000234013022978524,0.10138411982414802,0.24934700267218998
146,-0.048622505289222344,0.12190402025791505,0.18899892582497713
147,-0.022742353653258916,0.11329973050920294,0.16251057249281012
148,-0.02000755037409186,0.06987261360592313,0.13982552986566246
149,-0.018272571295896156,0.08059692192218663,0.16784052476908626
150,-0.014981388510020241,0.05680944511718982,0.11836118486420119
151,-0.01278054846620586,0.07727981322509664,0.05635732311625272
152,-0.011789861268052145,0.08024728232599204,-0.0009888064624631286
153,-0.011008484549724203,0.08859861375052573,-0.03357537828945789
154,0.00520536288808403,0.07302655010342052,-0.08498305891756626
155,0.01431123533937929,0.07566045814894728,-0.04682029653449139
156,-0.019277641905845674,0.06049727744878421,-0.02524455019298452
157,-0.0644685608619326,0.05322538272680473,0.0716024722408164
158,-0.09021136766951544,0.01845355373441105,0.06317660248955677
159,-0.07236103279330701,0.014813333505468726,0.11447077170226058
160,-0.027089450578866824,0.020736644611659864,0.0635512359251534
161,0.009798651110239223,0.043869325525478335,0.02884836705395027
162,0.039720428819928655,0.04231279380777968,-0.06076444153626946
163,0.03937636539025972,0.022168980052686135,-0.12613955043939779
164,0.04479121775960905,-0.006471026721355545,-0.165170726603487
165,0.10048509221166879,-0.019618258717669094,-0.2664278098370308
166,0.14968612649745844,-0.02353440697778726,-0.3440713509751164
167,0.17575592773267734,-0.011695357068898724,-0.37560136782783
168,0.13347651740079575,-0.02035020177841324,-0.29717541319504104
169,0.10182087092734496,-0.01221808306356317,-0.19372010432091485
170,0.08820306935883264,-0.01612331250482684,-0.1614920702243883
171,0.062186331065228785,0.010706809077742512,-0.14229218727724302
172,0.042104095062759854,0.027216024359958083,-0.12117986461988899
173,0.016474077585765152,0.0557929037145561,-0.052158051814966334
174,0.015197510733473363,0.10756838062960719,0.016671673728835948
175,0.0204417999070712,0.14953071939989082,0.14744504777033712
176,0.0495688680289816,0.16164647205783134,0.14703381720917144
177,0.0633883804656938,0.10995368451828232,0.13701688103868553
178,0.07326740934893743,0.07334740489082035,0.04946170069324052
179,0.0724715526253115,0.0824269904180541,0.05344442685503043
180,0.08245247364354721,0.061685801076719705,-0.025289313119530026
181,0.03965754772355308,0.03969351762077604,0.014420759936584024
182,-0.007544536602544435,-0.0008933075696090858,0.029071967224380952
183,-0.03725434051254492,-0.008160412108680083,0.17591916359279947
184,-0.02342753967303689,0.0026036261059342817,0.22209652314096953
185,0.0030883180178784973,0.020500044657754374,0.2137537260478951
186,-0.005306731025964621,0.03191067018261683,0.16103052467668394
187,0.007803252031445779,0.0182910147097281,0.08716398515121035
188,0.019703565412670883,0.02398359889067636,0.09210250498220329
189,0.06368621835686103,0.04001380474064024,0.10237242653570118
190,0.07912925849983579,0.05287197522384616,0.09034187542040414
191,0.09080692896948728,0.05738144630928797,0.06163279747892602
192,0.11668451757813504,0.07200896569890818,-0.01574598284172427
193,0.11150779195648235,0.08385300248967063,-0.020322065126044
194,0.125077580462923,0.09840134320855229,-0.03517543553802797
195,0.13075867518845946,0.09159322241481016,-0.10790467577404828
196,0.16670642964817026,0.09115499806482558,-0.18258060656704003
197,0.1871237189797705,0.09464040526749752,-0.2184081090104588
198,0.19601381787662583,0.13654384212655984,-0.15300542733984682
199,0.22573793296225506,0.15759610568993504,-0.14843011066403633
200,0.22865525395731431,0.18711694265018083,-0.14825582085475578
201,0.21468130196333263,0.1708714380349827,-0.1426796723329075
202,0.1963336396794852,0.1648723483719602,-0.14064457833988156
203,0.1473115204904232,0.1497722636629873,-0.07371355767975384
204,0.1266888090803994,0.11287518925685872,-0.09590895369090255
205,0.0911486350407426,0.07683069504108625,-0.1091693589096975
206,0.11176412657749936,0.029785289996276044,-0.21315694272361618
207,0.1034002010973053,0.010561726100958825,-0.21000077152492963
208,0.12658285264179933,0.0037608875853323972,-0.20988517969391365
209,0.15702845345528738,-0.006543320493781911,-0.26189011746428836
210,0.209254941738764,0.00399630899885687,-0.3223812056492565
211,0.22067494010950792,0.02529067482821188,-0.23259291562227336
212,0.22526706777179212,0.025500486281367925,-0.08615452859724453
213,0.20160187924563114,0.014506367684255957,0.12860270623287234
214,0.1493345407544751,0.009605775986638415,0.2648964102930305
215,0.1410437258240443,0.050290810955115964,0.2930501922929159
216,0.1852541561970941,0.09113644605400258,0.16530079088337216
217,0.3183728034175711,0.10606799981956923,-0.13916951305031228
218,0.32634662333000636,0.06263968811927083,-0.2747051740485135
219,0.28000796153971613,0.04332564313689744,-0.25105874893776037
220,0.2465295887783219,0.010625268913225714,-0.16457841549551128
221,0.2838952838883095,0.02844500701519999,-0.16102466640763805
222,0.31322322199245384,0.013629062205775479,-0.20303898031167467
223,0.27466542878045924,0.019209494759179647,-0.1388037652047041
224,0.2367248115105616,-0.0022526452156830536,-0.0956475804765668
225,0.326970188435708,-0.03496903504683081,-0.28459049109599777
226,0.3911050212469544,-0.09021060270433712,-0.5331748667854584
227,0.4257365627092669,-0.11004633022324939,-0.6747978531030266
228,0.3255421391276044,-0.0975431930143093,-0.5783810694845972
229,0.257999475295148,-0.06222662748241289,-0.4853505240976589
230,0.21543161322894797,-0.03866210815823262,-0.4244678349999493
231,0.18751431665426335,-0.03325639685140771,-0.4237525338062968
232,0.12998109262567661,-0.03849324192166078,-0.2879576678419243
233,0.07532849126981095,-0.02496844708952544,-0.20792336050901378
234,0.019462917393175072,0.016764078042550944,-0.07247340080410505
235,0.024462382030710324,0.09709682219223233,0.000994611487994109
236,0.026408642086014393,0.13696540743660482,0.06322634174274948
237,0.043794163317156805,0.14741449652211214,0.06742981292204367
238,0.01021158360567337,0.11099121376964785,0.03496752812934702
239,0.007547183433175045,0.10186302635147594,0.020721734838112925
240,0.0046436335631156915,0.09968337150102945,0.025645008803334708
241,0.015547075224108201,0.11141010303458708,0.040781780268512056
242,-0.02922964901116426,0.09830434144408323,0.10703609209980881
243,-0.07481748617600627,0.087240163487901,0.17496595445379742
244,-0.11576046252737136,0.06535293903984878,0.19563633633812996
245,-0.08369749529974907,0.054104700817025425,0.14539101927165946
246,-0.08622587379700848,0.039037087641075226,0.16444431173185545
247,-0.029602664418679238,-0.00810272646810705,0.10983452939015541
248,-0.021844689088214995,-0.03535302543989532,0.05868042036950687
249,0.04341439262453717,-0.0684766341369407,-0.027296806825320496
250,-0.007722803272882118,-0.071223296635874,0.02305169748439483
251,-0.0107872659003862,-0.09450403889632776,0.04438437924388667
252,-0.060104812138149395,-0.06779393170498882,0.03805555478414766
253,-0.05247532075807734,-0.039301893049684865,0.0040456860912661124
254,-0.07879620829235628,0.009561040923694614,-0.014570466319396133
255,-0.07969949429414235,0.01783193568420958,-0.022692840921807036
256,-0.08630086237574017,0.03902341222642573,-0.03597773472812119
257,-0.08433950379668433,0.03766080735066357,-0.034799251470118815
258,-0.1016655584804663,0.02676479887898231,-0.007810157268364006
259,-0.11950634789218102,0.0016759339018334908,0.02924902257294212
260,-0.12613757705495302,-0.028881579970458496,0.06109299820917513
261,-0.15053470307708722,-0.015043911153928051,0.06930001057108157
262,-0.14186926405848907,-0.01268129744302443,0.06154583316494201
263,-0.16524482967298232,-0.004666796715718542,0.0725781070730235
264,-0.18845043832198755,-0.015487044506189868,0.098105710803747
265,-0.19815929970474006,-0.015862907632966442,0.10315012883923959
266,-0.16590100425598453,-0.00532475317655615,0.07412787017030438
267,-0.1290682271867309,-0.009571896419164684,0.048945152614831705
268,-0.11502753890820126,-0.010729532583779629,0.05040172138774365
269,-0.12155009598587325,-0.012317851059463538,0.05518823213959425
270,-0.10767142760111749,0.006837741258095761,0.03501868688034237
271,-0.07072256749546592,-0.006390289763781765,0.009135682077143322
272,-0.03142345735545779,-0.021191791232441106,-0.00957241240191312
273,0.022306944610920053,-0.05087414127828313,-0.027647242636285603
274,0.044466738440336946,-0.0690605674520624,-0.024672807791644
275,0.0993343641693577,-0.09236153693608881,-0.0438161579880822
276,0.06170572580013604,-0.06695870314252467,-0.032925592420239576
277,0.03971406120116671,-0.034760274095865865,-0.04528367460472686
278,-0.014506821081196417,0.01555906149798375,-0.0484660588523433
279,0.012518676725475008,0.018071808957157483,-0.08011785035346201
280,0.03888184925760975,0.03884154894926838,-0.13630705181021663
281,0.05254272132121784,0.0419691396591795,-0.16708681566238345
282,0.046627502668220404,0.04377688821771979,-0.15291763201703848
283,0.08080670131129329,0.0029292827521337187,-0.12551107763269792
284,0.12120940398014804,-0.0422363144078941,-0.09712726647984152
285,0.2099577312391811,-0.11322043750161155,-0.10354207954800926
286,0.20567964301061836,-0.11406745541371534,-0.057990320208736804
287,0.19862722412362116,-0.11286481821676439,-0.00016241433335007196
288,0.1237092085548321,-0.03224700215817335,-0.01119306378059263
289,0.1077081841940901,0.016638770661744014,-0.07888834316483476
290,0.0845007707564368,0.07983375711695649,-0.14595996168258246
291,0.07798559660657309,0.07302575660115818,-0.13065092190983163
292,0.04850136261941399,0.06029296163746939,-0.10040850451882909
293,0.025897046632955077,0.04748430892858056,-0.09441368063361814
294,0.03608022312084258,0.054009609172535986,-0.11393488577434213
295,0.03163946694456915,0.04291254679668646,-0.10158406083405924
296,0.03511847291647801,0.03200893664472512,-0.09012467086889986
297,0.1795027001348928,-0.022368197203716925,-0.2444030476293699
298,0.24626535818022915,-0.053489861346293965,-0.27745314730336873
299,0.3092639844183661,-0.09779637756959135,-0.32932137200540085
300,0.25501393908514186,-0.10731261290097635,-0.21226232327164593
301,0.289030191602867,-0.1066000801949753,-0.257127037569799
302,0.2953186466387588,-0.1071898343621891,-0.24492202333597782
303,0.3036619693470059,-0.09642813910981643,-0.25327846648038244
304,0.31077194814845766,-0.09500505673485832,-0.2374231174784981
305,0.3417378732976705,-0.10547396299532535,-0.2680572600481965
306,0.32408041984012276,-0.12985996844859157,-0.23065969627261967
307,0.3273298707233843,-0.19591782692216925,-0.19763690461861622
308,0.3254988385889274,-0.20857516671475673,-0.19120512801701242
309,0.28747372011765937,-0.17211107257020083,-0.20548429285132483
310,0.2142138459992452,-0.09901044508633927,-0.192136732246549
311,0.15326050849287792,-0.07694413073718484,-0.12293504046550095
312,0.08449852876334052,-0.06850454613954594,-0.045318356271385134
313,0.04525274201907743,-0.0549835555268241,-0.04313513231387002
314,0.002753926539079,-0.039407639550460616,-0.03819163888129387
315,-0.002966880252910264,-0.060255169118784084,-0.027778424781225566
316,-0.022166564648879446,-0.06370666014656313,0.006449326485516251
317,-0.04365831089203179,-0.06619248269379674,0.04490944103235957
318,-0.04141981436218041,-0.03407075859541821,0.02767454278386822
319,-0.029498093794076818,-0.02342573363674057,0.012967511265350796
320,0.016934064844087954,-0.03135422553724282,-0.030128300168836785
321,0.042966427294547076,-0.024784977345118295,-0.07687864244284116
322,0.04662910926746479,-0.006237746675251228,-0.11501074032893982
323,0.010811976836575444,0.024842271816918823,-0.0994721126182117
324,0.008957042718777682,0.03356575534793746,-0.11657932471274182
325,-0.007130489553816575,0.03556390464144466,-0.09391440266582982
326,0.011423801544796526,0.043866558404728986,-0.11716309031372679
327,0.02336927076633341,0.05593653248794283,-0.10531452113094715
328,0.07468424836322084,0.06688012346312745,-0.1690880974676816
329,0.08361744327540083,0.06779177302575884,-0.17399730446936948
330,0.07413003735687759,0.06257927905673913,-0.15680718629663226
331,0.053955433828222,0.05867778047148701,-0.12014464047371973
332,0.08103900868572478,0.04164249233474475,-0.11982341178774376
333,0.09167490995422471,0.0417989274040606,-0.11662910317125047
334,0.09741005283738637,0.03947117904329267,-0.10080153492350499
335,0.06995305121731395,0.06502357005336014,-0.0820657809824573
336,0.03822529399891436,0.03687004241470093,-0.04240847061103216
337,0.010933381793199907,0.01598748937722653,-0.006298038894601058
338,-0.0017894079342503837,-0.036434041596335405,0.025190930651938965
339,-0.005126542723223521,-0.04822860760870872,0.016191619060613158
340,0.015609705941784499,-0.07673219815266491,-0.022685543422055178
341,0.014390700162946862,-0.05002345722662472,-0.0560317662798076
342,0.044632145720413706,-0.026248321342820895,-0.08139058167186965
343,0.08443481700301435,-0.021319833564833128,-0.11663024265027543
344,0.15251936324595314,-0.0634757858811816,-0.12046360561444588
345,0.19333464953246543,-0.13581540899434236,-0.11475824823774725
346,0.22033790660119876,-0.18380357753398935,-0.112495691125194
347,0.2276812873015675,-0.20190180372089034,-0.11918250374280803
348,0.238599781410954,-0.16215638412411013,-0.15804818076647567
349,0.19393062698389008,-0.12090903819526821,-0.1328147215165072
350,0.16015894871882963,-0.10957960759218884,-0.1202050633874483
351,0.12147804137893822,-0.144566041975216,-0.07287241114902633
352,0.12192714473386636,-0.1786071943869021,-0.0697781879022392
353,0.1064110049438629,-0.1820039639589467,-0.052784863574720814
354,0.1219486536324509,-0.16190412878849778,-0.07885534898484792
355,0.09042798592956859,-0.09535447483079189,-0.07158752932015548
356,0.08228602950450704,-0.0594248906125444,-0.044853419955798994
357,0.04737767482200528,-0.03138129022962774,0.014830438430147846
358,0.02345060032818023,-0.03145659702070443,0.0750043024208384
359,0.04704211494462208,-0.06681792527507717,0.06960350253538151
360,0.07718641782020659,-0.09955602886564882,0.053929710336017
361,0.10827363143350019,-0.10898833103679523,6.67379705098668e-05
362,0.08344283582118513,-0.10193170029507441,-0.004073860474244709
363,0.05841374549540345,-0.0905070933423042,0.007734251536882997
364,0.11138116720758567,-0.13196990700514916,0.004614770278795307
365,0.1593912847157386,-0.1483111831888407,0.06128514188777882
366,0.24106304805549036,-0.1638978052133494,0.057917575927843294
367,0.27401566750754164,-0.16427456509709326,0.07281180173622279
368,0.28383032487799115,-0.14137550107441246,0.0065996700586305876
369,0.24392456669254697,-0.1149021468712844,0.004709965467407424
370,0.20293535373308608,-0.08983156551296607,0.0319193843035221
371,0.2131696393280708,-0.0771462893142178,0.020926455065665314
372,0.2643958553335959,-0.07611321490699258,-0.07062257107974229
373,0.3052463690556347,-0.043489187327797926,-0.18223029823905787
374,0.2878328463776454,0.0018249716905004184,-0.22639265078831536
375,0.2185602737468479,0.050345920603532324,-0.15498072632098248
376,0.09415177295483595,0.08141006529295015,-0.03232219941685306
377,0.017914140323235447,0.08664322373837646,0.0515551901979779
378,-0.005717524606788207,0.06682630579203336,0.014378516184774861
379,0.03148585021254592,0.03776104071886531,-0.05648945081026741
380,0.06751704479333921,0.014663396092513799,-0.15481033195871
381,0.08492115664870457,0.019463259832803066,-0.11430382425517599
382,0.1260150939966293,0.02586546462803457,-0.1576262370609149
383,0.17292171849393392,0.022800506239358063,-0.20391900763066126
384,0.20256863614592532,-0.022646630000443056,-0.2779940905357404
385,0.22560550071670932,-0.04915315385453137,-0.28586209476150765
386,0.21462298240892605,-0.06764090282965798,-0.20475845027452563
387,0.17849688149259058,-0.05303285673897257,-0.06842061792508283
388,0.18440410027416704,-0.04052712455889911,-0.041470802095061626
389,0.19003492890998813,-0.052701422331732264,-0.10351157773582889
390,0.21817017850813378,-0.06244179585883164,-0.1971279265153306
391,0.20075862707396283,-0.08713950704983212,-0.257681887957428
392,0.13946804367551488,-0.0815545874739696,-0.12500859869083633
393,0.12545933321677621,-0.07545034162677797,-0.09915875299801412
394,0.1317228981759905,-0.07308298022824765,-0.07570153607229924
395,0.19322639101219286,-0.06363477584823773,-0.21247990139002584
396,0.2283988222469902,-0.04209288738676739,-0.2634079861738888
397,0.2581093552695158,-0.004647391694110764,-0.2654616437606014
398,0.22443762137634674,-0.00946465108962344,-0.1981282606481376
399,0.21311216076977316,0.0031441922052051273,-0.16483203236152183
400,0.1935906815456476,0.009444929887713708,-0.09592377799278266
401,0.18794790301147377,0.030044822362306184,-0.045688616244922986
402,0.15607749155919326,0.014873950124865412,-0.025550036439537942
403,0.13129316492414303,0.0022068125771364227,0.05764132278280924
404,0.11902770881679839,0.003666425199665561,0.14095514039142193
405,0.12763013562173126,0.018621553019986303,0.22162619325683955
406,0.10936809636972503,0.02488661695641732,0.2206946112377263
407,0.10935225043699688,0.03230942214311496,0.17542278846442275
408,0.11843702105488976,0.018437857748794126,0.08570374731784804
409,0.10649252152870124,0.004326035968553851,0.07156832291978778
410,0.12326904338679838,-0.015616137696461514,0.0219348487735718
411,0.10195766526179458,-0.011583396605306787,0.0927657855460612
412,0.09508601051968132,-0.02438020789572433,0.18526545839283448
413,0.058379269717566386,-0.04052865453609479,0.29112542287553594
414,0.046496263205066425,-0.055542441172118484,0.3524998855724596
415,0.05512364514230945,-0.047577205723418246,0.24704664279170546
416,0.03693901337506772,-0.04373550330850579,0.17577229428473354
417,0.06676613567611445,-0.046305663241487056,0.07201727989269828
418,0.09807392211373027,-0.07845231590464394,-0.09099621099941206
419,0.0962809178120938,-0.09393602016064276,-0.08327323852555178
420,0.06837624244517067,-0.09716829058561147,-0.07591828272314792
421,0.05126908258060143,-0.07144003172889117,0.06292277882270082
422,0.0951980847112316,-0.05373458851471089,0.07180661164609292
423,0.13704286804043814,-0.04561105063571021,0.07556353114793886
424,0.15770724053384302,-0.0388717607935368,0.09880764063008408
425,0.15136241841913325,-0.033698844795193424,0.11428264557177281
426,0.1663440522149701,-0.021755176937362515,0.05042815624879495
427,0.15682159300904241,-0.003838995466470313,0.029215704470357665
428,0.1259677454701138,0.01989143053713137,0.014836705283796247
429,0.025308442637631563,0.006980722659126997,0.20486958483954743
430,-0.026519251530800515,-0.02903516075871351,0.33386467872710407
431,-0.010145420977322857,-0.07318292143582893,0.3922836951084871
432,0.02862013168859098,-0.07649669867465068,0.2573922712800883
433,0.04422154422523881,-0.061840327541053126,0.12633050387369907
434,0.04153899914869103,-0.06726738167554167,0.03308604945446544
435,0.0902144742606423,-0.06518779891159507,-0.023997468881652693
436,0.11375494126423975,-0.05161361656891199,-0.03762856637443331
437,0.1640401149902275,-0.024563107214048235,-0.101103056356311
438,0.17279553412193563,-0.018538488491115893,-0.12490522536905319
439,0.15994681324928686,-0.021186986967525228,-0.16541508263231072
440,0.13150615717288794,0.004700601397156383,-0.18259058369672063
441,0.12790275630034117,0.006432361681260685,-0.17744547466756413
442,0.1490822471611881,0.020816728174473068,-0.19310351786693972
443,0.10959847752948915,0.027368658065831455,-0.1701406991038629
444,0.06938161917285436,0.043849079477163426,-0.16886195777651186
445,0.055050291332718174,0.05750812870439673,-0.23116228441670986
446,0.09794324041187692,0.05953494032591819,-0.31533133686630754
447,0.15455897061784032,0.06486766956781383,-0.4130470659415321
448,0.145127876262757,0.06261280217627342,-0.38234419933768127
449,0.14612041939004503,0.06506018821223526,-0.3700932977158656
450,0.10774930059882801,0.05617392450382477,-0.28522711524593675
451,0.09317998828451957,0.04504841589828992,-0.2242972078485953
452,0.04207489506455425,0.028829658660423054,-0.12006791948874905
453,0.010243259999763903,0.025283785264226023,-0.050012867155190065
454,-0.0020260704162053645,0.03689227482562774,-0.013507441298266122
455,-0.0042196317885688185,0.04253983451681058,-0.007246733054456694
456,-0.031026249148104958,0.03130480238167162,0.006494368594639289
457,-0.07992629182751029,0.007733949315801555,0.03598819955899653
458,-0.10797467304267434,-0.001952407119378223,0.049136398478126606
459,-0.12047176164990059,-0.008395644219210458,0.06620123375670572
460,-0.11000971512215392,-0.012518603212574623,0.06825504901133843
461,-0.0955272280619427,-0.011059484856951175,0.055470585849162854
462,-0.09661025978024666,-0.012497274102122872,0.05868506803203414
463,-0.08254562610354958,-0.006181363264802061,0.04535412842304541
464,-0.08557095778669253,-0.01291058096633751,0.06664083958572457
465,-0.07638234168421365,-0.016183020178645258,0.07288533827585278
466,-0.09414060035815447,-0.017154747997185745,0.07965398352948239
467,-0.10255761534952772,-0.01893335714859749,0.08672798221817057
468,-0.08288972919900603,-0.010922264048756687,0.029164012044256754
469,-0.029244511859987013,0.002898177667354937,-0.06897986413513921
470,-0.0017817251298618269,0.0141761548940894,-0.12933953819043506
471,0.0041259804266418855,0.015045540896026445,-0.12575860249701767
472,-0.012078680186066693,0.01655582838469046,-0.06680147953005271
473,-0.03399015421416318,0.013588692355608617,-0.020474244309588458
474,-0.06529745718388703,0.009222712876838169,0.028737331208324248
475,-0.06044387923415443,0.007848606470940272,-0.00015448214233391693
476,-0.05144741897167378,0.006656023241596994,-0.033965428419921916
477,-0.028891370873170084,0.009227721074136828,-0.07519298194256918
478,-0.018357156782748244,0.007391178243737498,-0.09289875549245612
479,-0.021745568571723283,0.00239468993629115,-0.05278439951071064
480,0.027103484534616272,-0.0028549167811542514,-0.14021670993583735
481,0.09190939457553442,-0.005332718077575142,-0.26035473624346744
482,0.08717903093002119,-0.004115056269715983,-0.26903167498222985
483,0.022411951726233083,-0.007863322492287978,-0.14617594309024823
484,-0.07350640829400779,-0.013927965795462448,0.02354977224962264
485,-0.09968367215624595,-0.01799113458259575,0.05180809037717904
486,-0.10528012382685033,-0.015899904593925117,0.047951821702820335
487,-0.1287660799177046,-0.019467737390457655,0.0701084881702617
488,-0.11970156952617578,-0.01511681582512664,0.0561780066328117
489,-0.1366349304112878,-0.015694354443551918,0.07218229619017644
490,-0.13142250529404703,-0.014148731727119527,0.06756834030156651
491,-0.11760193038706795,-0.005877168471748841,0.04920933344894612
492,-0.1045194120994086,-0.008357159780059357,0.040415204921553254
493,-0.09370743683241174,-0.013473106182886814,0.04028569429853786
494,-0.0923143022125092,-0.01941464287886038,0.027303219981724906
495,-0.0659592462068698,-0.00923696093181226,-0.013308769028127618
496,-0.0840499369210544,-0.007918940813333728,0.0012359458887050978
497,-0.0897012800502765,-0.008630343087471227,0.031277941980123944
498,-0.12151293023596266,-0.016666708016866837,0.08439597709684668
499,-0.11513251923927942,-0.01750350109896984,0.08278266048911506
500,-0.12037761887784093,-0.01584697333524984,0.07818884864884809
501,-0.10810146675007881,-0.009403733068154412,0.06023163231686443
502,-0.10193796972541809,-0.0035746638672282307,0.04673270299706407
503,-0.1041622608446415,-0.006931875893067855,0.05418998872408583
504,-0.12470478061807108,-0.013749422016639506,0.07372507833089859
505,-0.1355710148829519,-0.018788696928522756,0.07839916142051595
506,-0.14538003628691773,-0.020005785866371018,0.08555417651443535
507,-0.1336896247423977,-0.019941392412402927,0.07578856751013757
508,-0.12006192305719532,-0.018337502036214117,0.04975474316411373
509,-0.12743305552586356,-0.025996562417572942,0.0641438017242928
510,-0.12133107998482232,-0.028467894933392364,0.06862379744530556
511,-0.1327950262025696,-0.026732630605990886,0.0942381943400577
512,-0.12201299123908955,-0.01839216340983428,0.07433306464780004
513,-0.11227437695633402,-0.008248067783025184,0.05337949321985748
514,-0.10148282828877266,-0.0021250911193781055,0.03817428966895037
515,-0.0975385507556175,0.0011448437379925382,0.031008973922926914
516,-0.11345611355961246,-0.010864199061664453,0.030840113362950977
517,-0.12220672187068535,-0.018357626330948486,0.029218940077525644
518,-0.12993709136188622,-0.02158072680694064,0.0370634118168923
519,-0.13442256156966118,-0.018983742495485657,0.055314081113425485
520,-0.181284450614412,-0.030313099962995915,0.12200078048613243
521,-0.22174095784685308,-0.04178896010482104,0.17318138532047894
522,-0.23357863345513727,-0.03906002335940309,0.18031498715558325
523,-0.19134987544749074,-0.022900159281083247,0.13204106985248176
524,-0.16059642348881226,-0.015062932135711136,0.09423885363438492
525,-0.13455805017740277,-0.009611638795043871,0.07116505838742081
526,-0.1465354737120314,-0.02198285551003489,0.1090849390591652
527,-0.13471482694036807,-0.030779293422304267,0.1254117070314819
528,-0.13940645999685208,-0.0394383714549888,0.14928956513623204
529,-0.12208465065778204,-0.03807921055665195,0.11353512618446102
530,-0.14377768903353028,-0.03878931747459671,0.12091658604004302
531,-0.14359146934844558,-0.04119177469297254,0.1231514111820243
532,-0.15773742443356764,-0.04531425774453915,0.14771979570339236
533,-0.1550091411415382,-0.046685399189302916,0.1278904925978824
534,-0.15294955177721348,-0.04477687856382608,0.09952534370207251
535,-0.18554350163504577,-0.04750123432418717,0.13394102069042255
536,-0.20205937029118415,-0.046068976165857096,0.16623027529277765
537,-0.20470450548160374,-0.04661735433148603,0.1972786374894603
538,-0.18474512796915007,-0.04693756906736805,0.19992237715661615
539,-0.17665819913772246,-0.05218050621856057,0.22079521361360985
540,-0.16478531805098093,-0.05153933825857962,0.20272118839104844
541,-0.14594609019429688,-0.05062032737589331,0.14870070589556003
542,-0.1241836310625268,-0.049270002054013405,0.08623435443136257
543,-0.13166861342297984,-0.04761161033255362,0.07887753542931988
544,-0.13411275969446282,-0.048494500177770544,0.06584525945965954
545,-0.11617436005077329,-0.04072772432972247,0.03672542544087624
546,-0.08179655020279444,-0.03926084768856704,-0.016032761477671034
547,-0.0807817603049904,-0.03519211867495154,0.006594497384091359
548,-0.0800092464702112,-0.03145191731573921,0.014299650358906775
549,-0.095294890472169,-0.031212018621811683,0.07527055662321352
550,-0.09204484031557227,-0.023781235833663306,0.11513386504492912
551,-0.11209306377954248,-0.02711989635636701,0.17937875084206323
552,-0.0978095814940141,-0.023156114376571977,0.1093272817123411
553,-0.07805247726569148,-0.01688054667661169,0.019519282883077416
554,-0.03940726140696876,-0.014004827505663887,-0.08469335654558716
555,0.027265240930819844,-0.00698050649601237,-0.1746804509966513
556,0.07188020898143169,-0.00685827620165119,-0.2084655137927986
557,0.09133300596135431,-0.0014396461879233938,-0.2214096330374653
558,0.043184098419067556,-0.009414857919057978,-0.1511800222606594
559,0.009582405502578,-0.016751857159031606,-0.11836644922092938
560,-0.005371838771804069,-0.023226191468599736,-0.09372472695706001
561,-0.010853320437291262,-0.02106992867492717,-0.06783446124830445
562,0.01620001599498099,-0.01590653076891353,-0.11255318035203887
563,-0.0020301822108865337,-0.015443679402302981,-0.08265145606275849
564,-0.022421128176448923,-0.026330898989618958,-0.022126874996195128
565,-0.06732821505593832,-0.0263196044658551,0.058223776902359324
566,-0.07754676043622631,-0.023039937763086875,0.07997849603283269
567,-0.07166168369305746,-0.018257913331871923,0.06805493342318371
568,-0.06506091938806015,-0.024539913081417484,0.079614182653213
569,-0.06138514027572971,-0.03468116609407533,0.10318074119159089
570,-0.05477443649502825,-0.0267472719180374,0.08097423740621068
571,-0.035977255041795476,-0.03242723611608693,0.03605300145983323
572,-0.018686243798432225,-0.022745105333493568,-0.01642287179112921
573,-0.005390534898593585,-0.024005370139361687,-0.05103840098479875
574,-0.005416303213375151,-0.011891074192449646,-0.06046242766513508
575,-0.01582990002064312,-0.009554924721350173,-0.05368383128769587
576,0.012372239621575184,0.01851806254411944,-0.1069776948738812
577,0.04728107383460741,0.044465603917463244,-0.1531019652664161
578,0.08063648837461125,0.06842230926679896,-0.1972978387420484
579,0.0782479300621374,0.06011667904496009,-0.17764657292478336
580,0.07067590824014515,0.05442627036358826,-0.16939759478689126
581,0.0619174001897839,0.04046194723981081,-0.1606237567894894
582,0.06907486358087128,0.0332746213105916,-0.18568926602772914
583,0.03643839786066859,0.02031123850400687,-0.13846531681688135
584,0.0031257602172902023,0.014203440145999299,-0.09778104854800009
585,-0.023511302450088166,0.0137494537042051,-0.04085684203810256
586,-0.014060612153868925,0.015568025423817376,-0.05869183040234745
587,-0.00044512688563026336,0.010120383990859983,-0.08110273072153253
588,-0.024235530711100135,-0.0027462747925816556,-0.050698957827713054
589,-0.033477354092818386,-0.01049658221079584,-0.024205654283214348
590,-0.040629939524158866,-0.015391273684916008,-0.019347991829969446
591,-0.016764585087877714,-0.01394262067026252,-0.06470165164317625
592,-0.0055665350596034195,-0.008864551023181112,-0.10042700337754112
593,-0.0043942735338487774,-0.010967556767400261,-0.11143913514528048
594,-0.007354402551096704,-0.012775041118415952,-0.11241428859929438
595,-0.02546495644236427,-0.012382047789260438,-0.06613207704098417
596,-0.0412299598369089,-0.007026237172354848,-0.009328280152152818
597,-0.06279410694190006,-0.010019035349635847,0.05113072503242768
598,-0.06244534283947007,-0.02264222619944664,0.04284661774246486
599,-0.06242988157992228,-0.03241199436079283,0.025699793419686968
600,-0.05214288100184634,-0.031459144108139644,-0.008431577838384736
601,-0.04381595565408522,-0.027419451056579867,-0.030127699479108115
602,-0.013100499131097058,-0.01085985753020902,-0.060802167956397514
603,0.009559892720812044,0.006804822553155156,-0.08070119927607075
604,0.025841559437665133,0.01572215579446765,-0.09264194349829906
605,0.013190722471275066,0.010252715474248964,-0.07187813537074349
606,0.010886742566362406,-0.005558920564994164,-0.08740634317664445
607,0.009898748012865777,-0.010167914668065792,-0.07967860757942619
608,0.024856833328192995,-0.007773403911672378,-0.08371438882031929
609,0.0007495555005059115,-0.0029926986147869187,-0.013297385652126724
610,-0.029088592430576463,-0.0068710274202524735,0.017179627631202836
611,-0.06688063931794033,-0.009742773214995105,0.04680661607247095
612,-0.07814627836771883,-0.005596029990843174,0.026812241887805486
613,-0.0819262834527703,-0.0044189543168069514,0.03136383714838238
614,-0.08775203453292559,-0.011549767668247035,0.03706639020517317
615,-0.08674866492670474,-0.02660906677161895,0.0382134675387707
616,-0.08765870202955273,-0.04040874458712736,0.015035400794531436
617,-0.1026806704625502,-0.036875071118421365,0.039749617006756895
618,-0.09723304151645315,-0.021268804498952184,0.04263290654353453
619,-0.09946417078045229,-0.008540243062012839,0.07372899498309352
620,-0.10268369307269427,-0.010089878888171356,0.0762567786356561
621,-0.10086791220923565,-0.029182246773062862,0.08102140207858077
622,-0.08524523864716403,-0.044363187272789914,0.08262602853588992
623,-0.09255589317249402,-0.05089474535985438,0.08646221339507389
624,-0.11422917891596189,-0.043942027662061386,0.08991280241579787
625,-0.16318774492391327,-0.029113400546642475,0.09243528056048171
626,-0.15191671722875258,-0.02283597120872297,0.04619395853234964
627,-0.16907060623669742,-0.01465303544838253,0.061177533086872043
628,-0.14855564476624236,-0.008057329772035403,0.05654922142424345
629,-0.1299226691338283,-0.017539221044020104,0.06926293310588401
630,-0.09841760491141355,-0.03341782367372715,0.08074508113978478
631,-0.10430023522725095,-0.03982118054787147,0.10795077092505716
632,-0.1255318551065417,-0.03729016410699376,0.11730949334495987
633,-0.12907284590654897,-0.0371959489218705,0.06571056626987493
634,-0.09456551679573702,-0.030823758199509572,-0.013392903935631695
635,-0.04314866561075529,-0.01933723697426519,-0.09945991504265722
636,-0.0795042190328772,-0.02100319408533744,-0.06657145859929423
637,-0.07902440562037001,-0.03621379585701284,-0.08796763544929245
638,-0.13047361393183324,-0.05622757972727001,-0.02422068473168384
639,-0.13306030141881986,-0.06419547193935408,-0.012547668680392862
640,-0.1627131693899336,-0.06632458771063593,0.042322581918469805
641,-0.1690804875868521,-0.06469591841839206,0.07567932877777667
642,-0.11824032860153964,-0.05704140125089665,0.0009593168848737434
643,-0.11304258655565276,-0.04980808451963129,0.019390971143600468
644,-0.09626601441214125,-0.03715658075058869,0.01841936099610678
645,-0.11161204445470174,-0.025934008553431483,0.0729225795017521
646,-0.09194523469978404,-0.02052906455636949,0.05559713413089731
647,-0.06566409692159592,-0.014002973782639438,0.0305482742286312
648,-0.012889373930516182,-0.004345614773174417,-0.0505923574443507
649,-0.0025464817948252,-0.009791237805364469,-0.08416973970321884
650,-0.01200539704894525,-0.017329240429388725,-0.11431755026523875
651,-0.024493687099527008,-0.019252628179806445,-0.08694748322884659
652,-0.01790456506038275,-0.029458544015573008,-0.11517347225681011
653,-0.009707745672623657,-0.030705539436523654,-0.11063520050435023
654,-0.013523657666019593,-0.03354534094900492,-0.10813517400708832
655,-0.0631087986606346,-0.03606316836446428,-0.009440649653046399
656,-0.09494181784204903,-0.04194970603340942,0.045955387557374695
657,-0.1406548635321976,-0.04434861893049692,0.11068878557690802
658,-0.14740970663668213,-0.03507277949678054,0.109016218280574
659,-0.1385140985504539,-0.033392938024293196,0.09711153355834302
660,-0.1510557631552629,-0.030120259344866507,0.09729828381020895
661,-0.17243440751394778,-0.03592816928345819,0.1055832863623455
662,-0.19851987088613804,-0.030809911273946364,0.12140105692089434
663,-0.21378453376154014,-0.045388589057267476,0.1667830160960144
664,-0.18705818978567196,-0.0402234845549894,0.15292118365175816
665,-0.16778761674060994,-0.040915647387033474,0.15080754902440366
666,-0.15095160652348055,-0.036297174499709026,0.13621653180581675
667,-0.11687514150710332,-0.02643257029214611,0.1091413011705877
668,-0.07371883324158923,-0.009936460725446713,0.06287793090836746
669,0.003013125728703128,0.001755525845062517,-0.030765813016221145
670,0.0792240876876888,-0.015902891520117746,-0.16328019366506633
671,0.09116651814768578,-0.04135442104949586,-0.17470189809049416
672,0.03635737995724531,-0.05280523157754182,-0.1309043086947161
673,-0.04626349247770344,-0.048318813792313814,-0.006788804045297498
674,-0.09953596401945587,-0.02700480790538161,0.05461245082891514
675,-0.09393742129174043,-0.02235047533876133,0.05586035138880479
676,-0.09523445833695297,-0.011874306964454417,0.06372557349311969
677,-0.0840848607609423,-0.014110164162852872,0.050063991886468415
678,-0.05616650470886358,-0.026909855790640817,0.027092156152314965
679,-0.04663673797860155,-0.03597698350631422,0.07438372783143177
680,-0.03770384521003934,-0.04756700759203046,0.09947905442450548
681,-0.06528858941099558,-0.031003022910069084,0.14465954704308717
682,-0.0896588101257744,-0.019087765493122955,0.1315885457456765
683,-0.09637921156655536,-0.02894293482378839,0.12675525873101898
684,-0.1284062060777471,-0.02559398543721161,0.15979699789870538
685,-0.1420198844000406,-0.03650812385575091,0.1741997245325681
686,-0.1555921312823788,-0.03753078689815649,0.1973036632225086
687,-0.1524059070276998,-0.05820357321996505,0.21159728095235641
688,-0.13503796377479035,-0.049778938507687887,0.1842980892356871
689,-0.10527254214870661,-0.05435019932794394,0.14812258780654688
690,-0.05493387926319444,-0.05137010580614731,0.08735607808175026
691,-0.02335739660818106,-0.04233787698883994,0.05001532444929764
692,-0.0054298230205666095,-0.019225116061577455,0.008944819501891995
693,-0.006323642840119893,0.012299219338454882,-0.015483611009017318
694,-0.0034980129449940535,0.015498282278444738,-0.046017751858908315
695,0.001483945845837273,0.014309252501599137,-0.05794876295539442
696,-0.014614255269465134,0.008978786741177037,-0.033597586380684795
697,-0.025570447966560276,0.0081139236965711,-0.007476494637992555
698,-0.03769084737328885,0.008112634219178365,0.014868753763621059
699,-0.0406961422981022,0.000577460820747363,0.025140596161624763
700,-0.05420172285678183,-5.9882721227503745e-05,0.046600140032065175
701,-0.07077525975198784,-0.0006237220887125201,0.06759444745698248
702,-0.08504904916839569,-0.00015601767147676424,0.07205765616728525
703,-0.0954280153622381,-0.010462417207933578,0.0625354282215304
704,-0.11003420545794625,-0.021160134813044604,0.07333050735462242
705,-0.11670502880789208,-0.02619805502186093,0.07844984853247436
706,-0.12241398477953165,-0.025378100623894152,0.09683059992815955
707,-0.10413804208314104,-0.021526047322554427,0.07806993068252269
708,-0.0954989867930006,-0.018987797170671745,0.06835729614893553
709,-0.0973815240395487,-0.024756946218493635,0.08025973188170049
710,-0.09972512956496986,-0.03242493584970252,0.08899549654848427
711,-0.09676781011288814,-0.031387660876440134,0.07677603868565629
712,-0.07983579039139399,-0.017675308823789912,0.04200153787889721
713,-0.08750420658452632,-0.008820749174144752,0.0396640054285222
714,-0.06844452254672327,-0.0007440091413350797,0.021364357836408308
715,-0.04945403827465939,-0.0016104000467133746,-0.0008689419419725928
716,-0.03690529856236106,0.00019596100185082071,-0.010461850234978073
717,-0.04425933624403947,-0.002024747199439651,-0.0009393248578803197
718,-0.08819034697081525,-0.011323274983870089,0.05013425217030946
719,-0.08070623648662338,-0.005411063702042811,0.03369681687631777
720,-0.07604326318835375,-0.005710582882273491,0.02170068161195754
721,-0.056875815262396455,-0.011826494490629754,-0.014497328070607376
722,-0.07060705906637237,-0.018425793643490583,-0.0024356810330948774
723,-0.08624822354286164,-0.028288349257408127,0.030828228431614927
724,-0.07827215615502991,-0.015623498449137787,0.04066638952500855
725,-0.06853308280791041,-0.014071394651155733,0.024094053084802274
726,-0.05780244842755843,-0.007749726812248178,0.005775616928546721
727,-0.07400893805666828,-0.012715831743506694,0.03259038757340082
728,-0.07255384638045452,-0.012559772857741286,0.038485956867871984
729,-0.07887231651288575,-0.02124336682941217,0.05075366259709113
730,-0.08641497200001821,-0.030716097245806748,0.07540097102841163
731,-0.09736710490778583,-0.03926681585344226,0.09622181153038031
732,-0.07343566399639723,-0.03330484506517213,0.0691662498588146
733,-0.04349116063098428,-0.02125806976655575,0.016403065364892656
734,-0.01189307253405313,-0.011944673419064054,-0.036358616413344834
735,-0.01170199288661856,-0.008769474003254533,-0.0452167813317616
736,-0.016125797804725426,-0.008412761762645798,-0.05452997181099403
737,-0.01871780188585224,-0.007541463025039077,-0.037738385964632803
738,-0.024509666738791,-0.00841040186873884,-0.04557282321402246
739,-0.02977066458216593,-0.012165202703874127,-0.028470876818520098
740,-0.02649426672255506,-0.01855636264131167,-0.04873348991019868
741,-0.016928863436915968,-0.01855289235826548,-0.04422432948046762
742,-0.008511746958095829,-0.011186536261436763,-0.04875192489258186
743,-0.007384035064957411,-0.0028117723383094444,-0.03258359989229279
744,-0.004308955825072346,0.0009682030990945503,-0.036244684882461235
745,0.008589478592128053,0.0033459788390229426,-0.057388012499673235
746,-0.006466484209069953,0.002820230841788506,-0.0376948059014677
747,-0.012374795844802921,-0.003747646938044878,-0.03480191791267959
748,-0.02900173376804653,-0.014564136009182034,-0.014447196812620085
749,-0.025660508548675888,-0.02805712902144521,-0.025922899679131108
750,-0.0243044151872035,-0.03191783559870049,-0.035661957338832935
751,-0.02722416743844465,-0.030882304517884027,-0.033134995848960236
752,-0.023591677771758034,-0.02425308860035032,-0.05129224884959357
753,-0.008351942794971406,-0.010436687486152871,-0.06319165663419662
754,0.012129048765480419,0.001067793472016108,-0.08463023564122367
755,0.0380749497060721,0.008957468700985337,-0.11574293754188704
756,0.03610324796423604,-0.0033855841368623106,-0.1403285919839706
757,0.05393927358874033,-0.015144540783589188,-0.1831393478214794
758,0.055522301166183445,-0.02490788448338961,-0.20757399814954763
759,0.08104663939245237,-0.016782234933538805,-0.232932237043879
760,0.07327576776125251,-0.013387776565502616,-0.22178304438486013
761,0.08048274214474634,-0.01728557002404291,-0.23475333626484776
762,0.06361722033004236,-0.037117957546432746,-0.244844550165028
763,0.06713995042857103,-0.04041131235023242,-0.24245321861310035
764,0.13590444517838532,-0.05410718389426977,-0.30538871183180905
765,0.19381928788590513,-0.05766769465565505,-0.3386872658299696
766,0.20282908535130703,-0.05317803491648011,-0.35884129224485184
767,0.16887588967851602,-0.06218973126698487,-0.33612207228516233
768,0.12526977690003657,-0.035613430820008916,-0.2950226133205361
769,0.12672309968822995,-0.02347301842285682,-0.2789234219032941
770,0.11046708537752994,-0.00019910293165699498,-0.24332162423492298
771,0.12063141002485037,0.002218835323009528,-0.26498613996785264
772,0.12261629117650005,0.0018882221003061455,-0.27029776930032723
773,0.19291898934786397,0.019982998641558166,-0.42437525592877823
774,0.1816633039353268,0.02428434123294526,-0.37653919130831187
775,0.19951721250450755,0.030177803887839548,-0.39980372963241
776,0.1333914780779874,0.016648740264935725,-0.25071780270580274
777,0.150228806059995,0.020729132779618464,-0.28784598115808124
778,0.13864048412643684,0.020656169600208794,-0.25326058657821443
779,0.15241732281568218,0.03509948578975682,-0.25272881439707273
780,0.12879061655630958,0.030928715319193476,-0.21310877393831557
781,0.10303507428879562,0.016651294513593616,-0.184969348402766
782,0.06277261948047104,-0.007396461993724493,-0.14286981602892243
783,0.07238687237778132,-0.013067963043928729,-0.1743887607658315
784,0.09907424255050311,-0.012575959879432467,-0.22760363948605622
785,0.12987125724512594,-0.007753107775806473,-0.2758428813022329
786,0.1234767155613393,-0.00819845572743035,-0.258684581572442
787,0.10770436461609074,-0.018822492647187643,-0.2496864091351478
788,0.0854817863263228,-0.029859406698782013,-0.2309067971567635
789,0.0871869709833821,-0.028938903125948386,-0.23802741874964176
790,0.09202028286660115,-0.018976795189418232,-0.23127285263087222
791,0.09607521446237524,-0.014507208076444587,-0.2325207606042564
792,0.11555805837469357,-0.025499531355299396,-0.30290781933441413
793,0.12948998588018729,-0.03399248443910696,-0.3601033354719087
794,0.14618870816011004,-0.034381462234871894,-0.4108759992594318
795,0.13557372815487476,-0.029004062927463523,-0.37231786001720735
796,0.12666201054948936,-0.024118441438385943,-0.33202323272974
797,0.10998613866269,-0.026847167770789594,-0.28302411940506156
798,0.1027134413226038,-0.0249873711738209,-0.26510893580202227
799,0.08414797981708147,-0.03230447937603175,-0.23510327396455666
800,0.08017678243134391,-0.0424534854585433,-0.21413930139300688
801,0.07505226916347367,-0.04711835024659493,-0.22429206389857861
802,0.08405626823080845,-0.049167851427204486,-0.24467577297575016
803,0.09399747517672821,-0.0472814754415517,-0.26109311135335134
804,0.0866355048079268,-0.04368281146751094,-0.23833228907172377
805,0.0695934599555783,-0.03617416306677788,-0.19395655943461845
806,0.05768996010595316,-0.03279238574797945,-0.17385553831386272
807,0.05715756597674714,-0.02784252297286632,-0.1752430040507359
808,0.06598065638617491,-0.031843029971753395,-0.20287484760964525
809,0.06602607863994527,-0.03267220032332944,-0.20289361226831365
810,0.058125157050574076,-0.031154421954576197,-0.1772438729878512
811,0.048897853225718976,-0.028714579159654762,-0.1474453416798157
812,0.03979473598329483,-0.025243236683655624,-0.116555805630133
813,0.04795363649031641,-0.02961284091345242,-0.13704214632396658
814,0.05352065177253225,-0.028039146931300198,-0.13726049427287126
815,0.04530032511984249,-0.025044443640660566,-0.1134558866607985
816,0.0660387728942831,-0.005663301888319068,-0.12601846745116832
817,0.06366009880291215,0.010747478035570147,-0.11032314865307874
818,0.07263079272406929,0.01311319914994886,-0.1398749095961256
819,0.03199467104329035,0.009936603056384528,-0.07372848473415726
820,0.038485189846289625,-0.0019430416361616827,-0.09308375150149063
821,0.06907906040828049,0.0001976289615978539,-0.12684046115676162
822,0.1018027090929519,-0.007985542723478324,-0.20111999467668787
823,0.10715591319483392,-0.007616917356811411,-0.22157952125371547
824,0.10073329960724749,-0.001832723386483849,-0.20951947196766418
825,0.10626257455011037,0.007977217528441962,-0.19895983092823422
826,0.09076253266995728,0.016285063382995613,-0.1516947981314739
827,0.08224371398322215,0.01123138694656717,-0.14424710698257132
828,0.09331387284410793,0.0034118897432670794,-0.1945684203052408
829,0.12001498736814459,-0.0032697350882559748,-0.2716383606894622
830,0.14297180952464816,-0.010349378419036808,-0.34192293737012874
831,0.15371342299544954,-0.011608266784162897,-0.3582539342522994
832,0.15719627915797219,-0.00626028835911276,-0.35497750896458374
833,0.1738962170649551,0.00362816052345329,-0.36836760702762916
834,0.19117958409457053,0.02092233442237331,-0.37250188632425946
835,0.23309201127161266,0.03715077784335448,-0.4135176469551337
836,0.23621519409512393,0.04581450244938994,-0.3947009187960939
837,0.2320190628977447,0.043779448977662894,-0.3856561652161238
838,0.21646349830578962,0.03956677051518819,-0.36689713653652684
839,0.19031294057489612,0.033921917692314715,-0.332113597231996
840,0.20176818259183518,0.03853089333941779,-0.3644228797102709
841,0.2232239436057689,0.04923720226254335,-0.3953217678227012
842,0.2513643447125404,0.04997052298392893,-0.45180327162495604
843,0.25209365703258263,0.04482477638296348,-0.4426574315374233
844,0.2180342845149999,0.024393987874621065,-0.4081422587034148
845,0.22224533129240934,0.02490981922123933,-0.40925175981993217
846,0.24342391921106232,0.023527669342402066,-0.45364871273940455
847,0.24946059694886988,0.024614705530680944,-0.45248392002626925
848,0.2128982397541572,0.027305707461213625,-0.3811587725136888
849,0.18637670209644472,0.03402699637223157,-0.31407851531189507
850,0.16773026364898955,0.04292152880911769,-0.2768110767358609
851,0.16827208542755623,0.033083041435231664,-0.28925223444159154
852,0.14142395921067144,0.0186143326138258,-0.2629704082618205
853,0.1388002538037337,0.009776724546745195,-0.26112024602279965
854,0.13260333922534703,0.008288367060350185,-0.2514882713487534
855,0.12782881290614495,0.003632709123179508,-0.2508259439034056
856,0.11337451584603354,-0.007859284725436321,-0.2438080670717272
857,0.11984497951951557,-0.0032274029008036533,-0.24809915112492809
858,0.10962277041091774,-0.0027500974602233056,-0.22696806970123806
859,0.10444863671661732,0.005526390255765367,-0.20115842510205034
860,0.08871478238991143,0.0028202011590590355,-0.17479911592519268
861,0.10745581018524436,0.0073965721549071215,-0.20337788849778526
862,0.10223728001989925,0.009942880455417325,-0.18746072417859053
863,0.08699089998571821,0.01799920224826906,-0.15444823785650905
864,0.054571928233870116,0.03703587654628496,-0.09377468543711119
865,0.059960215025918084,0.05667109263601548,-0.11062724115983802
866,0.07538859018784992,0.06777785120858798,-0.14047434835383668
867,0.07889926578932274,0.06908253294581262,-0.14261813544645058
868,0.06859751331411039,0.062268233134364255,-0.1272065973359907
869,0.056988188452860855,0.05636233657342398,-0.11258071473086587
870,0.045812823378546946,0.04982570199012915,-0.10416347548992379
871,0.03289592613126019,0.04482820867969701,-0.09032324839013386
872,0.013274948444431058,0.03610549678259905,-0.06755036062620198
873,-0.006039206402117914,0.029343720770159558,-0.04251109209912388
874,-0.031219214703672907,0.01889453252404118,-0.014437810146876475
875,-0.04724252035483198,0.01326090185172583,0.001856200170737517
876,-0.0626120398129724,0.007173069554156437,0.018543038241018956
877,-0.047896306547850584,0.013715103476979896,0.0014633724180700574
878,-0.036940767879619654,0.020075201663174214,-0.013555337939722268
879,-0.019118626210625544,0.027253372947880862,-0.033088786980495194
880,-0.006692992595136518,0.029797922395413613,-0.04290391985179131
881,0.015705652424987893,0.033796682303341874,-0.05968757462389209
882,0.039903133462947354,0.03933998282366143,-0.07971066811915177
883,0.02878507223349555,0.03588703012562057,-0.06910987974252075
884,0.0054038999497755666,0.02698238249189349,-0.044276036513432294
885,-0.018631058526963035,0.01853193648342047,-0.0198350210370113
886,-0.03825203621379214,0.009809224586322524,0.002937866726920567
887,-0.032039219406047634,0.011081499310088897,-0.001969699708727484
888,-0.03518407987726577,0.009735720411832672,0.003403103172443676
889,-0.019160774226106694,0.015369351084148029,-0.012890907145170329
890,-0.020900033644785904,0.014217409068198357,0.0023386530117633533
891,-0.0418756995527661,0.005180116647083264,0.036158985313941946
892,-0.05054113857136426,0.0028175029361796437,0.0439131627200815
893,-0.06634093648430739,0.001087780275035946,0.053337108404749985
894,-0.0431289111182156,0.014367562699342765,0.0071820135847548705
895,-0.02040152502751424,0.0237264119583239,-0.018044657397001042
896,-0.010237712388058118,0.02856942906949892,-0.041338250581444067
897,0.0008273965986452234,0.030161793868671877,-0.04702583078210447
898,-0.02680523391376341,0.01862226663541626,-0.0161059378593656
899,0.058641586040988285,0.02597264106440544,-0.18093341527058046
900,0.2054872334625331,0.05198854104908744,-0.45160431406700624
901,0.27216508177975085,0.06342925907895643,-0.5442583736463255
902,0.25991680839577314,0.06614493860847037,-0.4681837211466169
903,0.19176508133839595,0.06630168851200133,-0.2806573794772062
904,0.22121116469877483,0.08887883727865306,-0.2904917900419693
905,0.2102436154298139,0.10582990037167406,-0.27192904786370936
906,0.18442941911273333,0.10679321131554088,-0.2568030455977089
907,0.1528581692128551,0.09819497659643824,-0.232964527429373
908,0.12341080045325369,0.08532699151341995,-0.20352960402187345
909,0.12148105065242089,0.07433673267469797,-0.22080657103392293
910,0.11706706986251138,0.0746089985633229,-0.21913844332143384
911,0.08274626113991829,0.05912816998077284,-0.17456148149615477
912,0.00816916532135575,0.021728195403485376,-0.08583737216282084
913,-0.05373676290606512,-0.017861106889433074,-0.021714592930451748
914,-0.06634471294076064,-0.0403775066027704,-0.029310230337581095
915,-0.06402280883241222,-0.036812187652736965,-0.027125946812437324
916,-0.04104988876605826,-0.032187215556919564,-0.06713881502386196
917,-0.01976079316389933,-0.019444983084534132,-0.08812024701531754
918,0.0022833223278715116,-0.016758910773378405,-0.12134350726575935
919,-0.03880498007120258,-0.0231799287028528,-0.06118421749908785
920,-0.05890827492088016,-0.03080472268528736,-0.030784108677834727
921,-0.06519864440538008,-0.01903272482710094,0.006119254370490171
922,-0.0371259572168898,-0.0036456875811929257,-0.0001727970931159618
923,-0.004794856039302368,0.010609284724052195,-0.011428616840801653
924,0.036610712691733334,0.007557614868613877,-0.07738879500777544
925,0.053402424728565843,-0.0014425514738192456,-0.12859258053759912
926,0.03034999351542281,-0.004987109756493447,-0.11220175351816583
927,-0.011178169879240371,-0.0033349395093933785,-0.051123004979783414
928,-0.0436485442672972,0.00517560274914863,0.012656182896397396
929,-0.05492912805796983,0.004629795539261232,0.018839049291867114
930,0.005565173629711809,0.0033218057030631404,-0.07991771030402184
931,0.053635090583189014,0.02022269772000918,-0.12879974125686383
932,0.13804392820523514,0.012704902731518681,-0.2284406442741333
933,0.12895558362119774,0.027032127546010924,-0.20053030431697738
934,0.13708205231992465,0.027590045681901033,-0.21843261220981783
935,0.09758901655941003,0.05202084361334031,-0.17939318164276116
936,0.09482725145547255,0.056528712839881375,-0.180658006396194
937,0.08523068780948753,0.05978634344265281,-0.1679592759898497
938,0.059444600002987354,0.049143108533902566,-0.12610559707507496
939,0.05020488593815965,0.0461542826351098,-0.09512220622961155
940,0.03223844399010628,0.03410802997759125,-0.07343721597082355
941,0.02737334008085735,0.027551278608745813,-0.07188392780346564
942,0.0164178014126264,0.021191180422551487,-0.05686521744567332
943,0.013690365988563921,0.024950019631732705,-0.05322082407371055
944,0.018320797197062366,0.03197987580232565,-0.05811626361322224
945,0.028460027111053846,0.04170132110192749,-0.07794572370484334
946,0.07751247132812662,0.06350810084467237,-0.13487794311467302
947,0.13873325580623197,0.09368061189963595,-0.2058988845066644
948,0.1716473828185057,0.10019195998110612,-0.26232909109569025
949,0.14798202881129466,0.08339084978494286,-0.24533733120442952
950,0.10844806119371364,0.050901794756533184,-0.22475482891892734
951,0.06320002627221998,0.03427345391887437,-0.1616196080348856
952,0.04131149877374614,0.02247898184548739,-0.13922561522104637
953,0.07508753281019054,0.0373211949543651,-0.15784933405512308
954,0.16949337339529708,0.0560200007134428,-0.32109781506062973
955,0.23472316754290012,0.06794455599458514,-0.36333095618200684
956,0.22274083153515883,0.06373866978260113,-0.3358018096245253
957,0.16913570255282845,0.05815580118109533,-0.19761090819299515
958,0.1579629981738161,0.06413416352853807,-0.18131629769272753
959,0.1525482340354966,0.053134812704375506,-0.16671340507795887
960,0.1525426273662699,0.03621566434334254,-0.1529118357569519
961,0.131117206992379,0.009029263472820313,-0.11309793994885413
962,0.1476373829445626,0.03403498636906805,-0.14721861381596896
963,0.20608559959815767,0.042092263239196064,-0.20587972807915733
964,0.19947119044306594,0.062292194450003016,-0.21544046040594525
965,0.15761409029733323,0.04666357715682335,-0.17146599588875133
966,0.09200651708137345,0.04373870267289252,-0.11523667790587047
967,0.06299416404339792,0.030673538003739058,-0.08402666987945898
968,0.055798819972057837,0.02449537555417386,-0.07106891498682323
969,0.048441323757671885,0.017568043481325412,-0.06600457928752311
970,0.09144981533734126,0.036989171249105314,-0.11487983366491994
971,0.1301301433075348,0.0627688041520068,-0.15556439742231784
972,0.18484398557390538,0.07916687441033843,-0.2524415491881402
973,0.2027089645023197,0.07641776789906939,-0.29628217730904843
974,0.22126621413407707,0.06462402850056705,-0.3492887296085524
975,0.21553629600375965,0.06707098126083012,-0.31943748392086396
976,0.19633397723076965,0.0644329474076599,-0.2835253401980412
977,0.18074523272280751,0.06466791201664364,-0.24936766568313806
978,0.15125156817107827,0.057020580858043034,-0.20008375287330082
979,0.16416296988548038,0.06403915943712189,-0.22068815723493437
980,0.17920681337502237,0.0774424022203819,-0.23911762960709482
981,0.20196352610410997,0.09387628612029848,-0.27299381457937144
982,0.1820970144416283,0.0898874513863643,-0.23543472958577083
983,0.18099683928801635,0.08885944144356465,-0.224896002768245
984,0.17700520046292229,0.07554528994828033,-0.22766359255267157
985,0.1885216261463792,0.07229422958006228,-0.26160170675500655
986,0.18346295586562475,0.0677952222742595,-0.273138095093198
987,0.20406900618219145,0.08770428802632133,-0.301134519668646
988,0.2106029237208567,0.09783484019429498,-0.2998233921394111
989,0.202056274998284,0.10268503332817834,-0.26774534940287364
990,0.173901642183315,0.08445547478602959,-0.22050347812395296
991,0.16810540423012738,0.0809794783435248,-0.2101957809721452
992,0.1821397797715234,0.08654570176171056,-0.23997633034334287
993,0.20298151159537037,0.08265483073616973,-0.2928790958719094
994,0.22721879786507035,0.07579585981769173,-0.36573879808689774
995,0.22339471296365268,0.05215105836763479,-0.3900813992857595
996,0.24901126733151882,0.05669914081576771,-0.43349197985602733
997,0.25318442051437623,0.05815793441496756,-0.4236139865307033
998,0.2840787861792153,0.0707471095620207,-0.4544293605913217
999,0.260743304424431,0.061822678463885804,-0.4188760484069476
1000,0.26016370146445217,0.052092329464761604,-0.44611461736575203
1001,0.24692328271396793,0.053697492357622244,-0.45031268908084043
1002,0.27168287707036987,0.07050489044493022,-0.5193242530338101
1003,0.30682608794145216,0.09275958777192517,-0.5822145202158914
1004,0.2798989047405876,0.07995620778290032,-0.5433729793551689
1005,0.26327266828173906,0.058438814167527275,-0.51622292966862
1006,0.21254291316084398,0.033457888970898325,-0.428624849839212
1007,0.24434190141588832,0.031979497707127394,-0.4788398464419196
1008,0.22659037027621518,0.034215444996621366,-0.4258092716189609
1009,0.19845186500394224,0.02960941391934578,-0.3728613954169485
1010,0.153186603457734,0.018105086491702952,-0.2974403633223111
1011,0.1378542357001245,0.004832690150200167,-0.28893932905029374
1012,0.15430827715969078,-0.0017097066692329042,-0.33023142206281275
1013,0.19365950548418848,0.00830852025414467,-0.39344518028049297
1014,0.19895850080504346,0.014741759456540104,-0.3988097891698182
1015,0.19831563286835024,0.029592767724982087,-0.36733677259455133
1016,0.18672276918573402,0.04325197747778052,-0.3129323657057092
1017,0.21435954170931104,0.06020300145400427,-0.3258135749803849
1018,0.21390738963845926,0.07010348555112146,-0.3050461721971162
1019,0.2030881119950414,0.06643670707258172,-0.2871456763791761
1020,0.17995172264195008,0.06554889402635845,-0.25281583360900517
1021,0.17633814837692222,0.0626758955642045,-0.25106136440108556
1022,0.16808236248682962,0.06434976031879318,-0.23825416570488997
1023,0.148870583742883,0.05907671039816423,-0.1990371494985295
1024,0.14615146587236122,0.05437893031212523,-0.2017236007883829
1025,0.14481492104447727,0.05410051850515896,-0.20469130839701888
1026,0.1703436098934829,0.055910837495325647,-0.2648897378701516
1027,0.15851081798215982,0.05621764419240816,-0.2502721614099175
1028,0.14280143193177086,0.06408745085360731,-0.21672283921454544
1029,0.11352715961394079,0.05270875610793201,-0.1724663433270358
1030,0.11104143202231544,0.046992376624031655,-0.16950208619961143
1031,0.11795038063416943,0.033907728930776655,-0.18855559986836343
1032,0.1504592925235523,0.05604657398085487,-0.22728393361237256
1033,0.15753060865903137,0.05637530874551166,-0.2449097814633479
1034,0.1442597922398649,0.04126606512405693,-0.23694969153624898
1035,0.12567040210576377,0.015083586435349164,-0.2275406291537085
1036,0.11259266440488362,0.014037077286946266,-0.2093256509956246
1037,0.13005548439561734,0.01951679675119377,-0.23148233192533582
1038,0.13850358274318345,0.024569908942089772,-0.23957384787496608
1039,0.15808441122671002,0.029042880838728972,-0.2594562246869172
1040,0.15832427770718824,0.04008024288543202,-0.24448531046126093
1041,0.13392919591026806,0.03832308374342141,-0.19240376172407642
1042,0.12068554830094516,0.035283307399690614,-0.1676406729953748
1043,0.10425948596530481,0.02334891592081891,-0.1597615103982534
1044,0.1104907420552129,0.031834645337541434,-0.1579202520156223
1045,0.11501998986934103,0.038053593754449756,-0.1587008902603808
1046,0.12460609052013023,0.05315741747308834,-0.14788549505015008
1047,0.12562094132011434,0.05569332793615925,-0.13799512405175515
1048,0.13123811241305644,0.055293218237286945,-0.1550130626475295
1049,0.14648004213197233,0.04467145719071346,-0.20890963693098677
1050,0.1623800952225785,0.04669962496646434,-0.2554437050467974
1051,0.1714448280626323,0.05848309957603967,-0.2549565894454962
1052,0.1737132144279844,0.06972597709821843,-0.24342493834776496
1053,0.1819540351867512,0.06830190979942434,-0.26519657696191723
1054,0.17699453701266485,0.057490270398681674,-0.27670153142318255
1055,0.16791679730502557,0.05605676211343355,-0.25552767463791826
1056,0.16663374479094195,0.06512038427851223,-0.2195641129281172
1057,0.19331941410665796,0.07557406740616747,-0.25561903786664697
1058,0.21433407204437746,0.07542072263399802,-0.3012105843655044
1059,0.2189139468287042,0.07216682107860486,-0.3140056178808602
1060,0.18481930912342162,0.0653144043272748,-0.2504597258041165
1061,0.17879732611605043,0.0711978474500674,-0.22204695045752962
1062,0.12303702148687191,0.05296512066845595,-0.14916619998833863
1063,0.07292769623908962,0.03031953014338875,-0.07743729249098052
1064,0.004072994438070361,-0.0007629769254785494,0.017397648871823945
1065,-0.0013837938438819918,-0.0067897925647308595,0.026008632368888236
1066,-0.005357447085604423,-0.006553635535552524,0.03201862978876328
1067,-0.0040657769289249995,-0.007245956023431995,0.028079877055699917
1068,-0.005309699642799313,-0.007804080928420016,0.023251498816237653
1069,-0.004880379901355962,-0.0015583354395441351,0.01789338266926741
1070,-0.0026294796390821953,0.005066196741346762,0.01006066259366643
1071,-0.003485867289790587,0.0041634107031034255,0.02153170215582282
1072,-0.00174839812728647,-0.002307334836147879,0.025629371887004683
1073,-0.0007237198158368871,-0.010061068081678738,0.02305839458579926
1074,-0.0010913022837743798,-0.011947842530348734,0.017603905066254377
1075,0.007524577501477247,-0.004063509450380622,-0.016143402492969267
1076,0.02082866736862196,-0.004057989931503905,-0.06128044780916039
1077,0.023241895527109233,0.0017508749806114839,-0.07310350859987366
1078,0.029529357966891354,-0.01129902346106203,-0.09264043341957329
1079,0.029378457317596706,-0.013935168019585617,-0.090623210537491
1080,0.04545418513992501,-0.017044396049718347,-0.1270952426560427
1081,0.0407787681450051,-0.011822170235301055,-0.1153653259522831
1082,0.03817952560228843,-0.01022144649691347,-0.11221222872455465
1083,0.02693074627033143,-0.01119941923205815,-0.0965805458522884
1084,0.024494026288835607,-0.01250584098182403,-0.08900952664339863
1085,0.026177850753030658,-0.020623101358392057,-0.1080409628633677
1086,0.03317517185629901,-0.022280008222775923,-0.11758659604198354
1087,0.011592094754064117,-0.022327485021238262,-0.08904119711170537
1088,-0.0054615938166690465,-0.012765180562399421,-0.028773866334603344
1089,-0.015618006109773274,-0.005333558277281013,0.009422973733546062
1090,-0.013489982309339697,-0.0044677360286678874,0.040346661878019136
1091,-0.0031652848236722805,-0.010519642169855879,0.01775072039374676
1092,0.002181544048753376,-0.015271563688838493,0.014631968093994622
1093,0.010623803249194416,-0.01917004670499634,-0.011526740215065211
1094,0.008037442634700081,-0.02126785094956264,-0.002215262240118082
1095,0.007486068932793847,-0.024098012622567635,-0.010396996519435429
1096,0.01655286635556584,-0.024259174752813695,-0.041159694048723064
1097,0.023199850168197585,-0.021831931351650947,-0.06451469239945225
1098,0.01095894430351979,-0.01882502560849527,-0.03337600896188871
1099,0.004691849714854292,-0.015926125531036072,-0.023389615344577966
1100,-0.004510347783984789,-0.008801201451204404,0.0032174875656134053
1101,-0.006038003171260945,-0.006006716132462547,-0.010522455594748384
1102,-0.012780416513439252,-0.003185611641244464,0.019992309206870458
1103,-0.011066263420776063,-0.006718750910205026,0.007954177447780887
1104,-0.002197293575755006,-0.004248826965248777,0.002486041633177732
1105,0.0059383915450965715,-0.004496418593069524,-0.0243981168521924
1106,0.016862520927078926,-0.011496085133255967,-0.04840661915884848
1107,0.025777472230633255,-0.018696938765468758,-0.07235747071136349
1108,0.022671343540856842,-0.01727726023779564,-0.06288604187877551
1109,0.003953817372225491,-0.006407269070195868,-0.0061209034989950905
1110,-0.0015394876800991573,-0.0017078272262847627,0.007187534631771719
1111,-0.0016814448475299829,-0.0017748136570998228,0.007308322748383447
1112,0.0345324416307876,-0.00397235725560588,-0.11147392366229289
1113,0.06243346586082638,-0.006204866144780756,-0.1881348473043235
1114,0.07406721310048613,-0.020680877088075467,-0.25253476964318716
1115,0.06443787567387683,-0.02835047268736827,-0.21597798402862933
1116,0.057392034318212916,-0.04116330480547893,-0.21023648611120282
1117,0.06716684814733005,-0.036000665369732496,-0.20481514211929472
1118,0.056833486893894655,-0.030462101466696725,-0.17330512025478784
1119,0.04133344501374157,-0.022154255612143074,-0.12604008745802753
1120,0.02583340313358848,-0.01384640975758942,-0.0787750546612672
1121,0.028416743446947328,-0.015231050733348362,-0.08665256012739392
1122,0.01937505235019136,-0.010384807318192064,-0.05908129099595039
1123,0.017214194972816278,-0.011840985123514215,-0.05930316455584989
1124,0.007387459251646246,-0.008453381929594328,-0.02809207242543071
1125,0.0037579827572605767,-0.011110297629119645,-0.031062011455909366
1126,-0.01253488253778665,-0.007919488804408195,0.005206111977201719
1127,-0.015380199385046154,-0.005972709712243534,0.02214716269060679
1128,-0.012881886645256796,-0.004902154189514117,0.03002002067540095
1129,0.007260882793812679,-0.014855005762774215,-0.014872932559056107
1130,0.01708761851498271,-0.0182426089566941,-0.04608402468947529
1131,0.0200606963354253,-0.0026692002975886773,-0.06141287191074052
1132,0.01057941747351287,0.008330106202798183,-0.03634269960446613
1133,0.0008520452077561438,0.01995165808723617,-0.010521621298050917
1134,0.0010044215004856763,0.01739470569511769,-0.007681642741713544
1135,-0.003641037097328458,0.031034178046356484,0.012115386212597274
1136,0.002366312307048601,0.029636585501811814,-0.0106504682598644
1137,-0.0033293543036996363,0.024525401953708167,-0.0013809714152315323
1138,-0.0008806025547958008,0.019764689677405942,-0.01940534492694256
1139,0.0015000367120125283,0.021013372032508387,-0.03251919727879008
1140,0.016433758083737964,0.010732802415726802,-0.056576936986505
1141,0.05257545879725548,0.0021525757090454494,-0.14331214627951624
1142,0.0830612162985268,0.0016823561835844917,-0.19746515357154187
1143,0.1015952908671582,0.005706800336251308,-0.2407550796795761
1144,0.09789029713637636,0.012903321109957464,-0.22210978121298178
1145,0.09717066363740991,0.01214274294660307,-0.21516219025981068
1146,0.08812765836174874,0.002597996557130869,-0.20741900684478784
1147,0.06481004545240159,0.0063034732719727486,-0.13961412472875864
1148,0.07972222028728695,0.021404169043464538,-0.1295441755337505
1149,0.12277789258589981,0.04165477186142509,-0.13945284631710256
1150,0.35116159567434513,0.023927706500262838,-0.5422852024959812
1151,0.4729299985781579,-0.016196470914631667,-0.7447560047980828
1152,0.5555550588376008,-0.05183125351540158,-0.8120139589116059
1153,0.47812808323170547,-0.054730098972648696,-0.5741495185416109
1154,0.4471039996348478,-0.06164797387927795,-0.4118692027523273
1155,0.3007335529369739,-0.031359911753993934,-0.18269854395075702
1156,0.1797595085040041,-0.03889282010882874,0.0801747213774772
1157,0.08641370759101864,-0.024028570055618637,0.25332159731001136
1158,0.1337487170731354,-0.056810441324126576,0.24869059536018842
1159,0.1319965979236875,-0.07114146531924523,0.3077183077464503
1160,0.09399764132376812,-0.07298700857070409,0.437355315978557
1161,0.09559377742573082,-0.09979824592785627,0.6102537146667324
1162,0.09445699676891128,-0.11912006012996473,0.7022167851539682
1163,0.06630821803477005,-0.1261959432752651,0.7200619123716774
1164,0.001122210050516929,-0.10306180278796256,0.5799993753057365
1165,0.023795305746841036,-0.05638386277852707,0.4439489544425892
1166,0.07755110372848019,-0.016632606475759877,0.3273483634145826
1167,0.1619031630600495,-0.016906130779285964,0.29892690515547277
1168,0.1444445816355279,-0.0429348451410589,0.3366187104862739
1169,0.10565039967422832,-0.06029812303426308,0.37718533164961016
1170,0.04365722719561457,-0.014299535320169199,0.44639512727982245
1171,0.023810769271187818,0.030377113139710536,0.44220906702479806
1172,0.048831146167629874,0.023330014126559138,0.4661223989482888
1173,0.04725341316175845,0.02901119742768948,0.4316712610482673
1174,0.06441255649421788,0.050536937068803967,0.3279777467206778
1175,0.04010376669356566,0.0770388116106558,0.26376008128340334
1176,0.06424157371908351,0.07245975315091417,0.10380974133116787
1177,0.0965675224199397,0.07495279033529435,-0.017048584052973634
1178,0.1340827599361809,0.09393006826906429,-0.1544027351004356
1179,0.12781473889376316,0.12299861229842986,-0.13460302813446282
1180,0.09786887101847361,0.14694327485019884,-0.08207161750127775
1181,0.06340722512166568,0.16566531868160486,0.012429036069011178
1182,0.033440344172382674,0.15034326855841443,0.07903789277698094
1183,0.014294041529500884,0.12755485331104507,0.1928522783735493
1184,0.010206918658532781,0.1127832712576951,0.18441743920053238
1185,0.009246736661092957,0.11527423103994468,0.18387155961634477
1186,0.003397768919829009,0.11253212405992921,0.17315261931632134
1187,0.019900950529379874,0.09923893430828755,0.1066912713577053
1188,0.002369993894267478,0.0792936122368814,0.0491499397290105
1189,-0.02253397750446484,0.06897259573011578,-0.07074273279304165
1190,-0.037733812149287366,0.05732768223455311,-0.07231977775048401
1191,-0.018555709668421124,0.04488215462899461,-0.033613802816508026
1192,-0.012754728596165279,0.052345273010148116,0.0852385521651116
1193,-0.011328648205565077,0.04952409583302969,0.1326588153672167
1194,-0.012683493394956436,0.06293140510185037,0.15939496939475303
1195,0.009188459686989033,0.04035284731445665,0.13390030654516707
1196,-0.000713412383974196,0.02759862939977228,0.17303924078615024
1197,0.019385781268406795,0.000212440882021213,0.1812250962926692
1198,0.03646766578922337,-0.023971059574540696,0.11614087030425685
1199,0.05442783311687458,-0.04018441920496355,0.05801521131858902
1200,-0.004093145346465357,-0.03713176963799262,0.07849388588788406
1201,-0.0826655840372337,-0.03058876553901451,0.19670369305870475
1202,-0.1241394706622096,-0.02316576079710308,0.2819845723551748
1203,-0.09514280808345615,-0.016975895234661132,0.26372104381324396
1204,-0.07824438198879942,-0.0012183677456607666,0.28773124817691764
1205,-0.10966121886350283,-0.0033528995935468266,0.3413906066050372
1206,-0.13271939803117905,1.5343555194000554e-05,0.43517674596357486
1207,-0.1478030464976432,0.016127520405789547,0.4888806621939
1208,-0.15470701316423036,0.03016939028848835,0.5644648566345055
1209,-0.14609655330928395,0.04247559567233889,0.5918245224241055
1210,-0.11396325293684503,0.03796758060309001,0.5466258618451495
1211,-0.09087760939136706,0.037143695152258266,0.466715090391717
1212,-0.11308447560064101,0.028072247697600528,0.3886877937183709
1213,-0.1244925610292954,0.023919331801496035,0.37943800579711623
1214,-0.09147457024383734,0.0005283782117462095,0.3222311035252404
1215,-0.04944314408312798,0.00460068690101448,0.31014023345426284
1216,-0.0533864665521353,0.0008962906575556545,0.35953848850694375
1217,-0.031089726389400257,0.027407408568841933,0.35506252807362865
1218,-0.06502751309449935,0.001338976023083579,0.361548473100392
1219,-0.07950716432063427,0.005973902804564056,0.3570568899662017
1220,-0.09226537755005301,0.01030282256526218,0.308021455973579
1221,-0.05992738658429805,0.04520907843230111,0.28733923679699525
1222,0.0010443160874430636,0.05270279212313346,0.13148029066573652
1223,0.025275770699613388,0.057390545504514674,0.1228584482884033
1224,0.05525353836335043,0.04607041170687181,0.03474688257812298
1225,0.07813742192095662,0.047003167000523156,-0.008727739160078553
1226,0.10723835431124094,0.04688753149824307,-0.08063778304364037
1227,0.13994845555695107,0.06116220864181832,-0.05698109837168147
1228,0.174183328855721,0.07979990604120103,-0.06424648136354269
1229,0.20637953055268854,0.075320988530591,-0.12350809064140557
1230,0.23326186141351174,0.07895200818242235,-0.2141332168510297
1231,0.20686161866552044,0.05702850116496979,-0.24237588285907322
1232,0.19667956005877152,0.04146266090765704,-0.16599098064199103
1233,0.1443307428141605,0.03284888630332565,-0.11630639087676731
1234,0.11371318651272322,0.03150634648530952,-0.07435448023229506
1235,0.0950577152848637,0.04643266787955748,-0.10991775525513375
1236,0.08984665459077153,0.04131112676108755,-0.15659413053681642
1237,0.08622753109566746,0.03576454884767543,-0.17679457858320038
1238,0.058619126433673584,0.017091839940050063,-0.1724956984354088
1239,0.06210251113633478,0.02985165833833527,-0.1603273758891456
1240,0.07076884911324648,0.03596979691103723,-0.16266515324891195
1241,0.05327887576936072,0.04120846996113575,-0.12105434768120032
1242,0.038392519074931526,0.02666339962086765,-0.1141122415307862
1243,0.03326436429185196,0.026493065601017336,-0.10553933499698459
1244,0.025690976973573414,0.020749344372986974,-0.07445126444289027
1245,0.028006946454069995,0.036362978876409956,-0.028201810001261218
1246,0.02736624381852904,0.041689391429361275,0.020214288526396874
1247,0.06844230980436238,0.041288697109018446,0.02340255221494299
1248,0.06930845564291559,0.023846914490299707,-0.020719138678454638
1249,0.04411265724690726,-0.006244961183952183,0.00813901531422096
1250,0.04246270093974935,-0.002267472047487885,-0.030006235178261006
1251,0.08738278526140435,0.006616849977787223,-0.07374752292238755
1252,0.13185747258837996,0.007614102391646761,-0.1690299938009679
1253,0.1321811092819634,0.007947050562423598,-0.18310960867717957
1254,0.08023998516227758,0.0073782982725313535,-0.0748972407641009
1255,0.06105809908951305,0.02442804833605759,-0.02428638859529638
1256,0.028449330846639954,0.02037190606942276,0.023898024146866523
1257,-0.0027918198342430658,-0.0007496951065197446,0.04146517078866245
1258,-0.03245124347344129,-0.018905942585886182,0.030646499999784183
1259,-0.04307329659991088,-0.03211183421063031,-0.004532251328566071
1260,-0.048366168290858415,-0.021014060358839022,-0.02274761319719362
1261,-0.03671014391952544,-0.020967721924862442,-0.03952316957097435
1262,-0.028157743599694654,-0.022375374075701275,-0.03891375409729608
1263,-0.0023183150215570414,-0.03849596919019217,-0.11581839408096689
1264,0.00879741354649279,-0.04080228370209499,-0.1339223129640323
1265,0.023484055804969227,-0.03487710196945582,-0.17101610231684908
1266,0.056330898801729014,-0.0055401152306013435,-0.14092722966430565
1267,0.12877203896521475,0.05018068582885653,-0.16233673723518818
1268,0.1687012142585559,0.09656948983484318,-0.12049493475631759
1269,0.18791736230074169,0.11944293949097257,-0.11660707170508713
1270,0.14038151378932218,0.12795117881522447,9.107775683917316e-05
1271,0.08382742823351998,0.11967414277634328,0.09550690666461643
1272,0.04683001407155282,0.13365342726969306,0.12653161718116426
1273,0.004998724675541434,0.11588427248077571,0.112168128075913
1274,-0.01343498072935292,0.10528069644983927,0.061510308756663315
1275,-0.05346244438630617,0.0976410615873525,0.10978873000607785
1276,-0.02258734950001899,0.07543032636684194,0.10814899336151025
1277,-0.017736913063155457,0.07506747358532455,0.1470755014033254
1278,-0.00998354161854474,0.0510601965148713,0.14861058813854797
1279,-0.03205175084055692,0.01229375627575173,0.14354111494587438
1280,0.02278717372506633,-0.05156228686954259,0.11922318936410134
1281,0.01938165851672151,-0.0727894519535869,0.11163237435962765
1282,0.01871766985786703,-0.0982813687839986,0.13543804911463156
1283,-0.014051484318303721,-0.12084551552096509,0.1585676748142164
1284,0.024646054258887454,-0.1588523293653652,0.13802492054934723
1285,0.035442310225905764,-0.14719099806098307,0.12045411097781075
1286,0.015265402420907879,-0.09721356340441893,0.0641748531518339
1287,-0.015795559188241024,-0.044124932021873585,0.0652895356128585
1288,-0.052232129812347844,0.004614115622127892,0.060330239710154054
1289,-0.06404750707227651,0.050798189300246155,0.07657463073061055
1290,-0.08404476679553333,0.05695920634835932,0.0738012428207893
1291,-0.06103713605126106,0.04989308141920395,0.03558476216116807
1292,-0.06667373160802692,0.015294481414927532,0.015958606606687725
1293,-0.03441271396709671,-0.0018644631030546952,-0.021116170854803936
1294,-0.040198222068527134,-0.014286325313964435,0.012173715425099084
1295,-0.03499281991767875,-0.008074525047623649,0.01478390032523744
1296,-0.0359933572637441,-0.0007483638549830363,0.016427943915271536
1297,-0.015161079157010976,0.010414166897628533,-0.02063506469096457
1298,0.009326617107887276,0.02425717274036916,-0.04191906999742757
1299,0.01705657400807753,0.023777882031591528,-0.054603284127533215
1300,0.009698701054861985,0.012083666605265754,-0.05827302852056553
1301,0.014038393079864039,0.008111521295602811,-0.050195891926133565
1302,0.020213992069196135,-8.198626085600384e-05,-0.037514913723249055
1303,0.0836489076688291,-0.043105601169362094,-0.023669522816085427
1304,0.13972616502272228,-0.10242787981846146,-0.04405777106274
1305,0.15111310890365537,-0.10234197035489973,-0.0726187307409288
1306,0.11680394369555204,-0.07822600691007957,-0.0739152400564674
1307,0.07123224782195392,-0.05336028492852452,-0.033054105280740056
1308,0.09416584481877519,-0.08586873979627711,0.015881872474862502
1309,0.1448817685163787,-0.11816069887616112,0.038589471447842506
1310,0.16805443497360997,-0.13095399722315115,0.05363545578982621
1311,0.18104201205720413,-0.1397658710625464,0.05663021526448073
1312,0.16313483614128393,-0.11944788937822694,0.09814017419957644
1313,0.16477321883084486,-0.12939535978029462,0.10618673376115813
1314,0.26069336960997264,-0.13342082660519378,-0.012419670301568396
1315,0.4382134347972313,-0.18732495096514143,-0.3206409387869449
1316,0.5854142475845905,-0.22085165567280365,-0.5380875319005552
1317,0.5832228952084556,-0.26968160818823816,-0.5128795822751241
1318,0.4657558917157531,-0.2521314535936161,-0.2906340691582745
1319,0.33040703505774277,-0.21682972906736483,-0.08730327114344805
1320,0.21011146634231034,-0.15165377660299395,0.012855628497987675
1321,0.08601223490340368,-0.08292012684999879,0.06739675849280587
1322,-0.0009944289914349774,-0.032662691737277344,0.07634901713966902
1323,-0.016229142170279164,-0.034029996111355855,0.09238074856124973
1324,0.00960611152959071,-0.08006683480655356,0.11141508339588403
1325,0.03588155601476888,-0.13196735434565968,0.14620851766785603
1326,0.052099427567700585,-0.16166399546407878,0.13993525097998027
1327,0.01758168400966929,-0.12699935096470233,0.1248656832759774
1328,0.007658189839539441,-0.07393337530242466,0.06942557904514252
1329,-0.04403744924721904,-0.01672818695065281,0.08745069002173757
1330,-0.049759836268578245,0.0007942089889466681,0.06848537937553849
1331,-0.08389433035860956,0.0007248958473032579,0.08616241158500586
1332,-0.09865670491192927,-0.016322583985390365,0.08289947438935151
1333,-0.08034166721000298,-0.013546048965993691,0.07814986894693099
1334,-0.07166612758651096,-0.024899314090784865,0.1360382013505217
1335,-0.013010993387100702,-0.0028199239158479632,0.14533578078513112
1336,-0.006135657502929575,-0.013691406982739119,0.1915568627585873
1337,0.0018937487395264503,0.002255263086613122,0.19419375093390961
1338,-0.004978611058542655,0.0012057318510126614,0.17852563014054496
1339,-0.000949219508776293,-0.005853407991054216,0.1840177010337005
1340,0.035812374666432625,-0.0118832143965237,0.14144910004536765
1341,0.046946583316975835,-0.01950635967860541,0.1608895071668673
1342,0.055778990713099164,-0.0022967861158321957,0.1251492772852299
1343,0.033835735761530386,0.008191777756232635,0.1576582337077401
1344,0.002914539064169066,0.029648890120466363,0.11399431735302303
1345,-0.03890590218802533,0.053863240492579595,0.16442179517019076
1346,-0.022951251712682103,0.05584394858885279,0.102472468182506
1347,0.011620717380288957,0.056000346101045394,0.046111659012116286
1348,0.04509727020574074,0.06044507265336444,-0.030741049817813806
1349,0.05283248327124444,0.07140137541839392,-0.012164301007346189
1350,0.03018597697924343,0.08644111395903309,0.04264876169606132
1351,0.032986144538045215,0.09282958218974957,0.08127297478149093
1352,0.00882548215705962,0.104108066384398,0.13596679481074206
1353,-0.002580640586043534,0.10413607232085982,0.19337241964016613
1354,-0.05034512037441665,0.11731892361282667,0.29169236700850737
1355,-0.06208631516123819,0.10895585054321297,0.29564950046359784
1356,-0.038715882453509244,0.09487814460968691,0.24379746752291784
1357,-0.042969343099643696,0.04790016368279618,0.24161492516243194
1358,-0.04333864121571683,0.034599531533104945,0.24555988398136255
1359,-0.06996794395970976,0.03215878769100285,0.275188036843206
1360,-0.06834782725848132,0.06611134846114369,0.24649112025149575
1361,-0.07796130879469318,0.07214910161757684,0.2538850787635953
1362,-0.07273315502887903,0.07414075094116694,0.2665344197572201
1363,-0.03910846270875657,0.03635401231879646,0.2149828007596134
1364,0.05326165213076071,-0.0035886067985311135,0.022675876693152956
1365,0.15635280565074752,-0.025188499343197935,-0.17370777693357572
1366,0.20335658976175544,-0.014935649397914901,-0.259172576026278
1367,0.20603287892719702,0.004366604099112405,-0.24655255106341803
1368,0.14474897391360264,-0.005501817647348488,-0.1326989255678291
1369,0.10455364910240747,-0.019622010004412115,-0.06294855195813263
1370,0.06894175024272609,-0.029956207098715926,-0.03900875437685691
1371,0.06314840004436484,-0.014590488914009584,-0.07428688799434713
1372,0.043515646554520025,0.004704960823411619,-0.061985499967706074
1373,0.01818473111088664,0.026796744476779644,-0.010166726570530464
1374,0.004979726809243483,0.035097533108270025,0.01873742399930105
1375,0.05420204280283873,0.056843228131430314,-0.009243402450930195
1376,0.08453560573551723,0.061077159404397605,0.031376727299872134
1377,0.1462397007635732,0.07372458842890921,0.027684613426165548
1378,0.19444890152088057,0.0502380030814861,0.018247317021322873
1379,0.2833463686281501,0.033274253452284804,-0.028963445262876784
1380,0.26419312170147213,0.024175275093347767,-0.1478500300743595
1381,0.21120151780483296,0.014802686263165084,-0.18087151186507472
1382,0.13058014401455462,-0.0007335406270422876,-0.24134655415266934
1383,0.0925800521940715,-0.0014171152661032534,-0.07811774453636597
1384,0.07266475682740706,0.04470976212145981,0.008070331697104688
1385,0.04550682725198204,0.09391288051242645,0.13395766491749178
1386,0.03963467402055099,0.10694602530423358,0.22688114676726887
1387,0.00479672223389309,0.032012437044408704,0.2484752836263653
1388,0.030426718775741806,-0.00823050302765015,0.1720466767506939
1389,0.0044370006334228575,-0.036047328186887516,0.08504426564882707
1390,-0.006686375695812437,-0.008591789010846984,0.14958472308993592
1391,-0.02469606046621809,0.008458740323629413,0.21556842362293854
1392,0.015102403918949053,0.007757428703806576,0.19312022278753999
1393,0.11389301221191708,0.013183689835178371,0.007854363449281414
1394,0.13510300954787163,-0.005059547546023796,-0.09039403296972491
1395,0.1770525470645512,-0.025402735768849122,-0.1716695886756305
1396,0.15065992028325373,-0.03898632928670899,-0.16678904927513913
1397,0.17180283188399348,-0.048289018779440966,-0.21403996576913406
1398,0.17113084866191805,-0.03689324116898063,-0.22176283833503835
1399,0.19801806893627363,-0.013906738817588887,-0.1604942301722842
1400,0.22396313276431762,0.004589454588161333,-0.10665277118631743
1401,0.2497518516976253,0.04547863378871666,-0.006571687123913871
1402,0.24669096278360977,0.057000904465996205,0.05819605359787599
1403,0.25821839664654317,0.06101561705208108,0.08215418867169379
1404,0.30497172810883055,0.05980921930867869,-0.02030281277631316
1405,0.3027141431881713,0.0450112033121751,0.0009917816286933356
1406,0.2808712107168512,0.04789380519627848,0.0525341300000963
1407,0.22952014926809539,0.004080755388952771,0.10585428520517733
1408,0.2334426803369757,-0.008262844619072103,-0.03179984164869334
1409,0.21472998960553982,-0.03208299002286784,-0.11268467581580727
1410,0.15990412978584675,-0.042923999415816864,-0.06656073623145042
1411,0.07208521858018996,-0.06910064645580735,0.06302085637497412
1412,0.019196103113109275,-0.06044758682289741,0.17411779619578474
1413,0.01584861363423127,-0.04986452527026401,0.1273184404852678
1414,0.03579248936411971,-0.040682997979097836,0.08819614208687712
1415,0.016711173114119595,-0.04293094177458143,0.059950627720345546
1416,0.0531237054649904,-0.06522170399400598,0.06876556036240739
1417,0.09146757839623387,-0.06702656250291292,0.06942499431342396
1418,0.13279157431204097,-0.06082048048077254,0.0639987398763057
1419,0.08608041883527055,-0.021173984911907532,0.12830924861284068
1420,0.06129055724206371,0.014378502068444562,0.13349472517428132
1421,0.046846620841877,0.00884883087376421,0.1582221632322406
1422,0.024175052738744384,-0.007354628177594488,0.04271580032892302
1423,0.02700273644425637,-0.00561023897258948,0.032035279804570785
1424,-0.0002474904219218939,0.009251805031807392,0.09635394229111582
1425,0.01565834839008136,0.01223645255234603,0.2211762094145903
1426,-0.007132407335717804,-0.006161277752692016,0.2715003661898159
1427,0.006733382694326366,0.010751634783839035,0.1550893997537806
1428,0.02553117859862212,0.008286534349665505,-0.029911829922268627
1429,0.04597022998225641,-0.009987020592829306,-0.16469567615678402
1430,0.05521150762003973,-0.04336199531080279,-0.2342943226135466
1431,0.0020574950753535835,-0.06906443559293393,-0.1530941053826691
1432,0.003169661409915727,-0.10835488650706043,-0.1185682822374376
1433,-0.0018748778909187796,-0.11113420071852899,-0.08498487720388952
1434,0.026351984492873504,-0.08170676634221309,-0.08589757652567233
1435,-0.0029345054235377778,-0.066379141705508,-0.07211178370136073
1436,-0.047114317287342306,-0.06447150915617547,-0.02128413809069645
1437,-0.05152233586069666,-0.1043463823809224,0.0025012561342154824
1438,-0.06298023081148824,-0.11537114046415924,-0.005605850638874475
1439,-0.05793621544540359,-0.1432349844404648,-0.011049236918354554
1440,-0.08794657999358074,-0.11725248453920162,-0.07516952072030088
1441,-0.11896795556340127,-0.10793202064210183,-0.10370227125033624
1442,-0.1339406992158108,-0.09759679822957869,-0.15307951762039168
1443,-0.18846801136871796,-0.09552628742928158,-0.072432748193694
1444,-0.19420270182758204,-0.0642975837470459,-0.00724768846183101
1445,-0.22498119548095755,-0.03938696674004496,0.09276536196299064
1446,-0.21742095445925125,-0.02142926740442921,0.1474637061158498
1447,-0.25790351967466607,4.456361919637113e-05,0.1907877241908779
1448,-0.2984533959668324,0.008766265507586642,0.28388165600927817
1449,-0.3370517013388727,-0.025795705341831544,0.42480493817525344
1450,-0.3305040438038661,-0.05332971677282888,0.49712013214814227
1451,-0.281626749064825,-0.09959899106847152,0.5043275388743742
1452,-0.23044583220612655,-0.11890206096157747,0.4144375082516306
1453,-0.19251688373481013,-0.18686078499342335,0.3708371856528076
1454,-0.18876137147587715,-0.24069425254154117,0.40217224680136365
1455,-0.24368526487140804,-0.2795172333019665,0.4891855449477212
1456,-0.2982492272279368,-0.3025674365384546,0.5897780794583692
1457,-0.2533169264449715,-0.3101079357283387,0.6300341217486898
1458,-0.13326458360491558,-0.39847677071234494,0.6426211573232335
1459,0.04866926879372011,-0.5031220462079228,0.6943379337324453
1460,0.13340260851002927,-0.5864224522157832,0.7445926385040195
1461,0.16404340898232478,-0.5803040103068097,0.843420745704858
1462,0.15718630342488166,-0.5309443483906525,0.8324647872646169
1463,0.15696287116870927,-0.4837193865864163,0.8690844229904476
1464,0.23684718552129788,-0.47833178418416866,0.7229347272405046
1465,0.29869413668564343,-0.4885207052022783,0.6441999639352859
1466,0.35818328457729637,-0.5059287908820723,0.5540478805120179
1467,0.33175312790692024,-0.5073033357050196,0.5861672120148851
1468,0.2788858498542074,-0.4794792833266412,0.583495391954994
1469,0.2172487386237287,-0.4353956242419591,0.5163283872860022
1470,0.1876039325210229,-0.38221186111932026,0.49714573116673405
1471,0.16122337568382156,-0.336336979029753,0.5510491852197614
1472,0.15242115619615648,-0.33225989627864866,0.6994781526216315
1473,0.17647721786944892,-0.33615073276352236,0.69538458828208
1474,0.2099010812367948,-0.39480088615737435,0.7338549900716308
1475,0.2745133713347577,-0.42414668539013245,0.6422453850336425
1476,0.24552223767866063,-0.48102100248605445,0.7777173026532052
1477,0.19749592591846551,-0.4994488276181938,0.8385941581418344
1478,0.14629047240093412,-0.5162949389731699,0.9050902770904251
1479,0.1274211495872194,-0.446033633660702,0.8043020299973145
1480,0.13387297448345206,-0.36514873800246683,0.646593059080412
1481,0.11733295196321097,-0.2716803377306922,0.5080674922844884
1482,0.06490562900177174,-0.16839400763721457,0.4099634595108197
1483,0.044283567213489104,-0.07183952346346428,0.1643008710047447
1484,0.02628148352851555,0.011614483879397489,0.005761062991447146
1485,0.033969655455227385,-0.0001248680951667093,-0.0011518225148580208
1486,0.03364155038947164,-0.01980634375127601,0.060089463584332044
1487,0.018940942494264115,-0.03629591735852383,0.04927553384826777
1488,0.0398058109195126,-0.018304088175021126,-0.04293886531244074
1489,0.04762144875212758,-0.015918493761290554,-0.06270176095220178
1490,0.08078590205493474,-0.037376517520541025,-0.13594557705473073
1491,0.11896554988696251,-0.049864341395648014,-0.1568147684241454
1492,0.14725986858757267,-0.052034451178870525,-0.1654926519618657
1493,0.11552596737556081,-0.012022161617995793,0.014602967967480434
1494,0.08687930500964137,-0.02360276986744972,0.08547816632545657
1495,0.03387306308017109,-0.0007383947778244347,0.16343399358266467
1496,0.02526480900867423,0.026734762309085305,0.1488843830674097
1497,0.0904636921052794,0.040692341006566726,-0.01423574483919132
1498,0.1517754461938684,0.028579445809696534,-0.052735138114426164
1499,0.1986134565003521,0.005408106423633161,-0.12777007128853596
1500,0.13152253509008688,0.009435899452368085,0.04896299357776718
1501,0.08781592720137463,0.01912233417979522,0.13264348245565336
1502,0.04848210212909869,0.01962566296246221,0.19255375870209188
1503,0.05085074706281849,0.03383931681704316,0.19565860195051646
1504,0.035565096846400655,0.03329930735807144,0.21328465512760902
1505,0.020678552553921873,0.031099837789534186,0.28965627165214125
1506,0.03369003609891755,0.03040289191558662,0.24998223581547893
1507,0.009689840833331468,0.03717325037976939,0.3179880247770084
1508,-0.01206453351046613,0.072333838697039,0.3172086767535107
1509,-0.024488714172652897,0.10465997929289675,0.32714269218933484
1510,-0.010270748665602772,0.14950393220570032,0.31915913083133873
1511,-0.015449078310570883,0.1580541943296448,0.3827590990454605
1512,-0.03632202669658174,0.1594105960392955,0.4008827454201208
1513,-0.028585020078518056,0.11968605546688468,0.2953752128307321
1514,-0.008066107622277626,0.12403534831580432,0.1712206291327527
1515,0.013453167167372927,0.12575054985596554,0.12070367589485607
1516,-0.006421712543903032,0.15136750535410332,0.1993660322122033
1517,0.04523858651648188,0.1504575140655038,0.14641810157063403
1518,0.10233785947208936,0.17327641238016525,0.13359579767369803
1519,0.1610091670317798,0.1730836821901193,0.025930588828180355
1520,0.1188949911320902,0.17791787300928466,0.132627672348278
1521,0.0763572278003139,0.15896472287239077,0.18506332658153807
1522,0.034493407595716535,0.16507501359395751,0.29304357829981037
1523,0.02593671960703554,0.15865782406786752,0.2723822656796358
1524,0.07687102968689222,0.1438728569730042,0.20400089140157335
1525,0.10780217877270626,0.1153818495819079,0.12845733093260947
1526,0.12146561433507855,0.08655613764598062,0.11121208464459935
1527,0.0818232997959543,0.0704334100296688,0.1741250713857606
1528,0.06470824085406533,0.08041364274906238,0.2230704936633257
1529,0.07305590580180414,0.08441892285539199,0.20111541276759956
1530,0.09374100477159512,0.09725059823352472,0.1533058050921384
1531,0.10888151393838211,0.0896929463446142,0.09094250796274506
1532,0.12999523295254806,0.07620622242650152,0.013691311060114194
1533,0.12465637976380249,0.057963045403544536,-0.008353374939224273
1534,0.12036634876916687,0.04707686574314007,-0.01135650714109486
1535,0.08419692484477238,0.05462812874596411,0.07255882932552021
1536,0.07089809174425132,0.0917978820857821,0.14865512309063098
1537,0.06255854157687714,0.10743326407744394,0.14610462669499932
1538,0.09635567564664484,0.10929592563815842,0.059664155648242734
1539,0.12822817094222158,0.06894093565701885,-0.10230699737888305
1540,0.1524491826910756,0.04548771991710696,-0.1558149916964843
1541,0.13251888898049524,0.013682316835329961,-0.13832642293506117
1542,0.12521706884336026,-0.006188580331471095,-0.142195027557971
1543,0.1273887847764979,-0.017094770511898706,-0.18523342406092996
1544,0.13207813573277855,-0.011019112769251677,-0.20910559038643448
1545,0.1653824064777656,0.0057428558670220235,-0.1839159615825101
1546,0.2322780951887641,0.014631837219263786,-0.18804049212251572
1547,0.2866182228902129,0.03908831365974879,-0.15409601177934226
1548,0.29109593218869184,0.06584331665435954,-0.07570521315344635
1549,0.28234307017456195,0.10782853144637485,-0.004388805959365959
1550,0.23306643610438438,0.13277111541704092,0.14686197416530022
1551,0.21804534865245173,0.14547672145346993,0.20529217761731453
1552,0.17024194115416158,0.1335836267890812,0.3208438008065044
1553,0.1984730632733993,0.13034631899837415,0.33664357135240297
1554,0.0940468865770025,0.10799626980557032,0.5926481068004907
1555,0.03344624087486841,0.10661724679403915,0.6896696788101939
1556,-0.0626010397152395,0.06766131692376366,0.7566756030116666
1557,-0.06652781189830374,0.04464638577724027,0.6913990769758002
1558,-0.09030594092418515,0.03176660830684126,0.7319185777208088
1559,-0.09563694203960281,0.026467784436721965,0.7009842723296583
1560,-0.07154949690725171,0.0008620848790179205,0.43090199013995173
1561,-0.06794357493737475,-0.026056639968201335,0.2263288186142389
1562,-0.06559068859123922,0.007927789088859303,0.18152382545701046
1563,-0.05324735437919074,0.05448133452831048,0.2767013137440939
1564,0.01884096227781256,0.10533833000457944,0.23637883935334988
1565,0.00046497193379950946,0.07743488277917945,0.2285344641122864
1566,-0.02039689358778846,0.07688650415108281,0.2556471294643131
1567,-0.08185322552370011,0.08192106246913386,0.4028322919797972
1568,-0.028797900419443825,0.09563678930102393,0.43041956620660493
1569,0.00410728965103873,0.09698270737862233,0.33002880813161123
1570,-0.027521621227777966,0.07637030712259604,0.300238902670868
1571,-0.12780687895813025,0.07492047215635074,0.3638440955730808
1572,-0.1962001378767519,0.05490690352189227,0.44820242482548434
1573,-0.17985517852804173,0.05400907543416638,0.41432954969058416
1574,-0.096994811776294,-0.007452178033209888,0.2504979220279669
1575,-0.09602276587892294,-0.014617286641245055,0.3130716886468499
1576,-0.07491381883763215,-0.0717164999238948,0.24956354284440913
1577,-0.10845599691861664,-0.06328140403607656,0.2612034971637637
1578,-0.10026457263815865,-0.059599762984665815,0.12792606635191028
1579,-0.032700439354310815,0.035050722330038975,-0.004887878901812012
1580,0.022012320637549408,0.11567778090568319,-0.05273377361229298
1581,0.06330530102728682,0.19476317291260486,0.04682889621263336
1582,-0.005177526666391019,0.19545102607797446,0.28505363462904276
1583,-0.04685279490403376,0.19411921002302462,0.4105766474929625
1584,-0.11629478333675843,0.16810750960912269,0.4909748095136049
1585,-0.23361697625531017,0.14107901418736155,0.547542152166275
1586,-0.26139602004019685,0.08689217738393544,0.5577722490900823
1587,-0.2647812188018733,0.0844989910827048,0.49801470454249064
1588,-0.23317037712873945,0.06963130362554543,0.4643759416665619
1589,-0.25007615838885344,0.0629190357715819,0.5494674993646904
1590,-0.2656692569058354,0.04151851717649615,0.7028540843574858
1591,-0.2839930131145038,0.04478521137854087,0.7800181669854283
1592,-0.33238950713025883,0.029855837122870568,0.7911941090443588
1593,-0.3433238029459274,-0.00410659844061468,0.6934034805329363
1594,-0.2652330627606556,0.013481267623680609,0.6476858427614819
1595,-0.207976019874162,0.07314615738325235,0.6658028123088066
1596,-0.12926626502747599,0.12156532281051652,0.5841093218975874
1597,-0.15199440760127106,0.11496000885769325,0.557149302322438
1598,-0.1181051547529587,0.09961729277835947,0.36362583994877856
1599,-0.16271565434736285,0.09354890774448368,0.37695912122189473
1600,-0.18905884386861638,0.08916037502558433,0.3321185643904352
1601,-0.243914427851056,0.08794326053375401,0.40681956235186034
1602,-0.24112776055524768,0.08729560738618461,0.4015238453533764
1603,-0.19481472804188335,0.11809462027986975,0.3261837195097614
1604,-0.1974831424383817,0.14931251202036414,0.27920506179494775
1605,-0.2082150060105528,0.16198671317056407,0.2595405312872307
1606,-0.24583347872806474,0.1220257134181322,0.29024983531067694
1607,-0.1943555743010697,0.11170452062413229,0.24935097656690858
1608,-0.21665984801492463,0.06804937666869693,0.2891108878828944
1609,-0.20827312371350534,0.06159715614602582,0.2573328715440697
1610,-0.2633148525160357,0.043343420164501795,0.33751229340752836
1611,-0.3042800655475361,0.07823926786757529,0.481079767275541
1612,-0.33431306570579405,0.06146036943387744,0.5630067831855763
1613,-0.3621923749767846,0.06852653406621055,0.674062517447274
1614,-0.3655363282502849,0.028828880987876615,0.5825314524858001
1615,-0.3550385542665697,0.01152733259924515,0.5328480168013326
1616,-0.3101873173497668,-0.04757026743565324,0.43709406596180933
1617,-0.2215027309472398,-0.03160861438861028,0.38344855581438286
1618,-0.16769671051504617,-0.017417390666209953,0.39370612276644096
1619,-0.09714793981310645,-0.007155119835041851,0.2925349760427243
1620,-0.012098201768219912,-0.06013925696944313,0.2082417729077676
1621,0.03184447847485028,-0.07277215904695367,0.1749405088435831
1622,0.052333279236918356,-0.09003619371343217,0.20552280748632248
1623,-0.023177352058665356,-0.05922813417862314,0.251424306003887
1624,-0.08545310441661187,-0.05844507575963435,0.2608808479097015
1625,-0.1702869598406818,-0.04044260844602087,0.31894672049285444
1626,-0.13101722371740376,-0.06202226318103195,0.3041442434730388
1627,-0.11164851085243656,-0.026381262790208988,0.3052530229664333
1628,-0.0646825698806533,-0.03058114416773342,0.2793193279724349
1629,-0.08027304677055758,-0.021270852701818763,0.29168088219851973
1630,-0.10935039803816729,-0.04180807790924899,0.33219681028893117
1631,-0.1027683331002304,-0.03249833417484749,0.31830037737727873
1632,-0.0957702351200209,0.00925465838835425,0.2821361735414881
1633,-0.08873240567616614,0.03420170138224941,0.3037298330918431
1634,-0.1259977949366475,0.044831849155316655,0.33814188546339247
1635,-0.13642720097357736,0.024438782237346184,0.3405795422962179
1636,-0.1347714765790828,0.016667774733759643,0.2801963164616907
1637,-0.1148337010147053,0.009630651626975401,0.1910896872934248
1638,-0.13268793822019107,0.0021486979480321664,0.24151563603216458
1639,-0.07599637087988438,-0.03837608678090374,0.25281128485311655
1640,0.02665687675216561,-0.09001013320265576,0.15443695974024074
1641,0.12241920986474075,-0.1302692576960472,0.04030454436283182
1642,0.06901779336643828,-0.08580880102007434,0.08067697617723964
1643,-0.030470726795075963,-0.034348582197115146,0.2540581790532188
1644,-0.10345034782224097,-0.0058721458079430905,0.36581480235570524
1645,-0.11243190897164848,0.01271165212320969,0.37749133393785106
1646,-0.14093063839372835,0.027348424410662205,0.41442999303686795
1647,-0.16281942155804865,0.040529148006482545,0.42489151608655384
1648,-0.1837164899431168,-0.013375828817960863,0.404068683586943
1649,-0.20157091121610882,-0.04711638443554018,0.3387021820246075
1650,-0.14599649850222426,-0.07385109070153577,0.25651629044245294
1651,-0.03947005752554219,-0.08070227684464136,0.08460887230872566
1652,0.044699342210128334,-0.10062232935891494,-0.02909883804226883
1653,0.0705537384336632,-0.10957000171538789,-0.0668356554752268
1654,0.07144438474864327,-0.09148794008789161,-0.0168173222996252
1655,0.10035479924953022,-0.05682505553067689,-0.019808041146937266
1656,0.14421634314687778,-0.05741176518680616,-0.13626873875604062
1657,0.12818743510061223,-0.08170110783373845,-0.12740260678647458
1658,0.07619586427995703,-0.11423306040831299,-0.12116541775582398
1659,-0.032301858647842276,-0.11236667912124046,0.07569244405752347
1660,-0.0794654803875037,-0.13040239158727865,0.13578590116857717
1661,-0.12752868275153145,-0.15758715191000733,0.2608477652998572
1662,-0.1048521110352197,-0.18696310461365553,0.20057379983617407
1663,-0.06262898568365076,-0.16854333666436527,0.13027282896691875
1664,0.01756784908756645,-0.1463172566227219,-0.005196422886584095
1665,0.06372193839720298,-0.09876514826291281,0.016971420453179654
1666,0.08588705200612395,-0.06030579479189013,0.03584471577332906
1667,0.13745053709599825,-0.009090985926122256,0.019353040429690396
1668,0.16360947688114405,0.012917440532602341,0.06809731035725873
1669,0.1961082850818921,0.010920545495440092,0.2080331879565189
1670,0.23064341169253078,0.001781482668040453,0.3657494950417705
1671,0.23568250347812492,0.010070674477257789,0.43498152396569123
1672,0.28286877505852515,0.029167095059541653,0.3732877225566165
1673,0.30182311714324267,0.043893460992214056,0.30842735795514764
1674,0.33037026473200987,0.02066735365862878,0.3415830466586719
1675,0.3187536475764816,0.02453053583667368,0.3913249686622218
1676,0.35499951669008034,0.023969692567475342,0.3835946131316249
1677,0.32387897849968417,0.02620206153550341,0.28569439895359794
1678,0.24062123787097697,0.013245202426263099,0.2744020185756601
1679,0.1185646146530441,0.02187964416078938,0.2926821979103447
1680,0.0428874783532217,0.017161618851078506,0.326400079822948
1681,0.04136814688209914,-0.011274713903013446,0.276396131074553
1682,0.04565607426941177,-0.05495916356236411,0.2926599524317231
1683,0.09131784108432588,-0.0868649050981064,0.2682737596658209
1684,0.10052793704446902,-0.09102104587617964,0.2721973656160919
1685,0.12538903452494654,-0.10393536955985232,0.24905254239764102
1686,0.11676117990801346,-0.10443238395103137,0.2685688763742788
1687,0.11973683302882807,-0.12109759587258068,0.3324522916352932
1688,0.12021831373375878,-0.1330836577698158,0.370005439746131
1689,0.14890759796664277,-0.1123925906241861,0.36159905704799195
1690,0.17733319061864006,-0.09281906868053665,0.30245181986229863
1691,0.21392642075460322,-0.0877846701999769,0.2600976045636738
1692,0.10889087832374295,-0.07497533458232399,0.22964760177049695
1693,0.032464818737316437,-0.05498749026651924,0.16995647783344497
1694,-0.056665036955669684,-0.0287221756910997,0.11614226556974319
1695,-0.02568319856724302,-0.03180841120723428,0.07882719664266655
1696,0.021353009170612097,-0.04018353951520199,0.038694056727420004
1697,0.060105511026290526,-0.030099062010253717,-0.016001657747496918
1698,0.11511745650028098,-0.027724412330528147,-0.077297739074972
1699,0.10110777045528388,-0.03181012540685458,-0.02096401665643694
1700,0.11195898594251902,-0.05808709533353829,-0.009497000943205998
1701,0.06512939676753544,-0.032144946954333266,0.00345780122187284
1702,0.047713274432762326,-0.03706933614523781,-0.0325542757459695
1703,-0.012273666570956911,-0.016515217986831702,-0.007679557089930707
1704,-0.015222375767022593,-0.013887719786994315,-0.012288591280421202
1705,-0.02341211320173342,0.008671578822592984,-0.02547994951699566
1706,-0.014885333990314954,0.03722621536967171,-0.056338194670595296
1707,-0.016298139708713216,0.0366784372802986,-0.05555089859922056
1708,-0.017645136896702083,0.036770931640376564,-0.05457084975247685
1709,-0.027350392407755653,0.03386575703170881,-0.044757357447220536
1710,-0.051477241561891436,0.02279194791096631,-0.013060771787116062
1711,-0.05818132200143374,0.019066729324300518,-0.004128111122974154
1712,-0.07863164951599624,0.01271381920920088,0.017558188386655234
1713,-0.06882116067258168,0.017075175157749853,0.006171744504689293
1714,-0.05328911865322038,0.020255861967165795,-0.006097171584430869
1715,-0.024840179386572306,0.028434042087013885,-0.03220631477334095
1716,-0.022558599038489016,0.027427927284818836,-0.03367272694249182
1717,-0.03646284690278567,0.023695327298461893,-0.02326305077518996
1718,-0.03759485565410816,0.02268813039222575,-0.02335494577888982
1719,-0.04528628671066027,0.020227805129635183,-0.017852836047236028
1720,-0.03612476070685006,0.01887258165356418,-0.01815136829239361
1721,-0.044346880197151606,0.013143403637644059,-0.006858459980167355
1722,-0.009475440773849436,0.0024162917501139715,-0.015738764047662033
1723,0.0056832203616627615,-0.005953203337532574,-0.016638544609282834
1724,0.04120323096666304,-0.022508700505896186,-0.023965605958344474
1725,0.0512969682382785,-0.03738376371403876,-0.01166632732945726
1726,0.15995722105546734,-0.09331376884319528,-0.15944538432912456
1727,0.27410566405404957,-0.12100319452080532,-0.3746367089332629
1728,0.2698148166967931,-0.12013737006973906,-0.43335071689306137
1729,0.16551455457004607,-0.07947956840707601,-0.2961340395463486
1730,0.029588888227424403,-0.05031531109701592,-0.08582165570610382
1731,0.02702903204691135,-0.03872957479588013,-0.04487499815173448
1732,0.023974375381787826,-0.02989418688485173,-0.036912818888099594
1733,0.03751028421414639,-0.016055270319525018,-0.0768325582779082
1734,0.06652877868329041,-0.004168038820739628,-0.12805528267997912
1735,0.09366716764818417,0.01970449566032248,-0.1563907692548598
1736,0.09387739434175539,0.03252316863407468,-0.12398983548572963
1737,0.09110490776756715,0.046896901832955896,-0.08694187220566237
1738,0.08630195097614088,0.052892122609404874,-0.043836848134664964
1739,0.08007761195718098,0.061429879007396625,0.025124147514811818
1740,0.09532971433838208,0.05609038494068638,0.002134866898480842
1741,0.09170968070998736,0.03236916169770295,-0.03127387198704682
1742,0.11418653220372263,0.019157998859751203,-0.1709706065089274
1743,0.10703054195148842,0.014808045223362858,-0.213217603098363
1744,0.10613122686621738,0.03202425528322798,-0.21392052203960263
1745,0.11607909724968891,0.03191814285734498,-0.18821744844600402
1746,0.14322225968135893,0.04989329025547668,-0.17473380175681277
1747,0.17446642746603444,0.03373922592796822,-0.23151156910345044
1748,0.16051359713227747,0.03107694223032227,-0.20675658246262876
1749,0.1227202564955951,0.00887858535751258,-0.16416295440541984
1750,0.09800593193944455,0.01754689361323144,-0.06541298858277897
1751,0.0727686935125969,0.032040862707394285,0.03776066788383033
1752,0.07438364867052448,0.016857435567067595,-0.019337164420181272
1753,0.06842309376864317,0.0001625392587493073,-0.11220423875316335
1754,0.10597423739611803,-0.014538752272291375,-0.20874975927211756
1755,0.08861353651047829,-0.01503852732564276,-0.16354315634721966
1756,0.1079926146470638,-0.01405176556353511,-0.16043754394315834
1757,0.10346880574998372,-0.02039583603429237,-0.18288778791306134
1758,0.0920696368887181,-0.0076261763134770465,-0.10877956792644827
1759,0.11009229593438531,0.03526184253644476,-0.04015755920913481
1760,0.1039864127529081,0.05811468051872579,0.045956368386905755
1761,0.11193711857749444,0.06243741856220633,0.06225028530366102
1762,0.050121874175265486,0.038767051305057094,0.11751416625912442
1763,-0.012346048437130554,0.06291992071281831,0.24857626723866733
1764,-0.06918393856419242,0.06139395400367548,0.2635529713298979
1765,-0.12151652458031219,0.06698449799412817,0.3328919646407404
1766,-0.12910289861411894,0.03496161076017808,0.2635401058083148
1767,-0.12534402562749378,0.05365666353267548,0.3310184569362866
1768,-0.12041775254856944,0.055571681310662153,0.33048480487973797
1769,-0.12873579313289427,0.047764958634894716,0.32195344645192997
1770,-0.14478215099076155,0.02397223735923842,0.31545555012041876
1771,-0.14636189378281925,0.0038675484132047336,0.2683698193534977
1772,-0.18233527822284648,0.00988337064657176,0.3604436653396088
1773,-0.1866384611379506,0.02493450953277386,0.39909481497223986
1774,-0.17506995558310284,0.05342494081264108,0.4624530034123126
1775,-0.14613440285075413,0.061763036302843584,0.41018788335519474
1776,-0.12093305669054788,0.0455967641102285,0.3314813372340733
1777,-0.11272665292316635,0.024895934359634893,0.26710488863026366
1778,-0.09101020567464398,0.0077807689151312516,0.19604135059383482
1779,-0.08076678595495448,0.010856642918571822,0.2057284750224311
1780,-0.0833191726261253,0.022035344866865522,0.27090551472953295
1781,-0.09192357089853272,0.03187445938925241,0.34542833444800625
1782,-0.07481445357489037,0.03281632953154113,0.2887155053582573
1783,-0.05772602451498626,0.018310930325037385,0.22670550894174146
1784,-0.015929674690543943,0.009530619308024246,0.1293129518824151
1785,0.0040595390730780116,-0.002800654894128033,0.13094054762186735
1786,0.02202817968225368,-0.014258247773858335,0.11579455081017509
1787,0.028437776441150014,0.005653688210558092,0.1122958637181908
1788,0.04111169769812924,0.02944540289164374,0.0707281536013509
1789,0.04901331534220472,0.05454665739746843,0.04575357665496891
1790,0.04601362253550418,0.05760089808848255,0.03642426260093821
1791,0.030333207384805726,0.08310701727743666,0.06498048594583627
1792,0.013370160251565495,0.09974032490606462,0.0634708552859213
1793,0.006417463845431937,0.10795033151475829,0.07478239663466607
1794,0.010696220468586653,0.08764418972472902,0.051609407366112685
1795,0.04826674613993981,0.10202693388589626,0.08238271245866326
1796,0.05842852482480113,0.09411777644513852,0.12313135608346287
1797,0.05542571240713148,0.10284712505909416,0.15903396714826815
1798,0.014602022343012307,0.09139696593060155,0.18146176398036473
1799,0.02726357852193216,0.10783919315087792,0.17806083362364233
1800,0.009603313282492537,0.07753980013337436,0.23224118437703795
1801,0.04982389736125199,0.04798752071110255,0.20049857539584093
1802,0.03325336098384827,0.009271067213063693,0.20252635494459384
1803,0.06222228509729888,0.01724447626442796,0.12677345838974224
1804,0.033816938048233075,0.009058180166631648,0.0841684355799337
1805,0.05447640207046731,0.017129641590466524,-0.02527173391615687
1806,0.09456237484733089,0.010118832147002942,-0.1724891458664678
1807,0.11207662416958353,0.02691410921530525,-0.2618903679705531
1808,0.08961602528214109,0.02996091738544205,-0.23652842822906986
1809,0.042204457880819904,0.044118665581778384,-0.1001129308051092
1810,0.00851284143614611,0.054619586135574216,0.06368043508557159
1811,0.020613133413194453,0.07013589068029166,0.1390795891583612
1812,0.007503141095051396,0.06875638745429373,0.18432578518526074
1813,-0.0013436658787629983,0.06387629538171052,0.23914531582446666
1814,0.002077116178537261,0.06768823134215804,0.27327520816563977
1815,0.0029284548910039417,0.09058511599481525,0.358034106633661
1816,0.016603071233081614,0.09072225083067598,0.33610558913058597
1817,0.015431539705783466,0.08898758891307625,0.3210424481464598
1818,0.04489339231950368,0.07300741826251482,0.22786208725695295
1819,0.05451855301795658,0.0726999619530882,0.19902764639058707
1820,0.04942397331462643,0.06280229471218149,0.2301812096964431
1821,0.016957577022121667,0.05515648886226184,0.3263888919737809
1822,0.021594136775923874,0.038513173068471115,0.3437118142990576
1823,0.04417398221145202,0.03790620924788196,0.3299658750952681
1824,0.054420282745088845,0.014477742144078794,0.236672696869655
1825,0.04253307801334955,0.00042945393210470255,0.18523622877132317
1826,0.01069489026137956,-0.03504391505006908,0.12600835434957017
1827,0.010453813115448754,-0.0359389661867591,0.10894084338277131
1828,0.017518612846042097,-0.02897991312099223,0.10851531169596662
1829,0.024158036640483483,-0.009424326006163103,0.11584155655719112
1830,0.01260152360910914,-0.0019134147367385152,0.1325887686477205
1831,0.0010950834473938485,0.006655435436845184,0.11884181331076746
1832,-0.0003022968384581815,0.01864649413041115,0.08262251254726828
1833,0.01167015224172022,0.0366157673277175,0.039374652658281085
1834,0.020865146754895085,0.03642064800273889,0.017689511931696413
1835,0.019720903692523994,0.03591229796244967,0.01830979431181497
1836,0.033735244436248264,0.03449072170123881,-0.0010394352804514522
1837,0.03333111896310605,0.031145636830696082,-0.006077114121379352
1838,0.042487541734548155,0.028016482806082273,-0.007532676469352755
1839,0.015672322115443896,0.028216959508164167,0.05069253998092485
1840,-0.01770684032503821,0.03259251936283892,0.12847547172120746
1841,-0.0479948875873515,0.028274975433975752,0.18593480555634423
1842,-0.046373756929599524,0.025576233686731665,0.1938665755715508
1843,-0.02886843325610358,0.012399572447273709,0.15565202199292155
1844,-0.03764266015737689,0.014776005330844659,0.18006887501807672
1845,-0.05836516085336538,0.017610876376492657,0.20320431125355543
1846,-0.046136608454059064,0.01716716385487011,0.1826064057962406
1847,-0.022558085468054677,0.02750789451994525,0.15865166454646445
1848,0.03432801012389924,0.042578149350063516,0.047446165971707456
1849,0.039766796650936596,0.0783637027446752,0.02590062096028917
1850,0.05912044732451187,0.08303391481123099,-0.04233432400889337
1851,0.04372282281432164,0.0865994439701029,-0.007806303858291502
1852,0.0629178525249922,0.08485634199403258,-0.03674589015599897
1853,0.07351378666245717,0.09239073898936198,-0.045835818321002246
1854,0.07425855420975945,0.08350639891646944,-0.04441736227409193
1855,0.05407760195588335,0.031079396046611214,0.015839210501229967
1856,0.03089577701991596,-0.018970513743170745,0.06723387678325936
1857,0.0007122676212593626,-0.06248996898004255,0.16902353801166056
1858,0.014851376978687157,-0.05276323122528639,0.17368223688869858
1859,0.061144759065749434,-0.048727949236291486,0.1049383156454991
1860,0.09933638202611642,-0.026140717635262982,-0.044335363781290715
1861,0.09680862202869055,-0.002290161297532474,-0.09461894029521767
1862,0.06321022649448274,0.01351308756434365,-0.06723487263688645
1863,0.11712780821217905,0.005555160647033437,-0.16622418027238323
1864,0.1884570288729529,-0.0017503543101571,-0.3734131882269856
1865,0.25856127831306674,0.013569749896840632,-0.5321978153800864
1866,0.1876459242772862,0.02524774984343884,-0.39275226383902845
1867,0.09877417284779846,0.024661299482158273,-0.11646655585028194
1868,0.006364276937091459,0.01590438853913221,0.06049454689776295
1869,-0.035309971048398454,0.011984851804315485,0.10750716161841443
1870,-0.04720575361644331,0.0059291591841564035,0.05494307083493446
1871,-0.04182634392836925,0.0017678569746288014,0.018302464827644284
1872,0.02140086432857222,-0.008856523628881155,-0.08865517722191507
1873,0.06103498273908811,-0.007681090654479991,-0.1343529035161995
1874,0.08587513345760216,0.00669982443006491,-0.1279864073450773
1875,0.048390601723280725,0.02168463222055603,-0.035393675107412044
1876,-0.01005641538737302,0.028912685801468666,0.07197168298753974
1877,-0.03942036703775162,0.023910379023566183,0.13831549801307189
1878,-0.055260232279390115,0.021753010528992207,0.206659820899487
1879,-0.013642250273022084,0.030479844776716523,0.142904995824428
1880,0.02928763309111136,0.050996836259662254,0.09294053145286006
1881,0.06827541616824014,0.05569402510142788,-0.029620945043667423
1882,0.05539585372001226,0.03845437520094921,-0.02876905523774506
1883,0.022561902608823535,0.002788258170571833,-0.029922383825155198
1884,0.020412491761874957,0.010970849881797666,0.018444322013231026
1885,0.020689932157547247,0.047063506693376105,0.038612545080709895
1886,0.012259410288000186,0.0815776681593432,0.058015671428291934
1887,-0.015669271436876336,0.09771249843580619,0.08684909049137696
1888,-0.020025138842239297,0.09914151854256323,0.10065067389561556
1889,-0.01703982606714008,0.09270531233177995,0.09558433639262486
1890,-0.0022723617939049705,0.07079038969967344,0.027046316332513132
1891,0.07221175477086318,0.07970897626149454,-0.05168327169144998
1892,0.09593573224187103,0.08591493377227898,-0.08014740454296213
1893,0.13621964683004995,0.1164716047412131,-0.06701168317279123
1894,0.11933891078577034,0.07176888503612633,-0.18567826959657013
1895,0.09294709250981364,0.08438814072394349,-0.1210998463521764
1896,0.011402706980623824,0.04845085532270497,0.07476694631266236
1897,-0.06865518361762125,0.04674037215401402,0.3510500563060899
1898,-0.07450365251858666,0.0020080916159183285,0.3810329972917581
1899,-0.0404664535002742,0.008262197332652427,0.2441080456058912
1900,0.0019257525366104488,0.016545550022628072,0.14704128277666245
1901,0.015189717796641687,0.023200192961078704,0.10874077624731203
1902,-0.003930975262873481,0.03934722779504852,0.13696698194532161
1903,-0.023942547453063467,0.06390519530936752,0.16519245517109224
1904,-0.021192600807917347,0.0868586331634248,0.18297895809372355
1905,0.012668912022430192,0.07353577922364675,0.10765290172897789
1906,0.031829142018129586,0.05027583443317021,0.04434183774247516
1907,0.03180042119257881,0.028613496330317005,0.0054630238752837465
1908,0.010958933928899012,0.013129931921410501,0.03139149599435853
1909,0.04747355349252777,-0.00676572845366645,-0.012437944176630172
1910,0.1146529114043667,-0.025043863996580252,-0.12684389713648822
1911,0.18249175828039624,-0.041248537527365535,-0.22895246934586783
1912,0.23098778922751892,-0.04273122242481307,-0.3093580309780292
1913,0.251464935843577,-0.04012019574587274,-0.3178055132074348
1914,0.24927022184588435,-0.0212927358950911,-0.2899554839249835
1915,0.221310902042498,-0.004268791731451514,-0.25241788297579254
1916,0.1486623657874754,0.028275987930625118,-0.09162823529691531
1917,0.10514000600785589,0.05951697754237622,-0.03271417822610123
1918,0.07186746625131384,0.06897150000521877,0.0291350071090845
1919,0.11471325510996126,0.07431008508343953,-0.10998340661088288
1920,0.08833519120969634,0.04970169052045648,-0.07755007981189069
1921,0.05497003458421855,0.06483615870551199,-0.04313563214085854
1922,8.858518037967218e-05,0.06449743589082735,0.02155805054183269
1923,0.0017870157128135745,0.07902319074979217,-0.01916003446554464
1924,0.0424918763055227,0.08762387280847561,-0.0424910978968565
1925,0.070274326141393,0.1111730484066358,-0.009480213168769368
1926,0.0851366358623495,0.11678849182001702,0.011603313480076725
1927,0.10571090058801665,0.12189922919223592,0.033366011591244436
1928,0.12760858309238218,0.09905871125421276,0.049252909974678113
1929,0.1685827156446654,0.073841249702191,0.09575592508538816
1930,0.22399793874785576,0.03155451372521535,0.04380819512456749
1931,0.206414812278307,-0.010810655969762866,0.024101568058959837
1932,0.1717249171195027,-0.012799985415790572,-0.002692030289531075
1933,0.08847859979022805,0.0013207326768889828,0.05757214280783608
1934,0.07792036477202152,0.03744685013726349,0.06718372577813769
1935,0.08608078127540415,0.0668376898064687,0.07986474308528656
1936,0.06398360259926492,0.09088856570135816,0.12543814120476093
1937,0.06273114176847593,0.10938310748170839,0.12549946900333872
1938,0.05783997160038497,0.12299776706925046,0.15415301099423334
1939,0.08540311885150463,0.08714600703676086,0.08862338751531527
1940,0.08366115182219655,0.05906169516019347,0.0934929129926404
1941,0.09726827893652917,0.01255808515000632,0.05312047209501332
1942,0.05908380695981727,0.024331015546091482,0.08693355185507247
1943,0.046915180629912595,0.024359181973368102,0.07211101260858899
1944,0.051070041737696366,0.05193397381939696,0.009096031049754679
1945,0.08913118756026486,0.0745271870105758,-0.07578055321110942
1946,0.10445256149819171,0.1141678710651841,-0.1235340501619517
1947,0.11200823448787368,0.1521247267878969,-0.11967747556950063
1948,0.09888924191929688,0.18027487608845963,-0.07417418295513661
1949,0.11150973344290775,0.17818879920211886,-0.10958142220193597
1950,0.1260969801850406,0.15251853783959196,-0.15566857053841526
1951,0.11706849572401845,0.11917756977578974,-0.1562696185734599
1952,0.09316938794510703,0.10772095194144184,-0.10285954224822898
1953,0.0286216671133403,0.09204835752326272,0.007499873396059114
1954,0.015381168032319995,0.08228800048856964,0.0181174540334729
1955,0.00892130936372266,0.07625272055555697,0.023071987969654182
1956,0.0358316249503968,0.08246384306734389,-0.00847217410761493
1957,0.0710853602678577,0.0855544906109652,-0.04892390742215122
1958,0.09313500350817175,0.08848270151148545,-0.07096099217319218
1959,0.10558531487177007,0.08105292213814587,-0.09640243916277891
1960,0.1189320034651637,0.0819504480026833,-0.14331265093129517
1961,0.14016244311032994,0.10178172874719578,-0.18765244812067097
1962,0.1493195301896078,0.1081351550558958,-0.21366685250674677
1963,0.20773929628551316,0.09525087687150378,-0.39321475822929486
1964,0.24481118273267669,0.0460214035783244,-0.5472422603128905
1965,0.27907921688707743,0.027104779943930266,-0.601875439862296
1966,0.18427702621701303,0.029518713229559748,-0.3253071443541111
1967,0.11772460845926036,0.058687818755666386,-0.09671360488554123
1968,0.040632142029254976,0.04347812593675414,0.017133369175254768
1969,0.010653359454052044,0.029674587060796075,0.057682765475203804
1970,-0.0011648184366598506,0.007419997727215802,0.0727650570995564
1971,-0.00976482175991037,0.018056556701496997,0.09321231698482799
1972,0.007318790277418032,0.016248901595442435,0.04348288882896535
1973,-0.008482254729554748,0.013065211313618947,0.05003538877079991
1974,-0.016139877039716283,0.0063656941559252595,0.07711575832224245
1975,-0.03329739092227773,0.011190156495698048,0.1274017272356051
1976,-0.0394488297462108,0.02622464142898191,0.14432349452907298
1977,-0.04054662680118114,0.014115222505247334,0.1862902781048577
1978,-0.013645305591945621,0.0016473074818941925,0.19686626584019512
1979,0.06406788114669182,-0.05679728525276169,0.1602427348887463
1980,0.09705190511094788,-0.008509902115448194,0.018545832605944647
1981,0.11548106088658987,0.00949401474940699,-0.09623619926008048
1982,0.07909407029187975,0.07052424097222071,-0.1161594324050123
1983,0.10210244934983075,0.0025329693791213788,-0.0616675988181836
1984,0.11395212130747544,-0.029459985919320343,-0.031115395862365162
1985,0.14937238347696827,-0.0716837599996776,-0.10680434414735174
1986,0.17345351824960256,-0.049511010632743935,-0.12148332354046022
1987,0.20520840042038724,-0.06355785989870669,-0.09181461561596096
1988,0.1774533908464239,-0.012856690727736785,0.022198472374952063
1989,0.14101034102899765,-0.013341238719276671,0.07917537518304212
1990,0.11790711296872503,0.028296362986003184,0.08365801357883954
1991,0.12906079431527476,0.028380186074282804,0.05640090089890956
1992,0.08440363687938943,0.05958163215212455,0.18340598808944572
1993,0.008333524203152816,0.09245702950409161,0.3894010939720997
1994,-0.10296623368064214,0.10683520598870917,0.6655149096204767
1995,-0.17341358151105415,0.11774424394879049,0.8628541458858978
1996,-0.18413263018562442,0.10158814853188852,0.9091697550350497
1997,-0.18003747961462307,0.1129332287038914,0.9238363819651051
1998,-0.12284470246089278,0.09359579769683435,0.841017323233955
1999,-0.0964954916679799,0.07023720179822686,0.7830391310590806
2000,-0.03785050003481663,-0.005754375649442248,0.7297526613783379
2001,0.05219999340943702,-0.023885139764725612,0.6147186809626874
2002,0.08812661842063806,-0.04135206707029308,0.5934649646203596
2003,0.08071143542191145,-0.00977545171040253,0.5484207465706828
2004,0.0364529385055516,-0.025720132032773995,0.5552497499047161
2005,0.006547630066292073,-0.023259305548095993,0.5385198859236844
2006,-0.02339493804561788,-0.04124318063996516,0.5379038838105047
2007,-0.02246615150538425,-0.06855416431132831,0.6006917495514844
2008,-0.0362805865398125,-0.07455006567782102,0.6521462560316542
2009,-0.058411099048261986,-0.07242309473670477,0.6502149846860943
2010,-0.11206657400372645,-0.06582644961318368,0.6180463887249734
2011,-0.11913118675539305,-0.09086334299183424,0.6514541950399817
2012,-0.10693723810354812,-0.079900383608431,0.6998631583212879
2013,-0.09855487952720211,-0.08412959579655484,0.7197354491574389
2014,-0.13607303377094704,-0.06501703426944007,0.7299338770577795
2015,-0.15844142008493112,-0.09167010821706927,0.7573321718222548
2016,-0.19213065854736266,-0.06687749261938822,0.7547574057786969
2017,-0.15105396339554494,-0.04656641488508589,0.6730321941886986
2018,-0.11115633202431605,-0.029088453074217747,0.5754415433722174
2019,-0.11989714680915281,-0.002622504987933121,0.6142717902626771
2020,-0.13700024273840358,0.013749779124906216,0.6408747170965629
2021,-0.14806336331861902,0.04146396646682924,0.6574325311544409
2022,-0.11569330374861825,0.05258297427283504,0.5682871894734124
2023,-0.11936705553868601,0.02596567198521251,0.5913041460308167
2024,-0.06739687004081973,0.004658628043991796,0.5738424704127919
2025,-0.00963490125737265,-0.03608884146568709,0.6414594865654352
2026,0.05496879728992571,-0.03721812083088013,0.6353696594212226
2027,0.05786992975607411,-0.034453523444615386,0.6967445207760028
2028,0.06712265518976661,-0.03313015900615283,0.6340667793148675
2029,0.03895955967364068,-0.010980189615087075,0.61835902969195
2030,0.004137609248222587,-0.0615513906190536,0.6063458510659624
2031,-0.008159732415376474,-0.08496612756652641,0.6068350443582474
2032,-0.01456986729420759,-0.11367933055066447,0.5753765646567023
2033,-0.012706472682542153,-0.05687020098063313,0.4783397584343385
2034,-0.017542439286999223,-0.08104972013552553,0.49687253369530376
2035,-0.026437872022509634,-0.10625857358773971,0.44228264252621635
2036,-0.01949960076763448,-0.1459704207269999,0.43260220985511383
2037,0.013430662534184828,-0.11652162188702125,0.39408316179421743
2038,-0.005179453459924946,-0.06579634020288412,0.47332079886908196
2039,-0.056966603194452056,-0.01050419458945878,0.5930089790924316
2040,-0.17849409986364273,0.001415967638935685,0.7133812245490055
2041,-0.2921272654390047,0.008506095995755403,0.7995911109763014
2042,-0.34598864264172063,0.005738434404543493,0.8399382890234733
2043,-0.3480195342247928,0.009305321812326291,0.7906247723428241
2044,-0.2815363305333862,-0.011221762003464319,0.7400509036451174
2045,-0.2676286460308152,-0.028825149474590493,0.6969280058224484
2046,-0.2538204026281062,-0.01987711723436579,0.765518521410815
2047,-0.21154899837061372,-0.0076714731760392525,0.6270808278776103
2048,-0.1388902062826799,-0.00869402701718142,0.5044014465229801
2049,-0.002677826379312614,-0.0704074430084523,0.26532471070326064
2050,0.04233645884711688,-0.11915386661343104,0.19278553763290796
2051,0.06778782552347576,-0.14825111635675203,0.12303882151200131
2052,-0.007071719538262451,-0.10170604874755029,0.16350369776752896
2053,-0.061682194569827375,-0.09158980986111642,0.27139558274586534
2054,-0.1784128320777996,-0.03723224382399312,0.4381657000527918
2055,-0.2635595526080464,-0.012352590627109337,0.5587281233600578
2056,-0.3001022716236551,0.03474501599326075,0.6004140411778314
2057,-0.2696873409081941,0.04656933618531562,0.5735959269478556
2058,-0.20949272638098196,0.04247312205698024,0.5381207232207962
2059,-0.20515231704485132,0.020695771162799075,0.5355078598076796
2060,-0.21899629182117245,-0.047706463241190045,0.5693584501059692
2061,-0.2623781042125391,-0.08028252847157237,0.5865225591253242
2062,-0.2843017977193078,-0.09843542178041029,0.6026350103896189
2063,-0.28296186261701545,-0.05494064891846632,0.5497686124331465
2064,-0.26078200583504196,-0.022022828899961256,0.49275279471181677
2065,-0.19755301049377844,-0.02823761461236989,0.3831432190588043
2066,-0.17273024969194345,-0.03286502597082552,0.32486051961047374
2067,-0.11236506118092417,-0.04108249689353528,0.24245790871722162
2068,-0.09480872171657063,-0.0023477935084236946,0.167164068570985
2069,-0.0604785345703619,0.033369751756750034,0.09667816338180502
2070,-0.04703529144892457,0.03975977057410067,0.1023760248607364
2071,0.07569055022172043,0.017381904186210228,0.03557549324694287
2072,0.16524072884414284,-0.027639154310279294,-0.006828836737134105
2073,0.24881669335783582,-0.08158270858186345,-0.0751297123015468
2074,0.2546778007628532,-0.13058634129656874,-0.04811331178064512
2075,0.255872564555564,-0.1453774316143308,-0.02079660699772484
2076,0.19418726160218266,-0.042183261638211005,-0.025118781899406733
2077,0.12157846530241873,0.07038436740570034,-0.05511785397875322
2078,0.06547348669174283,0.13953736503219022,-0.029151542900898563
2079,0.11447258954519171,0.07985156411854097,-0.04018112286376242
2080,0.10749434038385511,0.08702805321787267,0.0042141377923027865
2081,0.12177744594819444,0.09982331637991666,-0.06729118252386786
2082,0.10407822950130713,0.14803302864747991,-0.10325862474900245
2083,0.11575737966330672,0.13943538357648827,-0.1440236656674977
2084,0.12928597572985942,0.13847035639007216,-0.16261103908369767
2085,0.12792265661589045,0.15115742897622395,-0.1631416477740552
2086,0.1312028117318626,0.1591387307321355,-0.16510156937206039
2087,0.17200505952470468,0.1824106801593028,-0.20335635983252937
2088,0.16214186094775515,0.13833100628339645,-0.15255190470286262
2089,0.16425252313225927,0.09800620117697453,-0.07292874517099242
2090,0.10492160016720026,0.07679830316576616,0.05488006799568112
2091,0.14886189404893785,0.062300664529762885,0.07207505339434574
2092,0.1669431271220625,0.001732987488498175,0.10606926044728374
2093,0.1696521871029367,-0.05137181245960711,0.16164857160869725
2094,0.12107497969418539,-0.04643208028432445,0.1995445646706588
2095,0.05922584693809782,0.0059094836050742425,0.1779205924600576
2096,0.028628220589111814,0.02594277141344016,0.15141702850136737
2097,-0.004034380578374693,0.05615946753032316,0.15590042962131354
2098,-0.031684091046033834,0.0858030187967426,0.17490026073374867
2099,-0.056194947933644775,0.10374673637436056,0.15713243033461777
2100,-0.04250162083613568,0.09288565215693577,0.11070626636227308
2101,-0.024524087074568608,0.0684353651904299,0.07244758822839133
2102,-0.01897555647391601,0.05645873395096947,0.05650872565813746
2103,-0.01680701427471527,0.03516051604761789,0.0787843849430759
2104,0.013767567782496794,0.03821463094084499,0.05173035770582893
2105,0.04231272108497836,0.05988309444981449,0.026090215616046873
2106,0.03043192340157931,0.07365589796336817,0.020525744560331023
2107,0.017828970348639193,0.0833498835998388,0.02315147715320149
2108,-0.017532354143725826,0.045392276386030564,0.07552054213102197
2109,-0.02139082075989624,0.021813202230549496,0.10254414808876094
2110,-0.02636187400595898,0.009753287285880497,0.09444931618490585
2111,-0.004063364655014355,0.028998173669409915,0.046831537044150086
2112,0.057870303100173034,0.044646887420679786,-0.05913447463558227
2113,0.060706988026393724,0.04524377665957972,-0.0500242609815831
2114,0.049196519573125506,0.02184281130078371,-0.013274792941807464
2115,-0.006757170330878034,-0.008287463244023383,0.13676665256542408
2116,0.00721806157952882,-0.02204437191254959,0.18772095925034157
2117,0.03443140049990944,-0.009470254972890257,0.23167690614749872
2118,0.01868815711647693,-0.011610691235676884,0.29593210892615335
2119,0.017777469039191862,-0.0013444783600372098,0.2857175925828144
2120,0.020601840257227368,0.009551775692949271,0.23372188303812827
2121,0.088156931911697,0.03243545179949045,0.06800729338092476
2122,0.11826626722373039,0.03798095084803133,-0.03295864226793072
2123,0.16178389828278877,0.03740543816652692,-0.14625030596808253
2124,0.19731103917807055,0.07702914868021336,-0.2556089946947391
2125,0.2174459021962797,0.10100676376509178,-0.28781409195000085
2126,0.2071865660132666,0.09399980701674801,-0.23050376616299792
2127,0.1806954820195554,0.042522813829244284,-0.15136101188659434
2128,0.11566217154357647,0.023171015585918654,-0.060715700925889536
2129,0.039782837615439916,0.026917059291370827,0.00435379242272119
2130,-0.011203849612877417,0.040095098383825446,0.037228798170932824
2131,-0.02559355741421813,-0.001473134380044909,0.05147722309377324
2132,0.0004252916137015596,-0.02312544694344843,0.045158924095631714
2133,0.027641155767840105,-0.069755183598739,0.04123328713878885
2134,0.2043612894858312,-0.04394048852791717,-0.15295406416042806
2135,0.3616798721790011,-0.039237431676089174,-0.3245730745878745
2136,0.4548476471863488,-0.028423669157931996,-0.49465299492270554
2137,0.33188946533997205,-0.0663399585508719,-0.365695616173997
2138,0.1890704710119571,-0.09055973818488046,-0.22787747900431007
2139,0.11956149457616341,-0.06580072951397409,-0.09993484579557896
2140,0.10498593005674672,0.006782282998580801,-0.12513649111210814
2141,0.11805871358881974,0.05879463879906535,-0.18444150418894573
2142,0.09983265405187822,0.09744616689773006,-0.16816427375576198
2143,0.16346258757504878,0.06560518068557564,-0.14780987244311336
2144,0.21766294781958057,0.012857632225115264,-0.1157690887172289
2145,0.24395943647657617,0.011999199870251125,-0.13189087752463732
2146,0.23729164710224082,0.016584969197589724,-0.16250488298703802
2147,0.2267565997017108,0.07064522500138459,-0.23293583627124373
2148,0.22747786210751414,0.09450336444998245,-0.25327444567497837
2149,0.2024894408926848,0.1407372759691794,-0.2693713248213172
2150,0.21808159241547584,0.14223474688775634,-0.2668704261625768
2151,0.2650605329107191,0.11833619717231776,-0.332912529456065
2152,0.24662976666304068,0.10840739014211631,-0.3072381763142672
2153,0.20914137890635598,0.0866614523509536,-0.2505276361586777
2154,0.14319494012159273,0.10268520463466928,-0.17312618007348654
2155,0.16289026396639958,0.07892405419719875,-0.1407705065870907
2156,0.13843294786437457,0.10006730718401781,-0.10811040322948597
2157,0.15585547520004597,0.07184939243621055,-0.07389179224531928
2158,0.18630714655558994,0.029349957027986467,-0.053322562279725025
2159,0.21604948358184226,0.013677738695596645,-0.06145907049277122
2160,0.2596169528639871,0.02316344109088387,-0.10538374513617693
2161,0.2595533863799723,0.061078812153256785,-0.14753066208479784
2162,0.24988050463875472,0.10263414192877461,-0.18976535145488668
2163,0.22111405287249514,0.09000045101494357,-0.16840953345160298
2164,0.19666036476081747,0.09110703689332919,-0.16401535968601874
2165,0.14942295412599857,0.06602746988569336,-0.09578223370113338
2166,0.11347472635746479,0.080081092456635,-0.0868792575163683
2167,0.06028081531427289,0.07524542408413311,-0.058745586311901576
2168,0.021062215032161328,0.06913905873589508,-0.048881141154682124
2169,-0.00011276232808272702,0.06997252332089614,-0.011323472717176878
2170,-0.013465200163127201,0.09243586087979154,0.049490665794663116
2171,0.02028101973304947,0.1255252137263898,0.07716939861263172
2172,0.0813289944720092,0.15238238585764996,-0.018528345204769953
2173,0.1315359623280033,0.177342293765508,-0.09960624210229613
2174,0.173889223139625,0.20122011583913135,-0.20197842964602686
2175,0.20210394865511258,0.2114027022106746,-0.2368812311398582
2176,0.24321895682850192,0.20077370854940976,-0.3078065123685062
2177,0.2339089951387355,0.15299698568141112,-0.3141779131277376
2178,0.21086675773886293,0.12255327272148094,-0.27991781329900517
2179,0.21658284068070044,0.11049476439688233,-0.2795300419805677
2180,0.21818452896331186,0.11800489009807012,-0.26442883376251397
2181,0.18205186139981805,0.10676600802222319,-0.21292157438503936
2182,0.12280754492104075,0.10053258775293891,-0.1220197764264501
2183,0.1274004499624279,0.08893541513802065,-0.1038542972706857
2184,0.12249866840374626,0.0836346370716308,-0.09798752061665088
2185,0.1255462648507576,0.06722542981422933,-0.12320538726148816
2186,0.10034924160042835,0.06836450233627132,-0.13452232202601033
2187,0.1284174992678548,0.07084968764283175,-0.18731227030319086
2188,0.14818277723374318,0.0844404809127416,-0.21223669928513772
2189,0.15762899958392196,0.0916762542062491,-0.21634799470274302
2190,0.17455567822016727,0.08379161879531447,-0.24830266966369066
2191,0.17933575095057314,0.05130493217001368,-0.2276724549185626
2192,0.20921389830491152,-0.004571427176767086,-0.20815620828439574
2193,0.20019519414309342,-0.028770696501853543,-0.20124737792641553
2194,0.17163412445043866,-0.018409801994005645,-0.1987513738480031
2195,0.13845374040867645,0.01391333983626646,-0.21184847465575263
2196,0.1297741315096552,0.029131138834525,-0.17644128101209283
2197,0.15632491974178855,0.05545552490131729,-0.2027225951422094
2198,0.2039961362219797,0.04160293127081049,-0.2438580005620239
2199,0.20725906472095376,0.02498950233111807,-0.2655313634804672
2200,0.1944222720818545,0.005875185324303171,-0.23489054590645364
2201,0.17104943744746814,0.008372614079380565,-0.18084476410103204
2202,0.15702904692029926,0.028280824491643333,-0.13027911727888605
2203,0.16522955952535148,-0.00933036950317954,-0.08150068392974719
2204,0.15014919803783108,-0.01943137012847341,-0.037158544572501694
2205,0.1433501809844102,-0.04334755978020467,-0.005445814091762831
2206,0.14042830561538952,-0.022411575603616243,-0.017893874433819276
2207,0.10820294646518176,-0.0036832764177204894,-0.026362911601288105
2208,0.09193258686225661,0.04236242563110756,-0.06866086407478103
2209,0.10719183535981651,0.07288656188346573,-0.1594780495478472
2210,0.14853075060597862,0.09377129189653838,-0.24604032658305441
2211,0.16358993372482503,0.08854552178100031,-0.25147570906503885
2212,0.17337479185196683,0.07016983656933187,-0.24500666004904914
2213,0.1733736956989503,0.0736788897122166,-0.23300097679134596
2214,0.18814081938391686,0.0740442089450072,-0.2823958880846394
2215,0.14030206110185645,0.07411635113010619,-0.2206576010975996
2216,0.11743987340814147,0.0664156199077262,-0.20081158301921928
2217,0.11404163637291947,0.06832366080195093,-0.2013921974240886
2218,0.1265304209638131,0.06402852054210365,-0.23749856841170178
2219,0.13389200702237522,0.06635320555847042,-0.24199064132959586
2220,0.08755576949223802,0.06044461183543696,-0.14419559570233867
2221,0.05575112008580028,0.06551845956927545,-0.05959509665674594
2222,0.01567037681279635,0.050960126707626924,0.022616060058268734
2223,0.020586090713362662,0.03875529134139159,0.003846913712354752
2224,0.01701888875624529,0.03532637252978991,-0.007363390725349533
2225,0.00749067193871241,0.03045213520077958,-0.011292338843056771
2226,-0.004388913273110136,0.03273234854436909,0.004506981717647913
2227,-0.01606107047411663,0.012938563360862278,0.0011422369103071678
2228,-0.014406581990115035,0.025971223759007515,0.03881697520706742
2229,0.0032115297827541786,0.041992460625624235,0.023261265902472315
2230,0.022066553355462655,0.06567756858563599,-0.0073766765783789675
2231,0.018140751440900636,0.06583425685769366,-0.0477330707067809
2232,0.01834941630541929,0.056183039077968254,-0.07090819979369094
2233,0.02251746845744908,0.062083204434263364,-0.07422454981907183
2234,0.057031158395079294,0.06815098519185925,-0.12480627773219326
2235,0.05694325310529159,0.07609611844571372,-0.12826054317415242
2236,0.03345165226987986,0.07126173703814571,-0.07069042631563292
2237,-0.015412051213879858,0.05799334164016919,0.033800158699988814
2238,-0.020316173493589284,0.045657180458616324,0.05495546809809653
2239,-0.009473166188243547,0.0572108437935582,0.026699931298903735
2240,0.03044132603763328,0.06494256894295145,-0.05937911839380956
2241,0.008895355095124681,0.0720559840321113,-0.022401725159838216
2242,-0.002185496739422792,0.07671805491581529,-0.010679062280320218
2243,-0.03623624846780737,0.08144124161326066,0.05807061580919174
2244,0.009381857748723773,0.08316435031798373,0.00023783668384296688
2245,0.016203242438012782,0.061453922497244566,-0.0066627309593279335
2246,0.04833518529394477,0.044508377186631434,-0.06774881105191985
2247,0.0381212581745359,0.03463284861361117,-0.04834794740872272
2248,0.050711819322942366,0.0342614191573964,-0.09039320256983864
2249,0.08288628433439511,0.045528702643096434,-0.15811760111759976
2250,0.10849003008290047,0.04466769448829976,-0.17274562586427195
2251,0.1516573108661208,0.06064670381694363,-0.2308147369790906
2252,0.11198757148715606,0.04136338127005313,-0.14815561176385234
2253,0.07326084664981598,0.028862223527093094,-0.11728051842318399
2254,0.01708409351472685,0.004544216954076103,-0.01477869704242532
2255,0.029505166551973227,0.011076871382510765,-0.03900685083114861
2256,0.03221212870895491,0.008002233183271487,-0.07303549652022581
2257,0.03317475860127895,0.003846550201187922,-0.07790042449398464
2258,0.010151009294326361,-0.006138506521577593,-0.033566727884282964
2259,0.0014471751896029468,-0.013128488971768566,-0.012804821032363885
2260,0.0005950183061459288,-0.0012794508293730894,-0.016458685953203107
2261,0.03658306318564786,0.006713146635717524,-0.10989877349400547
2262,0.04988831455888392,0.025544159756464006,-0.12262614796652377
2263,0.032225411486492245,0.04494642916734496,-0.08381779573506828
2264,-0.019415465347538394,0.059362223747254916,0.03874906525345144
2265,-0.0434319032381382,0.07686497425515391,0.10709567554655108
2266,-0.02847450871587127,0.08231707508632005,0.09194475694694645
2267,-0.013688268150139021,0.09389386259182038,0.08027513106693396
2268,0.025105555931713867,0.09866535094890817,-0.02749620024874623
2269,0.031549733455226395,0.10020110239084298,-0.08151394386709668
2270,0.04771627339740237,0.09552254854298416,-0.16034373325929335
2271,0.031106430179017697,0.09021368515396175,-0.1303515119108277
2272,0.07669247938207016,0.08327293810711785,-0.22382240127528996
2273,0.09618454915383619,0.09251181970719254,-0.23886620296332606
2274,0.10919164822006083,0.12055742879722109,-0.2137180534874914
2275,0.06493218474190161,0.12947308559302922,-0.1216053714327648
2276,0.06716788951499954,0.12064033362329758,-0.16709189355193155
2277,0.03818900113272491,0.08758740300624462,-0.1632323949737198
2278,0.06878584606016426,0.07483463337746372,-0.2463908298567865
2279,0.06579442952338475,0.057966257125831235,-0.24937055993222554
2280,0.103806584029112,0.08174825357435064,-0.3235719871112189
2281,0.10137890169277144,0.09742742059028116,-0.29190552057936126
2282,0.1232412951971856,0.12301214948663657,-0.3034206210720735
2283,0.1537922091258564,0.11911115389924691,-0.33655741555267427
2284,0.1941075316611603,0.10419598132881161,-0.3886367756573422
2285,0.2011161144668539,0.0952140180013933,-0.4056029691069427
2286,0.20335157583632973,0.09025525554043981,-0.41257189222171303
2287,0.1871814983051101,0.11359272095622179,-0.3810267227872108
2288,0.16309409075314882,0.10570031713686091,-0.2945324276438209
2289,0.09377280500172046,0.09502657703721126,-0.14114553735945198
2290,0.025248682062259747,0.06296876768820722,0.0042149985329077
2291,-0.02275257318070258,0.04026709189239442,0.10688279466722583
2292,-0.07520643607057792,-0.021866503156841813,0.21360468355765724
2293,-0.07184945471512276,-0.060019654227668785,0.23895625677730337
2294,-0.09755366021090373,-0.06365286770068392,0.3437778118877581
2295,-0.04017140846329781,-0.02239013310597987,0.31599657443746826
2296,-0.04575156580603149,0.02639377406185136,0.415632155993303
2297,-0.018782158313180242,0.05030197844746706,0.43403161476036156
2298,-0.04690102409304857,0.08092853405931894,0.5526698868995351
2299,-0.05868504240857965,0.08724161298075823,0.5564987153549601
2300,-0.038667616394756084,0.09692232648531887,0.49502876768633686
2301,0.011218291374407689,0.09431761364127232,0.427290536223079
2302,0.05018430085126664,0.11314323256967548,0.4115475544826602
2303,0.03740621310662088,0.1045315256469226,0.4256628532340687
2304,0.0041543062628178066,0.09591283651899393,0.35891203578413927
2305,-0.027994920104350278,0.08534550959708823,0.3004945476026417
2306,-0.014845077752387607,0.09881761338488787,0.25012146401026275
2307,-0.04253220295677244,0.0885953784561584,0.3266321014165907
2308,-0.025793355901001215,0.0527478363601277,0.2936697061624247
2309,-0.03359770629784748,0.005332568445770128,0.2620170232832182
2310,-0.004943515336597374,-0.007264659922495407,0.2570532994786455
2311,0.007717348406526577,-0.016217635280873322,0.23689811702769376
2312,0.009723645104953285,-0.0032363299104633553,0.26760724187092433
2313,0.042239137773378385,0.012076656917293656,0.17862000144008308
2314,0.06629422070166698,0.014478489764485942,0.08604095519053441
2315,0.07430248911396205,0.010099892736683177,0.05512588254932654
2316,0.10926967926137945,-0.011245873328913563,-0.07250931341541685
2317,0.10561477256455983,-0.010720562464888242,-0.016044777258600724
2318,0.1300221067660149,-0.002830269813077393,-0.04727536067172521
2319,0.11540608486570447,0.019424245291056595,-0.06266639386724364
2320,0.11044381886302912,0.016266253344995752,-0.08539392906883213
2321,0.1160232515102421,0.0027550170001069845,-0.16145380655421815
2322,0.11315671454922291,-0.014987335847558698,-0.16249123026018134
2323,0.13917155112282664,0.004294239308700655,-0.2629764517897496
2324,0.19846460330906426,0.029131512015005943,-0.3747094682782784
2325,0.2219413989008379,0.05664640843494805,-0.4183948101685426
2326,0.23491078980964916,0.0721096418474411,-0.40016343944016997
2327,0.15300942384042784,0.07595387057413401,-0.2532262911788748
2328,0.10964686392022767,0.11826915584687651,-0.1261647389461161
2329,0.03387668947737106,0.14160257366316817,0.03683399346759794
2330,0.026903783401364897,0.16474886887535325,0.11300593737781021
2331,0.02886711680293192,0.14847038188801123,0.11407053562769964
2332,0.05770416005332123,0.16381834694768735,0.06734662386520618
2333,0.04766964750846288,0.16901548954376028,0.06002312101267417
2334,0.03995354281599138,0.1810183678574225,0.09398807583970321
2335,0.08210057075049733,0.13788917230594977,0.08884543543724661
2336,0.12052764694443752,0.13062693555815616,0.07894380913887591
2337,0.13109300498117088,0.10599111593197161,0.08184171186016288
2338,0.11795175142360527,0.09598341986557019,0.10140485072134557
2339,0.11603209383492874,0.07838814027672067,0.10631459539010839
2340,0.1575695065952472,0.0813961211816099,-0.007673533398681655
2341,0.20812248197429284,0.06985563010631445,-0.08659463754585872
2342,0.26682395466046466,0.05513476962625011,-0.17902267374607805
2343,0.2468104497382758,0.038063318081893054,-0.12089138831469996
2344,0.21597474304850503,0.06493767870354174,-0.12791725372691182
2345,0.18401321023342362,0.07495905108793889,-0.10520375818720719
2346,0.15790518631527636,0.06168900556357417,-0.0853290403204237
2347,0.117165364131812,0.05759303040677517,-0.032067637206061345
2348,0.08446647580413588,0.07161113284284157,-0.017323330662208543
2349,0.1256470527667784,0.0796567508699049,-0.06820929809688217
2350,0.17732848114820704,0.06008135561378492,-0.12667961802105035
2351,0.22558671980615655,0.03029319943022815,-0.15578680777758813
2352,0.1760235778791874,0.03332561519078853,-0.1116953888567461
2353,0.1782776044741134,0.04002180758030927,-0.14596179335621356
2354,0.24249494727651302,0.03985092553887099,-0.3287375778813771
2355,0.37361143927965235,-0.024480349394096164,-0.44572259961420946
2356,0.43190517995662314,-0.03308647622976533,-0.5297626939714011
2357,0.40173351633658344,0.003271402896214622,-0.41706814430166167
2358,0.34882232117291617,0.06094636773518522,-0.35921809524689063
2359,0.3445158822501746,0.03383589625821512,-0.29150186686404855
2360,0.34117271339849314,-0.002714234330377389,-0.2691923763918325
2361,0.3390037180157102,-0.028673846448111134,-0.2780495602270316
2362,0.29749179466088965,-0.009884370902353194,-0.2367539450625943
2363,0.27729924933465583,-0.0022974676756785223,-0.22044741294749803
2364,0.3125033648602203,-0.010728868748597284,-0.2635764059053261
2365,0.3316233030649353,-0.007765222729800474,-0.28737764007776234
2366,0.4189011694551824,-0.060079361233703055,-0.33565337872079143
2367,0.4759142077756171,-0.0999576650587694,-0.3656842709521131
2368,0.5144410735522271,-0.16454596671345142,-0.3805721545261024
2369,0.4885335100025608,-0.19868218589441708,-0.3296738990971944
2370,0.3883824941363549,-0.16974957544405783,-0.2736534389144069
2371,0.28060760504857657,-0.09629788580470432,-0.2173969298274592
2372,0.1836554043456115,-0.007125800810833715,-0.18767725897662793
2373,0.14089559312708416,0.021634052846590156,-0.13433400570703508
2374,0.14684149333967722,-0.0015353380387619021,-0.11654951709733052
2375,0.1319576308441078,-0.022089374834464888,-0.09008620393453595
2376,0.17197819691189747,-0.07696692834456345,-0.0874325703433849
2377,0.16407545762593068,-0.06015380951423802,-0.1025583341411393
2378,0.200552003423975,-0.060082817810370254,-0.13253519542987763
2379,0.15201324951560696,-0.011760060246083814,-0.1348343475325697
2380,0.12738035799757536,0.020272084638772774,-0.14131541776867423
2381,0.11121839253923663,0.04083047680263254,-0.14812547519852037
2382,0.13102703737598342,0.020461996213836743,-0.15774235072439463
2383,0.13407452575332873,-0.012091914858460092,-0.14676622001539955
2384,0.15111339348499586,-0.04074556534185577,-0.13379224511059012
2385,0.15846182207772516,-0.023427282334559273,-0.17189306027140624
2386,0.21033383796644733,-0.03583254941912985,-0.22040855288404668
2387,0.21930841987812935,-0.03906814392190451,-0.22405129456626188
2388,0.26154019248389054,-0.06661324833350862,-0.20513142968656056
2389,0.2885387704032433,-0.08580201664454534,-0.18835719055321998
2390,0.3189415508586291,-0.10165035779516554,-0.20296357201409154
2391,0.3073463105301418,-0.09247699665716227,-0.22438878424878522
2392,0.31054636609002406,-0.08854993639898812,-0.23971674229385595
2393,0.32959378204688944,-0.10617002094629238,-0.27628784271866347
2394,0.3012212870522292,-0.10859027404538814,-0.24365600237080104
2395,0.2783893273992297,-0.10260369556761495,-0.2169879244607601
2396,0.25802558056652714,-0.07603272283245112,-0.18095230345358337
2397,0.26763158225234385,-0.09333761948110735,-0.164090051610586
2398,0.2707692616239544,-0.12240773389499476,-0.15813477697011374
2399,0.23377208653662523,-0.1360409846513762,-0.14673857341310437
2400,0.1621558109315121,-0.0957401315186465,-0.13192540634104383
2401,0.07356341662090107,-0.029461491508935195,-0.11246508496678474
2402,0.036811335798153544,-0.008688701668871056,-0.07315007411582128
2403,0.07545217370877401,-0.02273249605646708,-0.09919103403781436
2404,0.12499408077661542,-0.03410398346344712,-0.1542444128938558
2405,0.20372923392544934,-0.05727038326483563,-0.24486700064299455
2406,0.26014768745676964,-0.0713393374411684,-0.29817633327913184
2407,0.263447055391988,-0.055768172131940054,-0.24236168137026912
2408,0.20269188732398838,0.00046865369461189017,-0.15234293865995463
2409,0.18272176358180736,0.07334908746744699,-0.14478340697015532
2410,0.16705392054016768,0.09025329776649196,-0.15948149734709227
2411,0.18477470779480243,0.0950125095459966,-0.21335080598195902
2412,0.15868331250546208,0.11397148708966795,-0.19151801842586624
2413,0.16096861212784855,0.13308311741997358,-0.21054435167508068
2414,0.18414986450356782,0.17812336709565518,-0.2478761423450267
2415,0.21556102136056857,0.17208883079225135,-0.28299259062266163
2416,0.21466315040502285,0.18706642885271896,-0.2537668862424856
2417,0.1910523463750081,0.18267957561952697,-0.20942243754533013
2418,0.1577874970731813,0.18173581066686037,-0.147796087892508
2419,0.14100860488395145,0.13827750207872394,-0.09959094997929223
2420,0.13582510424955355,0.0902893389471429,-0.04243123108401789
2421,0.17166570890258656,0.026560493387344838,-0.05985428983167223
2422,0.20786766572689253,-0.00020713413060971918,-0.10183491793075376
2423,0.2189092770866182,-0.01187147223419954,-0.12620112938644196
2424,0.17251754083095278,0.0310279256946549,-0.109510108565101
2425,0.14969031281317438,0.08353483078111903,-0.11731454703857783
2426,0.12477022423913042,0.10493259110880865,-0.14233972942792947
2427,0.1485154384948701,0.08914564025494687,-0.18895166416822948
2428,0.12997468267505746,0.06176108974718655,-0.17714132109593758
2429,0.16163935068584048,0.07033759529729695,-0.2222237274985488
2430,0.15704286046841331,0.08032658034188245,-0.20243989314993033
2431,0.17962853739084,0.09620258010105312,-0.23616402415973817
2432,0.17593749372112544,0.09748128157919043,-0.2311025916867209
2433,0.18918250119283248,0.10933998375005918,-0.24629262533572246
2434,0.24476900352163763,0.11350653754821555,-0.3278496929525081
2435,0.28922165852757387,0.11832248051720232,-0.40187991498575504
2436,0.3191129729197035,0.11652378651846766,-0.4594923340206545
2437,0.3056863915701808,0.11398914838861618,-0.443016563029382
2438,0.2838858453487281,0.12059362224187446,-0.39688445658715166
2439,0.25456326399308293,0.12069356016321724,-0.34660409504584366
2440,0.26025913908935555,0.1164228517713111,-0.35726441612839444
2441,0.28325573814522603,0.09653942607516384,-0.4170475045046191
2442,0.25014976102078246,0.08301685743564191,-0.38019554180774945
2443,0.17861036051676135,0.0729798329178526,-0.2684924254459889
2444,0.17558533721504144,0.04512570781435594,-0.24785890808921315
2445,0.3039644931218036,0.028657411323369734,-0.407794271023771
2446,0.2956638358741896,0.012609996023136852,-0.4067690826543661
2447,0.20757636241081523,0.005479123123196763,-0.3077761686132726
2448,0.06494345908068709,-0.005989687144260593,-0.14571265336831732
2449,0.10526927150743493,0.006371513612800089,-0.21673653061567966
2450,0.16340627713025244,0.04271818661128963,-0.2964554283573533
2451,0.2391859379197114,0.06376507398101507,-0.3485530944141516
2452,0.24693113110155296,0.06602814541525906,-0.31589492755745396
2453,0.22526902144367153,0.05086098041079695,-0.24772177081081403
2454,0.1318820806994905,0.03486297627403875,-0.15618206338236956
2455,0.08114740242614417,0.04508230925704026,-0.08600075729751203
2456,0.04808354178047657,0.06782924346652414,-0.032941085673870205
2457,0.05089607867446603,0.07534862578884066,-0.02768868671677673
2458,0.0386127850734084,0.06478580633173468,-0.01646930347787227
2459,0.021404064503854063,0.04693118437893443,-0.002570369911537812
2460,0.021750670001339192,0.04711203801152248,-0.003256808211243398
2461,0.01799047540444832,0.04693010227489335,-0.001195852746086822
2462,0.01991834225106404,0.03420818317512016,-0.011816489328927956
2463,0.012854347128385917,0.024053921253275084,-0.010982838592371012
2464,0.024089070292594956,0.016398564688969615,-0.02995722547679023
2465,0.02458720728553147,0.017714443370697545,-0.039754096319021645
2466,0.04437440348171667,0.03470439010700182,-0.07538792227376996
2467,0.03913190765634513,0.0497284661990227,-0.10053381270548559
2468,0.021089954197270395,0.0498207672305042,-0.0914091592037449
2469,0.014726625429035023,0.028144476715675975,-0.09446354656972575
2470,0.023729120170804845,0.0013816381710573674,-0.09692591183401032
2471,0.0349040330924897,0.008993584105997748,-0.08120682519800473
2472,0.05314634418844215,0.016624217003417225,-0.09570586987516921
2473,0.07739156413430047,0.02989128830102278,-0.1194582365339952
2474,0.09848660360757988,0.01986067363031896,-0.1757819824434188
2475,0.04729916145433786,0.005028488753772638,-0.11501517231260186
2476,0.008354785275452274,-0.005007140363352418,-0.058870447170504527
2477,0.07334301933641828,0.027513281639788223,-0.13886889203882374
2478,0.1759734271121543,0.0800685790307619,-0.2577316312122307
2479,0.29123101407273577,0.13951526374900836,-0.4162739326199516
2480,0.2953509931690891,0.15256023235315147,-0.4371951088570281
2481,0.3013851895057623,0.14503503713847307,-0.4767923057430794
2482,0.28958139024606966,0.14058046974618385,-0.47662212323130104
2483,0.2746055316827997,0.14886220448012236,-0.4148989132409985
2484,0.26562384524757165,0.14444615379201725,-0.34739443434437367
2485,0.2648117419051796,0.11714127203998084,-0.2884090343893003
2486,0.23243545003276073,0.06546649548934219,-0.26909958182234006
2487,0.18027157637337418,0.026172946773612163,-0.22942326938130939
2488,0.12193359755202869,0.013803952813476685,-0.17027470204390832
2489,0.12169227284448426,0.025552579086604195,-0.1526090172851769
2490,0.11437656648879298,0.05877565839977799,-0.1511885018489834
2491,0.13811712725964198,0.07958655274041924,-0.19520260521225943
2492,0.1621693888768779,0.08757771891384626,-0.22504521614256232
2493,0.2945094870952351,0.024297066136196036,-0.2885135267403509
2494,0.4105520688666874,-0.08197520820023227,-0.2912629858338349
2495,0.459193127565181,-0.1902186387283721,-0.2327423953467398
2496,0.31913447234651154,-0.2091852594562873,-0.10052016162388701
2497,0.22583531290921002,-0.16678204005820882,-0.024668989207483144
2498,0.19092287516821263,-0.13411017619480348,-0.03218582508928911
2499,0.2620452191040444,-0.07923220385258535,-0.1303188896610361
2500,0.26782342743163906,-0.05004708791588953,-0.201937825600187
2501,0.31023257121916,-0.01960662315402595,-0.2873390900428239
2502,0.29403658538747873,-0.03801243266663661,-0.28276535256923935
2503,0.2710239857483781,-0.044582195927874435,-0.29792566843045143
2504,0.2207208927441006,-0.05044179059431984,-0.24064493278332824
2505,0.19682079915764597,-0.030530669482639824,-0.1800178545519623
2506,0.15930807252468995,-0.025075930392103426,-0.08708971801374417
2507,0.1682086833007247,-0.024736459336893713,-0.052326563460373704
2508,0.17566619513802298,-0.03639710342463765,-0.0880581368691636
2509,0.19701418829867479,-0.0006154444291400575,-0.17843609538398772
2510,0.2111586762135319,0.015432411432729323,-0.21739757653658315
2511,0.21532257692563583,0.039340989109606345,-0.23032725115953923
2512,0.21645095887869537,0.032993626754697185,-0.2052862427826223
2513,0.19631180787888639,0.037541392772447266,-0.2104169990708036
2514,0.17977993545543222,0.029914098072278513,-0.18469629907081384
2515,0.15824327878139097,0.03292754630164684,-0.16552239516063116
2516,0.17125690671293556,0.03022158058050214,-0.14690665994523935
2517,0.1754062788844297,0.03215674560276381,-0.12780387019654169
2518,0.207322135507245,0.015123615131209096,-0.13283042074940238
2519,0.20165659576268416,0.02413577835950335,-0.1354356851799448
2520,0.171428459810787,0.05497009539983675,-0.14900947117843782
2521,0.12127904600577386,0.08725259368022886,-0.11090773966518698
2522,0.09957093551148011,0.09300448961532544,-0.08695900427079858
2523,0.07816157827055013,0.08359407901687692,-0.03242005100655062
2524,0.06685405179916569,0.08166954127267301,0.004260247340357569
2525,0.04555342034900518,0.09255642838523588,0.039408240618313106
2526,0.025263386685159955,0.10342891328848253,0.04764191470697387
2527,0.01804045420594716,0.09136884335704296,0.07404198534080532
2528,0.001684536498491776,0.06174400391761643,0.09885751260272709
2529,0.017246653682903162,0.049922774335133105,0.10307467079812432
2530,0.03725453670317481,0.0300410705075913,0.09852058744491904
2531,0.08549871796441942,0.017867893875770327,0.08453883614142993
2532,0.08344289749021847,0.012958984196409142,0.08628208959255061
2533,0.11147073515702192,-0.04119100539024124,0.045268186858566914
2534,0.1740409130705854,-0.1331589202998629,-0.03443217307132468
2535,0.25340152498292723,-0.2159343752372419,-0.08928571230518693
2536,0.24831883163774424,-0.21095836963100992,-0.06911081810447395
2537,0.20492003062339786,-0.16640708635171858,3.89034661907664e-05
2538,0.1068364344342438,-0.11250949621700275,0.07152637830925891
2539,0.04372751706486414,-0.05441788832225679,0.096909692988235
2540,-0.007786588300463244,-0.0339817507276797,0.10949523220550651
2541,0.023534792654468926,-0.03575352204647905,0.0966334160514567
2542,0.06536427705321785,-0.08764879636817598,0.1132692206612281
2543,0.09073259807614054,-0.10032253605542202,0.1511335715509695
2544,0.12551580177678617,-0.12583058446508155,0.12898652274260136
2545,0.16234984008408768,-0.12795793391840724,0.10639216238026174
2546,0.2254378782982334,-0.17089893022337163,0.009953137681945421
2547,0.2919466346011528,-0.2461310170282824,-0.01515080886844551
2548,0.3482017810637278,-0.3311390824586333,-0.07181409778080683
2549,0.3775013583058948,-0.38033472625384634,-0.019067749936941877
2550,0.36277929388734603,-0.3953024881527059,0.02829009726393893
2551,0.3959816557857285,-0.40987651024953115,0.06756865360896715
2552,0.42147341153040047,-0.41731845686612856,0.08266026255985832
2553,0.4570863555760888,-0.4421663887918606,0.11753801627409392
2554,0.4568104884182672,-0.4652945953638959,0.18197741599862677
2555,0.3709410425252306,-0.4639048823621092,0.26347109141117886
2556,0.3964574124765169,-0.4549177560983097,0.294179576730816
2557,0.4579289903890667,-0.48800960533882215,0.2775775475606245
2558,0.5696926153462469,-0.553648187015112,0.23535519740324912
2559,0.6038214285915082,-0.6058538219552949,0.20770123705365717
2560,0.5879443811065486,-0.5449349330988427,0.1825533568955323
2561,0.5694600614038554,-0.46398081557891413,0.17342662385022972
2562,0.5423295461581376,-0.3935235169359914,0.14368749460439856
2563,0.5133161756823049,-0.31804227769662197,0.09933754177816653
2564,0.48006590739448496,-0.28218764560611204,-0.0032259407866067
2565,0.48124177785959416,-0.23619020183397854,-0.12185879226945927
2566,0.5370360512903527,-0.2634498850498233,-0.22776838404036956
2567,0.6693101965735169,-0.24394681922441375,-0.3121490303726456
2568,0.7780980970585065,-0.212789598725085,-0.3802699514018684
2569,0.8482226995248977,-0.20527896996208436,-0.43756305312988786
2570,0.8626353598359184,-0.21802115411261055,-0.4564253553786927
2571,0.8522822242840609,-0.2496936945189289,-0.41490127258744647
2572,0.8182540241990153,-0.26533977453642665,-0.3779116025419135
2573,0.8609089875720021,-0.2738329874232105,-0.3912435488593028
2574,0.9246295009910493,-0.26443083729935496,-0.4196649034883773
2575,1.0195449534492877,-0.18746865789678532,-0.3829600310889612
2576,1.061420031833929,-0.17444856485954532,-0.3691947719335646
2577,1.0879074622386806,-0.15048872057263177,-0.3399662181765021
2578,1.038729160224552,-0.17901527273631465,-0.3378467386140932
2579,1.025364116861513,-0.17742108001067586,-0.3284791086365235
2580,0.8770035842276651,-0.1896324756894116,-0.27643889260803245
2581,0.8571616226940852,-0.20351032805055025,-0.33489284533691166
2582,0.8231804983453236,-0.2109120183342674,-0.36955149061267406
2583,0.9095428328076516,-0.19874562006293944,-0.41615721836775393
2584,0.799797263721033,-0.25928396664574865,-0.31405505946915363
2585,0.6394147613637652,-0.3251855760878815,-0.20953934320712975
2586,0.4609933294475863,-0.4033421627639112,-0.10878261613734984
2587,0.41416524364510987,-0.3941452454640752,-0.09835549785434464
2588,0.38162013067113326,-0.34274544911335214,-0.022062860838531803
2589,0.338760093218026,-0.30473888429134544,0.008944995125909053
2590,0.2575634705148995,-0.26992799672090756,0.08516177294055181
2591,0.19348328220605504,-0.2252514223177379,0.08291540691163242
2592,0.2049282707838115,-0.2078410323115412,0.08178702558555537
2593,0.22584684532532553,-0.1818446200317831,0.06497353057390856
2594,0.24834949963552305,-0.18209299053990627,0.07483544948641825
2595,0.23756326335349537,-0.18151577426949594,0.08473040017671347
2596,0.2063661455821713,-0.1957757258865644,0.12030033624043694
2597,0.18636078220942975,-0.18833170491318388,0.1303179240043912
2598,0.15145355835322843,-0.15412484950940547,0.15562951880349538
2599,0.17440160354545148,-0.15517113571471428,0.10353030590593659
2600,0.20626076967448223,-0.1641417448035875,0.06282920670270456
2601,0.25558572530248624,-0.2181131476593544,-0.015821570605604844
2602,0.22042647434810428,-0.2336809827586845,0.04119111607223936
2603,0.18858082007864607,-0.2554289030261689,0.10293014234327447
2604,0.1721935571439701,-0.19989244849384902,0.10789230920876897
2605,0.17858455917769553,-0.15007691674725054,0.030035217358436138
2606,0.167292476361138,-0.1044112736812194,-0.0027959154875364808
2607,0.11299239511783081,-0.07833028630754585,0.051297920378381205
2608,0.12035030414584678,-0.07771363871248795,0.07808133520439628
2609,0.11634026927781672,-0.07849193015758309,0.034117558769727906
2610,0.1184563076144075,-0.10016775925482974,0.01696565806501024
2611,0.09607864114385463,-0.11394956249112105,0.012199149155680803
2612,0.08127837548095547,-0.12320435867559615,0.03770229470468029
2613,0.08520599494362466,-0.1387375297608835,0.03349144917141845
2614,0.07935056226011128,-0.15266173269472724,0.039614714770522835
2615,0.05967207429316554,-0.10893517382548323,0.10075622691995463
2616,0.037579291530422096,-0.019750262855585253,0.09885117591785883
2617,0.038189928172965924,0.058449182635773096,0.10801744031868715
2618,0.04425304722492327,0.08560730179219089,0.09313436788196205
2619,0.04249747213214611,0.08209876058457347,0.1439030987436533
2620,0.057781802900395585,0.08296410483824075,0.17464155917635793
2621,0.07697798937640636,0.07643630702372761,0.17320978850682736
2622,0.1096063673991978,0.04941252889187529,0.17272869529618046
2623,0.131782667428805,0.028352254539630875,0.1492121809326028
2624,0.15379571968611946,0.022831931859606736,0.11455166735752055
2625,0.13223874927661633,-0.0006202262445883429,0.1148897396888106
2626,0.07518852672752648,-0.00949630589881711,0.14826367094962373
2627,-0.0032760923207618402,-0.02789852066425154,0.18792290980759258
2628,-0.023083853834602538,-0.019543684243723602,0.19637090017780692
2629,-0.031590104720045885,-0.011374946793541375,0.2252895096892424
2630,-0.008870657989293531,0.0003551793740429865,0.23995770671980435
2631,-0.026529921966839405,0.03116446149944934,0.27006253847252903
2632,-0.01884813446195227,0.02147599619901948,0.26043647813637794
2633,-0.02467314832893621,0.009139116128431475,0.25655232186387367
2634,-0.006815773741146803,-0.009251328784803912,0.2439022724464341
2635,0.007691436832415649,0.027137058685976184,0.20695633335611355
2636,0.019229642777236468,0.07724053121396893,0.17801012874215855
2637,0.08557948312247654,0.09832784658200729,0.09379699406884752
2638,0.10972175952615441,0.09801929535057331,0.04560249110596819
2639,0.1255148456524265,0.07849399912854567,0.001022895882437323
2640,0.08372130779294142,0.0808893404823871,0.02707597126383465
2641,0.028848578537584938,0.08621037674174327,0.10269830705515398
2642,-0.009499459968359715,0.08667712225311419,0.1422625987885901
2643,-0.07573867424332541,0.10464302483944679,0.18269367089944064
2644,-0.07819389271325505,0.10555804290522018,0.17088367286258346
2645,-0.09296325912927064,0.09887323990635806,0.20116222095168135
2646,-0.073137543823205,0.08926145561611916,0.19207388335404685
2647,-0.04928612135714355,0.03791144317434764,0.17415653754483076
2648,-0.006503560971788555,0.018428462061017684,0.11789060673722923
2649,0.044351281729856445,-0.0081788095525876,0.10539397125090064
2650,0.1469320963001309,0.007630838646891842,0.04574262274959285
2651,0.21865599346601344,0.0013666853730332938,0.030862512123997335
2652,0.24987278666810714,0.022376303224417728,-0.03457791040382998
2653,0.19086840671801827,0.036289371543951975,-0.020703247611706645
2654,0.15019676866468967,0.047168107286599786,-0.038593045845949615
2655,0.19277679445833404,0.04745674371336493,-0.07789226669790271
2656,0.2192767880085172,0.06623326204100227,-0.12766045509238846
2657,0.25481594345803826,0.08862968890537846,-0.23932444393637642
2658,0.2274554663784308,0.08846610451870521,-0.2616622214965197
2659,0.23595601858429474,0.06498552317173285,-0.30770928137882536
2660,0.21124985857450826,0.048136568838718044,-0.24138973712866865
2661,0.20441535272956488,0.05843362252659103,-0.20480649700149553
2662,0.1920687715800435,0.07854039597946288,-0.1241056348201762
2663,0.14676519257652793,0.11132685180928695,-0.017059525798578987
2664,0.1326819841631007,0.13179433458754586,0.01916872831968512
2665,0.08540697509145538,0.15798412034327342,0.06355263597504254
2666,0.09391317829109366,0.16877263433436843,0.005394963455232928
2667,0.08744124573535532,0.15823953481649286,-0.006274530095732712
2668,0.12124310664983254,0.13395932214419062,-0.042598204203270505
2669,0.14816575322623257,0.11304763643495382,-0.02724952516107914
2670,0.1459763784666682,0.09784770745670193,-0.002155026781810273
2671,0.12705505112350113,0.11244560574820951,-0.0258048059321964
2672,0.07018026535043409,0.11742399631386323,-0.0035942275464430377
2673,0.015618054279472136,0.08638479412854067,0.05827218734255022
2674,-0.020030278893192942,0.0993133134862043,0.1185122199101472
2675,0.0228355938819025,0.11861554497105502,0.11975557013511336
2676,0.07195197470622482,0.1379897805694401,0.0432840451090976
2677,0.1032221524263094,0.10655607124459074,0.012403600664544984
2678,0.08002053117048002,0.1015027524311633,0.0021631836395403373
2679,0.08928039004457854,0.10666265327236527,0.017554985903387773
2680,0.11656206777978272,0.096484355486193,-0.00797113181425112
2681,0.14554856479955405,0.07297381950251997,-0.04609367514005806
2682,0.1367000146159016,0.06985369659402091,-0.08590368245459304
2683,0.14154887827287374,0.08015826816020029,-0.132507722441624
2684,0.13575013490811041,0.08098673307540834,-0.14956954065490233
2685,0.1357704999398732,0.013709129465939874,-0.045468817667317814
2686,0.07727735257914557,-0.054593289708053036,0.13574043240184278
2687,-0.04554424871561223,-0.09647753365893776,0.39296252000505105
2688,-0.12961712900689112,-0.0678637570447944,0.5509306834254627
2689,-0.18084350416875086,-0.05722287925670948,0.6911382548538927
2690,-0.11305025965278157,-0.08436601460224025,0.7611634483092284
2691,-0.053551157506721805,-0.1169328560756069,0.7642550398075973
2692,-0.04299500647208196,-0.0839175580806108,0.7852828755020772
2693,-0.08339822953351518,-0.0590257202713014,0.7411376962423258
2694,-0.0989179245263146,-0.035945530997338805,0.6126817123188374
2695,-0.047295217394216854,-0.07114592605702318,0.45838629358280847
2696,0.047501242953162916,-0.05898134600911476,0.2377153936170798
2697,0.08665037901774983,-0.05778385139917164,0.07553758475993765
2698,0.1580932496193802,-0.06464492756641753,-0.18973724351360935
2699,0.17448640377370822,-0.06669800359998332,-0.23363780052130695
2700,0.1653698449220062,-0.02610665645439515,-0.1689749406702731
2701,0.12674922842113304,0.00895346993213846,-0.07610262299078148
2702,0.12910181844228721,0.013167893912359974,-0.17037601654870146
2703,0.12445800972284113,-0.025996761790766938,-0.24579893516993567
2704,0.1657054339384733,-0.048658126413862676,-0.36464471232998746
2705,0.1693362470389193,-0.03297969950343126,-0.34946594873431214
2706,0.19300902944770473,-0.0029110523156538424,-0.38265538496718277
2707,0.14387683925886105,0.01716997939592402,-0.23058747323407033
2708,0.1421591943356241,-0.024632423343127176,-0.2006521512443383
2709,0.1744092686924098,-0.03385297894589889,-0.26729838574058107
2710,0.18605177682776122,-0.0255543631973311,-0.2873568460077901
2711,0.2191123619248172,0.016451197981796707,-0.19017103546203576
2712,0.17058801539586935,0.037311627193944916,-0.049603856891517986
2713,0.1559115693311039,0.06253778935418765,0.0022758388295623256
2714,0.11868981212585343,0.09435695983733751,-0.02192999973232579
2715,0.140975682366072,0.09192378905123433,0.019730097291905384
2716,0.16120685635034215,0.09568880127867675,0.13527827914712634
2717,0.1263619770816507,0.10406993813803919,0.29030169685622625
2718,0.12544335031734197,0.125472881947734,0.4110981938785715
2719,0.14955685897825663,0.11656473004902612,0.4146152656478986
2720,0.2123957570978648,0.10650588630323538,0.37518196476266563
2721,0.22708307016579188,0.09068038650054326,0.3568600955979058
2722,0.17158752078695355,0.1103698708917402,0.3694643461196882
2723,0.14519733481791922,0.11190578347109374,0.3623938398174038
2724,0.12956262538162072,0.06260207181629458,0.3559080757074612
2725,0.15757800611565936,0.012246616399847055,0.32441728690554394
2726,0.16613669005871864,-0.021129311286017728,0.33836200948712525
2727,0.18439111469716313,-0.0051264771746949095,0.3650702102691067
2728,0.18987398791420387,0.031905410520053495,0.3865986346755012
2729,0.1446619935444828,0.05848468784277909,0.37621267832690625
2730,0.10541938923931,0.07069054289295336,0.32653771014058
2731,0.14954069718651564,0.028483019038820685,0.2060081443920165
2732,0.22625415978577376,0.005891648401186096,0.07938046304450673
2733,0.4261648980978695,-0.047239592043820604,-0.24492705916935759
2734,0.4800215734207132,-0.0737732401054974,-0.2918552829022458
2735,0.47506327458656566,-0.11434870781410267,-0.22740601535767038
2736,0.3061691893481331,-0.07070451733431238,0.040983794178775436
2737,0.214414912232973,-0.03617788331698401,0.06630639818533884
2738,0.13497947618007836,0.025050914675225917,0.11183954517040877
2739,0.12502662275881968,0.04599947901129503,0.14185306818430085
2740,0.10457160906430611,0.043544747062390296,0.20250353751822275
2741,0.12428138332174375,0.02564777176395155,0.14778620875747836
2742,0.10722959883738206,-0.008235700751914612,0.05575848002517157
2743,0.08697537095764604,0.0005813287457202978,0.010618908701698437
2744,0.06232660050011568,0.014629405869179211,-0.06576006544228456
2745,0.034175601186926426,0.03658519025266351,-0.03182898651720528
2746,0.016002134173567727,0.033958208955417825,-0.08122445921566841
2747,-0.01253144139773436,0.024547805569394596,-0.08439377174284081
2748,-0.04180177811558459,0.01481421798872802,-0.15324527821631648
2749,-0.0059069759863703665,0.021800667967742587,-0.19287379982837705
2750,0.02244935366581179,0.030020902420667343,-0.24125453513198686
2751,0.06881394825876674,0.037068673840928296,-0.1930486256420907
2752,0.06298349324932223,0.023072789931419042,-0.1319052326591106
2753,0.07400348251139335,0.019571471720350547,-0.08706912811813965
2754,0.04282240735521262,0.019875255561941623,-0.06261806677111806
2755,0.03811641988273108,0.030823466824935482,-0.05173207231024087
2756,-0.018169643388345057,0.04324627342343239,0.050911392038614806
2757,-0.027871811244545474,0.07032479743481569,0.0675641881812417
2758,-0.053858504438466966,0.09798219454757927,0.13070624088696586
2759,-0.03218119292278519,0.10609338282394878,0.11886377985671451
2760,-0.03835184399511653,0.11764131439723191,0.19590815470424428
2761,-0.06565084199953926,0.12733332640400546,0.2632653068548619
2762,-0.06904148270742623,0.15889983568940125,0.3232692164890557
2763,-0.007645143536846773,0.14212421914868714,0.212403897876337
2764,0.06282621681339615,0.13367962483380083,0.052764402401156506
2765,0.10783765202258512,0.08698926463425702,-0.06971814095781183
2766,0.12195477993207174,0.057337496413623776,-0.04797456461666478
2767,0.14482351736982674,0.06386548538242165,-0.006456873869941348
2768,0.1498733178001241,0.0687454898415522,0.04422157763019536
2769,0.10131250168200019,0.08285983034587911,0.034084886270682416
2770,0.07500838689974827,0.058042110641566676,0.005158098156483538
2771,0.03815410015861159,0.04901610761134488,-0.016229681707956696
2772,0.008297392495824143,0.08368181399418587,0.053477150819300705
2773,0.0017406404220309758,0.1234327283194624,0.05414061151853583
2774,-0.011099819561381487,0.14319391604822357,0.0773629363962974
2775,0.012929597459241219,0.1311100077429152,0.03608449656872898
2776,-0.007903054897846856,0.09812697804797851,0.0861383601480879
2777,-0.034118224352139556,0.07391158670947322,0.14860614851636164
2778,-0.06451816100533478,0.06088356641163541,0.2374435400186808
2779,-0.07151058385591401,0.05338307405474676,0.290689160518783
2780,-0.043721319329196574,0.03693603474687007,0.307694955404386
2781,-0.01702521063995413,0.02554399768533572,0.309171763749738
2782,-0.007287791441101634,0.02905046248254501,0.2829586595017815
2783,-0.02805533221985231,0.042703754701787944,0.3276450814926791
2784,-0.06531056933493032,0.07577211094683717,0.388278801734396
2785,-0.090392354787923,0.10722187470619013,0.43567809055279905
2786,-0.055814678112444054,0.1493953267764316,0.37624739824449743
2787,-0.04297245516528859,0.12776426031261595,0.2859606799928895
2788,-0.015361904178951299,0.1310043514439981,0.24376710981942826
2789,-0.01288125592890324,0.1025223246849532,0.19889653069173463
2790,0.03864668929799512,0.12420884669334623,0.196119403665237
2791,0.041382786955072255,0.12420855961113729,0.2027439753699276
2792,0.0401570720227485,0.13724875461677846,0.23691117739041861
2793,-0.0029489308725979503,0.12858982411837622,0.28930012242453307
2794,-0.015301094785680562,0.11859377746254034,0.27469561071672594
2795,-0.015843230649382187,0.13197814644316555,0.30152820332154384
2796,-0.05160096942516772,0.14585809735551158,0.36426234285197373
2797,-0.08682595987862954,0.17875272866963587,0.48611148251727043
2798,-0.11817249873684554,0.16217677293994598,0.4645427445918273
2799,-0.09000133839147503,0.10954039837528098,0.35209204232129226
2800,-0.06065327255894387,0.06075980226606428,0.3067606680939214
2801,-0.09320424858954152,0.024212166598425244,0.38967026465134624
2802,-0.08724496690485704,0.04502092032951937,0.43959413256305546
2803,-0.04611348789328788,0.022393413000301395,0.49434744346238524
2804,0.04648743867953638,-0.0035221828585306407,0.4989873985635193
2805,0.12261446925170139,-0.0715391415485231,0.5579075182142028
2806,0.15604982992988456,-0.09227249750148346,0.49992558279120103
2807,0.2041666610630973,-0.1170946107129606,0.4527631309832183
2808,0.1936491638096823,-0.0672546910646524,0.3196589157294001
2809,0.17012035884273768,-0.041423990269365524,0.24559887386116575
2810,0.167984394637753,-0.008558155634247881,0.19039486742124806
2811,0.15293035380853431,0.011052168286893555,0.23321392196027682
2812,0.192295312027369,-0.006348298109202261,0.17227642202731422
2813,0.1742692986094595,-0.0024897548522748677,0.1793231206780351
2814,0.1541683532186726,-0.026613241422612472,0.23038356981628821
2815,0.08572329124855634,0.01093057289763555,0.3645722198395984
2816,0.048831535647898223,0.035239932748994514,0.4226198194905456
2817,0.018543533953064895,0.05689674109297973,0.39366269242833163
2818,0.03560418795418943,0.05583604494561433,0.35076863046811824
2819,0.04614437491013854,0.06816067457390657,0.3268939951191852
2820,0.04952340917244791,0.07795054124632914,0.2691236361476885
2821,0.05255874398046475,0.08521829036290328,0.22519812140523732
2822,0.07540637418890377,0.08141963418282842,0.1328140101434199
2823,0.1432096710248013,0.10013335625917194,0.10127313354737585
2824,0.1885355404193187,0.1181012661937818,0.057071572435517366
2825,0.23466842081980868,0.11976358484990145,0.02386539517148539
2826,0.21946711235370914,0.10745358112760053,-0.020329254705852107
2827,0.1657743323827807,0.08804652620098617,0.0435933220682211
2828,0.10437211567586399,0.08130939966684639,0.08226009494111079
2829,0.1075017281167905,0.0944080464286103,0.10115841910386351
2830,0.14045796145770786,0.09873516309529608,0.02913121492958707
2831,0.12437792730296734,0.09301812084879528,0.0330096754106331
2832,0.10181677827857943,0.07336422071265336,0.02913469460396679
2833,0.06275468261547508,0.0667088177377214,0.040163799188703435
2834,0.07476686519693726,0.07519779561574519,0.00508696212072542
2835,0.06543746970135332,0.10046950408711325,0.0014920973102649571
2836,0.07665349379103858,0.1157464519073575,0.013258252402659676
2837,0.08937071005071487,0.13043705704934863,-0.012009428143569615
2838,0.1097638254920092,0.1304645339463182,0.0796862309641896
2839,0.08952735502488182,0.12451184046964199,0.16601070248136462
2840,0.09164217698477568,0.12101835587519505,0.21476771584744012
2841,0.07405443780957346,0.12267813996792316,0.22680012113091486
2842,0.05867526359303116,0.12247317390855164,0.228964805860635
2843,0.05180764970754409,0.10417707931124359,0.28154160813703555
2844,0.02161328362562094,0.08210788208321412,0.21666086850000263
2845,0.00201124892492443,0.074597000376009,0.18077897541880983
2846,-0.0619624276289348,0.08297811149417225,0.1956196209115363
2847,-0.08934312697167048,0.09395513472602424,0.2607349566088318
2848,-0.09027010425040481,0.10138342843139679,0.28864524916317125
2849,-0.08487163798847934,0.0939535511841492,0.27863206800197077
2850,-0.07228687219863462,0.09948188439967347,0.2559591842082187
2851,-0.04836174993566058,0.09877723709982561,0.17143209605897688
2852,-0.019990078028862625,0.1029631342850511,0.0965194876483107
2853,-0.006600392793156338,0.09955299447450645,0.07472390500899947
2854,-0.011526087088836,0.10815050150926518,0.08434182913973898
2855,-0.015316709485813483,0.10880075955140465,0.09302749384201439
2856,-0.0221430159196556,0.10281903287804457,0.09823290591075351
2857,-0.02052990685378502,0.0824483810258935,0.10337719886261958
2858,-0.027522227469679576,0.07898665301814485,0.10752828003133201
2859,-0.011995933341804172,0.08019096113579459,0.06346769074539685
2860,0.010096562594370287,0.08545208122459237,-0.011742864749905466
2861,0.03834999857768032,0.0816451903455848,-0.05635973688425187
2862,0.0285439696751483,0.08148081781198928,-0.022624213379729505
2863,-0.010270142985969599,0.0709766582203082,0.09206354749013097
2864,-0.04030626844146122,0.07343566018821392,0.14877062419859746
2865,-0.049660119538776366,0.09056770583208984,0.19678231680822195
2866,-0.052534507493617294,0.10787565839836093,0.2112888061934732
2867,-0.05101962291955839,0.11462602944628558,0.23073126956990164
2868,0.012192857068243603,0.10020009162961399,0.09370882514317437
2869,0.07215269149119587,0.08174443090027071,-0.01712834759124283
2870,0.11862162547781745,0.05457602376212835,-0.11273233427293192
2871,0.1431737516314705,0.006087515659313452,-0.17020934974028287
2872,0.20776863315173158,-0.0059756389620540026,-0.26595073893439
2873,0.2791407690977997,-0.0008223157338139185,-0.3600743553890781
2874,0.3381462878770814,0.041217875316590324,-0.4379712567881479
2875,0.27941914415560687,0.053966723300484715,-0.36799984852060474
2876,0.2134891463178578,0.055397291104687586,-0.3145237799904505
2877,0.1490004703868332,0.04249143567838612,-0.19981823111469163
2878,0.14528526185297072,0.020109057857371403,-0.15027367884442944
2879,0.1626253390926704,0.002821765117099625,-0.11459136194289812
2880,0.12903521658128425,-0.05485931567229687,-0.12192102825810924
2881,0.21775434114430797,-0.07662927615799688,-0.3015907663897439
2882,0.30788477189633195,-0.08409930906513259,-0.494479992852113
2883,0.44554342273606684,-0.04033230387488611,-0.6790918579272665
2884,0.46761428570237307,-0.0012475035686694985,-0.6826829702880455
2885,0.4855296751518465,0.010799641185510132,-0.6883849965539409
2886,0.4834378179778624,0.01458014756349025,-0.664258167136588
2887,0.4791315069261509,0.008388557975904746,-0.7047862378653225
2888,0.3838275047817532,0.024286711448540655,-0.5107618229863923
2889,0.29766984623668885,0.00959469130181069,-0.41221128679893154
2890,0.22605349580842743,-0.001748546149057718,-0.32621907874069334
2891,0.20330098840615687,-0.01812440425560535,-0.3785300387963031
2892,0.16488524560679008,0.015458510700985173,-0.29802069848128726
2893,0.10924488391932186,0.03049807773490471,-0.19669842808068785
2894,0.052393187263572075,0.03574635770737516,-0.09711290046730077
2895,0.029169875286379956,0.024499179577149355,-0.08410187170146807
2896,0.03901374186689665,0.020037122357492474,-0.10042005935968729
2897,0.03977060261269117,0.027078293495731723,-0.13209343043727131
2898,0.0916056064965524,0.04262638706318738,-0.19492322133067186
2899,0.08276864147398653,0.05112054707109714,-0.15702439402068877
2900,0.07194292368899487,0.02417507379450083,-0.1406986300536785
2901,0.0066325183097106595,-0.014140116432962962,-0.06575507417229094
2902,0.005356997099988243,-0.02997486486983697,-0.089479246242598
2903,0.05035817524941214,-0.019599403502268135,-0.14309381962548967
2904,0.08863044348490101,-0.03818019935644255,-0.22388104458128066
2905,0.10790935231929367,-0.06719086244587118,-0.26035964686103175
2906,0.12302220522558953,-0.06344951845259114,-0.2604168987907921
2907,0.10462808547451398,-0.05566002581400197,-0.21603058208964893
2908,0.08664884166410879,-0.048603671479198064,-0.17468748512191248
2909,0.048042377131916655,-0.07004407712508101,-0.1469544821493703
2910,0.0880928189484347,-0.06046925424463407,-0.23414386899794346
2911,0.08965260443684964,-0.07549070805829465,-0.29485780875980555
2912,0.1636735538123459,-0.10486835394138314,-0.4675842818448367
2913,0.20188613862193894,-0.1136961683820373,-0.5303416212392561
2914,0.2347630659128552,-0.08525801137488034,-0.45476042105026593
2915,0.17781526657247346,-0.04701033237915791,-0.18750570187866591
2916,0.09949875545543546,-0.02229403378446458,0.028893815041488875
2917,0.020532333729821578,0.03209751756347175,0.1595433151797549
2918,-0.01200473873265555,0.04773614879041199,0.24470437084739055
2919,-0.013993093121096886,0.05773960361253399,0.29836974183708015
2920,0.04387342424106787,0.04898973933083187,0.21702730868151618
2921,0.10448945551984823,0.07405567226027998,0.0365263647571147
2922,0.14573516004132053,0.05707730231770538,-0.1228892464541562
2923,0.17070383621480698,0.026980258462480106,-0.16698838448082276
2924,0.12117404788270443,-0.03877204429436932,-0.09411667394517421
2925,0.09207536745316901,-0.023363865146222358,0.020908757426590152
2926,0.06306096099507132,-0.039035664037579805,0.03638292896592067
2927,0.07613543246761346,-0.013878107616500488,0.011799951806118883
2928,0.05028531211456065,-0.030223860914344904,-0.06449700450638618
2929,0.022292215064204386,-0.027226335884614938,-0.08360741100248212
2930,-0.0037967318921942215,-0.04845482373063687,-0.043670782147046935
2931,-0.015830040174748587,-0.047208917181020646,0.014295498004232118
2932,-0.03228668326681131,-0.06345447944535572,0.09502856490335906
2933,-0.034141152784326514,-0.049134969063345954,0.09685977419966549
2934,-0.06549358702387113,-0.053600302288506756,0.1306918686217516
2935,-0.045988772839696795,-0.020749598083048233,0.0752464652013995
2936,-0.03737792378588402,-0.000574651874681978,0.07107911535094473
2937,0.04643388131112361,0.020065861987504225,0.06420024715459022
2938,0.04234684070776177,0.035066507500073785,0.09762055452776935
2939,-0.002762890629088396,0.07025145005865319,0.19316589246316576
2940,-0.07505107582763101,0.060976361047542005,0.2099220520642488
2941,-0.12430226419147394,0.03957590548725191,0.30315761771020716
2942,-0.1479744580267718,0.017325867007920662,0.2961066312988763
2943,-0.17213398902469612,0.017699956527181863,0.3700139098975793
2944,-0.15996604661064617,0.02011968770122413,0.34893351034158393
2945,-0.13211230052307418,0.04157801620554504,0.3851060560300938
2946,-0.07473813411670355,0.05206229043005596,0.40589214194330886
2947,-0.033644686183100764,0.06581897463313649,0.41790213499961654
2948,-0.013630161503594982,0.05154072252493982,0.4137886162264135
2949,0.01926058534340306,0.0515796934454228,0.33500506609886416
2950,0.019176383499298885,0.061752789155739875,0.3071079014526729
2951,0.018480063093669216,0.06600245784991128,0.2646160251063694
2952,0.011200970488907199,0.09245613218998232,0.23417165856531025
2953,0.016687917465095174,0.11297511931815707,0.20650292354309446
2954,0.006004957527108725,0.13380339740939773,0.23880666191814615
2955,-0.023247450582649293,0.12649055993607256,0.3463899694087823
2956,-0.02555006287621919,0.10823098325020158,0.35411912545496294
2957,-0.011935619014324833,0.09705013317265093,0.28060094485614084
2958,-0.020767778970049576,0.08941594668347615,0.2150076032749489
2959,-0.072588215611762,0.06302652662956332,0.22076617204145624
2960,-0.1316446438739807,0.04179380561659975,0.22731350525547142
2961,-0.17435825124260357,0.0297409807323346,0.21908754851419654
2962,-0.14720235015792016,0.05326174446042123,0.18451875664295408
2963,-0.15497986990984144,0.07056186422465963,0.24152374248453612
2964,-0.2181423434806786,0.0692853317754473,0.3894637037820193
2965,-0.3076949546385697,0.02021838279761356,0.5253951867504411
2966,-0.355530475022277,-0.02387385144115793,0.5577050640287204
2967,-0.314640596464432,-0.01859809940919219,0.5064611074894839
2968,-0.2382174660991444,-0.01855192957459888,0.38247963387618955
2969,-0.16531663521607923,-0.06759807636791657,0.29648041621748494
2970,-0.12774400935842098,-0.15908799053156555,0.25594277118366426
2971,-0.20758143298519724,-0.13916338217678142,0.42130128558382884
2972,-0.26477179585202526,-0.07531743314585129,0.5075982712449769
2973,-0.3073162585696791,0.010795289727733932,0.49052697491243635
2974,-0.28581561737500155,-0.004326070785322837,0.4084794443759162
2975,-0.2726006055052834,-0.021196148701445032,0.35876683632026846
2976,-0.23816438775124057,-0.019528570828507598,0.4038123509668283
2977,-0.19282236930583396,0.013341300734720802,0.47258919057848287
2978,-0.16446794301651038,0.03691308184826375,0.536581519735753
2979,-0.10297001090414835,0.04358747632993478,0.4056268976869714
2980,-0.044419256763072894,0.0267516502369599,0.24207889146459644
2981,0.028596959932757814,0.04011427571319812,0.12459440000406066
2982,0.02321778772633915,0.04234353387022949,0.16433646085923556
2983,0.016272064000525006,0.05039012831934769,0.21655625389698474
2984,0.0009280948035695382,0.0404969395364723,0.28046860120518663
2985,0.0009409376617408982,0.04023219556856641,0.3079350414346564
2986,0.04073562581171184,0.04867197258030901,0.29871526196744164
2987,0.055797835381749095,0.03386526267975603,0.2539217933593055
2988,0.019040622483935118,0.015430309265249666,0.2299522838743349
2989,-0.03631706924108928,-0.011539298499117886,0.22573036735245294
2990,-0.09019347647850078,-0.02408816504421735,0.2506952170956515
2991,-0.09885627364756697,-0.021811779553012566,0.23737868951474872
2992,-0.12115502699635601,-0.017950870893820654,0.26094167279485597
2993,-0.09738558988916131,0.003715411654642555,0.23855545019494923
2994,-0.07268949725837087,0.039317825251593275,0.2710843962551199
2995,-0.08576519402983816,0.06947338639735108,0.3317520118893168
2996,-0.11204326525732858,0.058767908185906347,0.35275403226556484
2997,-0.09210616358093723,0.021616611899118402,0.2908985780900611
2998,0.016411830121063665,-0.018795369706980643,0.11847131432881079
2999,0.11314588750122904,-0.031908087967245244,-0.024942480996530594
3000,0.11881212861464849,-0.0336108509555152,-0.0663708861951634
3001,0.10695351542556067,-0.02503478111610755,-0.10561380542799172
3002,0.0798219752092998,0.010288123114771027,-0.10184377400377416
3003,0.10026162175106546,0.01034103633542829,-0.19670205470830873
3004,0.13225931807926256,0.02238022074219714,-0.2659206860022524
3005,0.14080199192616147,-0.004152334175925545,-0.29711469245201927
3006,0.10872340686166525,-0.028259020318093006,-0.25846261901552536
3007,0.03663181447296764,-0.060780448290745324,-0.1321139445367118
3008,-0.022341153786593865,-0.06428148348704792,-0.026070646429913965
3009,-0.03283186564901951,-0.03337839285373188,0.04627219052728526
3010,-0.013502237634356415,-0.015037336921336894,-0.009886346157450947
3011,0.02066361121738909,-0.013562509280665987,-0.09043650787126398
3012,0.04054742615501479,-0.025408463982475246,-0.1969057799887822
3013,0.04696430804866637,-0.026889861929254612,-0.19413796825641028
3014,0.06905995711848853,-0.03394737606808388,-0.22504154157159217
3015,0.04324485553290423,-0.03906891396657729,-0.12461317307876434
3016,0.04708021912593465,-0.01929484842978686,-0.14201203092824752
3017,0.07950689840956417,-0.001537405293151917,-0.21424473461618035
3018,0.09839062526056562,0.025337597585786353,-0.244225971577949
3019,0.10585786770398417,0.03361866056467077,-0.21636396832810217
3020,0.08793354241676227,0.05502780227325142,-0.09974291770667702
3021,0.10692680329395907,0.07338526687642227,-0.046647558227738375
3022,0.11290585073065958,0.07097031015721271,-0.026907132196759193
3023,0.08454805179075961,0.05054434240168117,-0.019151614631655683
3024,0.04614353961078614,0.023849545910670008,-0.014269282797732716
3025,0.029716266278440175,-0.012790393089702529,-0.06994154838978182
3026,0.036183722982222936,-0.0163831013558119,-0.04247963921095316
3027,0.062103984471957766,-0.01826392074493168,-0.06489982188067936
3028,0.07902333012479486,0.029273575122379027,-0.000193412295158641
3029,0.0634491933771494,0.05504781453744678,0.00413372758062499
3030,0.027930186791688294,0.08006310757015116,0.10740885108751248
3031,-0.040413229765891,0.07350403696120099,0.2023285052798358
3032,-0.0778617855280992,0.06714467148611183,0.2357724000092332
3033,-0.07372826913869057,0.04474534559680114,0.2521090595137353
3034,-0.083451062015336,0.021367491909654465,0.25036927728178815
3035,-0.12180958743262256,0.0035876409607872905,0.27997896095603686
3036,-0.19634534332387069,-0.034723583698352274,0.25713276965480986
3037,-0.23217351315166257,-0.05516897196397552,0.2261138076555929
3038,-0.22560674037399206,-0.09624315993571482,0.16211188448324176
3039,-0.2029744948737652,-0.08683763804404945,0.12671595768143798
3040,-0.17666021241179633,-0.0794317476324473,0.08094299533663459
3041,-0.18900238177887893,-0.060210931596247255,0.0911595958966673
3042,-0.16648571593474204,-0.04388803126814183,0.08137054563061796
3043,-0.1845770485105662,-0.044432644421012,0.14659211128502897
3044,-0.17409469843489095,-0.05513300194761735,0.17447788345554782
3045,-0.18969330807607596,-0.052501776196927426,0.21907870540145086
3046,-0.17770344998033796,-0.03799251829967486,0.21587173898638157
3047,-0.15167826896564693,-0.00844793959564401,0.19305336345775695
3048,-0.11249938814432385,0.005301470726460515,0.1499473791206679
3049,-0.07313767712740224,0.007211220274908227,0.06086045084689264
3050,-0.03589548952928668,-0.0013951563160441642,-0.015586393553416865
3051,0.038336256969297794,-0.012353283600467672,-0.18935834251190328
3052,0.044979176354115975,-0.003999621026874555,-0.18696077716091744
3053,0.07037390175466443,0.011855652192059966,-0.21621927358692447
3054,0.03552695970784492,0.023011106143159116,-0.11602255996342188
3055,0.12124095919232238,0.0134775610539869,-0.19521962665390646
3056,0.16464315971995303,-0.02063936776286051,-0.1997826481123026
3057,0.4010580996645435,-0.119542878129087,-0.4616948574768756
3058,0.4706934357128773,-0.10526963348644153,-0.5732852802302316
3059,0.5675471539254099,-0.11925105180298008,-0.6868971108288742
3060,0.3604395154381692,-0.057447896892543454,-0.4314660065749907
3061,0.29459922363039526,-0.08494759175319751,-0.27598542267029547
3062,0.19467059824784497,-0.06939328866260093,-0.14553607913068295
3063,0.184936065223211,-0.04621201743572343,-0.059717773753386647
3064,0.14462866937489074,-0.03219535116355096,0.05908011762728993
3065,0.12816402080125486,-0.060547033497496114,0.15302324106593448
3066,0.08508552021040397,-0.09723054315976963,0.10366761809925688
3067,0.07190558957440941,-0.15354165674956996,0.03416905431729686
3068,0.012090468029838937,-0.1512970058918125,0.053961198104232465
3069,-0.0055388353318801715,-0.15419940899207507,0.10243711642399876
3070,-0.002972650937791616,-0.155222390730094,0.12729900342834466
3071,0.046210839085749814,-0.15231482070890323,0.031343558106110454
3072,0.0752866898253613,-0.18725190158365662,0.036971743395178135
3073,0.10870755782806929,-0.20555699554792192,0.07213722663151272
3074,0.13659696230620977,-0.23123739635629906,0.07694688671137992
3075,0.15737962731916716,-0.22538650713127,0.12335752864081548
3076,0.16948758911456827,-0.22884026746398664,0.09792447182963122
3077,0.15290019877807093,-0.22868658501202652,0.23795464492266363
3078,0.13027386881169445,-0.22068013310094267,0.23895580122170743
3079,0.09924447719424791,-0.21847989391569048,0.26732960483922236
3080,0.08745347120320959,-0.22549787605031454,0.2578696298853544
3081,0.12152255122447804,-0.21390652623516132,0.24598364115116814
3082,0.17037311427521865,-0.16622871219442975,0.1692671603129599
3083,0.19918396609128683,-0.17005604629387178,0.1437364408196992
3084,0.1704334938964419,-0.14045602385244554,0.0640517563611183
3085,0.09063083442992163,-0.1472264943012448,0.09736399751384964
3086,0.033898174277715326,-0.09835730182490172,0.026219103576150832
3087,0.008535930178393518,-0.09832809682103327,0.03541193959428447
3088,0.020872779302104953,-0.0744551346217051,-0.021613870083889205
3089,0.01266542984833613,-0.06281867697396638,-0.0721398562340281
3090,-0.002503230150660395,-0.028351277704944982,-0.09879736457449077
3091,-0.06647737173357425,-0.00966365105116632,0.054141504804686186
3092,-0.10764686353691749,-0.0362206830216336,0.2264275796731776
3093,-0.15857377411073012,-0.045311233508597656,0.3208806059432775
3094,-0.17132848190547625,-0.05900275488606589,0.24837415316509323
3095,-0.12554879312640455,-0.05578760654832355,0.12053861949701797
3096,-0.03732769599386642,-0.09825920994672765,0.03731595003370113
3097,0.047101135277433405,-0.1170201552424549,-0.0072169112829484905
3098,0.07489373661961493,-0.13980670984576107,0.0039958581701936245
3099,0.07223196838090368,-0.14505873279036507,0.07358105554303992
3100,0.11736738418178662,-0.18349156760029184,0.06050819162186605
3101,0.10333872184647575,-0.20107683697332127,0.10303764059106077
3102,0.10607252111371746,-0.22856264934966913,0.10224965010119418
3103,0.03674355618108726,-0.18506073208594742,0.16795994006480816
3104,-0.0313075654689629,-0.10443767132076755,0.25558200712092194
3105,-0.07434218671842245,-0.06785015743010349,0.2884744838026811
3106,-0.09445297187201758,-0.07940276952966267,0.401984827858668
3107,-0.08050625789775286,-0.1470882783662986,0.4703920164831212
3108,-0.06789888355055425,-0.15849857967162884,0.4306491856632812
3109,-0.0539901431835087,-0.19380515737414053,0.35567844711451657
3110,-0.048570859567971476,-0.17560005037656096,0.23858798016612018
3111,-0.034431809908782675,-0.16183623296516697,0.27911565004559974
3112,-0.02136331669564077,-0.12747589197669865,0.3040762679954477
3113,0.017366820490728723,-0.18423116379678173,0.21681155368926888
3114,0.13566073453645244,-0.2648513017689888,0.009797876959474625
3115,0.2443467644824623,-0.3391804241927552,-0.27664132614419845
3116,0.24751471771500358,-0.3457228369807664,-0.2665841114908927
3117,0.19156684533087004,-0.29661654762193645,-0.11587661996782536
3118,0.15086289477382472,-0.2677163223834682,0.08590888550311919
3119,0.1845232367220795,-0.21802000854086767,0.2087819478225524
3120,0.19489026939965126,-0.17899940342709508,0.18554020945942912
3121,0.20186861353704025,-0.13059847126865326,0.2708704676049566
3122,0.18049605256693707,-0.09835644033370444,0.20958294291801455
3123,0.14629253040178997,-0.1416145881790725,0.28777233015750386
3124,0.12850318523988036,-0.1230419443391118,0.16133545698589974
3125,0.10844084714841705,-0.08626427226400887,0.09711570458148053
3126,0.09334210123264966,0.008937284211226542,-0.051584288057804704
3127,0.11483679071803367,0.013166056769718161,-0.09047828525491593
3128,0.12519978844112178,0.014184838899348524,-0.052446125092357285
3129,0.11972704644008442,-0.03159385944117096,0.12370014363513786
3130,0.06605632065082377,-0.06337870371630698,0.30085558566321324
3131,0.006223443063205703,-0.13920897274063362,0.49649694869700356
3132,0.011972777026834299,-0.1416890715920509,0.4607347442873802
3133,-0.027506348687559155,-0.1421307681033853,0.471125736875004
3134,0.020910316143665186,-0.11085510963470654,0.30391580159884574
3135,0.014446561125568403,-0.09867422720772945,0.250257587169493
3136,0.0553143591157928,-0.08972326505849378,0.19216731659041514
3137,0.11911324415309184,-0.07147975961360528,0.06026242512617182
3138,0.22579690534054062,-0.03185219995821153,-0.1184470121101862
3139,0.25645656359585006,0.0139202609811766,-0.20475863990781548
3140,0.2600765514722336,0.038785028089708344,-0.26009105859926646
3141,0.12705355037828753,0.022990066863360085,-0.07258751610490094
3142,0.0932483093726703,-0.02075649792323654,-0.011655564420688314
3143,0.023028889924104283,-0.06229860434399689,0.10010519923890565
3144,0.0033162697353440068,-0.04905864944332043,0.005257837209846085
3145,-0.020330616782775642,-0.022652708552833512,-0.07602565358632238
3146,-0.07451239753668044,-0.0025625532672799434,-0.09957886005684033
3147,0.03846332352172241,-0.024710016745129557,-0.16585973152330794
3148,0.1069843681237371,-0.04724394787673847,-0.21947058529004526
3149,0.25349111093722004,-0.03348299092926086,-0.3441301706139209
3150,0.22360050673255533,-0.03047694207453601,-0.3447445363500814
3151,0.2810577431119028,-0.01652777537735994,-0.3028385612890103
3152,0.2833624057607664,-0.020820321649726817,-0.17091164365523304
3153,0.3323239918890432,-0.010680381951190086,-0.058933272198864
3154,0.27249635126843946,-0.01520064593098658,0.026719644458259192
3155,0.22600152189087455,0.01374390366578878,0.06351329386563657
3156,0.15655875728733917,0.0980935703249274,0.08550932714232194
3157,0.11775884651723399,0.1952126259103904,0.12054769024688877
3158,0.06083552233820086,0.25890828743735006,0.17745999342026972
3159,0.04388017572640076,0.2517140048373449,0.2323307111390024
3160,0.04599717246216035,0.24678303222211587,0.26056341936960215
3161,0.047893207228254506,0.22665397777595728,0.26698873010313856
3162,0.025878690074821235,0.23388891710555546,0.3438425487994819
3163,0.037803169364663186,0.15451427871057283,0.3710520296446466
3164,0.053587910204159435,0.08721470074520979,0.34486279380590484
3165,0.12127720690745199,-0.0044854511502292835,0.21134292532659057
3166,0.15729477165681388,-0.0027161461885846614,0.08290400710395698
3167,0.24192194825612107,0.011644610111042867,-0.10331164887903951
3168,0.3330011376287164,0.03394763910881919,-0.22652439732123641
3169,0.44579311625920587,0.011827068630707187,-0.29239165748604823
3170,0.4467203299220354,0.04662642607633356,-0.30934157137305107
3171,0.43848294453047215,0.04168358300874482,-0.28493540410485274
3172,0.36595836502190154,0.03939196521527154,-0.27879150960643395
3173,0.3342791329914021,-0.033018812100461786,-0.27973084094101436
3174,0.22105772678953856,-0.04192781541566502,-0.1789759294894227
3175,0.2182047827218718,-0.07042933109104048,-0.17250112372260787
3176,0.20353213180139088,-0.06540697200423017,-0.04556303657101652
3177,0.2649510692215953,-0.11164969205028444,-0.05425154378240155
3178,0.21296808194628564,-0.12096432946094031,0.07669061968994668
3179,0.18403381850243114,-0.14591035562988608,0.1543892746425513
3180,0.15109076209234107,-0.13447677065798086,0.1180439691547816
3181,0.14640410501490672,-0.12195230016500494,0.06043398602555884
3182,0.15086542549806448,-0.09588647756916242,-0.03557017088573622
3183,0.15595944672733725,-0.05536636922058289,-0.0748098752490031
3184,0.14804028645055473,0.005675136541695587,-0.1388064084479244
3185,0.13643305169144052,0.041859113733128575,-0.15659501659727895
3186,0.11753860761281834,0.06201338331250405,-0.11276345062580259
3187,0.07253519687055755,0.06213003756521312,0.019182420463787653
3188,0.0382326701644787,0.05751512486920747,0.14491937300407284
3189,0.040721208798099866,0.023372358076015537,0.1379912411812115
3190,0.05300402122969948,0.00860267015740829,0.11096737732371666
3191,0.12135153487502019,-0.0042864413130592844,-0.05966611152770934
3192,0.058891549679264986,-0.008121490740511989,0.011019650651635753
3193,0.04555276995313093,0.011216691122852215,0.059363053642827776
3194,0.021073662581357434,0.013792735435773978,0.09154720611095983
3195,0.0669477883292793,0.031186322009755008,-0.022205495549878083
3196,0.0989631803642624,0.028013225181397556,0.028126885842517872
3197,0.11233572427658046,0.03842307384818331,0.17983862999055206
3198,0.09332034968884577,0.034099363652379894,0.4324545221279971
3199,0.031150861623607404,-0.02749037026911404,0.6210840524634735
3200,-0.041141119059099555,-0.071852871071845,0.8423302999286825
3201,-0.09217129173797738,-0.08558680693925826,0.9803019079237564
3202,-0.036101071712652845,-0.05977284531479539,0.9051810673005648
3203,-0.0364802329363839,0.0066801515302643884,0.7954154886842859
3204,-0.008256294860514051,0.0561165989708522,0.5284991685814558
3205,-0.08578879048804806,0.13425692061810304,0.4416021122015056
3206,-0.12065779238634275,0.2082487298068375,0.30297281005425825
3207,-0.08715522522333055,0.22972471381797366,0.28332999394904046
3208,-0.03118560912640108,0.2429792026685896,0.25465725791142085
3209,0.006173954053349197,0.20557926935491533,0.27974976559071085
3210,-0.02667088054708809,0.19590347399302221,0.3381849509819442
3211,-0.029514306792008213,0.1506177585411455,0.2845049354281408
3212,-0.02968506683874689,0.07926551940059691,0.2653687753123692
3213,-0.009440100255150513,-0.020294273128130563,0.19800288632316337
3214,-0.09390363205677833,-0.06615233686696464,0.2458450072166864
3215,-0.19723875549681136,-0.04325429887502531,0.32385683647715363
3216,-0.288780710652326,0.054928889570774866,0.41195413298755673
3217,-0.2906955440690281,0.11540783647221362,0.4416282580529269
3218,-0.2945706124233696,0.13744154564904706,0.4761038393756091
3219,-0.30244560451216573,0.11822828153267845,0.4137656104885318
3220,-0.343020519277431,0.07421294431706066,0.3970552583946459
3221,-0.3492524155936624,0.07065245611363803,0.36278386421592335
3222,-0.35995003464111847,0.07085004255829512,0.3750630146171757
3223,-0.3792994919282621,0.0863467002077197,0.40537605657085546
3224,-0.3609347062260405,0.07774997287530949,0.33585186310396425
3225,-0.3323500039831981,0.0922067737139602,0.3152403354008592
3226,-0.2617655518107481,0.10252654557537365,0.27528423360602383
3227,-0.24063105143796706,0.0983516739364107,0.30706919908753005
3228,-0.26504100824426985,0.04194426154160449,0.29426484009044024
3229,-0.2773502339266317,-0.010903623452907522,0.20123915496447609
3230,-0.2992147405684912,-0.059868553079012336,0.1374117438133373
3231,-0.3010673198797914,-0.07637980220479114,0.13505816650006724
3232,-0.3087964941008977,-0.06427037847937492,0.1802701026718992
3233,-0.33024122164571906,-0.03920858170316447,0.2700661296974034
3234,-0.34822842378123825,-0.014696844791477919,0.33228138942321545
3235,-0.2866566283736225,0.014232215354717618,0.34490745642800413
3236,-0.22587760928711975,0.014764685310146321,0.3019695097619887
3237,-0.17602494624321488,-0.01051486089058123,0.23708775388669867
3238,-0.19200915000705576,-0.02270658074052345,0.1819908804328923
3239,-0.2064524881813151,-0.04332553053473979,0.14206167110264983
3240,-0.23951418818914835,-0.024342661215356,0.20063190326673508
3241,-0.2958800167798344,-0.024842615523121253,0.24439671662691373
3242,-0.3605982077095523,0.00870069910331769,0.3551760102527683
3243,-0.32049172240568147,0.02040933944050093,0.4164242094110478
3244,-0.2683473375412319,0.006356466874566371,0.5640833901998671
3245,-0.22719317953083937,0.0324614917422557,0.5619135848070603
3246,-0.2628615826241096,0.03553334565999235,0.5463819841810492
3247,-0.3147300155772535,0.08159552070788666,0.5495433092044226
3248,-0.3431419263845996,0.0899402650405775,0.6757234015780919
3249,-0.3904757651980792,0.10044699087451149,0.7528660850670825
3250,-0.3714428926722994,0.0971085205515929,0.6921259686522502
3251,-0.40705974429180186,0.09334332348176548,0.6978312815605283
3252,-0.4178972779414405,0.035865729925533996,0.5575959018651709
3253,-0.4646123491746658,0.010949809863760393,0.5188367952236519
3254,-0.42127978284855405,0.00034194731170233365,0.45790088885784297
3255,-0.3978677302474394,0.044434903235180484,0.580963427359147
3256,-0.42394521216181125,0.054580623103925696,0.6922424883527345
3257,-0.48772146697481483,0.06948031551901444,0.7372758616976242
3258,-0.533688055872868,0.08969233071557185,0.7416248892589625
3259,-0.5022018459535524,0.09602930426909999,0.6915018046561612
3260,-0.471228177915509,0.06739519906622359,0.6533809807425244
3261,-0.43947814852962774,0.03721021685271098,0.5963358473499111
3262,-0.4657187122056384,0.01573385974762859,0.5955529027916978
3263,-0.4826972987994431,-0.010857530599883782,0.5186049618835189
3264,-0.46653765640365036,0.024020115584587755,0.4677501040829335
3265,-0.4285494082700386,0.031014781414670678,0.3315156027825199
3266,-0.38140720198544853,0.05630727722555848,0.2796697267991774
3267,-0.408177447732357,0.03830224456934385,0.3155617591088346
3268,-0.43274792224100267,0.038349731390408294,0.3467022092653779
3269,-0.4429698682358012,0.034796619034938456,0.3101141545613823
3270,-0.2925857555195175,-0.005425458921067605,0.156075172617397
3271,-0.19818919776580907,0.00736911208623939,0.24509167987020178
3272,-0.12142674560470185,0.021005748615006467,0.3765746621987697
3273,-0.13744638147026705,0.08620076821477682,0.5706360534179632
3274,-0.08674080971358868,0.07866118285069264,0.529532635064508
3275,-0.01874546465160243,0.07776106578804026,0.48154043544267955
3276,0.1287548972929043,0.015194005842892976,0.27409487976636754
3277,0.23623507759030446,-0.034644057817338356,0.13109637703946372
3278,0.2785346162168545,-0.06658577831237199,0.0448833239632569
3279,0.18264457781449658,-0.022942974420616623,0.19222587312118364
3280,0.15352652123777474,-0.014634192106033544,0.28219630226292003
3281,0.13331966325264707,0.01839711809868035,0.3190306120351684
3282,0.14549162028451304,0.015856522381305572,0.30548492048700043
3283,0.06132931642988804,0.048257796568721464,0.43180154629332956
3284,0.030536676012933965,0.03763138389565185,0.48888356645422737
3285,0.02540238019056413,-0.0007454045316643127,0.4621570879972839
3286,0.023598739970728033,-0.002730498387709974,0.3763521953298754
3287,-0.01835464968839354,-0.025565153839367413,0.4014937555545593
3288,-0.019867670563797877,0.00324588078170879,0.36069509373342196
3289,0.010071857655601217,-0.0007029977845683156,0.3153923416235645
3290,0.10094239647757296,0.034107045539227034,0.1486624624983918
3291,0.09008470114798743,0.034038146600697164,0.15722262268862838
3292,0.12062040932340308,0.047319709598961174,0.13291754984043613
3293,0.10123048170676854,0.031144991965453714,0.19974362509779944
3294,0.14058001990487676,0.04502456610801904,0.17519555907857584
3295,0.17378572845122592,0.03384444948047183,0.08884531566802831
3296,0.19871177027197562,0.020041132732410455,0.03186188660757942
3297,0.1785564639947044,0.018551675752581705,0.014559063763957646
3298,0.15696924721231437,0.043647428461100674,0.07831409414682063
3299,0.14744951664894138,0.07711323189546468,0.10325318213868888
3300,0.21712502628689598,0.08366703603631748,-0.022084224698664577
3301,0.25258940974464006,0.06951421744927745,-0.10874745390752742
3302,0.2778854780487222,0.061831313054041374,-0.14974464014857142
3303,0.27178256842276866,0.06965089200822489,-0.13057836980280196
3304,0.28734318403180686,0.09611962995998088,-0.1311899054361705
3305,0.3087261631182349,0.12363077543814288,-0.13611620438853245
3306,0.30732427971677395,0.13925817001631735,-0.04882414205327752
3307,0.2729249768126679,0.14811248179814582,0.07906878425155107
3308,0.2603176779733449,0.13977778236879748,0.12091719363306538
3309,0.2315440952414508,0.12039353518969485,0.14504927463275963
3310,0.19884711829246368,0.09685289911032446,0.1539300239506407
3311,0.17122358855106562,0.08972866214423773,0.18862544273408993
3312,0.15087908926848845,0.10646366128755931,0.2005588927290162
3313,0.18511728345773606,0.12374693849911185,0.1540026982837109
3314,0.1888451370805722,0.12777622307956948,0.15396768119389076
3315,0.19792321732142984,0.11679871084876498,0.16316573360914138
3316,0.18586876379193248,0.11153485334974741,0.2013055804402282
3317,0.2234153022605827,0.13847470648615912,0.15530073874913042
3318,0.24012331273251766,0.14421725734446825,0.0700652903289944
3319,0.2360124772685245,0.17048026668505217,-0.017870721284290313
3320,0.18221160165641903,0.14914485792370286,-0.024228115928031115
3321,0.14338619697524108,0.1325748726671061,0.08071172339341692
3322,0.1289128198734775,0.1164359972185762,0.13937876759931853
3323,0.12244835962018698,0.11508142037880871,0.22438153358701649
3324,0.06699549301775941,0.08090233181624344,0.23874639271157902
3325,0.008987602152072593,0.0308319441824591,0.3185754581174999
3326,-0.029356696437103254,0.003931740552003114,0.3671281639678363
3327,-0.02214311543392078,0.01020644414077993,0.3671100098189255
3328,-0.01617088377020913,0.019179561469036696,0.3827377332543349
3329,-0.027791496937564143,0.021947701519484573,0.38049615358690525
3330,-0.04039579389621362,0.04511065640718728,0.4196378405842095
3331,-0.05083225342951055,0.06275502481872837,0.4531674234024073
3332,-0.030771958760465266,0.08722011117427546,0.465371286864771
3333,-0.04672158757968562,0.07663130067187979,0.5462998024796182
3334,-0.055741164807623304,0.050516312270718754,0.5376310948266126
3335,-0.09510681610423904,-0.0032175873866973773,0.47073550305461603
3336,-0.048239765416545295,-0.02415412227783556,0.2859867015612066
3337,-0.006553057405159469,-0.02242376853986876,0.21801530959776955
3338,0.06018262583518022,-0.0053884406001082205,0.1737626273010652
3339,0.06727573941427466,-0.006177937883568138,0.2034875697612083
3340,0.08555196110699999,-0.009647607361283273,0.13234876605851584
3341,0.09047475772447104,-0.00702302411498505,0.09433398293835828
3342,0.07926743283462952,0.009189121758425208,0.09617299844781489
3343,0.02580788169378857,0.014084874350478623,0.19007217326861198
3344,-0.03968554567791093,0.002653045048504648,0.28862647402451896
3345,-0.06921414693994164,-0.006633864013951432,0.27719608259786366
3346,-0.05590797259334345,-0.02193595552774852,0.19789384246523972
3347,-0.049061767361537986,-0.018131075579954033,0.17186372101297545
3348,-0.04956434965941594,-0.04383245432879374,0.16623292857105584
3349,-0.06145168435374095,-0.03505113270167854,0.1916066670767904
3350,-0.06654332604575063,-0.06021477262298508,0.1621717655476528
3351,-0.05685155621942374,-0.03131517663851827,0.16132625404815212
3352,-0.06626907829576427,-0.057274191955654224,0.13880572165146698
3353,-0.05510848012741008,-0.05459075668833028,0.062207538431709335
3354,-0.03037467120303616,-0.049831695618683954,-0.03250025702726055
3355,0.0392820240002628,-0.0032883953536798345,-0.1830739183870628
3356,0.09948097030555984,0.03811690720810289,-0.20246509350371406
3357,0.1025658169982377,0.06385113175631202,-0.13868633650077813
3358,0.09505077452509333,0.07057526537046525,-0.05843949596538108
3359,0.10557942402037844,0.09086603737729301,-0.07914776694132429
3360,0.09227766542438577,0.050998183511624946,-0.08973587102989729
3361,0.07387987152270749,0.01715518370889666,-0.057602630706411244
3362,0.043005930515068055,-0.02190368854070123,-0.01796520928838465
3363,0.06455424514880782,0.007699359345135095,-0.05005287448348474
3364,0.06915502717149184,0.028273904967795496,-0.07477631947444793
3365,0.07231156813409245,0.05263467976952917,-0.08654510307880206
3366,0.08161880800990794,0.03591380449320087,-0.14499761078136048
3367,0.11843999974223567,0.01688748630899638,-0.23367422620355646
3368,0.12189896680013283,0.007645976639309857,-0.24800030995474748
3369,0.11614665469179489,0.0001237821095797837,-0.20498503820855757
3370,0.10197261005184,0.007765599140523446,-0.1568828609106081
3371,0.09853975784562014,-0.004654837575678886,-0.11725034397362799
3372,0.12239868725307021,0.013404681072880887,-0.04564702025356751
3373,0.11847614300165968,0.019797070813462766,-0.01016921955437138
3374,0.14852697717971905,0.04049414603029162,-0.035847857126063004
3375,0.13937013844960042,0.038958670196748334,-0.0733052257264362
3376,0.16797575436782353,0.04295537745509559,-0.12079127512723746
3377,0.18037218357846288,0.05442500871941537,-0.18834824762294228
3378,0.16414221410082078,0.060834142820651284,-0.13097928571464446
3379,0.12850394776754961,0.0696940837874654,0.0057181218152229365
3380,0.10353275664564679,0.07400238149109255,0.1674494900753486
3381,0.10998343580504247,0.06775343128750505,0.2400681047702029
3382,0.12208890437612269,0.041083234795308954,0.18275689132528256
3383,0.15255755359213966,0.02990977140712709,0.11414840612185793
3384,0.15013243205142,0.0132043237087318,-0.05575641986297382
3385,0.13746195182568519,0.01504750308200505,-0.11669459583400828
3386,0.1128775509520905,0.01220640836551411,-0.08478486337373226
3387,0.11900953112298378,0.029761451396212783,0.014388773000757853
3388,0.125643357650886,0.04547786700436877,0.11091337757356448
3389,0.11349834632132286,0.03879884197787713,0.26414483690907337
3390,0.11273761595072225,0.05475886233270888,0.36625117994925177
3391,0.11092718444015123,0.06815280045151724,0.3981892704523553
3392,0.1349615407831388,0.1104962286193199,0.3469821527230229
3393,0.18516393917312876,0.11711079743511642,0.2576055236468587
3394,0.25503911153475667,0.133053985799685,0.187406779150166
3395,0.31498563962555953,0.14223670977866398,0.09050299406271284
3396,0.266799050183699,0.14309993780239214,0.07482614281766106
3397,0.24875994973074117,0.13841063714016183,0.023330255741320933
3398,0.18209324899668713,0.12035887156773255,0.03410902180124326
3399,0.18448865619347923,0.12278726155154522,0.07171996963005509
3400,0.13089171014341383,0.09374786133396343,0.13455667160087054
3401,0.1009958912610684,0.07567896386711113,0.15664240946546937
3402,0.11335084894872545,0.054598654017388316,0.0796662915159978
3403,0.20303568161881108,0.04658981714450378,-0.09266991088762488
3404,0.2629796044179815,0.05677335013823964,-0.2057809134284292
3405,0.25282283576985226,0.041992228351393164,-0.1953164344211728
3406,0.20817841024010852,0.03997051364166864,-0.07518901418236604
3407,0.1651334455187915,0.014819020971229172,0.009779764669930215
3408,0.14961541264754563,0.03574429585889194,-0.005617858961094738
3409,0.11051460068835597,0.0623991694106131,0.013454679050530008
3410,0.08954914294738722,0.08815867553117675,0.017942325698858765
3411,0.03603786441133883,0.07721160585320101,0.08612900097825293
3412,0.02565645070697574,0.06465477712363535,0.0905713812747154
3413,0.03685536140609385,0.0813432629276256,0.07548564869763234
3414,0.08911512292507338,0.1051005762373086,0.04601908188048223
3415,0.13603943694347578,0.1051982763828828,-0.027833093970378534
3416,0.12845670313219754,0.07163206604672022,-0.026733885600072945
3417,0.09301996373996363,0.03918278712156538,0.004116830648886465
3418,0.02369719855086455,0.02831262443148146,0.13262019884386891
3419,0.04998006077357669,0.049576054238666234,0.07767884315455605
3420,0.1035232983835754,0.03642297209023987,-0.10033095053758062
3421,0.13792833834049903,0.04308766622360144,-0.24242500232831998
3422,0.10570519797943932,0.010307355683921276,-0.2623165606378632
3423,0.06063903457699455,0.013755956898060525,-0.19560402537843827
3424,0.05965556741233964,-0.002727051361395196,-0.20539386835166884
3425,0.06779318678754988,0.011374034913539693,-0.19358395355926694
3426,0.08036795277109172,0.022369767861594853,-0.18134033936272156
3427,0.10003597136753806,0.058359276375231486,-0.05585438517503313
3428,0.10726593638081389,0.08652525126014772,0.03794219780557832
3429,0.10341798059143632,0.0919725276137996,0.15218958041228672
3430,0.14040926350692418,0.05007164262789466,0.11334096752314932
3431,0.12950866622559407,0.026325676321607937,0.11639943254403093
3432,0.0985525451606046,0.03506636505213627,0.09814322315104403
3433,0.08587896467042211,0.04672450673288123,0.005926780335612509
3434,0.11096003795656845,0.04393943530299282,-0.104904084486627
3435,0.11615521193406711,0.030465876922545952,-0.033664090259707194
3436,0.08101695669387363,0.042441750441253895,0.14289264307230834
3437,0.08430746474629858,0.05120353548964094,0.2558481424933268
3438,0.10309109044089518,0.026505794779840507,0.2258579369470058
3439,0.03694141569808307,0.061995210900357756,0.2836148424785922
3440,-0.04708809795633063,0.09284260736649697,0.35731440181150914
3441,-0.10395848522534638,0.13414078988482003,0.4994824337617672
3442,-0.09971356397423495,0.12907519976965143,0.5375392478986897
3443,-0.10377330700257752,0.09648726329643174,0.5839997619736953
3444,-0.0687423885707394,0.09119304778289793,0.39580455730616915
3445,-0.022206567540936317,0.1042851942203556,0.2458260035252924
3446,0.05027395410311334,0.1390410213735936,0.12499693731951281
3447,0.0648824266027083,0.15347286167721869,0.14468834392119123
3448,0.046441754717016545,0.16029373320157045,0.20770773247872695
3449,0.015003616075208635,0.18619066749585605,0.24621026193469317
3450,-0.0011201706424172231,0.18918118135109857,0.28643941670248746
3451,0.009158227722631997,0.1789540418839092,0.344817167495887
3452,-0.01609777187981294,0.17026415789576432,0.48834403945337024
3453,0.005000111332982901,0.1600987725479468,0.587535403113249
3454,0.03008931659691005,0.1584622639895977,0.5206996066819874
3455,0.14539406078667882,0.14682861023699476,0.3971473723927989
3456,0.1819420135423152,0.11084391529083759,0.32807022548073084
3457,0.22521336877231815,0.06211993901564361,0.31798661416597657
3458,0.1454974114511179,0.04333568050680965,0.3620589262597933
3459,0.10305585386319546,0.07415406996186315,0.29017743370643956
3460,0.047717229044248785,0.1113893150283945,0.23654799458322187
3461,0.01726820531113116,0.13699121764801794,0.19235328529913354
3462,-0.01773680568722965,0.14910245730536317,0.27476221247954097
3463,-0.00600849215926219,0.17036598171260617,0.35619617102777423
3464,0.05689351527810865,0.1649781070521867,0.287701177473591
3465,0.09055073579121393,0.13024640954578642,0.31046191134618717
3466,0.07443082942632455,0.09729111471746868,0.3288188255872074
3467,0.07273277030775224,0.06907684467308349,0.3780468485618841
3468,0.05294447792948009,0.08774109425354248,0.41088471223229134
3469,0.03734181069741088,0.11475810346563171,0.3986492805978539
3470,-0.038036248694128805,0.1413501179934764,0.45048150047116414
3471,-0.06869435665634996,0.14356051811033746,0.4201049142043674
3472,-0.04680951994854709,0.0863843802400938,0.3090733079258927
3473,0.0281194789495722,0.02523508261347858,0.18329700910953442
3474,0.0425451807617586,-0.016118711927465734,0.13871093624638695
3475,0.01575145381428722,0.009679946949359633,0.21797630552474387
3476,-0.04198834831567627,0.03593054622188751,0.3369971274711388
3477,-0.04914672708625151,0.08722170625328234,0.33657843004833565
3478,-0.04820077334722453,0.1194459249552571,0.3301675894299324
3479,-0.017492294211626427,0.13428450708767276,0.23934627908296344
3480,0.03632702146291856,0.1198318301112224,0.11580653614447012
3481,0.07497588382048963,0.1105031075659146,0.026483138282667865
3482,0.08420973807257473,0.09251632917734597,0.009609362033949229
3483,0.05595338238184227,0.0842279139641866,0.05784819696405559
3484,0.03763375057733506,0.07895613326009401,0.06727025194088965
3485,0.04202662485749651,0.09574996025823562,0.016145082561942862
3486,0.06553151977234245,0.09691275731471648,-0.027847753853532612
3487,0.05272131675503953,0.11073596680334231,0.045725601620999784
3488,0.03376287826661851,0.1131199057430508,0.09095979033371708
3489,-0.018098882547095754,0.13030253758082927,0.15519182436290974
3490,-0.018541328569183627,0.1298464036914286,0.14942461017089856
3491,-0.01146025799632934,0.11659749744071413,0.1203215855900632
3492,-0.004891086300971531,0.09602695849508389,0.09500194319047567
3493,0.009951135706473536,0.07748924531764731,0.018798435467676955
3494,0.010451672722278964,0.0747046872881983,0.017726443358891786
3495,0.026786901214645473,0.08336994548865803,0.01471668933710815
3496,0.005468927997764826,0.11259581036551797,0.06069587271950465
3497,-0.011851685585158074,0.12902040147352042,0.07967713335498786
3498,-0.05685271092407595,0.1458048103739264,0.1382628095551654
3499,-0.08628006897650567,0.1372449199725934,0.27092080193188406
3500,-0.08914435456381374,0.14804234007373043,0.38958230846227804
3501,-0.02258705685062908,0.16179315319329649,0.41816537695864825
3502,0.00407401874729615,0.17244303645922376,0.4353518001518754
3503,0.05952944353750427,0.17770274968489533,0.3323695952912311
3504,0.05267559586961713,0.16747341100149502,0.27060155157728566
3505,0.11436245461487397,0.1418007799277705,0.09953631008492549
3506,0.1511610857568086,0.11125926244300433,-0.0006363323504348726
3507,0.20699055007931969,0.0870117743617271,-0.05654638953825399
3508,0.17254256726713232,0.07715645319552115,-0.026510468665440844
3509,0.08917321718691751,0.0870463956815852,0.07287239306783107
3510,0.05276949246715589,0.09585862556881751,0.06250810681952802
3511,0.10850521727429116,0.1099862717090824,-0.009490698912186988
3512,0.17008760955463897,0.135640672766955,-0.05959955711964153
3513,0.17793325444486616,0.12151584795282,-0.02584067031159428
3514,0.16187260396900624,0.10344608775780542,0.018173485242057974
3515,0.18947693731301402,0.09937608450214241,-0.022481737911144568
3516,0.2270910422603544,0.148695340915776,-0.048276281181156414
3517,0.2505729112949654,0.195209373425351,-0.02767947500773178
3518,0.25994010185695704,0.20655266640565967,-0.01938154008776423
3519,0.24169228848008892,0.18385954833467383,0.04666423418363594
3520,0.23733748255412437,0.17408935647820897,0.07142658942974671
3521,0.22758957305957742,0.15760769513542572,0.13411405509621302
3522,0.2618479417036248,0.16358513117597634,0.03235092204203952
3523,0.24965102641645137,0.14410958933070125,0.09132977210941003
3524,0.23420102089081815,0.14654761676819986,0.10326583408774595
3525,0.18119955978972738,0.15218776235431036,0.208886689730413
3526,0.17522743849208666,0.1537433857438888,0.1479464224564349
3527,0.17955907624798642,0.17456202545026903,0.12545701634907672
3528,0.20219630553117057,0.1439965878724059,0.01661395997437508
3529,0.2143684155774957,0.11601984090888509,-0.0837375427996325
3530,0.22558613901069982,0.08517628148626387,-0.1912887267310358
3531,0.22641679187045527,0.10539862175357971,-0.1442721533295958
3532,0.23856336594164324,0.11712657877689017,-0.13281265359877312
3533,0.22027940706852486,0.11163644304963073,-0.12837455096715578
3534,0.22274130084908506,0.0978637372170884,-0.18333967801399878
3535,0.23330704026149301,0.13530122535895214,-0.14415912305976053
3536,0.25135081575592816,0.16824178943710216,-0.0660338924972996
3537,0.270870928091897,0.17461911357830462,-0.08827050980599915
3538,0.2584570958082368,0.15016522382268074,-0.12689760071435144
3539,0.23375627621887957,0.128885323746071,-0.14526405285088673
3540,0.175414638988627,0.12797577734125368,-0.03682465219106656
3541,0.14800683720978144,0.1194593988365414,0.041172045836199586
3542,0.14243529330825694,0.10344725144950312,0.036943887041288176
3543,0.14959519170004615,0.07856957065021763,-0.008990764191066257
3544,0.13390676297677587,0.05910914254985315,0.00026654672420149797
3545,0.12270307356578079,0.06525873656175148,0.05739629290076524
3546,0.1060321090591786,0.06538034375280782,0.07706848268158045
3547,0.09080412707447673,0.05126638353761262,0.012600208153274265
3548,0.06623865596442556,0.0179013767078621,-0.029945198950349684
3549,0.041518116394477854,0.0017073673541476177,0.04954632377294609
3550,0.012264408336069734,0.003909001138881241,0.2100259822058434
3551,0.020967864619581736,0.04132113029601872,0.26875666815443877
3552,0.02327211705256931,0.081683955587784,0.2845201580307512
3553,0.039866422961656565,0.11054282748889936,0.23278942697014876
3554,0.02930506523605859,0.11056365561381207,0.24265484032704843
3555,0.03221872001871565,0.10692917002261641,0.25601795647153475
3556,0.02185779847195789,0.09929115208644784,0.29652412237607173
3557,0.010585638493901066,0.10465490260263408,0.3325943005893556
3558,-0.0024024795691746205,0.10980270498223604,0.3347141430732764
3559,-0.006620968055709864,0.10735676522593064,0.3086580079775559
3560,-0.00995025839450231,0.09495002255715314,0.2729468748019201
3561,-0.0016137633286001309,0.07570067413126182,0.2220854453796459
3562,-0.015937669163373906,0.059513183747073026,0.21891317851555678
3563,-0.04161472210708362,0.05621010965501667,0.25674701324414695
3564,-0.06672510655689691,0.05410991498535046,0.27769551605360593
3565,-0.05491927750239253,0.05154974464215028,0.2391740024855815
3566,-0.047608580952544305,0.04483430436287528,0.2108548550213397
3567,-0.034607584547252504,0.05554607329497412,0.22562396422124859
3568,-0.03551130367262219,0.058390130741165454,0.2523331688321157
3569,-0.031584113755369576,0.06707811116526916,0.2689969253143136
3570,-0.01957371086059579,0.05442414520506432,0.2496534258991465
3571,-0.026657097578914005,0.03772309677818423,0.33145250882168803
3572,-0.02821461572581403,0.010057589472499351,0.41703779884187897
3573,-0.055174587497551435,-0.011050638106820703,0.5597645035857127
3574,-0.06571050475585895,-0.02296084576237819,0.6165003300652703
3575,-0.05166555897730596,-0.02060209090097065,0.6276322341815614
3576,-0.02863394074512324,-0.007765424889383656,0.5295580948942276
3577,-0.0033101882297488293,0.009171220434875924,0.438290956291914
3578,0.006601376470969963,0.015310413591663071,0.3585051463188644
3579,-0.011309812336690915,0.01123978423378464,0.3870953416906777
3580,-0.029501508513805254,0.004511216939409842,0.38987160690795236
3581,-0.0318448582808513,0.005437670083260927,0.3713568369981388
3582,-0.01636178033520151,0.0051980263670988736,0.3692960390926384
3583,-0.016325260213922624,0.013493447686475804,0.4101458932677213
3584,-0.033244904054679864,0.0217825908968294,0.4728860910150089
3585,-0.05021652762128408,0.033556945910898896,0.5440957873789989
3586,-0.06231474136871941,0.032673680673123165,0.5587669501922475
3587,-0.0725809147805019,0.0263048329229116,0.5696663909278641
3588,-0.06143306250903626,0.030920301829665476,0.48812702709480044
3589,-0.07451938857287724,0.05163257282156963,0.5079706940282127
3590,-0.06839429066454418,0.056659298920702414,0.4715476178267612
3591,-0.06457554946201334,0.055928712091826704,0.4707254783497658
3592,-0.055400283350598746,0.04497000838983444,0.4404131091322817
3593,-0.05286276471028744,0.051046150332446076,0.4207467713303499
3594,-0.060702270134027056,0.04804027328035217,0.4110767822822475
3595,-0.038025751131538596,0.04342668831100524,0.36828916480954216
3596,0.0009955322325354574,0.03670932035317353,0.2921134727040384
3597,0.04028723895409634,0.04746944689925923,0.2081202985413894
3598,0.09047703715086233,0.06233461179762864,0.10738718098072345
3599,0.1307141458271044,0.07141400895021958,0.034665559578014975
3600,0.1515067967806059,0.08813535118356786,-0.009808324472469543
3601,0.1432975829341387,0.10498959009515481,-0.024479443356657513
3602,0.1230307745049545,0.12770532804613605,0.006396269007442853
3603,0.11634773764092421,0.13130609190232487,0.04336674614210287
3604,0.10575854208295969,0.13063675582976866,0.06619996537670707
3605,0.08460028953951938,0.12369082802914949,0.07796008092392356
3606,0.07302223369204365,0.11431396630346494,0.07101369155254302
3607,0.03165283742241869,0.1061510986637556,0.16173392818611118
3608,0.0032381223504794614,0.09093787360617736,0.2436753893291809
3609,-0.061332426486562695,0.08275669725542911,0.3992318760429819
3610,-0.09959762754660823,0.07260700540429615,0.4675084071951052
3611,-0.11322913902836028,0.08089396225593352,0.5383785498333994
3612,-0.06529013590048333,0.07044604081458616,0.39901993940075686
3613,-0.027279082127222756,0.058829779381005184,0.2891930600340013
3614,0.006937912622808261,0.043999778018361226,0.15760856345127838
3615,0.01663585824906078,0.04676789150630979,0.15275545433111698
3616,0.02962086455362684,0.06070724663465554,0.12306943494378526
3617,0.04514532445663441,0.05803030124403182,0.09845930088404539
3618,0.04038180934214112,0.06003990487910464,0.07558492725310437
3619,0.0872657391518749,0.06412404575774294,0.054862445636306635
3620,0.11992976228507306,0.058899063458315706,0.014615632970529016
3621,0.0909738031369029,0.047162518642117804,0.05804676128956431
3622,0.021215720025510202,0.024503567422098624,0.09908186364358101
3623,-0.049040580081108745,0.009558661468112043,0.1380784500098268
3624,0.04473859079391503,0.02579867394945395,-0.04078403146111601
3625,0.11945610185965473,0.043229274149702915,-0.17257134347912734
3626,0.1795188383483637,0.06739134646847876,-0.2027357673130391
3627,0.12921765693142465,0.06220509770566355,-0.10457791107133965
3628,0.06443794720588704,0.04108113198429972,0.0021459917657061793
3629,0.03729663966606725,0.03392062900270588,-0.003708050158965508
3630,0.03030745549131688,0.01059721764905675,0.025146175356755576
3631,0.05397848709644303,0.04703409333108567,0.04408685325127036
3632,0.07157897775534257,0.07804633202872435,0.09655165194537757
3633,0.06579827291772761,0.12171245599738532,0.1514508846549088
3634,0.08416598991824971,0.11502465114276283,0.112507858438803
3635,0.10834401200905457,0.11076716504178107,0.03542459864210644
3636,0.1200049595352442,0.09057558268261269,-0.060007104664387564
3637,0.09577880182176018,0.08294723670051761,-0.05966129359083997
3638,0.11376846972774857,0.07922277870361027,-0.15622976158253785
3639,0.13717848922619985,0.061376847752387546,-0.25603146166655744
3640,0.1724664659111306,0.0645748290550782,-0.36653596405132
3641,0.13315910572282935,0.041673070756233846,-0.32272067519646996
3642,0.09512396723043447,0.042674747622174304,-0.22177993403861274
3643,0.093887787999848,0.047693794620096965,-0.15973281132802125
3644,0.09429387841649733,0.0644232413972069,-0.12043777637123623
3645,0.0746841134245569,0.06795721514767644,-0.032246581664000525
3646,0.023512980889985765,0.044811787632733635,0.020942807958249935
3647,-0.00808056356713628,0.03227964007482671,0.08515219102176708
3648,-0.015916643484600056,0.016240624209832348,0.1131064665600912
3649,-0.022694014088147967,0.003298413199292964,0.20040208116611788
3650,-0.008158967950566177,-0.01069502206830107,0.252593027933388
3651,0.019090020879534948,-0.00787476692682955,0.23225421020659984
3652,0.02525760253652446,-0.003314539877379785,0.2375751083400213
3653,0.013686297365792794,0.007598713965371097,0.27029821361689965
3654,-0.005112485455135723,0.026609018555473856,0.32144792962809016
3655,0.026195366383024343,0.0217050898564866,0.22403500997189696
3656,0.05359560017065674,0.015108658952236736,0.14655928373762622
3657,0.08089719460992414,0.01750671967298604,0.08242170777911288
3658,0.06169079433399761,0.03612796304265851,0.1352349360770295
3659,0.064707600503805,0.05381895609829231,0.12186986373432275
3660,0.038814972572130714,0.04933379127225663,0.10021686093871043
3661,0.0330388955647955,0.05388523224880501,0.06332507266070397
3662,0.02429655168627632,0.05137582418456924,0.04459288498508618
3663,0.007885793926455326,0.04247257740551179,0.08195203892404182
3664,-0.003359028082168589,0.04659148367037582,0.11378608631346024
3665,-0.02140544174513504,0.05321120591002994,0.17118130923523053
3666,-0.010945811392134366,0.06486303981367374,0.1844068876945681
3667,0.02371445386356648,0.08870786217128766,0.18012014494857137
3668,0.044771104883539595,0.09995035171058746,0.1844174083498431
3669,0.09496247165386183,0.11144890057454325,0.10057296175896692
3670,0.10999019388484223,0.10377172075170275,0.06924791197031266
3671,0.12517175410131062,0.0903155890777485,-0.01894879882244163
3672,0.03133114962561371,0.07293954250548668,0.04541535571148509
3673,-0.05708214642802331,0.007078554270661275,0.034553218397972305
3674,-0.11862457143613546,-0.011457917622157913,0.0554980414625556
3675,-0.07476167219712383,-0.014819204702984983,-0.05994241886309765
3676,-0.015932456133580915,0.0009940756550986193,-0.1331076228888196
3677,-0.004369560696241915,-0.02925566530240221,-0.16759109740304043
3678,0.021659045754432095,-0.06447312654368263,-0.25611710839237595
3679,-0.015145720919423858,-0.028025705102962623,-0.15987234259004204
3680,-0.03310165355306206,0.03146132234699201,-0.10246021134427975
3681,-0.08225981643036262,0.06890031131651425,0.1131606764262171
3682,-0.035269652366105304,0.06942507254554615,0.09476634385298117
3683,0.022614722795975817,0.04659176163340514,0.05916833479121746
3684,0.07590842585702964,0.05294390538761597,-0.01380986922340069
3685,0.12247568472557595,0.06190376824297962,-0.08936390314561612
3686,0.14970674350452012,0.06674612598263639,-0.15450995381785415
3687,0.137673653944789,0.0693221313891442,-0.14698471822054815
3688,0.03498869459982493,0.05453779570191018,0.01226302103281031
3689,0.026024267953384042,0.024352554271145084,0.17470367760395691
3690,0.017130308019384456,-0.007483209422471836,0.3268693514767264
3691,0.06702251443552204,-0.03711112721012267,0.4412999032782516
3692,0.025561061970456662,-0.049817796069159946,0.5746885947824393
3693,0.01671092494997441,-0.0724839604378682,0.6197373566632423
3694,0.025226879499851366,-0.06624731977108712,0.5780729737906718
3695,0.06383478301657176,-0.02524625437692926,0.5110485564469451
3696,0.00047563963317439245,0.007217980226404403,0.5164777059781314
3697,-0.019362870927121134,0.010162619968331642,0.5214055952088211
3698,-0.098253828384603,-0.03167193997662149,0.47890134501054793
3699,0.021677225281382485,-0.08117581351078867,0.282716834620419
3700,0.07724714602122125,-0.15504508351866017,0.22116382403284907
3701,0.20368900926486885,-0.18940718402136578,0.14647626714481718
3702,0.17029920045563873,-0.19827701313098686,0.38391293598738824
3703,0.11088246635275976,-0.1391645585173173,0.5549997350124226
3704,-0.006018362083436923,-0.08560094425885945,0.8189199649169479
3705,-0.010208799031802726,-0.038065372733729064,0.8327220014188529
3706,-0.051201064209107555,-0.022049784437336156,0.8495906722822684
3707,0.01894548779160344,-0.054792947675682685,0.7760765400346084
3708,0.007678206447953413,-0.015367946184367319,0.6657347502978437
3709,0.04229520449576818,0.018525348458659358,0.6490161901112173
3710,0.01598110954580838,0.0896436935823126,0.602566724691199
3711,0.012796636395632766,0.08720585464318063,0.6790259224205875
3712,-0.014749401528503268,0.08769822243571668,0.637746279077109
3713,-0.07461139603612137,0.08640002811258171,0.6614627211707202
3714,-0.07578779713710358,0.07824134752185699,0.6409553212984336
3715,-0.002301180237404436,0.09417942850271452,0.4636702158067382
3716,0.09225613869776754,0.10656738262971735,0.26973232475430176
3717,0.12011972892694872,0.15262468239083066,0.16927480365673944
3718,0.1078998820049955,0.15748539267274675,0.164096704281667
3719,0.0926775845129606,0.15658499926404007,0.18969342483494958
3720,0.09752491681365671,0.09360709529286253,0.04133165896292964
3721,0.09278569480729476,0.05652414609840147,-0.10031475876780108
3722,0.05841719176828046,-0.008064781985904436,-0.18591724054521178
3723,0.010031593474389722,-0.004934486126195382,-0.11513322675798775
3724,-0.012848088090912112,-0.03188385578057245,-0.011105417647482796
3725,-0.019091792465381292,-0.01581190883610113,0.050736913217412506
3726,-0.002190822600032827,-0.03013640881208139,0.06321397530160568
3727,-0.02409267769851565,-0.04218934291368766,0.1693195741513701
3728,0.023247916310511,-0.029556760958682003,0.12169490210227327
3729,0.021364543651337012,-0.03635597583702791,0.15184811149027755
3730,0.09229920935236509,-0.052710955235371525,0.08083298418478536
3731,0.12365443583583569,-0.09261018441969711,0.08812350926153437
3732,0.1305561420521599,-0.08697062545428376,0.09343649811044065
3733,0.06257504178711315,-0.08225884798946816,0.17254388079421837
3734,0.017425754655997223,-0.08671313221525866,0.2042333962148955
3735,0.02063144503826632,-0.07230136883415317,0.2081919339664803
3736,0.07327657137392009,-0.07516547728076457,0.14955369257768975
3737,0.06858184018113783,-0.03919265776218913,0.13916504127753634
3738,0.11707631175295156,-0.05799525990796947,0.07699208215568058
3739,0.13446829172942237,-0.024689670390013744,0.005748891064356305
3740,0.1770002844338533,-0.005763008878085589,-0.030075674418222703
3741,0.1946309551632339,0.003028452043834453,-0.09900190315611983
3742,0.20289669975793845,-0.02658291185306461,-0.08314975429493596
3743,0.17215761535039528,-0.03405375199479756,-0.11763279514129696
3744,0.20761321693128468,-0.0010334691337358197,-0.26267089832687873
3745,0.23750898732963718,0.04284364778937005,-0.4354711004312469
3746,0.32523116759984705,0.06195008570714735,-0.5808115554312796
3747,0.3413078786639486,0.05140308536902185,-0.5893104602852414
3748,0.33067845792587114,0.032013241447556615,-0.5169624601690801
3749,0.24301252231551718,-0.02027256712801592,-0.3919923689466977
3750,0.13478644837219114,-0.05046350762062538,-0.21530781453474648
3751,0.08608877670283051,-0.04301751552446536,-0.18502435388173288
3752,0.0929533708428975,-0.0304069990528231,-0.17334075960389506
3753,0.10677746548811333,-0.02294929713408775,-0.14769229731722786
3754,0.09984034931022888,-0.03377069967461969,-0.07745333578923111
3755,0.148684603295447,0.0009253873023622115,-0.2194038035894574
3756,0.0996917100166964,-0.028792276717664038,-0.16907279346616683
3757,0.05002782181875148,-0.03944988189133658,-0.07716512036450386
3758,-0.07016695729602676,-0.10165619217007628,0.21219836358883723
3759,-0.06469151388210927,-0.08594850379671108,0.28017667555150233
3760,-0.06319831526474806,-0.10070983848576788,0.31256408607280706
3761,-0.05252269320175679,-0.06560973167141934,0.2793617242638481
3762,-0.05236781474975531,-0.060346832818858546,0.2267720955789326
3763,-0.03709452825170156,-0.03851586849560083,0.18208128889948433
3764,-0.0059127746068864005,-0.036186913234894674,0.17118995736532586
3765,0.03012176890474141,-0.03343733002709453,0.17228021026323467
3766,0.025261381456919474,-0.03349363470809475,0.16699685663564146
3767,0.038177972943220555,-0.03557653713016922,0.10229335967889053
3768,-0.025854406671027865,-0.032040638288473436,0.12879232184488704
3769,0.014882720205167841,-0.05105468865698579,0.08098055589897309
3770,0.02167967385927401,-0.04081341495222684,0.04570151675534967
3771,0.112637078398453,-0.024618835041052795,-0.11299668193835874
3772,0.15031125462110553,0.009434554340905505,-0.19746607204435718
3773,0.1769070353538967,-0.03249873215933716,-0.18115595990395744
3774,0.2054435199977337,-0.0727067870187939,-0.15286300730421068
3775,0.18528659170527992,-0.09048740893201813,-0.09622030204279577
3776,0.24906960373088188,-0.09748720506519615,-0.13703656078404305
3777,0.26322997964552625,-0.10742827300084398,-0.11855362762372823
3778,0.3602931042710655,-0.14426596788048368,-0.17131121448557815
3779,0.3399524104159837,-0.17189947434795455,-0.15853677165451957
3780,0.386798729483405,-0.19504847964141858,-0.18598265926549984
3781,0.3652557669911014,-0.16842520006824957,-0.21062189552335606
3782,0.42552271757860044,-0.1246282023471261,-0.28498724632052314
3783,0.3897819119289658,-0.07091298110054588,-0.29738964214237007
3784,0.36756832613969975,-0.05881682284173739,-0.2682285608683773
3785,0.35787459964233487,-0.06597143570377662,-0.23321685636404071
3786,0.3943670663128998,-0.09944887204721314,-0.2208361369796979
3787,0.40860196352878003,-0.10038916726627019,-0.19864663568548918
3788,0.40296061046852977,-0.09586946633942726,-0.1885707532742396
3789,0.41962748169332,-0.09204348640945657,-0.20194412530805694
3790,0.4428224286163951,-0.14241928697345838,-0.18874343775719418
3791,0.44758482066282707,-0.17969854202229682,-0.1294151789736863
3792,0.4151159880829722,-0.18794082898646505,-0.04019872608895917
3793,0.39608015029230065,-0.18800759921547122,0.009138590244985888
3794,0.47515857181939164,-0.20578281903354403,-0.03634136754144825
3795,0.5931244248547348,-0.24097692568870366,-0.1556963912526415
3796,0.6737554557696316,-0.2556742816866603,-0.23441155892252183
3797,0.6675613241840098,-0.2967744828190175,-0.19677538090610341
3798,0.7173184721109205,-0.33640007771024444,-0.1719490378372177
3799,0.6994349740265896,-0.3587340672752372,-0.13453645796490463
3800,0.6878390182839103,-0.3675220157938934,-0.12542876685389306
3801,0.5756792035364934,-0.3562357147189823,-0.05240237537146335
3802,0.552509381725473,-0.3803717761522158,-0.0019312688534080219
3803,0.5550031813034884,-0.37938529046459146,0.004670802401454517
3804,0.5335100099316179,-0.3566395928420009,-0.007652998258412994
3805,0.5272946428583468,-0.3225916493464407,-0.0437424724010907
3806,0.5436371861225301,-0.33822251800967273,-0.06446554840697677
3807,0.6140428668685568,-0.3731017382325525,-0.10405107696816485
3808,0.640656465798273,-0.42514112277016003,-0.1183744599800983
3809,0.6044924919515322,-0.4315334350560755,-0.10182506592895044
3810,0.5446519371594354,-0.41642197414010296,-0.06324486908227275
3811,0.5393928101451302,-0.39498316465290584,-0.0422184704175491
3812,0.5769957929687423,-0.3888915871915565,-0.0492394090701358
3813,0.5951208627513674,-0.4144508618774528,-0.04952877464223922
3814,0.6118307277109022,-0.39385132980374593,-0.08758189200317618
3815,0.6041005316224614,-0.38032595488013105,-0.08044562256786837
3816,0.5800382958495859,-0.35117015617978214,-0.0902245443051223
3817,0.52110522098083,-0.358563110803482,-0.047747443568430116
3818,0.44974839864521354,-0.3567222514811985,-0.010049028163138988
3819,0.4496034679919016,-0.3890589717120077,0.026661252591378352
3820,0.47159050103589134,-0.39594546996963986,0.029044493302858274
3821,0.5562666252397247,-0.42458714425841715,-0.004604511441538766
3822,0.6452320053959705,-0.43568965933862475,-0.044562423377284006
3823,0.7161562643923791,-0.4363197823401688,-0.058230183070082334
3824,0.733545682683163,-0.44622669838254136,-0.01855364290650637
3825,0.723507205889578,-0.4338053745761449,-0.006303828979508812
3826,0.7169775265551568,-0.4597664388930128,0.02563170305465515
3827,0.6921524511492875,-0.4510421596059832,0.017370827649439913
3828,0.638082401684799,-0.42703068684602885,0.010880654273481298
3829,0.5839397667552791,-0.39124203641937083,-0.02372666923559099
3830,0.6044750355761238,-0.3713661268829088,-0.14503472606229104
3831,0.6698257634100923,-0.3981267415569827,-0.2514162743042036
3832,0.7085783815817771,-0.4351053857946271,-0.3081924036706115
3833,0.6901854884850457,-0.4084817091812734,-0.3046432399832719
3834,0.6834346713065951,-0.4202132605960426,-0.25210846090034306
3835,0.7261834345264889,-0.44285979187383523,-0.24204942828274467
3836,0.7529244937246482,-0.5304827954716598,-0.18296272923114637
3837,0.7545061505173528,-0.5155239371648397,-0.16425140052194948
3838,0.6504561901837803,-0.4560572767660872,-0.07418326162907851
3839,0.5478047767764055,-0.39503484440545544,-0.009225573375648888
3840,0.4778261321527264,-0.3761556172621233,0.03236527378603532
3841,0.4129880258084504,-0.38140647532648725,0.06003346244214218
3842,0.3512693645321793,-0.34931110246370567,0.06478856470136173
3843,0.28637295666835055,-0.3102946594175543,0.06918880946666424
3844,0.21766291391827436,-0.20955386132152398,-0.013554083179065849
3845,0.15367554666260436,-0.12489948438202994,-0.08445089901361699
3846,0.05782244097913906,-0.05459405797909785,-0.09650428069117739
3847,0.08496458646750109,-0.08393530080446612,-0.15156242227223626
3848,0.09153173712310662,-0.0932710366731541,-0.1655776834603869
3849,0.1708944906499545,-0.09433092301672105,-0.28939723387367905
3850,0.199878193605809,-0.04850205305961305,-0.3275966133086143
3851,0.2762524672292096,-0.017007057038601257,-0.4579875212466653
3852,0.28638734536575683,0.023553410444314082,-0.5155726882445805
3853,0.3098148442254473,0.01651166548630007,-0.5810242318510679
3854,0.35960051170209045,0.00993300570988257,-0.6268358600560309
3855,0.3631350315342546,-0.027445606848717496,-0.5773255675632728
3856,0.3739067186011683,-0.018936603381785762,-0.5424641874125495
3857,0.35451260952744457,-0.021570382925757126,-0.4965722522922178
3858,0.3510979525029983,-0.01448100184570364,-0.5135400728552026
3859,0.3808318750615985,-0.03928259707066501,-0.5268596090872345
3860,0.39533927867981816,-0.0637086702913566,-0.5025081977420178
3861,0.4473321330079168,-0.0821106155907667,-0.5302430628584625
3862,0.4362277381853612,-0.08228963600159449,-0.5431065935523386
3863,0.4423236806432886,-0.08064895440821698,-0.569324146436333
3864,0.4175646025556114,-0.041472518776294896,-0.5855152311128335
3865,0.42348564831923624,-0.0005134730299198316,-0.5682948237481097
3866,0.4128165672924408,0.02413824928770542,-0.5539798880435814
3867,0.4205996816669703,0.01274368745279738,-0.5007159780562024
3868,0.3556609257763769,0.035174460430346915,-0.4240935862009261
3869,0.257654164057063,0.06176751989878248,-0.3141594381586628
3870,0.19182552087582042,0.09876659872665294,-0.26254894977635096
3871,0.1877952159502486,0.1088402661195884,-0.2774884319767753
3872,0.25485225350755186,0.12953708765233202,-0.38820276020655897
3873,0.2825432651973219,0.13640527241540623,-0.4607082545529873
3874,0.32379720730669465,0.14803491332345625,-0.5402243213344858
3875,0.35321904879803584,0.16613318610479885,-0.5880004001467513
3876,0.32345635901789754,0.1729385143222002,-0.5249105711548464
3877,0.2392982820980155,0.1614923845584227,-0.3880772632181186
3878,0.1443261523284611,0.13768237585041584,-0.23658405377175
3879,0.11590978412665574,0.1256359612508405,-0.18690352925571477
3880,0.09392205895801478,0.11792090937669687,-0.1791508873667613
3881,0.0716587357015044,0.11320225499850511,-0.1548712462323709
3882,0.06004185551865106,0.11557384621066163,-0.157683268517005
3883,0.06753526295226056,0.12170402061081621,-0.1719742624725404
3884,0.05671499552357417,0.12088308182615623,-0.17446764676724272
3885,0.04640546868932353,0.1187672178787983,-0.16324686614019138
3886,0.04926342331014453,0.10829462129772294,-0.14934948220977765
3887,0.06946301863896227,0.10454509474650302,-0.14931519457594494
3888,0.0527474374623606,0.09581064850108394,-0.11561932160067637
3889,0.2086088859474912,0.06670552872061905,-0.2567596980400317
3890,0.47267748840015117,0.027858325778302346,-0.6275290667053982
3891,0.7254281983724845,-0.01749597462811117,-0.8641074658911422
3892,0.7157144642099256,-0.034457632808144754,-0.7951275205921382
3893,0.5638623135777184,-0.05174122638159823,-0.5099877381115661
3894,0.40247040504874054,-0.0687783486234309,-0.34909070156019534
3895,0.32683605217093153,-0.04780594290694473,-0.3505123790339438
3896,0.2522719820912896,-0.004179528908410536,-0.2913376322253033
3897,0.2312375856301156,0.04416979664150612,-0.2506887455456192
3898,0.1954258000361752,0.034276011367948805,-0.19724965370306288
3899,0.20223666612881447,0.005881775604725895,-0.17940233786402088
3900,0.18316361201932296,-0.01889227964037347,-0.16628865793348166
3901,0.1635265836221713,-0.005986162160974284,-0.1721591560173951
3902,0.08949572620473206,0.01418734168893287,-0.1488918309375493
3903,0.041783985942446825,0.028709608884140272,-0.12948649163720002
3904,0.00978760654936154,0.016477234759521113,-0.08726484463817816
3905,0.034098284544905315,-0.0019455537941222916,-0.09490121024715081
3906,0.07799648139848828,-0.028244313068801742,-0.1669933932005052
3907,0.2032952727314739,-0.04254193694447715,-0.28235805544534154
3908,0.2878277455107641,-0.05287716511116,-0.3385842020741178
3909,0.3799100204436458,-0.09557204092267074,-0.31489083345846436
3910,0.43797789406911625,-0.16009963842384922,-0.2612260919295631
3911,0.4745873981361277,-0.23919096181102278,-0.231521013414071
3912,0.4145009774644245,-0.22401192608235207,-0.16401198686741578
3913,0.26844582146717666,-0.15761840824056034,-0.04131429435813757
3914,0.19088288989899485,-0.05176903148397347,0.02190133443248436
3915,0.12793683640076564,-0.007766286993489755,0.05244065459084855
3916,0.1419800203687662,0.007196111910547516,-0.026303813414577416
3917,0.08085940254768592,-0.012785951251093297,0.0028966526413927475
3918,0.0636625226866035,-0.022211045219586324,-0.002306642219227075
3919,0.036206682417422434,-0.06922878033629955,0.07770108470823199
3920,0.04599006510957753,-0.09595014895985343,0.08538351524563663
3921,0.03315418545648352,-0.10958627247500947,0.12337149955729868
3922,0.06090737642075078,-0.12500882305698915,0.12099275481142739
3923,0.09737909273274702,-0.1529403295448229,0.12235989853988517
3924,0.1706178395669279,-0.1575732295318529,0.03855140067135485
3925,0.18940787581597984,-0.1434100210082662,-0.003186124470660056
3926,0.16430346873208737,-0.12658375452025966,-0.019168306550435332
3927,0.15819278377657012,-0.12644888686956643,0.011140112571451238
3928,0.12257172652047184,-0.1303268463215073,0.034664686572639526
3929,0.10569447135406927,-0.11904797453869345,0.03552035666448767
3930,0.014613655340277771,-0.08692078503597354,0.06844240031961565
3931,-0.02482502902777405,-0.06097536634740263,0.08352319434809995
3932,-0.019949015098292132,-0.06158979713377706,0.07972669856118211
3933,-0.0008638430057057886,-0.08002795006257751,0.0670335357099099
3934,0.02291238981743469,-0.09256957913332763,0.060486840263834954
3935,-0.013173133190628026,-0.04197812964199512,0.05109596515316697
3936,0.016300420404517034,0.0005295058405332874,0.015890655826485627
3937,0.03729907789093654,0.012081145611438332,-0.029789089840945693
3938,0.07663947215895092,0.00011581236752016519,-0.05460740768032379
3939,0.08484401650352628,-0.031109492230849987,-0.07036975696281263
3940,0.1286061310858401,-0.022628999783770712,-0.07571751649697325
3941,0.18775754378611864,-0.04093469035705772,-0.0929906126882578
3942,0.21688524758409258,-0.02697981286487703,-0.10542723056528597
3943,0.2562147585470435,-0.03785631163879654,-0.09432638534931219
3944,0.2813406679328851,-0.039434268808693974,-0.09251670625820352
3945,0.2881302445167871,-0.05182878122317119,-0.08073365811697165
3946,0.25581768954598016,-0.03291668599028374,-0.05989684671219373
3947,0.23636772400591163,-0.03220458698152296,-0.03153728606288314
3948,0.25814159269941955,-0.015384205371620368,-0.1066193936229368
3949,0.2589727283881558,0.003591147777121148,-0.1918377212676678
3950,0.2527524078662846,0.022957979377337345,-0.2631578880958538
3951,0.20408658577746525,0.019451237421035415,-0.22075333371435032
3952,0.18240336867362583,-0.0007734301741042189,-0.1858569621765389
3953,0.1415557040767971,-0.0010941052920139256,-0.14549288210064226
3954,0.1350236246696343,-0.0005787418734679264,-0.14270507752748224
3955,0.11807996739446128,0.027895527204944783,-0.13490994413690258
3956,0.1289717110567685,0.034667452317833504,-0.14552789744331426
3957,0.134835026916331,0.08793975738592277,-0.14887144195266772
3958,0.14973601900703762,0.10569817071965844,-0.1499552318237537
3959,0.19037565858055344,0.11225095762015112,-0.15513580227842805
3960,0.2510820614302435,0.08239267341523127,-0.20460282595090146
3961,0.3052748311563916,0.057595784148795084,-0.2587169471317077
3962,0.31599628999715745,0.05827797207549018,-0.28912937720028187
3963,0.3092528003496149,0.06791276182311451,-0.25082649996680145
3964,0.26370816074108316,0.07448107086047658,-0.21793097268350783
3965,0.23361749436662355,0.04740558403192851,-0.18892775394807096
3966,0.19399258158265767,0.011275975442879038,-0.17522711142327485
3967,0.18886500344464258,0.02442641405073411,-0.1630681738445438
3968,0.17508759762442153,0.05380391143034892,-0.14024013619105083
3969,0.20453282775864517,0.06540605777873514,-0.16100556590063678
3970,0.21114944569581381,0.050747914860372764,-0.20560234934989935
3971,0.24730085358241305,0.052110567109427394,-0.2685304025369424
3972,0.18117513100285124,0.06498465261702001,-0.25103334761721074
3973,0.16034073694198317,0.06758730602145241,-0.21996437889111767
3974,0.13500755811786494,0.08080718205825724,-0.18155261158608887
3975,0.2767349646784517,0.04445630977998386,-0.311209718582479
3976,0.38127904175404215,-0.006888407608605344,-0.4111527747751829
3977,0.420299153976309,-0.0413631966952625,-0.4320138474278367
3978,0.3204397245564545,0.01945940456225321,-0.29448736868865183
3979,0.23971379039632698,0.04653309488700919,-0.1679651637522631
3980,0.24076367148895553,0.044396891249436736,-0.15160087563662408
3981,0.26315233647694,0.006838732549929101,-0.17281167017911134
3982,0.2806879557114354,-0.010189807000997739,-0.1988560566508754
3983,0.25678787203151054,-0.042958021222443216,-0.22745573939035657
3984,0.22300895056143527,-0.04468962603208584,-0.22258862103129978
3985,0.1892043515354554,-0.036731201941882695,-0.24275561482351174
3986,0.13067692634482647,-0.009941479005356343,-0.1735211594450693
3987,0.08263814610207361,0.00929925363058963,-0.10716312292039697
3988,0.05226848382348472,0.048753546063987185,-0.039293135321496565
3989,0.051162286261085044,0.09884655524007352,-0.032870307916510785
3990,0.06949850970792823,0.10613448940994336,-0.04285000511102588
3991,0.07478822264233001,0.11068905868663557,-0.040588439636026555
3992,0.07153692626693632,0.13010926473170345,-0.0292371771977046
3993,0.08475361506573918,0.13648847884340384,-0.030595489139751346
3994,0.09952844118447456,0.1364535486963781,-0.04346337226306622
3995,0.12108681616118465,0.14115152534046643,-0.07660331621613649
3996,0.16244385887020332,0.09813338282907168,-0.139957773800773
3997,0.16902027422827254,0.057761065176454324,-0.15102401178112632
3998,0.19722162266950918,-0.01046739101560649,-0.18913073829215746
3999,0.18407528882694518,-0.04068441167264688,-0.17570153625673132
4000,0.17107797554308507,-0.03989608824235882,-0.19268481037564916
4001,0.13393928864368834,-0.0024859934843023276,-0.19378973898671178
4002,0.15650301670641495,0.03287243743874657,-0.22855157767863737
4003,0.19355416016720464,0.05241338111202793,-0.2600315593531914
4004,0.22856584619250986,0.07611864954461246,-0.2869987356200813
4005,0.19624221767729635,0.09660008797812981,-0.2599320350032663
4006,0.17158683536879715,0.08972884657763612,-0.23339137970405924
4007,0.1654522963849926,0.08355914781105753,-0.21077625280050785
4008,0.17132356065603616,0.08510591805838204,-0.21546132070919424
4009,0.18123884771139312,0.08622065817932509,-0.22521562112187782
4010,0.16639606927454856,0.08194649216523334,-0.21698267804394092
4011,0.15065564498006562,0.07631511847504775,-0.19811336852341607
4012,0.13549828653943224,0.07022897891407566,-0.1794950560509515
4013,0.13975352351050635,0.07041486436943187,-0.17704923791101412
4014,0.14192704310706936,0.06905395223026703,-0.17393928025082867
4015,0.147061751686781,0.0707770431060928,-0.18310262324351037
4016,0.14035767124723875,0.06705182451942704,-0.1741699625793685
4017,0.12271273915337018,0.06409871753663338,-0.15396909720572485
4018,0.10998549124034708,0.05957771450114336,-0.13960807267372244
4019,0.0830830867944702,0.05788472300042247,-0.11489171521641404
4020,0.09063262543494083,0.05791469161640313,-0.13668191444403938
4021,0.10607598347772339,0.06135084966943451,-0.1556654372336063
4022,0.08566642455812531,0.044371820676508196,-0.14042277979371182
4023,0.10642348516987134,0.060538302189948864,-0.1461459741226049
4024,0.09465544483517321,0.06060418077945938,-0.12795292212651987
4025,0.12761504209266886,0.07787914850596271,-0.15822402043128747
4026,0.08061199882732638,0.0521111683673911,-0.11682646643121973
4027,0.06118553385612015,0.047154240937160134,-0.09878775778829907
4028,0.05168276718907907,0.0367344223726315,-0.08501833237703396
4029,0.07569202869313543,0.044234709058882424,-0.10728181871424136
4030,0.07660465398453067,0.06043067132058232,-0.09405028740833844
4031,0.053174497848118354,0.09284123599714177,-0.04880623624475364
4032,0.08435163449381532,0.11552597512679076,-0.04840719443189706
4033,0.14691929048739805,0.1377409039835057,-0.12877582211174815
4034,0.22781370232202922,0.12284939042523882,-0.2485552159162409
4035,0.21429326272586854,0.1292067146295738,-0.27870183123535897
4036,0.17291987332759418,0.1151833417777048,-0.23209296143022057
4037,0.1600469997174045,0.12920869560722367,-0.18650453615942922
4038,0.13584528666399942,0.1283709041473229,-0.13981236744386932
4039,0.13261877717074208,0.12586643993467603,-0.11544650181261876
4040,0.11360930109882911,0.1197414747494917,-0.13932424700795196
4041,0.12578569389316133,0.10818658691860947,-0.18503237618892976
4042,0.1546439785589176,0.08669698227977361,-0.23487988763729237
4043,0.1713878224804635,0.0817038949052826,-0.20976277408585142
4044,0.1661156695543818,0.082610317141239,-0.20837317586008894
4045,0.13446477283535532,0.10065058835965858,-0.18083385139044286
4046,0.10178146323642122,0.1093615809684645,-0.16082027010271707
4047,0.10119551648052473,0.09692669647851293,-0.11931810998160933
4048,0.11392137680178711,0.08743019829381062,-0.12550540607379182
4049,0.1193620496253812,0.08466868605594419,-0.12739356455089762
4050,0.12092283753475672,0.08546054404745516,-0.14215092001736196
4051,0.11710383663104604,0.10279313095359825,-0.1352766448006561
4052,0.09749294664661269,0.1007427869884994,-0.09451719467125555
4053,0.08215371996513984,0.10825601860160108,-0.06866283681849238
4054,0.06538931658352788,0.09887266247078288,-0.04370125630477583
4055,0.05479596356159717,0.09372565523157977,-0.010475384148340745
4056,0.0595085663270924,0.10276894860503626,-0.027290326703964692
4057,0.059478810500884154,0.11458490940320526,-0.024487309522968997
4058,0.04612161442988093,0.12163525153160902,-0.021199268469825033
4059,0.04090565861565993,0.1293561861455166,0.006549005855881998
4060,0.05191345186676974,0.13103363293134926,-0.012607241886479787
4061,0.07343421188508249,0.14035708582666825,-0.04650865679721065
4062,0.08473505919166917,0.1267039802759038,-0.07148679537659282
4063,0.06837489005600328,0.09442860706571975,-0.03655412320728081
4064,0.05477099650836435,0.05884414212142917,-0.026197103921721768
4065,0.022876897919278345,0.02422580144849835,-0.0006020229588166037
4066,0.020914706107526052,0.01374250750472368,-0.016325481373761618
4067,0.018714586299360538,0.038972846502248686,-0.01923209139267127
4068,0.0448272971442841,0.04203787544752263,-0.08222627043801689
4069,0.07495376599523264,0.046837875865649733,-0.13480716893344333
4070,0.08755315690229261,0.02108467536720893,-0.18343584748130745
4071,0.060049248133925606,0.013728745532147832,-0.1294861169246982
4072,0.026684793841711824,0.00025595635635910694,-0.070807419014213
4073,-0.008192229943757658,-0.004413962833628723,0.01195166299755702
4074,-0.009977651869357371,-0.007764580029614885,0.018191001704006456
4075,-0.020757992592037176,-0.0012697775485665931,0.010478015487387844
4076,0.01990831271854812,-0.0006471193950510476,-0.03632991538673633
4077,0.015660542878062667,0.0040481809574578,-0.028609604494387254
4078,0.024688810635591446,-0.0047956871694392784,-0.03676106833917662
4079,-0.004307255968714139,-0.011812363628611945,-0.047995992659283664
4080,0.01794372245339434,-0.025480612194686312,-0.09127898267238439
4081,0.04214897254764647,-0.032897856193212935,-0.1541890278723852
4082,0.03954321696835608,-0.042020359761650646,-0.14298837030337705
4083,0.029813339801969332,-0.04309992356632103,-0.13290618691652473
4084,0.033842073188632034,-0.04446265722559301,-0.12123901879906453
4085,0.037275608287522057,-0.04941126390372815,-0.14040679650916701
4086,0.05363863534700308,-0.05021697173151227,-0.17463108905891064
4087,0.036141084016516875,-0.03552155984400353,-0.1263187480492652
4088,0.029688973082537512,-0.012929225567237631,-0.07454276726890743
4089,0.0046930834042001775,0.0021789852376771675,-0.007624696343166086
4090,0.00476380374336921,0.002179549483209607,-0.006980871542438379
4091,-0.004208458115509082,-0.002144000112352461,-0.001493074899445086
4092,-0.015990396934754,-0.008553711799721754,-0.005058674412900429
4093,-0.02505378768036431,-0.009090681803100445,0.01127265537367874
4094,-0.02986302720854699,-0.008619076681392392,0.018524120118100066
4095,-0.024205433848792517,-0.006655356012107633,0.023027589324043186
4096,-0.025860826293263084,0.0012280250508521773,0.022076612501609735
4097,-0.038222188448928655,0.012444112074026518,0.03336834272844433
4098,-0.045629897599333315,0.022003967448290362,0.04145664191513918
4099,-0.02351849110715329,0.012928477720531961,0.009781960450665482
4100,0.0027535570580498286,0.004441594876972965,-0.025755325037796924
4101,0.047646121692874854,-0.011982704396269318,-0.07883466384919842
4102,0.06497062563454714,-0.012610511308882553,-0.0891849974678071
4103,0.07701434214092594,-0.01316748712787209,-0.1020926828669602
4104,0.09765228678650331,-0.013004774801378767,-0.018961673664862174
4105,0.13424049141513522,-0.04220398957688896,0.08516361698410932
4106,0.16071344210457222,-0.08245059933854557,0.1666017781307306
4107,0.18946777831355086,-0.13756582468609949,0.10625892757493699
4108,0.20817165098727872,-0.17929462000631155,0.013375074512439383
4109,0.40061079712860975,-0.2537948525099675,-0.30713900000451017
4110,0.47283103084158545,-0.2764683197311779,-0.4478478099313543
4111,0.5556820420497998,-0.30060224814025766,-0.5403481569517227
4112,0.4363489438086399,-0.27526221287698055,-0.3671340970537187
4113,0.38209012680691706,-0.26608826991039075,-0.25812181331038164
4114,0.29692454230052645,-0.24994499491989172,-0.21026387986545797
4115,0.261507045809836,-0.22518951371931337,-0.16089160820450862
4116,0.1543529297617848,-0.11382136278720476,-0.10980401185953928
4117,0.10072239044946911,-0.0008110966760163441,-0.09697111770495662
4118,0.027496877979037094,0.08522496458205242,-0.08784711577451529
4119,0.058696437133261795,0.07768904915204916,-0.13992904380255108
4120,0.06148335226618927,0.05768590977489487,-0.17260011444592663
4121,0.060386879056561774,0.034846924473707276,-0.19159173909881758
4122,0.05464801902074987,0.002407890629706039,-0.19894735873674899
4123,0.04973156431034082,-0.0017416345908375212,-0.18983383944181403
4124,0.06437020348178527,0.0032739734972091882,-0.18817164524425684
4125,0.06385872118947289,0.01952085947563554,-0.15598401795349093
4126,0.061566558703179584,0.022194766496367663,-0.11647604049369491
4127,0.06432149985674751,0.0298248376002912,-0.09288631020769886
4128,0.0810812425689416,0.027545355816331017,-0.09772193913442671
4129,0.06623785630329307,0.03615380169314725,-0.08579702932737676
4130,0.05567160634600739,0.05048716642226511,-0.0701803203385807
4131,0.04551660475176492,0.06727808034614786,-0.059089084755298435
4132,0.07282049419359665,0.07345751822835062,-0.08156596146838217
4133,0.05138049794214306,0.05807914119744159,-0.05856730659484429
4134,0.054999548327290794,0.051575011559772566,-0.07010952885383032
4135,0.06611211402385786,0.05704904952646011,-0.08747449449230493
4136,0.12086592887008792,0.07256403560865218,-0.14830285772284177
4137,0.14364397561449926,0.07500990278681123,-0.14897620791808652
4138,0.15644193868586811,0.06075806034931741,-0.157387777313216
4139,0.15203345342884333,0.059009240969295655,-0.14895547233888332
4140,0.15035017526665445,0.07264491727693277,-0.18313029259305197
4141,0.12460414133543991,0.080830312419868,-0.17742052223537264
4142,0.12720279950886018,0.0850767617247918,-0.19614174301023352
4143,0.14192882833411308,0.07448356452395365,-0.19469543127377717
4144,0.16669603094986735,0.0725666619825794,-0.2096338733464466
4145,0.19073098942660602,0.08101710799105243,-0.2340748888228676
4146,0.17454707193531752,0.0840353908405637,-0.2187215096354441
4147,0.17217851433968773,0.08995105328986622,-0.22056672233487545
4148,0.14781481479237216,0.07614051793034032,-0.18768269064879933
4149,0.13964063940557178,0.07623084808233613,-0.18395360747115364
4150,0.13718801719471815,0.07514050909519888,-0.18110699650066214
4151,0.20544863341281927,0.09330390994754906,-0.2476772637948457
4152,0.2296461144507787,0.09884721046786861,-0.2677003572901054
4153,0.24158048443446997,0.09893881605250195,-0.27349039593290764
4154,0.1875443378496929,0.08486450526007583,-0.2199747002331792
4155,0.19165895159683485,0.09349656960053093,-0.22070082303259436
4156,0.18708244824570452,0.09667598097730931,-0.22345061730126656
4157,0.1690977840154896,0.09240495518075613,-0.20833509024165492
4158,0.14503714745907684,0.08086446991951,-0.19367192364063043
4159,0.13457287242264365,0.07695731559621509,-0.18267830751133193
4160,0.1275437468606597,0.07904638798585624,-0.18258149080951266
4161,0.12289291567757045,0.07658192763569778,-0.17972591707105187
4162,0.12262515978398861,0.07803289178397003,-0.18257088747550354
4163,0.12605661331030255,0.07285473816954628,-0.17618882673100497
4164,0.1465585678689542,0.08444011177101442,-0.20315930795993334
4165,0.1708690958920406,0.09970886860245314,-0.22273408206645565
4166,0.19526275383646197,0.12193665049880052,-0.24755100150198056
4167,0.2149191854532816,0.1370555236640733,-0.2554925997535177
4168,0.21942988027400254,0.13323583983784384,-0.25293555826021447
4169,0.2851711930269462,0.1384453110192436,-0.3483604857350662
4170,0.29607809702018356,0.12220272939654214,-0.4040052430699439
4171,0.2808225279461901,0.10268510356192731,-0.4055929374003858
4172,0.20907734716172166,0.060988738033349525,-0.2822663111968926
4173,0.13717766137656412,0.03821424729535608,-0.16453886254858463
4174,0.08214010856592127,0.028628300714080866,-0.07144095792950672
4175,0.023041801667442807,0.032199605796566694,-0.03045153159096351
4176,-0.009559682184104391,0.019343731639551137,-0.012736049680834716
4177,-0.033660683834096,-0.0024190026645345216,-0.004100226306916201
4178,-0.006295291876417099,-0.01476936205574638,-0.03670406114822126
4179,0.030472532387802908,-0.015117342847092067,-0.07032606462298481
4180,0.019030283556208897,-0.015843969646602847,-0.07959612489861281
4181,-0.03171628068518999,-0.012398257889118072,-0.0221584468282193
4182,-0.10622046496895926,-0.022569034828527325,0.054382865965723004
4183,-0.11874501222823787,-0.02307076983842117,0.0786777098094509
4184,-0.12543319043842233,-0.02701207118771559,0.09233477871199107
4185,-0.10807487922527965,-0.013552732736984296,0.08943313450166414
4186,-0.08795164684088332,-0.006419247514280296,0.07616350703292554
4187,-0.07470051299013483,0.0019172498785580624,0.060644440985324004
4188,-0.02720387695654065,0.024552251820264475,0.013618798113180145
4189,0.022191154408131988,0.05176139042188418,-0.017386250608595565
4190,0.05867949265362223,0.06653303967052751,-0.044092438757852
4191,0.0676690774585687,0.07110076090576231,-0.04312737296782186
4192,0.0720267790759736,0.07797782720779813,-0.061102129704795415
4193,0.09221687201634327,0.08877044282109182,-0.08231386883232344
4194,0.09817023737975647,0.0794063845931945,-0.1002248347493689
4195,0.045382764494546625,0.04563788943802349,-0.06574463511910826
4196,-0.009131188580856155,0.029497096724828635,-0.0069781123593550985
4197,-0.05368026080410896,0.026562969296339434,0.051662179057951285
4198,-0.051042379767670565,0.03886968769438889,0.06481144403932272
4199,-0.05611942011330607,0.046909566026356625,0.07460053480522849
4200,-0.085447198793169,0.043346446425059554,0.07984816655022903
4201,-0.12100421928350123,0.04986537166068932,0.12390147611947692
4202,-0.12474977842303722,0.045561747430865204,0.09709375046893123
4203,-0.1057073459106335,0.04995892384091958,0.08580629963002488
4204,-0.060571282113988774,0.046938935628431405,0.011125995966902915
4205,-0.04827512267173649,0.047110986416571576,0.0018383376703208507
4206,-0.03496451798372094,0.03292823183299803,-0.04288696563329947
4207,-0.046505292856619265,0.03029831854810565,-0.019633108099245837
4208,-0.052485245738086043,0.024483433578549714,0.009495986762829943
4209,-0.04093680878530135,0.017453149555418785,0.056135895054522204
4210,-0.03215156139364264,0.014604615586791408,0.06987815575655272
4211,-0.023674960167943283,0.006923348890309059,0.07421020023248634
4212,-0.02965508987176734,0.040359979736979676,0.11929577655215302
4213,-0.03582977769094364,0.06471427337002802,0.15346553753148368
4214,-0.061300680671932145,0.10657225771955571,0.1837442698216978
4215,-0.07837560592664251,0.11971258898817666,0.18185456357089086
4216,-0.04298863791456111,0.11537314879328388,0.14674612584316576
4217,-0.030797190414957532,0.11150669672139177,0.13715919588767778
4218,-0.005575447818237644,0.08215285308635953,0.06540877880646441
4219,-0.047642890138286376,0.08391746352321572,0.08856638137124086
4220,-0.052977932322321696,0.08445793681911201,0.09548693513291935
4221,-0.07416325711415213,0.11087456296060967,0.1508045610508643
4222,-0.07541243296842673,0.12051548183862634,0.1559110192973651
4223,-0.08186165297960583,0.1402016926901491,0.1658938726110685
4224,-0.05804989397556696,0.1455032315601207,0.1248445255148378
4225,-0.013045024370804025,0.14662830013864747,0.022723230066240656
4226,0.03457867572348568,0.1389967826155617,-0.0950531447212414
4227,0.03805959636139183,0.13539913236013293,-0.1316970253616354
4228,0.009334236677015944,0.1324823514691527,-0.07439629002475268
4229,-0.015506352695428265,0.12567748802008522,-0.00863992498738968
4230,-0.029999370569748045,0.12050364691466936,0.036447861857294574
4231,-0.02709833250163091,0.1150035934529353,0.04382309181981371
4232,-0.008163416362115957,0.1220093254130182,-0.0033803139078246937
4233,-0.005674902176568316,0.1140699050129441,0.003740239690045873
4234,-0.01963792044330322,0.12197964399868386,0.02618547469302593
4235,-0.03702783889107873,0.10428335614072129,0.07346436871768529
4236,-0.014731612776989898,0.11817666038131179,-0.0080229984365283
4237,0.02225506589822669,0.12540816784072295,-0.10736516241440583
4238,0.04368904267284641,0.13811442498699678,-0.16154468370248026
4239,0.02952830325752436,0.1476103123281669,-0.09682837315568596
4240,0.012149441382639467,0.1486615122021235,-0.037898729223761675
4241,0.00328017149121649,0.15036507588882386,-0.012702336260846731
4242,0.018507851901223865,0.13202125996205172,-0.053057527810479094
4243,0.03947515328217104,0.11691033722233259,-0.08924664501533983
4244,0.04360889153515288,0.11867774844309173,-0.12527049483355993
4245,0.04877296182860128,0.11558978562930174,-0.15404048381169003
4246,0.04096539521664293,0.11650918956942512,-0.17617918959148351
4247,0.024067464378224455,0.11241222914506553,-0.15185495975742638
4248,0.025712909188285196,0.10742921951298119,-0.15009388959266676
4249,0.03079725105400157,0.10146321134161151,-0.14014822932292575
4250,0.032589161672588234,0.07860327137299354,-0.13292054192586136
4251,0.027022480822806158,0.07577236990059193,-0.11480906985818519
4252,0.024889313165434288,0.06145712124987217,-0.08837335513932963
4253,0.00912868672989885,0.0761317344866998,-0.03978840911462525
4254,-0.009901594868060814,0.06320359114856426,-0.004110638500908925
4255,-0.0007478840646893678,0.062190709224049436,-0.015138565326429095
4256,0.021852258115534588,0.05636728969275908,-0.06815882264897533
4257,0.02323191987575164,0.08031019812633633,-0.06950854626051241
4258,0.003529112166290254,0.0935110404960258,-0.04722179187950633
4259,0.009154735330077412,0.10214061705322507,-0.05196990845309653
4260,0.011704405366294869,0.102054539229295,-0.06706422266889221
4261,0.01342540457219821,0.10866917933207082,-0.06753309180752419
4262,-0.007837827184309329,0.12178566116484098,-0.02223238301173954
4263,-0.003156114068675111,0.12822321133771117,-0.019873497207562853
4264,-0.011934863609794984,0.13725329369386402,0.0018135645041434602
4265,-0.005788352162735908,0.1243472965614266,-0.013593582860398145
4266,-0.01023683787369787,0.1101565889969383,0.00697039705095182
4267,0.003494723451117463,0.09081014611825483,-0.020521553844740907
4268,-0.0058149122174426145,0.08661848756832465,0.015969950510309278
4269,0.007921295375339059,0.06867699874324644,-0.047133173432392886
4270,-0.0028726202906311266,0.05457147763718988,-0.0589255446717269
4271,0.043338233516997095,0.03721189120584335,-0.1738975460233174
4272,0.10097632657859751,0.01801617928342,-0.29384411659933646
4273,0.15035700945521704,0.027834622897143755,-0.35228363811938285
4274,0.11628874318549523,0.0131082159994751,-0.2973083538429154
4275,0.05097336057518799,0.034335056373946196,-0.14359970197435365
4276,0.013483621208740549,0.05027195549704111,-0.08683994191569894
4277,0.017382500080877716,0.09132456292181221,-0.08345723005031475
4278,0.012749922775823588,0.10500287862020721,-0.06890535497691176
4279,0.010546790117670062,0.09903571813023122,-0.022501698927073183
4280,-0.005527598419226049,0.06908981172784263,-0.01010749685343812
4281,0.0007219622019204706,0.07842209064475844,-0.017484100148003466
4282,-0.00949667223683108,0.10607857377931816,-0.008612399925399519
4283,0.008342589898446164,0.13973937381578305,-0.011743240051845903
4284,-0.03347960405546628,0.1267924571048993,0.04522458841513289
4285,-0.0644627176230043,0.07996407086553223,0.043396086410956235
4286,-0.093855845331514,0.06266166835283345,0.04802409899797073
4287,-0.0858368980793306,0.06651759376826508,0.046387978527615295
4288,-0.09060066786482676,0.05664845056610052,0.07686446592271332
4289,-0.09831701082661676,0.04976760287505958,0.10403171703392379
4290,-0.11971153472370599,0.03584995095696752,0.0902113946910943
4291,-0.08219098578030985,0.05979117468773762,0.036308421007546936
4292,-0.06752353904261119,0.07218975367770537,0.034843033559999556
4293,-0.07664549399414725,0.0683073738869002,0.09954262907955501
4294,-0.10012887018225884,0.05572500673778438,0.13550242655217473
4295,-0.1121687048618329,0.04547904136193653,0.1423643708819649
4296,-0.0034300490341020143,0.04661108669435478,-0.07405787239710479
4297,0.06055227880745401,0.04518298590394586,-0.18199376009028587
4298,0.12529457756252724,0.027197844028618703,-0.26751028415369027
4299,0.07798932031266932,0.02556416002739227,-0.18024017750541563
4300,0.08194565034026022,0.016622333183100538,-0.22443492621692845
4301,0.08572333857648326,0.036320414775104386,-0.23037266152569646
4302,0.09702464165732265,0.03855649347916373,-0.21110641571041175
4303,0.08085796549863251,0.0615163057513056,-0.17254779186491792
4304,0.05795873951499089,0.06744014983031152,-0.2128942219240985
4305,0.033281868067872464,0.0767535532169356,-0.23242705689565388
4306,0.0034553318206370144,0.07902058088947636,-0.19538769628546296
4307,0.0036597969461442826,0.09105063374403109,-0.17236829882485707
4308,-0.008164967383476825,0.1002756903237159,-0.1371293235961746
4309,-0.05339552869294482,0.08805741512760538,-0.05526298104878903
4310,-0.06616338995880813,0.06076173391822474,-0.027542244848860885
4311,-0.02433627608888649,0.059061605338103625,-0.09317459355697519
4312,0.020242222279632186,0.07854663529352716,-0.16582948816110776
4313,-0.007771958009437575,0.09177298279984102,-0.09739714173085541
4314,-0.04124828294319162,0.08962638032092377,-0.045676567789933044
4315,-0.040648271713123456,0.09111999746745861,-0.01297445287474106
4316,0.012302877450410414,0.0980340124534755,-0.11453349081673445
4317,0.011521759274081953,0.12610831170478648,-0.061674243812863926
4318,-0.008293402981986059,0.12084761435851417,-0.04706938935808856
4319,-0.05457324147670643,0.1185958144954548,0.030507368252202564
4320,-0.04985407326185033,0.0957365719571431,-0.03713930712532934
4321,-0.023868210418271408,0.08320251764106859,-0.11385755224745099
4322,-0.021189732264682116,0.08977244384480454,-0.11464159733819655
4323,-0.0338764056198228,0.07506776248752113,-0.06762428059146217
4324,-0.07327503935895759,0.06284461127823561,0.0473754375456796
4325,-0.07606866698888484,0.027285007674537298,0.0779447035621703
4326,-0.08085239419988043,0.019522657001343167,0.11860571182364775
4327,-0.08476123788595191,0.03979806604952231,0.12507254578820587
4328,-0.0872234558577405,0.06003834533127555,0.1476927099558631
4329,-0.02583668768426223,0.052127011112674905,0.01792159298257028
4330,0.05540005459985755,0.0356163469090069,-0.1408917449737212
4331,0.047297218530579124,0.04068305565995882,-0.12405910394420111
4332,0.03043483104888231,0.10157954928858691,-0.08862953654132344
4333,0.008487377272635535,0.17268952041499802,-0.042274038094301934
4334,0.05137265638510994,0.1777168891665809,-0.16789409104146538
4335,0.037494226066315126,0.14452023723450613,-0.13496797428000865
4336,0.013389819487095974,0.09749260352869919,-0.09455006236351628
4337,-0.012029561948438386,0.0949913398498489,-0.022820276531326567
4338,-0.004423077564573507,0.0901190767146585,-0.03151517625238284
4339,-0.036436655432682055,0.0993475775376999,0.020790206773912218
4340,-0.012771870684215788,0.11652150051976831,-0.01981853018413622
4341,-0.019875830749953027,0.12551707643523705,-0.02000285960799689
4342,0.02960745864856577,0.13094584318609673,-0.09405679590646128
4343,0.03619772944328515,0.13159123613036985,-0.10861329751910638
4344,0.022382291392149253,0.1279764118078457,-0.0891572658753341
4345,0.005306953477717003,0.12502343785111097,-0.05594239897632618
4346,-0.05453372960522091,0.10779878956035158,0.04251246770770743
4347,-0.1004125331843139,0.09124865485284107,0.10068299122479853
4348,-0.1090883804150164,0.07898493049086842,0.08556178535574298
4349,-0.06006817775422895,0.08735132056999026,0.016653001418348592
4350,-0.00785837101194198,0.10290310838569205,-0.05456178756485452
4351,0.001537177358316847,0.10662937796564856,-0.060576011652762635
4352,-0.0071769481417006285,0.10200572563963128,-0.08020607577336808
4353,0.002847850086596152,0.11931345154694761,-0.08611364705711362
4354,0.009825299454738172,0.14648134267867238,-0.07746872719415203
4355,0.04255054172947694,0.15445674063829887,-0.10239198652634966
4356,0.02064676784144962,0.11547767738067295,-0.07103804965373366
4357,-0.0036547323089113322,0.0800767345866662,-0.030563609601377998
4358,-0.041836636065318025,0.0675153018296275,0.05342463777378804
4359,-0.034919390866247686,0.06970646295474661,0.04050440066130286
4360,-0.014341977678559976,0.0596637848131567,-0.006586624253540668
4361,0.00017234144925636375,0.042030038885687744,-0.07052673994984265
4362,-0.016844979015169813,0.028179802606766936,-0.04714163830000434
4363,0.03357356586584936,0.0466688156966844,-0.1373042586425858
4364,0.07083208022383193,0.06554509890955763,-0.17558588005226636
4365,0.10747368124534534,0.09317478830653457,-0.23238521304368986
4366,0.07302897008522735,0.08155410249054439,-0.15029343698639347
4367,0.0667790640761503,0.05478108993827613,-0.10305514716286014
4368,0.10912954366693119,0.048220870564344355,-0.19350305030120024
4369,0.15733645999072432,0.04840367836234797,-0.3072555842431882
4370,0.17310470468229772,0.06390888384066053,-0.4038560943617464
4371,0.17202105097819634,0.06728411812752251,-0.38576016163185706
4372,0.16416003238004268,0.0744410005773645,-0.36146630864722046
4373,0.13571317278440667,0.07519876948019381,-0.30821222926028913
4374,0.12477923733903769,0.07181987636625706,-0.2980720430903056
4375,0.09694530147976531,0.08534127560960983,-0.27517131764968505
4376,0.08871720335371731,0.09571883553305104,-0.27451866494947375
4377,0.04982818492769353,0.08225316365956602,-0.20877214542331302
4378,0.02742874112789317,0.06288599660620744,-0.14503211583551326
4379,0.007431073940161032,0.06261024417646198,-0.08003711050414526
4380,0.05449289536081134,0.06653101148434458,-0.17336842558345916
4381,0.10147250309681338,0.06058235647529635,-0.2699876287088187
4382,0.14239256050390758,0.03243931555230445,-0.3493442819106671
4383,0.13911751407016054,0.024557122521646896,-0.33568797464914263
4384,0.12128521687178015,0.026948669423259065,-0.30814923109773135
4385,0.13223237327218626,0.03860978989394814,-0.33597636154271693
4386,0.12886201074235606,0.041848478631249096,-0.34602902999629237
4387,0.13767755483495386,0.04891053021057873,-0.3473588890401482
4388,0.09170801601152581,0.06828936475349907,-0.23528147057565527
4389,0.04664696029970981,0.08719021843960992,-0.14008179648956978
4390,0.0009660677812734842,0.10374095324520724,-0.048863904894010275
4391,-0.0034579716307767956,0.101356258003379,-0.040088969625898634
4392,0.02674189701174485,0.1118141750037261,-0.08322596623723483
4393,0.039951485118336925,0.11504687086144007,-0.11063143308982598
4394,0.060359931971878486,0.10785808833595338,-0.16652474645362778
4395,0.036784755067443095,0.10030680983225125,-0.1154330948869007
4396,0.03433920553759242,0.10234197413400364,-0.08548656193970953
4397,0.022731356370939544,0.10968439841282732,-0.014556280077478233
4398,0.0308730592961061,0.10355431922722576,-0.013772986976768665
4399,0.040539062545960056,0.08654880986785753,-0.036574867150261856
4400,0.06359217559344443,0.08676027164957037,-0.12867661571441324
4401,0.07616239805495018,0.09877575733830898,-0.16773043108224658
4402,0.07545414851952575,0.11213255545957748,-0.19234567032725292
4403,0.04944983051164723,0.09865694847237395,-0.12803176000244573
4404,0.04044988090106281,0.08608571428751467,-0.1260673741772007
4405,0.03574146849388852,0.08400467828641786,-0.10147206610541287
4406,0.04554214679448576,0.1072097161371303,-0.13644296411798307
4407,0.05880191246768274,0.11660339532795302,-0.1402876169923405
4408,0.08053717171068621,0.11473549934561827,-0.16030617968815025
4409,0.08100228489676298,0.10008867250573145,-0.14675721826018193
4410,0.09522177641111061,0.08169970276617299,-0.19500283229560564
4411,0.11883214414203022,0.08089061258034383,-0.2626912172967907
4412,0.16806485423245004,0.08798895825786095,-0.36680631953273685
4413,0.1178548249549959,0.11774283747596748,-0.24800650860180032
4414,0.05412479550229289,0.13440515735483935,-0.10043953908682214
4415,-0.013886590345780223,0.14456990937687292,0.05785715976097163
4416,-0.000638276815108014,0.12868181095417072,0.020256630497328638
4417,-0.0024181407080072956,0.11014882937868457,-0.0043725224718062
4418,0.014837756728874494,0.08724214083755569,-0.054794721616068756
4419,0.032413042969929313,0.08004362215956559,-0.08953802140724237
4420,0.053307740498036646,0.06369141261758036,-0.13334259605882856
4421,0.0542725012650917,0.05706479651200021,-0.15102614520840965
4422,0.04055437764867803,0.07371388087244343,-0.11009130455828815
4423,0.06401448602134113,0.09203553160534622,-0.15061783283415167
4424,0.11010686776010015,0.10714447679364664,-0.2297097567038964
4425,0.13126615085962764,0.11382993660382137,-0.26218828587350823
4426,0.10591793967443924,0.1175703973542327,-0.20413679624334694
4427,0.06653301258690084,0.12730008884046293,-0.1286547733553586
4428,0.07954189077419335,0.10894771704764451,-0.17264314265166558
4429,0.12621095288100864,0.09286771576390121,-0.281663565916527
4430,0.12991467912061277,0.057383830736534955,-0.3111438449118853
4431,0.12702254174167957,0.04558557340956788,-0.29862469827182636
4432,0.09410614886561183,0.04738126111935784,-0.23900033758833933
4433,0.08732531586435813,0.05850827144677081,-0.2185805464597728
4434,0.06746727251911717,0.061154932885771424,-0.1793086599551572
4435,0.04189561955206158,0.052738358778527915,-0.11265150776992723
4436,0.03352443146495366,0.04910369014529895,-0.08303412341709658
4437,-0.005498276930767922,0.04308698517677992,0.012757533769098706
4438,-0.007696628256904148,0.050815706348737194,0.04231217125338308
4439,-0.013626635197504183,0.04810677961315835,0.07710244877100195
4440,0.023797914602632236,0.04637585649836743,0.0010715010749321795
4441,0.058337728388418525,0.03813603472762926,-0.08315971062147091
4442,0.09174119964714167,0.03288490769881795,-0.14137374649567885
4443,0.09144449243344145,0.035183825854656056,-0.1592544912404141
4444,0.0787594158829947,0.03526281397879754,-0.14226389521146138
4445,0.07818674019807999,0.04343992190831537,-0.1668084271029778
4446,0.09359382908489339,0.040906983301497314,-0.19399917238134068
4447,0.1144240856319478,0.07402986494583938,-0.21162930494543905
4448,0.1329964347576175,0.0477003676108042,-0.2763322407668264
4449,0.15141484412477277,0.04335631446153471,-0.3585822649340235
4450,0.12128789230705422,0.005783659715455871,-0.31181124299422436
4451,0.06202506525272804,0.014533436555107299,-0.16817909121216565
4452,0.06476939728514688,0.025210262958227685,-0.13554355221119962
4453,0.10254060581999826,0.018030664097937237,-0.22738070936550495
4454,0.13071778272810577,-0.005281859929890388,-0.2885831433503401
4455,0.1104451129169378,-0.027952177597532324,-0.23089375983960478
4456,0.15490176750440218,-0.03760186958731313,-0.3165293344823695
4457,0.2139299761763714,-0.022081204434845344,-0.44498196020977543
4458,0.2407632490965356,-0.031932262818717985,-0.5309064597599692
4459,0.24061787673159973,-0.04098767924484001,-0.5005198011748289
4460,0.23241654225264136,-0.04356998896258728,-0.4571207294078411
4461,0.22226258413566125,-0.03802406912142694,-0.44295482948898723
4462,0.15241787537219417,-0.019693276868100854,-0.337136653110818
4463,0.11459567712988533,0.005209963871609899,-0.27797404972061734
4464,0.026631733348286685,0.00619307598799908,-0.09002751090799592
4465,-0.014785519561637369,0.0014084736365914167,-0.03085448284146823
4466,-0.06712582957108149,-0.022093947842806393,0.0614183449276356
4467,-0.028844521304697678,-0.033119287870984934,-0.01447232208313766
4468,0.005104024579619601,-0.0402196790840128,-0.018970190440562595
4469,0.045270330502378886,-0.04598876400451211,-0.06187750542723892
4470,0.08958830708599078,-0.05162475527431412,-0.07885078495685212
4471,0.10040771192104858,-0.030272490956433216,-0.09716789406022876
4472,0.12683255768746002,-0.015176757359655846,-0.12427803179821521
4473,0.07547452417674853,0.004723413731308829,-0.04370824312821478
4474,0.09540958631084374,-0.0006040101597651204,-0.010260814315891808
4475,0.13458765690914543,0.019468608559795323,0.029109844049996073
4476,0.2011549470150855,0.028913843161264108,0.034670912730563164
4477,0.21264882808825347,0.03791312133148524,0.022154625194337713
4478,0.18383602002870647,0.037574478400666696,0.07269287676683785
4479,0.16608706208467627,0.06145088893227665,0.04195934868673604
4480,0.1655627763547686,0.09224862069353983,-0.005045038780493371
4481,0.16059391648766067,0.10315333559563823,-0.05362552802630517
4482,0.2047003169710994,0.10566364486547623,-0.12961608263551128
4483,0.18924581860136636,0.08248346545403898,-0.12760920647711935
4484,0.17168646671289978,0.0578805421339896,-0.1673483117653507
4485,0.07157941745475876,0.0543254441146681,-0.06723147479398849
4486,0.015726137213621837,0.07162118969824037,0.014170743790508021
4487,-0.010724651446071378,0.09148889952271072,0.08486293215893732
4488,0.0018780040926370926,0.08271478576072173,0.058600712918170046
4489,0.010702865953068226,0.07021931117698237,0.04461258950111037
4490,0.028890005658633443,0.04602307002569201,0.06205359098882092
4491,0.02044891274124086,0.028492775176778513,0.08272899102338077
4492,0.036199441095238816,0.021220790622858744,0.05891898191910955
4493,0.0474124730899779,0.02140846268950156,0.04625527649814065
4494,0.03803960287522163,0.04132371853467456,0.04953411181228849
4495,0.06590507443094672,0.03159221309307354,0.04953730915157804
4496,0.046966640049833634,0.009969897075891233,0.06789301797373325
4497,0.09636841941664546,-0.032113241560281953,0.03986761217137542
4498,0.07713291365337267,-0.03831941769982632,0.07631585062404608
4499,0.0866865026959436,-0.038406374255187135,0.10096643394888588
4500,0.09810039093620329,-0.026211357516382098,0.06489689203038093
4501,0.12453790293846641,-0.01835168898272831,-0.011095498914179486
4502,0.11617649138080971,-0.029001127366598774,-0.09791291070974724
4503,0.08226139720544914,-0.01821781890384081,-0.09868568680958818
4504,0.05519657898199791,-0.014213932371630562,-0.11679527616423381
4505,0.0507146761451654,0.003018955515767013,-0.1002262566658488
4506,0.03037269088928923,0.0007287853935856309,-0.08057130116871034
4507,0.005653720381301188,0.02648740908280807,-0.06777874740034948
4508,0.0032538233036150015,0.049639021813030516,-0.061254469154682904
4509,0.011560116589988309,0.0786737309280104,-0.047521535764399846
4510,0.02909262171504276,0.0829263336381484,-0.027249174388598783
4511,0.03889906272744441,0.07355441846515795,-0.0023061645228789184
4512,0.06048127404206608,0.08039615631871479,-0.09330848678442923
4513,0.0955773051290208,0.08529160216199358,-0.19633029574661673
4514,0.20973705274702048,0.13084208595372815,-0.45954814069691624
4515,0.27845914419062556,0.14320376565376566,-0.5889057959020727
4516,0.2480480208985796,0.14171819700291888,-0.5402026589157446
4517,0.13927135986521774,0.13306520499657956,-0.34907076351870364
4518,0.07610920691937936,0.13765692488207032,-0.18278066232775633
4519,0.08274902212213438,0.1369114866765343,-0.18032743971467574
4520,0.0887660244952212,0.14423897943824265,-0.1743440644587743
4521,0.08142218440896938,0.1476833304728989,-0.16168225550165427
4522,0.0814565866818464,0.14558021374674862,-0.15310383828239693
4523,0.05886553494117788,0.1368018852767229,-0.13051186306266907
4524,0.08567110146500047,0.1233255942145693,-0.22082800179521525
4525,0.09726510303952646,0.11689343973933158,-0.2959005271981386
4526,0.11679010858127821,0.11073350275101244,-0.34907846422022615
4527,0.1493032316320399,0.10823979871601827,-0.4106777996657629
4528,0.16202500215497492,0.10434128851882479,-0.45028607832613066
4529,0.15694310015391896,0.09947767318690172,-0.456837931740378
4530,0.10761555058237232,0.09519992964047658,-0.37840477704286524
4531,0.09572960926069136,0.08298732223171366,-0.3278977615672845
4532,0.13400087003323094,0.10355977407086552,-0.3552552620780139
4533,0.17154824873032867,0.12484553887563545,-0.3824301375320645
4534,0.22589897192909958,0.144449664973612,-0.46917378079642647
4535,0.20175299446516382,0.13649096949792003,-0.4217400339031057
4536,0.14535372729927348,0.1254549117791917,-0.33302427069349133
4537,0.05359943852506384,0.12323757009252126,-0.17364663671440256
4538,0.0033335744755420807,0.11759977457666379,-0.10489938016426563
4539,0.002039062093319706,0.12534915717506903,-0.09089618945829513
4540,-0.0031970762676907702,0.12795896726755687,-0.06616158674614098
4541,-0.004657620620518699,0.13194021306136203,-0.03466642733036616
4542,-0.010455506025415296,0.13029642305823272,-0.01801878161498838
4543,-0.021450712562167636,0.12802372904932832,-0.009169916686926472
4544,-0.0033048185327902296,0.11643772185279574,-0.05731404669227285
4545,-0.016948611981783213,0.10103184599990189,-0.04350813398901457
4546,-0.0023977914813182745,0.08735451006487192,-0.045840300208714484
4547,0.013106206362674334,0.08597041039853513,-0.07412296557024821
4548,0.06430034936994303,0.09076379473431606,-0.1823339493126229
4549,0.09933063116478229,0.09550396285640722,-0.2823990517350652
4550,0.09632082394878118,0.1064386225013671,-0.29322985165670706
4551,0.10209175191257411,0.09662459997261134,-0.2791700023443965
4552,0.10819284158963904,0.09360148563827686,-0.2573296419644509
4553,0.12228184297647585,0.08209044039908053,-0.2785849334658036
4554,0.09259443802042977,0.08817050746002346,-0.24903598689514134
4555,0.07515264865091634,0.08238805550018484,-0.2504356421051056
4556,0.05144970888059717,0.08919111322369587,-0.2070569372500648
4557,0.036097840530941186,0.10071542692947472,-0.17688825002328323
4558,0.029941148768025352,0.10061155206878614,-0.16094045843098512
4559,0.03202125806123905,0.0960884085450854,-0.17107297069876579
4560,0.04382805258344918,0.11614656498871147,-0.1775016148851953
4561,0.053957481670635216,0.13319396305658796,-0.16331788290845783
4562,0.06090656406869777,0.12785014382741053,-0.15816194863570324
4563,0.07771162936412217,0.10637338465550791,-0.19012979383698977
4564,0.10328647204757564,0.08085425134707057,-0.24626291158301575
4565,0.10403796168357021,0.10106164294606261,-0.22849817264130806
4566,0.0988235886379337,0.09870726197778018,-0.23327601300194267
4567,0.08679871299181188,0.10799064914681196,-0.2175501183923415
4568,0.08402195776936311,0.10058067231630723,-0.22590258991449189
4569,0.09963137059233791,0.1175729369627561,-0.24411664208254555
4570,0.11358416896548146,0.13035632525199578,-0.26083936985091816
4571,0.14030125970684626,0.13447771532326594,-0.30403938771472844
4572,0.14073253901781224,0.10860011945394873,-0.31104799553494217
4573,0.13677093451857136,0.10950222985275754,-0.2788028126305057
4574,0.1309086687524464,0.11371412707525956,-0.26248203288049576
4575,0.12790125169060274,0.12752363496103755,-0.24591214315717594
4576,0.1177930904389959,0.12099950217455456,-0.24201647184379416
4577,0.1068020295183894,0.10449254323451634,-0.226347501124375
4578,0.086172594688844,0.07947632791622324,-0.2015534930611211
4579,0.06876514066358234,0.07196297414219294,-0.19012521967018942
4580,0.040378452400071825,0.08672690758453629,-0.13670247521983894
4581,0.03615762468593567,0.12222191917831883,-0.11441021363407301
4582,0.04298629216693367,0.1380054632562467,-0.09851241617024495
4583,0.0483264859008849,0.11879094251755469,-0.1248284589251701
4584,0.049120133538675545,0.08970548074018472,-0.168882793482663
4585,0.04849717698665385,0.0745766249103089,-0.20267969286583817
4586,0.04980643767818213,0.06476781640047075,-0.24055204015345466
4587,0.042732835955370814,0.07821074687514269,-0.20924939635829726
4588,0.03975890768201034,0.0761150997879551,-0.19191514879378346
4589,0.03189581694131281,0.07897991094785844,-0.15658608437657373
4590,0.02015464064379233,0.06643058102570756,-0.1434033290584524
4591,0.04631296181771852,0.05542826463154166,-0.19378528429632108
4592,0.07094394729946875,0.06815597438008959,-0.2407984938056459
4593,0.09745579517078949,0.07621439299194117,-0.29233048549469437
4594,0.07465590908869124,0.0969024106763377,-0.24673143810705736
4595,0.06599273673762447,0.11277662361364768,-0.2260292171356402
4596,0.05262333322294631,0.11179139481687161,-0.18059002115875977
4597,0.08037063845052138,0.11014961592925421,-0.21519986586391907
4598,0.10286707285291308,0.10495941937911615,-0.23259887148279318
4599,0.11859725803921328,0.10472558326119732,-0.2654688963962409
4600,0.11706450896199526,0.09990197489562534,-0.27747748050137205
4601,0.12128092005689324,0.0895381247768049,-0.31093442955372935
4602,0.10096472415908293,0.08312697126484599,-0.2786578291193555
4603,0.06901425277047758,0.08628419511872437,-0.19870972742478715
4604,0.028481717959051547,0.09595589587909915,-0.09689491581891832
4605,0.013904094365915155,0.10837248188150729,-0.05125364631239949
4606,0.010360757527647353,0.10605314946074312,-0.056006427776566246
4607,0.0011338662807672322,0.09403285935235331,-0.04774237013125879
4608,0.03697299280730583,0.07904116982972494,-0.15448114716047823
4609,0.05372476341813155,0.06579169468938328,-0.21403947350196895
4610,0.07238503235323655,0.06216415359180323,-0.2692707820249023
4611,0.048282438617346504,0.06223265064748568,-0.19172319475681304
4612,0.02726507968288161,0.057545513636657844,-0.12640555779388554
4613,0.007048000826954244,0.056149348312802626,-0.07061446130044255
4614,-0.004145773786942341,0.06533644947136649,-0.05385444354330044
4615,0.0026640717247995143,0.06288918254133369,-0.06834854042023945
4616,0.010326490866475812,0.06221640503366172,-0.0761770154924883
4617,0.016929165233117216,0.0541777883834157,-0.055826377818467735
4618,0.0011988867561680133,0.05636130269824993,-0.01548703382218275
4619,-0.014492707512688783,0.0543835406004433,0.0036677358990205872
4620,-0.0019010053737929385,0.08051858369017956,-0.021394572752439736
4621,0.02162820194064233,0.09662553723068074,-0.049833689269680626
4622,0.045797409316633786,0.11194263918593633,-0.07944116577402591
4623,0.055468817588685805,0.10140292729071575,-0.11148798013007577
4624,0.06265233596284851,0.1029853646216667,-0.12357013970608369
4625,0.06144221037951583,0.10003592698379703,-0.12125609153367106
4626,0.0559211876715606,0.10194993682947137,-0.12166130123164365
4627,0.047276996454874175,0.09343586956806788,-0.11878980346224813
4628,0.04889518181652454,0.05076439923649744,-0.09499841460194589
4629,0.10072609563722867,0.012515265201817331,-0.19248611198487287
4630,0.12212230723963403,-0.02066242479684649,-0.225158699397864
4631,0.13828145710604103,0.005478123553458631,-0.3067182597080819
4632,0.09324050363076385,0.013475366369146601,-0.1833016871633744
4633,0.08717917021888431,0.026081888307503406,-0.1396597891574238
4634,0.05306362768492218,0.045343996996109845,-0.04681842127528413
4635,0.026877401984927884,0.0775170383072792,-0.014242002602035779
4636,0.002504703159595882,0.10878550104618198,0.017537718477667826
4637,-0.0027613741743486523,0.11033505816791733,0.026970707739523054
4638,0.01886540465065325,0.10928848786974116,-0.020150809892319346
4639,0.012899003583936556,0.116039450773393,-0.020278454606280964
4640,0.016740195945359,0.12730427419917706,-0.026884749092144677
4641,-0.02593292861383823,0.12917902314546048,0.048821049949448726
4642,-0.04006236506134444,0.1188125231474034,0.07022848043580127
4643,-0.06040774889847174,0.09858945417913173,0.08670770216178257
4644,-0.04776483801544494,0.0958706809936303,0.050692377617342015
4645,-0.045211426870559034,0.09463934614088963,0.03866596029317613
4646,-0.04614265745346464,0.10009276654340131,0.0588706295400862
4647,-0.0472466433000064,0.09182907810240078,0.08064646021495742
4648,-0.050032826938023786,0.087009275991888,0.0835760924865092
4649,-0.047072455409280976,0.08164597163071485,0.07318708317153912
4650,-0.05312745332844193,0.08332184279156896,0.0700685664141659
4651,-0.03640743705209702,0.07317389820587292,0.042679704085791546
4652,-0.03059878736785235,0.08796931974898443,0.027900999238600878
4653,-0.004366056819524614,0.09438378806950179,-0.023951087866955507
4654,0.011612884266461973,0.1159890320231568,-0.042337444415491005
4655,0.026141123832661265,0.1105754030979672,-0.06180514077416224
4656,0.02813742519177357,0.1252434665153965,-0.04745969125466027
4657,0.04137417566661323,0.13179825269210818,-0.0631254493490154
4658,0.04949743729992963,0.14180246565591076,-0.06635492129295514
4659,0.06359896136786215,0.11988222087708655,-0.05974393128854192
4660,0.08645005321585157,0.11775646037741697,-0.0961170655731339
4661,0.1322991373566568,0.10474481824409619,-0.12982318701727893
4662,0.1753460361647729,0.1052109280099479,-0.18002080664559178
4663,0.20495429386132985,0.09427187656608517,-0.1891724414987944
4664,0.1918205062929251,0.08731795646327005,-0.17895389705330916
4665,0.1755818804220536,0.08505626631686106,-0.16353998813985698
4666,0.18870488337075628,0.10366158404327769,-0.24954457341195366
4667,0.2322373825494319,0.08907699056634204,-0.35702840515933987
4668,0.28165043250354027,0.10008620813640574,-0.5298411713739891
4669,0.24462616502147408,0.0914760168551386,-0.4863401293399422
4670,0.24349614947326395,0.12172516526472565,-0.5286332197200931
4671,0.21755491818382441,0.11061446098537595,-0.46428170261486024
4672,0.3078733266157172,0.100277315968519,-0.6119496600607098
4673,0.48902245229081287,0.07862735843965138,-0.92549653636012
4674,0.6258899720629874,0.048994755496849986,-1.1132733165488504
4675,0.6332086070866757,0.020604199438635264,-1.0303111114294514
4676,0.4543115260616245,-0.007724028934065276,-0.6500126130715809
4677,0.3753008542469263,-0.029992713647629884,-0.42916064998053444
4678,0.3293170776315718,-0.04535459283247828,-0.3415602320137788
4679,0.3073249361052614,-0.02979316998478624,-0.318530838742948
4680,0.2334405375992771,0.005754573232589592,-0.31172150564455214
4681,0.1632549287603542,0.030928149646955398,-0.2988882010984205
4682,0.11295654961057718,0.0562317133790219,-0.23354945819287978
4683,0.10059079969538548,0.047099569849200947,-0.21266087849204246
4684,0.1407294247418561,0.06781370848022954,-0.2604460222560588
4685,0.2351035808790086,0.07585570813022324,-0.4153289232221694
4686,0.28108205861940233,0.10790786256805095,-0.4404674079516713
4687,0.29536121837263707,0.15387624577028483,-0.3937786450228349
4688,0.22395977561418257,0.18243549578710408,-0.26342146548761286
4689,0.2325285097628976,0.16600135508811453,-0.24581084762054622
4690,0.2595932665428112,0.12124654329524873,-0.29449376427058527
4691,0.33175678500387645,0.08756391522718679,-0.41387813994565337
4692,0.3835984693322778,0.07347712319937794,-0.43157870648193514
4693,0.40216560719274985,0.08327618772252353,-0.4378633730626117
4694,0.4076741897392439,0.06201709225828853,-0.32653475369368984
4695,0.3381497604978622,0.056308734740626365,-0.2956150958134824
4696,0.30592808148983724,0.034691672578830844,-0.22431417522354152
4697,0.2917379095299522,0.030671883955285088,-0.22600931937002994
4698,0.2715133030113998,0.03327434978774739,-0.21974689351151075
4699,0.21297974391410215,0.049261181587670955,-0.2438477710116619
4700,0.09619805562072106,0.056376833788181056,-0.2153192142549185
4701,0.07855047544436279,0.055543013102424675,-0.2175019181292104
4702,0.058971727401517605,0.0527048988771013,-0.17079145698787515
4703,0.10400171355292527,0.07494549740196879,-0.2052093121931309
4704,0.08654911935370338,0.03706342228097815,-0.13945359756919992
4705,0.08054514383350013,0.024872745387223096,-0.1506565465966864
4706,0.0781067962570039,-0.006765730896375171,-0.14597935110177798
4707,0.11011873409474017,-0.0024717955606759034,-0.20455357292274454
4708,0.12658012844016267,0.004477878167464923,-0.16417605021604104
4709,0.11709959588277814,-0.0018716809827262646,-0.15275770865704136
4710,0.09709664852214608,-0.006636533640360954,-0.17651696847616938
4711,0.03646602093475537,-0.015519066791424247,-0.1481454231618096
4712,0.011836338489208419,-0.007210690614219786,-0.1316325573933412
4713,0.012197583426966321,-0.0059898938820000585,-0.13376679943013306
4714,0.0765234237887493,-0.0344381374547035,-0.18592527320021734
4715,0.12778904644727984,-0.04775635874033444,-0.23720026710139996
4716,0.1505660492364421,-0.016326484215565838,-0.2598426339422694
4717,0.15162625323188025,0.014571263051982542,-0.2817945924248352
4718,0.11194111308031128,0.029417505770867575,-0.20646071245029413
4719,0.1394534508031338,0.03229721529290634,-0.26255356151456066
4720,0.15844215061971217,0.04175692094496796,-0.3162410425874568
4721,0.16512296055635417,0.06076859522817889,-0.36169469024499645
4722,0.017936571557429278,0.042551070360001435,-0.16571163842828046
4723,-0.08256760670283737,0.036412464970108235,-0.03429581762035604
4724,-0.10728408195279203,0.016132313679833008,-0.01185416322982596
4725,-0.10073149660500308,0.013653409842060336,-0.006411863925159432
4726,-0.0860371566485735,0.014661296228813977,0.014938465934992881
4727,-0.08134538466693877,-0.012532019954297709,0.09063703032417561
4728,0.007332353716070309,-0.008229934960778413,-0.0034127260852008833
4729,0.04598756764213305,-0.00868499658405394,-0.03747486105743821
4730,0.05179473857840135,0.019594685545701162,-0.07073922606350679
4731,0.029643621166731884,0.05269270967369424,-0.06305812555089609
4732,0.020854502430617913,0.06597304761485415,-0.08117366726465831
4733,-0.014140073125254752,0.06703531961163703,-0.06318355908583109
4734,-0.02992806731819539,0.05574512054049376,0.013342562811796198
4735,-0.0728063499610468,0.05636908501237119,0.14642673031201067
4736,-0.05485662012944551,0.08263534590710526,0.20267297545385554
4737,-0.011340485238802614,0.10939765486674836,0.09226279331080331
4738,0.09079952596361908,0.13363712400749966,-0.12179865958003255
4739,0.1698565524780363,0.13895472734405767,-0.28516529808837626
4740,0.1694398893455762,0.1225381106882761,-0.267070137506149
4741,0.17146039911476793,0.08895171316762256,-0.27733426437208875
4742,0.1807044428124249,0.053843866297271996,-0.3094518557231681
4743,0.20519446335961497,0.04735739717376546,-0.36890233546839124
4744,0.20469978080671927,0.04955770522608801,-0.3576744670783541
4745,0.20700976770547536,0.05695023810131828,-0.3453455629344826
4746,0.23381865330295568,0.06452121413546322,-0.37083996240787187
4747,0.24621646747949458,0.07110906027082146,-0.37523488289883855
4748,0.2559280426791195,0.07751323065700935,-0.37214161580837263
4749,0.21413076211154522,0.06932984933997377,-0.2985912469638681
4750,0.21426148021405042,0.06685486937707759,-0.3036221414595033
4751,0.2061191092859657,0.0665130340038161,-0.29044424180506107
4752,0.2442314000922171,0.06901416470813079,-0.3674260339998864
4753,0.23734889486209615,0.0684121743722471,-0.36763570355530406
4754,0.225367013870824,0.08088951526472656,-0.35047158939685297
4755,0.23939735216470417,0.10023861452728822,-0.3518455992184222
4756,0.2426185764417238,0.09861585468890387,-0.3640546851702797
4757,0.2059915701596475,0.06743292620446488,-0.3424848988625898
4758,0.1276544754246867,0.041771714079775146,-0.22615253383325568
4759,0.07391090766382877,0.03732394110330309,-0.13666750572722103
4760,0.11244786988875222,0.05661813267250602,-0.15395317332012565
4761,0.15068507370992304,0.060975258092335255,-0.22139143646164364
4762,0.21074563611999053,0.05494076469789229,-0.28574483102075626
4763,0.1883983937360748,0.06146813682943791,-0.27206681170543845
4764,0.19178698434055558,0.0793409604104834,-0.2644373541273698
4765,0.16305734431596808,0.10424972958333766,-0.23451999227418432
4766,0.18964794927807846,0.10424690301503066,-0.2727202099169036
4767,0.2072717466875451,0.10278123508540792,-0.30308692839399926
4768,0.23122728740863235,0.0928281475530057,-0.3445493962641515
4769,0.23200398512529233,0.08622538276377396,-0.3354757226117665
4770,0.2462918679955551,0.07752944358395658,-0.3551799614834722
4771,0.2345926447038082,0.0782550011613178,-0.3455844207339834
4772,0.21902223668102566,0.09245050235380006,-0.30979477883177253
4773,0.22199655148105388,0.09353172901696338,-0.2825280719014
4774,0.21189610641628462,0.1102717697803216,-0.26090573263349814
4775,0.2312263285735285,0.10343196718077165,-0.2716297238054145
4776,0.2114266895335221,0.1258495980828956,-0.277713045123363
4777,0.21211541775237042,0.11863253550499143,-0.272246303317138
4778,0.18810879005889625,0.13645601090326062,-0.2622091043576438
4779,0.1790662341183112,0.12566556200305576,-0.23390204658224262
4780,0.18372166424693426,0.12725290985644552,-0.22309833466871154
4781,0.1690163376782855,0.12251587843964008,-0.2080584378692079
4782,0.14776860162895358,0.126922484471506,-0.20278429438915688
4783,0.1282281132020729,0.11948543520628463,-0.17904767671367228
4784,0.1301569912295396,0.11281797810058782,-0.16576845658383838
4785,0.19269498049568468,0.09654723813427642,-0.19836605419057243
4786,0.21681630422768602,0.09708849864967614,-0.2422057686890482
4787,0.2371534876434638,0.11172306485709989,-0.2851713836345029
4788,0.18325733537516098,0.09775286991461826,-0.29497996466216775
4789,0.13445542784796607,0.07463838643736359,-0.25907895335844205
4790,0.10096322711455573,0.05309785471927296,-0.23301063980411021
4791,0.08485573206926866,0.06737451709932853,-0.17218335516562355
4792,0.07902587326109939,0.07410835010919478,-0.15121614971871072
4793,0.07101422043551985,0.07129153477303711,-0.14306914455990372
4794,0.07019421573314513,0.06347850155908483,-0.13060103412175475
4795,0.09446690160667255,0.06352148720331266,-0.15611650643249175
4796,0.10640645124388876,0.06092090157135629,-0.1635006809339864
4797,0.1154790892790609,0.05873045770871955,-0.17058812889869696
4798,0.1299789866256617,0.05190873704654943,-0.192457372096995
4799,0.11280545149616128,0.04696855535317842,-0.17093695944486223
4800,0.08697726367081439,0.053892717093347066,-0.15705807456628926
4801,0.08323402450407337,0.06232743170553932,-0.13576041532182723
4802,0.15655052808710618,0.08426657947116803,-0.23011058707425205
4803,0.20685536331162205,0.09708781806810325,-0.2916833833555517
4804,0.2502901835506682,0.07708982436481672,-0.3343866307382904
4805,0.238436286075437,0.057018783896694736,-0.3103357907330114
4806,0.2535346081144051,0.04668144659574999,-0.3286406237386277
4807,0.220539800379412,0.04918435078823617,-0.32346118834247123
4808,0.16210494904899297,0.04594482958797898,-0.2902726856950772
4809,0.07785884763938741,0.02533086876707925,-0.2133933968176827
4810,0.02165193509184298,0.017316648349508884,-0.12738030183824725
4811,0.010419057989243797,0.016122592851735562,-0.10702421072758272
4812,0.03291236483214127,0.02208059590772496,-0.12347295913872035
4813,0.07723068231585506,0.025797875940139357,-0.17286311846598573
4814,0.17199313625990734,-0.003691521966864701,-0.3276248193974045
4815,0.1820185729071852,-0.0143527000620595,-0.3926948786087373
4816,0.16799001999729377,-0.016106029101552875,-0.3872482601969415
4817,0.09762631794458482,0.020512460910493403,-0.24085623803932177
4818,0.08810647865903268,0.037713904480462745,-0.14892037670943611
4819,0.06939259951902794,0.03241225952663155,-0.12094728615397368
4820,0.008211616398754722,0.014471396493570368,-0.05620029743264515
4821,-0.013626941183722686,0.002072536669599504,-0.05177848536613111
4822,-0.031261795548584076,-0.004121721228588393,-0.028830718518056582
4823,-0.03272139168275748,-0.0040144708946150895,-0.006513522872531734
4824,-0.07146503612699427,-0.013522207531317713,0.033987187563421443
4825,-0.09315280782749309,-0.016322770682659585,0.05301699528233364
4826,-0.08540252803582178,-0.013225420198922064,0.01177292536431904
4827,-0.07161968357800924,-0.008680435777146639,0.00025700041937963227
4828,-0.06302118615619468,-0.008767380455947792,0.00039086604610017963
4829,-0.03693964744301289,-0.0016518607679157624,-0.007377429440912302
4830,-0.01569641155475477,0.005732539335546558,-0.017340546019801922
4831,0.013003604609853829,0.014345141962781695,-0.05032320648259775
4832,-0.0027582648362948175,0.003761551364673973,-0.044090985156254224
4833,-0.018389416179938257,-0.00929701919632993,-0.04288965832554593
4834,-0.023033224396635108,-0.016427657096396785,-0.047258225375833435
4835,-0.04580812149491735,-0.01321755987826513,-0.01065747887842871
4836,-0.03718501383037512,-0.0009781909068384278,-0.008631716627611793
4837,-0.024553188781362027,0.009517727287416101,-0.019407237046981173
4838,0.037439220239122245,0.020670764889188464,-0.08630476374804734
4839,0.08989539775651947,0.037789706259153226,-0.14507787180720164
4840,0.11507134123811316,0.055536787620061555,-0.15782509052951238
4841,0.13024849702562805,0.04219127870196947,-0.15007069247002006
4842,0.11850689889322906,0.02880401892071217,-0.1299861340257294
4843,0.14219834270628628,-0.006513345686136822,-0.13524979104870835
4844,0.1599098699070163,-0.02708893103506185,-0.16386701217717053
4845,0.17905444419584501,-0.060106557071283685,-0.17342108716045065
4846,0.2081344399678448,-0.07385816998445759,-0.18853205263862363
4847,0.2217754870438264,-0.08452782218448256,-0.1648727075580649
4848,0.2143878291516711,-0.0391434867078855,-0.21473081026647184
4849,0.20468367601434737,-0.008304850648140495,-0.2614017534320885
4850,0.17115828442935893,0.014460046348217704,-0.2759347412847267
4851,0.17279788970866047,-0.024480778938239047,-0.23494530463844976
4852,0.17092275941457338,-0.04984968761862917,-0.20394846633456185
4853,0.17959072365433093,-0.047803938399828085,-0.21624224209210233
4854,0.1750405744757483,-0.035797470015084654,-0.23076374083400608
4855,0.16505193026537948,-0.008547497389300551,-0.204324789920391
4856,0.17341282912441613,0.014085252752787969,-0.20011181860258634
4857,0.20839847984437698,0.01734672225761908,-0.19650900922472195
4858,0.2360493128333763,0.020407571155190568,-0.23271389683518978
4859,0.2625446311277965,0.020034644980675163,-0.25153560243174583
4860,0.26658816809410585,0.042904362086331166,-0.33649458229366785
4861,0.2618885144697755,0.052328682056049534,-0.3646997695983087
4862,0.26775686729487674,0.026938232845582433,-0.37820386990027344
4863,0.2607408726889101,0.02559932317891434,-0.3585868637333161
4864,0.2609099446730294,0.029859256614300334,-0.386166354194832
4865,0.2568429465216324,0.06383039918865122,-0.42641102640885603
4866,0.23810173106601262,0.05766750187617896,-0.3913462404677568
4867,0.20641489614056713,0.05291357332564727,-0.3309097896320354
4868,0.1817143438631973,0.04335552350882765,-0.2946958291925563
4869,0.17396410988456212,0.05254363577324891,-0.2662970976519675
4870,0.17953146713647888,0.047786714865621235,-0.2813763861064595
4871,0.16746759426573554,0.042821796691189,-0.2620805390813331
4872,0.19564323199701894,0.03209877097374841,-0.3017191502737687
4873,0.19691345700203267,0.026454233577946816,-0.31829499120101334
4874,0.2257284273460519,0.032723649545994674,-0.3807823746707512
4875,0.20956466990637748,0.031611816079646304,-0.3628989958316416
4876,0.22917962677687784,0.05067614802239556,-0.3959054950176741
4877,0.235640214060589,0.027201101319460505,-0.40389441233232815
4878,0.24811374757765844,0.02167288208474453,-0.443551108440192
4879,0.19814177402800298,0.014748862513912253,-0.36286236827965634
4880,0.15497072497282008,0.049645371872654664,-0.25883617626812594
4881,0.09632004110342843,0.05523064607626331,-0.13706532691195933
4882,0.07606509861125116,0.057878657058732644,-0.09025940558917299
4883,0.061737615322907814,0.05328803986320568,-0.0762735372101796
4884,0.0946850235737627,0.046763772637303025,-0.15606731013868902
4885,0.1237630844757544,0.0362351743043057,-0.23332113202253302
4886,0.15695803014348808,0.01750549207886823,-0.3252286800244315
4887,0.17047077605705643,0.0032303737417782373,-0.37405545524585426
4888,0.17110403493470475,-0.005682731866129502,-0.39344102050982066
4889,0.16512895438334033,-0.00956856988561291,-0.38994865905933757
4890,0.14247869972005295,-0.011319850427099747,-0.3402966687633695
4891,0.13225606698759496,-0.006898445685605272,-0.30710066572373723
4892,0.12500729856819115,-0.0020196462171717246,-0.2872060180590613
4893,0.11997238034903346,0.008184558034791402,-0.26857110652104516
4894,0.11378994131908779,0.002846753589781622,-0.2651622791909976
4895,0.10877886547965587,0.013006004044528539,-0.23077495105585652
4896,0.13859696547434808,0.033584190989353085,-0.27103913272528124
4897,0.17227715310509628,0.05257050049519587,-0.31998825482341026
4898,0.20291858155620135,0.062352190215048106,-0.3803413896195033
4899,0.20097004953852915,0.05058196305567646,-0.38792169445133257
4900,0.1843786678404449,0.04937615085532743,-0.35511865587089864
4901,0.18974396601320473,0.043156683646653114,-0.37604886731644216
4902,0.18365286261681055,0.03701494059298424,-0.3704784620673899
4903,0.16360127185869577,0.03259312946442575,-0.3297272922249395
4904,0.13040643226270476,0.0240427745973142,-0.25734774010468053
4905,0.09054339649585905,0.0283626949345881,-0.1603482092999876
4906,0.08237351366785417,0.029100839744635572,-0.1460743519316071
4907,0.07703589212316041,0.032960619033343214,-0.1316042634219702
4908,0.09577099509894924,0.020996842206038282,-0.17949817345535668
4909,0.0986105283189098,0.012986448374725712,-0.17725873991276958
4910,0.11699574555885298,0.014761372022114099,-0.2088037507347211
4911,0.15027913048520744,0.04628036313894239,-0.26040619165155704
4912,0.17773617021430888,0.06393715660543317,-0.31448031273871124
4913,0.19323131644191185,0.07883303436002145,-0.3458949102904245
4914,0.18541040193221162,0.06094822069874813,-0.3535292104544382
4915,0.19763480170181563,0.04807896209603837,-0.38334072331092883
4916,0.23082053822165202,0.016159635620899254,-0.4172196283040822
4917,0.24763618212977204,-0.0003084809473023113,-0.43036798939092846
4918,0.26118320346539625,-0.007282281930962974,-0.44347814585761874
4919,0.251433034958434,-0.0034119002814112175,-0.4336343336531625
4920,0.2741885042050098,0.025863324889067202,-0.5064090922330707
4921,0.2928283929633143,0.045168655094380644,-0.5810733228190431
4922,0.3062723650819004,0.06881456680645923,-0.6384671017524839
4923,0.26922608943101034,0.08472822625167548,-0.5900512134098228
4924,0.34173682103979197,0.06946637017230017,-0.6795965150949702
4925,0.4791560503517576,0.02563734429483044,-0.8523774923883435
4926,0.5292730051285423,-0.011586815811479656,-0.8976146396450045
4927,0.4156320625849249,-0.02652682768732328,-0.6711211646557524
4928,0.2037342365123704,0.02541532516108407,-0.374425529210508
4929,0.13146523192818915,0.03184718350363972,-0.2524936553473519
4930,0.17621028116813034,0.03237406602390332,-0.29313933676587345
4931,0.23463385278389717,0.02078978778968012,-0.3423064386846548
4932,0.23266882239167436,0.04074110785024543,-0.36451267370650486
4933,0.21705724310402585,0.07461468779402436,-0.3830911100701796
4934,0.23574511365422107,0.056656744370899355,-0.4295271213563277
4935,0.23870609988195854,0.0292847192964976,-0.37406479119451064
4936,0.17894661714633925,-0.011223461259502895,-0.2799098757744638
4937,0.14582694355954168,0.02847060880355298,-0.20466136402162688
4938,0.13605227459072564,0.039509567165703266,-0.19603359310561314
4939,0.13700381778883197,0.03235932165446502,-0.17026575536849844
4940,0.08044694228850553,-0.006205262532508454,-0.1130270178067426
4941,0.04668601317671815,-0.02836620517694292,-0.09277039281617457
4942,0.05158329733172984,-0.031451386940454074,-0.09486142414450847
4943,0.05554373550985984,-0.016074827104883144,-0.10107033270624792
4944,0.03803122728849812,-0.006936229273663157,-0.03750154990201295
4945,0.0004170290570569713,0.0022796844337374974,0.051444658948107284
4946,-0.011435162964480008,-0.023190095245631478,0.11545946245817505
4947,0.004901748788206068,-0.025896677701115804,0.08654189976040573
4948,0.04189417334190109,-0.020172819930914805,0.01729940107726265
4949,0.034690884857782774,-0.006553705954548411,-0.01673256067550854
4950,0.05226974049583506,-0.0011717133863495168,-0.03779101972257656
4951,0.06761667720135661,-0.030218677426432323,-0.14844878912366088
4952,0.10506688132324016,-0.02056691198600383,-0.17697138761874331
4953,0.11328712384568372,-0.016253542621632155,-0.15669917329310196
4954,0.11247473167078942,0.00869820995534605,-0.05160201927050179
4955,0.11288457802009609,0.02700552903378315,-0.029539101575369667
4956,0.08411207682978891,0.022433389192654928,0.006715377025282263
4957,0.05019221830746352,0.03277330704725393,0.04091249733130846
4958,-0.009803107305341565,0.01895992531743185,0.15705071549605726
4959,-0.04064215631863603,0.038429707251910375,0.26475451670641126
4960,-0.05108547049128924,0.04373825274394616,0.3075014973756612
4961,-0.017113145424355304,0.06325043901346974,0.27302329826970745
4962,0.00877679931373454,0.06730865166338038,0.21946899034518286
4963,-0.0076116957849387155,0.09344658103515842,0.2967366257491508
4964,0.04035066720333053,0.09906907278011501,0.24432330113885828
4965,0.006878793107869948,0.1277341427916111,0.33650678581099835
4966,0.0045923305615639615,0.1417576297942549,0.3274029843386883
4967,-0.03125036043719944,0.1729318747696601,0.4357663865821102
4968,0.019481526603274717,0.14146575975011383,0.2803757278414135
4969,0.1733418891664073,0.12061848430346288,-0.028036419805836307
4970,0.22257323321912018,0.09441382588331758,-0.20192722374419947
4971,0.23194723965740582,0.12805741560213105,-0.2111998506038541
4972,0.09937347456212446,0.1304023128239583,0.03693109308111529
4973,0.03865220458232214,0.17060473126913206,0.16160423427864493
4974,-0.01412386497067838,0.1751751981287109,0.2617895744147385
4975,-0.06875706093392307,0.18471194671676708,0.32582900130577563
4976,-0.11441522122230097,0.17851662371395713,0.41450324471805294
4977,-0.1301484686906036,0.16375684548302677,0.47084898407590703
4978,-0.12207551947301977,0.12282553368707334,0.503199735485789
4979,-0.064060433278028,0.07595962502196597,0.40642873973087074
4980,-0.031756591996227455,0.042261553742793966,0.30320600691860183
4981,-0.001735084007228732,0.05963088540433604,0.2639982657904657
4982,-0.011236693952031975,0.06243207557469909,0.23391688313221878
4983,-0.014240226439184541,0.06558290289248508,0.2572430922973869
4984,-0.006164002479216519,0.06039269552742794,0.2148956777079468
4985,0.01685041481518819,0.044350690784862645,0.20890614390092418
4986,0.03716032986053022,0.02755241202393674,0.1735033385695743
4987,0.04946985257580326,0.028761451636634974,0.13561192147305398
4988,0.06188696766602287,0.028662920473649458,0.07893560910346124
4989,0.060990368284436706,0.01587433527351419,0.05513222415627367
4990,0.06415632771207558,-0.0027209167649783757,0.041183158188402146
4991,0.024056153056790434,-0.031223418959740994,0.04854879885795538
4992,0.025087133365934027,-0.010839441943427328,0.04250948109721056
4993,0.011001326929198542,0.002504506406244237,0.06366286344564723
4994,0.02454773911676905,0.055165041771925126,0.13071005994894444
4995,-0.010236003539176898,0.074185151834065,0.251007507563725
4996,-0.02233034080426039,0.07585188625200308,0.3480213435989396
4997,-0.0354173185779142,0.035551716339544764,0.3942735710326245
4998,-0.02525402644117246,0.02676218364668169,0.39052945557901464
4999,-0.05669677734866974,0.030719651032003505,0.41105785500836967
5000,-0.06431463267786286,0.05345913522637159,0.4147909292723707
5001,-0.1464216692162152,0.03517733783764278,0.5100855989017856
5002,-0.13300437653958674,-0.009637483776410641,0.534368176325242
5003,-0.12891059715974582,-0.05236331554620669,0.589936848448832
5004,-0.08457652665984677,-0.04303011042964656,0.49074232619498404
5005,-0.043946060608425014,-0.0648902664145888,0.41382295244996486
5006,-0.1355108064322871,-0.057464662220877226,0.4447725758114133
5007,-0.04788032107095543,-0.09406753742965078,0.22009599390313161
5008,0.040607031629235124,-0.08521562221683866,-0.04092121787488229
5009,0.18531661415146172,-0.10018884061856749,-0.3126855812673342
5010,0.1682437488198049,-0.1218904801904524,-0.22496442824675905
5011,0.11713994101732803,-0.11968004817581007,-0.10583606009760331
5012,0.07988849428436777,-0.11920154171693506,-0.01326810171856019
5013,0.04901170527502107,-0.09154197210956438,0.051970739549145314
5014,-0.010264177342898749,-0.07713418186637298,0.13588820462332737
5015,-0.01913593543981527,-0.039305940759353175,0.17093520725780037
5016,0.04302367934135983,-0.00968644882223654,0.1921383175966755
5017,0.11217362358835235,0.02531839318614171,0.18667754210030346
5018,0.14328918428570303,0.025082616775821878,0.19019097617284778
5019,0.12558002023507148,-0.008940927286948534,0.16547464819991073
5020,0.08423613108227317,-0.03670712836199932,0.1524857382163104
5021,0.08931092858729116,-0.03970593048943758,0.08954725306300186
5022,0.01127671564813137,-0.033290802448024584,0.13159507469977608
5023,0.015087113335712192,-0.024897768146132294,0.11459933782833416
5024,-0.01708324970889128,-0.021578003650776074,0.18145633868319347
5025,-0.0041579926196879165,-0.02384415759724012,0.1902416152762735
5026,-0.016219760212410124,-0.023254157240769482,0.24852957126558145
5027,-0.09176533026816004,-0.03128768526981365,0.31262873074800107
5028,-0.13558754616225774,0.0004843880862843568,0.42514864776344075
5029,-0.1546264769585656,0.03387969937427483,0.408722211728541
5030,-0.13766885228570205,0.05985075125846218,0.4300013985768674
5031,-0.11772755453747125,0.07513259603621716,0.40068598396129207
5032,-0.13328607223165737,0.05676413907797241,0.4267489149675018
5033,-0.11282859008315739,0.06455216288484351,0.37992341327537554
5034,-0.08708870535954172,0.06778098010222211,0.3264972114390825
5035,-0.10117102256499746,0.09995736834418152,0.32371469034174044
5036,-0.11407801907442969,0.1370320458691793,0.3273383648174609
5037,-0.14758798047060664,0.15438706366106555,0.3081347379237276
5038,-0.18173157467466022,0.14204894290122794,0.3419021255106846
5039,-0.25060120827228355,0.11446462091710485,0.37697671745973177
5040,-0.25682721421714244,0.0806714081808952,0.3735428417301308
5041,-0.25669685005763304,0.059781094405259555,0.4010719733538907
5042,-0.22401936843720954,0.03651161155337945,0.4459384530170464
5043,-0.20714141511505837,0.06052919856033297,0.5453178584300346
5044,-0.1460022305881562,0.0870366048482739,0.556506455283704
5045,-0.13181911974172156,0.09778527183115378,0.5317647789340847
5046,-0.12181899377524098,0.08237460881858857,0.48289832356055473
5047,-0.11534520390335624,0.04948478569173755,0.4570806215070074
5048,-0.09396191483368274,0.01823587402623506,0.4710809112370528
5049,-0.0721846660776012,-0.008543475003943287,0.4600986310214949
5050,-0.05127600421560989,-0.030934378904751293,0.4515889862310201
5051,-0.017131955365572615,-0.04407458696028502,0.4561507726853252
5052,-0.000565619586018018,-0.051484378142722935,0.5283443021518959
5053,-0.000570725810538058,-0.0557568379823128,0.532609857791016
5054,0.0036261213661319203,-0.04681844312971578,0.5262589883397525
5055,-0.017571182357628258,-0.027153076661672864,0.5322984090844176
5056,-0.01608120583097827,-0.005810904351076991,0.537813527138176
5057,-0.004181627871246851,-0.0038572574597950104,0.5314617693450958
5058,0.04899686052230813,-0.028429907198139374,0.4800838872653183
5059,0.1043308250107585,-0.023636879873864355,0.4846551635826936
5060,0.15386038138744884,-0.004458032084625099,0.48206300680211955
5061,0.1683628534659492,0.025752905488664723,0.4139207398942397
5062,0.10327921203371955,0.024809148935785025,0.433957855151421
5063,0.03227115584039676,-5.128001050129384e-06,0.4663654358402782
5064,0.009817837531088945,0.0091985782822693,0.40383580635875693
5065,0.04011415066948953,0.03248850215792669,0.2690364988656503
5066,0.11462750590146809,0.05463975822345704,0.09493295249113318
5067,0.11936761971988992,0.06556546806531964,0.1536971130653425
5068,0.16831534777580534,0.08078858685573072,0.09608992635767352
5069,0.16303937226831386,0.09669388275839685,0.12343896958914664
5070,0.1330045768876692,0.09988891398641306,0.13896155852563025
5071,0.07568238747653101,0.08097021156812025,0.18073046076647795
5072,0.04342569408091522,0.08201348090460271,0.18130636114944274
5073,0.05659732122862957,0.07644059400219455,0.1481582946139628
5074,0.06762775713647674,0.07418926344742352,0.11213543433781115
5075,0.0854533300991256,0.06408380266810292,0.07954495694457919
5076,0.10506348830592209,0.0484137107459523,-0.017648711948142742
5077,0.1424261905830326,0.04352052573049288,-0.11745530757592731
5078,0.1770864887672279,0.015065437233250944,-0.23628995515155032
5079,0.19591920615375077,-0.005686316285461345,-0.27472349285043385
5080,0.1896506688290338,-0.024091423174305154,-0.26740369882598874
5081,0.1841867125443391,-0.019400789423649277,-0.26848711417641236
5082,0.18619234678265767,-0.008312956840606487,-0.25143773510995426
5083,0.15870242507648383,0.02123393202465947,-0.12531340362283871
5084,0.10823834953147496,0.03953069373045555,0.015392742275593592
5085,0.0720580746270735,0.06105609270270044,0.09729287421572644
5086,0.0932224184186115,0.05432623743980644,0.011460211642086092
5087,0.09796086327781259,0.055241511985037774,0.030133926891980533
5088,0.10220937057318323,0.05649764381946857,-0.0036388141138133444
5089,0.07997796111972114,0.07692795529382192,0.05033920456665151
5090,0.07388617752787864,0.09148980153040177,0.06442120812750124
5091,0.08744843302714018,0.10893908875232523,0.07722053905932101
5092,0.09831610910428874,0.10845877475351907,0.05595010450200212
5093,0.11859231191506214,0.11843078323075165,0.02527840927032752
5094,0.10898593976133134,0.11011975787197856,0.031077784046565315
5095,0.09060908432416231,0.1043333685562969,0.029942505284179837
5096,0.09126248571177706,0.06841472029131287,0.008759595407794309
5097,0.10328406414816577,0.05077967613999857,-0.0018889983393012646
5098,0.12373192973627951,0.05027124427440892,-0.007829377782400067
5099,0.11174431558456951,0.07117949938767003,0.006232306114589665
5100,0.09869355131477596,0.07344086920860188,0.08137870620084635
5101,0.12410021512660195,0.048131699576756226,0.16146907670475266
5102,0.12232964125295742,0.04592684969501507,0.3012300976413224
5103,0.10827067395922282,0.06040393365062348,0.339278030290087
5104,0.05595481271162544,0.06589728056235584,0.4142874805479012
5105,0.01856422464349958,0.07333847594187183,0.40693680096982854
5106,0.055508294199344894,0.06646048670593173,0.33792432694437785
5107,0.11481025143108749,0.0722137414743587,0.21760740989575633
5108,0.21573372580741956,0.006817193893128217,0.09013079046678536
5109,0.2550635737629255,-0.033777902248572446,0.09215258618850006
5110,0.2829436418883527,-0.07674214932363355,0.12064148879445162
5111,0.28891569966662095,-0.0589551771175438,0.1983351598670091
5112,0.24646715818414822,-0.027976446343672162,0.29488639369934366
5113,0.21452342509295388,0.017091176803970366,0.32361279064386983
5114,0.16475737713128347,0.03605850962610771,0.25111231644994764
5115,0.1645844380408505,0.05826510508911662,0.11895256083376086
5116,0.1945746651745425,0.04944227691032299,0.09082037514633827
5117,0.2136721079621126,0.07503537180441461,0.174844484332159
5118,0.26475817668583207,0.0642421872270651,0.23401597693924894
5119,0.2878244467852349,0.04983074724740437,0.17715259635239985
5120,0.2712208803380445,0.012668949253376794,0.10934189455582252
5121,0.241398618789021,-0.011125834033348391,0.04032421974372923
5122,0.2459596862489509,-0.03270987493502007,-0.11316689294218443
5123,0.3008204437581519,-0.010067027947780948,-0.3019550448121534
5124,0.3567866265944031,0.04169836888165074,-0.4540001514477552
5125,0.35001968325497906,0.08483318600800904,-0.4283223112232305
5126,0.29114921227456864,0.08506599526435134,-0.3355159958810194
5127,0.24169973753318136,0.06782033890188818,-0.28888515549249916
5128,0.22221189168273198,0.058417505540155075,-0.20000737402669408
5129,0.2701724681195489,0.06944984097388902,-0.21940764612774077
5130,0.24931803937363323,0.09175362490735375,-0.12548534108821943
5131,0.22229940777093696,0.0902881722741408,-0.19719708060333974
5132,0.17580701908988816,0.08900787526248541,-0.1675594003231989
5133,0.15816646145206636,0.06561189376666986,-0.2071535327941757
5134,0.17723679884250151,0.0733875946546296,-0.11083481953225786
5135,0.1939121795892375,0.06936727802993135,-0.060758523321164534
5136,0.18339613715994216,0.05609689583069247,-0.07888186827178163
5137,0.16912392616773372,0.041744144640274705,-0.1672477635357665
5138,0.16762192438829202,0.05466380497131349,-0.19410123197880488
5139,0.2219480813896714,0.06914802180203687,-0.26946394259711953
5140,0.26182836370333706,0.05649020957504312,-0.4102080065561052
5141,0.274481255538142,0.007111905852490619,-0.5442792299844116
5142,0.22020400346691973,-0.029246324323490346,-0.4263935309815919
5143,0.176939365925399,-0.03338477746127951,-0.20701228068586972
5144,0.16325068405102666,-0.023609372506801615,-0.0908088805841289
5145,0.18391763631284241,-0.01901777163558588,-0.10629781840825275
5146,0.21287064936604644,-0.009775911711900972,-0.10527114715339557
5147,0.2006170354594689,-0.003119124936325673,-0.07969901268818382
5148,0.20043184218236915,0.0015191725665305565,-0.09980130799634349
5149,0.14401546191795406,0.00026567871443516997,-0.05637249682228497
5150,0.10657910896920395,0.006591386223321798,0.08358577888861927
5151,0.02862681155983079,0.0014031888143300872,0.3223635455219599
5152,0.02459797724009844,-0.001982087688429712,0.48668492005205405
5153,0.016693855191166198,-0.0008718312199527869,0.5297680324897969
5154,0.038378878899717375,0.007269355379577693,0.5100551984885665
5155,0.036530220657185974,-0.012960705597896836,0.4658149547114025
5156,0.03616451659531431,-0.0436599684459004,0.49136678808059225
5157,0.047591580857191194,-0.043053493608637146,0.5471693767729762
5158,-0.03186050922690912,-0.014564953308276308,0.64757315824825
5159,-0.11658770771392486,-0.018175695411165375,0.7722792949929435
5160,-0.15246669091864945,-0.031212170962259676,0.6972273579948418
5161,-0.11221740935519914,-0.04023560595449279,0.5757364985145661
5162,-0.07249644323353904,-0.03430098310501109,0.362551982840183
5163,-0.06402590350029645,-0.057938071792130494,0.2711658368912546
5164,-0.07519388822571225,-0.08170861392931314,0.22583504007110872
5165,-0.04454721711114124,-0.07821897109483888,0.18356177885725586
5166,-0.03571531563315313,-0.08140708457701085,0.15741251849396046
5167,-0.017556089917846452,-0.06333156713508496,0.19587166180346083
5168,-0.042493885859616505,-0.07551794983963155,0.25882169499726626
5169,-0.05378305953577592,-0.0732038238548645,0.34423382005747655
5170,-0.08720626650118242,-0.08670707970117186,0.3847253139925367
5171,-0.12920768426305182,-0.08005254603374,0.442849779782373
5172,-0.1755422209445043,-0.04858130087198672,0.5290008542498835
5173,-0.20961510873628025,-0.029453610357380908,0.587000401232824
5174,-0.2085893886905222,-0.006735836335705671,0.6239495276311267
5175,-0.19602491492765858,-0.008566870968229437,0.6005477723909687
5176,-0.19283037426225672,-0.0036570863434069786,0.6067533168574518
5177,-0.1969232529723779,-0.01707014159531755,0.6032735230259715
5178,-0.17720713809963853,-0.004336551529822947,0.5554661213445088
5179,-0.10458114828623434,0.007702578408092399,0.35125708380381354
5180,-0.0511572703113961,0.029123801616185475,0.25864291355007346
5181,-0.03943288222398787,0.031182314236924587,0.24086978338656329
5182,-0.050414119511269985,0.029375628835971553,0.3695250620325942
5183,-0.04641360535381979,0.04276763513062149,0.368041628229179
5184,-0.02094763564913572,0.031005984247283135,0.26429866664050866
5185,0.015745691941370505,0.018057786246886438,0.1517147846575357
5186,0.02824671087548314,-0.010071915170829223,0.16125880783571392
5187,0.010963022797873893,-0.01033192403766556,0.3449615933523052
5188,-0.007031973811456783,-0.02022816115256379,0.43286319091763975
5189,-0.02439619828154203,-0.017748233182390712,0.46138113942721987
5190,-0.049874669928803,0.00787781296853311,0.4290226995514451
5191,-0.08106410748513858,0.056266573472040005,0.4854780135924646
5192,-0.09150781050453542,0.14240532462222508,0.5361845369038131
5193,-0.0961360137969035,0.1484690122835021,0.5606786999775513
5194,-0.06623837652732592,0.1414301936467498,0.4480167132588506
5195,-0.009981656598402937,0.09249576242595692,0.2881386198811412
5196,0.06038702295189392,0.07408466270864796,0.11211794576062324
5197,0.0744325865156851,0.0554162452755603,0.04023165341035081
5198,0.051429669841767965,0.05529549053948413,0.015358043542246815
5199,0.05187993899008578,0.06625251385836202,-0.016249330735431992
5200,0.042511412405706786,0.07625910619564784,-0.0017711628815879333
5201,0.06236321242453787,0.07067325605283346,-0.03396072678547016
5202,0.05750037593825775,0.0592706667834042,-0.07644127484559415
5203,0.10355644406720842,0.07103435838697048,-0.1565258259289274
5204,0.11437471605047236,0.10551055193019847,-0.1854214534453179
5205,0.12168964017392064,0.1421211585581774,-0.15696417444340405
5206,0.10399217560365938,0.15552716518647056,-0.14152364510404644
5207,0.1127973927418258,0.1354523209251406,-0.11972991950522914
5208,0.11489756513406055,0.1070676674436696,-0.13525555951013737
5209,0.13906949811660285,0.0787484792788584,-0.17691730226534896
5210,0.1417812667796021,0.07245284844876973,-0.18337529698653435
5211,0.1556323794669093,0.06937043736523113,-0.16550462761638052
5212,0.11929202485477772,0.06597749804855214,-0.01872194199404905
5213,0.06823016036558598,0.056000645155463276,0.11190035377098467
5214,-0.0003642704322106153,0.03781917683488419,0.24769434115954028
5215,-0.004486886408320783,0.012076900811563427,0.2070730927886199
5216,0.014093344961292083,-0.002193370976473977,0.0997294385094882
5217,0.06440120695478513,-0.0036834070481862134,-0.022274123889969417
5218,0.08923457171267668,0.0043533679232356,-0.11363189823746371
5219,0.14059399759889774,0.01139925039031751,-0.20195118995484085
5220,0.18967288990410974,0.02508016743092783,-0.3078174694705824
5221,0.24072354367372098,0.047737552194577114,-0.3723390072253638
5222,0.2354109159227484,0.04424537217890835,-0.3156583688576854
5223,0.1797595588469741,0.031056718995779848,-0.23992590399484634
5224,0.1451130207170759,0.013919421766109783,-0.17418013739344748
5225,0.13585251570912163,0.016102067009128897,-0.22640774717478995
5226,0.14824950799822512,0.02458886903298166,-0.24436936271005322
5227,0.13836011457902017,0.0427585567080574,-0.22556247926065054
5228,0.11485839068910166,0.054922889567423645,-0.1251340566775038
5229,0.11491397347039299,0.04475543184423977,-0.027515055006634787
5230,0.14010980599208256,0.014767495115311129,0.02347289046672593
5231,0.1655321531942666,-0.04084372390011048,0.07898732417581433
5232,0.13589574314924824,-0.028045213848602216,0.037610473502469224
5233,0.06705016190950346,-0.0036516724777599734,0.041954429697603324
5234,0.017957080647872447,0.042187313329966475,-0.010822277241660462
5235,-0.0017292913794495282,0.02544185336531005,0.024524795575690324
5236,0.01719564033756188,0.0251615893207554,0.0229818458042611
5237,0.006374276430340528,0.024089264774876454,0.05819771650848448
5238,0.018164332069112603,0.037985910020537,0.06343375305829375
5239,0.0055110522036097955,0.035417482680948215,0.054172791016523635
5240,0.04057067457158979,0.03128356308042464,-0.0069457610251509655
5241,0.04992469645608967,0.03139555818475232,-0.04816879171832556
5242,0.05880300054191364,0.03692180813136761,-0.07216848829269006
5243,0.01737893276358362,0.054840276306385154,0.004707417845511294
5244,0.06805644670484888,0.07412417462004678,-0.05327243374551885
5245,0.09134234925093869,0.08784109385767251,-0.07940024918563046
5246,0.13512466619468705,0.0926419472003141,-0.14489132824648476
5247,0.08142597055223552,0.07932209667655132,0.00926057108231554
5248,0.052396784838030744,0.0557509260691608,0.08132322303885757
5249,0.023250937116248573,0.022632281280086083,0.13965501755134968
5250,0.04181866858101095,-0.00017443002027943354,0.08711300211771135
5251,0.06091753725042467,0.01441167765820674,0.062253156946729206
5252,0.08606795879110561,0.01345910188762437,0.08329750355292036
5253,0.12076053569194649,-0.018777052662745205,0.08805847088221279
5254,0.15715782280121973,-0.0663895690498733,0.08464549926734102
5255,0.17327827592732065,-0.09972105294446237,0.018544365960683307
5256,0.10860080460323006,-0.05861278563030641,-0.00792993043820662
5257,0.069602368263839,-0.03722834316224588,-0.021176560396192142
5258,0.04555616825019923,-0.001137637238128781,-0.03662938624281271
5259,0.08582085852629558,-0.032514309682083915,-0.04764395845515361
5260,0.09663163446632703,-0.03778109918459352,-0.03561675406121691
5261,0.10364656642243558,-0.03929159601708446,-0.05728728763346343
5262,0.05838521991717525,-0.015590469433996449,-0.05127627721841043
5263,0.031245736976599138,0.005342636815452012,-0.06261964658123034
5264,-0.02621589022095797,-0.0030021601080743284,-0.004304319511789199
5265,-0.017001743912325496,-0.034673692330834074,-0.011428081126810133
5266,0.0197836746442934,-0.08631555796293225,-0.00017888536835108758
5267,0.09257750051495515,-0.12678398910315278,-0.019995454515544957
5268,0.1388648092514431,-0.11152908117172822,0.012176330333497737
5269,0.17001175485199443,-0.06008464765984492,-0.012176284143552887
5270,0.22506337117078568,-0.048759405270791645,-0.03569097608945941
5271,0.24736741632432313,-0.017929808845103073,-0.0660689791324266
5272,0.2876220697581316,-0.022255709054431774,-0.06975147197233117
5273,0.3771637764591457,-0.015684634689536948,-0.18677447608962372
5274,0.5010056839053579,-0.060527675963485635,-0.3556053889462871
5275,0.5646574432570474,-0.062248824300040265,-0.35159634834417913
5276,0.5764452425004534,-0.10339663908706738,-0.2036745308062891
5277,0.5266910689507835,-0.13644586856959748,0.04979808912474259
5278,0.4914820292663869,-0.19920292577965024,0.19896702215603726
5279,0.42685758041827176,-0.18182007871325004,0.3086653644524351
5280,0.2898331821086724,-0.12501381575696632,0.268928375355562
5281,0.20047131896386305,-0.04411297600632141,0.19093513873563378
5282,0.15993445787158547,-0.024781152003166423,0.08429957504160038
5283,0.16372269956604124,-0.020620437304035674,0.10979908050991996
5284,0.19496682255213996,-0.05112104391772527,0.058230359702857205
5285,0.19326819901795936,-0.061089026289297986,0.07927533287061128
5286,0.2008972278915589,-0.04311824911219013,0.13289096009411583
5287,0.17189290763517798,-0.006099393580825382,0.1836560226966171
5288,0.08906456854580942,0.02371621079307823,0.2801960966993438
5289,0.06063925081598996,0.022605331553421266,0.2991861419863717
5290,0.06241850989373081,-0.03055362265261076,0.3881204015186737
5291,0.12109468941825434,-0.11732767702450364,0.4389600809529166
5292,0.11957175895188364,-0.1639909322932043,0.36921223157882105
5293,0.07947403074292236,-0.1766103102247617,0.3090841848512797
5294,0.08487416518685198,-0.16447102914345624,0.19204587827125236
5295,0.15135652698895805,-0.1752609017307265,0.16112537391019024
5296,0.1528992020699621,-0.17339763702073438,0.12868599046200385
5297,0.11625232978129552,-0.1609785280641607,0.10856985692496512
5298,0.020236083280513687,-0.15719520289855618,0.15896934855871137
5299,0.023262874075479018,-0.21772801641419987,0.19764924243546475
5300,0.04465866665808134,-0.23187287672713136,0.2617435557402714
5301,0.09665771153803014,-0.2427449705837624,0.28733973208272107
5302,0.09436229824474329,-0.2253812487037335,0.3235093479573774
5303,0.05983348836449044,-0.22472867733757304,0.35086205081134914
5304,0.06150854407072596,-0.19533180553735968,0.15885316185634313
5305,0.12680875005953357,-0.13211452324381825,-0.15145055284141906
5306,0.18191235270698505,-0.10522712671522408,-0.39843440495487625
5307,0.197437067072656,-0.11092291756593556,-0.39220658326927166
5308,0.19732658704692227,-0.1052819029416494,-0.29860668648171534
5309,0.18317565211252984,-0.07531789746340332,-0.20918866107893996
5310,0.21243441840887492,-0.05372298006916993,-0.18469538817558015
5311,0.19412010053969478,-0.04240931728623227,-0.14903053074604763
5312,0.19099472358690667,-0.03508128471577711,-0.012777772090424118
5313,0.0943962484372771,-0.03414628133929832,0.1727014816777489
5314,0.02376924084657869,-0.06480426805466445,0.3290698412879317
5315,-0.037646291564950654,-0.08468168057704609,0.26252411657670277
5316,0.03059153663932229,-0.09793213636590208,0.06913439040205681
5317,0.043485310846180174,-0.08001378034583873,-0.04375898141967984
5318,0.06072588059766653,-0.07031580791463722,-0.06842883943320055
5319,0.18231861728795967,-0.06534123352320714,-0.31398585806798984
5320,0.3054226530540866,-0.05912323044019237,-0.5457685384377595
5321,0.44952196335380107,-0.09226730976494897,-0.7270068901548151
5322,0.4319363279238202,-0.09661191838564782,-0.3269605761119309
5323,0.4149364692037212,-0.08980112539944507,0.02791153327394618
5324,0.3473345058083007,-0.04482313860837803,0.288604052620795
5325,0.2761652407730307,-0.009755785033287452,0.29806230348119794
5326,0.19791702934855784,0.056684319432146905,0.2485963629935054
5327,0.1564714108922862,0.09211599489678877,0.17291157572869958
5328,0.15183708165304108,0.10935063090456057,-0.0327484689641933
5329,0.16462019163107125,0.06850947645950999,-0.186970446975582
5330,0.12809481292531202,0.04198629634861011,-0.24784169378985324
5331,0.06294845886949504,0.044808878329182115,-0.12960434405077229
5332,-0.0006722458372736212,0.04625906704666161,-0.04502863398177337
5333,-0.031224460553579077,0.047696182479544234,0.07429292514301304
5334,-0.057103732598016044,0.05357813864002873,0.16342366237836686
5335,-0.059303183745504216,0.07762588048624235,0.2213544766487416
5336,-0.05981822630670445,0.09466060886937264,0.23613267576942001
5337,-0.057171314354014055,0.10952892267085713,0.2082397565646369
5338,-0.02394114514602134,0.12020769992460378,0.17760553579670868
5339,-0.00281473611230092,0.12568710962187582,0.1185931488880503
5340,-0.03628054906737244,0.10850596545426566,0.11667464974586636
5341,-0.0783784771283914,0.09270479351655056,0.1574052694238066
5342,-0.09476480432311232,0.06296193950475673,0.19100142788972707
5343,-0.057931653931614153,0.07235147047461495,0.17678466487276723
5344,-0.05908929357444604,0.06403222291762158,0.16360046324202077
5345,-0.08356839029736333,0.07123413655736488,0.20467464213305378
5346,-0.11477036827982007,0.0541558328494189,0.23941401184937192
5347,-0.10669176141832304,0.013102943250075355,0.25493729269071125
5348,-0.04718197701851454,0.01016282056587688,0.23506454089224885
5349,0.0004010685445224831,0.018280156656525513,0.21131967381434896
5350,0.01770131582243154,0.023630965107976756,0.221671976576741
5351,-0.03637065708924521,0.031572539573602225,0.22865826474210538
5352,-0.07793236978818364,0.02648322934784255,0.26849176298113364
5353,-0.11712679804115407,0.05110467811845237,0.2805814772157819
5354,-0.11591522829454297,0.03403351834629958,0.3162872349059653
5355,-0.13509524483416951,0.012410399575317041,0.28408959928224287
5356,-0.14362400358015312,0.00575890819381579,0.26313692530566757
5357,-0.14896749010043098,0.012703215938589786,0.1990851504738853
5358,-0.13121231942507733,0.03827421607512263,0.18640514472969535
5359,-0.12527279464757482,0.05112339901911286,0.1634383651424227
5360,-0.13054350211639926,0.06199532605473427,0.17518770790889038
5361,-0.14413620402765556,0.06016732778807698,0.18096840416748222
5362,-0.13915938689357024,0.06567304932101639,0.24100117616979294
5363,-0.10887604367985586,0.08238367724536819,0.24905437049405424
5364,-0.10862961671885814,0.06917142671679131,0.1928798420573976
5365,-0.11718357609910325,0.05277673073170374,0.12495753549805601
5366,-0.1681430191452314,0.011684922041313607,0.10512397849030797
5367,-0.15160018848248255,0.020144796496517493,0.1372288241678476
5368,-0.1434039868582455,0.011416681170186333,0.12558360839347868
5369,-0.11078754590327324,0.01548791933654507,0.09323711802416844
5370,-0.08985501579975437,0.012520470099359728,0.03756768603243877
5371,-0.08050145269590024,0.01894862118171216,0.043605385886721464
5372,-0.07607286204911802,0.025491067877899835,0.075417268706929
5373,-0.09478294867606195,0.015932223691937572,0.10880371460518402
5374,-0.0959126172034727,-0.003300654377877299,0.06143157845258612
5375,-0.12714947991381023,-0.029775598157347625,0.05001361061888543
5376,-0.14834877451912565,-0.037240272357045925,0.06207557018629427
5377,-0.17194182702279057,-0.0360413600709687,0.11430185644376828
5378,-0.17174168348830643,-0.03414175559210629,0.10584307105764247
5379,-0.09449769923033337,-0.017043068352854202,-0.014775664986923991
5380,-0.016074423057121454,0.0003095531103522242,-0.12860225842518666
5381,0.039138536373173605,0.009106950675591237,-0.19275280886025467
5382,0.010691726473577997,-0.004394643484456601,-0.1375118715166549
5383,-0.027435710633224385,-0.009306559711905608,-0.052916896296159754
5384,-0.024846022441794402,-0.035332366808779915,0.015565776012838175
5385,0.02262468678228122,-0.04599960977524428,-0.006638730324302636
5386,0.06819634595225244,-0.08103653377269811,-0.0161111877492511
5387,0.09977177187113317,-0.11093758984035341,-0.021136210834089883
5388,0.0788790988948725,-0.11373887583899714,0.011493186587988658
5389,0.10814916006471952,-0.1021316521904732,-0.029046711325534512
5390,0.12023308183260546,-0.06942865543098266,-0.07868530393486112
5391,0.1497033757879571,-0.061442930660501424,-0.11061995989271065
5392,0.17431724672537072,-0.07571273095932447,-0.12551752074862385
5393,0.18946021135046254,-0.08949685602420007,-0.12249093523352843
5394,0.19087569228575582,-0.107332383474176,-0.09353773291662275
5395,0.08564515897934769,-0.06336436127409506,-0.039742565603355526
5396,0.022888100883748524,-0.02070890624186423,-0.02517628221040436
5397,-0.007325651509031994,0.01785881398453394,-0.056629280247555216
5398,0.03207951924690895,0.02733472958437856,-0.09666586695690528
5399,0.06521887877952126,0.026319076265382386,-0.13519691865754993
5400,0.03266380096138296,0.015065875182313627,-0.07918693180762905
5401,0.016489887905514776,4.843390730066887e-06,-0.07593652216912328
5402,-0.019283325888698237,-0.01631236878834208,-0.03311357567168778
5403,0.0034979221763315246,-0.018373601341147933,-0.08286974583216655
5404,0.02583492047657507,-0.018473663338541307,-0.1155188638863091
5405,0.04771015607013191,-0.021363566757507443,-0.1619231080945602
5406,0.06250922095651712,-0.024228381092950006,-0.1952503104200382
5407,0.06498476836312095,-0.028020302418349807,-0.20059665394087972
5408,0.06361770713524577,-0.024253175839772642,-0.18866830282586144
5409,0.07367848465084773,-0.019334152100160637,-0.2011257722513039
5410,0.07093804250652594,-0.015298894720526444,-0.19017582941698954
5411,0.08939309464641852,-0.015770741154904046,-0.21763857490237642
5412,0.1012879906696803,-0.023869904678948412,-0.2713159898744475
5413,0.08682240811777125,-0.013046623854981036,-0.22172021942180048
5414,0.019257180935386503,-0.01626438316227528,-0.07203251252426458
5415,-0.03854502682331495,-0.022280631292107517,0.09768054266859884
5416,-0.049652668874570836,-0.034904984639463336,0.14740273840807727
5417,-0.043959281180001676,-0.03306721885987724,0.17038825649427305
5418,-0.051347495189718685,-0.031886425121829626,0.2205501255179635
5419,-0.042006422491251284,-0.011821314808384992,0.20655688967105212
5420,-0.021545096663994314,-0.0006394575049707311,0.17064268791211865
5421,0.014407788505309403,0.028491859326902833,0.12682956542088752
5422,0.0378227689670899,0.029334024769047628,0.13251448698402832
5423,0.07755553919173672,0.04349731838641516,0.0843714808224591
5424,0.11012098399692849,0.04201435951007276,-0.015406700003008048
5425,0.09510763501093726,0.06421967067980011,-0.00302236392050321
5426,0.0594518598113489,0.08203043483330028,0.04497108331243294
5427,0.013345967316026,0.10423680229952054,0.14308613411704407
5428,0.022963248064560748,0.11487665126660437,0.10034095854488836
5429,0.047691193966876,0.09568691767568628,-0.000967571783498317
5430,0.06929744359557216,0.06351079550327136,-0.11776953128273367
5431,0.08110609638779134,0.014997881739855543,-0.16778115612310718
5432,0.07888983545727025,-0.013405356930459479,-0.13162405732972257
5433,0.06228575042158592,-0.021496006301061008,-0.07068513729203377
5434,0.041431268634801025,-0.02149457916807685,-0.06361214193150397
5435,0.02481476620203889,-0.01821212651836684,-0.05200975547371144
5436,-0.0015586878479705464,-0.016225257291598974,-0.07655642689880039
5437,-0.03685137707932205,-0.02606731274789472,-0.07572722337820467
5438,-0.06376043503679285,-0.02054658847895567,-0.09762648604859533
5439,-0.08665414821054304,-0.02957029683258961,-0.028637851255252002
5440,-0.07519333518557042,-0.0015139943869683543,0.03033748759447824
5441,-0.06590034571194364,0.009202410718502618,0.09603913946207927
5442,-0.01734469432640135,0.024964932852025085,0.052688631082869176
5443,-0.0036282305515325424,0.032049072713898355,0.08551266401011108
5444,0.030645684542996335,0.04419925147510758,0.05190713960431211
5445,0.0556330561269329,0.0624671770870446,0.06414206624652184
5446,0.09238931441034878,0.06708916383667059,0.018405374024561483
5447,0.08548418977634033,0.08583750190805589,0.050322933506983955
5448,0.04803380623293055,0.06659172860841946,0.06101780002747139
5449,0.008569928591262885,0.060342436628623666,0.054470296630440534
5450,0.009818024061304487,0.039575731231029365,-0.017895876587172666
5451,0.02662732229742743,0.04533909024838934,-0.057064957714193135
5452,0.03523970495014783,0.03857557036635232,-0.07527801192681775
5453,0.009292485669932122,0.02953407258126243,-0.04855432813519721
5454,0.002693453392916627,0.04026521739132448,-0.05239853272813874
5455,0.024795310655657862,0.04507107779489865,-0.08425952125580251
5456,0.05731175316412155,0.03732372227026687,-0.1179245758148508
5457,0.05898360736824517,0.040366914310562864,-0.1001435864751875
5458,0.061597337219762495,0.050155517948133554,-0.054094029178615124
5459,0.0686500563037613,0.08752406760645402,0.009538477764174111
5460,0.08340599945564973,0.09332977822371505,-0.014937614021189925
5461,0.06775160388402132,0.08053714245503452,-0.007108013591101251
5462,0.06473383806665167,0.059161768760247424,-0.028149435346195746
5463,0.0879177989665925,0.04387880433913635,-0.04820477588854732
5464,0.11129565098864355,0.03567155773882253,-0.05378721616039279
5465,0.09500572522228626,0.010053300986498473,-0.0849040101898969
5466,0.048832090212443946,-0.0019256278546278718,-0.039933069996556846
5467,0.005219812398637003,-0.0040878887283806115,-0.043676802541838054
5468,-0.018704647160145745,-0.004850851245995474,-0.029415172783202624
5469,-0.02881374514824726,0.0014064825445627134,-0.024930584544138826
5470,-0.052426651080597096,-0.003617156591217712,0.008672968780241938
5471,-0.06645531653982664,-0.0025498761383761326,0.020037734704315757
5472,-0.0846655219727307,-0.026675501177610278,-0.0141731204284439
5473,-0.10446740143831697,-0.04434556586995157,-0.023964777019576368
5474,-0.1068270388663332,-0.07812349843787747,-0.10789397058313704
5475,-0.1258895365111434,-0.07961429004118617,-0.07649773690196664
5476,-0.12927728563829782,-0.07971345901596975,-0.10411295924866122
5477,-0.1458773296081381,-0.06708225884443303,-0.04466801813099132
5478,-0.1297210697304803,-0.07077223726597165,-0.07896944661597406
5479,-0.12873710798784113,-0.07458820260574625,-0.06774326409856506
5480,-0.15066857687566831,-0.06923018086681171,-0.010817285577645532
5481,-0.17366680324607456,-0.05855913574532217,0.07559838825951158
5482,-0.18424114452165624,-0.04633041174054076,0.1235327940898191
5483,-0.1829978121665985,-0.05218249181500372,0.09795920871113664
5484,-0.20614338390229184,-0.061505337073792694,0.08684157474365096
5485,-0.20425074172991944,-0.07328460088434853,0.043124052791857916
5486,-0.2111451026022475,-0.07817198561444698,0.04467663494757868
5487,-0.18624470583648142,-0.0705572276142711,0.015520634302018046
5488,-0.17996599204298216,-0.06311360759509826,-0.00022384672237806872
5489,-0.1755204669378128,-0.05481582196560778,0.014601466691738852
5490,-0.15977789703574685,-0.06468567272202308,0.045580755170979446
5491,-0.12380744667382063,-0.06445113244235337,0.07316936547148838
5492,-0.04337191317075353,-0.10230941260832474,0.06383097256981593
5493,0.018839387765662803,-0.14715423194014185,0.07983259646595953
5494,0.028642610198809926,-0.20851075141644768,0.1314819827967285
5495,0.06559802119311503,-0.2384873555057849,0.14127458614647995
5496,0.06205308895933372,-0.24165445868384972,0.12625490441790824
5497,0.09285099925322385,-0.2575771028862305,0.09428395818086273
5498,0.10266358975812197,-0.28794797450345977,0.09076779811809972
5499,0.14812671290819185,-0.31855234951493794,0.0744535680402413
5500,0.1347227951450035,-0.32609890288587917,0.11291393009988863
5501,0.05808528499901933,-0.2955290765367943,0.18528237131629086
5502,-0.019097701376098137,-0.26533580338952795,0.2506176190516033
5503,0.01052372800095427,-0.24162960841195444,0.25143495205045774
5504,0.02729127915402924,-0.23087683394021635,0.28589378629986706
5505,0.02795657358930644,-0.2243033874944228,0.28893255289512704
5506,0.0010449013536563958,-0.21864157934483883,0.2860414162935318
5507,0.029674210761896903,-0.246749636510529,0.19853205481679131
5508,0.04218337323211876,-0.20330712912771157,0.1227965118890215
5509,0.07579967626087479,-0.1922622036652087,0.059348198980359104
5510,0.11424191839752854,-0.15923645146370927,-0.003108894644387598
5511,0.18815928530709378,-0.21221856727083774,-0.006299670603551443
5512,0.23950323273444912,-0.22442786955416721,-0.03486850267242207
5513,0.25061689687852495,-0.202882961211454,-0.05217751645817397
5514,0.21181028336691635,-0.1386179727954116,-0.11447510999347614
5515,0.16255690258948938,-0.08631987959946023,-0.14362243664139435
5516,0.1228030504324392,-0.04929093762897323,-0.1851443449479135
5517,0.12934292852176316,-0.054461418704991875,-0.1777623116613298
5518,0.13380252185955055,-0.048437324693550075,-0.18120324338039465
5519,0.13077476708216793,-0.04706591079079961,-0.14409241428064284
5520,0.09799478096953158,-0.047637066473340726,-0.08336883412216115
5521,0.06616777531016198,-0.03801545041335927,-0.06753318101866648
5522,0.03661845999472218,-0.026196988044471358,-0.07286896360364085
5523,0.03250174934743605,-0.018744180953692798,-0.055293288067432604
5524,0.031162193253608358,-0.022203566358104443,-0.02661376641446474
5525,0.00959485022032286,-0.015983870074782653,0.01118517219921895
5526,0.007222540834743135,-0.0074753840687570875,-0.012326657939154839
5527,-0.008515762548375388,0.029653659455859235,0.012924750208256924
5528,-0.0060053018768010885,0.048655385366233095,0.021529728622010615
5529,-0.019823792521768777,0.059148120406220465,0.03898137336122723
5530,-0.03985054551819731,0.035795201399750357,0.04086373070862466
5531,-0.08424266754236012,0.01967804731533405,0.08675866826116076
5532,-0.07711325556618198,-0.035223029113303335,0.13752895971359935
5533,-0.01946056541227671,-0.08400659635555324,0.11157363067094059
5534,0.08625102670502859,-0.14520380415302003,0.038462463167890225
5535,0.14221793181751985,-0.13984749037818914,-0.024789877402195168
5536,0.18562629226333255,-0.12101174143660252,-0.08414658786996823
5537,0.1882631541990376,-0.08476612877697529,-0.10497610164314389
5538,0.21732711345068073,-0.07953140538845602,-0.14541177145913178
5539,0.14003866647957156,-0.06113985043644574,-0.08251282757605302
5540,0.13171006590088966,-0.06132444903146259,-0.09379646058780021
5541,0.13591130410734706,-0.06508257016901688,-0.10659242874030918
5542,0.1772862380284016,-0.09296596295366277,-0.12665345860992125
5543,0.17336476223471095,-0.10296078414778029,-0.09667046851504332
5544,0.11382618542521665,-0.08626739091182334,-0.031069955716931847
5545,0.07789592859468532,-0.04742342120358829,0.007851089736611363
5546,0.032662180290109144,0.004546364115357197,0.018525483497940212
5547,0.03979747200580455,0.02590115533554076,-0.018475168817349067
5548,0.03964431876947054,0.043025816807211216,-0.027327104076725107
5549,0.022961261988370726,0.03121383044186438,0.018407525232248177
5550,0.034207794569625284,0.004122790622753868,0.07198675766716328
5551,0.07484656034082392,-0.01988734241484297,0.05094295147611579
5552,0.1288973074388961,-0.0450529330579571,0.027687290072432546
5553,0.154149597536437,-0.062430023236014064,-0.02688679453107191
5554,0.15517190236764342,-0.10011696254341729,0.003281159272777987
5555,0.12985286093676662,-0.11429518065539031,0.03846850617267559
5556,0.06169209684136596,-0.08482316400313576,0.14117814686786995
5557,0.0020262275078361137,-0.03553815895887041,0.16329376219328634
5558,-0.031271293923212935,0.0053473195550071545,0.15990959329280033
5559,0.03848062234175925,0.012728087168024366,0.007104519055653354
5560,0.15845398197554755,0.007445424980734426,-0.3029627693345406
5561,0.20288777276597808,0.011960725106925274,-0.39282373983812247
5562,0.17680283873682642,0.019007884371441297,-0.34741643783661635
5563,0.10478257385533511,0.043299109699277125,-0.131429784486997
5564,0.10156205637954556,0.04689449277990497,-0.1170945351586079
5565,0.09980493925240194,0.036575403687527076,-0.11643628372544983
5566,0.12136406763822669,0.0016845676075067928,-0.17739144300101495
5567,0.14265695119793853,-0.024050616766330954,-0.23388379274488494
5568,0.12765010156521905,-0.049933871776223424,-0.20214173966490234
5569,0.06126719827884639,-0.050167120640643256,-0.11218719506411176
5570,0.032332750236390186,-0.04334871717366999,-0.1005287783829979
5571,0.043140298149401325,-0.04574012892927695,-0.13373282572403933
5572,0.08998293744072908,-0.03707238946525703,-0.17974547945883526
5573,0.09341138248236405,-0.04420812612012418,-0.15953954575718682
5574,0.09253418305045151,-0.0388252364421238,-0.1689047157623618
5575,0.07096334136470343,-0.036163537644341666,-0.14539814835016984
5576,0.07610104801367912,-0.02906446637478898,-0.14394306776766824
5577,0.08304756494916526,-0.03836485551688695,-0.14144683949926296
5578,0.07286606745535137,-0.044805877066085575,-0.13679014721691257
5579,0.07428924813095782,-0.05924831109606014,-0.1111030490300337
5580,0.06952235350300363,-0.030899620150283445,-0.09989658538735073
5581,0.04373477470966893,-0.00916207158394381,-0.051677155603563465
5582,0.005790476010053732,0.02849674023175258,-0.028534427162907043
5583,-0.020696663408939563,0.031388066126205254,0.019800220609714897
5584,-0.023854964634379344,0.025703602164361784,0.03907564713010496
5585,0.002237974275240558,0.031883141379832156,0.010074158185779399
5586,0.022385381516551724,0.030988590462411026,-0.012245950415792139
5587,0.05628872073538249,0.05456208034036937,-0.03275093491721975
5588,0.07285989110024003,0.05812045300288591,0.004606881138333592
5589,0.07709321360016191,0.04992438225782909,0.011962422782340266
5590,0.09308415523659759,0.04289816467928311,-0.029669921193473173
5591,0.11403870757499594,0.03922007871670586,-0.10683190899696143
5592,0.18200622114919185,0.06672376562767,-0.21414509575321578
5593,0.19855757105982563,0.0587870427641545,-0.2735226052205269
5594,0.22556148525155081,0.05869274078257966,-0.33534559452430396
5595,0.16366805131013584,0.0399468329283193,-0.24569704082242294
5596,0.13379868031385111,0.020791620971676382,-0.21098073512946497
5597,0.09863914350269767,-0.00689454316840934,-0.17693602819349144
5598,0.15055411100829372,-0.015433622687729296,-0.2834372198652748
5599,0.17109104256269372,-0.006827322181392053,-0.2887194708862591
5600,0.1640111433063851,0.012670006300430902,-0.20581173715822842
5601,0.11065272333855018,0.01279464760224659,-0.048185222837389956
5602,0.0944726253672548,0.021750501707377006,0.03896820050721714
5603,0.05725761546759474,-0.0023341127662626668,0.03017226387215228
5604,0.08205278582208847,-0.004850930748711713,-0.03821775079077382
5605,0.07254300723929073,-0.015374492654847272,-0.07182025325698925
5606,0.11715336044337676,0.0017725932508095407,-0.10081792295313263
5607,0.12273529698524431,0.007540452271302418,-0.08831165522016622
5608,0.15056525900053377,0.02617287675053859,-0.09145135912646261
5609,0.1678929059200683,0.048468151245712784,-0.10752204303229905
5610,0.18809272636437585,0.06499450182820406,-0.10539159338646405
5611,0.18566636803533432,0.05596552725708269,-0.08093983157428367
5612,0.2286113902252149,0.059125541994713544,-0.06097198074134103
5613,0.2397254951087813,0.08686867871126631,0.03307910851054203
5614,0.24790595541385144,0.11627896162146298,0.14119916845182737
5615,0.1853806619996516,0.12488074627903804,0.3449257948270732
5616,0.1582015542935008,0.10895170220259259,0.34123146687454353
5617,0.19032319234248773,0.10799169305747927,0.24073544115201356
5618,0.2440553909268958,0.12076848018949028,0.07866697754960826
5619,0.2169078800073319,0.10469764220772794,0.12145936183815252
5620,0.17108477499722743,0.08402748797340916,0.1666801039314149
5621,0.13521283780596194,0.07035019940867997,0.21641391878413838
5622,0.18509370126123414,0.07685627826913143,0.07277209033685512
5623,0.22695602749232285,0.06824010090247067,-0.06165903985180974
5624,0.23574986353846364,0.05322513936507813,-0.20086445812506873
5625,0.20374366668261387,0.032095889685928906,-0.2400653218418667
5626,0.15807296531947038,0.02237871567989146,-0.20017605438401762
5627,0.07839491268121576,-0.02326560835339555,-0.09508642706452293
5628,0.004600735270244041,-0.0355381455439849,0.0086202139370593
5629,-0.019356512497644664,-0.039546518675144575,-0.01214637788914739
5630,-0.0032396157442758293,-0.013526053418772038,-0.07949616073298064
5631,0.014193580443889712,0.001144787868126272,-0.1475477964806154
5632,0.01858209839907159,0.015343755483948625,-0.20302036287047745
5633,-0.020427591942644287,0.011969278226459606,-0.1818105273029043
5634,-0.031278078541606476,0.02186465451245374,-0.15258327235972338
5635,-0.042432055194145654,0.0453610416439938,-0.050743180186422224
5636,-0.03135752692879821,0.0728296272857081,0.02310702783284798
5637,-0.02210532673670858,0.08054023003544568,0.08047383183642232
5638,-0.030176246491942463,0.0756332160134214,0.09037745186859272
5639,-0.0417898652260238,0.06611759314095073,0.08291623069995817
5640,-0.04772934556055682,0.05595954494840673,0.03377207768141357
5641,-0.0270885351596588,0.05403411169355252,-0.023963332763677254
5642,-0.04188129920283689,0.042278666991005395,-0.02948367935010521
5643,-0.06236992645805609,0.03780982495135379,0.01670385149322507
5644,-0.12296614983150612,0.01833372949184032,0.09012531199979375
5645,-0.1166793776630583,0.020398858371755434,0.08460681668996789
5646,-0.1053395116502195,0.011085268624242233,0.05953881062048794
5647,-0.0996320024517755,0.0123966577341325,0.030999834365658063
5648,-0.08424895188018092,0.015313182054424826,-0.0018588588657588699
5649,-0.08375249020085071,0.012016727447955436,-0.018754907039363826
5650,-0.09773308239693375,0.013946180866950953,0.009651801972402375
5651,-0.1258640591905479,0.001804600423830001,0.05117592557839498
5652,-0.12972986070248665,-0.0024697167283270413,0.06948289885403225
5653,-0.10432319957749653,-0.0032628326661064723,0.06207986463261343
5654,-0.08574885931842481,0.001386718086682253,0.05595344960712905
5655,-0.0517855111751036,0.014010046639347995,0.029501943426277332
5656,0.001975807894908696,0.03190777649207061,-0.048174205718446536
5657,0.05551794637597365,0.04896143666073177,-0.11019738717319348
5658,0.08327386088327926,0.05920341830079785,-0.13743087332916995
5659,0.08107509255679086,0.06473138386313819,-0.12033392781658611
5660,0.07415276998205693,0.06500705595594186,-0.10276749438161738
5661,0.05025118556808513,0.054778264499904895,-0.07107425171189284
5662,0.020790384303759648,0.04039748790945347,-0.031583395287375235
5663,0.026924165271973083,0.037612436066965516,-0.03046233345238846
5664,0.06087995774073376,0.042191890767511106,-0.04062564754687155
5665,0.11880140310694239,0.06654733058548996,-0.09474001694701091
5666,0.12186652428020524,0.053517820882285745,-0.07183443419539182
5667,0.10611801213951025,0.051055605618036085,-0.06848900247627206
5668,0.08779241563618037,0.03957487368572215,-0.05699274707592788
5669,0.10007690111518658,0.05612789716326674,-0.08989300368892604
5670,0.11037487877965885,0.05856515993391339,-0.10640957770942142
5671,0.11439759895874585,0.051424870693540646,-0.12973979446557737
5672,0.096182434878227,0.04249910660685536,-0.12079549804387749
5673,0.059312384710714636,0.0249536631112871,-0.08506304515084569
5674,0.04420592367109631,0.01978284681032606,-0.07375906755522148
5675,0.06226511547109616,0.017551947728376968,-0.11229739211979622
5676,0.1568225530220102,0.027396893548897547,-0.2783205731344968
5677,0.17608525658122756,0.02130325006345103,-0.3181532566225806
5678,0.19339463653522176,0.014205781509506563,-0.36099306775603013
5679,0.15757511427747437,0.006256279985042016,-0.29912092478657765
5680,0.14827429605329168,0.004402370259500535,-0.28506762493271487
5681,0.12702946687977268,0.00014541281874386885,-0.25333777845998184
5682,0.1301438686801179,-0.0003378337744570775,-0.26484795160074803
5683,0.1437981667774615,-0.018222499482300144,-0.277215009050746
5684,0.1538217823414851,-0.00021473025672508187,-0.25992273294290225
5685,0.18257371236732173,-0.016311815016847735,-0.21842013170613017
5686,0.1944217220923648,0.011559504028137848,-0.20666589705787913
5687,0.21870728863556826,0.005764466389236496,-0.2369246018019606
5688,0.22296218078008845,0.057082787303817904,-0.29023131644407074
5689,0.22962592629326928,0.08883602775939543,-0.30394812312070374
5690,0.20482968921009068,0.10044573781300264,-0.28571389255566787
5691,0.20706562319236094,0.0715801143200905,-0.2851716226580017
5692,0.22415220177081596,0.024725833635047927,-0.2057978547893896
5693,0.249185523908287,-0.011713173135650743,-0.17332243228029345
5694,0.18622374890277907,-0.028456647699539133,-0.07372201367043225
5695,0.1360525362777294,-0.03930277824673949,-0.07966422459259995
5696,0.07099478792654738,-0.029586181571532907,-0.06476012713408218
5697,0.03527595362865695,-0.01624979530918012,-0.04636982990946673
5698,-0.0004200991032187675,-0.006682116572185564,-0.02708397442030608
5699,-0.005481424220551676,-0.0021541565319363742,-0.013081921312543794
5700,0.023068925021824293,0.0009876711448793803,-0.06661678210783155
5701,0.08877323718902357,0.02547065717093574,-0.16061914011037684
5702,0.11771202941882809,0.037665276304512406,-0.1937912963783945
5703,0.1429461500761808,0.05138299653624372,-0.21127709031851966
5704,0.11770314650851807,0.03197504845416184,-0.18282438191619263
5705,0.1327192416166056,0.032679554143570856,-0.20560690586358696
5706,0.10933371044744974,0.01816385734262142,-0.1859387680987945
5707,0.09232029885414932,0.024243472997824582,-0.14023802657675755
5708,0.07475978907065824,0.024036039976552438,-0.10521906629641146
5709,0.08174506735337114,0.03731827532621195,-0.09331816977579858
5710,0.06622079969304823,0.029439152652705563,-0.07685849620327007
5711,0.06000778720481114,0.01624617973971232,-0.09749822999846564
5712,0.11186260110457187,0.018424823410918233,-0.20532609154988737
5713,0.14745898207399402,0.021508716078990575,-0.28411351457747164
5714,0.15194026772947003,0.03154649946721089,-0.28416286950834546
5715,0.08519129577400882,0.025949050123963622,-0.1683976723535344
5716,0.03635297243485818,0.023681955121766043,-0.08460586618848273
5717,0.003930109054382237,0.019623550903195265,-0.03220075382795076
5718,0.016632885423746923,0.005081359473080139,-0.07290056768296271
5719,0.02629462648659307,-0.0033440065547096355,-0.09286815324436233
5720,0.017604327755289487,0.002493979263047175,-0.072966280150001
5721,-0.010007924529837148,0.007986274740438202,-0.013485415382865544
5722,0.009291739387512555,0.0128848985304733,-0.03771078196947168
5723,0.033179843534715765,0.006888595439726229,-0.06820273220514159
5724,0.049690132500241,0.009647962690892577,-0.08681110012640413
5725,0.04607675391570571,0.018695662417965487,-0.05950933068764088
5726,0.05098199833741299,0.020876340392239973,-0.06520255262862384
5727,0.0427925115742144,0.019311521244453227,-0.04019155293059999
5728,0.041597229840165145,0.01827789178679634,-0.046192912818567466
5729,0.037111098910726004,0.016116116989015307,-0.04344901449707082
5730,0.023104603727479352,0.006398957346149376,-0.05139837121545767
5731,0.011294935845354327,0.00021713556959678565,-0.035205421857090975
5732,0.012428928714776041,-0.005444048020568508,-0.04625663996193848
5733,0.01796477698109164,0.0008759773966136124,-0.0347089641551359
5734,0.007927951490669312,-0.006956181619501528,-0.04025342189574532
5735,-0.004561496210606658,-0.015878679622753914,-0.04295126866586326
5736,0.0020710845561959833,-0.01275711337057214,-0.07622389114698705
5737,0.003470496744350339,-0.005270739446445564,-0.06200830735702934
5738,0.005059863757109125,0.005199268613181848,-0.05457792688547364
5739,0.000609521197126737,0.007398613752205392,-0.04023799756577168
5740,-0.0029598909991262186,0.0095024542307721,-0.045737040476631706
5741,-0.008136169891656877,0.009721960308643739,-0.030714168300589678
5742,-0.008503295985613902,0.0077294247718552225,-0.019999829016758525
5743,-0.020234706161639582,0.0009787908051172873,-0.007570601767926154
5744,-0.034023863273841166,-0.009426148375412956,-0.0012963691268178922
5745,-0.04697436774314364,-0.02147071480588611,0.0022473491343120793
5746,-0.03140625036418692,-0.015934475625013454,0.0015263688813882477
5747,-0.02446900832628097,0.003627931652340672,0.019826205176485444
5748,-0.016758016239765486,0.020360468031137204,0.04666173671488425
5749,-0.026418052184342726,0.029244190573101306,0.058409500612246826
5750,-0.04767540203321553,0.03499054536559094,0.08640146142707482
5751,-0.0615130528813433,0.04318586796339898,0.09130822427532582
5752,-0.06980599931383936,0.039602842303612544,0.09740114677812528
5753,-0.04432211123666306,0.027057465072043006,0.04054547944274671
5754,-0.02716195283470687,0.007296701590827588,-0.016340447809723616
5755,-0.01953201134471827,-0.003391089615624661,-0.04596934697259356
5756,-0.02594993953871263,0.0009488612539483419,-0.034613427062371666
5757,-0.02094410940225274,0.017334165916141592,0.0012647837596333395
5758,-0.00868521617509125,0.02586735043147131,0.027594249673731464
5759,-0.016758004948456372,0.033159351075428195,0.08144779434303448
5760,-0.004105308479509593,0.04741824716567496,0.056948425709436194
5761,-0.00044826478616410243,0.05413105759132314,0.041257672603722415
5762,0.027053438602295074,0.04791936400089299,-0.026251649632507645
5763,0.01901965244175446,0.022425703443044977,-0.025708046531995255
5764,0.019423012237511934,0.016923770212460134,-0.02733111044899623
5765,0.013137442052310802,0.017564726295755975,-0.017226434016723847
5766,0.0053114184655517135,0.01888179122677994,-0.008169824245626255
5767,-0.0058304818238864384,0.029467827748149617,0.012827798339379547
5768,-0.021308829887488858,0.03381928046215259,0.04069115694736379
5769,-0.031287293263519034,0.039820717714960444,0.07648420620525631
5770,-0.031510321544512145,0.044546469026488816,0.07572789409698474
5771,-0.034092102472936404,0.04671949836696718,0.08855008177873996
5772,-0.04276429223306954,0.053356149924377844,0.11416470245556706
5773,-0.042297191447865874,0.04403846415236594,0.12134671882726515
5774,-0.03303317674120279,0.040394389706941425,0.10282342373421384
5775,-0.015074106557058754,0.031710493951050946,0.059400393183126
5776,-0.01609383764192935,0.030810401005566004,0.05632560437507684
5777,-0.026586912675064116,0.02462988783343363,0.06981700878315904
5778,-0.03723328817964804,0.027216383700677232,0.08601255247969156
5779,-0.018172706865054417,0.028905993084565523,0.053491493520413234
5780,0.0029783698233484973,0.02410448566569195,0.003149396289184259
5781,0.012473860541245833,0.018001805811945677,-0.023278192545781593
5782,0.0033152448646169034,0.0036736407316761365,-0.020445283801601252
5783,0.0018696657740461728,-0.0012158581142868803,-0.030751442477884673
5784,-0.0030913249827867672,0.0017295418906247805,-0.029500646147929008
5785,0.0335539753088792,4.7615129976299855e-05,-0.16712878645411652
5786,0.023451471450451008,0.01874713943079404,-0.16695911557092985
5787,0.013134742728594568,0.03413988146266532,-0.14277666892310936
5788,-0.02838783925453637,0.05443690121667653,0.008682465523377736
5789,-0.025835419187539458,0.04961407564908458,0.043141258520499264
5790,-0.015879790562488044,0.040660587753289734,0.034601132242465346
5791,-0.01720613328518481,0.03276984650014351,0.03897285752919512
5792,-0.016196081880305243,0.03191636141663663,0.042082222173849264
5793,-0.017006895101659977,0.03325662326139747,0.04403564970186408
5794,-0.017006895101659977,0.03325662326139747,0.04403564970186408
5795,-0.022702770197932553,0.03752733165330361,0.05469597078441483
5796,-0.028716945159123587,0.03703275569603243,0.0511785722870712
5797,-0.037686010116841674,0.032662019952548714,0.05414950808343795
5798,-0.04485149757983946,0.020833908185794267,0.0503549152728272
5799,-0.04470457536928565,0.01159557252947347,0.04774188985302289
5800,-0.04090318065369184,0.00967055139388586,0.04018960096316897
5801,-0.042423876791736016,0.01713018439928634,0.049530428773057286
5802,-0.035541270685414364,0.028956039183911025,0.05074972238075721
5803,-0.02691550701536493,0.02376742780457227,0.03562319147521768
5804,-0.011780648492158763,0.01606677901668937,0.004770211115074306
5805,-0.002649542039749592,0.001325591460917413,-0.014786017290905543
5806,-0.002154499665566361,0.0013295411796444903,-0.010279243685811599
5807,0.013571888670952366,-0.007620603576466138,-0.04912070327024631
5808,0.01502459768346293,0.002646501991450432,-0.06432625833543373
5809,0.008955487701831114,0.01011625964523522,-0.07369030706057277
5810,-0.018147026691218524,0.022440872613484427,-0.04107286622239452
5811,-0.03665412783288852,0.015214216318667692,-0.038836077451413833
5812,-0.061290905156665104,0.0028300913926897035,-0.04341078061150567
5813,-0.07648607522006241,-0.006176693541221228,-0.04678897767028324
5814,-0.07984907455498197,-0.009738879567751334,-0.03696794885181158
5815,-0.051906168148625365,0.004754585427170527,-0.05694057788810262
5816,0.00021313741280793035,0.027699624921630278,-0.10006657279935924
5817,0.00432315496315848,0.030333376030093933,-0.10744027209446504
5818,-0.014785477208990051,0.02115533401667706,-0.08556220617932114
5819,-0.04919811704285609,0.005905541654522027,-0.05316574981702062
5820,-0.051076975440855946,0.005593956459455138,-0.041147762247154294
5821,-0.04558345662255302,0.007304350859644308,-0.04027970881234495
5822,-0.029398862307701612,0.016115790885111253,-0.03936034189698045
5823,-0.01317458202797582,0.019551917605646174,-0.05415544989678025
5824,-0.011439234553256574,0.019639901705340485,-0.040825962463777524
5825,-0.04627874038063669,0.005392201813705182,0.002175744253933719
5826,-0.057690414808121024,0.0007370353555178899,0.021343202484824273
5827,-0.029241475541472925,0.008915215475365987,-0.004765940704085847
5828,0.02404403881812158,0.025713491732248638,-0.06021964993065441
5829,0.03559774737689058,0.02649583567676156,-0.06597938461731748
5830,0.022189586497805988,0.01904539850342999,-0.04811406328903367
5831,0.0023794140242971366,0.01084543624175097,-0.014287431815774965
5832,0.016548053530670008,0.01945725416079537,-0.031602904001198216
5833,0.024559706356249537,0.02227406949695304,-0.0397499091600052
5834,0.048057923287119615,0.02822192680885523,-0.07456172548941295
5835,0.029158388753782603,0.014510478279194822,-0.07161806649206576
5836,0.030159138299539718,0.011641139144028267,-0.07309879174987712
5837,0.015208732333667388,0.0055722100229523164,-0.05936127729908197
5838,0.03780333934244458,0.015907414964577538,-0.07038244233513914
5839,0.03586996221303166,0.02181734404180902,-0.06322693272672243
5840,0.0433679037016377,0.02639955311906801,-0.05676243682916532
5841,0.05432697862751386,0.035922580666137294,-0.06342036466031002
5842,0.05049429078575244,0.044735670676791135,-0.06239557416279186
5843,0.024645517804523516,0.054765602595897536,-0.034427117457418374
5844,-0.017640589737906418,0.038712017596844187,0.011370518877882794
5845,-0.03897628060976352,0.018143832814426848,0.025822093547636735
5846,-0.018599541809063272,0.008171824033857956,-0.0011810593231252554
5847,-0.019310631846943954,0.005542343773858042,-0.003757436211481701
5848,0.008184884943304209,0.017663820249641537,-0.027370162591501324
5849,0.007651605778422343,0.014324223073078077,-0.05899366216089674
5850,0.019050177472268955,0.014104892218329054,-0.10952522453661631
5851,0.017615059733877614,0.006653862383214154,-0.11362388258840497
5852,0.028159594189776677,0.012107390851822837,-0.08972288934167195
5853,0.04225741565241754,0.019875895271631205,-0.06371418079215362
5854,0.04413984594074347,0.02158032608675932,-0.05482752557606512
5855,0.02177372693446308,0.012399141715943567,-0.021711733876003506
5856,-0.011319571760344488,0.00047091107187265867,0.012608727528923475
5857,-0.021018702181541442,-0.0028915780323911884,0.019953391993610757
5858,0.00015558814435751386,0.006248978757775452,-0.010482876471116724
5859,0.03500433307703521,0.018929326482585794,-0.05231172051423424
5860,0.0485072647493554,0.023465727279384854,-0.07032137471281373
5861,0.051889495662380755,0.024430374431624612,-0.07589476511803422
5862,0.047196412258180574,0.02225138919394744,-0.06827006877486813
5863,0.043245961785973216,0.021091866713646167,-0.06570500106628392
5864,0.04743375852301589,0.023399929259415465,-0.06673996917035474
5865,0.08196118534080821,0.03371415090801206,-0.11729813654923368
5866,0.10693494692161563,0.041094243736782436,-0.15515869192960444
5867,0.14033171021873425,0.05468819286388263,-0.19514241102878302
5868,0.08957399638580071,0.03604645658978366,-0.13181584359316553
5869,0.04503394712579357,0.021036606804967363,-0.07002623039492574
5870,-0.004584259804631454,-0.0007746869020370174,-0.01824460939091772
5871,0.001528531405580718,-0.00819942523701273,-0.03564525616180128
5872,-0.004500048396807448,-0.00480419693332312,-0.03730117015243826
5873,-0.026070625419011506,-0.014345630818604868,-0.02466872025784387
5874,-0.06459581186731007,-0.022330980822396717,0.013447786973058611
5875,-0.07880543520596653,-0.02706971208116878,0.02324303882281714
5876,-0.08451507390621914,-0.02131708219200195,0.020509457969056052
5877,-0.06136857432324964,-0.01193932975652736,-0.007666536632186176
5878,-0.031120799038766522,-0.002216609024287962,-0.03701511854425524
5879,-0.026550603494103583,0.006951167209932826,-0.04445084053567472
5880,0.006526295980449376,0.02753990613654411,-0.07208266365774856
5881,0.015644708423163928,0.03642080199999009,-0.08083936755230217
5882,0.005801571507336624,0.03774010256545301,-0.07216083774862611
5883,0.025028015630843045,0.0359118195935974,-0.09264956941916386
5884,0.0434513508974633,0.03415570995951418,-0.10525768705065804
5885,0.08862321659653391,0.043687122689787125,-0.1334371075651919
5886,0.046302975978691145,0.043147548037482955,-0.0669779847355848
5887,0.025480094834650278,0.04145599316716281,-0.03549264867516731
5888,0.0017208706715760292,0.03391394332047903,-0.02655281761493494
5889,0.011535541730947816,0.020707695682714838,-0.04854746723801311
5890,-0.0028713432692325834,0.014221981145127351,-0.043208178046269786
5891,-0.005943586885770001,0.020661894351923296,-0.031382054262800455
5892,-0.031873200700031974,0.028628162867494554,0.008637062300337313
5893,-0.039737334336571326,0.030770443602428664,0.03761300678385139
5894,-0.041425589561183265,0.022227359867787528,0.05448692881189134
5895,-0.02517993111385313,0.019319649440387353,0.04864093954932398
5896,-0.02308035061541181,0.021682799420688993,0.041777249036075506
5897,-0.02618468819468036,0.023546198719620992,0.041767549930975215
5898,-0.02634959670326943,0.01888420790871334,0.030003201756303853
5899,-0.03159470704255879,0.009595595003744167,0.04353035852537887
5900,-0.0331888192086072,0.012581799016085141,0.05576232676317007
5901,-0.03899574457073676,0.02011171028804527,0.08089187231557816
5902,-0.032649039067394546,0.02990894603312265,0.05973703252223298
5903,0.037735060662568695,0.022782153185787128,-0.08235383242773868
5904,0.0615294903234099,0.02794639872034074,-0.16816547929625184
5905,0.06417409100498121,0.023927305922655535,-0.17209428747811317
5906,0.0032734806238087087,0.0231303190448481,-0.05699481307734917
5907,-0.016484660553110268,0.0013260743135471926,-0.011348819228186702
5908,-0.014367991736217568,-0.0013504996572474164,-0.01074890067912239
5909,-0.0199400744560363,0.006685428955993245,-0.005466583518310559
5910,-0.013268809548899202,0.02011334965785987,-0.004772025376381356
5911,-0.018828964080838964,0.011807949372067056,-0.009755508954949739
5912,-0.019286687177607724,0.0005582775724274605,-0.014702139262018372
5913,-0.028989043952656657,-0.007506903013798473,-0.005651512889705198
5914,-0.03605426376724414,-0.005633503065063043,-0.0051472540094720754
5915,-0.03991035429536926,0.001713490533492785,5.92592226426311e-05
5916,-0.030247088192483975,0.016411900627735235,0.0010993476724543826
5917,-0.026283169013718174,0.03249343142117069,0.019815630344457918
5918,-0.021661082942612667,0.04149397342250517,0.03195699065972818
5919,-0.027327540376236775,0.041530625576080504,0.04059768454590038
5920,-0.024159733297888834,0.03944802165711769,0.02234317833943324
5921,-0.022952968919236982,0.039399128561860085,0.011268501995499688
5922,-0.02087716488520869,0.03943394159726709,0.006167179731642877
5923,-0.024059826581534816,0.039956943276308256,-0.004574367950008179
5924,-0.027099583403711484,0.04779339588196324,0.013436465837221346
5925,-0.021653467668901912,0.031949344953335124,0.0027417958504697107
5926,-0.013389040159038324,0.020107457236713203,0.013491224059895165
5927,-0.004188008384151869,0.0002581053690006994,-0.010381956334806437
5928,-0.008292856669996547,-0.003231799043437001,-0.020266706769543397
5929,-0.009047504284191961,-0.005001969769918946,-0.03456920878081123
5930,-0.01211068878628351,-0.010928496735912693,-0.05567600072816325
5931,-0.018013608656542647,-0.017252108248021973,-0.07095241861297498
5932,-0.019689051212513877,-0.02070437839739047,-0.08271936730793022
5933,-0.023346193790002447,-0.03157358563658666,-0.10496886424217212
5934,-0.012477726244359135,-0.023037696498072826,-0.10836638834532075
5935,0.036605317721043876,-0.01224669581769029,-0.18380898308065274
5936,0.08610867198329611,0.00837708606749302,-0.2464872983154078
5937,0.12424347444017975,0.01692364967461862,-0.2929005329444481
5938,0.12222313864823348,0.015504984425492278,-0.2883376457156722
5939,0.11075714639201503,0.016676472357772743,-0.24718687991071217
5940,0.12604191417442964,0.02661627490828303,-0.2602744159582251
5941,0.13104763304905198,0.040453686160090666,-0.22680616793980338
5942,0.12018048375464979,0.04600631568224759,-0.17467416741679634
5943,0.11337301060404063,0.052335863229640275,-0.14401673638869586
5944,0.10142378372131948,0.05675545767406161,-0.13053201921478386
5945,0.13158147455692615,0.0719708028146864,-0.18157156433126784
5946,0.12516338973668475,0.06610382223787446,-0.17177619345522063
5947,0.1681958111396289,0.03271075614877537,-0.17738475122221461
5948,0.18527979146259366,0.018995762332884393,-0.18270751325693413
5949,0.2153746936920911,-0.007916290105225961,-0.18182020017472525
5950,0.20196496695205943,-0.020814592647993402,-0.1893702160442906
5951,0.19785831131428153,-0.035272557015759626,-0.23366034123965376
5952,0.20072147867890025,-0.018117418148797453,-0.2919628473188885
5953,0.1919259898069627,0.012742026332548081,-0.3456618711944606
5954,0.20122241909406027,0.03209270678380202,-0.35792541825111884
5955,0.18281817143308565,0.050916672178165284,-0.3233291540452226
5956,0.16110517759047124,0.07959831442864722,-0.2820086376927478
5957,0.1315947138244454,0.06659893184540765,-0.21589030454550315
5958,0.10314199096749022,0.04266260349997787,-0.19336920523392026
5959,0.1081561173624723,-0.0014009091475630925,-0.18356309390651085
5960,0.12815299042396638,-0.015100562507260547,-0.1896901537687931
5961,0.15185411181959776,-0.0191799307440805,-0.20557723777734555
5962,0.1457740895176971,-0.006756238421640245,-0.19780419737378038
5963,0.07860896647622967,0.002465668449989855,-0.16018878383801555
5964,0.03781406112394045,0.016840895963721125,-0.13566455685685302
5965,0.017221822086184013,0.038241741167164126,-0.15639333382112008
5966,0.034571525700378136,0.05936868739857194,-0.19233072049126132
5967,0.023193420486211293,0.05199668415887639,-0.1830435696372843
5968,0.02301553000862115,0.04852108435053634,-0.17792850159422502
5969,0.18605227003917452,0.013832287223328667,-0.3445997582462063
5970,0.3091725655475366,0.016861689866076852,-0.484833125826183
5971,0.40818621721300596,0.03457934022157482,-0.571658547700622
5972,0.3323721642904491,0.08645756866508823,-0.461873933130093
5973,0.31106496540095874,0.08727851542213608,-0.3917112126321408
5974,0.3154116305444744,0.05490570963598031,-0.3469246005207272
5975,0.3096503603100431,0.04879256008196393,-0.33412108888623787
5976,0.2742294513280155,0.0682762069712139,-0.32072585504452283
5977,0.2194341518356035,0.08313599791165223,-0.28483163512763743
5978,0.1779418033257629,0.09988202255905226,-0.25306662676525965
5979,0.17334430088599997,0.09234633344351688,-0.2331359654080722
5980,0.16706454248147187,0.08862450033004572,-0.22034035593956403
5981,0.16429704875954007,0.0808589744057583,-0.2109169430698109
5982,0.17416823052341682,0.08555347405091311,-0.22343603849062713
5983,0.19506522598268983,0.09323169670783471,-0.24594754659507687
5984,0.2120628649928875,0.09804950454161854,-0.2702591686142607
5985,0.20310308159364387,0.10009866426280528,-0.26632677694467677
5986,0.18360805838577163,0.09894602088252753,-0.25508205654765914
5987,0.17177558235380833,0.09992393352755305,-0.23210616696688904
5988,0.2063935921979278,0.1195438800640599,-0.2824657091180907
5989,0.23495662319623944,0.14230186144604826,-0.31490362982372266
5990,0.26200979299593224,0.16001382087510813,-0.34568744467649537
5991,0.24304187576728015,0.15068964538420415,-0.31399154311436706
5992,0.22691257224653671,0.1540457976115231,-0.2906325264409266
5993,0.22625674317498506,0.1588390659411026,-0.2802847743959832
5994,0.18899296445418667,0.160715058590969,-0.2160379922128428
5995,0.1400843528822491,0.1389468571738453,-0.1611816314200532
5996,0.09076519711523186,0.10756012728981788,-0.11870032844965507
5997,0.06453895662109688,0.07255268110721899,-0.09159229008080631
5998,0.06712922266050711,0.06492783994722932,-0.09912268612082939
5999,0.07642146942563478,0.055852007199799374,-0.12152866878461493
6000,0.10439555499375952,0.07842218092611286,-0.17396726349586228
6001,0.1318678419518794,0.08358202762204694,-0.211261441032745
6002,0.13952884641510843,0.098634829339199,-0.21722826806769505
6003,0.1535916667052017,0.09156948978851094,-0.2540041463275544
6004,0.1561586395076421,0.09059687051471238,-0.26484339145554364
6005,0.17163487942638722,0.09268185111670629,-0.2921923558551874
6006,0.19383372136077132,0.09867836642108675,-0.3241481505110144
6007,0.19798361188168664,0.10175538484713068,-0.31827261025993725
6008,0.1800032992537033,0.09220543334031035,-0.28365678851381537
6009,0.1845878205948767,0.08670198296948602,-0.30791932950358836
6010,0.14148412332222454,0.06737158466140118,-0.25075527655003266
6011,0.10191548706738908,0.05741571550936285,-0.19553164052905725
6012,0.06598865109303167,0.06248839502618224,-0.10065307456414305
6013,0.07924212163758522,0.08631044017041814,-0.10955297530585262
6014,0.1207873196090571,0.11805202386433528,-0.1665624472792297
6015,0.1445771279387446,0.10212191988059947,-0.2563809337456237
6016,0.16024665206440425,0.11649232925333573,-0.2721090944660881
6017,0.14295483683223165,0.09838078199115437,-0.24411374768650154
6018,0.1225743993002258,0.11286610872802869,-0.18782312309890026
6019,0.09419340726263403,0.07888528074674067,-0.1858357932044137
6020,0.11167057903202261,0.07406250792970959,-0.22531623372187973
6021,0.08281095594629462,0.06303260069448974,-0.1743411842640983
6022,0.1205127368519806,0.05200087204214842,-0.20520577838057646
6023,0.2114434458522603,0.029758168479569316,-0.29212332455235773
6024,0.25853182639139616,0.029702765870104734,-0.4154099230222851
6025,0.25528051075518643,-0.00393333877688603,-0.4407509799044115
6026,0.1470316655037003,0.009677897936106286,-0.3770012598397059
6027,0.1035540444169087,0.011956188748366474,-0.2650495246048946
6028,0.08586184068534224,0.062092183080940666,-0.21218087799534893
6029,0.09092309376398758,0.08411769771031517,-0.1694675795380313
6030,0.10572365919496865,0.0928815616152691,-0.18861764962034258
6031,0.10800195123698887,0.09531724065695914,-0.18371640985626989
6032,0.07942858874773016,0.08487495982516019,-0.14513605308517727
6033,0.07448305284461233,0.06960677543329385,-0.13626384650106765
6034,0.06826435912780413,0.05132979230866957,-0.14506683997913775
6035,0.09032690246289822,0.046830326008636555,-0.1828027627685869
6036,0.0989466338835805,0.07743962505216384,-0.17518209584972466
6037,0.13353966779639892,0.1116446212897139,-0.2011043971363294
6038,0.1708594670687873,0.1355324035215714,-0.25198427033426873
6039,0.1982584047928574,0.1268681911303223,-0.3032411852344691
6040,0.21109377250597652,0.11413918176127572,-0.3298122406131746
6041,0.21041598670660322,0.1067141393737643,-0.32256072859862506
6042,0.23312305420080964,0.1015511582352995,-0.362944357915258
6043,0.2379877790010394,0.10313841132055195,-0.36227157169208585
6044,0.22895521388848422,0.09878326207285983,-0.34380305500211517
6045,0.20963756542593678,0.09530731661773312,-0.3001485149024059
6046,0.19588171619148986,0.08936604277585339,-0.2810651348341519
6047,0.19812324828106492,0.08729713909972166,-0.2823061572752792
6048,0.19913762040664004,0.08520019333457217,-0.2707199598438172
6049,0.19436086902345806,0.0756921499911775,-0.26495711539257866
6050,0.17721363374754517,0.07036861673751652,-0.2610904454337901
6051,0.1741908190413169,0.07384635625852073,-0.29165010650567463
6052,0.1839832413405951,0.08127810488263229,-0.3309295798568308
6053,0.18020174161358882,0.09447671399016003,-0.30990147928276884
6054,0.1633207669614179,0.09246585871585167,-0.2631019024348709
6055,0.15629263061411347,0.09610490691193331,-0.24002914228849617
6056,0.15386782440319602,0.08864254046158639,-0.2324216384253153
6057,0.1466720824454779,0.07918069940552001,-0.22451753346933795
6058,0.11747753789461005,0.07740985531086028,-0.1706738626586423
6059,0.11877372155431934,0.0788049533694013,-0.17970585902048322
6060,0.1624004527212507,0.110788689970282,-0.2761105125401061
6061,0.18096363479623725,0.12769247402935505,-0.31929851638330836
6062,0.185441654307434,0.13592800699372182,-0.3377313914416408
6063,0.15997698709148592,0.12994901340822082,-0.28620014737537985
6064,0.13742068440952074,0.12451580746433427,-0.23929789760300704
6065,0.13337899392216035,0.122370285327143,-0.2032656571607966
6066,0.12246224536188632,0.11557169079096352,-0.16985984860661546
6067,0.09795220286943943,0.09097750579131515,-0.16177668454847108
6068,0.07647469561801942,0.08180179138635682,-0.16027526520262605
6069,0.05505007107372349,0.06532818608911962,-0.14631742081834884
6070,0.07847554497234031,0.08205898328855067,-0.164125208992862
6071,0.07993929106106899,0.0879001207581237,-0.15775061290145115
6072,0.09951915262070214,0.09915224609794238,-0.1860550786343953
6073,0.11023880182638059,0.09851778330786627,-0.20746256009681482
6074,0.11400122276531072,0.10732096167499937,-0.19923822102417968
6075,0.10426050680333092,0.10454889574333219,-0.17928737548554086
6076,0.0938708138836825,0.10319515533176607,-0.15784799634608757
6077,0.10259100420990384,0.09122898828045703,-0.18738319019674712
6078,0.12806442076347527,0.09223584377343934,-0.23210992907983666
6079,0.16728521582982572,0.10247045996039691,-0.2989059345124767
6080,0.19524787017407702,0.12580945028736812,-0.3450656085800276
6081,0.1498471201644156,0.10380750448240275,-0.28249993755772557
6082,0.10436286577137922,0.07099604108521677,-0.21163454509510854
6083,0.044960016722954584,0.01593962746185372,-0.1287137934152518
6084,0.039407687811167644,0.013842235131503318,-0.11098164453845596
6085,0.03350213651175341,0.03282559114246064,-0.1122796071079566
6086,0.039612459188798126,0.0814521452852655,-0.08775819803697603
6087,0.03622994740499741,0.10289040172446995,-0.06614536128136358
6088,0.03879172011126566,0.1172981314170186,-0.037578260837131346
6089,0.04205155040234032,0.11133054223437723,-0.04226338035754361
6090,0.05451462140313015,0.10849422002381656,-0.07942477566462358
6091,0.08347182892077962,0.10104007069720373,-0.15363243702949772
6092,0.23073209502249606,0.06628048451100983,-0.3504972969642637
6093,0.3613824047908789,0.06194134980662416,-0.5423845644280362
6094,0.41485132583970596,0.04802239874861602,-0.5972728745251515
6095,0.29016374696209785,0.08335653118768502,-0.4059150962215319
6096,0.18325483089127534,0.07928914260524253,-0.2803232367877367
6097,0.1173310136477428,0.07264378015050191,-0.21947489475164295
6098,0.11945257749815041,0.046125355718499315,-0.2753720720948245
6099,0.11118953189525062,0.04220301192701159,-0.26870986278266773
6100,0.1046436185190909,0.043782920114948845,-0.2476225621447936
6101,0.10179884200072163,0.050117521016500154,-0.22968326768739641
6102,0.09418679887595748,0.05739267252695721,-0.20493665640061265
6103,0.10002784073989898,0.07571135701858528,-0.2038601517596582
6104,0.1275399933944158,0.08818072119136802,-0.2534180190485387
6105,0.1488829603808694,0.10196961423335518,-0.27974513793775724
6106,0.14485261044436146,0.09678999213218628,-0.27126851542214114
6107,0.12639322915758713,0.07769016552329008,-0.22345345459098825
6108,0.10309167392073938,0.07948912383229034,-0.16622193122691667
6109,0.10795644974486669,0.0922232132445435,-0.16427797849173487
6110,0.11738310032106904,0.10338668470761925,-0.15114049394566614
6111,0.14151577000028412,0.10194184102015982,-0.18495223921890466
6112,0.13741242089845346,0.09943900526890224,-0.1745460217255811
6113,0.12312100966834584,0.09290035681927343,-0.15360340709826598
6114,0.09436723172142229,0.07785207426363902,-0.11325390764070944
6115,0.06915433701575076,0.04586290601580155,-0.11200497060445251
6116,0.0206553492671698,0.02707057028383339,-0.04912520934994399
6117,-0.026878950627482107,0.009705454575218686,0.01175254947354485
6118,-0.06394681061833979,0.0004161732492089989,0.0735517072918727
6119,-0.043513270025979614,0.013305031125259749,0.04576717569667495
6120,0.027326055776099374,0.03990688607021031,-0.060814368237629535
6121,0.10771725891531232,0.08854979863184928,-0.1468813186899911
6122,0.16570894721364857,0.11953096083525173,-0.22520606156763795
6123,0.18212808382323756,0.13770555249835414,-0.23343233359086296
6124,0.19001388232047708,0.1396340506328753,-0.24650089323326307
6125,0.18594980636571468,0.12589142601653286,-0.24814461724667308
6126,0.17856969523447816,0.12038618755339933,-0.2529180143540836
6127,0.12561479828777053,0.08994903620679669,-0.19332819774265564
6128,0.07316419760528421,0.05206523963487589,-0.14996166259900787
6129,0.019507231854522248,0.02703884323991351,-0.09001558303801824
6130,0.036355446332090875,0.04309801249896383,-0.11833331882538464
6131,0.0784190728819775,0.07413983070411508,-0.16178255258997878
6132,0.15467803575535494,0.09308235501991456,-0.25699859574954886
6133,0.17658932312448772,0.08214316708136925,-0.2876626068235611
6134,0.1960669295545909,0.0673508406402857,-0.33294232068544705
6135,0.1752079574148845,0.0484464116114421,-0.33712366731705834
6136,0.1622164137075366,0.04400936635489014,-0.3330480944869726
6137,0.15650816565431389,0.06657407654414087,-0.3045407214969142
6138,0.1296176361864919,0.08326443156900913,-0.22633162995442405
6139,0.15962986592259215,0.08498454963634504,-0.28430871609448644
6140,0.17191628554820196,0.0695841618915033,-0.3148364938995696
6141,0.18096179720313724,0.05735749090931341,-0.32272428974133593
6142,0.17594702976407672,0.04502790846497486,-0.25217420333065954
6143,0.17812734623251938,0.028379401449316374,-0.20845456099278323
6144,0.1798138012030245,0.04087175501350459,-0.20818776319631482
6145,0.14247182294548735,0.06994204333387873,-0.17061635981819198
6146,0.08828020626505266,0.09266401454787138,-0.10587665227353493
6147,0.06340208066485817,0.08668996683925302,-0.058818099165610906
6148,0.05972393545846478,0.08235783850098903,-0.03672733423635333
6149,0.10552337933950812,0.08788384148839776,-0.11128116527257989
6150,0.14269527575737367,0.08458971671059502,-0.18512656291735272
6151,0.15577298113717802,0.09982661369868312,-0.2238694315077739
6152,0.14530478207098507,0.11722621226611482,-0.19603683145069123
6153,0.10963950205664015,0.14043483758008965,-0.1395281582403599
6154,0.11787167103333275,0.146099213265945,-0.14241870255461075
6155,0.08904037782754554,0.1437316922460962,-0.09839409960486149
6156,0.10843675453874384,0.1305717566294401,-0.1458781418469067
6157,0.08995769705113124,0.11068410548367459,-0.14886627752436943
6158,0.11145978301655322,0.09775077557541802,-0.19412197178256324
6159,0.09477661652035041,0.10409712514023925,-0.14299961338884806
6160,0.10560399040433449,0.1232695832256466,-0.1355992729577037
6161,0.09237816819535673,0.11681429812811703,-0.11172630275646389
6162,0.1054016467689615,0.10413150409033374,-0.14087324856646338
6163,0.09770111405494686,0.09829958501807644,-0.13400021070374551
6164,0.13761176905188152,0.10529908218247007,-0.21308395270856081
6165,0.17342517195283152,0.10780186998803568,-0.2892160311187904
6166,0.18963446122333505,0.09307595738100863,-0.3350065184454173
6167,0.16120273112106223,0.08563344735344859,-0.28905215842378823
6168,0.1612129138291298,0.10508974571979433,-0.21891408200343374
6169,0.1549560181312514,0.11014885319022402,-0.16369291896266736
6170,0.15415889065946964,0.12377875944587174,-0.15492129021032527
6171,0.12364151065357444,0.11968824512639133,-0.15452173506596345
6172,0.09231029128738842,0.1312619533593065,-0.14667887581000483
6173,0.07868521866610668,0.12744033437120367,-0.12499925398833377
6174,0.09585446609916067,0.12030970230403114,-0.1334082451485352
6175,0.12362148344822614,0.08441287813451784,-0.1980396993943629
6176,0.13815667771599818,0.05240461170260704,-0.22834457596028476
6177,0.10295401618209661,0.01672589855815407,-0.2306718479004377
6178,0.08933477706072696,0.01785446096281067,-0.2013296107929206
6179,0.0940025097292741,0.024197787310573836,-0.25214698882925957
6180,0.12240249469613367,0.06163157976104526,-0.3152917750573501
6181,0.1603720765016031,0.08081010160770828,-0.37941580044387013
6182,0.15853939855861526,0.084174457177337,-0.3689975203700903
6183,0.14949683747695253,0.07195952646692125,-0.35169606302864126
6184,0.14104295506001413,0.05611710877930675,-0.3448923350246302
6185,0.17208500018540723,0.06810091664999164,-0.3986230150400582
6186,0.22528234441175876,0.07982869770312154,-0.46839577134874705
6187,0.28517854959870437,0.07400498111654501,-0.4502068645195951
6188,0.23455863358938217,0.051144089142492334,-0.3450714614902378
6189,0.15271059465243242,0.02777094076934803,-0.20113952097906834
6190,0.0832391667947982,0.034650338376792406,-0.17577498309038653
6191,0.07992519357021023,0.040010821510303336,-0.16860509777905494
6192,0.10753871167341932,0.07120896398524021,-0.2522023083115755
6193,0.11019029003687601,0.09249692581605706,-0.2835084366446779
6194,0.12233424210570862,0.11659734170183121,-0.32975399607785
6195,0.12283288673095852,0.12136128978563383,-0.33465137503806025
6196,0.13029086214368685,0.1302581715441788,-0.33180880506793364
6197,0.135476182551447,0.12994743271449213,-0.34775703301947997
6198,0.1827263846142001,0.09571929290839265,-0.4008172210096581
6199,0.17305594443184044,0.05747205887335805,-0.38659718371947754
6200,0.16071991300272473,0.017939478583310135,-0.3529748742288431
6201,0.08107468138574685,0.018589196058237337,-0.21565876822001967
6202,0.05897260059034317,0.019953540285249757,-0.17331430115814306
6203,0.049820828516300444,0.026320113317287754,-0.15378704549588856
6204,0.046393825660616124,0.0327652436055622,-0.15751929443565552
6205,0.02545808228432461,0.04055274553972724,-0.11927914612824327
6206,0.017098928099541274,0.04786759012700519,-0.08974260633041492
6207,-0.002303034004862823,0.04496943027605617,-0.036429847861657025
6208,-0.01934001243997414,0.04934186338512886,0.012960109422916442
6209,-0.02376660018450613,0.05077031924635346,0.02611786802642736
6210,-0.016120189074093988,0.04796230061916187,0.010877027163339069
6211,0.0030300336157605525,0.0545762175949291,-0.013829983984412625
6212,0.012636599960342245,0.0832793268308815,-0.0021355397106230154
6213,0.012275900652481039,0.11610041746763884,0.037005093623948125
6214,0.013174460071037349,0.11270052213231092,0.019069897295277402
6215,0.004723133228914998,0.09770048904606742,0.011369074598357443
6216,0.0029967235903085466,0.06897433886505076,-0.014970190954597265
6217,-0.005057551291290279,0.04866097613541761,0.0020254510342468646
6218,-0.004717614410893434,0.021205763978485406,-0.00830267955476459
6219,0.00234852436501324,0.008414373388652174,-0.02983139599949247
6220,-0.005500514179781107,0.010990457971952836,-0.010620574151892404
6221,0.007633670724062509,0.008888590736735157,-0.034996679053676386
6222,0.021860908238543444,0.00954458827079444,-0.058136336175233644
6223,0.02686722824500991,0.0015041456932942618,-0.06856925174186712
6224,0.03186364087349176,0.008929897372942674,-0.055312295749255835
6225,0.01947953700849104,0.008721583406033065,-0.024060537365387283
6226,0.01947953700849104,0.008721583406033065,-0.024060537365387283
6227,0.019060878094651935,0.002636905362105354,-0.037199793324278176
6228,0.044940543211711086,0.019216599994217206,-0.0900990594404574
6229,0.057822663754298745,0.012860451569301445,-0.13422614205257777
6230,0.04040233204426944,0.012813054652591823,-0.10754294875140458
6231,0.025272590813567166,-0.001964390906396427,-0.08810964266522002
6232,0.01246917493767024,0.01222043478215255,-0.05150080917432929
6233,0.01582571351398649,0.01412100821286345,-0.06209321312613142
6234,0.011290790471888133,0.02017437607978629,-0.050340750281008796
6235,0.04150591252010594,0.03888638184744239,-0.09618911783480495
6236,0.06423259211136564,0.06564011703371607,-0.12875523167263728
6237,0.0975504315603631,0.10060244178394055,-0.17404391363628088
6238,0.09115262841733428,0.11939741778759723,-0.1453091351303052
6239,0.06584330066785588,0.12067500776690354,-0.09043825538047016
6240,0.06453109981912136,0.1244880621105476,-0.08016206593027533
6241,0.08023942816914777,0.12757033004141563,-0.1270241733263
6242,0.18121790666195534,0.11261166700472922,-0.2906003056101306
6243,0.2558872076661943,0.06803991689580635,-0.4079777258710329
6244,0.2271730375912277,0.013027127653188662,-0.3881311301556922
6245,0.12899868312090448,0.009538585930743458,-0.2733650758724197
6246,0.04382134854911216,0.019040284111453965,-0.16612869872310257
6247,0.0967884203356576,0.01383084213315532,-0.1534271284540036
6248,0.13093003305164372,0.01175189324924562,-0.16374563464555073
6249,0.13404259623301434,0.01682363452233947,-0.19030828447245438
6250,0.06423228809638565,0.05284877127275755,-0.1691744046691867
6251,0.056308680337288974,0.06568830437677475,-0.17450278700387095
6252,0.03580063887480196,0.06018090484843285,-0.07440826999509821
6253,0.053188388548804665,0.04023255126571505,-0.023914955651891893
6254,0.04406407475497991,0.01311102289423316,0.049419983495921485
6255,0.04520484426236468,0.009782557847830097,0.0474984536449404
6256,0.03502202596307029,0.022217593784307692,0.05748133405073971
6257,0.003746507415847312,0.04760214143226963,0.06256259596649666
6258,-0.01641227625371898,0.06484770070128787,0.06913390220178424
6259,-0.02394598429381645,0.06401212709208645,0.0760670915403157
6260,-0.027712659466288356,0.06146417655002661,0.08928864549789407
6261,-0.03498182347104021,0.06626604083418482,0.11093583669122568
6262,-0.05277357972722674,0.08711645566392236,0.1263289645202353
6263,-0.05534746006962901,0.09113611270714002,0.13090159750282432
6264,-0.047239102930652685,0.09289903478059709,0.09738636133086481
6265,-0.037409464329889806,0.08511569927373525,0.06714677945261592
6266,-0.03887073015234805,0.09306738358923923,0.0657315391430256
6267,-0.04227434365801821,0.09315727034230031,0.07886734462070481
6268,-0.053810514479518116,0.10426455693130568,0.10587785794411313
6269,-0.05544509225262494,0.09810089977573558,0.09981215006207904
6270,-0.06563875850744265,0.10053600978101968,0.1259711038172406
6271,-0.061886679994044055,0.08624621741607115,0.11854437644615883
6272,-0.061377668071278625,0.07963366645426315,0.12062539468230858
6273,-0.06522544411034174,0.06907888577519766,0.11622177407122146
6274,-0.06989722120899068,0.0612125611795535,0.1086381803333492
6275,-0.016598145005826712,0.1075398140347928,0.045777425846749
6276,0.04542523506915697,0.13091811693414737,-0.06934684027091367
6277,0.09976444807575972,0.15943204851229023,-0.16669135019996775
6278,0.10309011983522662,0.1589615518682456,-0.1820194175641136
6279,0.061728071087422974,0.15252896503758495,-0.13265056300006617
6280,0.061420182306633195,0.1582730583905937,-0.12330532177025923
6281,0.062015744826321044,0.11812710215769219,-0.15203730467834534
6282,0.09544520123113905,0.10992899776143479,-0.17547738409408997
6283,0.15052146313157486,0.07656457902515013,-0.23968417811658527
6284,0.19123102743316006,0.06891290527346405,-0.288996561593569
6285,0.21126299836097218,0.06513093762385899,-0.30600624297553375
6286,0.19545617586054573,0.059894773549328116,-0.2783398894244926
6287,0.19797148572161233,0.05145789787324545,-0.2295396134746646
6288,0.2492902256527376,0.04914151909309951,-0.2775063482738408
6289,0.3030095589734175,0.04816795372678959,-0.3519337875899473
6290,0.29127639644049985,0.03847850912005171,-0.33692432284143664
6291,0.27773966087973917,0.01200521158057641,-0.2799422220594175
6292,0.2415787483551278,0.003046470055994873,-0.17508131041925204
6293,0.2223025618159579,0.01714220413562144,-0.12255503547648053
6294,0.1718112686400033,0.026886173248097035,-0.04658703717120741
6295,0.12077807391447155,0.029368971673219994,0.0030906033393430666
6296,0.10649298899103338,0.01499584703849857,0.026960828638144373
6297,0.11153874068494102,0.0037469687726688766,0.01933787758606418
6298,0.15663391155561443,0.007381441356120476,-0.005224807651364886
6299,0.1827268260453173,0.010404283174804844,-0.038618859025088555
6300,0.18158239402348297,0.04577625223296926,-0.07745815024587921
6301,0.17815987443439293,0.05639005786294966,-0.11150724441482474
6302,0.15595131191956577,0.0878062848844517,-0.1160681768073012
6303,0.1690690242045429,0.08022069016929984,-0.10809638768667264
6304,0.1469401847196531,0.08152555260316141,-0.04590430318175247
6305,0.1399381179195054,0.10750796462570798,-0.0660248635932432
6306,0.17847205982931474,0.10465001215579592,-0.1204241987364382
6307,0.20156779659887017,0.0966320437517978,-0.20632855992193963
6308,0.24485511825298528,0.05457984445809445,-0.23600484092535293
6309,0.23575310177882688,0.049811084393707815,-0.27556770223602367
6310,0.22316019678609134,0.03073283434428098,-0.26776573309470303
6311,0.1786658831654322,0.04822121577582736,-0.257145969565189
6312,0.13884205319128204,0.042665591201797644,-0.1976332497263164
6313,0.12864321471422616,0.09776437224069806,-0.16287483166114228
6314,0.21996812610160407,0.0804308922361986,-0.2574806449805489
6315,0.19301486950473085,0.11717760377873608,-0.17761894463420416
6316,0.11335251085024257,0.1184389734959063,-0.09029046633169178
6317,-0.07290158789925623,0.1573106654040511,0.1096976965322845
6318,-0.011673762196437554,0.17623743968160063,0.04127716379737169
6319,0.025927196461304425,0.1809261603015459,4.5910710232703107e-05
6320,0.062271020723160486,0.19564378240351482,-0.0149121889291109
6321,0.005242818202069041,0.16089420832656415,0.012896304116548563
6322,-0.016855267875426606,0.15008697048562863,0.018803356817569478
6323,-0.02539938501555729,0.1543652094348523,0.003117262934821473
6324,-0.04496211472958973,0.17151553073157666,0.06911221074693963
6325,-0.020150843100737274,0.13416148970394287,0.08233133697727614
6326,-0.008827089644466638,0.10728860619331614,0.12797586963131705
6327,0.0032149822072691167,0.07249208183436237,0.1187351839997659
6328,-0.017705634636249645,0.12116497512733286,0.13574782596059634
6329,-0.060513782967608856,0.14497214292808647,0.14270653381211656
6330,-0.0753039989140964,0.14876340999869692,0.15328970161891972
6331,-0.03341556506918142,0.10893674200394722,0.03485880561141798
6332,-0.009994184715151427,0.08578761077834815,0.0053167111097988
6333,-0.007135252503472319,0.07499115901718253,0.002466510868012324
6334,-0.04311343560644864,0.08013891947519541,0.06269419717660028
6335,-0.03503607891449277,0.07556182056766969,0.043578962546499185
6336,-0.028151523204424107,0.07587034937398775,-0.006140477179475519
6337,-0.038290325482530696,0.06014436127518347,0.006245024735400419
6338,-0.028117159240301802,0.06600283946635832,-0.03840797049530529
6339,-0.0232965359476994,0.07919639772793254,-0.02693549136868074
6340,-0.024308436306999942,0.1037660723584472,-0.009453239132877572
6341,-0.05124061819049608,0.11875530605451674,0.07611885505796548
6342,-0.05858352283555245,0.12007416087281726,0.0985561939593898
6343,-0.06361864071708108,0.09816221270320859,0.11806469654082342
6344,-0.04176677679463961,0.07506590133636613,0.08416684999722063
6345,-0.03377715982463414,0.027516072854566646,0.05927862860514623
6346,-0.034407336272739904,0.015975005768163002,0.051455152765970465
6347,-0.05258918665331638,0.01108099524438087,0.06721749106212326
6348,-0.06522137143082024,0.05961318014442891,0.08883464759023058
6349,-0.07830586837191326,0.08931439581328555,0.08614495384437064
6350,-0.08890500606617292,0.1147488190100483,0.08820660044434633
6351,-0.07834526378763126,0.13560560638384178,0.08840051402267961
6352,-0.05173664404691609,0.13095145746048895,0.04184710695635806
6353,-0.029000229266304543,0.12021125632725412,-0.009121930623315708
6354,-0.025733444057436234,0.08449301449094697,-0.033300945720132265
6355,-0.016700467126515937,0.09277426427384146,-0.06619635753956568
6356,-0.049142030396620635,0.09988802527486523,-0.0026246910326840063
6357,-0.06997062445474365,0.11340387973782524,0.020635991113163495
6358,-0.1010109971294194,0.10128115387599852,0.0893932601799148
6359,-0.07257639700865334,0.08381024278742942,0.03736971858195472
6360,-0.07057842564909282,0.05867743554071119,0.029100092727741445
6361,-0.047667136554725695,0.03936393200192767,0.014555948821763842
6362,-0.05079693198880608,0.028031636689614725,0.043456862367799845
6363,-0.04533316064878502,0.04702737204004444,0.048493091697128426
6364,-0.04529582236133971,0.062470782438506935,0.0595799364078961
6365,-0.055217336642998924,0.08027827945601199,0.09392640366597017
6366,-0.06575870795919428,0.07899076048731718,0.11661495970235877
6367,-0.08113681717627771,0.05351460482307107,0.14424708297998007
6368,-0.07391310285529008,0.025839085445031412,0.1066793445849377
6369,-0.04071864444626236,0.004353102347858911,0.058845923429356115
6370,-0.0136610600147862,0.006800240915401806,0.003417942620853249
6371,-0.013284023833288122,0.04470515975455296,0.01187044602098875
6372,-0.04401389746802365,0.06825053163662044,0.07944190668229699
6373,-0.07258086799011777,0.08064177608062705,0.15209981062508204
6374,-0.08366782953433073,0.035250133440340836,0.20377762265872204
6375,-0.05224919094930894,0.01480982349750746,0.14112901574774614
6376,-0.012962115241087896,0.0033381572421612147,0.0813666983224557
6377,0.025800313044865113,0.01432609247167423,-0.006061420869479069
6378,0.0013542642456210422,0.002573946036261486,0.06226995607004449
6379,-0.03709007121362994,0.011568927026166437,0.12038568214116545
6380,-0.07524816023295841,0.02855742042568539,0.19282864488112347
6381,-0.07354328152510144,0.0593621794974133,0.15894230889054775
6382,-0.05756635992950356,0.03691216239085365,0.15125624598715692
6383,-0.048527742922158744,0.023417318270350946,0.14569244145377816
6384,-0.032351628802737654,0.012946528374586715,0.10094792000280177
6385,-0.027721738071223197,0.04312618072284357,0.055877197990711766
6386,-0.0284330630254895,0.057749818385205695,0.0406630286341192
6387,-0.024185445578950332,0.07524814536833792,0.052316895983340224
6388,0.031061043340977777,0.039670427974533184,-0.046989982886366945
6389,0.06496111074162113,0.015959920921718287,-0.14500860412784922
6390,0.051000221023956446,-0.00595895903096052,-0.15015621830005157
6391,-0.006072018815135343,0.030193421400729996,-0.02952886870081057
6392,-0.027107942533056487,0.06193622780889032,0.04294670571776239
6393,-0.026333996602156858,0.07469542924077137,0.06706885572014583
6394,-0.013468455784111875,0.06453244934059699,0.035771165049864564
6395,-0.012973177841171659,0.07142448727954183,0.0325201458809754
6396,-0.006122233289553554,0.08499921982924757,0.0004403966331602025
6397,-0.010830514758621018,0.09775506686859455,0.011255806381041799
6398,0.012544244586042927,0.07590456049475615,-0.01826729308394843
6399,0.09385606341405532,0.05575124319685939,-0.20183702506434298
6400,0.1876637218928494,0.0217348588746902,-0.40926674561547965
6401,0.2193696717344419,0.019018498090421884,-0.4605972596680004
6402,0.13902636009048117,0.025515299417416513,-0.283287416565636
6403,0.020679258043784968,0.0354819640966701,-0.07642652684317977
6404,-0.08570159485688329,0.05181552572058601,0.05082724962440347
6405,-0.0840848087825334,0.03176045928971086,0.09508817932380367
6406,-0.06888318409071292,0.04805669503857814,0.140286047285683
6407,-0.026776680148161206,0.030256378798647898,0.16089779475311675
6408,0.04829591206936645,0.047223719962577876,0.07154603146781925
6409,0.10535663470715169,-0.024469120838081206,0.033669585559027
6410,0.10200213504134266,-0.015007953631071902,0.03563925988824856
6411,0.11155286154437233,-0.05387516851464319,0.05611483067960363
6412,0.10629741535739669,-0.013753569680746923,0.0487066520347947
6413,0.15985742436871042,-0.02136179696009476,-0.05847428102945494
6414,0.07958550094527506,0.040119501740756104,-0.08017126099229593
6415,0.10013440225024385,0.08404897836562679,-0.1506917827282632
6416,0.06211263247750905,0.15105689454892404,-0.1780131548400877
6417,0.10872146150443379,0.15071856139044412,-0.28385495059617694
6418,0.08626414278535902,0.16097802339228978,-0.3345677834127541
6419,0.13865248563358704,0.13663523494767843,-0.45109328208932337
6420,0.13152728451265147,0.13314949038279714,-0.38923835485713737
6421,0.1055113892323763,0.11439142845300891,-0.352484933436862
6422,0.006086013380974849,0.09772960946189356,-0.11905821991858477
6423,-0.03659804838828183,0.08555207961875033,-0.0008731407040779989
6424,-0.07195708314690018,0.10269480485880943,0.1231918574852621
6425,-0.0686632335688593,0.12704170277472407,0.1364910072466463
6426,-0.10086884345926657,0.13451956702731874,0.1919535209738278
6427,-0.0674531056784395,0.16284427590980322,0.13410020357790126
6428,-0.0385185396594467,0.19030504869203393,0.08011614272956215
6429,-0.013539269398436941,0.21400104999105019,0.007409039628744032
6430,-0.007073155891078232,0.1909453290214549,0.02382480955182375
6431,0.025534423967877577,0.16682031966175026,0.0351280765765421
6432,0.06265866930142198,0.19228227393113356,0.012220367132044167
6433,0.0753134660126666,0.2219578037786195,-0.03351957364519069
6434,0.06411602714812153,0.23365384804468875,-0.08494208378859036
6435,0.052855093193711435,0.2062853749138779,-0.07161176129183337
6436,0.030241972299609104,0.1881194762530686,-0.07731192090970998
6437,0.0444311753698982,0.16423006882459384,-0.10700251106749287
6438,0.032790787050133295,0.15393845230242972,-0.09070658033349704
6439,0.038958548200991296,0.1560389731963952,-0.05266215077716311
6440,0.010315281134848543,0.16525178976532642,0.057351758455509896
6441,-0.00948377801437009,0.1634880286784719,0.1279595879496903
6442,-0.05338896339730688,0.13629130086123756,0.19600731288736253
6443,-0.05989803301109192,0.1086694935960531,0.17609374806363443
6444,0.00914012041220091,0.11355575583151334,0.012908047447802697
6445,0.04315793221274605,0.12020662164027517,-0.0652586112608174
6446,0.04930951365269146,0.12107874036789534,-0.12990481989459718
6447,0.02007775516060682,0.10829162973582741,-0.11280404260104215
6448,0.03315365958784528,0.12456935625842523,-0.1540515286411073
6449,0.0572010665540493,0.13546313219079298,-0.2249390305865452
6450,0.0898332541491676,0.15210464881339425,-0.274636962575412
6451,0.08175207394897177,0.16091567486901165,-0.2472557469251743
6452,0.07774193498570403,0.16722310520585698,-0.1905594796724878
6453,0.037610084006745474,0.14700776422583872,-0.12488037224828565
6454,0.04754163869222659,0.13953957685786617,-0.12892190869861264
6455,0.05425913542971485,0.13340514142563395,-0.138961565320482
6456,0.06916620708237639,0.1460901561930303,-0.160807570841225
6457,0.08085339815572899,0.15040012049847387,-0.2081597702312832
6458,0.14426278924674446,0.19022963533820297,-0.3519061942885772
6459,0.16726307463133888,0.1799549708283995,-0.42763068944702504
6460,0.14174387625274815,0.1534209583488981,-0.4123294620432644
6461,0.060132148125231176,0.13156144783242257,-0.2523505334759682
6462,-0.004945956027049064,0.14453569440498684,-0.10898701553261214
6463,-0.006788671637185026,0.16477655513856404,-0.07231068613566978
6464,-0.007520915090735742,0.15322697339877472,-0.050481433551596004
6465,0.0019247764689718917,0.1386820218394079,-0.036830400238570024
6466,0.005208239516101033,0.10010678450515209,0.002593463362240489
6467,-0.003811898048153061,0.09769190314032583,0.046635902277758615
6468,-0.020456764367477374,0.08944388370577103,0.0313713427361899
6469,-0.022129034583012738,0.12470307652639773,-0.010135759820693672
6470,0.0033562549428023756,0.1392670197855619,-0.08527472274056982
6471,0.024635788410974437,0.1616343106830784,-0.09547744251911298
6472,0.0369313343822057,0.16647865087768735,-0.1223174481317222
6473,0.04956716559286028,0.16279115634400113,-0.1423488754351523
6474,0.08879328562398883,0.16271355003073937,-0.1879412118769384
6475,0.11789503472309809,0.16746930688406383,-0.22452167669289347
6476,0.15139234589546904,0.17038572729531432,-0.2711102023547331
6477,0.15037626317846456,0.16387770771881427,-0.26342885928171544
6478,0.1261106321115761,0.15296880584415656,-0.21823556179380496
6479,0.11105264873162059,0.1486682685377151,-0.18893623756707678
6480,0.10507929809614883,0.15606748136121137,-0.18925711754303465
6481,0.12291356009970095,0.16304201619005126,-0.20373038267447505
6482,0.10151781842011595,0.15773116084539532,-0.16692887143802976
6483,0.07477928334449518,0.14957294704867852,-0.1185149567534951
6484,0.03438300614880766,0.1410532632259279,-0.05880476258647874
6485,0.02075937323086316,0.1374213196007983,-0.03505749623483552
6486,0.035279883416081806,0.1405533955976774,-0.04824484557278489
6487,0.04862894676923187,0.15228990679931653,-0.07486713111361162
6488,0.06992197731093629,0.15213729324290723,-0.10773757906265874
6489,0.0722763809877843,0.15347458608954517,-0.11348195513849071
6490,0.07483258150274785,0.1560883338787771,-0.10457489201493284
6491,0.06781784355178486,0.17493998582685316,-0.07767980279698226
6492,0.07435201441786175,0.18377245844277312,-0.08873004207743629
6493,0.08541307880137193,0.17619101838452947,-0.11722056272274553
6494,0.07249160528412871,0.17085366179454695,-0.07262089714915171
6495,0.05986350621193084,0.17745069707922026,-0.0296899174973147
6496,0.04333628982426206,0.17421123029044602,0.029582761165640833
6497,0.04352908465721723,0.1721292721890598,0.0197126615910517
6498,0.03361381180184245,0.15344168672736988,0.03799572905930674
6499,0.031402722453699926,0.12307944459526245,0.027139982871729328
6500,0.03274369334405106,0.08830264484200386,0.0070486855668523635
6501,0.009757850245046867,0.07076727466012687,0.03823123063139441
6502,0.018163066049921104,0.08123997953336805,0.018852453244183005
6503,0.01864371637375763,0.09974465287921705,0.02116322368624168
6504,0.044210222468317156,0.12968192290749397,-0.04046854266381242
6505,0.057018367830272816,0.14660295719899002,-0.08168749013595226
6506,0.06895038104126494,0.1570417957544055,-0.12436786661530017
6507,0.07940943924342397,0.15101367482729863,-0.15224705192624824
6508,0.07300801166940914,0.14110195561324332,-0.14254852300079143
6509,0.046892910863381425,0.1292881795693104,-0.08928053302993917
6510,0.04076323447128574,0.10793145752786898,-0.09832945682682989
6511,0.030528655921267925,0.12152155566167515,-0.07642100833282599
6512,0.026424770544765424,0.13562538258919785,-0.07013241031683086
6513,-0.015724269494221434,0.15426904510003173,0.047538171135842654
6514,-0.03958342935423325,0.15083767027737027,0.09238356756072552
6515,-0.0653635121006862,0.15000646533534584,0.14532032392674066
6516,-0.02490243168158054,0.169520455234964,0.0751285408751716
6517,0.027563964786390248,0.17469680022947656,-0.00582011968044668
6518,0.09979891513694195,0.1831940279262167,-0.1331806537018119
6519,0.09382232126475541,0.16009709579644835,-0.12040727430214647
6520,0.07466249521069514,0.14208958307806355,-0.08584180524032485
6521,0.04991035806868817,0.13123878272930453,-0.03358456103212819
6522,0.07763390677691467,0.1184633999614904,-0.06695006852105809
6523,0.06145844610362951,0.11162532578230983,-0.002838392171086175
6524,0.059121148446507156,0.0965664347262515,0.03540732510892773
6525,0.0016186937574061986,0.0950649297873491,0.15837506680071592
6526,0.007809457413617923,0.09361644945365194,0.1516625969413174
6527,-0.013705353806695695,0.09548761741613383,0.18567601358952143
6528,0.007507178013382544,0.10385893979206592,0.11606396444624678
6529,0.02767754959397856,0.11243252927941956,0.03956501112156518
6530,0.058941873584020685,0.1125259071593818,-0.03857460160597123
6531,0.052765601151393046,0.11189073610635608,-0.03388336894101677
6532,0.03581600681359671,0.11020568263654926,-0.015208633413634346
6533,0.01837174944043325,0.12377404258829229,0.015005408108538135
6534,-0.004636351069313593,0.12409172483876954,0.07931868301911685
6535,0.015292917513398153,0.1031235594614036,0.04000001953224156
6536,0.01709469302131662,0.06795292545894527,0.02007741285095777
6537,0.028332285392496936,0.03843277503285488,-0.011097751713120425
6538,0.004611982299366463,0.05287468161736155,0.03548656580160669
6539,-0.02162717545195945,0.0650373743557243,0.09232711885820383
6540,0.08009052653597254,0.060168089209753674,-0.13946852200467766
6541,0.1670898642780581,0.061843222793390495,-0.34228879895936903
6542,0.2203604785676482,0.052014648553693595,-0.4749917243455684
6543,0.1233066341336659,0.07990351116467952,-0.27367383535043327
6544,0.01928057587947267,0.08532653732615783,-0.0306397988144093
6545,-0.0007648824764687601,0.10243373679865675,0.015148143050756952
6546,-0.002271550167976515,0.1002710254008706,0.014443855624026405
6547,0.0064335241848236194,0.10054533846877806,-0.0075948247778359615
6548,0.007719642818969693,0.10959922262807043,0.02228573414515511
6549,0.006617177925114226,0.10906924246056476,0.053030115550014384
6550,0.010416221053551942,0.10708607462772324,0.04375777637437992
6551,-0.008314063915026232,0.09146709772506288,0.05934989945560566
6552,0.03855748183993987,0.11190661221393698,-0.052491618532862855
6553,0.09744384668440052,0.13305975557416133,-0.1775196896708447
6554,0.16855178870815393,0.15424489934448327,-0.31025884269707393
6555,0.15647176504170288,0.14641146940002878,-0.2739819646932305
6556,0.14378504766180564,0.13200418581002293,-0.23087020164025474
6557,0.10899730496577117,0.11764325005658795,-0.1603383549983311
6558,0.09784212335893215,0.10437043451615728,-0.1326165023206083
6559,0.08792699655519667,0.11735110653868515,-0.12488582881409717
6560,0.10300991507456103,0.13571071182463168,-0.15298314780539268
6561,0.10978200839058568,0.1580663537841226,-0.1635831940285337
6562,0.0785220408747231,0.14580907889099676,-0.1208175312586697
6563,0.05595824406207412,0.12095876808904674,-0.07869809961078872
6564,0.04606981391241034,0.11748199654230683,-0.06870714155545543
6565,0.05858749355819451,0.10504863737804535,-0.06343735731413266
6566,0.060489855955290446,0.104771680235536,-0.07249879749000507
6567,0.014943105481168482,0.07994510826271298,0.0143977176739431
6568,0.0011470286042289332,0.07912580173095325,0.0323481516150713
6569,-0.0016302433162380381,0.08241770433000677,0.03170743380280105
6570,0.027783980511614008,0.09152423929626793,-0.02792618213256566
6571,0.04187586126489066,0.10102813641160047,-0.07108729918782809
6572,0.04922542966346281,0.09909684871534515,-0.07283111283780516
6573,0.04466304554121139,0.09633381010921133,-0.05321209954342606
6574,0.04242738404946415,0.08055549921677801,-0.06149103428468798
6575,0.040435353161721484,0.07405030973769133,-0.061360429781694655
6576,0.07730356456020128,0.06977920175066588,-0.11057094998922104
6577,0.08847677123155132,0.06408826317758841,-0.09464176372248523
6578,0.0867128783334176,0.06874166531621277,-0.09349295237185555
6579,0.0599843620299415,0.08018616088875258,-0.05644103161484311
6580,0.0828117776406851,0.10359920692941905,-0.09827053431599968
6581,0.12315972639099787,0.10538532382860534,-0.14905839088909395
6582,0.16407454844557814,0.10819371622364453,-0.2059091797010996
6583,0.1311861141949001,0.08845845416862035,-0.18531901652273508
6584,0.1147347920114504,0.0777846381596013,-0.20403773210380702
6585,0.11484907536635448,0.0850512703737098,-0.22892094067386137
6586,0.1314790077182739,0.11031095490057881,-0.22310330793470404
6587,0.11872912876299936,0.13836683693753843,-0.1423164008711349
6588,0.09071509943267901,0.15085101906035722,-0.11387601336966417
6589,0.10149566924546459,0.1814481131380362,-0.16593079787219966
6590,0.11698848401886937,0.201011500293619,-0.24399415616449027
6591,0.09816297863082142,0.2053754593368445,-0.20631305631532956
6592,0.0456218763159964,0.18409356898232476,-0.10492101616399849
6593,0.036619680635819975,0.1728256277951009,-0.08545802616253166
6594,0.047867830159005635,0.15698529291849625,-0.11599659627318012
6595,0.08374052260283264,0.19320585749818558,-0.16212964271358465
6596,0.09822569519971878,0.21763504125749095,-0.18761995539390366
6597,0.12834346171403913,0.23097175841035392,-0.23337488567929898
6598,0.13986085670633203,0.19931958496558996,-0.2645275446659964
6599,0.15552410441870065,0.15223146556920705,-0.27357629082559376
6600,0.17921741999977078,0.13917142651186745,-0.30476255769965566
6601,0.191795466792167,0.1559052186192957,-0.3160285232054827
6602,0.17603683956536456,0.18078963842821502,-0.2873097574449041
6603,0.15317019193721584,0.172679674085021,-0.2412888990817443
6604,0.12114443116528104,0.13051605558828328,-0.1911195256798975
6605,0.12404306783536147,0.09152647896793302,-0.20686009616046513
6606,0.14153786152209977,0.05869499135724655,-0.24577117343936591
6607,0.144497278426604,0.03755831624735588,-0.2721960553982301
6608,0.1381648446752891,0.027908735489919095,-0.27685867204841513
6609,0.0890963541101846,0.03474090528623574,-0.18876880239512137
6610,0.08145481404058086,0.03748781228646512,-0.15114141265966785
6611,0.07039494334594733,0.051270328260501284,-0.12390746734328609
6612,0.06692122592233331,0.07639660773911128,-0.1078707815933053
6613,0.05020871861973856,0.10169648385514353,-0.07982169525185175
6614,0.0361798692608365,0.11420729625394742,-0.0688214214535274
6615,0.05982444168123212,0.11876544748571888,-0.13725902835379722
6616,0.08173407591699003,0.1068477873484485,-0.20705887875116052
6617,0.1582493043805259,0.08381686746509388,-0.28100344588030796
6618,0.28181368884117014,0.05964558044895936,-0.5181566929885651
6619,0.42726938885820104,0.027350722571556216,-0.7290595219432957
6620,0.5035162518762223,-0.0004106168154336792,-0.8663044714385864
6621,0.43102266210015083,0.02916272561762826,-0.701238523948295
6622,0.34738319496339604,0.09964199894264346,-0.6037759900241971
6623,0.24819953724417124,0.1910617152410591,-0.4667362608006731
6624,0.20425025731330634,0.1356720422889922,-0.4067759297173263
6625,0.17368346991093556,0.10986290983546033,-0.3661622786145709
6626,0.12224723535891405,0.05453640248624865,-0.2863352335154126
6627,0.09137372003467313,0.08203688166677835,-0.2113869284055013
6628,0.007062735158733595,0.07591037104519184,-0.02958026282577545
6629,0.007519987304006331,0.08952348521514453,-0.02645421459010564
6630,0.0016153390381860964,0.11179561747101555,-0.01612848433411637
6631,0.093468473258762,0.09855909758983553,-0.07518424455820359
6632,0.10860686144247461,0.08492784989768866,-0.016084606378753932
6633,0.16811427878971624,0.049110405522481936,-0.012213881175696927
6634,0.12305061641441291,0.03156671945351564,0.016582374071590453
6635,0.14091662076498623,-0.0023107181089612196,0.018317140884002832
6636,0.07829736762141577,0.038777112089233505,0.029716757651862543
6637,0.07041054702681357,0.11394648800106989,-0.01638845795134925
6638,0.028248393184434086,0.1570206646085717,-0.05657508113083888
6639,0.03806521537271032,0.1455572291191546,-0.07813068583570985
6640,0.004252922231298177,0.1165690893841617,-0.011294551887750982
6641,0.002126827669602997,0.13791969695521492,0.01620027628721974
6642,0.035911522971192156,0.1436708816828336,-0.03809975792300813
6643,0.04976475922470002,0.15077432027204368,-0.0649898183241017
6644,0.05399039864885986,0.12310028749978828,-0.0808298464307733
6645,0.005287592429485898,0.10284183691503121,0.006633850984530843
6646,-0.00906517201640243,0.08426074976623646,0.03029106935895336
6647,-0.028121488784002023,0.07094657683103482,0.05878682460456583
6648,0.020077078677929898,0.06215101225967857,-0.05208913542727774
6649,0.0578307733765613,0.058739576977274936,-0.12859381133803063
6650,0.10045820655947806,0.07556697866871741,-0.1815686971729748
6651,0.09405834753091877,0.08058593402196194,-0.13865547038025286
6652,0.09381773584009133,0.08655114883726604,-0.12619458588076013
6653,0.09168408201861879,0.08086311325610379,-0.14492730284963912
6654,0.061453656597467786,0.06598509193694106,-0.11980792174867108
6655,0.055781232350644826,0.058241484065452355,-0.12573079730989195
6656,0.03623725876164259,0.04737500586156418,-0.10135239921379803
6657,0.05569679576858023,0.04956424908296536,-0.14609522209555215
6658,0.07954027660031733,0.04278013799574617,-0.20744972702948788
6659,0.10148030471496466,0.028374124331713182,-0.26788486808439504
6660,0.08264659259420988,0.04406595985680832,-0.20164073571542132
6661,0.041015982967675294,0.0682036268168783,-0.07812442665002195
6662,0.007786389725147676,0.10026704963846692,0.033556142921629374
6663,-0.010385486567375266,0.11012985456819181,0.06662495844510702
6664,-0.024852829031298755,0.1054730393518401,0.0816516317210575
6665,-0.044117986389345755,0.11226638637000386,0.11018816604931844
6666,-0.045131103541375145,0.10491016759535059,0.10800943360555089
6667,-0.042981545233987076,0.1008871250789383,0.09957385181859561
6668,-0.028589058419120256,0.09720465297679245,0.07389154356562998
6669,-0.012705814330294064,0.09033746688588014,0.04110687271750652
6670,-0.0028549603933006418,0.10492107187726865,0.0357477720626465
6671,0.004146270609224367,0.11224768740836992,0.02796689947135969
6672,0.04312746540113498,0.0899282336931531,-0.042280160795398085
6673,0.07599390974193268,0.04937918914456997,-0.12703067097145446
6674,0.09132338060936943,9.413378050654866e-05,-0.1897149603658697
6675,0.07036972486602162,-0.004571625645024945,-0.16348655351621827
6676,0.059142952990538726,-0.002517566242938722,-0.14157635069148358
6677,0.03380574390836146,0.011196261451446504,-0.09068661910339532
6678,0.03822312635452826,0.020870287824926528,-0.07180996181937375
6679,0.05904258591518044,0.053761900083125994,-0.06985607136825597
6680,0.08755895247598942,0.07173958243819195,-0.07559080690344949
6681,0.09935512661354232,0.08979652470328298,-0.06728301679065726
6682,0.08090824423038699,0.09735446629299309,-0.028973642391380724
6683,0.08062433082464661,0.11189569940619622,-0.025750927332904374
6684,0.15186696443188705,0.12213707563623176,-0.21609198907037208
6685,0.2470192744972686,0.07587331426043369,-0.3860991680117033
6686,0.2598762011920826,0.044534630025801464,-0.4278240153892566
6687,0.1437295000536866,0.010694214872433098,-0.155519300468206
6688,0.02757633543108103,0.026283169437776234,-0.0039280410678294185
6689,-0.025753728745508204,0.010644497513246797,0.07583311674304181
6690,-0.008412318293521674,0.006199888269969635,0.019684874364634054
6691,-0.025210923864509165,0.026958545588394806,0.07273993702125815
6692,-0.020282771445362762,0.055753721990543334,0.07038528046393532
6693,-0.01628011584822413,0.08166378088567243,0.04176825583217258
6694,-0.017804207622002004,0.07122018361793851,0.04583728971013927
6695,-0.027001794597404278,0.06768754736941392,0.06461788394154333
6696,0.0006241380855694754,0.03759854477088546,0.011905271227781431
6697,0.048404162273388424,0.011224621642405818,-0.12489470386070908
6698,0.08827341146445798,-0.009146660354644657,-0.24961809826950976
6699,0.0703651880317258,-0.0002726666532465652,-0.24107553003913818
6700,0.05001677293581867,0.02274883911988307,-0.20412565188636062
6701,0.03451431722612679,0.03245874168953023,-0.1722865939345966
6702,0.0459505038174341,0.038151733740993544,-0.2185706942225619
6703,0.018673575221831763,0.02435898340673517,-0.1724648038016416
6704,-0.01658468473701286,0.03223927445991478,-0.1263685931192318
6705,-0.04889780247864889,0.06319168995126692,-0.044854923637161905
6706,-0.025254899826282668,0.09957520068465886,-0.09903181612004511
6707,-0.016832400896238005,0.11805785085850909,-0.10603419620929533
6708,0.0014767024006874514,0.09562180870719221,-0.14947998869888324
6709,-0.020906500078397002,0.08530676499880978,-0.10920833692943109
6710,-0.038960510005031014,0.05380603812773494,-0.07448353317012699
6711,-0.03158719788409993,0.06643358004422079,-0.05535933296572077
6712,-0.01003424941117292,0.06560586459728193,-0.07869764381628291
6713,0.04548848491930983,0.08413167409159758,-0.18644967009546481
6714,0.003753511223306726,0.07984409264442575,-0.12273987710696138
6715,-0.03885518617674162,0.0741541785789236,-0.0468385574883599
6716,-0.03741460366710065,0.08669952801455039,0.0070092954088257905
6717,0.03548498222958167,0.0963516932066406,-0.07325521960914116
6718,0.12180837891670916,0.12633279505011338,-0.17208235058634022
6719,0.16852343693392496,0.13061848810768595,-0.23239382394613756
6720,0.1704323373284568,0.1127432261254986,-0.24568667258832375
6721,0.15877832078299542,0.07490606547938672,-0.21861578752146246
6722,0.16212927224704446,0.02685951201949558,-0.19388354154500595
6723,0.15800704282506,0.043440000916231555,-0.1813092836919581
6724,0.14503639714120847,0.04110815805682548,-0.18285197239993725
6725,0.11152445671963569,0.055987518690149285,-0.17173444318133993
6726,0.08581872537791535,0.053146386274692765,-0.13773840982400679
6727,0.0814655134453873,0.07427049616638523,-0.13591415344783564
6728,0.09527255194935307,0.07603928311053226,-0.1414120306839463
6729,0.1100628900671903,0.07341352203980922,-0.15380806473344577
6730,0.1336515357889493,0.06124142598582839,-0.1316024089097746
6731,0.12623446940361002,0.06488989307569208,-0.10947310209806362
6732,0.12820851304860106,0.07274742799918958,-0.11107359706814583
6733,0.12235823903399448,0.07495862621487905,-0.13349498607400087
6734,0.12312728190522487,0.06509727443054512,-0.13862659764992863
6735,0.10169867258592895,0.050134313452218714,-0.11579506959720964
6736,0.07013399302644918,0.05198418142674872,-0.07676041388351687
6737,0.06158276148764369,0.05857113077647627,-0.06695191820048091
6738,0.048575089058615795,0.07353607358524836,-0.044302531411330406
6739,0.03730052579825329,0.06920540933841858,-0.04774903308283631
6740,0.033923227996611766,0.061215080204674005,-0.0626047704018386
6741,0.03975348255273677,0.0523722554783832,-0.08998385670976271
6742,0.04634689938769375,0.06632005116242223,-0.08177177914542626
6743,0.04154818371834059,0.08549504162322387,-0.053156963247917584
6744,0.04244445259475501,0.10132027015852911,-0.033258733028040374
6745,0.047402984944023424,0.11323811315098649,-0.036055929512403266
6746,0.07712487912549658,0.11684401401040406,-0.06454758756610059
6747,0.1815059613757141,0.11672415325181609,-0.20647233695436107
6748,0.30289402779608365,0.09248075026938116,-0.3765057055612322
6749,0.37949171677763627,0.0782521658671623,-0.5350471110231734
6750,0.32144859205623955,0.010132051332614942,-0.43481937009118093
6751,0.22521163281687323,-0.01099643394222042,-0.31145608174122025
6752,0.12310691265705062,-0.053185272311943775,-0.09812318088730154
6753,0.043125426408085275,-0.0021096375910101277,-0.014609489706321106
6754,-0.010484861226558173,0.011726589620192926,0.09748114385408731
6755,-0.02352866825646434,0.05551746796152927,0.09324374733395129
6756,0.013017255775724072,0.09550164468881409,0.045907338645003064
6757,0.036751222662529795,0.13350862561107213,0.015565650085159822
6758,0.04373576998112482,0.16314579065810744,-0.0021203871815162188
6759,0.04996732884075001,0.12898262667662524,0.008678380458299086
6760,0.07654659279189067,0.12061793606354022,-0.039900735675731346
6761,0.1003862012930296,0.11615183875426374,-0.06957773858014932
6762,0.11062222257152167,0.12712514389798665,-0.09429373640436042
6763,0.06570074645046603,0.0900092811296512,-0.06783335288122495
6764,0.008348336829222177,0.07171432175168375,-0.00045832735938647015
6765,-0.010883494443798537,0.06508321357686131,0.006496257205753056
6766,-0.03377073922181429,0.09613606260447777,0.04429330224182838
6767,-0.06302166305595956,0.1061725953696964,0.07723668763656469
6768,-0.050928174195062285,0.1168331433824646,0.06318660393619298
6769,-0.012285347817798635,0.09042886267929655,-0.008123935299795809
6770,0.042906483632678745,0.07345848135110938,-0.06957204063860972
6771,0.01862486112017265,0.053889717316820816,-0.04101986046112577
6772,0.02782811909537989,0.08017464070384232,-0.03799154231466607
6773,0.03864032064531877,0.08763653874644227,-0.05159298661978165
6774,0.06271456378135976,0.10513161981126488,-0.0613500774517459
6775,0.04894939727888231,0.09370929584924687,0.024814040236996498
6776,0.04556987221108152,0.08639601245354667,0.09373468235041603
6777,0.03574571094445553,0.07391422325127245,0.11302705542535842
6778,0.03941857060528665,0.0789134383751294,0.07629411388756989
6779,0.029823362255753483,0.08482248772346912,0.06127266469060034
6780,0.034881470322325935,0.10847399679531995,0.013246467698179049
6781,0.03498432631866464,0.11807750200693347,-0.05751461332427202
6782,0.029479603425621902,0.11699623532952041,-0.08239978500353072
6783,0.019204659575703473,0.10026011918300212,-0.03085069411486764
6784,-0.0029256306208231323,0.09547101441361339,0.04348976378933829
6785,-0.008215212901605564,0.10196667872959876,0.05687972467748741
6786,-0.004831329971525966,0.09825560420361754,0.04421824399218399
6787,0.02785259484046002,0.09624759861602386,0.007094501265723668
6788,0.08301612742634608,0.10654644707962062,-0.073872769810492
6789,0.08190598797408837,0.11231926361852822,-0.08116244578230083
6790,0.08398171839080065,0.13314349285930077,-0.10097188839963792
6791,0.042318950743119046,0.09655943356723544,-0.013991193839865176
6792,0.07942598136687372,0.08746936236821397,-0.07036478558654269
6793,0.09608898637518942,0.05995789163377742,-0.11463846508881133
6794,0.10712501713219957,0.06045121672736714,-0.16158840829360943
6795,0.08963943170318539,0.057307917581843226,-0.16394813503753464
6796,0.07637006609381912,0.061426016367855676,-0.14685301015874438
6797,0.09283030696177898,0.07418110293506687,-0.2026251223146777
6798,0.1235942570656204,0.08113792322749117,-0.266767418682389
6799,0.11948177509180936,0.07930792249017539,-0.2636724938060274
6800,0.11207175599597537,0.08685630736388904,-0.23365041723465968
6801,0.1244547850569448,0.08792713848579034,-0.22451543166442212
6802,0.13786069881641663,0.08528871483116165,-0.21189193543836526
6803,0.16875831504712605,0.07827612220678097,-0.23050785533857396
6804,0.1569299459223458,0.08023213935638386,-0.1892488607615714
6805,0.1741635105441387,0.08970870409887335,-0.2132967519903366
6806,0.17430113877505907,0.09957897042001962,-0.19227796844313655
6807,0.13926097740731805,0.0889027950090623,-0.15017265639534016
6808,0.0995300203126404,0.07583667849280556,-0.10731009502602509
6809,0.08166430569444623,0.060246387566283775,-0.10743561349584894
6810,0.09715741126674834,0.07040807671127143,-0.12427613703357464
6811,0.1411920253393583,0.08591572899532784,-0.17050445423524224
6812,0.15634264053105684,0.087677418839815,-0.16286768228874227
6813,0.1576600687091976,0.05714791644655269,-0.1732068315842813
6814,0.10678145580036268,0.032138762908003264,-0.1496142089582705
6815,0.05452677505229169,0.013299766488826246,-0.1034167648697928
6816,0.027385154595279338,0.038864973122649915,-0.05856714541046261
6817,0.04357879084590322,0.05898164553236372,-0.03018154559847289
6818,0.06505184000229335,0.08302641021174388,-0.05480224386191948
6819,0.07342759570137602,0.10178538419420888,-0.09815447756832771
6820,0.07687749215380844,0.11609069873337463,-0.13066329241297756
6821,0.08654579817306275,0.11796791637077556,-0.1516675357666658
6822,0.09305090459439125,0.12336380030365716,-0.1519343523171559
6823,0.12998838827130896,0.1275073043751692,-0.2019166120260558
6824,0.1775768165307419,0.14241804313934778,-0.26552994401492114
6825,0.2088584663287073,0.13434731851378195,-0.32804130310905266
6826,0.19756188790363943,0.1249628203893301,-0.31545124645584943
6827,0.2156057257173989,0.10781493621943511,-0.3614145359864342
6828,0.2003400016589182,0.12717267521252373,-0.3041531894836478
6829,0.18450090014158757,0.15463718960654374,-0.23358519463770294
6830,0.14632465277400028,0.17864849708588704,-0.08647357857294825
6831,0.13566135773127183,0.17892214667076242,-0.0740081869953222
6832,0.11825886470280207,0.16537556075913143,-0.08609052067714455
6833,0.07818968550699248,0.14369054886111926,-0.07686661434454688
6834,0.0431802882370875,0.12431437474114602,-0.04272911716901046
6835,0.027010332171378378,0.13522761887966744,0.007209874849708448
6836,0.01852868039485932,0.12025428044852204,0.04190295161660191
6837,0.018831067672488155,0.117240982716884,0.07556338711390663
6838,-0.0011461392457402866,0.1015899115373498,0.10623845186667856
6839,-0.007206525194988833,0.10728104664146337,0.12229974301417458
6840,0.033003724793576765,0.13109615130870578,0.03379118895491701
6841,0.04646852074164883,0.14189892771957713,-0.01775393601165651
6842,0.07031925421821784,0.15080432175158012,-0.09334080849577855
6843,0.04296488198442698,0.15641643559220947,-0.036625968350128185
6844,0.0506201547341353,0.1342403957464088,-0.047426209370685854
6845,0.04664889277274571,0.10466806097779853,-0.045668291415073975
6846,0.03447930843969445,0.06541883050365888,-0.03312591214998809
6847,0.015202595713715104,0.07983656392906566,-0.0037720517596072536
6848,0.01840703418582198,0.10613837521448855,-0.016663627274406685
6849,0.029248401582220255,0.12460853487484207,-0.0507218863471542
6850,0.01887749923609562,0.1067499454699932,-0.04729050938838566
6851,-0.0189950546260904,0.09258971112778745,0.023352112046809658
6852,-0.02930773366928982,0.07272921842426366,0.06330128287854624
6853,-0.0054735823504931756,0.06457394674488377,0.038779847689989703
6854,-0.005764573510628775,0.0521941239872404,0.06702151255230317
6855,-0.029004459372545324,0.03674516144905011,0.11291625429349604
6856,-0.055635149226988936,0.03680805543131648,0.16564226030615223
6857,-0.0482107525414621,0.03848320683020352,0.13489678644010827
6858,-0.04335293706605474,0.04477531185307975,0.11530654354849999
6859,-0.044678306542287764,0.07691056785121546,0.13067960266734177
6860,-0.04360224772994276,0.10325156255859427,0.14806429698999046
6861,-0.05467905834039429,0.12827666839762406,0.1820950896813907
6862,-0.05600147925165874,0.12542390471790607,0.18685752122327295
6863,-0.0684985519256794,0.12314734230441111,0.20612285750603693
6864,-0.051065432179422464,0.12394634680861158,0.15900165437663358
6865,-0.040680485123383424,0.11142784176828353,0.11223743085179907
6866,-0.03599963625254691,0.1102973562977266,0.08383730808225111
6867,-0.03859211902201123,0.11811217250946007,0.08126073488830296
6868,-0.03404294187511463,0.12311783679626837,0.06650556929194437
6869,-0.028692077672185297,0.11451835202752175,0.056575866225899336
6870,-0.02208308376508423,0.09038891531668929,0.03828226278512399
6871,-0.02387584596668955,0.07271888103992116,0.04816601253438847
6872,-0.01885364637957111,0.06118434774286693,0.03557155581960725
6873,-0.03253116266522285,0.06080352233123871,0.0721072952886629
6874,-0.03499858582506792,0.0633182116708501,0.07924880657780835
6875,-0.012814985453935203,0.05639003032157731,0.029281133726441626
6876,-0.007736121402881173,0.07450061605034274,0.048492314563036584
6877,-0.0072419342775802585,0.08306932915160714,0.09099143377832339
6878,-0.03574027481333477,0.0995234302260802,0.1550379428033144
6879,-0.017681101613319424,0.10917897655325258,0.10814107859331726
6880,-0.030122570772841147,0.09431355368952901,0.11238491811672777
6881,-0.03177343195128605,0.06987480569748039,0.13103544564695835
6882,-0.047312847934115276,0.04291294805875256,0.15252783457971258
6883,-0.0654438484049305,0.06824840979787897,0.19701413797880732
6884,-0.08424470814583296,0.10399481889988108,0.2353328065058993
6885,-0.11035625844807719,0.11421933482146936,0.31065301099720977
6886,-0.11135964847181001,0.09866599116498491,0.3214341080626627
6887,-0.11776049090075544,0.084633035433969,0.35409702172151086
6888,-0.09298879608051847,0.08252290915869533,0.2814516970002831
6889,-0.056597271094835144,0.08203640748236947,0.16663892481978637
6890,-0.02947151815568996,0.08946850681626448,0.06126712787171022
6891,-0.015782863330958005,0.08659525866003005,0.019370643649868183
6892,0.011842633092778596,0.07802599845838785,-0.05485607648522206
6893,0.045289728300033194,0.07491439446010796,-0.11465471003168377
6894,0.09232003897443603,0.10142425175858773,-0.19411429882600986
6895,0.12585997315785266,0.1217371910795819,-0.1981600145102029
6896,0.16105289059803043,0.12734938528344922,-0.2169180636812847
6897,0.1758474069546972,0.10936059255953623,-0.20511760699256498
6898,0.14884481509545006,0.10933145126370601,-0.12251591522168169
6899,0.1058406523663609,0.11093154534683017,-0.04119595717711203
6900,0.08973009621135233,0.08640365676515689,-0.07723261392479984
6901,0.11897160515395838,0.07365948015970636,-0.19880252311621793
6902,0.1455712062158793,0.07255150090112286,-0.29444063574493307
6903,0.17902299172662892,0.09134068743840104,-0.27319136770176067
6904,0.21102624862815014,0.10410201764294073,-0.250852930871172
6905,0.23666825723460563,0.12128691123352248,-0.24452520270235323
6906,0.19995164194244247,0.13070252221839188,-0.18905181420481723
6907,0.1330065804257394,0.13062477734126707,-0.08655917403213423
6908,0.08247207287875401,0.13045711679058236,-0.015858687761034652
6909,0.030392081900121794,0.13193363149007495,0.03498765408560748
6910,0.003954159241994444,0.1425884865725909,0.049398184781174616
6911,-0.048325198937131976,0.1169383588700961,0.11549097872071014
6912,-0.06785730337013152,0.13040099882702302,0.15836795619062016
6913,-0.04307729545776374,0.13812760088091652,0.09104787410359286
6914,0.019227153308074132,0.15009840685479478,-0.001339084129026537
6915,0.07668567002185898,0.12774962998922854,-0.12094806335257985
6916,0.05091601523314651,0.12184673929634837,-0.057459494694412375
6917,0.00344792145328413,0.10572914491078553,-0.0028036602607472354
6918,-0.03652284056262836,0.1290585012977566,0.06865393924557563
6919,-0.027213010823202634,0.14631332983823203,0.06430312961805529
6920,0.005651330175171856,0.17458083776330555,0.060868041554273514
6921,0.004079108044944098,0.1741985964817071,0.09922417156323601
6922,-0.0044214118498785695,0.16042376087034851,0.11883536203120916
6923,-0.03149212868173902,0.1624309120611729,0.17019326541400115
6924,-0.02878733567646604,0.16994161574775832,0.18036016090615323
6925,-0.06659108713178732,0.1712630034953013,0.25331852707481994
6926,-0.074769967906083,0.17461172935631714,0.25987568662963034
6927,-0.05906850578189449,0.19030471242502375,0.20572798216431976
6928,-0.03154421186747876,0.20057395343879336,0.15715925397192304
6929,-0.0038086072643967717,0.21429050654497875,0.10603050120675304
6930,-0.0027856929351504213,0.17500671130174525,0.07855877975498526
6931,0.0197788695196339,0.15631352992507289,0.02408574298479326
6932,0.017757110444200832,0.13531093371069935,0.012340608674348056
6933,0.006184814621218111,0.1611614286830073,0.05938414656419696
6934,-0.015035851735344483,0.15723111790745775,0.07799751822992984
6935,-0.01495611321683569,0.1487618922743415,0.05156354345652745
6936,0.004442812167570295,0.15475544744111377,-0.004381294233947183
6937,0.03931240537753077,0.18056420724959713,-0.05294656414988473
6938,0.060394926094504614,0.2016683496278227,-0.06822627583451536
6939,0.0430638951195687,0.20170851841773127,-0.01520615393375156
6940,0.01635569061030865,0.19513791423165727,0.05099231868690088
6941,0.013102121547693421,0.18703889530461376,0.059630701370521906
6942,0.018768278238419544,0.18199600337110192,0.03271433079426324
6943,0.031033397309358574,0.17489453841432778,-0.026696991429633176
6944,0.021742511098181337,0.15852765766263976,-0.024468838216338384
6945,0.030484146580965116,0.14618704645635897,-0.061026973875326095
6946,0.027276363918397658,0.14398463300302344,-0.04508578046689481
6947,0.016077461365024817,0.15437758921865027,-0.03210195001684508
6948,0.012720712869545651,0.138584832995051,-0.03399197190631504
6949,0.002959689721994659,0.11231535748960572,-0.03637342892823698
6950,0.013492789687107274,0.0848389229041643,-0.06807629450869111
6951,-0.0008714451590852414,0.08082691147561215,-0.03704242605050047
6952,0.0004944081997889055,0.07701505514114973,-0.04016379926978432
6953,-0.0052830031021345245,0.0807587690304777,-0.02899652800221475
6954,0.012735204933936728,0.07055356195227684,-0.05977932781274109
6955,-0.0027195397732473676,0.06794791715508941,-0.0009860761423018552
6956,-0.026190025202370494,0.07479940359982937,0.07612133424532794
6957,-0.06412617876997594,0.08846527904771487,0.1638073483934326
6958,-0.07718616363770409,0.10656549827290769,0.19034441662334664
6959,-0.0714169012472327,0.10422198021600322,0.16964422795685288
6960,-0.056553241190060846,0.10335406147228489,0.14745266725978773
6961,-0.036120780807513284,0.08955930964632841,0.09698035021389298
6962,-0.03218129629775848,0.07898720148485885,0.07951256628164138
6963,-0.03733012208798063,0.06689253186821673,0.10868670817084132
6964,-0.034675320628726,0.07234150339975577,0.10695550188493679
6965,-0.00244534276877006,0.08821522435578226,0.07425276881688375
6966,0.003817891750281121,0.10277531307195867,0.05008858541493218
6967,0.05896894073237051,0.14117397591180594,-0.05233375657340888
6968,0.08561792594577612,0.16264638846829313,-0.10932563618717639
6969,0.13293852465649725,0.16160583296307565,-0.19072516332039183
6970,0.12151008113422539,0.14742227400488775,-0.14074186432766195
6971,0.1130644486800276,0.14355400878612384,-0.11788762305678246
6972,0.1024498058654848,0.12867145284277043,-0.08830148358602344
6973,0.08842819979895898,0.10062552290746993,-0.08450563180486166
6974,0.07195499083622434,0.06758184767673915,-0.05907171924302554
6975,0.0652209359942655,0.06643995261501497,-0.05426165841080797
6976,0.06226598632583877,0.05072765686068014,-0.08249136405731812
6977,0.10576754951139723,0.0371168157225212,-0.19878912364649265
6978,0.1218047632020714,0.03174660839228464,-0.2513145188825678
6979,0.15780971454233178,0.044142331678769214,-0.30399310983331745
6980,0.08796324356770532,0.06921878796147546,-0.11474938750791666
6981,0.03596793734208093,0.07905677172697048,0.021213466871725973
6982,-0.015702105737766814,0.0931022460018393,0.1876628954104043
6983,-0.0009944743954008932,0.10071879767213497,0.16483839430128558
6984,0.05246828026554405,0.10999541993882686,0.03441737106008603
6985,0.08148356061086554,0.10070877818396137,-0.0874183309593569
6986,0.08799786595672955,0.11561071627235926,-0.09554901574030113
6987,0.0482701481753936,0.1346352704278133,0.027769412254762555
6988,0.031016080794678838,0.15736345247685946,0.09536571989098014
6989,0.009609856382499456,0.12374706022733631,0.09525393165096867
6990,0.031891530818862104,0.10211537124955698,0.0199528693742405
6991,0.07829793600139598,0.06784974219287693,-0.07735301265068135
6992,0.18558171019421688,0.04957811537932011,-0.2721571307821555
6993,0.2252283492613848,-0.002141042527648056,-0.34187151904091223
6994,0.2026311341185255,-0.014720868052672463,-0.29994611945825583
6995,0.1529867593850194,-0.01960848684921377,-0.20309033413044422
6996,0.18121727981629324,0.016270218394133843,-0.27489100834567565
6997,0.20116130629688128,0.0402274480727004,-0.3097480870024297
6998,0.1941136889785025,0.05105909996351332,-0.2895703292995599
6999,0.11008766566240742,0.031047446192585596,-0.11038130346049764
7000,0.038033915883513895,-0.019545823160357162,0.0032865480564663423
7001,0.017467037724609672,-0.048120626830242264,0.03645493491641228
7002,0.00705815984320411,-0.05895554084550831,0.07257581687852298
7003,0.008495084178416962,-0.06623214791400574,0.0998669390405028
7004,-0.032351548707324984,-0.08536221549293353,0.19277066040248006
7005,-0.05835426857171966,-0.10156952060376,0.27728429308766095
7006,0.011302978291678607,-0.036789801573124406,0.26619185463188827
7007,0.08350514669433469,0.02239530675055294,0.25441851334251026
7008,0.14120426694307295,0.05706832092438828,0.18763546860376878
7009,0.1620223674506681,0.03833087027902685,0.14908253192261764
7010,0.25180871185245324,0.012548416602467914,0.04591727646610178
7011,0.28769875659351485,0.04128436367707071,0.08654260705375107
7012,0.29713890146176863,0.08532548144586953,0.10265984914644144
7013,0.24148538614026763,0.1314809821117878,0.17490170141938172
7014,0.2245702833846881,0.11106012985544028,0.13807619059503712
7015,0.18941450586851433,0.04755724581662746,0.1480540171268917
7016,0.13549649161520153,-0.0028412213000907245,0.22766410041672114
7017,0.09612414201560765,-0.03173498034592702,0.31207380706178783
7018,0.0729253636290156,-0.01598398857714199,0.38012043458202427
7019,0.05560002674943478,-0.008712985585290444,0.3793300818314394
7020,0.09677886197234566,-0.02288886818447664,0.23617970474874117
7021,0.13186620074866195,-0.030633216762600092,0.07113016353083754
7022,0.18127354570018556,-0.031959831846915976,-0.07396373707875502
7023,0.1569065537852351,-0.022527128582456098,-0.08421834047658602
7024,0.1356750480439561,-0.03821447434044688,-0.07833755790992152
7025,0.11934507547148153,-0.05090182639243601,-0.11714033824699875
7026,0.13455658744183774,-0.05981094976378208,-0.16585373705874304
7027,0.14491732955967906,-0.030616748655270278,-0.13552146220216815
7028,0.1658030517730043,-0.006159031252025089,-0.08529023053395918
7029,0.13774748826293404,0.04573427836669419,0.08240059170980904
7030,0.1208252840376407,0.05905553075179081,0.18521232889674621
7031,0.10902944656148195,0.07091149054070071,0.28558299875460125
7032,0.07568218891579259,0.011255695082754353,0.25599928660878424
7033,0.04868913856928497,-0.021049552657761126,0.19632001020898612
7034,-0.013560022128141325,-0.04325086072309607,0.23494266411334871
7035,0.0067135476221672815,-0.004875768669374433,0.2912302468247986
7036,0.003353023514135027,0.01165114250144312,0.400703955183543
7037,-3.4527148544464364e-05,0.027946314788229204,0.45143916744965684
7038,-0.01604030276435421,0.03350151279962546,0.4644480512108161
7039,0.03822305222618548,0.053647750182576406,0.4603562192102692
7040,0.08919239220141854,0.05483574944262655,0.414289823542381
7041,0.11570575203332233,0.06856507118121238,0.4624419498234742
7042,0.08012846136725753,0.07341803747014838,0.43145866705005315
7043,0.09122237610503628,0.06751694255378529,0.37627643530109084
7044,0.12033930042325351,0.03871529466415617,0.2574974686829844
7045,0.1505582946220648,-0.010805949777479073,0.23062143452048006
7046,0.17902326162072726,-0.08191610738295024,0.22117160675841735
7047,0.22849136951812632,-0.12383966551925088,0.10771321970207186
7048,0.32297666870737457,-0.10923252970456573,-0.1446015472560916
7049,0.3078812148331317,-0.03556368030930381,-0.2434948313779401
7050,0.23424928387527036,-0.029458534460561972,-0.1065132549639253
7051,0.14298553551950532,-0.035703947058373424,0.1893410821487961
7052,0.1505769140954005,-0.07414957092391343,0.371429301586999
7053,0.1654238658962593,-0.06307864192929484,0.4754313003251879
7054,0.17667599713017243,-0.065172828456201,0.5211570746463106
7055,0.18151954800473769,-0.05700273513652889,0.5499937608399419
7056,0.16967711424863544,-0.0016882573857275609,0.47314141115313546
7057,0.12014310506434915,0.05080754233830899,0.47208464290836466
7058,0.06477457597666283,0.0725093583590571,0.5097347058301385
7059,0.06757901280864664,0.011936093070269322,0.5935019836200728
7060,0.11529367985417513,-0.04317680350354996,0.5344560711268361
7061,0.12055120144383881,-0.055060330160045017,0.4993336947414277
7062,0.11628994435548186,-0.037100295676908666,0.394426852096548
7063,0.11174029654046576,-0.030073418940384913,0.3527078567935326
7064,0.12215799275554882,-0.03626272843378271,0.2893637853998732
7065,0.16180559726706403,-0.0474937945901263,0.22054687094014536
7066,0.16120920702554656,-0.043537253222151955,0.2980924603427751
7067,0.18856869597358747,-0.06145852126316508,0.31969144195993476
7068,0.1198118908181088,-0.03344478025440612,0.40953336671147894
7069,0.12799650637697677,-0.009982853932170003,0.2800422887017031
7070,0.10658548070604068,0.015215552934303787,0.18227095100809612
7071,0.14234832702941758,0.033900701706430406,0.10113068124748885
7072,0.11039318305768156,0.06330887741878172,0.10270938576681368
7073,0.09099923141205017,0.08816797969440006,0.11878988390632288
7074,0.07474342002476549,0.10676660047386669,0.16550257212769473
7075,0.07219828845893696,0.11134653072445516,0.167913044621868
7076,0.060957575467817805,0.12986594150986838,0.1796433790270362
7077,0.05635934389891991,0.1394735701436831,0.16029647654001752
7078,0.09953382456597322,0.12581933327372113,0.08649574499676371
7079,0.12259989247811143,0.12026653296009114,-0.0024146167779858035
7080,0.1606172431678336,0.12218568200823243,-0.07165373916356378
7081,0.168421322522689,0.1372416230364588,-0.08721756053269075
7082,0.2422224275813802,0.08890849727674971,-0.20045132551957615
7083,0.2763551698155772,0.03462729618359034,-0.3362460830257037
7084,0.2722664404622764,-0.015198479286907627,-0.3793916509614675
7085,0.2464313552275732,-0.01684036997362961,-0.34559442692695014
7086,0.2680612113461693,-0.019965088968292435,-0.38337798167902715
7087,0.240748774334701,-0.009971593471873806,-0.30046052625308334
7088,0.17730335987132737,0.009794517362329995,-0.15036756788832908
7089,0.08959589409231962,0.03955663668162162,0.05058321375528749
7090,0.08544492522675132,0.05756812705135685,0.09221298241715686
7091,0.08907575416662931,0.056001513760821256,0.09826660251849942
7092,0.10093438822520685,0.05188413776802892,0.07902924884308121
7093,0.09951086554465988,0.05282540201895157,0.045592477790912515
7094,0.10375791815955789,0.05209118212417982,0.017048299193687978
7095,0.01851001185890948,0.023992436576864395,0.16206314629505372
7096,0.023465767139908538,0.017779188426324515,0.11163062983844305
7097,0.029159660947518384,0.02489864884081714,0.05225923757031612
7098,0.10456881408601836,0.04460874360125456,-0.13224304723414843
7099,0.09625605348733898,0.03901514879260096,-0.16083509865413276
7100,0.10959076380558437,0.040781029336080965,-0.1658784331142246
7101,0.14935179659361827,0.052662522846925436,-0.17207217356443197
7102,0.1668455261659481,0.04466237090261508,-0.17520680085214654
7103,0.1867385282372498,0.032477947194898125,-0.2303163493818391
7104,0.15350974654078559,0.013598705077190193,-0.1971427446453193
7105,0.15622623821097475,0.013531218706985206,-0.19824645639005045
7106,0.18157450804796313,0.023116132053404858,-0.20545272545174936
7107,0.15917781091733607,0.036837607203180286,-0.12458673762692712
7108,0.1323983513641052,0.04122969151640574,0.03276590011559164
7109,0.07676720155156135,0.049563668978840736,0.22968120429799538
7110,0.1042523880443674,0.05888022055564367,0.2069034702065842
7111,0.13152649098312494,0.06102336865486004,0.10947877949861784
7112,0.10759592539213897,0.0453697511769086,0.10290716115955227
7113,0.056398177778417075,0.018651512565387107,0.12341807874881543
7114,0.016210702170167523,0.012706158539584393,0.15709963698319665
7115,0.005693505205588904,0.04857330310724534,0.13679535902220538
7116,0.016034707303102535,0.02732055143398878,0.005036274542634708
7117,0.04267638067731968,0.004887890079322711,-0.15394888481235816
7118,0.0749337410298104,-0.0550049165614073,-0.3336165614959256
7119,0.0960838225067153,-0.049412637674734514,-0.3467851056428762
7120,0.11349200409911527,-0.05247899953796983,-0.31108118012034297
7121,0.13540807437962954,-0.05286927116367112,-0.34863777603587676
7122,0.1518210319200419,-0.04533102426018485,-0.3553230644346899
7123,0.1067722872456387,-0.04095158916269369,-0.342574167364071
7124,0.07694262997092693,-0.02319194352333566,-0.24104104631945342
7125,0.05983249114177617,-0.0014427754376052817,-0.1561403364700707
7126,0.05393989062113427,0.04125252234386219,-0.06355547441118409
7127,0.05395827441973176,0.03634627847019511,-0.023870412697720396
7128,0.06307739469249381,0.02019837349195211,-0.03897512877566049
7129,0.07497815640381188,0.0036164718428733666,-0.08903172400179556
7130,0.050233797906504535,0.016031322828148436,-0.045497240731494575
7131,0.013250195186713505,0.026660280578304687,0.037348084554067844
7132,-0.015237424891541755,0.051648005286193434,0.1780557179100008
7133,-0.012996685129679495,0.05056639974179891,0.24105248117341424
7134,-0.005130192053425334,0.040412516827469644,0.26992878109770796
7135,-0.007634310479072807,0.028326256648991365,0.2189984753358645
7136,-0.005883573833898579,0.036577066452012516,0.15528163161697053
7137,-0.006207462336828134,0.06298110474843598,0.09185977441912432
7138,-0.0005911658514243703,0.08307682458226048,0.0862459717819392
7139,0.00015861234003968424,0.07846788537743712,0.034715619650558055
7140,0.006476612302944502,0.057077842840496926,-0.04547757367234983
7141,0.028801627413353507,0.03624455645887556,-0.15747383972042628
7142,0.05992112162550898,0.04135273083748567,-0.2466786844278282
7143,0.05884456936447146,0.06625955750126565,-0.21417293185851793
7144,0.03795676176529709,0.051698612232488145,-0.18224159656041783
7145,0.03548558124145622,0.04270170660860637,-0.12367043088377633
7146,0.04614727407669722,0.042494409384821345,-0.10584450590506
7147,0.0535864801691305,0.071111597486802,-0.04949315701049123
7148,0.04616774337252051,0.09230309413655545,-0.007953660999098793
7149,0.05629043743564539,0.09731249418855034,0.03407681292720638
7150,0.05926655788810855,0.08611779604069444,0.014118965046360534
7151,0.048672515862295054,0.08174922406724967,0.014961500661809499
7152,0.046732521175335856,0.08764135925228766,0.014587939010968332
7153,0.07962272878432469,0.11729968712795312,-0.01797600159522647
7154,0.1282857172784393,0.1488958451829142,-0.06712327872662119
7155,0.12906414818591322,0.13776701341234865,-0.10132323586886309
7156,0.07290346446894733,0.09242293909152428,-0.028754662299970937
7157,0.03670238587817923,0.0608195478537608,-0.00656203582372892
7158,-0.016973033533723765,0.04355053931480116,0.15580050097875808
7159,0.00929995864454664,0.05378980293555556,0.09761770054932685
7160,0.012192856172832165,0.049551286217277966,0.1233942711186547
7161,0.025994890270304095,0.0631202436573675,0.06526162926127699
7162,0.01793581180070882,0.07688576578671652,0.09694678470510859
7163,-0.0005560526431040948,0.09069754115306451,0.1340834888800553
7164,-0.0016589874120421931,0.06859312036642075,0.13030038798453614
7165,-0.0116632626374981,0.05184972176849033,0.14626897950990947
7166,-0.00497694887204541,0.032531558183797875,0.12289011375862798
7167,-0.008182456592862881,0.037353685783089716,0.10143479026434432
7168,-0.006727484366013605,0.02816323861008747,0.06432894966536094
7169,0.0035045686544102153,0.032897709414059506,0.026992905650233212
7170,0.023632201646070026,0.039773890950855144,-0.000491130659431193
7171,0.032139855823414776,0.05441076881666271,-0.03891470133295436
7172,0.02807572141636154,0.03227822613019742,0.012709501120073668
7173,0.0010473129419834588,0.017003538091059138,0.060640757390757326
7174,-0.026394108797846857,0.006192214273107416,0.16320385121467543
7175,0.0391345905543178,-0.011922380724840526,0.040800025268278216
7176,0.045216092665793274,-0.019622927324967183,-0.08191835005170718
7177,0.0451076854366596,-0.02958845510925668,-0.20944201374305857
7178,-0.022177595123531395,-0.012508462077442668,-0.22355051245240928
7179,-0.02209713977269354,-0.015331492073365528,-0.18525283489422079
7180,-0.007497954340684591,-0.03671862137727835,-0.16991849009425908
7181,-0.02364930188335051,-0.04988867948453942,-0.13486205504947538
7182,-0.0075192116651411865,-0.048531461303627746,-0.11755977728516888
7183,0.01772156603323325,-0.024412006866291712,-0.13107832126217037
7184,0.2092120677172767,-0.02908001478774134,-0.3989066557863481
7185,0.3381675922569821,-0.05312286580898924,-0.593715976233275
7186,0.4067796085995791,-0.05723857826768703,-0.7214356990790408
7187,0.33578875583832457,-0.054489705276622044,-0.6093145188600236
7188,0.28198953946201494,-0.02778803794934942,-0.5804964535929144
7189,0.2386857860388247,0.0027453989519670985,-0.5186590093496812
7190,0.17413393396479174,0.025151164022115056,-0.4275641164223132
7191,0.12243507766254906,0.028055651728054052,-0.3237849501581261
7192,0.11306850047823137,0.009129864868600216,-0.30469886683258046
7193,0.11948007730662771,-0.008298708104777423,-0.2844615945868313
7194,0.13780857773799743,-0.009940935286500502,-0.3140713297881152
7195,0.1614749684015834,0.012393896616392227,-0.27216594076210154
7196,0.1393598373535838,0.035623811694915554,-0.11240642841096099
7197,0.1270717649507877,0.02870188311181816,-0.023610793218488697
7198,0.09386800931331395,-0.0010612514446821798,0.03792177816949717
7199,0.11315560944801391,-0.020334142037081903,-0.05721630330445977
7200,0.09162170435683493,-0.0016923185815146936,-0.017259741698903333
7201,0.0720845868219556,0.026597556065562064,-0.01765299710490478
7202,0.041722392250380394,0.04312390786561612,0.01676434834159864
7203,0.06596482907669726,0.060658274077858274,-0.011970330765144881
7204,0.09514169732314359,0.05743447784997481,-0.039374587760405
7205,0.09880751303103702,0.07247569544905369,-0.0389564419857362
7206,0.08527335956866954,0.07699335058011374,-0.019384860386618855
7207,0.0890685301980998,0.10376404114660673,0.06610835336767604
7208,0.0980054225873256,0.09911791085837651,0.11127419737924718
7209,0.120100247423368,0.09212454716510798,0.1420655384476716
7210,0.11224473894390465,0.0873071798235098,0.1111177136577988
7211,0.12049309625117334,0.09786240442005222,0.07974323636134226
7212,0.10296268723109045,0.10704768108850167,0.06795212901975242
7213,0.07421431708147146,0.10270230459553076,0.1045824247384179
7214,0.028315524813685454,0.09193768772170047,0.14766432653259748
7215,0.01787598132596641,0.08144523502256869,0.11273598254129757
7216,0.0025270554542559187,0.08564845215425416,0.09685431840782167
7217,0.01901336654768207,0.10639558770648103,0.053065670882225406
7218,0.013419746886234886,0.1344695480223734,0.08656176802082285
7219,0.016831866667708556,0.13348337140645614,0.07097189692253897
7220,0.010169389649989457,0.12024116207763277,0.0763938381232954
7221,0.017319733136160743,0.09900996565726189,0.05017261995316774
7222,0.025746427317642838,0.0843674641587379,0.03238785626110397
7223,0.027841538609345105,0.07437207764338966,0.023365673891263043
7224,0.00982010311881167,0.06837902229855221,0.055073806542228786
7225,0.016453162568951275,0.0580913714000044,0.06112801810135489
7226,0.015584169814397988,0.054334399880124125,0.06054291106215331
7227,0.038119687172866,0.05072712856138971,-0.009252166232783058
7228,0.03148522318712811,0.06180820401688309,-0.04939432997681625
7229,0.04279099973264781,0.058503208475987695,-0.09122561141770016
7230,0.05744162309935346,0.04445981943426947,-0.09276792525922936
7231,0.03357414169804425,0.03331774514320579,-0.0022668535057226275
7232,0.036210734850185,0.011566446219296292,0.07642831502313054
7233,0.016028075069983348,0.01731032856410215,0.1140416354722197
7234,0.06266374563963843,0.011785925770624688,0.056485763285964836
7235,0.08213363158935434,0.0220009624705291,0.010488426345710466
7236,0.07490595024824545,0.025196526942842606,0.01539374014556034
7237,0.06325950839941777,0.035466879570332725,0.005439104914463803
7238,0.054746065636370175,0.041341087376657114,-0.016933218522938897
7239,0.08580168322402228,0.039449705867228284,-0.05172274538551907
7240,0.10707031399113592,0.03594110541152731,-0.0765830287925353
7241,0.10412391077583853,0.03851202987057736,-0.065568223888253
7242,0.09018942197944028,0.03747710962549595,-0.04373319847645121
7243,0.03826813340045459,0.034298328787339356,0.05255062951705349
7244,-0.0016068772637241702,0.02308257973324678,0.10410886294454295
7245,-0.0294177908282971,0.008152756718819583,0.1426046806620572
7246,0.009836807441902221,0.0008525936080097696,0.035777428719165526
7247,0.05704938069149852,-0.001505174533044184,-0.09406330433239586
7248,0.11346434238872405,0.02322767459169158,-0.17258350755161336
7249,0.14539517663135704,0.04787402071446417,-0.20664232882388367
7250,0.21252714450805374,0.06438412514926022,-0.28827133033449615
7251,0.2604673450715611,0.05180858113207668,-0.35950514100624975
7252,0.28248415502649854,0.027483123764036315,-0.379846929737649
7253,0.2768512930712748,0.015480505279548805,-0.36060730221228565
7254,0.2900242894059366,0.010854113683965971,-0.4152764774809716
7255,0.29712465421239803,0.02110564206088755,-0.4386727529242659
7256,0.292329068299662,0.009623399326806647,-0.4371258573951303
7257,0.23759042380313838,0.0037668574534827325,-0.34042663920422045
7258,0.20308954783795005,-0.01737988917058344,-0.30360556370711494
7259,0.16642024230126642,-0.0254676502856239,-0.2735745860009142
7260,0.1717684725636582,-0.04110691770468227,-0.2852748571287269
7261,0.2234598290147059,-0.034127909138039876,-0.3223317568528519
7262,0.23445588202841314,-0.01824929245272336,-0.30264355134986465
7263,0.25615080497177534,-0.009389666526026194,-0.33955760503818255
7264,0.25627622694487134,-0.008207204433300056,-0.41485718168534963
7265,0.30814326966673006,-0.0076584272348875805,-0.5416007616230715
7266,0.32567532219001694,-0.0025217889447581993,-0.5967797697201158
7267,0.2582721588495526,-0.0021195567621905146,-0.45171643704907466
7268,0.20793228903429403,-0.002621380668378248,-0.3483796409658479
7269,0.20676532071838852,-0.0002512741871226072,-0.34978408818985773
7270,0.2998079289983936,-0.003895928605888632,-0.558222327496948
7271,0.37548316050130404,-0.015478873760993411,-0.7239637019224694
7272,0.4386541081782861,-0.014001485099403462,-0.8738436080563715
7273,0.4289096904544016,0.0067532467462697214,-0.8455699214229165
7274,0.35066744530374616,0.020494903424975418,-0.6599028507099047
7275,0.215728167587738,0.0045949812102198855,-0.3493927606621332
7276,0.12388570365772188,-0.01366019094056245,-0.17254650733302795
7277,0.0857675902082111,-0.02988151529054859,-0.10275447464114995
7278,0.12380633331438436,-0.0025839780239574556,-0.14622380646138877
7279,0.1642308958512778,0.002253897779329675,-0.17480011501913842
7280,0.21872907080755105,0.020303523215508695,-0.22995100248558697
7281,0.20341136528408355,0.004657976607290353,-0.20262633390605064
7282,0.2173081244885338,0.008568078649877495,-0.17218435718856706
7283,0.22066364438577418,-0.011332885147401602,-0.21839896635435688
7284,0.21190480426282568,-0.013247133160369757,-0.16147611826457747
7285,0.16668201780507783,-0.022913038505657655,-0.13168500077130935
7286,0.11551740902147087,-0.01187541467900611,-0.03528885978685402
7287,0.09132065755935732,0.0014329806094069198,-0.0597413085034599
7288,0.09893364299126145,0.0179584223401941,-0.10639392155349901
7289,0.13432739795407772,0.03430323404755474,-0.1990062264663329
7290,0.16263889638408516,0.04248279823179014,-0.2613793901837453
7291,0.1612280912589958,0.038549176279573265,-0.2630170416658274
7292,0.1502536782890994,0.036095181311644464,-0.21446950625721187
7293,0.14474393693398366,0.02352459674918021,-0.21691456396102127
7294,0.15246770311467858,0.0388586270614789,-0.1911503584156967
7295,0.1250899905112458,0.028320044272448906,-0.1308002910574344
7296,0.10380874680423526,0.03029735269783536,-0.08668968849714796
7297,0.10468917903365547,0.034165610638846856,-0.12678927260620762
7298,0.10099448970950915,0.050539337587920265,-0.15801551874952346
7299,0.10484829841981018,0.06499487130886625,-0.16101340220058225
7300,0.09944135555925103,0.04326189501236553,-0.17458611716244316
7301,0.11013864704886785,0.04397738231164504,-0.1879420988104431
7302,0.13224641519736838,0.048079358070950526,-0.2086050273466533
7303,0.13739915435334912,0.07189060225552364,-0.12319715120692369
7304,0.16794950236684786,0.08990378091825155,-0.09544428823501741
7305,0.15461443657387797,0.11290509771968225,-0.014611421694522998
7306,0.15694270497923646,0.10169741623063923,-0.02453071257575712
7307,0.13131341639251856,0.08215912914783685,0.029493879611418732
7308,0.12601454206658907,0.05775149597415307,0.05032728634431289
7309,0.12280404333135374,0.06871403390607249,0.06602942418601254
7310,0.14157628354870327,0.08268728139290847,0.017345669367830586
7311,0.1701202325573551,0.08432471344551341,-0.025492932686567292
7312,0.20185790167481762,0.08241824690217996,-0.08590093393445314
7313,0.25285968996222896,0.06842491876132877,-0.19581994127054658
7314,0.1996585520904867,0.04333665486253355,-0.09677620756814757
7315,0.19153716870755905,0.01775695821048231,-0.007980477023848728
7316,0.1581947157345888,-0.013667264888420473,0.14518003634313906
7317,0.21281380933676247,-0.030618775587940666,0.07770563381110257
7318,0.1505652186916491,-0.03989239841384824,0.15691512979023128
7319,0.0817429550498898,-0.03660791478001389,0.20465288764726758
7320,0.029159421725435668,-0.03302091581817882,0.2177962715493558
7321,0.07565609257418243,-0.03512704525572391,0.060790985277454565
7322,0.10029939656747278,-0.0433020560621233,0.005223760518263769
7323,0.1065964003610639,-0.027766955172938763,-0.0007883561205480176
7324,0.12642302862907484,-0.014439121077461967,-0.005561096492485725
7325,0.2332818773827378,0.03598043340543419,-0.22337122569898368
7326,0.34557059026577647,0.06285432977982823,-0.4916906078868929
7327,0.3979485260929154,0.09620004463935267,-0.6250540063219137
7328,0.3563527479619489,0.10499078761218016,-0.5247635493388535
7329,0.350912280559694,0.08657500337039728,-0.6061205840281664
7330,0.3235654788079143,0.061243117447766456,-0.5727271645018225
7331,0.2903396590738006,0.04080399312464046,-0.5309795921739078
7332,0.1850747528717626,0.04548185694974143,-0.1595223687871517
7333,0.12957565936508061,0.04635314278033043,0.04625160249347911
7334,0.11212783172486936,0.023839931700793644,0.1671547561313604
7335,0.1425691875437749,0.011824550207640205,0.23347896651944355
7336,0.16837800553125554,0.027428682198168464,0.2070156844430564
7337,0.23454336113083005,0.0889521085775901,0.05114753409730696
7338,0.2810105299969938,0.11791855259025281,-0.1934283295846469
7339,0.31506345708397004,0.09303250189946963,-0.37003888553953374
7340,0.31274884037303796,0.04388180702425016,-0.3693155839598797
7341,0.2907282558143464,0.026992852217085177,-0.32358311481784
7342,0.27913577005061113,0.02347261948906911,-0.23162125191999233
7343,0.25659360402521547,0.010324305024744749,-0.2502175753167314
7344,0.23948407221430107,-0.015448175187790307,-0.24161180609983582
7345,0.24269574253067075,-0.017092242579127365,-0.26873384490122915
7346,0.2266045762678342,-0.009592443070743202,-0.2202647714709466
7347,0.26370707815580086,0.007464318891774476,-0.2958927984551733
7348,0.3474959255900216,0.005619038302433415,-0.48310817774674847
