frame, face_id, timestamp, confidence, success, AU01_r, AU02_r, AU04_r, AU05_r, AU06_r, AU07_r, AU09_r, AU10_r, AU12_r, AU14_r, AU15_r, AU17_r, AU20_r, AU23_r, AU25_r, AU26_r, AU45_r, AU01_c, AU02_c, AU04_c, AU05_c, AU06_c, AU07_c, AU09_c, AU10_c, AU12_c, AU14_c, AU15_c, AU17_c, AU20_c, AU23_c, AU25_c, AU26_c, AU28_c, AU45_c
1,  0,  0.000,  0.98,  1, 0.00, 0.00, 1.55, 0.00, 2.39, 2.89, 0.00, 1.10, 2.09, 1.92, 0.00, 0.50, 0.00, 0.05, 1.96, 0.49, 0.00, 0.00, 0.00, 1.00, 1.00, 1.00, 1.00, 0.00, 1.00, 1.00, 1.00, 0.00, 0.00, 0.00, 0.00, 1.00, 1.00, 0.00, 1.00
2,  0,  0.033,  0.98,  1, 0.00, 0.00, 1.33, 0.00, 2.30, 2.80, 0.00, 1.30, 2.18, 1.94, 0.00, 0.51, 0.00, 0.27, 2.07, 0.54, 0.00, 0.00, 0.00, 1.00, 1.00, 1.00, 1.00, 0.00, 1.00, 1.00, 1.00, 0.00, 0.00, 0.00, 0.00, 1.00, 1.00, 0.00, 0.00
3,  0,  0.067,  0.98,  1, 0.00, 0.00, 1.21, 0.00, 2.21, 2.80, 0.00, 1.36, 2.22, 2.00, 0.00, 0.48, 0.00, 0.39, 2.07, 0.49, 0.00, 0.00, 0.00, 1.00, 1.00, 1.00, 1.00, 0.00, 1.00, 1.00, 1.00, 0.00, 0.00, 0.00, 0.00, 1.00, 1.00, 0.00, 0.00
4,  0,  0.100,  0.98,  1, 0.00, 0.00, 1.07, 0.00, 2.17, 2.78, 0.00, 1.31, 2.19, 1.96, 0.00, 0.42, 0.00, 0.41, 2.03, 0.38, 0.00, 0.00, 0.00, 1.00, 1.00, 1.00, 1.00, 0.00, 1.00, 1.00, 1.00, 0.00, 0.00, 0.00, 0.00, 1.00, 1.00, 0.00, 0.00
5,  0,  0.133,  0.98,  1, 0.00, 0.03, 1.08, 0.00, 2.19, 2.87, 0.00, 1.26, 2.18, 1.99, 0.00, 0.39, 0.00, 0.43, 2.02, 0.28, 0.00, 0.00, 0.00, 0.00, 1.00, 1.00, 1.00, 0.00, 1.00, 1.00, 1.00, 0.00, 0.00, 0.00, 0.00, 1.00, 1.00, 0.00, 0.00
6,  0,  0.167,  0.98,  1, 0.00, 0.08, 1.03, 0.03, 2.20, 2.92, 0.00, 1.21, 2.17, 1.92, 0.00, 0.37, 0.00, 0.42, 2.11, 0.25, 0.00, 0.00, 0.00, 0.00, 1.00, 1.00, 1.00, 0.00, 1.00, 1.00, 1.00, 0.00, 0.00, 0.00, 0.00, 1.00, 1.00, 0.00, 0.00
7,  0,  0.200,  0.98,  1, 0.00, 0.08, 1.09, 0.03, 2.13, 2.90, 0.00, 1.11, 2.17, 1.90, 0.00, 0.41, 0.00, 0.42, 2.11, 0.24, 0.00, 0.00, 0.00, 0.00, 1.00, 1.00, 1.00, 0.00, 1.00, 1.00, 1.00, 0.00, 0.00, 0.00, 0.00, 1.00, 1.00, 0.00, 0.00
8,  0,  0.233,  0.98,  1, 0.00, 0.04, 1.11, 0.05, 2.07, 2.92, 0.00, 1.05, 2.16, 1.86, 0.00, 0.33, 0.00, 0.40, 2.14, 0.20, 0.00, 0.00, 0.00, 0.00, 1.00, 1.00, 1.00, 0.00, 1.00, 1.00, 1.00, 0.00, 0.00, 0.00, 0.00, 1.00, 1.00, 0.00, 0.00
9,  0,  0.267,  0.98,  1, 0.00, 0.00, 1.12, 0.02, 2.04, 2.82, 0.00, 1.07, 2.20, 1.83, 0.00, 0.33, 0.00, 0.38, 2.14, 0.13, 0.00, 0.00, 0.00, 0.00, 1.00, 1.00, 1.00, 0.00, 1.00, 1.00, 1.00, 0.00, 0.00, 0.00, 0.00, 1.00, 1.00, 0.00, 0.00
10,  0,  0.300,  0.98,  1, 0.00, 0.00, 1.06, 0.02, 2.01, 2.85, 0.00, 1.16, 2.18, 1.83, 0.00, 0.31, 0.07, 0.35, 2.15, 0.15, 0.00, 0.00, 0.00, 0.00, 1.00, 1.00, 1.00, 0.00, 1.00, 1.00, 1.00, 0.00, 0.00, 0.00, 0.00, 1.00, 1.00, 0.00, 0.00
11,  0,  0.333,  0.98,  1, 0.00, 0.00, 1.10, 0.06, 1.94, 2.84, 0.00, 1.25, 2.11, 1.89, 0.00, 0.49, 0.11, 0.35, 2.08, 0.14, 0.00, 0.00, 0.00, 0.00, 1.00, 1.00, 1.00, 0.00, 1.00, 1.00, 1.00, 0.00, 0.00, 0.00, 0.00, 1.00, 1.00, 0.00, 0.00
12,  0,  0.367,  0.98,  1, 0.00, 0.00, 1.16, 0.06, 1.83, 2.74, 0.00, 1.28, 2.00, 2.01, 0.00, 0.58, 0.15, 0.36, 2.00, 0.19, 0.00, 0.00, 0.00, 1.00, 1.00, 1.00, 1.00, 0.00, 1.00, 1.00, 1.00, 0.00, 0.00, 0.00, 0.00, 1.00, 1.00, 0.00, 0.00
13,  0,  0.400,  0.98,  1, 0.00, 0.00, 1.28, 0.06, 1.78, 2.65, 0.00, 1.30, 1.94, 2.10, 0.00, 0.65, 0.17, 0.37, 1.94, 0.20, 0.00, 0.00, 0.00, 1.00, 1.00, 1.00, 1.00, 0.00, 1.00, 1.00, 1.00, 0.00, 0.00, 0.00, 0.00, 1.00, 1.00, 0.00, 0.00
14,  0,  0.433,  0.98,  1, 0.00, 0.00, 1.32, 0.07, 1.72, 2.67, 0.00, 1.20, 1.86, 2.06, 0.00, 0.62, 0.19, 0.36, 1.95, 0.20, 0.00, 0.00, 0.00, 1.00, 1.00, 1.00, 1.00, 0.00, 1.00, 1.00, 1.00, 0.00, 0.00, 0.00, 0.00, 1.00, 1.00, 0.00, 0.00
15,  0,  0.467,  0.98,  1, 0.00, 0.00, 1.35, 0.14, 1.67, 2.76, 0.00, 1.08, 1.78, 1.98, 0.00, 0.60, 0.23, 0.30, 1.91, 0.14, 0.00, 1.00, 0.00, 1.00, 1.00, 1.00, 1.00, 0.00, 1.00, 1.00, 1.00, 0.00, 0.00, 0.00, 0.00, 1.00, 1.00, 0.00, 0.00
16,  0,  0.500,  0.98,  1, 0.00, 0.00, 1.34, 0.29, 1.64, 2.75, 0.00, 0.92, 1.63, 1.78, 0.00, 0.57, 0.18, 0.25, 1.85, 0.06, 0.00, 1.00, 0.00, 1.00, 1.00, 1.00, 1.00, 0.00, 1.00, 1.00, 1.00, 0.00, 0.00, 0.00, 1.00, 1.00, 1.00, 0.00, 0.00
17,  0,  0.533,  0.98,  1, 0.00, 0.09, 1.38, 0.37, 1.64, 2.81, 0.00, 0.88, 1.56, 1.71, 0.00, 0.51, 0.18, 0.17, 1.84, 0.01, 0.00, 1.00, 0.00, 1.00, 1.00, 1.00, 1.00, 0.00, 1.00, 1.00, 1.00, 0.00, 0.00, 0.00, 1.00, 1.00, 1.00, 0.00, 0.00
18,  0,  0.567,  0.98,  1, 0.00, 0.09, 1.39, 0.37, 1.68, 2.93, 0.00, 0.91, 1.51, 1.64, 0.00, 0.47, 0.13, 0.15, 1.78, 0.02, 0.00, 1.00, 0.00, 1.00, 1.00, 1.00, 1.00, 0.00, 1.00, 1.00, 1.00, 0.00, 0.00, 0.00, 1.00, 1.00, 1.00, 0.00, 0.00
19,  0,  0.600,  0.98,  1, 0.00, 0.12, 1.35, 0.32, 1.70, 3.12, 0.00, 0.90, 1.54, 1.78, 0.00, 0.48, 0.19, 0.11, 1.73, 0.07, 0.00, 1.00, 0.00, 1.00, 1.00, 1.00, 1.00, 0.00, 1.00, 1.00, 1.00, 0.00, 0.00, 0.00, 1.00, 1.00, 1.00, 0.00, 0.00
20,  0,  0.633,  0.98,  1, 0.00, 0.03, 1.32, 0.29, 1.70, 3.04, 0.00, 0.90, 1.55, 1.88, 0.00, 0.50, 0.21, 0.10, 1.63, 0.10, 0.00, 1.00, 0.00, 1.00, 1.00, 1.00, 1.00, 0.00, 1.00, 1.00, 1.00, 0.00, 0.00, 0.00, 1.00, 1.00, 1.00, 0.00, 0.00
21,  0,  0.667,  0.98,  1, 0.00, 0.03, 1.38, 0.24, 1.66, 2.92, 0.00, 0.81, 1.54, 1.91, 0.00, 0.52, 0.27, 0.06, 1.62, 0.13, 0.00, 1.00, 0.00, 1.00, 1.00, 1.00, 1.00, 0.00, 1.00, 1.00, 1.00, 0.00, 0.00, 0.00, 1.00, 1.00, 1.00, 0.00, 0.00
22,  0,  0.700,  0.98,  1, 0.00, 0.00, 1.42, 0.18, 1.59, 2.81, 0.00, 0.75, 1.51, 1.68, 0.00, 0.53, 0.20, 0.04, 1.64, 0.09, 0.00, 0.00, 0.00, 1.00, 1.00, 1.00, 1.00, 0.00, 1.00, 1.00, 1.00, 0.00, 0.00, 0.00, 1.00, 1.00, 1.00, 0.00, 0.00
23,  0,  0.733,  0.98,  1, 0.00, 0.00, 1.36, 0.07, 1.49, 2.75, 0.01, 0.66, 1.46, 1.38, 0.00, 0.48, 0.12, 0.01, 1.71, 0.06, 0.00, 0.00, 0.00, 1.00, 1.00, 1.00, 1.00, 0.00, 1.00, 1.00, 1.00, 0.00, 0.00, 0.00, 1.00, 1.00, 1.00, 0.00, 0.00
24,  0,  0.767,  0.98,  1, 0.00, 0.00, 1.27, 0.17, 1.38, 2.62, 0.01, 0.58, 1.43, 1.16, 0.00, 0.33, 0.02, 0.00, 1.77, 0.01, 0.00, 0.00, 0.00, 1.00, 1.00, 1.00, 1.00, 0.00, 1.00, 1.00, 1.00, 0.00, 0.00, 0.00, 1.00, 1.00, 1.00, 0.00, 0.00
25,  0,  0.800,  0.98,  1, 0.00, 0.00, 1.22, 0.20, 1.27, 2.43, 0.01, 0.54, 1.42, 1.18, 0.00, 0.16, 0.00, 0.00, 1.83, 0.04, 0.00, 0.00, 0.00, 1.00, 1.00, 1.00, 1.00, 0.00, 1.00, 1.00, 1.00, 0.00, 0.00, 0.00, 1.00, 1.00, 1.00, 0.00, 0.00
26,  0,  0.833,  0.98,  1, 0.00, 0.00, 1.26, 0.26, 1.19, 2.34, 0.00, 0.48, 1.40, 1.28, 0.00, 0.05, 0.00, 0.00, 1.82, 0.07, 0.00, 0.00, 0.00, 1.00, 1.00, 1.00, 1.00, 0.00, 1.00, 1.00, 1.00, 0.00, 0.00, 0.00, 1.00, 1.00, 1.00, 0.00, 0.00
27,  0,  0.867,  0.98,  1, 0.00, 0.00, 1.27, 0.23, 1.18, 2.47, 0.00, 0.49, 1.36, 1.40, 0.00, 0.09, 0.00, 0.00, 1.85, 0.12, 0.00, 0.00, 0.00, 1.00, 1.00, 1.00, 1.00, 0.00, 1.00, 1.00, 1.00, 0.00, 0.00, 0.00, 1.00, 1.00, 1.00, 0.00, 0.00
28,  0,  0.900,  0.98,  1, 0.00, 0.00, 1.29, 0.19, 1.20, 2.57, 0.00, 0.49, 1.29, 1.38, 0.00, 0.12, 0.00, 0.00, 1.77, 0.08, 0.00, 0.00, 0.00, 1.00, 1.00, 1.00, 1.00, 0.00, 1.00, 1.00, 1.00, 0.00, 0.00, 0.00, 1.00, 1.00, 1.00, 0.00, 0.00
29,  0,  0.933,  0.98,  1, 0.00, 0.00, 1.23, 0.13, 1.21, 2.58, 0.00, 0.47, 1.22, 1.25, 0.00, 0.15, 0.00, 0.00, 1.63, 0.05, 0.00, 0.00, 0.00, 1.00, 1.00, 1.00, 1.00, 0.00, 1.00, 1.00, 1.00, 0.00, 0.00, 0.00, 1.00, 1.00, 1.00, 0.00, 0.00
30,  0,  0.967,  0.98,  1, 0.00, 0.00, 1.14, 0.03, 1.21, 2.42, 0.00, 0.42, 1.16, 1.12, 0.00, 0.19, 0.00, 0.00, 1.50, 0.06, 0.00, 0.00, 0.00, 1.00, 1.00, 1.00, 1.00, 0.00, 1.00, 1.00, 1.00, 0.00, 0.00, 0.00, 1.00, 1.00, 1.00, 0.00, 0.00
31,  0,  1.000,  0.98,  1, 0.00, 0.00, 1.04, 0.13, 1.20, 2.38, 0.00, 0.39, 1.10, 1.01, 0.00, 0.21, 0.00, 0.00, 1.45, 0.17, 0.00, 0.00, 0.00, 1.00, 1.00, 1.00, 1.00, 0.00, 1.00, 1.00, 1.00, 0.00, 0.00, 0.00, 1.00, 1.00, 1.00, 0.00, 0.00
32,  0,  1.033,  0.98,  1, 0.00, 0.00, 1.05, 0.16, 1.14, 2.34, 0.00, 0.37, 1.00, 1.00, 0.00, 0.28, 0.00, 0.00, 1.45, 0.29, 0.00, 0.00, 0.00, 1.00, 1.00, 1.00, 1.00, 0.00, 1.00, 1.00, 1.00, 0.00, 0.00, 0.00, 1.00, 1.00, 0.00, 0.00, 0.00
33,  0,  1.067,  0.98,  1, 0.00, 0.00, 1.11, 0.26, 1.10, 2.41, 0.00, 0.33, 0.92, 1.10, 0.00, 0.38, 0.00, 0.00, 1.39, 0.36, 0.00, 0.00, 0.00, 1.00, 1.00, 1.00, 1.00, 0.00, 1.00, 1.00, 1.00, 0.00, 0.00, 0.00, 1.00, 1.00, 0.00, 0.00, 0.00
34,  0,  1.100,  0.98,  1, 0.00, 0.00, 1.18, 0.14, 1.02, 2.40, 0.00, 0.28, 0.82, 1.17, 0.00, 0.54, 0.02, 0.00, 1.26, 0.44, 0.00, 0.00, 0.00, 1.00, 1.00, 1.00, 1.00, 0.00, 1.00, 0.00, 1.00, 0.00, 1.00, 0.00, 1.00, 1.00, 0.00, 0.00, 0.00
35,  0,  1.133,  0.98,  1, 0.00, 0.00, 1.18, 0.11, 1.00, 2.38, 0.00, 0.32, 0.70, 1.27, 0.00, 0.65, 0.05, 0.02, 1.01, 0.32, 0.00, 0.00, 0.00, 1.00, 1.00, 1.00, 1.00, 0.00, 1.00, 0.00, 1.00, 0.00, 1.00, 0.00, 1.00, 0.00, 0.00, 0.00, 0.00
36,  0,  1.167,  0.98,  1, 0.00, 0.02, 1.25, 0.04, 0.85, 2.15, 0.00, 0.23, 0.56, 1.08, 0.00, 0.69, 0.08, 0.03, 0.60, 0.19, 0.00, 0.00, 0.00, 1.00, 1.00, 1.00, 1.00, 0.00, 1.00, 0.00, 1.00, 0.00, 1.00, 0.00, 1.00, 0.00, 0.00, 0.00, 0.00
37,  0,  1.200,  0.98,  1, 0.00, 0.11, 1.29, 0.16, 0.77, 1.83, 0.00, 0.14, 0.45, 1.01, 0.00, 0.71, 0.22, 0.05, 0.30, 0.00, 0.00, 0.00, 0.00, 1.00, 1.00, 1.00, 1.00, 0.00, 1.00, 0.00, 1.00, 0.00, 1.00, 0.00, 1.00, 0.00, 0.00, 0.00, 0.00
38,  0,  1.233,  0.98,  1, 0.00, 0.27, 1.34, 0.25, 0.72, 1.66, 0.00, 0.06, 0.42, 0.87, 0.00, 0.67, 0.32, 0.04, 0.13, 0.00, 0.00, 0.00, 0.00, 1.00, 1.00, 1.00, 1.00, 0.00, 1.00, 0.00, 1.00, 0.00, 1.00, 0.00, 1.00, 0.00, 0.00, 0.00, 0.00
39,  0,  1.267,  0.98,  1, 0.00, 0.36, 1.28, 0.28, 0.72, 1.50, 0.00, 0.10, 0.42, 0.95, 0.00, 0.64, 0.45, 0.06, 0.18, 0.00, 0.00, 0.00, 0.00, 1.00, 1.00, 1.00, 1.00, 0.00, 1.00, 0.00, 1.00, 0.00, 1.00, 0.00, 1.00, 0.00, 0.00, 0.00, 0.00
40,  0,  1.300,  0.98,  1, 0.00, 0.32, 1.27, 0.25, 0.75, 1.65, 0.00, 0.12, 0.41, 0.97, 0.00, 0.62, 0.44, 0.08, 0.19, 0.00, 0.00, 0.00, 0.00, 1.00, 1.00, 0.00, 1.00, 0.00, 1.00, 0.00, 1.00, 0.00, 1.00, 0.00, 1.00, 0.00, 0.00, 0.00, 0.00
41,  0,  1.333,  0.98,  1, 0.00, 0.20, 1.26, 0.33, 0.76, 1.65, 0.00, 0.12, 0.43, 1.06, 0.00, 0.59, 0.42, 0.10, 0.23, 0.00, 0.00, 0.00, 0.00, 1.00, 1.00, 0.00, 1.00, 0.00, 1.00, 0.00, 1.00, 0.00, 1.00, 0.00, 1.00, 0.00, 0.00, 0.00, 0.00
42,  0,  1.367,  0.98,  1, 0.00, 0.09, 1.27, 0.45, 0.74, 1.82, 0.00, 0.08, 0.42, 1.10, 0.01, 0.62, 0.41, 0.09, 0.16, 0.00, 0.00, 0.00, 0.00, 1.00, 1.00, 1.00, 1.00, 0.00, 1.00, 0.00, 1.00, 0.00, 1.00, 0.00, 1.00, 0.00, 0.00, 0.00, 0.00
43,  0,  1.400,  0.98,  1, 0.00, 0.06, 1.20, 0.52, 0.70, 1.74, 0.00, 0.07, 0.41, 1.12, 0.01, 0.61, 0.42, 0.07, 0.09, 0.00, 0.00, 0.00, 0.00, 1.00, 1.00, 1.00, 1.00, 0.00, 1.00, 0.00, 1.00, 0.00, 1.00, 0.00, 1.00, 0.00, 0.00, 0.00, 0.00
44,  0,  1.433,  0.98,  1, 0.00, 0.09, 1.20, 0.45, 0.70, 1.84, 0.00, 0.04, 0.36, 1.09, 0.01, 0.64, 0.45, 0.10, 0.01, 0.00, 0.00, 0.00, 0.00, 1.00, 1.00, 1.00, 1.00, 0.00, 1.00, 0.00, 1.00, 0.00, 1.00, 0.00, 1.00, 0.00, 0.00, 0.00, 0.00
45,  0,  1.467,  0.98,  1, 0.00, 0.16, 1.23, 0.39, 0.75, 1.91, 0.00, 0.09, 0.37, 1.07, 0.02, 0.61, 0.46, 0.10, 0.02, 0.00, 0.00, 0.00, 0.00, 1.00, 1.00, 0.00, 1.00, 0.00, 1.00, 0.00, 1.00, 0.00, 1.00, 0.00, 1.00, 0.00, 0.00, 0.00, 0.00
46,  0,  1.500,  0.98,  1, 0.00, 0.20, 1.35, 0.24, 0.74, 1.99, 0.00, 0.14, 0.38, 1.04, 0.06, 0.67, 0.44, 0.15, 0.02, 0.00, 0.00, 0.00, 0.00, 1.00, 1.00, 0.00, 1.00, 0.00, 1.00, 0.00, 1.00, 0.00, 1.00, 0.00, 1.00, 0.00, 0.00, 0.00, 0.00
47,  0,  1.533,  0.98,  1, 0.00, 0.25, 1.37, 0.22, 0.69, 2.01, 0.00, 0.18, 0.38, 0.97, 0.10, 0.78, 0.39, 0.17, 0.02, 0.00, 0.00, 0.00, 0.00, 1.00, 1.00, 0.00, 1.00, 0.00, 1.00, 0.00, 1.00, 0.00, 1.00, 0.00, 1.00, 0.00, 0.00, 0.00, 0.00
48,  0,  1.567,  0.98,  1, 0.04, 0.18, 1.41, 0.13, 0.63, 1.82, 0.00, 0.12, 0.34, 1.04, 0.13, 0.97, 0.27, 0.20, 0.00, 0.00, 0.00, 0.00, 0.00, 1.00, 1.00, 0.00, 1.00, 0.00, 1.00, 0.00, 1.00, 0.00, 1.00, 0.00, 1.00, 0.00, 0.00, 0.00, 0.00
49,  0,  1.600,  0.98,  1, 0.04, 0.13, 1.40, 0.26, 0.64, 1.78, 0.00, 0.07, 0.29, 1.13, 0.11, 1.03, 0.19, 0.17, 0.00, 0.00, 0.00, 0.00, 0.00, 1.00, 1.00, 0.00, 1.00, 0.00, 1.00, 0.00, 1.00, 0.00, 1.00, 0.00, 1.00, 0.00, 0.00, 0.00, 0.00
50,  0,  1.633,  0.98,  1, 0.04, 0.00, 1.42, 0.33, 0.62, 1.67, 0.00, 0.01, 0.29, 1.27, 0.15, 1.01, 0.11, 0.17, 0.00, 0.00, 0.00, 0.00, 0.00, 1.00, 1.00, 0.00, 1.00, 0.00, 1.00, 0.00, 1.00, 0.00, 1.00, 0.00, 1.00, 0.00, 0.00, 0.00, 0.00
51,  0,  1.667,  0.98,  1, 0.00, 0.00, 1.38, 0.42, 0.63, 1.78, 0.00, 0.03, 0.35, 1.28, 0.14, 0.92, 0.06, 0.17, 0.00, 0.00, 0.00, 0.00, 0.00, 1.00, 1.00, 0.00, 1.00, 0.00, 1.00, 0.00, 1.00, 0.00, 1.00, 0.00, 1.00, 0.00, 0.00, 0.00, 0.00
52,  0,  1.700,  0.98,  1, 0.00, 0.00, 1.38, 0.41, 0.64, 1.92, 0.00, 0.07, 0.44, 1.41, 0.21, 0.93, 0.03, 0.19, 0.00, 0.00, 0.00, 0.00, 0.00, 1.00, 1.00, 0.00, 1.00, 0.00, 1.00, 0.00, 1.00, 0.00, 1.00, 0.00, 1.00, 0.00, 0.00, 0.00, 0.00
53,  0,  1.733,  0.98,  1, 0.00, 0.00, 1.36, 0.36, 0.70, 2.01, 0.00, 0.10, 0.50, 1.49, 0.16, 0.92, 0.05, 0.19, 0.00, 0.00, 0.00, 0.00, 0.00, 1.00, 1.00, 0.00, 1.00, 0.00, 1.00, 0.00, 1.00, 0.00, 1.00, 0.00, 1.00, 0.00, 0.00, 0.00, 0.00
54,  0,  1.767,  0.98,  1, 0.00, 0.00, 1.51, 0.35, 0.70, 2.02, 0.00, 0.13, 0.54, 1.59, 0.11, 0.90, 0.05, 0.18, 0.00, 0.00, 0.00, 0.00, 0.00, 1.00, 1.00, 0.00, 1.00, 0.00, 1.00, 0.00, 1.00, 0.00, 1.00, 0.00, 1.00, 0.00, 0.00, 0.00, 0.00
55,  0,  1.800,  0.98,  1, 0.00, 0.00, 1.58, 0.41, 0.70, 1.94, 0.00, 0.13, 0.55, 1.61, 0.03, 0.84, 0.03, 0.16, 0.00, 0.00, 0.00, 0.00, 0.00, 1.00, 1.00, 0.00, 1.00, 0.00, 1.00, 0.00, 1.00, 0.00, 1.00, 0.00, 1.00, 0.00, 0.00, 0.00, 0.00
56,  0,  1.833,  0.98,  1, 0.00, 0.00, 1.63, 0.44, 0.67, 1.93, 0.00, 0.10, 0.53, 1.64, 0.00, 0.83, 0.00, 0.15, 0.00, 0.00, 0.00, 0.00, 0.00, 1.00, 1.00, 0.00, 1.00, 0.00, 1.00, 0.00, 1.00, 0.00, 1.00, 0.00, 1.00, 0.00, 0.00, 0.00, 0.00
57,  0,  1.867,  0.98,  1, 0.00, 0.00, 1.56, 0.50, 0.68, 1.98, 0.00, 0.08, 0.54, 1.61, 0.00, 0.82, 0.01, 0.14, 0.00, 0.00, 0.00, 0.00, 0.00, 1.00, 1.00, 0.00, 1.00, 0.00, 1.00, 0.00, 1.00, 0.00, 1.00, 0.00, 1.00, 0.00, 0.00, 0.00, 0.00
58,  0,  1.900,  0.98,  1, 0.00, 0.00, 1.52, 0.40, 0.74, 1.93, 0.02, 0.16, 0.55, 1.59, 0.00, 0.82, 0.05, 0.18, 0.00, 0.00, 0.00, 0.00, 0.00, 1.00, 1.00, 0.00, 1.00, 0.00, 1.00, 0.00, 1.00, 0.00, 1.00, 0.00, 1.00, 0.00, 0.00, 0.00, 0.00
59,  0,  1.933,  0.98,  1, 0.00, 0.00, 1.51, 0.36, 0.79, 2.05, 0.04, 0.30, 0.58, 1.59, 0.00, 0.90, 0.13, 0.20, 0.00, 0.00, 0.00, 0.00, 0.00, 1.00, 1.00, 0.00, 1.00, 0.00, 1.00, 0.00, 1.00, 0.00, 1.00, 0.00, 1.00, 0.00, 0.00, 0.00, 0.00
60,  0,  1.967,  0.98,  1, 0.00, 0.00, 1.48, 0.23, 0.79, 2.12, 0.10, 0.29, 0.55, 1.56, 0.00, 0.93, 0.16, 0.28, 0.00, 0.00, 0.00, 0.00, 0.00, 1.00, 1.00, 0.00, 1.00, 0.00, 1.00, 0.00, 1.00, 0.00, 1.00, 0.00, 1.00, 0.00, 0.00, 0.00, 0.00
61,  0,  2.000,  0.98,  1, 0.00, 0.00, 1.52, 0.22, 0.74, 2.25, 0.16, 0.33, 0.54, 1.48, 0.00, 0.91, 0.17, 0.29, 0.00, 0.00, 0.00, 0.00, 0.00, 1.00, 1.00, 1.00, 1.00, 0.00, 1.00, 0.00, 1.00, 0.00, 1.00, 0.00, 1.00, 0.00, 0.00, 0.00, 0.00
62,  0,  2.033,  0.98,  1, 0.00, 0.00, 1.48, 0.22, 0.73, 2.17, 0.21, 0.30, 0.56, 1.46, 0.00, 0.77, 0.13, 0.27, 0.00, 0.00, 0.00, 0.00, 0.00, 1.00, 1.00, 1.00, 1.00, 0.00, 1.00, 0.00, 1.00, 0.00, 1.00, 0.00, 1.00, 0.00, 0.00, 0.00, 0.00
63,  0,  2.067,  0.98,  1, 0.00, 0.00, 1.53, 0.25, 0.79, 2.19, 0.16, 0.45, 0.62, 1.54, 0.00, 0.68, 0.11, 0.21, 0.00, 0.00, 0.00, 0.00, 0.00, 1.00, 1.00, 1.00, 1.00, 0.00, 1.00, 1.00, 1.00, 0.00, 1.00, 0.00, 1.00, 0.00, 0.00, 0.00, 0.00
64,  0,  2.100,  0.98,  1, 0.00, 0.00, 1.55, 0.28, 0.85, 2.16, 0.09, 0.46, 0.67, 1.57, 0.00, 0.59, 0.09, 0.18, 0.00, 0.00, 0.00, 0.00, 0.00, 1.00, 1.00, 1.00, 1.00, 0.00, 1.00, 1.00, 1.00, 0.00, 1.00, 0.00, 1.00, 0.00, 0.00, 0.00, 0.00
65,  0,  2.133,  0.98,  1, 0.03, 0.04, 1.53, 0.25, 0.83, 2.12, 0.02, 0.53, 0.69, 1.60, 0.00, 0.56, 0.10, 0.19, 0.00, 0.00, 0.00, 0.00, 0.00, 1.00, 1.00, 1.00, 1.00, 0.00, 1.00, 1.00, 1.00, 0.00, 0.00, 0.00, 1.00, 0.00, 0.00, 0.00, 0.00
66,  0,  2.167,  0.98,  1, 0.07, 0.11, 1.52, 0.23, 0.82, 2.08, 0.00, 0.52, 0.69, 1.59, 0.00, 0.56, 0.10, 0.22, 0.00, 0.00, 0.00, 0.00, 0.00, 1.00, 1.00, 1.00, 1.00, 0.00, 1.00, 1.00, 1.00, 0.00, 0.00, 0.00, 1.00, 0.00, 0.00, 0.00, 0.00
67,  0,  2.200,  0.98,  1, 0.08, 0.19, 1.48, 0.27, 0.83, 2.07, 0.02, 0.49, 0.70, 1.66, 0.00, 0.54, 0.07, 0.23, 0.00, 0.00, 0.00, 0.00, 0.00, 1.00, 1.00, 1.00, 1.00, 0.00, 1.00, 1.00, 1.00, 0.00, 0.00, 0.00, 1.00, 0.00, 0.00, 0.00, 0.00
68,  0,  2.233,  0.98,  1, 0.06, 0.19, 1.64, 0.35, 0.89, 2.12, 0.06, 0.44, 0.69, 1.70, 0.00, 0.54, 0.06, 0.20, 0.00, 0.00, 0.00, 0.00, 0.00, 1.00, 1.00, 1.00, 1.00, 0.00, 1.00, 1.00, 1.00, 0.00, 0.00, 0.00, 1.00, 0.00, 0.00, 0.00, 0.00
69,  0,  2.267,  0.98,  1, 0.01, 0.15, 1.69, 0.50, 0.96, 2.07, 0.08, 0.41, 0.70, 1.74, 0.00, 0.52, 0.15, 0.18, 0.00, 0.00, 0.00, 0.00, 0.00, 1.00, 1.00, 1.00, 1.00, 0.00, 1.00, 1.00, 1.00, 0.00, 0.00, 0.00, 1.00, 0.00, 0.00, 0.00, 0.00
70,  0,  2.300,  0.98,  1, 0.00, 0.08, 1.66, 0.52, 0.93, 1.94, 0.06, 0.42, 0.70, 1.65, 0.00, 0.55, 0.15, 0.20, 0.00, 0.00, 0.00, 0.00, 0.00, 1.00, 1.00, 1.00, 1.00, 0.00, 1.00, 1.00, 1.00, 0.00, 0.00, 0.00, 1.00, 0.00, 0.00, 0.00, 0.00
71,  0,  2.333,  0.98,  1, 0.00, 0.05, 1.59, 0.42, 0.92, 1.99, 0.02, 0.39, 0.74, 1.53, 0.00, 0.55, 0.11, 0.25, 0.00, 0.00, 0.00, 0.00, 0.00, 1.00, 1.00, 1.00, 1.00, 0.00, 1.00, 1.00, 1.00, 0.00, 0.00, 0.00, 1.00, 0.00, 0.00, 0.00, 0.00
72,  0,  2.367,  0.98,  1, 0.00, 0.03, 1.60, 0.33, 0.91, 2.17, 0.00, 0.40, 0.80, 1.31, 0.00, 0.68, 0.00, 0.30, 0.00, 0.00, 0.00, 0.00, 0.00, 1.00, 1.00, 1.00, 1.00, 0.00, 1.00, 1.00, 1.00, 0.00, 1.00, 0.00, 1.00, 0.00, 0.00, 0.00, 0.00
73,  0,  2.400,  0.98,  1, 0.00, 0.01, 1.63, 0.23, 0.98, 2.41, 0.00, 0.39, 0.87, 1.17, 0.04, 0.74, 0.00, 0.31, 0.00, 0.00, 0.00, 0.00, 0.00, 1.00, 1.00, 1.00, 1.00, 0.00, 1.00, 1.00, 1.00, 0.00, 1.00, 0.00, 1.00, 0.00, 0.00, 0.00, 0.00
74,  0,  2.433,  0.98,  1, 0.00, 0.00, 1.71, 0.21, 1.03, 2.50, 0.00, 0.44, 0.88, 1.07, 0.07, 0.86, 0.00, 0.29, 0.00, 0.00, 0.00, 0.00, 0.00, 1.00, 1.00, 1.00, 1.00, 0.00, 1.00, 1.00, 1.00, 0.00, 1.00, 0.00, 1.00, 0.00, 0.00, 0.00, 0.00
75,  0,  2.467,  0.98,  1, 0.00, 0.00, 1.74, 0.15, 1.07, 2.60, 0.00, 0.44, 0.87, 1.12, 0.07, 0.84, 0.04, 0.27, 0.00, 0.00, 0.00, 0.00, 0.00, 1.00, 1.00, 1.00, 1.00, 0.00, 1.00, 1.00, 1.00, 0.00, 1.00, 0.00, 1.00, 0.00, 0.00, 0.00, 0.00
76,  0,  2.500,  0.98,  1, 0.00, 0.00, 1.79, 0.16, 1.11, 2.61, 0.00, 0.50, 0.88, 1.19, 0.03, 0.81, 0.04, 0.29, 0.05, 0.00, 0.00, 0.00, 0.00, 1.00, 1.00, 1.00, 1.00, 0.00, 1.00, 1.00, 1.00, 0.00, 1.00, 0.00, 1.00, 0.00, 0.00, 0.00, 0.00
77,  0,  2.533,  0.98,  1, 0.00, 0.00, 1.70, 0.18, 1.14, 2.55, 0.00, 0.62, 0.95, 1.27, 0.00, 0.73, 0.04, 0.36, 0.17, 0.00, 0.00, 0.00, 0.00, 1.00, 1.00, 1.00, 1.00, 0.00, 1.00, 1.00, 1.00, 0.00, 0.00, 0.00, 1.00, 0.00, 0.00, 0.00, 0.00
78,  0,  2.567,  0.98,  1, 0.00, 0.00, 1.66, 0.15, 1.18, 2.41, 0.00, 0.77, 1.07, 1.37, 0.00, 0.62, 0.00, 0.37, 0.41, 0.00, 0.00, 0.00, 0.00, 1.00, 1.00, 1.00, 1.00, 0.00, 1.00, 1.00, 1.00, 0.00, 0.00, 0.00, 1.00, 0.00, 0.00, 0.00, 0.00
79,  0,  2.600,  0.98,  1, 0.00, 0.00, 1.61, 0.16, 1.21, 2.36, 0.00, 0.87, 1.17, 1.44, 0.00, 0.53, 0.00, 0.33, 0.63, 0.00, 0.00, 0.00, 0.00, 1.00, 1.00, 1.00, 1.00, 0.00, 1.00, 1.00, 1.00, 0.00, 0.00, 0.00, 1.00, 0.00, 0.00, 0.00, 0.00
80,  0,  2.633,  0.98,  1, 0.00, 0.00, 1.65, 0.18, 1.27, 2.47, 0.00, 0.88, 1.24, 1.41, 0.00, 0.40, 0.00, 0.22, 0.91, 0.00, 0.00, 0.00, 0.00, 1.00, 1.00, 1.00, 1.00, 0.00, 1.00, 1.00, 1.00, 0.00, 0.00, 0.00, 1.00, 0.00, 0.00, 0.00, 0.00
81,  0,  2.667,  0.98,  1, 0.00, 0.00, 1.65, 0.27, 1.39, 2.64, 0.01, 0.94, 1.36, 1.42, 0.00, 0.29, 0.00, 0.15, 1.15, 0.03, 0.00, 0.00, 0.00, 1.00, 1.00, 1.00, 1.00, 0.00, 1.00, 1.00, 1.00, 0.00, 0.00, 0.00, 1.00, 1.00, 0.00, 0.00, 0.00
82,  0,  2.700,  0.98,  1, 0.00, 0.00, 1.63, 0.20, 1.50, 2.76, 0.01, 1.04, 1.47, 1.52, 0.00, 0.21, 0.04, 0.12, 1.31, 0.10, 0.00, 0.00, 0.00, 1.00, 1.00, 1.00, 1.00, 0.00, 1.00, 1.00, 1.00, 0.00, 0.00, 0.00, 1.00, 1.00, 0.00, 0.00, 0.00
83,  0,  2.733,  0.98,  1, 0.00, 0.00, 1.57, 0.13, 1.59, 2.73, 0.01, 1.15, 1.59, 1.71, 0.00, 0.25, 0.06, 0.16, 1.44, 0.10, 0.00, 0.00, 0.00, 1.00, 1.00, 1.00, 1.00, 0.00, 1.00, 1.00, 1.00, 0.00, 0.00, 0.00, 1.00, 1.00, 0.00, 0.00, 0.00
84,  0,  2.767,  0.98,  1, 0.00, 0.00, 1.51, 0.00, 1.64, 2.69, 0.03, 1.19, 1.63, 1.93, 0.00, 0.29, 0.06, 0.18, 1.42, 0.22, 0.00, 0.00, 0.00, 1.00, 1.00, 1.00, 1.00, 0.00, 1.00, 1.00, 1.00, 0.00, 0.00, 0.00, 1.00, 1.00, 0.00, 0.00, 0.00
85,  0,  2.800,  0.98,  1, 0.00, 0.00, 1.51, 0.00, 1.70, 2.73, 0.03, 1.24, 1.71, 2.09, 0.00, 0.31, 0.02, 0.20, 1.42, 0.21, 0.00, 0.00, 0.00, 1.00, 1.00, 1.00, 1.00, 0.00, 1.00, 1.00, 1.00, 0.00, 0.00, 0.00, 1.00, 1.00, 0.00, 0.00, 0.00
86,  0,  2.833,  0.98,  1, 0.00, 0.00, 1.54, 0.00, 1.81, 2.87, 0.05, 1.38, 1.80, 2.17, 0.00, 0.24, 0.00, 0.16, 1.44, 0.26, 0.00, 0.00, 0.00, 1.00, 1.00, 1.00, 1.00, 0.00, 1.00, 1.00, 1.00, 0.00, 0.00, 0.00, 1.00, 1.00, 1.00, 0.00, 0.00
87,  0,  2.867,  0.98,  1, 0.00, 0.00, 1.55, 0.00, 1.83, 2.94, 0.03, 1.50, 1.86, 2.18, 0.00, 0.26, 0.00, 0.16, 1.51, 0.19, 0.00, 0.00, 0.00, 1.00, 1.00, 1.00, 1.00, 0.00, 1.00, 1.00, 1.00, 0.00, 0.00, 0.00, 1.00, 1.00, 1.00, 0.00, 0.00
88,  0,  2.900,  0.98,  1, 0.00, 0.00, 1.59, 0.00, 1.87, 3.06, 0.03, 1.50, 1.88, 2.18, 0.00, 0.31, 0.00, 0.15, 1.68, 0.24, 0.00, 0.00, 0.00, 1.00, 1.00, 1.00, 1.00, 0.00, 1.00, 1.00, 1.00, 0.00, 0.00, 0.00, 1.00, 1.00, 1.00, 0.00, 0.00
89,  0,  2.933,  0.98,  1, 0.00, 0.00, 1.61, 0.00, 1.86, 2.98, 0.01, 1.48, 1.84, 2.14, 0.00, 0.41, 0.00, 0.16, 1.72, 0.27, 0.00, 0.00, 0.00, 1.00, 1.00, 1.00, 1.00, 0.00, 1.00, 1.00, 1.00, 0.00, 0.00, 0.00, 1.00, 1.00, 1.00, 0.00, 0.00
90,  0,  2.967,  0.98,  1, 0.00, 0.00, 1.69, 0.00, 1.90, 3.01, 0.00, 1.48, 1.88, 2.14, 0.00, 0.44, 0.00, 0.18, 1.86, 0.30, 0.00, 0.00, 0.00, 1.00, 1.00, 1.00, 1.00, 0.00, 1.00, 1.00, 1.00, 0.00, 0.00, 0.00, 1.00, 1.00, 1.00, 0.00, 0.00
91,  0,  3.000,  0.98,  1, 0.00, 0.00, 1.79, 0.00, 1.96, 3.09, 0.00, 1.52, 1.87, 2.15, 0.00, 0.49, 0.00, 0.15, 1.88, 0.34, 0.00, 0.00, 0.00, 1.00, 1.00, 1.00, 1.00, 0.00, 1.00, 1.00, 1.00, 0.00, 0.00, 0.00, 1.00, 1.00, 1.00, 0.00, 0.00
92,  0,  3.033,  0.98,  1, 0.00, 0.00, 1.85, 0.00, 2.00, 3.23, 0.07, 1.47, 1.92, 2.32, 0.00, 0.45, 0.00, 0.12, 1.93, 0.41, 0.00, 0.00, 0.00, 1.00, 1.00, 1.00, 1.00, 0.00, 1.00, 1.00, 1.00, 0.00, 0.00, 0.00, 1.00, 1.00, 1.00, 0.00, 0.00
93,  0,  3.067,  0.98,  1, 0.00, 0.00, 1.83, 0.00, 2.01, 3.26, 0.07, 1.40, 1.89, 2.39, 0.00, 0.43, 0.00, 0.06, 1.88, 0.46, 0.00, 0.00, 0.00, 1.00, 1.00, 1.00, 1.00, 0.00, 1.00, 1.00, 1.00, 0.00, 0.00, 0.00, 1.00, 1.00, 1.00, 0.00, 0.00
94,  0,  3.100,  0.98,  1, 0.00, 0.00, 1.68, 0.00, 2.00, 3.25, 0.14, 1.45, 1.95, 2.38, 0.00, 0.39, 0.00, 0.10, 1.86, 0.43, 0.00, 0.00, 0.00, 1.00, 1.00, 1.00, 1.00, 0.00, 1.00, 1.00, 1.00, 0.00, 0.00, 0.00, 1.00, 1.00, 1.00, 0.00, 0.00
95,  0,  3.133,  0.98,  1, 0.00, 0.00, 1.61, 0.00, 2.00, 3.40, 0.14, 1.49, 1.95, 2.25, 0.00, 0.33, 0.00, 0.10, 1.82, 0.39, 0.00, 0.00, 0.00, 1.00, 1.00, 1.00, 1.00, 0.00, 1.00, 1.00, 1.00, 0.00, 0.00, 0.00, 1.00, 1.00, 0.00, 0.00, 0.00
96,  0,  3.167,  0.98,  1, 0.00, 0.00, 1.54, 0.00, 1.98, 3.45, 0.21, 1.60, 1.93, 2.22, 0.00, 0.41, 0.00, 0.15, 1.71, 0.38, 0.00, 0.00, 0.00, 1.00, 1.00, 1.00, 1.00, 0.00, 1.00, 1.00, 1.00, 0.00, 0.00, 0.00, 1.00, 1.00, 0.00, 0.00, 0.00
97,  0,  3.200,  0.98,  1, 0.00, 0.00, 1.50, 0.00, 1.93, 3.53, 0.18, 1.60, 1.89, 2.22, 0.00, 0.40, 0.00, 0.11, 1.67, 0.41, 0.12, 0.00, 0.00, 1.00, 1.00, 1.00, 1.00, 0.00, 1.00, 1.00, 1.00, 0.00, 0.00, 0.00, 1.00, 1.00, 0.00, 0.00, 0.00
98,  0,  3.233,  0.98,  1, 0.00, 0.00, 1.40, 0.00, 1.89, 3.47, 0.19, 1.71, 1.90, 2.26, 0.00, 0.51, 0.00, 0.13, 1.60, 0.43, 0.18, 0.00, 0.00, 1.00, 1.00, 1.00, 1.00, 0.00, 1.00, 1.00, 1.00, 0.00, 0.00, 0.00, 1.00, 1.00, 0.00, 0.00, 0.00
99,  0,  3.267,  0.98,  1, 0.00, 0.00, 1.38, 0.00, 1.86, 3.52, 0.15, 1.70, 1.91, 2.25, 0.00, 0.42, 0.00, 0.08, 1.60, 0.42, 0.18, 0.00, 0.00, 1.00, 1.00, 1.00, 1.00, 0.00, 1.00, 1.00, 1.00, 0.00, 0.00, 0.00, 1.00, 1.00, 0.00, 0.00, 0.00
100,  0,  3.300,  0.98,  1, 0.00, 0.00, 1.46, 0.00, 1.86, 3.64, 0.18, 1.67, 1.82, 2.18, 0.00, 0.49, 0.00, 0.06, 1.51, 0.36, 0.06, 0.00, 0.00, 1.00, 1.00, 1.00, 1.00, 0.00, 1.00, 1.00, 1.00, 0.00, 0.00, 0.00, 1.00, 1.00, 0.00, 0.00, 0.00
101,  0,  3.333,  0.98,  1, 0.00, 0.00, 1.54, 0.13, 1.71, 3.56, 0.18, 1.40, 1.58, 2.05, 0.00, 0.42, 0.00, 0.02, 1.44, 0.26, 0.00, 0.00, 0.00, 1.00, 1.00, 1.00, 1.00, 0.00, 1.00, 1.00, 1.00, 0.00, 0.00, 0.00, 1.00, 1.00, 0.00, 0.00, 0.00
102,  0,  3.367,  0.98,  1, 0.00, 0.00, 1.54, 0.13, 1.57, 3.55, 0.22, 1.17, 1.31, 1.80, 0.00, 0.48, 0.00, 0.00, 1.37, 0.21, 0.00, 0.00, 0.00, 1.00, 1.00, 1.00, 1.00, 0.00, 1.00, 1.00, 1.00, 0.00, 0.00, 0.00, 1.00, 1.00, 0.00, 0.00, 0.00
103,  0,  3.400,  0.98,  1, 0.00, 0.00, 1.48, 0.13, 1.39, 3.20, 0.21, 1.01, 1.10, 1.78, 0.00, 0.45, 0.00, 0.00, 1.20, 0.12, 0.00, 0.00, 0.00, 1.00, 1.00, 1.00, 1.00, 0.00, 1.00, 1.00, 1.00, 0.00, 0.00, 0.00, 1.00, 1.00, 0.00, 0.00, 0.00
104,  0,  3.433,  0.98,  1, 0.00, 0.00, 1.50, 0.00, 1.37, 3.14, 0.25, 0.98, 1.02, 1.72, 0.00, 0.48, 0.00, 0.00, 1.17, 0.07, 0.02, 0.00, 0.00, 1.00, 1.00, 1.00, 1.00, 0.00, 1.00, 1.00, 1.00, 0.00, 0.00, 0.00, 1.00, 1.00, 0.00, 0.00, 0.00
105,  0,  3.467,  0.98,  1, 0.00, 0.00, 1.54, 0.00, 1.36, 3.04, 0.26, 0.98, 1.07, 1.77, 0.00, 0.32, 0.00, 0.00, 1.19, 0.00, 0.02, 0.00, 0.00, 1.00, 1.00, 1.00, 1.00, 0.00, 1.00, 1.00, 1.00, 0.00, 0.00, 0.00, 1.00, 1.00, 0.00, 0.00, 0.00
106,  0,  3.500,  0.98,  1, 0.00, 0.00, 1.57, 0.00, 1.40, 2.96, 0.35, 1.03, 1.20, 1.70, 0.00, 0.26, 0.00, 0.00, 1.37, 0.00, 0.02, 0.00, 0.00, 1.00, 1.00, 1.00, 1.00, 0.00, 1.00, 1.00, 1.00, 0.00, 0.00, 0.00, 1.00, 1.00, 0.00, 0.00, 0.00
107,  0,  3.533,  0.98,  1, 0.00, 0.00, 1.60, 0.00, 1.47, 2.91, 0.33, 1.13, 1.37, 1.65, 0.00, 0.20, 0.00, 0.00, 1.50, 0.00, 0.01, 0.00, 0.00, 1.00, 1.00, 1.00, 1.00, 0.00, 1.00, 1.00, 1.00, 0.00, 0.00, 0.00, 1.00, 1.00, 0.00, 0.00, 0.00
108,  0,  3.567,  0.98,  1, 0.00, 0.00, 1.56, 0.00, 1.55, 2.86, 0.35, 1.25, 1.50, 1.66, 0.11, 0.27, 0.00, 0.00, 1.65, 0.00, 0.01, 0.00, 0.00, 1.00, 1.00, 1.00, 1.00, 0.00, 1.00, 1.00, 1.00, 0.00, 0.00, 0.00, 1.00, 1.00, 0.00, 0.00, 0.00
109,  0,  3.600,  0.98,  1, 0.00, 0.00, 1.53, 0.00, 1.62, 2.93, 0.28, 1.30, 1.58, 1.62, 0.15, 0.18, 0.00, 0.00, 1.85, 0.05, 0.01, 0.00, 0.00, 1.00, 1.00, 1.00, 1.00, 0.00, 1.00, 1.00, 1.00, 0.00, 0.00, 0.00, 1.00, 1.00, 0.00, 0.00, 0.00
110,  0,  3.633,  0.98,  1, 0.00, 0.00, 1.50, 0.00, 1.68, 2.84, 0.29, 1.30, 1.66, 1.87, 0.15, 0.10, 0.00, 0.00, 2.03, 0.10, 0.00, 0.00, 0.00, 1.00, 1.00, 1.00, 1.00, 0.00, 1.00, 1.00, 1.00, 0.00, 0.00, 0.00, 1.00, 1.00, 0.00, 0.00, 0.00
111,  0,  3.667,  0.98,  1, 0.00, 0.00, 1.56, 0.00, 1.69, 2.81, 0.26, 1.34, 1.76, 1.96, 0.07, 0.00, 0.00, 0.00, 2.20, 0.16, 0.00, 0.00, 0.00, 1.00, 1.00, 1.00, 1.00, 0.00, 1.00, 1.00, 1.00, 0.00, 0.00, 0.00, 1.00, 1.00, 0.00, 0.00, 0.00
112,  0,  3.700,  0.98,  1, 0.00, 0.05, 1.60, 0.00, 1.74, 2.84, 0.24, 1.38, 1.84, 2.03, 0.06, 0.04, 0.00, 0.00, 2.20, 0.16, 0.00, 0.00, 0.00, 1.00, 1.00, 1.00, 1.00, 0.00, 1.00, 1.00, 1.00, 0.00, 0.00, 0.00, 1.00, 1.00, 0.00, 0.00, 0.00
113,  0,  3.733,  0.98,  1, 0.00, 0.06, 1.63, 0.00, 1.75, 2.95, 0.23, 1.41, 1.85, 1.87, 0.11, 0.07, 0.00, 0.00, 2.13, 0.11, 0.00, 0.00, 0.00, 1.00, 1.00, 1.00, 1.00, 0.00, 1.00, 1.00, 1.00, 0.00, 0.00, 0.00, 0.00, 1.00, 0.00, 0.00, 0.00
114,  0,  3.767,  0.98,  1, 0.00, 0.06, 1.70, 0.00, 1.71, 3.03, 0.22, 1.33, 1.80, 1.85, 0.12, 0.07, 0.00, 0.00, 1.99, 0.05, 0.00, 0.00, 0.00, 1.00, 1.00, 1.00, 1.00, 0.00, 1.00, 1.00, 1.00, 0.00, 0.00, 0.00, 0.00, 1.00, 0.00, 0.00, 0.00
115,  0,  3.800,  0.98,  1, 0.00, 0.01, 1.74, 0.00, 1.66, 3.04, 0.23, 1.20, 1.68, 1.86, 0.16, 0.03, 0.00, 0.00, 1.90, 0.04, 0.00, 0.00, 0.00, 1.00, 1.00, 1.00, 1.00, 0.00, 1.00, 1.00, 1.00, 0.00, 0.00, 0.00, 0.00, 1.00, 0.00, 0.00, 0.00
116,  0,  3.833,  0.98,  1, 0.00, 0.00, 1.72, 0.00, 1.58, 3.05, 0.22, 1.14, 1.59, 1.88, 0.10, 0.03, 0.00, 0.00, 1.80, 0.05, 0.01, 0.00, 0.00, 1.00, 1.00, 1.00, 1.00, 0.00, 1.00, 1.00, 1.00, 0.00, 0.00, 0.00, 0.00, 1.00, 0.00, 0.00, 0.00
117,  0,  3.867,  0.98,  1, 0.00, 0.00, 1.68, 0.00, 1.59, 2.92, 0.22, 1.13, 1.51, 1.88, 0.07, 0.10, 0.00, 0.00, 1.73, 0.05, 0.01, 0.00, 0.00, 1.00, 1.00, 1.00, 1.00, 0.00, 1.00, 1.00, 1.00, 0.00, 0.00, 0.00, 0.00, 1.00, 0.00, 0.00, 0.00
118,  0,  3.900,  0.98,  1, 0.00, 0.00, 1.57, 0.00, 1.58, 2.86, 0.25, 1.22, 1.53, 1.84, 0.03, 0.16, 0.00, 0.00, 1.61, 0.00, 0.01, 0.00, 0.00, 1.00, 1.00, 1.00, 1.00, 0.00, 1.00, 1.00, 1.00, 0.00, 0.00, 0.00, 0.00, 1.00, 0.00, 0.00, 0.00
119,  0,  3.933,  0.98,  1, 0.00, 0.00, 1.46, 0.01, 1.57, 2.75, 0.23, 1.19, 1.55, 1.82, 0.04, 0.24, 0.00, 0.00, 1.57, 0.00, 0.00, 0.00, 0.00, 1.00, 1.00, 1.00, 1.00, 0.00, 1.00, 1.00, 1.00, 0.00, 0.00, 0.00, 1.00, 1.00, 0.00, 0.00, 0.00
120,  0,  3.967,  0.98,  1, 0.00, 0.00, 1.36, 0.05, 1.62, 2.79, 0.26, 1.22, 1.65, 1.80, 0.09, 0.28, 0.00, 0.00, 1.52, 0.00, 0.00, 0.00, 0.00, 1.00, 1.00, 1.00, 1.00, 0.00, 1.00, 1.00, 1.00, 0.00, 0.00, 0.00, 1.00, 1.00, 0.00, 0.00, 0.00
121,  0,  4.000,  0.98,  1, 0.00, 0.00, 1.41, 0.05, 1.69, 2.84, 0.26, 1.17, 1.71, 1.83, 0.13, 0.37, 0.00, 0.00, 1.46, 0.00, 0.00, 0.00, 0.00, 1.00, 1.00, 1.00, 1.00, 0.00, 1.00, 1.00, 1.00, 0.00, 0.00, 0.00, 1.00, 1.00, 0.00, 0.00, 0.00
122,  0,  4.033,  0.98,  1, 0.00, 0.00, 1.51, 0.07, 1.81, 2.97, 0.32, 1.30, 1.84, 1.85, 0.24, 0.36, 0.00, 0.00, 1.41, 0.00, 0.00, 0.00, 0.00, 1.00, 1.00, 1.00, 1.00, 0.00, 1.00, 1.00, 1.00, 0.00, 0.00, 0.00, 1.00, 1.00, 0.00, 0.00, 0.00
123,  0,  4.067,  0.98,  1, 0.00, 0.00, 1.49, 0.10, 1.79, 2.99, 0.30, 1.35, 1.85, 1.86, 0.21, 0.33, 0.08, 0.00, 1.34, 0.00, 0.00, 0.00, 0.00, 1.00, 1.00, 1.00, 1.00, 0.00, 1.00, 1.00, 1.00, 0.00, 0.00, 0.00, 1.00, 1.00, 0.00, 0.00, 0.00
124,  0,  4.100,  0.98,  1, 0.00, 0.00, 1.56, 0.10, 1.79, 3.01, 0.25, 1.43, 1.89, 1.81, 0.13, 0.23, 0.08, 0.00, 1.42, 0.00, 0.00, 0.00, 0.00, 1.00, 1.00, 1.00, 1.00, 0.00, 1.00, 1.00, 1.00, 0.00, 0.00, 0.00, 1.00, 1.00, 0.00, 0.00, 0.00
125,  0,  4.133,  0.98,  1, 0.00, 0.00, 1.55, 0.07, 1.75, 2.96, 0.19, 1.48, 1.87, 1.82, 0.03, 0.12, 0.08, 0.00, 1.46, 0.00, 0.00, 0.00, 0.00, 1.00, 1.00, 1.00, 1.00, 0.00, 1.00, 1.00, 1.00, 0.00, 0.00, 0.00, 1.00, 1.00, 0.00, 0.00, 0.00
126,  0,  4.167,  0.98,  1, 0.00, 0.00, 1.63, 0.00, 1.81, 3.07, 0.20, 1.58, 1.94, 1.83, 0.00, 0.05, 0.00, 0.00, 1.63, 0.04, 0.00, 0.00, 0.00, 1.00, 1.00, 1.00, 1.00, 0.00, 1.00, 1.00, 1.00, 0.00, 0.00, 0.00, 1.00, 1.00, 0.00, 0.00, 0.00
127,  0,  4.200,  0.98,  1, 0.00, 0.00, 1.57, 0.07, 1.84, 3.05, 0.19, 1.62, 1.93, 1.81, 0.00, 0.00, 0.00, 0.00, 1.73, 0.04, 0.00, 0.00, 0.00, 1.00, 1.00, 1.00, 1.00, 0.00, 1.00, 1.00, 1.00, 0.00, 0.00, 0.00, 1.00, 1.00, 0.00, 0.00, 0.00
128,  0,  4.233,  0.98,  1, 0.00, 0.00, 1.60, 0.18, 1.91, 3.07, 0.23, 1.59, 1.94, 1.83, 0.00, 0.00, 0.00, 0.00, 1.80, 0.10, 0.00, 0.00, 0.00, 1.00, 1.00, 1.00, 1.00, 0.00, 1.00, 1.00, 1.00, 0.00, 0.00, 0.00, 1.00, 1.00, 0.00, 0.00, 0.00
129,  0,  4.267,  0.98,  1, 0.00, 0.00, 1.57, 0.29, 1.86, 2.85, 0.21, 1.44, 1.87, 1.74, 0.00, 0.00, 0.00, 0.00, 1.77, 0.11, 0.00, 0.00, 0.00, 1.00, 1.00, 1.00, 1.00, 0.00, 1.00, 1.00, 1.00, 0.00, 0.00, 0.00, 1.00, 1.00, 0.00, 0.00, 0.00
130,  0,  4.300,  0.98,  1, 0.00, 0.00, 1.59, 0.25, 1.74, 2.70, 0.27, 1.28, 1.68, 1.74, 0.00, 0.00, 0.00, 0.00, 1.73, 0.20, 0.00, 0.00, 0.00, 1.00, 1.00, 1.00, 1.00, 0.00, 1.00, 1.00, 1.00, 0.00, 0.00, 0.00, 1.00, 1.00, 0.00, 0.00, 0.00
131,  0,  4.333,  0.98,  1, 0.00, 0.00, 1.54, 0.23, 1.57, 2.49, 0.33, 1.16, 1.46, 1.79, 0.00, 0.03, 0.00, 0.00, 1.63, 0.28, 0.00, 0.00, 0.00, 1.00, 1.00, 1.00, 1.00, 0.00, 1.00, 1.00, 1.00, 0.00, 0.00, 0.00, 1.00, 1.00, 0.00, 0.00, 0.00
132,  0,  4.367,  0.98,  1, 0.00, 0.00, 1.56, 0.19, 1.44, 2.53, 0.29, 1.04, 1.21, 1.73, 0.11, 0.09, 0.00, 0.00, 1.58, 0.24, 0.00, 0.00, 0.00, 1.00, 1.00, 1.00, 1.00, 0.00, 1.00, 1.00, 1.00, 0.00, 0.00, 0.00, 1.00, 1.00, 0.00, 0.00, 0.00
133,  0,  4.400,  0.98,  1, 0.00, 0.00, 1.52, 0.25, 1.34, 2.50, 0.20, 0.94, 1.01, 1.66, 0.24, 0.19, 0.00, 0.00, 1.47, 0.20, 0.00, 0.00, 0.00, 1.00, 1.00, 1.00, 1.00, 0.00, 1.00, 0.00, 1.00, 0.00, 0.00, 0.00, 1.00, 1.00, 0.00, 0.00, 0.00
134,  0,  4.433,  0.98,  1, 0.00, 0.00, 1.55, 0.18, 1.22, 2.65, 0.12, 0.77, 0.80, 1.55, 0.41, 0.35, 0.02, 0.00, 1.24, 0.06, 0.00, 0.00, 0.00, 1.00, 1.00, 1.00, 1.00, 0.00, 1.00, 0.00, 1.00, 0.00, 0.00, 0.00, 1.00, 1.00, 0.00, 0.00, 0.00
135,  0,  4.467,  0.98,  1, 0.00, 0.00, 1.56, 0.11, 1.10, 2.64, 0.10, 0.81, 0.64, 1.47, 0.55, 0.49, 0.02, 0.00, 0.91, 0.06, 0.00, 0.00, 0.00, 1.00, 1.00, 1.00, 1.00, 0.00, 1.00, 0.00, 1.00, 0.00, 0.00, 0.00, 1.00, 0.00, 0.00, 0.00, 0.00
136,  0,  4.500,  0.98,  1, 0.00, 0.00, 1.57, 0.07, 1.01, 2.54, 0.13, 0.76, 0.56, 1.36, 0.62, 0.55, 0.02, 0.00, 0.74, 0.00, 0.00, 0.00, 0.00, 1.00, 1.00, 1.00, 1.00, 0.00, 1.00, 0.00, 1.00, 0.00, 0.00, 0.00, 1.00, 0.00, 0.00, 0.00, 0.00
137,  0,  4.533,  0.98,  1, 0.00, 0.00, 1.55, 0.05, 0.93, 2.40, 0.12, 0.82, 0.56, 1.20, 0.63, 0.52, 0.00, 0.00, 1.04, 0.00, 0.00, 0.00, 0.00, 1.00, 1.00, 1.00, 1.00, 0.00, 1.00, 0.00, 1.00, 0.00, 0.00, 0.00, 1.00, 0.00, 0.00, 0.00, 0.00
138,  0,  4.567,  0.98,  1, 0.00, 0.00, 1.52, 0.09, 0.96, 2.26, 0.16, 0.87, 0.70, 1.24, 0.46, 0.43, 0.00, 0.00, 1.49, 0.09, 0.00, 0.00, 0.00, 1.00, 1.00, 1.00, 1.00, 0.00, 1.00, 0.00, 1.00, 0.00, 0.00, 0.00, 1.00, 0.00, 0.00, 0.00, 0.00
139,  0,  4.600,  0.98,  1, 0.00, 0.00, 1.52, 0.07, 1.06, 2.41, 0.14, 1.12, 0.91, 1.45, 0.42, 0.35, 0.00, 0.00, 1.88, 0.09, 0.00, 0.00, 0.00, 1.00, 1.00, 1.00, 1.00, 0.00, 1.00, 0.00, 1.00, 0.00, 0.00, 0.00, 1.00, 1.00, 0.00, 0.00, 0.00
140,  0,  4.633,  0.98,  1, 0.00, 0.00, 1.50, 0.07, 1.17, 2.34, 0.14, 1.26, 1.04, 1.67, 0.24, 0.25, 0.00, 0.00, 2.00, 0.21, 0.00, 0.00, 0.00, 1.00, 1.00, 1.00, 1.00, 0.00, 1.00, 1.00, 1.00, 0.00, 0.00, 0.00, 1.00, 1.00, 0.00, 0.00, 0.00
141,  0,  4.667,  0.98,  1, 0.00, 0.00, 1.40, 0.03, 1.21, 2.37, 0.18, 1.34, 1.03, 1.84, 0.15, 0.21, 0.00, 0.00, 1.99, 0.15, 0.07, 0.00, 0.00, 1.00, 1.00, 1.00, 1.00, 0.00, 1.00, 1.00, 1.00, 0.00, 0.00, 0.00, 1.00, 1.00, 0.00, 0.00, 0.00
142,  0,  4.700,  0.98,  1, 0.00, 0.00, 1.38, 0.12, 1.28, 2.27, 0.17, 1.33, 1.03, 1.86, 0.00, 0.16, 0.00, 0.00, 1.94, 0.20, 0.08, 0.00, 0.00, 1.00, 1.00, 1.00, 1.00, 0.00, 1.00, 1.00, 1.00, 0.00, 0.00, 0.00, 1.00, 1.00, 0.00, 0.00, 0.00
143,  0,  4.733,  0.98,  1, 0.00, 0.00, 1.27, 0.12, 1.30, 2.23, 0.12, 1.36, 1.08, 1.83, 0.00, 0.09, 0.00, 0.00, 1.92, 0.25, 0.08, 0.00, 0.00, 1.00, 1.00, 1.00, 1.00, 0.00, 1.00, 1.00, 1.00, 0.00, 0.00, 0.00, 1.00, 1.00, 1.00, 0.00, 0.00
144,  0,  4.767,  0.98,  1, 0.00, 0.00, 1.35, 0.12, 1.42, 2.39, 0.12, 1.30, 1.24, 1.98, 0.00, 0.03, 0.00, 0.00, 1.95, 0.47, 0.01, 0.00, 0.00, 1.00, 1.00, 1.00, 1.00, 0.00, 1.00, 1.00, 1.00, 0.00, 0.00, 0.00, 1.00, 1.00, 1.00, 0.00, 0.00
145,  0,  4.800,  0.98,  1, 0.00, 0.00, 1.32, 0.00, 1.58, 2.61, 0.17, 1.35, 1.38, 2.17, 0.00, 0.00, 0.00, 0.00, 1.92, 0.65, 0.00, 0.00, 0.00, 1.00, 1.00, 1.00, 1.00, 0.00, 1.00, 1.00, 1.00, 0.00, 0.00, 0.00, 1.00, 1.00, 1.00, 0.00, 0.00
146,  0,  4.833,  0.98,  1, 0.00, 0.00, 1.42, 0.10, 1.82, 3.00, 0.28, 1.44, 1.48, 2.41, 0.00, 0.00, 0.00, 0.00, 1.89, 0.69, 0.00, 0.00, 0.00, 1.00, 1.00, 1.00, 1.00, 0.00, 1.00, 1.00, 1.00, 0.00, 0.00, 0.00, 1.00, 1.00, 1.00, 0.00, 0.00
147,  0,  4.867,  0.98,  1, 0.00, 0.00, 1.44, 0.10, 2.01, 3.05, 0.26, 1.56, 1.57, 2.55, 0.00, 0.00, 0.00, 0.00, 1.81, 0.67, 0.00, 0.00, 0.00, 1.00, 1.00, 1.00, 1.00, 0.00, 1.00, 1.00, 1.00, 0.00, 0.00, 0.00, 1.00, 1.00, 1.00, 0.00, 0.00
148,  0,  4.900,  0.98,  1, 0.00, 0.00, 1.47, 0.10, 2.04, 3.09, 0.22, 1.57, 1.62, 2.65, 0.00, 0.00, 0.00, 0.00, 1.82, 0.72, 0.01, 0.00, 0.00, 1.00, 1.00, 1.00, 1.00, 0.00, 1.00, 1.00, 1.00, 0.00, 0.00, 0.00, 1.00, 1.00, 1.00, 0.00, 0.00
149,  0,  4.933,  0.98,  1, 0.00, 0.00, 1.45, 0.00, 2.03, 3.02, 0.18, 1.49, 1.65, 2.64, 0.00, 0.00, 0.00, 0.00, 1.86, 0.82, 0.01, 0.00, 0.00, 1.00, 1.00, 1.00, 1.00, 0.00, 1.00, 1.00, 1.00, 0.00, 0.00, 0.00, 1.00, 1.00, 1.00, 0.00, 0.00
150,  0,  4.967,  0.98,  1, 0.00, 0.00, 1.35, 0.00, 1.95, 3.06, 0.14, 1.49, 1.70, 2.55, 0.00, 0.00, 0.00, 0.00, 1.95, 0.88, 0.01, 0.00, 0.00, 1.00, 1.00, 1.00, 1.00, 0.00, 1.00, 1.00, 1.00, 0.00, 0.00, 0.00, 1.00, 1.00, 1.00, 0.00, 0.00
151,  0,  5.000,  0.98,  1, 0.00, 0.00, 1.29, 0.00, 1.94, 2.93, 0.10, 1.46, 1.73, 2.53, 0.00, 0.00, 0.00, 0.03, 2.00, 0.95, 0.03, 0.00, 0.00, 1.00, 1.00, 1.00, 1.00, 0.00, 1.00, 1.00, 1.00, 0.00, 0.00, 0.00, 1.00, 1.00, 1.00, 0.00, 0.00
152,  0,  5.033,  0.98,  1, 0.00, 0.00, 1.19, 0.00, 1.94, 2.77, 0.03, 1.43, 1.80, 2.53, 0.00, 0.00, 0.00, 0.04, 1.95, 0.93, 0.03, 0.00, 0.00, 1.00, 1.00, 1.00, 1.00, 0.00, 1.00, 1.00, 1.00, 0.00, 0.00, 0.00, 1.00, 1.00, 1.00, 0.00, 0.00
153,  0,  5.067,  0.98,  1, 0.00, 0.00, 1.08, 0.00, 1.90, 2.52, 0.00, 1.33, 1.83, 2.55, 0.00, 0.00, 0.01, 0.08, 1.95, 0.85, 0.03, 0.00, 0.00, 1.00, 1.00, 1.00, 1.00, 0.00, 1.00, 1.00, 1.00, 0.00, 0.00, 0.00, 1.00, 1.00, 1.00, 0.00, 0.00
154,  0,  5.100,  0.98,  1, 0.00, 0.00, 0.89, 0.05, 1.85, 2.49, 0.00, 1.29, 1.85, 2.56, 0.00, 0.00, 0.01, 0.06, 2.01, 0.84, 0.00, 0.00, 0.00, 0.00, 1.00, 1.00, 1.00, 0.00, 1.00, 1.00, 1.00, 0.00, 0.00, 0.00, 1.00, 1.00, 1.00, 0.00, 0.00
155,  0,  5.133,  0.98,  1, 0.00, 0.00, 0.87, 0.11, 1.83, 2.59, 0.00, 1.22, 1.83, 2.62, 0.00, 0.00, 0.01, 0.05, 2.12, 0.86, 0.00, 0.00, 0.00, 0.00, 1.00, 1.00, 1.00, 0.00, 1.00, 1.00, 1.00, 0.00, 0.00, 0.00, 1.00, 1.00, 1.00, 0.00, 0.00
156,  0,  5.167,  0.98,  1, 0.00, 0.00, 0.87, 0.11, 1.85, 2.78, 0.00, 1.20, 1.74, 2.59, 0.00, 0.00, 0.08, 0.04, 2.03, 0.83, 0.00, 0.00, 0.00, 0.00, 1.00, 1.00, 1.00, 0.00, 1.00, 1.00, 1.00, 0.00, 0.00, 0.00, 1.00, 1.00, 1.00, 0.00, 0.00
157,  0,  5.200,  0.98,  1, 0.00, 0.00, 1.03, 0.06, 1.82, 2.73, 0.00, 1.22, 1.65, 2.49, 0.00, 0.00, 0.16, 0.03, 1.94, 0.64, 0.00, 0.00, 0.00, 0.00, 1.00, 1.00, 1.00, 0.00, 1.00, 1.00, 1.00, 0.00, 0.00, 0.00, 1.00, 1.00, 0.00, 0.00, 0.00
158,  0,  5.233,  0.98,  1, 0.00, 0.00, 1.04, 0.00, 1.74, 2.61, 0.00, 1.24, 1.64, 2.41, 0.00, 0.00, 0.20, 0.03, 1.86, 0.46, 0.00, 0.00, 0.00, 1.00, 1.00, 1.00, 1.00, 0.00, 1.00, 1.00, 1.00, 0.00, 0.00, 0.00, 1.00, 1.00, 0.00, 0.00, 0.00
159,  0,  5.267,  0.98,  1, 0.00, 0.00, 1.07, 0.00, 1.66, 2.45, 0.00, 1.27, 1.66, 2.32, 0.00, 0.00, 0.16, 0.00, 1.89, 0.42, 0.00, 0.00, 0.00, 1.00, 1.00, 1.00, 1.00, 0.00, 1.00, 1.00, 1.00, 0.00, 0.00, 0.00, 1.00, 1.00, 0.00, 0.00, 0.00
160,  0,  5.300,  0.98,  1, 0.00, 0.01, 1.11, 0.00, 1.67, 2.42, 0.04, 1.25, 1.73, 2.21, 0.00, 0.00, 0.14, 0.00, 1.88, 0.35, 0.00, 0.00, 0.00, 1.00, 1.00, 1.00, 1.00, 0.00, 1.00, 1.00, 1.00, 0.00, 0.00, 0.00, 1.00, 1.00, 0.00, 0.00, 0.00
161,  0,  5.333,  0.98,  1, 0.00, 0.01, 1.22, 0.00, 1.68, 2.47, 0.05, 1.35, 1.77, 2.16, 0.00, 0.00, 0.17, 0.00, 1.81, 0.23, 0.00, 0.00, 0.00, 1.00, 1.00, 1.00, 1.00, 0.00, 1.00, 1.00, 1.00, 0.00, 0.00, 0.00, 1.00, 1.00, 0.00, 0.00, 0.00
162,  0,  5.367,  0.98,  1, 0.00, 0.01, 1.30, 0.11, 1.68, 2.55, 0.05, 1.35, 1.81, 2.11, 0.00, 0.00, 0.25, 0.00, 1.82, 0.07, 0.00, 0.00, 0.00, 1.00, 1.00, 1.00, 1.00, 0.00, 1.00, 1.00, 1.00, 0.00, 0.00, 0.00, 1.00, 1.00, 0.00, 0.00, 0.00
163,  0,  5.400,  0.98,  1, 0.00, 0.00, 1.19, 0.12, 1.70, 2.76, 0.01, 1.43, 1.83, 2.05, 0.00, 0.00, 0.33, 0.00, 1.80, 0.07, 0.00, 0.00, 0.00, 1.00, 1.00, 1.00, 1.00, 0.00, 1.00, 1.00, 1.00, 0.00, 0.00, 0.00, 1.00, 1.00, 0.00, 0.00, 0.00
164,  0,  5.433,  0.98,  1, 0.00, 0.01, 1.24, 0.21, 1.74, 2.75, 0.01, 1.40, 1.83, 1.97, 0.00, 0.00, 0.39, 0.00, 1.84, 0.10, 0.00, 0.00, 0.00, 1.00, 1.00, 1.00, 1.00, 0.00, 1.00, 1.00, 1.00, 0.00, 0.00, 0.00, 1.00, 1.00, 0.00, 0.00, 0.00
165,  0,  5.467,  0.98,  1, 0.00, 0.01, 1.27, 0.27, 1.71, 2.77, 0.01, 1.42, 1.87, 1.91, 0.00, 0.00, 0.43, 0.00, 1.80, 0.10, 0.00, 0.00, 0.00, 1.00, 1.00, 1.00, 1.00, 0.00, 1.00, 1.00, 1.00, 0.00, 0.00, 0.00, 1.00, 1.00, 0.00, 0.00, 0.00
166,  0,  5.500,  0.98,  1, 0.00, 0.01, 1.37, 0.28, 1.67, 2.62, 0.00, 1.41, 1.89, 2.00, 0.00, 0.00, 0.45, 0.00, 1.86, 0.15, 0.00, 0.00, 0.00, 1.00, 1.00, 1.00, 1.00, 0.00, 1.00, 1.00, 1.00, 0.00, 0.00, 0.00, 1.00, 1.00, 0.00, 0.00, 0.00
167,  0,  5.533,  0.98,  1, 0.00, 0.00, 1.25, 0.29, 1.63, 2.59, 0.01, 1.38, 1.90, 2.05, 0.00, 0.00, 0.43, 0.00, 1.91, 0.18, 0.00, 0.00, 0.00, 1.00, 1.00, 1.00, 1.00, 0.00, 1.00, 1.00, 1.00, 0.00, 0.00, 0.00, 1.00, 1.00, 0.00, 0.00, 0.00
168,  0,  5.567,  0.98,  1, 0.00, 0.00, 1.30, 0.14, 1.66, 2.35, 0.01, 1.26, 1.85, 2.09, 0.00, 0.00, 0.39, 0.00, 1.97, 0.27, 0.00, 0.00, 0.00, 1.00, 1.00, 1.00, 1.00, 0.00, 1.00, 1.00, 1.00, 0.00, 0.00, 0.00, 1.00, 1.00, 1.00, 0.00, 0.00
169,  0,  5.600,  0.98,  1, 0.00, 0.00, 1.31, 0.29, 1.67, 2.26, 0.01, 1.19, 1.84, 2.05, 0.00, 0.00, 0.38, 0.00, 1.95, 0.27, 0.00, 0.00, 0.00, 1.00, 1.00, 1.00, 1.00, 0.00, 1.00, 1.00, 1.00, 0.00, 0.00, 0.00, 1.00, 1.00, 1.00, 0.00, 0.00
170,  0,  5.633,  0.98,  1, 0.00, 0.00, 1.32, 0.40, 1.70, 2.24, 0.00, 1.23, 1.86, 1.96, 0.00, 0.00, 0.31, 0.01, 1.98, 0.34, 0.00, 0.00, 0.00, 1.00, 1.00, 1.00, 1.00, 0.00, 1.00, 1.00, 1.00, 0.00, 0.00, 0.00, 1.00, 1.00, 1.00, 0.00, 0.00
171,  0,  5.667,  0.98,  1, 0.00, 0.00, 1.26, 0.62, 1.78, 2.48, 0.00, 1.37, 1.91, 1.92, 0.00, 0.00, 0.23, 0.05, 1.98, 0.32, 0.00, 0.00, 0.00, 1.00, 1.00, 1.00, 1.00, 0.00, 1.00, 1.00, 1.00, 0.00, 0.00, 0.00, 1.00, 1.00, 1.00, 0.00, 0.00
172,  0,  5.700,  0.98,  1, 0.00, 0.00, 1.27, 0.75, 1.89, 2.72, 0.00, 1.43, 1.96, 1.94, 0.00, 0.00, 0.19, 0.09, 1.96, 0.30, 0.00, 0.00, 0.00, 1.00, 1.00, 1.00, 1.00, 0.00, 1.00, 1.00, 1.00, 0.00, 0.00, 0.00, 1.00, 1.00, 1.00, 0.00, 0.00
173,  0,  5.733,  0.98,  1, 0.00, 0.00, 1.27, 0.62, 1.95, 2.80, 0.00, 1.50, 1.97, 1.91, 0.00, 0.00, 0.16, 0.11, 1.89, 0.35, 0.00, 0.00, 0.00, 1.00, 1.00, 1.00, 1.00, 0.00, 1.00, 1.00, 1.00, 0.00, 0.00, 0.00, 1.00, 1.00, 1.00, 0.00, 0.00
174,  0,  5.767,  0.98,  1, 0.00, 0.04, 1.32, 0.61, 1.97, 2.98, 0.00, 1.53, 1.93, 1.84, 0.00, 0.00, 0.18, 0.10, 1.92, 0.30, 0.00, 0.00, 0.00, 1.00, 1.00, 1.00, 1.00, 0.00, 1.00, 1.00, 1.00, 0.00, 0.00, 0.00, 1.00, 1.00, 1.00, 0.00, 0.00
175,  0,  5.800,  0.98,  1, 0.00, 0.04, 1.28, 0.57, 1.92, 2.95, 0.00, 1.55, 1.93, 1.75, 0.00, 0.00, 0.16, 0.10, 1.89, 0.33, 0.00, 0.00, 0.00, 1.00, 1.00, 1.00, 1.00, 0.00, 1.00, 1.00, 1.00, 0.00, 0.00, 0.00, 1.00, 1.00, 1.00, 0.00, 0.00
176,  0,  5.833,  0.98,  1, 0.00, 0.04, 1.32, 0.68, 1.87, 2.96, 0.00, 1.53, 1.96, 1.78, 0.00, 0.00, 0.14, 0.17, 1.94, 0.26, 0.00, 0.00, 0.00, 1.00, 1.00, 1.00, 1.00, 0.00, 1.00, 1.00, 1.00, 0.00, 0.00, 0.00, 1.00, 1.00, 1.00, 0.00, 0.00
177,  0,  5.867,  0.98,  1, 0.00, 0.00, 1.33, 0.67, 1.86, 2.78, 0.00, 1.54, 2.01, 1.87, 0.00, 0.00, 0.07, 0.22, 1.92, 0.41, 0.00, 0.00, 0.00, 1.00, 1.00, 1.00, 1.00, 0.00, 1.00, 1.00, 1.00, 0.00, 0.00, 0.00, 1.00, 1.00, 1.00, 0.00, 0.00
178,  0,  5.900,  0.98,  1, 0.00, 0.00, 1.34, 0.46, 1.85, 2.75, 0.00, 1.53, 2.01, 1.89, 0.00, 0.00, 0.13, 0.28, 1.91, 0.43, 0.00, 0.00, 0.00, 1.00, 1.00, 1.00, 1.00, 0.00, 1.00, 1.00, 1.00, 0.00, 0.00, 0.00, 1.00, 1.00, 1.00, 0.00, 0.00
179,  0,  5.933,  0.98,  1, 0.00, 0.00, 1.31, 0.39, 1.86, 2.73, 0.00, 1.51, 1.97, 1.89, 0.00, 0.02, 0.21, 0.31, 1.93, 0.51, 0.00, 0.00, 0.00, 1.00, 1.00, 1.00, 1.00, 0.00, 1.00, 1.00, 1.00, 0.00, 0.00, 0.00, 1.00, 1.00, 1.00, 0.00, 0.00
180,  0,  5.967,  0.98,  1, 0.00, 0.00, 1.17, 0.24, 1.92, 2.95, 0.00, 1.39, 1.89, 1.71, 0.00, 0.05, 0.41, 0.37, 1.91, 0.46, 0.00, 0.00, 0.00, 1.00, 1.00, 1.00, 1.00, 0.00, 1.00, 1.00, 1.00, 0.00, 0.00, 0.00, 1.00, 1.00, 1.00, 0.00, 0.00
181,  0,  6.000,  0.98,  1, 0.00, 0.00, 1.13, 0.28, 1.96, 3.10, 0.00, 1.29, 1.84, 1.57, 0.00, 0.07, 0.48, 0.44, 1.94, 0.46, 0.00, 0.00, 0.00, 0.00, 1.00, 1.00, 1.00, 0.00, 1.00, 1.00, 1.00, 0.00, 0.00, 0.00, 1.00, 1.00, 1.00, 0.00, 0.00
182,  0,  6.033,  0.98,  1, 0.00, 0.00, 1.08, 0.20, 2.00, 3.21, 0.00, 1.23, 1.78, 1.46, 0.00, 0.13, 0.54, 0.47, 1.96, 0.49, 0.00, 0.00, 0.00, 0.00, 1.00, 1.00, 1.00, 0.00, 1.00, 1.00, 1.00, 0.00, 0.00, 0.00, 1.00, 1.00, 1.00, 0.00, 0.00
183,  0,  6.067,  0.98,  1, 0.00, 0.00, 1.08, 0.15, 2.00, 2.97, 0.00, 1.30, 1.75, 1.59, 0.00, 0.12, 0.47, 0.41, 2.00, 0.53, 0.00, 0.00, 0.00, 0.00, 1.00, 1.00, 1.00, 0.00, 1.00, 1.00, 1.00, 0.00, 0.00, 0.00, 1.00, 1.00, 1.00, 0.00, 0.00
184,  0,  6.100,  0.98,  1, 0.00, 0.00, 1.13, 0.08, 1.95, 2.80, 0.00, 1.39, 1.71, 1.74, 0.00, 0.10, 0.35, 0.37, 2.08, 0.51, 0.00, 0.00, 0.00, 0.00, 1.00, 1.00, 1.00, 0.00, 1.00, 1.00, 1.00, 0.00, 0.00, 0.00, 1.00, 1.00, 1.00, 0.00, 0.00
185,  0,  6.133,  0.98,  1, 0.00, 0.00, 1.17, 0.08, 1.91, 2.56, 0.00, 1.39, 1.69, 1.89, 0.00, 0.01, 0.39, 0.36, 2.09, 0.49, 0.00, 0.00, 0.00, 0.00, 1.00, 1.00, 1.00, 0.00, 1.00, 1.00, 1.00, 0.00, 0.00, 0.00, 1.00, 1.00, 1.00, 0.00, 0.00
186,  0,  6.167,  0.98,  1, 0.00, 0.05, 1.27, 0.24, 1.79, 2.41, 0.00, 1.34, 1.68, 1.91, 0.00, 0.00, 0.37, 0.39, 2.11, 0.54, 0.00, 1.00, 0.00, 0.00, 1.00, 1.00, 1.00, 0.00, 1.00, 1.00, 1.00, 0.00, 0.00, 0.00, 1.00, 1.00, 1.00, 0.00, 0.00
187,  0,  6.200,  0.98,  1, 0.00, 0.20, 1.30, 0.32, 1.81, 2.39, 0.00, 1.35, 1.73, 1.94, 0.00, 0.00, 0.35, 0.34, 2.06, 0.64, 0.00, 1.00, 0.00, 0.00, 1.00, 1.00, 1.00, 0.00, 1.00, 1.00, 1.00, 0.00, 0.00, 0.00, 1.00, 1.00, 1.00, 0.00, 0.00
188,  0,  6.233,  0.98,  1, 0.00, 0.31, 1.32, 0.32, 1.83, 2.59, 0.00, 1.34, 1.77, 1.93, 0.00, 0.00, 0.24, 0.29, 2.00, 0.58, 0.00, 1.00, 0.00, 1.00, 1.00, 1.00, 1.00, 0.00, 1.00, 1.00, 1.00, 0.00, 0.00, 0.00, 1.00, 1.00, 1.00, 0.00, 0.00
189,  0,  6.267,  0.98,  1, 0.00, 0.26, 1.34, 0.14, 1.84, 3.03, 0.00, 1.33, 1.78, 1.90, 0.00, 0.00, 0.16, 0.25, 2.01, 0.55, 0.00, 1.00, 0.00, 1.00, 1.00, 1.00, 1.00, 0.00, 1.00, 1.00, 1.00, 0.00, 0.00, 0.00, 1.00, 1.00, 1.00, 0.00, 0.00
190,  0,  6.300,  0.98,  1, 0.00, 0.11, 1.35, 0.15, 1.82, 3.14, 0.00, 1.31, 1.79, 1.93, 0.00, 0.00, 0.22, 0.28, 2.01, 0.46, 0.00, 1.00, 0.00, 1.00, 1.00, 1.00, 1.00, 0.00, 1.00, 1.00, 1.00, 0.00, 0.00, 0.00, 1.00, 1.00, 1.00, 0.00, 0.00
191,  0,  6.333,  0.98,  1, 0.00, 0.02, 1.37, 0.22, 1.80, 3.13, 0.00, 1.43, 1.85, 2.01, 0.00, 0.00, 0.19, 0.26, 2.02, 0.43, 0.00, 0.00, 0.00, 1.00, 1.00, 1.00, 1.00, 0.00, 1.00, 1.00, 1.00, 0.00, 0.00, 0.00, 1.00, 1.00, 1.00, 0.00, 0.00
192,  0,  6.367,  0.98,  1, 0.00, 0.02, 1.46, 0.36, 1.83, 2.91, 0.05, 1.51, 1.83, 2.06, 0.00, 0.00, 0.22, 0.26, 1.99, 0.37, 0.00, 0.00, 0.00, 1.00, 1.00, 1.00, 1.00, 0.00, 1.00, 1.00, 1.00, 0.00, 0.00, 0.00, 1.00, 1.00, 1.00, 0.00, 0.00
193,  0,  6.400,  0.98,  1, 0.00, 0.02, 1.42, 0.39, 1.82, 3.01, 0.08, 1.44, 1.81, 1.99, 0.00, 0.00, 0.13, 0.20, 1.96, 0.30, 0.00, 0.00, 0.00, 1.00, 1.00, 1.00, 1.00, 0.00, 1.00, 1.00, 1.00, 0.00, 0.00, 0.00, 1.00, 1.00, 1.00, 0.00, 0.00
194,  0,  6.433,  0.98,  1, 0.00, 0.00, 1.39, 0.39, 1.78, 3.14, 0.10, 1.18, 1.73, 1.86, 0.00, 0.00, 0.09, 0.21, 1.88, 0.27, 0.00, 0.00, 0.00, 1.00, 1.00, 1.00, 1.00, 0.00, 1.00, 1.00, 1.00, 0.00, 0.00, 0.00, 1.00, 1.00, 1.00, 0.00, 0.00
195,  0,  6.467,  0.98,  1, 0.00, 0.00, 1.23, 0.35, 1.76, 3.33, 0.08, 1.02, 1.75, 1.81, 0.00, 0.00, 0.03, 0.20, 1.79, 0.21, 0.00, 0.00, 0.00, 1.00, 1.00, 1.00, 1.00, 0.00, 1.00, 1.00, 1.00, 0.00, 0.00, 0.00, 1.00, 1.00, 1.00, 0.00, 0.00
196,  0,  6.500,  0.98,  1, 0.00, 0.00, 1.21, 0.23, 1.73, 3.23, 0.08, 1.08, 1.77, 1.82, 0.00, 0.00, 0.00, 0.22, 1.84, 0.28, 0.00, 0.00, 0.00, 1.00, 1.00, 1.00, 1.00, 0.00, 1.00, 1.00, 1.00, 0.00, 0.00, 0.00, 1.00, 1.00, 1.00, 0.00, 0.00
197,  0,  6.533,  0.98,  1, 0.00, 0.00, 1.28, 0.12, 1.73, 3.18, 0.10, 1.16, 1.79, 1.80, 0.00, 0.00, 0.00, 0.20, 1.91, 0.24, 0.00, 0.00, 0.00, 1.00, 1.00, 1.00, 1.00, 0.00, 1.00, 1.00, 1.00, 0.00, 0.00, 0.00, 1.00, 1.00, 1.00, 0.00, 0.00
198,  0,  6.567,  0.98,  1, 0.00, 0.00, 1.36, 0.05, 1.74, 3.10, 0.10, 1.30, 1.79, 1.78, 0.00, 0.00, 0.00, 0.16, 1.93, 0.23, 0.00, 0.00, 0.00, 1.00, 1.00, 1.00, 1.00, 0.00, 1.00, 1.00, 1.00, 0.00, 0.00, 0.00, 1.00, 1.00, 1.00, 0.00, 0.00
199,  0,  6.600,  0.98,  1, 0.00, 0.00, 1.38, 0.04, 1.70, 3.06, 0.08, 1.24, 1.75, 1.73, 0.00, 0.00, 0.00, 0.13, 1.89, 0.09, 0.00, 0.00, 0.00, 1.00, 1.00, 1.00, 1.00, 0.00, 1.00, 1.00, 1.00, 0.00, 0.00, 0.00, 1.00, 1.00, 1.00, 0.00, 0.00
200,  0,  6.633,  0.98,  1, 0.00, 0.00, 1.36, 0.03, 1.73, 3.09, 0.08, 1.35, 1.78, 1.79, 0.00, 0.00, 0.00, 0.08, 1.86, 0.14, 0.00, 0.00, 0.00, 1.00, 1.00, 1.00, 1.00, 0.00, 1.00, 1.00, 1.00, 0.00, 0.00, 0.00, 1.00, 1.00, 1.00, 0.00, 0.00
201,  0,  6.667,  0.98,  1, 0.00, 0.00, 1.33, 0.00, 1.70, 3.11, 0.06, 1.35, 1.82, 1.93, 0.00, 0.00, 0.00, 0.07, 1.85, 0.18, 0.00, 0.00, 0.00, 1.00, 1.00, 1.00, 1.00, 0.00, 1.00, 1.00, 1.00, 0.00, 0.00, 0.00, 1.00, 1.00, 1.00, 0.00, 0.00
202,  0,  6.700,  0.98,  1, 0.00, 0.00, 1.36, 0.00, 1.77, 3.16, 0.06, 1.29, 1.94, 1.97, 0.00, 0.00, 0.01, 0.06, 1.77, 0.27, 0.00, 0.00, 0.00, 1.00, 1.00, 1.00, 1.00, 0.00, 1.00, 1.00, 1.00, 0.00, 0.00, 0.00, 1.00, 1.00, 1.00, 0.00, 0.00
203,  0,  6.733,  0.98,  1, 0.00, 0.00, 1.37, 0.04, 1.76, 3.02, 0.01, 1.22, 1.98, 2.07, 0.00, 0.04, 0.01, 0.04, 1.81, 0.31, 0.00, 0.00, 0.00, 1.00, 1.00, 1.00, 1.00, 0.00, 1.00, 1.00, 1.00, 0.00, 0.00, 0.00, 1.00, 1.00, 1.00, 0.00, 0.00
204,  0,  6.767,  0.98,  1, 0.00, 0.00, 1.33, 0.04, 1.75, 2.72, 0.00, 1.14, 2.04, 2.06, 0.00, 0.07, 0.01, 0.02, 1.72, 0.30, 0.00, 0.00, 0.00, 1.00, 1.00, 1.00, 1.00, 0.00, 1.00, 1.00, 1.00, 0.00, 0.00, 0.00, 1.00, 1.00, 0.00, 0.00, 0.00
205,  0,  6.800,  0.98,  1, 0.00, 0.00, 1.27, 0.15, 1.69, 2.51, 0.00, 1.27, 2.01, 2.15, 0.00, 0.07, 0.00, 0.02, 1.75, 0.32, 0.00, 0.00, 0.00, 1.00, 1.00, 1.00, 1.00, 0.00, 1.00, 1.00, 1.00, 0.00, 0.00, 0.00, 1.00, 1.00, 0.00, 0.00, 0.00
206,  0,  6.833,  0.98,  1, 0.00, 0.00, 1.21, 0.15, 1.73, 2.40, 0.00, 1.26, 1.99, 2.08, 0.00, 0.03, 0.00, 0.02, 1.72, 0.38, 0.00, 0.00, 0.00, 1.00, 1.00, 1.00, 1.00, 0.00, 1.00, 1.00, 1.00, 0.00, 0.00, 0.00, 1.00, 1.00, 0.00, 0.00, 0.00
207,  0,  6.867,  0.98,  1, 0.00, 0.00, 1.31, 0.20, 1.76, 2.50, 0.00, 1.25, 1.95, 2.03, 0.00, 0.00, 0.00, 0.02, 1.82, 0.44, 0.03, 0.00, 0.00, 1.00, 1.00, 1.00, 1.00, 0.00, 1.00, 1.00, 1.00, 0.00, 0.00, 0.00, 1.00, 1.00, 0.00, 0.00, 0.00
208,  0,  6.900,  0.98,  1, 0.00, 0.00, 1.35, 0.11, 1.85, 2.65, 0.00, 1.23, 1.94, 1.94, 0.00, 0.00, 0.00, 0.03, 1.87, 0.61, 0.11, 0.00, 0.00, 1.00, 1.00, 1.00, 1.00, 0.00, 1.00, 1.00, 1.00, 0.00, 0.00, 0.00, 1.00, 1.00, 0.00, 0.00, 0.00
209,  0,  6.933,  0.98,  1, 0.00, 0.00, 1.40, 0.12, 1.87, 2.77, 0.00, 1.26, 1.92, 1.88, 0.00, 0.00, 0.00, 0.04, 1.84, 0.60, 0.15, 0.00, 0.00, 1.00, 1.00, 1.00, 1.00, 0.00, 1.00, 1.00, 1.00, 0.00, 0.00, 0.00, 1.00, 1.00, 0.00, 0.00, 0.00
210,  0,  6.967,  0.98,  1, 0.00, 0.00, 1.42, 0.10, 1.95, 2.92, 0.05, 1.38, 1.91, 1.96, 0.00, 0.06, 0.00, 0.07, 1.80, 0.60, 0.14, 0.00, 0.00, 1.00, 1.00, 1.00, 1.00, 0.00, 1.00, 1.00, 1.00, 0.00, 0.00, 0.00, 1.00, 1.00, 0.00, 0.00, 0.00
211,  0,  7.000,  0.98,  1, 0.00, 0.00, 1.39, 0.08, 1.95, 2.82, 0.05, 1.46, 1.89, 2.05, 0.00, 0.06, 0.00, 0.08, 1.83, 0.51, 0.06, 0.00, 0.00, 1.00, 1.00, 1.00, 1.00, 0.00, 1.00, 1.00, 1.00, 0.00, 0.00, 0.00, 1.00, 1.00, 0.00, 0.00, 0.00
212,  0,  7.033,  0.98,  1, 0.00, 0.00, 1.32, 0.03, 1.94, 2.81, 0.05, 1.49, 1.88, 2.14, 0.00, 0.06, 0.00, 0.07, 1.91, 0.56, 0.03, 0.00, 0.00, 1.00, 1.00, 1.00, 1.00, 0.00, 1.00, 1.00, 1.00, 0.00, 0.00, 0.00, 1.00, 1.00, 0.00, 0.00, 0.00
213,  0,  7.067,  0.98,  1, 0.00, 0.00, 1.25, 0.00, 1.90, 2.80, 0.04, 1.50, 1.89, 2.12, 0.00, 0.00, 0.03, 0.06, 1.98, 0.58, 0.00, 0.00, 0.00, 1.00, 1.00, 1.00, 1.00, 0.00, 1.00, 1.00, 1.00, 0.00, 0.00, 0.00, 1.00, 1.00, 0.00, 0.00, 0.00
214,  0,  7.100,  0.98,  1, 0.00, 0.00, 1.25, 0.00, 1.88, 2.91, 0.04, 1.50, 1.92, 2.14, 0.00, 0.05, 0.03, 0.05, 1.99, 0.57, 0.00, 0.00, 0.00, 1.00, 1.00, 1.00, 1.00, 0.00, 1.00, 1.00, 1.00, 0.00, 0.00, 0.00, 1.00, 1.00, 0.00, 0.00, 0.00
215,  0,  7.133,  0.98,  1, 0.00, 0.00, 1.32, 0.00, 1.86, 2.89, 0.04, 1.55, 1.94, 2.21, 0.00, 0.05, 0.03, 0.06, 1.97, 0.61, 0.00, 0.00, 0.00, 1.00, 1.00, 1.00, 1.00, 0.00, 1.00, 1.00, 1.00, 0.00, 0.00, 0.00, 1.00, 1.00, 0.00, 0.00, 0.00
216,  0,  7.167,  0.98,  1, 0.00, 0.00, 1.38, 0.00, 1.84, 2.81, 0.00, 1.56, 1.96, 2.33, 0.00, 0.21, 0.00, 0.11, 1.87, 0.59, 0.00, 0.00, 0.00, 1.00, 1.00, 1.00, 1.00, 0.00, 1.00, 1.00, 1.00, 0.00, 0.00, 0.00, 1.00, 1.00, 0.00, 0.00, 0.00
217,  0,  7.200,  0.98,  1, 0.00, 0.00, 1.45, 0.00, 1.89, 2.80, 0.03, 1.62, 1.93, 2.52, 0.00, 0.16, 0.00, 0.13, 1.79, 0.55, 0.00, 0.00, 0.00, 1.00, 1.00, 1.00, 1.00, 0.00, 1.00, 1.00, 1.00, 0.00, 0.00, 0.00, 1.00, 1.00, 0.00, 0.00, 0.00
218,  0,  7.233,  0.98,  1, 0.00, 0.00, 1.49, 0.00, 1.92, 3.03, 0.03, 1.64, 1.98, 2.56, 0.00, 0.24, 0.00, 0.17, 1.69, 0.42, 0.00, 0.00, 0.00, 1.00, 1.00, 1.00, 1.00, 0.00, 1.00, 1.00, 1.00, 0.00, 0.00, 0.00, 1.00, 1.00, 0.00, 0.00, 0.00
219,  0,  7.267,  0.98,  1, 0.00, 0.00, 1.57, 0.00, 1.96, 3.21, 0.04, 1.67, 1.99, 2.57, 0.00, 0.11, 0.00, 0.16, 1.72, 0.41, 0.00, 0.00, 0.00, 1.00, 1.00, 1.00, 1.00, 0.00, 1.00, 1.00, 1.00, 0.00, 0.00, 0.00, 1.00, 1.00, 0.00, 0.00, 0.00
220,  0,  7.300,  0.98,  1, 0.00, 0.00, 1.62, 0.00, 1.97, 3.43, 0.02, 1.69, 2.04, 2.49, 0.00, 0.14, 0.00, 0.16, 1.66, 0.37, 0.00, 0.00, 0.00, 1.00, 1.00, 1.00, 1.00, 0.00, 1.00, 1.00, 1.00, 0.00, 0.00, 0.00, 1.00, 1.00, 0.00, 0.00, 0.00
221,  0,  7.333,  0.98,  1, 0.00, 0.00, 1.66, 0.00, 1.97, 3.29, 0.05, 1.71, 2.01, 2.48, 0.00, 0.11, 0.00, 0.15, 1.72, 0.37, 0.00, 0.00, 0.00, 1.00, 1.00, 1.00, 1.00, 0.00, 1.00, 1.00, 1.00, 0.00, 0.00, 0.00, 1.00, 1.00, 0.00, 0.00, 0.00
222,  0,  7.367,  0.98,  1, 0.00, 0.00, 1.60, 0.02, 1.93, 3.16, 0.07, 1.67, 1.98, 2.40, 0.00, 0.13, 0.00, 0.14, 1.70, 0.29, 0.00, 0.00, 0.00, 1.00, 1.00, 1.00, 1.00, 0.00, 1.00, 1.00, 1.00, 0.00, 0.00, 0.00, 1.00, 1.00, 0.00, 0.00, 0.00
223,  0,  7.400,  0.98,  1, 0.00, 0.00, 1.46, 0.05, 1.91, 2.99, 0.06, 1.61, 1.93, 2.31, 0.00, 0.21, 0.00, 0.20, 1.80, 0.31, 0.00, 0.00, 0.00, 1.00, 1.00, 1.00, 1.00, 0.00, 1.00, 1.00, 1.00, 0.00, 0.00, 0.00, 1.00, 1.00, 0.00, 0.00, 0.00
224,  0,  7.433,  0.98,  1, 0.00, 0.00, 1.26, 0.09, 1.94, 3.00, 0.04, 1.54, 1.95, 2.22, 0.00, 0.29, 0.00, 0.27, 1.76, 0.33, 0.00, 0.00, 0.00, 1.00, 1.00, 1.00, 1.00, 0.00, 1.00, 1.00, 1.00, 0.00, 0.00, 0.00, 1.00, 1.00, 0.00, 0.00, 0.00
225,  0,  7.467,  0.98,  1, 0.00, 0.00, 1.11, 0.15, 1.97, 3.07, 0.04, 1.54, 1.98, 2.23, 0.00, 0.34, 0.00, 0.29, 1.83, 0.37, 0.00, 0.00, 0.00, 1.00, 1.00, 1.00, 1.00, 0.00, 1.00, 1.00, 1.00, 0.00, 0.00, 0.00, 1.00, 1.00, 0.00, 0.00, 0.00
226,  0,  7.500,  0.98,  1, 0.00, 0.00, 1.14, 0.12, 1.97, 3.01, 0.05, 1.55, 1.99, 2.20, 0.00, 0.23, 0.00, 0.22, 1.86, 0.42, 0.00, 0.00, 0.00, 1.00, 1.00, 1.00, 1.00, 0.00, 1.00, 1.00, 1.00, 0.00, 0.00, 0.00, 1.00, 1.00, 0.00, 0.00, 0.00
227,  0,  7.533,  0.98,  1, 0.00, 0.00, 1.18, 0.08, 1.93, 3.08, 0.06, 1.52, 1.93, 2.25, 0.00, 0.17, 0.00, 0.15, 1.92, 0.56, 0.00, 0.00, 0.00, 1.00, 1.00, 1.00, 1.00, 0.00, 1.00, 1.00, 1.00, 0.00, 0.00, 0.00, 1.00, 1.00, 0.00, 0.00, 0.00
228,  0,  7.567,  0.98,  1, 0.00, 0.00, 1.26, 0.00, 1.92, 2.90, 0.10, 1.45, 1.86, 2.12, 0.00, 0.07, 0.00, 0.16, 1.85, 0.60, 0.03, 0.00, 0.00, 1.00, 1.00, 1.00, 1.00, 0.00, 1.00, 1.00, 1.00, 0.00, 0.00, 0.00, 1.00, 1.00, 0.00, 0.00, 0.00
229,  0,  7.600,  0.98,  1, 0.00, 0.00, 1.19, 0.01, 1.93, 2.89, 0.08, 1.38, 1.81, 2.08, 0.00, 0.11, 0.00, 0.21, 1.81, 0.62, 0.03, 0.00, 0.00, 1.00, 1.00, 1.00, 1.00, 0.00, 1.00, 1.00, 1.00, 0.00, 0.00, 0.00, 1.00, 1.00, 0.00, 0.00, 0.00
230,  0,  7.633,  0.98,  1, 0.00, 0.00, 1.19, 0.04, 1.97, 2.68, 0.06, 1.47, 1.84, 1.97, 0.00, 0.04, 0.00, 0.27, 1.78, 0.49, 0.03, 0.00, 0.00, 1.00, 1.00, 1.00, 1.00, 0.00, 1.00, 1.00, 1.00, 0.00, 0.00, 0.00, 1.00, 1.00, 0.00, 0.00, 0.00
231,  0,  7.667,  0.98,  1, 0.00, 0.00, 1.18, 0.04, 1.99, 2.76, 0.06, 1.55, 1.85, 2.00, 0.00, 0.06, 0.00, 0.29, 1.80, 0.47, 0.00, 0.00, 0.00, 1.00, 1.00, 1.00, 1.00, 0.00, 1.00, 1.00, 1.00, 0.00, 0.00, 0.00, 1.00, 1.00, 0.00, 0.00, 0.00
232,  0,  7.700,  0.98,  1, 0.00, 0.00, 1.18, 0.02, 1.97, 2.66, 0.12, 1.63, 1.85, 1.97, 0.00, 0.02, 0.00, 0.32, 1.76, 0.50, 0.00, 0.00, 0.00, 1.00, 1.00, 1.00, 1.00, 0.00, 1.00, 1.00, 1.00, 0.00, 0.00, 0.00, 1.00, 1.00, 0.00, 0.00, 0.00
233,  0,  7.733,  0.98,  1, 0.00, 0.00, 1.12, 0.00, 1.94, 2.69, 0.13, 1.70, 1.82, 2.00, 0.00, 0.02, 0.00, 0.31, 1.66, 0.50, 0.01, 0.00, 0.00, 1.00, 1.00, 1.00, 1.00, 0.00, 1.00, 1.00, 1.00, 0.00, 0.00, 0.00, 1.00, 1.00, 0.00, 0.00, 0.00
234,  0,  7.767,  0.98,  1, 0.00, 0.00, 1.13, 0.00, 1.94, 2.54, 0.08, 1.78, 1.83, 2.07, 0.00, 0.00, 0.00, 0.31, 1.54, 0.47, 0.01, 0.00, 0.00, 1.00, 1.00, 1.00, 1.00, 0.00, 1.00, 1.00, 1.00, 0.00, 0.00, 0.00, 1.00, 1.00, 0.00, 0.00, 0.00
235,  0,  7.800,  0.98,  1, 0.00, 0.00, 1.12, 0.00, 1.95, 2.60, 0.02, 1.87, 1.89, 2.08, 0.00, 0.00, 0.00, 0.32, 1.48, 0.28, 0.09, 0.00, 0.00, 1.00, 1.00, 1.00, 1.00, 0.00, 1.00, 1.00, 1.00, 0.00, 0.00, 0.00, 1.00, 1.00, 0.00, 0.00, 0.00
236,  0,  7.833,  0.98,  1, 0.00, 0.00, 1.19, 0.00, 1.97, 2.65, 0.00, 1.81, 1.93, 2.13, 0.00, 0.04, 0.00, 0.36, 1.51, 0.17, 0.07, 0.00, 0.00, 1.00, 1.00, 1.00, 1.00, 0.00, 1.00, 1.00, 1.00, 0.00, 0.00, 0.00, 1.00, 1.00, 0.00, 0.00, 0.00
237,  0,  7.867,  0.98,  1, 0.00, 0.00, 1.21, 0.01, 1.96, 2.76, 0.00, 1.75, 1.91, 2.14, 0.00, 0.07, 0.00, 0.32, 1.69, 0.19, 0.07, 0.00, 0.00, 1.00, 1.00, 1.00, 1.00, 0.00, 1.00, 1.00, 1.00, 0.00, 0.00, 0.00, 1.00, 1.00, 0.00, 0.00, 0.00
238,  0,  7.900,  0.98,  1, 0.00, 0.00, 1.28, 0.01, 1.95, 2.88, 0.01, 1.71, 1.87, 2.19, 0.02, 0.07, 0.00, 0.30, 1.91, 0.34, 0.00, 0.00, 0.00, 1.00, 1.00, 1.00, 1.00, 0.00, 1.00, 1.00, 1.00, 0.00, 0.00, 0.00, 1.00, 1.00, 0.00, 0.00, 0.00
239,  0,  7.933,  0.98,  1, 0.00, 0.00, 1.26, 0.01, 1.97, 2.94, 0.01, 1.71, 1.87, 2.29, 0.02, 0.03, 0.00, 0.25, 2.09, 0.50, 0.00, 0.00, 0.00, 1.00, 1.00, 1.00, 1.00, 0.00, 1.00, 1.00, 1.00, 0.00, 0.00, 0.00, 1.00, 1.00, 0.00, 0.00, 0.00
240,  0,  7.967,  0.98,  1, 0.00, 0.00, 1.20, 0.00, 1.97, 3.13, 0.01, 1.70, 1.97, 2.30, 0.02, 0.00, 0.00, 0.27, 2.12, 0.50, 0.00, 0.00, 0.00, 1.00, 1.00, 1.00, 1.00, 0.00, 1.00, 1.00, 1.00, 0.00, 0.00, 0.00, 1.00, 1.00, 0.00, 0.00, 0.00
241,  0,  8.000,  0.98,  1, 0.00, 0.00, 1.18, 0.00, 1.94, 3.13, 0.00, 1.61, 2.05, 2.30, 0.00, 0.00, 0.00, 0.27, 2.01, 0.47, 0.00, 0.00, 0.00, 1.00, 1.00, 1.00, 1.00, 0.00, 1.00, 1.00, 1.00, 0.00, 0.00, 0.00, 1.00, 1.00, 0.00, 0.00, 0.00
242,  0,  8.033,  0.98,  1, 0.00, 0.00, 1.17, 0.00, 1.91, 3.11, 0.00, 1.54, 2.11, 2.27, 0.00, 0.05, 0.00, 0.26, 1.97, 0.43, 0.00, 0.00, 0.00, 1.00, 1.00, 1.00, 1.00, 0.00, 1.00, 1.00, 1.00, 0.00, 0.00, 0.00, 1.00, 1.00, 0.00, 0.00, 0.00
243,  0,  8.067,  0.98,  1, 0.00, 0.00, 1.21, 0.00, 1.89, 2.86, 0.00, 1.52, 2.13, 2.37, 0.00, 0.09, 0.00, 0.24, 2.07, 0.46, 0.00, 0.00, 0.00, 1.00, 1.00, 1.00, 1.00, 0.00, 1.00, 1.00, 1.00, 0.00, 0.00, 0.00, 1.00, 1.00, 0.00, 0.00, 0.00
244,  0,  8.100,  0.98,  1, 0.00, 0.00, 1.20, 0.00, 1.88, 2.70, 0.00, 1.56, 2.14, 2.46, 0.00, 0.16, 0.00, 0.22, 2.14, 0.50, 0.00, 0.00, 0.00, 1.00, 1.00, 1.00, 1.00, 0.00, 1.00, 1.00, 1.00, 0.00, 0.00, 0.00, 1.00, 1.00, 0.00, 0.00, 0.00
245,  0,  8.133,  0.98,  1, 0.00, 0.00, 1.18, 0.00, 1.87, 2.72, 0.00, 1.57, 2.18, 2.55, 0.00, 0.13, 0.00, 0.20, 2.13, 0.46, 0.00, 0.00, 0.00, 1.00, 1.00, 1.00, 1.00, 0.00, 1.00, 1.00, 1.00, 0.00, 0.00, 0.00, 1.00, 1.00, 0.00, 0.00, 0.00
246,  0,  8.167,  0.98,  1, 0.00, 0.00, 1.09, 0.01, 1.87, 2.79, 0.00, 1.59, 2.19, 2.57, 0.00, 0.14, 0.00, 0.20, 2.05, 0.36, 0.00, 0.00, 0.00, 1.00, 1.00, 1.00, 1.00, 0.00, 1.00, 1.00, 1.00, 0.00, 0.00, 0.00, 1.00, 1.00, 0.00, 0.00, 0.00
247,  0,  8.200,  0.98,  1, 0.00, 0.00, 1.07, 0.07, 1.95, 2.87, 0.00, 1.58, 2.22, 2.60, 0.00, 0.08, 0.00, 0.16, 2.07, 0.32, 0.01, 0.00, 0.00, 1.00, 1.00, 1.00, 1.00, 0.00, 1.00, 1.00, 1.00, 0.00, 0.00, 0.00, 1.00, 1.00, 0.00, 0.00, 0.00
248,  0,  8.233,  0.98,  1, 0.00, 0.00, 1.08, 0.07, 1.98, 2.80, 0.00, 1.55, 2.19, 2.61, 0.00, 0.06, 0.00, 0.12, 2.06, 0.28, 0.01, 0.00, 0.00, 1.00, 1.00, 1.00, 1.00, 0.00, 1.00, 1.00, 1.00, 0.00, 0.00, 0.00, 1.00, 1.00, 0.00, 0.00, 0.00
249,  0,  8.267,  0.98,  1, 0.00, 0.00, 1.11, 0.06, 2.05, 2.71, 0.00, 1.49, 2.19, 2.58, 0.00, 0.01, 0.00, 0.08, 2.03, 0.31, 0.01, 0.00, 0.00, 1.00, 1.00, 1.00, 1.00, 0.00, 1.00, 1.00, 1.00, 0.00, 0.00, 0.00, 1.00, 1.00, 0.00, 0.00, 0.00
250,  0,  8.300,  0.98,  1, 0.00, 0.00, 1.16, 0.04, 2.01, 2.67, 0.02, 1.37, 2.08, 2.38, 0.00, 0.00, 0.00, 0.07, 1.98, 0.22, 0.00, 0.00, 0.00, 1.00, 1.00, 1.00, 1.00, 0.00, 1.00, 1.00, 1.00, 0.00, 0.00, 0.00, 1.00, 1.00, 0.00, 0.00, 0.00
251,  0,  8.333,  0.98,  1, 0.00, 0.00, 1.18, 0.08, 1.97, 2.53, 0.02, 1.30, 2.03, 2.21, 0.00, 0.00, 0.00, 0.06, 1.97, 0.27, 0.00, 0.00, 0.00, 1.00, 1.00, 1.00, 1.00, 0.00, 1.00, 1.00, 1.00, 0.00, 0.00, 0.00, 1.00, 1.00, 0.00, 0.00, 0.00
252,  0,  8.367,  0.98,  1, 0.00, 0.09, 1.19, 0.08, 1.90, 2.51, 0.02, 1.27, 2.05, 2.14, 0.09, 0.07, 0.00, 0.08, 1.90, 0.25, 0.00, 0.00, 0.00, 1.00, 1.00, 1.00, 1.00, 0.00, 1.00, 1.00, 1.00, 0.00, 0.00, 0.00, 1.00, 1.00, 0.00, 0.00, 0.00
253,  0,  8.400,  0.98,  1, 0.00, 0.09, 1.24, 0.08, 1.88, 2.41, 0.00, 1.41, 2.16, 2.20, 0.21, 0.12, 0.00, 0.09, 1.88, 0.39, 0.00, 0.00, 0.00, 1.00, 1.00, 1.00, 1.00, 0.00, 1.00, 1.00, 1.00, 0.00, 0.00, 0.00, 1.00, 1.00, 0.00, 0.00, 0.00
254,  0,  8.433,  0.98,  1, 0.00, 0.09, 1.20, 0.04, 1.90, 2.30, 0.00, 1.53, 2.22, 2.18, 0.31, 0.13, 0.00, 0.07, 1.84, 0.45, 0.00, 0.00, 0.00, 1.00, 1.00, 1.00, 1.00, 0.00, 1.00, 1.00, 1.00, 0.00, 0.00, 0.00, 1.00, 1.00, 0.00, 0.00, 0.00
255,  0,  8.467,  0.98,  1, 0.00, 0.00, 1.16, 0.04, 1.93, 2.17, 0.00, 1.62, 2.22, 2.20, 0.32, 0.12, 0.00, 0.03, 1.89, 0.50, 0.00, 0.00, 0.00, 1.00, 1.00, 1.00, 1.00, 0.00, 1.00, 1.00, 1.00, 0.00, 0.00, 0.00, 1.00, 1.00, 0.00, 0.00, 0.00
256,  0,  8.500,  0.98,  1, 0.00, 0.00, 1.09, 0.00, 1.93, 2.14, 0.00, 1.56, 2.17, 2.14, 0.32, 0.08, 0.00, 0.00, 1.93, 0.49, 0.00, 0.00, 0.00, 1.00, 1.00, 1.00, 1.00, 0.00, 1.00, 1.00, 1.00, 0.00, 0.00, 0.00, 1.00, 1.00, 0.00, 0.00, 0.00
257,  0,  8.533,  0.98,  1, 0.00, 0.00, 1.13, 0.00, 1.93, 2.24, 0.00, 1.58, 2.17, 2.14, 0.37, 0.10, 0.00, 0.00, 1.93, 0.48, 0.00, 0.00, 0.00, 1.00, 1.00, 1.00, 1.00, 0.00, 1.00, 1.00, 1.00, 0.00, 0.00, 0.00, 1.00, 1.00, 0.00, 0.00, 0.00
258,  0,  8.567,  0.98,  1, 0.00, 0.00, 1.17, 0.00, 1.93, 2.33, 0.00, 1.59, 2.17, 2.08, 0.42, 0.06, 0.00, 0.00, 1.96, 0.46, 0.00, 0.00, 0.00, 1.00, 1.00, 1.00, 1.00, 0.00, 1.00, 1.00, 1.00, 0.00, 0.00, 0.00, 1.00, 1.00, 0.00, 0.00, 0.00
259,  0,  8.600,  0.98,  1, 0.00, 0.00, 1.25, 0.03, 1.92, 2.26, 0.00, 1.61, 2.20, 2.07, 0.32, 0.08, 0.00, 0.00, 1.89, 0.55, 0.00, 0.00, 0.00, 1.00, 1.00, 1.00, 1.00, 0.00, 1.00, 1.00, 1.00, 0.00, 0.00, 0.00, 0.00, 1.00, 0.00, 0.00, 0.00
260,  0,  8.633,  0.98,  1, 0.00, 0.00, 1.32, 0.03, 1.92, 2.21, 0.00, 1.59, 2.17, 2.09, 0.26, 0.05, 0.00, 0.00, 1.90, 0.47, 0.00, 0.00, 0.00, 1.00, 1.00, 1.00, 1.00, 0.00, 1.00, 1.00, 1.00, 0.00, 0.00, 0.00, 0.00, 1.00, 0.00, 0.00, 0.00
261,  0,  8.667,  0.98,  1, 0.00, 0.00, 1.39, 0.19, 1.86, 2.09, 0.00, 1.56, 2.15, 2.12, 0.18, 0.03, 0.00, 0.00, 1.87, 0.44, 0.00, 0.00, 0.00, 1.00, 1.00, 1.00, 1.00, 0.00, 1.00, 1.00, 1.00, 0.00, 0.00, 0.00, 0.00, 1.00, 0.00, 0.00, 0.00
262,  0,  8.700,  0.98,  1, 0.00, 0.00, 1.39, 0.16, 1.89, 2.16, 0.06, 1.46, 2.11, 2.14, 0.30, 0.00, 0.00, 0.01, 1.91, 0.29, 0.00, 0.00, 0.00, 1.00, 1.00, 1.00, 1.00, 0.00, 1.00, 1.00, 1.00, 0.00, 0.00, 0.00, 0.00, 1.00, 0.00, 0.00, 0.00
263,  0,  8.733,  0.98,  1, 0.00, 0.00, 1.36, 0.16, 1.91, 2.37, 0.06, 1.43, 2.12, 2.14, 0.33, 0.00, 0.00, 0.05, 1.94, 0.42, 0.00, 0.00, 0.00, 1.00, 1.00, 1.00, 1.00, 0.00, 1.00, 1.00, 1.00, 0.00, 0.00, 0.00, 0.00, 1.00, 0.00, 0.00, 0.00
264,  0,  8.767,  0.98,  1, 0.00, 0.00, 1.34, 0.04, 1.93, 2.61, 0.06, 1.37, 2.10, 2.08, 0.37, 0.12, 0.03, 0.09, 1.81, 0.46, 0.03, 0.00, 0.00, 1.00, 1.00, 1.00, 1.00, 0.00, 1.00, 1.00, 1.00, 0.00, 0.00, 0.00, 0.00, 1.00, 0.00, 0.00, 0.00
265,  0,  8.800,  0.98,  1, 0.00, 0.00, 1.41, 0.13, 1.92, 2.68, 0.00, 1.43, 2.14, 2.09, 0.32, 0.19, 0.03, 0.10, 1.70, 0.43, 0.05, 0.00, 0.00, 1.00, 1.00, 1.00, 1.00, 0.00, 1.00, 1.00, 1.00, 0.00, 0.00, 0.00, 0.00, 1.00, 0.00, 0.00, 0.00
266,  0,  8.833,  0.98,  1, 0.00, 0.06, 1.44, 0.20, 1.89, 2.67, 0.00, 1.42, 2.20, 2.06, 0.31, 0.23, 0.03, 0.07, 1.61, 0.27, 0.05, 0.00, 0.00, 1.00, 1.00, 1.00, 1.00, 0.00, 1.00, 1.00, 1.00, 0.00, 0.00, 0.00, 0.00, 1.00, 0.00, 0.00, 0.00
267,  0,  8.867,  0.98,  1, 0.00, 0.10, 1.45, 0.25, 1.97, 2.84, 0.00, 1.43, 2.24, 2.07, 0.33, 0.18, 0.00, 0.05, 1.65, 0.25, 0.04, 0.00, 0.00, 1.00, 1.00, 1.00, 1.00, 0.00, 1.00, 1.00, 1.00, 0.00, 0.00, 0.00, 0.00, 1.00, 0.00, 0.00, 0.00
268,  0,  8.900,  0.98,  1, 0.00, 0.15, 1.33, 0.16, 2.03, 2.85, 0.02, 1.45, 2.27, 2.10, 0.42, 0.21, 0.00, 0.05, 1.59, 0.23, 0.02, 0.00, 0.00, 1.00, 1.00, 1.00, 1.00, 0.00, 1.00, 1.00, 1.00, 0.00, 0.00, 0.00, 0.00, 1.00, 0.00, 0.00, 0.00
269,  0,  8.933,  0.98,  1, 0.00, 0.13, 1.29, 0.13, 2.08, 2.96, 0.03, 1.40, 2.25, 2.10, 0.48, 0.35, 0.00, 0.08, 1.52, 0.25, 0.02, 0.00, 0.00, 1.00, 1.00, 1.00, 1.00, 0.00, 1.00, 1.00, 1.00, 0.00, 0.00, 0.00, 0.00, 1.00, 0.00, 0.00, 0.00
270,  0,  8.967,  0.98,  1, 0.00, 0.08, 1.28, 0.15, 2.07, 2.78, 0.06, 1.37, 2.25, 2.10, 0.48, 0.46, 0.00, 0.07, 1.51, 0.23, 0.00, 0.00, 0.00, 1.00, 1.00, 1.00, 1.00, 0.00, 1.00, 1.00, 1.00, 0.00, 0.00, 0.00, 0.00, 1.00, 0.00, 0.00, 0.00
271,  0,  9.000,  0.98,  1, 0.00, 0.03, 1.36, 0.19, 2.05, 2.88, 0.07, 1.28, 2.21, 2.09, 0.46, 0.46, 0.00, 0.04, 1.61, 0.24, 0.06, 0.00, 0.00, 1.00, 1.00, 1.00, 1.00, 0.00, 1.00, 1.00, 1.00, 0.00, 0.00, 0.00, 0.00, 1.00, 0.00, 0.00, 0.00
272,  0,  9.033,  0.98,  1, 0.00, 0.00, 1.41, 0.19, 2.03, 2.86, 0.05, 1.24, 2.18, 2.15, 0.43, 0.33, 0.00, 0.00, 1.65, 0.18, 0.08, 0.00, 0.00, 1.00, 1.00, 1.00, 1.00, 0.00, 1.00, 1.00, 1.00, 0.00, 0.00, 0.00, 0.00, 1.00, 0.00, 0.00, 0.00
273,  0,  9.067,  0.98,  1, 0.00, 0.00, 1.48, 0.09, 2.01, 2.95, 0.02, 1.21, 2.16, 2.21, 0.41, 0.24, 0.00, 0.00, 1.67, 0.11, 0.08, 0.00, 0.00, 1.00, 1.00, 1.00, 1.00, 0.00, 1.00, 1.00, 1.00, 0.00, 0.00, 0.00, 0.00, 1.00, 0.00, 0.00, 0.00
274,  0,  9.100,  0.98,  1, 0.00, 0.00, 1.54, 0.08, 1.99, 2.92, 0.02, 1.24, 2.19, 2.18, 0.33, 0.31, 0.00, 0.00, 1.70, 0.19, 0.02, 0.00, 0.00, 1.00, 1.00, 1.00, 1.00, 0.00, 1.00, 1.00, 1.00, 0.00, 0.00, 0.00, 0.00, 1.00, 0.00, 0.00, 0.00
275,  0,  9.133,  0.98,  1, 0.00, 0.00, 1.61, 0.03, 1.98, 2.94, 0.02, 1.26, 2.21, 2.17, 0.22, 0.38, 0.00, 0.02, 1.75, 0.28, 0.00, 0.00, 0.00, 1.00, 1.00, 1.00, 1.00, 0.00, 1.00, 1.00, 1.00, 0.00, 0.00, 0.00, 0.00, 1.00, 0.00, 0.00, 0.00
276,  0,  9.167,  0.98,  1, 0.00, 0.00, 1.55, 0.03, 1.89, 2.93, 0.03, 1.28, 2.22, 2.13, 0.10, 0.32, 0.00, 0.02, 1.74, 0.32, 0.00, 0.00, 0.00, 1.00, 1.00, 1.00, 1.00, 0.00, 1.00, 1.00, 1.00, 0.00, 0.00, 0.00, 0.00, 1.00, 0.00, 0.00, 0.00
277,  0,  9.200,  0.98,  1, 0.00, 0.00, 1.46, 0.00, 1.81, 3.01, 0.03, 1.23, 2.18, 2.12, 0.03, 0.17, 0.00, 0.02, 1.69, 0.30, 0.00, 0.00, 0.00, 1.00, 1.00, 1.00, 1.00, 0.00, 1.00, 1.00, 1.00, 0.00, 0.00, 0.00, 0.00, 1.00, 0.00, 0.00, 0.00
278,  0,  9.233,  0.98,  1, 0.00, 0.00, 1.39, 0.07, 1.69, 2.91, 0.06, 1.22, 2.16, 2.09, 0.02, 0.05, 0.00, 0.02, 1.62, 0.23, 0.00, 0.00, 0.00, 1.00, 1.00, 1.00, 1.00, 0.00, 1.00, 1.00, 1.00, 0.00, 0.00, 0.00, 0.00, 1.00, 0.00, 0.00, 0.00
279,  0,  9.267,  0.98,  1, 0.00, 0.00, 1.40, 0.07, 1.72, 2.85, 0.09, 1.28, 2.06, 2.08, 0.02, 0.02, 0.00, 0.03, 1.77, 0.26, 0.00, 0.00, 0.00, 1.00, 1.00, 1.00, 1.00, 0.00, 1.00, 1.00, 1.00, 0.00, 0.00, 0.00, 0.00, 1.00, 0.00, 0.00, 0.00
280,  0,  9.300,  0.98,  1, 0.00, 0.00, 1.45, 0.07, 1.76, 2.67, 0.07, 1.40, 1.97, 2.15, 0.02, 0.00, 0.00, 0.05, 1.93, 0.23, 0.00, 0.00, 0.00, 1.00, 1.00, 1.00, 1.00, 0.00, 1.00, 1.00, 1.00, 0.00, 0.00, 0.00, 0.00, 1.00, 0.00, 0.00, 0.00
281,  0,  9.333,  0.98,  1, 0.00, 0.00, 1.37, 0.04, 1.81, 2.54, 0.04, 1.54, 1.85, 2.15, 0.00, 0.00, 0.00, 0.11, 2.14, 0.29, 0.00, 0.00, 0.00, 1.00, 1.00, 1.00, 1.00, 0.00, 1.00, 1.00, 1.00, 0.00, 0.00, 0.00, 0.00, 1.00, 1.00, 0.00, 0.00
282,  0,  9.367,  0.98,  1, 0.00, 0.00, 1.20, 0.04, 1.80, 2.37, 0.00, 1.52, 1.78, 2.09, 0.00, 0.00, 0.05, 0.20, 2.22, 0.33, 0.00, 0.00, 0.00, 0.00, 1.00, 1.00, 1.00, 0.00, 1.00, 1.00, 1.00, 0.00, 0.00, 0.00, 0.00, 1.00, 1.00, 0.00, 0.00
283,  0,  9.400,  0.98,  1, 0.00, 0.00, 1.01, 0.04, 1.79, 2.14, 0.00, 1.51, 1.73, 1.93, 0.00, 0.00, 0.08, 0.27, 2.20, 0.42, 0.00, 0.00, 0.00, 0.00, 1.00, 1.00, 1.00, 0.00, 1.00, 1.00, 1.00, 0.00, 0.00, 0.00, 0.00, 1.00, 1.00, 0.00, 0.00
284,  0,  9.433,  0.98,  1, 0.00, 0.00, 0.94, 0.01, 1.79, 1.99, 0.00, 1.53, 1.67, 1.73, 0.00, 0.00, 0.08, 0.27, 2.25, 0.54, 0.00, 0.00, 0.00, 0.00, 1.00, 1.00, 1.00, 0.00, 1.00, 1.00, 1.00, 0.00, 0.00, 0.00, 0.00, 1.00, 1.00, 0.00, 0.00
285,  0,  9.467,  0.98,  1, 0.00, 0.00, 0.98, 0.01, 1.79, 1.89, 0.00, 1.53, 1.63, 1.54, 0.00, 0.00, 0.05, 0.24, 2.23, 0.57, 0.00, 0.00, 0.00, 0.00, 1.00, 1.00, 1.00, 0.00, 1.00, 1.00, 1.00, 0.00, 0.00, 0.00, 0.00, 1.00, 1.00, 0.00, 1.00
286,  0,  9.500,  0.98,  1, 0.00, 0.00, 1.08, 0.00, 1.77, 1.83, 0.00, 1.51, 1.62, 1.35, 0.00, 0.00, 0.04, 0.17, 2.37, 0.47, 0.00, 0.00, 0.00, 1.00, 1.00, 1.00, 1.00, 0.00, 1.00, 1.00, 1.00, 0.00, 0.00, 0.00, 0.00, 1.00, 1.00, 0.00, 1.00
287,  0,  9.533,  0.98,  1, 0.00, 0.00, 1.18, 0.00, 1.75, 1.88, 0.00, 1.43, 1.64, 1.23, 0.00, 0.00, 0.04, 0.09, 2.36, 0.39, 0.00, 0.00, 0.00, 1.00, 1.00, 1.00, 1.00, 0.00, 1.00, 1.00, 1.00, 0.00, 0.00, 0.00, 0.00, 1.00, 1.00, 0.00, 1.00
288,  0,  9.567,  0.98,  1, 0.00, 0.00, 1.27, 0.00, 1.74, 2.06, 0.00, 1.37, 1.66, 1.20, 0.00, 0.00, 0.03, 0.01, 2.31, 0.41, 0.00, 0.00, 0.00, 1.00, 1.00, 1.00, 1.00, 0.00, 1.00, 1.00, 1.00, 0.00, 0.00, 0.00, 0.00, 1.00, 1.00, 0.00, 1.00
289,  0,  9.600,  0.98,  1, 0.00, 0.00, 1.27, 0.00, 1.70, 2.27, 0.00, 1.34, 1.66, 1.28, 0.00, 0.00, 0.01, 0.00, 2.14, 0.49, 0.00, 0.00, 0.00, 1.00, 1.00, 1.00, 1.00, 0.00, 1.00, 1.00, 1.00, 0.00, 0.00, 0.00, 0.00, 1.00, 1.00, 0.00, 1.00
290,  0,  9.633,  0.98,  1, 0.00, 0.00, 1.31, 0.00, 1.66, 2.39, 0.00, 1.35, 1.69, 1.40, 0.00, 0.00, 0.01, 0.00, 2.00, 0.44, 0.00, 0.00, 0.00, 1.00, 1.00, 1.00, 1.00, 0.00, 1.00, 1.00, 1.00, 0.00, 0.00, 0.00, 0.00, 1.00, 1.00, 0.00, 1.00
291,  0,  9.667,  0.98,  1, 0.00, 0.00, 1.34, 0.00, 1.64, 2.43, 0.00, 1.34, 1.76, 1.47, 0.00, 0.00, 0.01, 0.00, 1.97, 0.37, 0.00, 0.00, 0.00, 1.00, 1.00, 1.00, 1.00, 0.00, 1.00, 1.00, 1.00, 0.00, 0.00, 0.00, 0.00, 1.00, 1.00, 0.00, 1.00
292,  0,  9.700,  0.98,  1, 0.00, 0.00, 1.39, 0.00, 1.72, 2.61, 0.00, 1.28, 1.85, 1.53, 0.00, 0.00, 0.01, 0.00, 2.01, 0.34, 0.00, 0.00, 0.00, 1.00, 1.00, 1.00, 1.00, 0.00, 1.00, 1.00, 1.00, 0.00, 0.00, 0.00, 0.00, 1.00, 1.00, 0.00, 1.00
293,  0,  9.733,  0.98,  1, 0.00, 0.00, 1.42, 0.00, 1.79, 2.66, 0.00, 1.19, 1.86, 1.48, 0.00, 0.00, 0.06, 0.00, 2.03, 0.34, 0.00, 0.00, 0.00, 1.00, 1.00, 1.00, 1.00, 0.00, 1.00, 1.00, 1.00, 0.00, 0.00, 0.00, 0.00, 1.00, 1.00, 0.00, 1.00
294,  0,  9.767,  0.98,  1, 0.00, 0.00, 1.42, 0.00, 1.81, 2.76, 0.00, 1.16, 1.88, 1.44, 0.00, 0.00, 0.14, 0.00, 2.07, 0.36, 0.00, 0.00, 0.00, 1.00, 1.00, 1.00, 1.00, 0.00, 1.00, 1.00, 1.00, 0.00, 0.00, 0.00, 0.00, 1.00, 1.00, 0.00, 1.00
295,  0,  9.800,  0.98,  1, 0.00, 0.00, 1.49, 0.00, 1.76, 2.80, 0.00, 1.17, 1.85, 1.35, 0.00, 0.00, 0.23, 0.00, 2.07, 0.39, 0.00, 0.00, 0.00, 1.00, 1.00, 1.00, 1.00, 0.00, 1.00, 1.00, 1.00, 0.00, 0.00, 0.00, 0.00, 1.00, 1.00, 0.00, 1.00
296,  0,  9.833,  0.98,  1, 0.00, 0.00, 1.48, 0.00, 1.73, 2.84, 0.00, 1.20, 1.88, 1.36, 0.00, 0.03, 0.28, 0.02, 2.09, 0.43, 0.00, 0.00, 0.00, 1.00, 1.00, 1.00, 1.00, 0.00, 1.00, 1.00, 1.00, 0.00, 0.00, 0.00, 0.00, 1.00, 1.00, 0.00, 1.00
297,  0,  9.867,  0.98,  1, 0.00, 0.00, 1.50, 0.00, 1.81, 2.78, 0.00, 1.26, 1.93, 1.34, 0.00, 0.03, 0.30, 0.06, 2.10, 0.47, 0.00, 0.00, 0.00, 1.00, 1.00, 1.00, 1.00, 0.00, 1.00, 1.00, 1.00, 0.00, 0.00, 0.00, 0.00, 1.00, 1.00, 0.00, 1.00
298,  0,  9.900,  0.98,  1, 0.00, 0.00, 1.48, 0.00, 1.88, 2.80, 0.00, 1.19, 1.98, 1.37, 0.00, 0.05, 0.23, 0.08, 2.15, 0.57, 0.00, 0.00, 0.00, 1.00, 1.00, 1.00, 1.00, 0.00, 1.00, 1.00, 1.00, 0.00, 0.00, 0.00, 0.00, 1.00, 1.00, 0.00, 1.00
299,  0,  9.933,  0.98,  1, 0.00, 0.00, 1.50, 0.00, 1.91, 2.83, 0.00, 1.19, 2.03, 1.39, 0.00, 0.02, 0.12, 0.06, 2.23, 0.62, 0.00, 0.00, 0.00, 1.00, 1.00, 1.00, 1.00, 0.00, 1.00, 1.00, 1.00, 0.00, 0.00, 0.00, 0.00, 1.00, 1.00, 0.00, 1.00
300,  0,  9.967,  0.98,  1, 0.00, 0.00, 1.65, 0.00, 1.89, 2.93, 0.00, 1.19, 2.07, 1.44, 0.00, 0.02, 0.08, 0.02, 2.26, 0.61, 0.00, 0.00, 0.00, 1.00, 1.00, 1.00, 1.00, 0.00, 1.00, 1.00, 1.00, 0.00, 0.00, 0.00, 0.00, 1.00, 1.00, 0.00, 1.00
301,  0,  10.000,  0.98,  1, 0.00, 0.00, 1.70, 0.00, 1.87, 2.83, 0.00, 1.25, 2.15, 1.50, 0.00, 0.00, 0.08, 0.00, 2.25, 0.56, 0.00, 0.00, 0.00, 1.00, 1.00, 1.00, 1.00, 0.00, 1.00, 1.00, 1.00, 0.00, 0.00, 0.00, 0.00, 1.00, 1.00, 0.00, 1.00
302,  0,  10.033,  0.98,  1, 0.00, 0.00, 1.75, 0.00, 1.89, 2.95, 0.00, 1.23, 2.17, 1.56, 0.00, 0.00, 0.12, 0.00, 2.13, 0.60, 0.00, 0.00, 0.00, 1.00, 1.00, 1.00, 1.00, 0.00, 1.00, 1.00, 1.00, 0.00, 0.00, 0.00, 0.00, 1.00, 1.00, 0.00, 1.00
303,  0,  10.067,  0.98,  1, 0.00, 0.00, 1.72, 0.00, 1.97, 2.98, 0.00, 1.20, 2.15, 1.59, 0.00, 0.00, 0.10, 0.00, 2.06, 0.71, 0.00, 0.00, 0.00, 1.00, 1.00, 1.00, 1.00, 0.00, 1.00, 1.00, 1.00, 0.00, 0.00, 0.00, 0.00, 1.00, 1.00, 0.00, 1.00
304,  0,  10.100,  0.98,  1, 0.00, 0.00, 1.67, 0.00, 2.04, 3.12, 0.00, 1.23, 2.12, 1.58, 0.00, 0.00, 0.16, 0.00, 2.00, 0.85, 0.00, 0.00, 0.00, 1.00, 1.00, 1.00, 1.00, 0.00, 1.00, 1.00, 1.00, 0.00, 0.00, 0.00, 0.00, 1.00, 1.00, 0.00, 1.00
305,  0,  10.133,  0.98,  1, 0.00, 0.00, 1.67, 0.00, 2.12, 3.22, 0.00, 1.22, 2.12, 1.60, 0.00, 0.00, 0.15, 0.00, 2.02, 0.86, 0.01, 0.00, 0.00, 1.00, 1.00, 1.00, 1.00, 0.00, 1.00, 1.00, 1.00, 0.00, 0.00, 0.00, 0.00, 1.00, 1.00, 0.00, 1.00
306,  0,  10.167,  0.98,  1, 0.00, 0.00, 1.58, 0.00, 2.11, 3.23, 0.00, 1.27, 2.16, 1.70, 0.00, 0.00, 0.10, 0.00, 2.01, 0.71, 0.14, 0.00, 0.00, 1.00, 1.00, 1.00, 1.00, 0.00, 1.00, 1.00, 1.00, 0.00, 0.00, 0.00, 0.00, 1.00, 1.00, 0.00, 1.00
307,  0,  10.200,  0.98,  1, 0.00, 0.01, 1.51, 0.03, 2.08, 3.14, 0.00, 1.21, 2.13, 1.70, 0.00, 0.00, 0.02, 0.00, 1.92, 0.50, 0.30, 0.00, 0.00, 1.00, 1.00, 1.00, 1.00, 0.00, 1.00, 1.00, 1.00, 0.00, 0.00, 0.00, 0.00, 1.00, 1.00, 0.00, 1.00
308,  0,  10.233,  0.98,  1, 0.00, 0.01, 1.46, 0.03, 2.05, 3.13, 0.00, 1.24, 2.14, 1.68, 0.00, 0.00, 0.00, 0.00, 1.77, 0.37, 0.28, 0.00, 0.00, 1.00, 1.00, 1.00, 1.00, 0.00, 1.00, 1.00, 1.00, 0.00, 0.00, 0.00, 0.00, 1.00, 1.00, 0.00, 1.00
309,  0,  10.267,  0.98,  1, 0.00, 0.01, 1.41, 0.03, 2.05, 3.23, 0.00, 1.20, 2.12, 1.62, 0.00, 0.00, 0.00, 0.00, 1.66, 0.42, 0.25, 0.00, 0.00, 1.00, 1.00, 1.00, 1.00, 0.00, 1.00, 1.00, 1.00, 0.00, 0.00, 0.00, 0.00, 1.00, 1.00, 0.00, 1.00
310,  0,  10.300,  0.98,  1, 0.00, 0.00, 1.49, 0.00, 2.17, 3.34, 0.00, 1.19, 2.20, 1.55, 0.02, 0.00, 0.00, 0.00, 1.63, 0.47, 0.19, 0.00, 0.00, 1.00, 1.00, 1.00, 1.00, 0.00, 1.00, 1.00, 1.00, 0.00, 0.00, 0.00, 0.00, 1.00, 1.00, 0.00, 1.00
311,  0,  10.333,  0.98,  1, 0.00, 0.00, 1.47, 0.00, 2.26, 3.39, 0.00, 1.14, 2.25, 1.57, 0.02, 0.00, 0.00, 0.00, 1.61, 0.45, 0.20, 0.00, 0.00, 1.00, 1.00, 1.00, 1.00, 0.00, 1.00, 1.00, 1.00, 0.00, 0.00, 0.00, 0.00, 1.00, 1.00, 0.00, 1.00
312,  0,  10.367,  0.98,  1, 0.00, 0.00, 1.45, 0.00, 2.31, 3.28, 0.00, 0.97, 2.26, 1.54, 0.05, 0.00, 0.00, 0.00, 1.51, 0.27, 0.23, 0.00, 0.00, 1.00, 1.00, 1.00, 1.00, 0.00, 1.00, 1.00, 1.00, 0.00, 0.00, 0.00, 0.00, 1.00, 1.00, 0.00, 1.00
313,  0,  10.400,  0.98,  1, 0.00, 0.00, 1.39, 0.00, 2.21, 3.17, 0.00, 0.82, 2.19, 1.56, 0.10, 0.00, 0.00, 0.00, 1.42, 0.12, 0.25, 0.00, 0.00, 1.00, 1.00, 1.00, 1.00, 0.00, 1.00, 1.00, 1.00, 0.00, 0.00, 0.00, 0.00, 1.00, 0.00, 0.00, 0.00
314,  0,  10.433,  0.98,  1, 0.00, 0.00, 1.44, 0.00, 2.09, 2.86, 0.00, 0.65, 2.19, 1.54, 0.10, 0.00, 0.00, 0.00, 1.39, 0.00, 0.31, 0.00, 0.00, 1.00, 1.00, 1.00, 1.00, 0.00, 1.00, 1.00, 1.00, 0.00, 0.00, 0.00, 0.00, 1.00, 0.00, 0.00, 0.00
315,  0,  10.467,  0.98,  1, 0.00, 0.00, 1.55, 0.00, 2.06, 2.77, 0.00, 0.72, 2.28, 1.54, 0.07, 0.00, 0.00, 0.00, 1.32, 0.00, 0.28, 0.00, 0.00, 1.00, 1.00, 1.00, 1.00, 0.00, 1.00, 1.00, 1.00, 0.00, 0.00, 0.00, 0.00, 1.00, 0.00, 0.00, 0.00
316,  0,  10.500,  0.98,  1, 0.00, 0.00, 1.57, 0.00, 2.07, 2.72, 0.06, 0.80, 2.36, 1.54, 0.00, 0.00, 0.00, 0.00, 1.28, 0.00, 0.16, 0.00, 0.00, 1.00, 1.00, 1.00, 1.00, 0.00, 1.00, 1.00, 1.00, 0.00, 0.00, 0.00, 0.00, 1.00, 0.00, 0.00, 0.00
317,  0,  10.533,  0.98,  1, 0.00, 0.00, 1.64, 0.00, 2.10, 2.73, 0.06, 0.94, 2.41, 1.47, 0.00, 0.00, 0.00, 0.00, 1.29, 0.00, 0.13, 0.00, 0.00, 1.00, 1.00, 1.00, 1.00, 0.00, 1.00, 1.00, 1.00, 0.00, 0.00, 0.00, 0.00, 1.00, 0.00, 0.00, 0.00
318,  0,  10.567,  0.98,  1, 0.00, 0.00, 1.61, 0.00, 2.14, 2.80, 0.06, 0.93, 2.39, 1.44, 0.00, 0.00, 0.00, 0.00, 1.37, 0.10, 0.05, 0.00, 0.00, 1.00, 1.00, 1.00, 1.00, 0.00, 1.00, 1.00, 1.00, 0.00, 0.00, 0.00, 0.00, 1.00, 0.00, 0.00, 0.00
319,  0,  10.600,  0.98,  1, 0.00, 0.00, 1.72, 0.00, 2.19, 2.70, 0.00, 1.05, 2.37, 1.48, 0.00, 0.00, 0.00, 0.00, 1.53, 0.10, 0.07, 0.00, 0.00, 1.00, 1.00, 1.00, 1.00, 0.00, 1.00, 1.00, 1.00, 0.00, 0.00, 0.00, 0.00, 1.00, 1.00, 0.00, 0.00
320,  0,  10.633,  0.98,  1, 0.00, 0.00, 1.70, 0.00, 2.25, 2.78, 0.00, 1.18, 2.32, 1.55, 0.00, 0.00, 0.00, 0.00, 1.69, 0.15, 0.02, 0.00, 0.00, 1.00, 1.00, 1.00, 1.00, 0.00, 1.00, 1.00, 1.00, 0.00, 0.00, 0.00, 0.00, 1.00, 1.00, 0.00, 0.00
321,  0,  10.667,  0.98,  1, 0.00, 0.00, 1.75, 0.00, 2.28, 2.91, 0.00, 1.34, 2.29, 1.52, 0.00, 0.00, 0.00, 0.00, 1.90, 0.16, 0.02, 0.00, 0.00, 1.00, 1.00, 1.00, 1.00, 0.00, 1.00, 1.00, 1.00, 0.00, 0.00, 0.00, 0.00, 1.00, 1.00, 0.00, 0.00
322,  0,  10.700,  0.98,  1, 0.00, 0.00, 1.66, 0.00, 2.28, 3.10, 0.00, 1.39, 2.31, 1.48, 0.00, 0.00, 0.00, 0.02, 1.99, 0.32, 0.00, 0.00, 0.00, 1.00, 1.00, 1.00, 1.00, 0.00, 1.00, 1.00, 1.00, 0.00, 0.00, 0.00, 0.00, 1.00, 1.00, 0.00, 0.00
323,  0,  10.733,  0.98,  1, 0.00, 0.00, 1.60, 0.00, 2.27, 3.24, 0.00, 1.38, 2.28, 1.42, 0.00, 0.00, 0.00, 0.02, 2.02, 0.34, 0.00, 0.00, 0.00, 1.00, 1.00, 1.00, 1.00, 0.00, 1.00, 1.00, 1.00, 0.00, 0.00, 0.00, 0.00, 1.00, 1.00, 0.00, 0.00
324,  0,  10.767,  0.98,  1, 0.00, 0.00, 1.52, 0.00, 2.27, 3.12, 0.00, 1.34, 2.29, 1.48, 0.00, 0.00, 0.00, 0.02, 1.95, 0.34, 0.00, 0.00, 0.00, 1.00, 1.00, 1.00, 1.00, 0.00, 1.00, 1.00, 1.00, 0.00, 0.00, 0.00, 0.00, 1.00, 1.00, 0.00, 0.00
325,  0,  10.800,  0.98,  1, 0.00, 0.00, 1.50, 0.00, 2.25, 3.12, 0.00, 1.30, 2.26, 1.47, 0.00, 0.00, 0.00, 0.00, 1.91, 0.29, 0.00, 0.00, 0.00, 1.00, 1.00, 1.00, 1.00, 0.00, 1.00, 1.00, 1.00, 0.00, 0.00, 0.00, 0.00, 1.00, 1.00, 0.00, 0.00
326,  0,  10.833,  0.98,  1, 0.00, 0.00, 1.59, 0.00, 2.19, 3.10, 0.02, 1.30, 2.26, 1.41, 0.00, 0.00, 0.00, 0.00, 1.87, 0.37, 0.23, 0.00, 0.00, 1.00, 1.00, 1.00, 1.00, 0.00, 1.00, 1.00, 1.00, 0.00, 0.00, 0.00, 0.00, 1.00, 1.00, 0.00, 0.00
327,  0,  10.867,  0.98,  1, 0.00, 0.00, 1.69, 0.00, 2.09, 3.07, 0.02, 1.26, 2.21, 1.43, 0.00, 0.00, 0.00, 0.00, 2.04, 0.39, 0.90, 0.00, 0.00, 1.00, 1.00, 1.00, 1.00, 0.00, 1.00, 1.00, 1.00, 0.00, 0.00, 0.00, 0.00, 1.00, 1.00, 0.00, 1.00
328,  0,  10.900,  0.93,  1, 0.00, 0.00, 1.80, 0.03, 1.98, 2.77, 0.02, 1.33, 2.22, 1.47, 0.00, 0.00, 0.00, 0.00, 2.09, 0.42, 1.79, 0.00, 0.00, 1.00, 1.00, 1.00, 1.00, 0.00, 1.00, 1.00, 1.00, 0.00, 0.00, 0.00, 0.00, 1.00, 1.00, 0.00, 1.00
329,  0,  10.933,  0.93,  1, 0.00, 0.00, 1.79, 0.14, 1.90, 2.42, 0.00, 1.34, 2.27, 1.63, 0.00, 0.00, 0.00, 0.00, 2.17, 0.37, 2.48, 0.00, 0.00, 1.00, 1.00, 1.00, 1.00, 0.00, 1.00, 1.00, 1.00, 0.00, 0.00, 0.00, 0.00, 1.00, 1.00, 0.00, 1.00
330,  0,  10.967,  0.93,  1, 0.00, 0.00, 1.78, 0.14, 1.91, 2.25, 0.00, 1.44, 2.27, 1.64, 0.00, 0.00, 0.00, 0.00, 2.09, 0.35, 2.59, 0.00, 0.00, 1.00, 1.00, 1.00, 1.00, 0.00, 1.00, 1.00, 1.00, 0.00, 0.00, 0.00, 0.00, 1.00, 1.00, 0.00, 1.00
331,  0,  11.000,  0.93,  1, 0.00, 0.00, 1.68, 0.10, 2.03, 2.52, 0.05, 1.55, 2.21, 1.86, 0.00, 0.00, 0.00, 0.00, 2.05, 0.27, 2.31, 0.00, 0.00, 1.00, 1.00, 1.00, 1.00, 0.00, 1.00, 1.00, 1.00, 0.00, 0.00, 0.00, 0.00, 1.00, 1.00, 0.00, 1.00
332,  0,  11.033,  0.98,  1, 0.00, 0.00, 1.54, 0.00, 2.07, 2.82, 0.09, 1.66, 2.06, 1.97, 0.00, 0.00, 0.00, 0.00, 2.12, 0.32, 1.84, 0.00, 0.00, 1.00, 1.00, 1.00, 1.00, 0.00, 1.00, 1.00, 1.00, 0.00, 0.00, 0.00, 0.00, 1.00, 1.00, 0.00, 1.00
333,  0,  11.067,  0.98,  1, 0.00, 0.00, 1.39, 0.00, 2.11, 3.11, 0.15, 1.73, 1.94, 2.08, 0.00, 0.00, 0.00, 0.00, 2.16, 0.44, 1.36, 0.00, 0.00, 1.00, 1.00, 1.00, 1.00, 0.00, 1.00, 1.00, 1.00, 0.00, 0.00, 0.00, 1.00, 1.00, 1.00, 0.00, 1.00
334,  0,  11.100,  0.98,  1, 0.00, 0.00, 1.41, 0.00, 1.97, 3.10, 0.13, 1.58, 1.71, 1.98, 0.00, 0.04, 0.00, 0.00, 2.01, 0.46, 0.86, 0.00, 0.00, 1.00, 1.00, 1.00, 1.00, 0.00, 1.00, 1.00, 1.00, 0.00, 0.00, 0.00, 1.00, 1.00, 1.00, 0.00, 1.00
335,  0,  11.133,  0.98,  1, 0.00, 0.00, 1.38, 0.00, 1.73, 2.96, 0.09, 1.27, 1.37, 1.91, 0.00, 0.18, 0.00, 0.03, 1.60, 0.44, 0.53, 0.00, 0.00, 1.00, 1.00, 1.00, 1.00, 0.00, 1.00, 1.00, 1.00, 0.00, 0.00, 0.00, 1.00, 1.00, 1.00, 0.00, 1.00
336,  0,  11.167,  0.98,  1, 0.00, 0.00, 1.31, 0.00, 1.43, 2.63, 0.08, 0.98, 0.97, 1.70, 0.00, 0.45, 0.00, 0.07, 1.13, 0.45, 0.23, 0.00, 0.00, 1.00, 1.00, 1.00, 1.00, 0.00, 1.00, 1.00, 1.00, 0.00, 0.00, 0.00, 1.00, 1.00, 1.00, 0.00, 1.00
337,  0,  11.200,  0.98,  1, 0.00, 0.00, 1.15, 0.00, 1.20, 2.42, 0.12, 0.75, 0.73, 1.60, 0.00, 0.65, 0.00, 0.07, 0.94, 0.54, 0.12, 0.00, 0.00, 1.00, 1.00, 1.00, 1.00, 0.00, 1.00, 0.00, 1.00, 0.00, 0.00, 0.00, 1.00, 1.00, 1.00, 0.00, 1.00
338,  0,  11.233,  0.98,  1, 0.00, 0.00, 1.08, 0.00, 1.15, 2.31, 0.16, 0.73, 0.68, 1.52, 0.00, 0.64, 0.00, 0.03, 0.98, 0.71, 0.00, 0.00, 0.00, 1.00, 1.00, 1.00, 1.00, 0.00, 1.00, 0.00, 1.00, 0.00, 0.00, 0.00, 1.00, 1.00, 1.00, 0.00, 1.00
339,  0,  11.267,  0.98,  1, 0.00, 0.00, 1.07, 0.00, 1.13, 2.36, 0.11, 0.76, 0.74, 1.74, 0.00, 0.52, 0.00, 0.00, 1.26, 0.76, 0.00, 0.00, 0.00, 0.00, 1.00, 1.00, 1.00, 0.00, 1.00, 0.00, 1.00, 0.00, 0.00, 0.00, 1.00, 1.00, 1.00, 0.00, 1.00
340,  0,  11.300,  0.98,  1, 0.00, 0.00, 1.11, 0.00, 1.12, 2.28, 0.05, 0.90, 0.80, 1.83, 0.00, 0.43, 0.00, 0.00, 1.46, 0.87, 0.00, 0.00, 0.00, 0.00, 1.00, 1.00, 1.00, 0.00, 1.00, 0.00, 1.00, 0.00, 0.00, 0.00, 1.00, 1.00, 1.00, 0.00, 1.00
341,  0,  11.333,  0.98,  1, 0.00, 0.00, 1.12, 0.00, 1.11, 2.23, 0.01, 0.85, 0.80, 1.95, 0.00, 0.39, 0.00, 0.00, 1.52, 0.84, 0.06, 0.00, 0.00, 0.00, 1.00, 1.00, 1.00, 0.00, 1.00, 1.00, 1.00, 0.00, 0.00, 0.00, 1.00, 1.00, 1.00, 0.00, 1.00
342,  0,  11.367,  0.98,  1, 0.00, 0.00, 1.14, 0.00, 1.09, 2.15, 0.01, 0.91, 0.85, 1.99, 0.00, 0.34, 0.00, 0.00, 1.45, 0.75, 0.06, 0.00, 0.00, 1.00, 1.00, 1.00, 1.00, 0.00, 1.00, 1.00, 1.00, 0.00, 0.00, 0.00, 1.00, 1.00, 1.00, 0.00, 1.00
343,  0,  11.400,  0.98,  1, 0.00, 0.00, 1.19, 0.00, 1.15, 2.35, 0.03, 0.94, 0.83, 1.96, 0.00, 0.34, 0.00, 0.00, 1.41, 0.61, 0.06, 0.00, 0.00, 1.00, 1.00, 1.00, 1.00, 0.00, 1.00, 1.00, 1.00, 0.00, 0.00, 0.00, 1.00, 1.00, 1.00, 0.00, 1.00
344,  0,  11.433,  0.98,  1, 0.00, 0.00, 1.33, 0.00, 1.19, 2.36, 0.05, 1.10, 0.83, 1.81, 0.00, 0.40, 0.00, 0.04, 1.40, 0.44, 0.07, 0.00, 0.00, 1.00, 1.00, 1.00, 1.00, 0.00, 1.00, 1.00, 1.00, 0.00, 0.00, 0.00, 1.00, 1.00, 1.00, 0.00, 1.00
345,  0,  11.467,  0.98,  1, 0.00, 0.00, 1.43, 0.00, 1.21, 2.23, 0.04, 1.11, 0.76, 1.57, 0.00, 0.47, 0.00, 0.11, 1.34, 0.25, 0.18, 0.00, 0.00, 1.00, 1.00, 1.00, 1.00, 0.00, 1.00, 1.00, 1.00, 0.00, 0.00, 0.00, 1.00, 1.00, 1.00, 0.00, 1.00
346,  0,  11.500,  0.98,  1, 0.00, 0.00, 1.44, 0.00, 1.21, 2.02, 0.02, 1.01, 0.76, 1.43, 0.09, 0.51, 0.00, 0.18, 1.23, 0.16, 0.23, 0.00, 0.00, 1.00, 1.00, 1.00, 1.00, 0.00, 1.00, 1.00, 1.00, 0.00, 0.00, 0.00, 1.00, 1.00, 1.00, 0.00, 1.00
347,  0,  11.533,  0.98,  1, 0.00, 0.00, 1.34, 0.00, 1.21, 1.98, 0.01, 0.96, 0.67, 1.39, 0.14, 0.58, 0.02, 0.17, 1.06, 0.09, 0.19, 0.00, 0.00, 1.00, 1.00, 1.00, 1.00, 0.00, 1.00, 1.00, 1.00, 0.00, 0.00, 0.00, 1.00, 1.00, 1.00, 0.00, 1.00
348,  0,  11.567,  0.98,  1, 0.00, 0.00, 1.21, 0.00, 1.19, 1.92, 0.01, 0.99, 0.64, 1.44, 0.36, 0.54, 0.15, 0.13, 0.82, 0.09, 0.10, 0.00, 0.00, 1.00, 1.00, 1.00, 1.00, 0.00, 1.00, 1.00, 1.00, 0.00, 0.00, 0.00, 1.00, 1.00, 1.00, 0.00, 1.00
349,  0,  11.600,  0.98,  1, 0.00, 0.00, 1.17, 0.00, 1.18, 1.83, 0.01, 1.14, 0.65, 1.51, 0.44, 0.43, 0.32, 0.07, 0.81, 0.20, 0.10, 0.00, 0.00, 1.00, 1.00, 1.00, 1.00, 0.00, 1.00, 1.00, 1.00, 0.00, 0.00, 0.00, 1.00, 1.00, 1.00, 0.00, 1.00
350,  0,  11.633,  0.98,  1, 0.00, 0.00, 1.14, 0.00, 1.19, 1.67, 0.03, 1.19, 0.74, 1.49, 0.47, 0.28, 0.42, 0.04, 0.88, 0.40, 0.08, 0.00, 0.00, 1.00, 1.00, 1.00, 1.00, 0.00, 1.00, 1.00, 1.00, 0.00, 0.00, 0.00, 1.00, 1.00, 0.00, 0.00, 1.00
351,  0,  11.667,  0.98,  1, 0.00, 0.00, 1.11, 0.00, 1.20, 1.68, 0.08, 1.20, 0.75, 1.43, 0.33, 0.25, 0.30, 0.01, 1.21, 0.61, 0.05, 0.00, 0.00, 1.00, 1.00, 1.00, 1.00, 0.00, 1.00, 1.00, 1.00, 0.00, 0.00, 0.00, 1.00, 1.00, 0.00, 0.00, 1.00
352,  0,  11.700,  0.98,  1, 0.00, 0.00, 1.12, 0.00, 1.16, 1.72, 0.08, 1.10, 0.71, 1.42, 0.25, 0.24, 0.22, 0.00, 1.37, 0.65, 0.00, 0.00, 0.00, 1.00, 1.00, 1.00, 1.00, 0.00, 1.00, 1.00, 1.00, 0.00, 0.00, 0.00, 1.00, 1.00, 0.00, 0.00, 1.00
353,  0,  11.733,  0.98,  1, 0.00, 0.00, 1.23, 0.00, 1.15, 1.86, 0.09, 1.05, 0.71, 1.52, 0.23, 0.21, 0.14, 0.00, 1.48, 0.56, 0.00, 0.00, 0.00, 1.00, 1.00, 1.00, 1.00, 0.00, 1.00, 1.00, 1.00, 0.00, 0.00, 0.00, 1.00, 1.00, 0.00, 0.00, 1.00
354,  0,  11.767,  0.98,  1, 0.00, 0.00, 1.38, 0.00, 1.23, 2.03, 0.05, 1.07, 0.78, 1.74, 0.14, 0.10, 0.13, 0.00, 1.58, 0.38, 0.01, 0.00, 0.00, 1.00, 1.00, 1.00, 1.00, 0.00, 1.00, 1.00, 1.00, 0.00, 0.00, 0.00, 1.00, 1.00, 0.00, 0.00, 1.00
355,  0,  11.800,  0.98,  1, 0.00, 0.00, 1.49, 0.00, 1.31, 2.26, 0.05, 1.22, 0.92, 1.78, 0.05, 0.04, 0.04, 0.00, 1.65, 0.17, 0.01, 0.00, 0.00, 1.00, 1.00, 1.00, 1.00, 0.00, 1.00, 1.00, 1.00, 0.00, 0.00, 0.00, 1.00, 1.00, 0.00, 0.00, 1.00
356,  0,  11.833,  0.98,  1, 0.00, 0.00, 1.62, 0.00, 1.39, 2.41, 0.04, 1.31, 1.00, 1.88, 0.00, 0.00, 0.00, 0.00, 1.78, 0.08, 0.01, 0.00, 0.00, 1.00, 1.00, 1.00, 1.00, 0.00, 1.00, 1.00, 1.00, 0.00, 0.00, 0.00, 1.00, 1.00, 0.00, 0.00, 1.00
357,  0,  11.867,  0.98,  1, 0.00, 0.00, 1.71, 0.00, 1.43, 2.42, 0.04, 1.36, 1.07, 1.85, 0.00, 0.00, 0.00, 0.00, 1.80, 0.12, 0.00, 0.00, 0.00, 1.00, 1.00, 1.00, 1.00, 0.00, 1.00, 1.00, 1.00, 0.00, 0.00, 0.00, 1.00, 1.00, 0.00, 0.00, 1.00
358,  0,  11.900,  0.98,  1, 0.00, 0.00, 1.68, 0.00, 1.49, 2.33, 0.04, 1.27, 1.13, 1.92, 0.00, 0.08, 0.11, 0.00, 1.83, 0.17, 0.00, 0.00, 0.00, 1.00, 1.00, 1.00, 1.00, 0.00, 1.00, 1.00, 1.00, 0.00, 0.00, 0.00, 1.00, 1.00, 0.00, 0.00, 1.00
359,  0,  11.933,  0.98,  1, 0.00, 0.00, 1.52, 0.00, 1.54, 2.30, 0.02, 1.30, 1.22, 1.96, 0.00, 0.10, 0.21, 0.02, 1.75, 0.25, 0.00, 0.00, 0.00, 1.00, 1.00, 1.00, 1.00, 0.00, 1.00, 1.00, 1.00, 0.00, 0.00, 0.00, 1.00, 1.00, 0.00, 0.00, 1.00
360,  0,  11.967,  0.98,  1, 0.00, 0.00, 1.41, 0.00, 1.55, 2.31, 0.00, 1.24, 1.29, 2.06, 0.00, 0.23, 0.27, 0.03, 1.73, 0.28, 0.00, 0.00, 0.00, 1.00, 1.00, 1.00, 1.00, 0.00, 1.00, 1.00, 1.00, 0.00, 0.00, 0.00, 1.00, 1.00, 0.00, 0.00, 0.00
361,  0,  12.000,  0.98,  1, 0.00, 0.00, 1.37, 0.00, 1.57, 2.39, 0.00, 1.25, 1.36, 2.10, 0.00, 0.23, 0.16, 0.05, 1.82, 0.22, 0.00, 0.00, 0.00, 1.00, 1.00, 1.00, 1.00, 0.00, 1.00, 1.00, 1.00, 0.00, 0.00, 0.00, 1.00, 1.00, 0.00, 0.00, 0.00
362,  0,  12.033,  0.98,  1, 0.00, 0.00, 1.38, 0.00, 1.58, 2.45, 0.00, 1.21, 1.38, 2.18, 0.00, 0.21, 0.06, 0.06, 1.96, 0.13, 0.00, 0.00, 0.00, 1.00, 1.00, 1.00, 1.00, 0.00, 1.00, 1.00, 1.00, 0.00, 0.00, 0.00, 1.00, 1.00, 0.00, 0.00, 0.00
363,  0,  12.067,  0.98,  1, 0.00, 0.00, 1.36, 0.00, 1.56, 2.41, 0.00, 1.25, 1.40, 2.14, 0.00, 0.11, 0.00, 0.05, 2.02, 0.05, 0.00, 0.00, 0.00, 1.00, 1.00, 1.00, 1.00, 0.00, 1.00, 1.00, 1.00, 0.00, 0.00, 0.00, 1.00, 1.00, 0.00, 0.00, 0.00
364,  0,  12.100,  0.98,  1, 0.00, 0.00, 1.37, 0.00, 1.56, 2.28, 0.00, 1.21, 1.35, 2.29, 0.00, 0.12, 0.02, 0.11, 1.94, 0.07, 0.02, 0.00, 0.00, 1.00, 1.00, 1.00, 1.00, 0.00, 1.00, 1.00, 1.00, 0.00, 0.00, 0.00, 1.00, 1.00, 1.00, 0.00, 0.00
365,  0,  12.133,  0.98,  1, 0.00, 0.00, 1.40, 0.00, 1.55, 2.17, 0.00, 1.25, 1.30, 2.35, 0.00, 0.23, 0.10, 0.15, 1.89, 0.18, 0.02, 0.00, 0.00, 1.00, 1.00, 1.00, 1.00, 0.00, 1.00, 1.00, 1.00, 0.00, 0.00, 0.00, 1.00, 1.00, 1.00, 0.00, 0.00
366,  0,  12.167,  0.98,  1, 0.00, 0.00, 1.39, 0.00, 1.58, 2.20, 0.00, 1.30, 1.27, 2.35, 0.00, 0.32, 0.16, 0.18, 1.78, 0.25, 0.02, 0.00, 0.00, 1.00, 1.00, 1.00, 1.00, 0.00, 1.00, 1.00, 1.00, 0.00, 0.00, 0.00, 1.00, 1.00, 1.00, 0.00, 0.00
367,  0,  12.200,  0.98,  1, 0.00, 0.00, 1.39, 0.10, 1.51, 2.39, 0.00, 1.35, 1.23, 2.23, 0.00, 0.31, 0.14, 0.11, 1.75, 0.28, 0.00, 0.00, 0.00, 1.00, 1.00, 1.00, 1.00, 0.00, 1.00, 1.00, 1.00, 0.00, 0.00, 0.00, 1.00, 1.00, 1.00, 0.00, 0.00
368,  0,  12.233,  0.98,  1, 0.00, 0.00, 1.31, 0.10, 1.40, 2.42, 0.00, 1.27, 1.11, 2.03, 0.00, 0.31, 0.06, 0.04, 1.71, 0.29, 0.00, 0.00, 0.00, 1.00, 1.00, 1.00, 1.00, 0.00, 1.00, 1.00, 1.00, 0.00, 0.00, 0.00, 1.00, 1.00, 1.00, 0.00, 0.00
369,  0,  12.267,  0.98,  1, 0.00, 0.00, 1.25, 0.10, 1.23, 2.46, 0.00, 1.23, 0.96, 1.94, 0.00, 0.33, 0.00, 0.00, 1.74, 0.29, 0.00, 0.00, 0.00, 1.00, 1.00, 1.00, 1.00, 0.00, 1.00, 1.00, 1.00, 0.00, 0.00, 0.00, 1.00, 1.00, 1.00, 0.00, 0.00
370,  0,  12.300,  0.98,  1, 0.00, 0.00, 1.23, 0.00, 1.11, 2.43, 0.00, 1.04, 0.76, 1.69, 0.00, 0.36, 0.09, 0.02, 1.59, 0.22, 0.00, 0.00, 0.00, 1.00, 1.00, 1.00, 1.00, 0.00, 1.00, 1.00, 1.00, 0.00, 0.00, 0.00, 1.00, 1.00, 1.00, 0.00, 0.00
371,  0,  12.333,  0.98,  1, 0.00, 0.00, 1.22, 0.04, 1.01, 2.38, 0.00, 0.94, 0.64, 1.58, 0.00, 0.34, 0.18, 0.06, 1.43, 0.12, 0.00, 0.00, 0.00, 1.00, 1.00, 1.00, 1.00, 0.00, 1.00, 1.00, 1.00, 0.00, 0.00, 0.00, 1.00, 1.00, 1.00, 0.00, 0.00
372,  0,  12.367,  0.98,  1, 0.00, 0.00, 1.26, 0.04, 0.98, 2.33, 0.00, 0.61, 0.52, 1.32, 0.00, 0.25, 0.20, 0.06, 1.25, 0.17, 0.00, 0.00, 0.00, 1.00, 1.00, 1.00, 1.00, 0.00, 1.00, 1.00, 1.00, 0.00, 0.00, 0.00, 1.00, 1.00, 1.00, 0.00, 0.00
373,  0,  12.400,  0.98,  1, 0.03, 0.00, 1.20, 0.04, 0.91, 2.15, 0.00, 0.51, 0.50, 1.11, 0.00, 0.24, 0.11, 0.04, 1.29, 0.19, 0.00, 0.00, 0.00, 1.00, 1.00, 1.00, 1.00, 0.00, 1.00, 1.00, 1.00, 0.00, 0.00, 0.00, 1.00, 1.00, 1.00, 0.00, 0.00
374,  0,  12.433,  0.98,  1, 0.04, 0.00, 1.17, 0.00, 0.91, 2.19, 0.00, 0.29, 0.51, 1.07, 0.00, 0.24, 0.10, 0.00, 1.38, 0.24, 0.00, 0.00, 0.00, 1.00, 1.00, 1.00, 1.00, 0.00, 1.00, 1.00, 1.00, 0.00, 0.00, 0.00, 1.00, 1.00, 0.00, 0.00, 0.00
375,  0,  12.467,  0.98,  1, 0.08, 0.00, 1.15, 0.00, 0.90, 2.16, 0.00, 0.36, 0.53, 1.18, 0.00, 0.32, 0.11, 0.00, 1.43, 0.14, 0.00, 0.00, 0.00, 1.00, 1.00, 1.00, 1.00, 0.00, 1.00, 1.00, 1.00, 0.00, 0.00, 0.00, 1.00, 1.00, 1.00, 0.00, 0.00
376,  0,  12.500,  0.98,  1, 0.08, 0.00, 1.11, 0.00, 0.94, 2.14, 0.00, 0.39, 0.55, 1.47, 0.00, 0.30, 0.21, 0.00, 1.43, 0.12, 0.00, 0.00, 0.00, 1.00, 1.00, 1.00, 1.00, 0.00, 1.00, 1.00, 1.00, 0.00, 0.00, 0.00, 1.00, 1.00, 1.00, 0.00, 0.00
377,  0,  12.533,  0.98,  1, 0.08, 0.00, 1.10, 0.00, 0.96, 2.08, 0.00, 0.57, 0.62, 1.48, 0.00, 0.24, 0.12, 0.00, 1.32, 0.04, 0.00, 0.00, 0.00, 1.00, 1.00, 1.00, 1.00, 0.00, 1.00, 1.00, 1.00, 0.00, 0.00, 0.00, 1.00, 1.00, 1.00, 0.00, 0.00
378,  0,  12.567,  0.98,  1, 0.11, 0.00, 1.10, 0.00, 1.01, 2.16, 0.00, 0.73, 0.68, 1.51, 0.00, 0.14, 0.10, 0.01, 1.25, 0.00, 0.00, 0.00, 0.00, 1.00, 1.00, 1.00, 1.00, 0.00, 1.00, 1.00, 1.00, 0.00, 0.00, 0.00, 1.00, 1.00, 1.00, 0.00, 0.00
379,  0,  12.600,  0.98,  1, 0.07, 0.00, 1.11, 0.00, 1.04, 2.25, 0.00, 0.91, 0.76, 1.56, 0.00, 0.07, 0.02, 0.01, 1.23, 0.00, 0.00, 0.00, 0.00, 1.00, 1.00, 1.00, 1.00, 0.00, 1.00, 1.00, 1.00, 0.00, 0.00, 0.00, 1.00, 1.00, 1.00, 0.00, 0.00
380,  0,  12.633,  0.98,  1, 0.08, 0.00, 1.11, 0.00, 1.14, 2.30, 0.00, 1.03, 0.81, 1.70, 0.00, 0.11, 0.06, 0.02, 1.28, 0.00, 0.00, 0.00, 0.00, 1.00, 1.00, 1.00, 1.00, 0.00, 1.00, 1.00, 1.00, 0.00, 0.00, 0.00, 1.00, 1.00, 1.00, 0.00, 0.00
381,  0,  12.667,  0.98,  1, 0.00, 0.00, 1.10, 0.00, 1.17, 2.19, 0.00, 1.09, 0.87, 1.85, 0.00, 0.17, 0.09, 0.05, 1.32, 0.01, 0.00, 0.00, 0.00, 1.00, 1.00, 1.00, 1.00, 0.00, 1.00, 1.00, 1.00, 0.00, 0.00, 0.00, 1.00, 1.00, 1.00, 0.00, 0.00
382,  0,  12.700,  0.98,  1, 0.00, 0.00, 1.16, 0.00, 1.21, 2.18, 0.00, 1.07, 0.94, 1.97, 0.00, 0.27, 0.14, 0.10, 1.35, 0.06, 0.00, 0.00, 0.00, 1.00, 1.00, 1.00, 1.00, 0.00, 1.00, 1.00, 1.00, 0.00, 0.00, 0.00, 1.00, 1.00, 1.00, 0.00, 0.00
383,  0,  12.733,  0.98,  1, 0.00, 0.00, 1.28, 0.00, 1.21, 2.27, 0.00, 1.14, 0.92, 1.99, 0.00, 0.26, 0.25, 0.10, 1.40, 0.21, 0.00, 0.00, 0.00, 1.00, 1.00, 1.00, 1.00, 0.00, 1.00, 1.00, 1.00, 0.00, 0.00, 0.00, 1.00, 1.00, 1.00, 0.00, 0.00
384,  0,  12.767,  0.98,  1, 0.00, 0.00, 1.36, 0.00, 1.21, 2.26, 0.00, 1.03, 0.92, 1.86, 0.00, 0.22, 0.42, 0.07, 1.55, 0.24, 0.00, 0.00, 0.00, 1.00, 1.00, 1.00, 1.00, 0.00, 1.00, 1.00, 1.00, 0.00, 0.00, 0.00, 1.00, 1.00, 1.00, 0.00, 0.00
385,  0,  12.800,  0.98,  1, 0.00, 0.00, 1.43, 0.00, 1.19, 2.32, 0.00, 1.03, 0.89, 1.78, 0.00, 0.24, 0.57, 0.04, 1.56, 0.39, 0.00, 0.00, 0.00, 1.00, 1.00, 1.00, 1.00, 0.00, 1.00, 1.00, 1.00, 0.00, 0.00, 0.00, 1.00, 1.00, 1.00, 0.00, 0.00
386,  0,  12.833,  0.98,  1, 0.00, 0.00, 1.44, 0.00, 1.15, 2.24, 0.04, 0.92, 0.87, 1.70, 0.00, 0.33, 0.53, 0.03, 1.55, 0.50, 0.00, 0.00, 0.00, 1.00, 1.00, 1.00, 1.00, 0.00, 1.00, 1.00, 1.00, 0.00, 0.00, 0.00, 1.00, 1.00, 1.00, 0.00, 0.00
387,  0,  12.867,  0.98,  1, 0.00, 0.00, 1.41, 0.00, 1.11, 2.25, 0.04, 0.96, 0.82, 1.77, 0.00, 0.38, 0.37, 0.03, 1.48, 0.67, 0.01, 0.00, 0.00, 1.00, 1.00, 1.00, 1.00, 0.00, 1.00, 1.00, 1.00, 0.00, 0.00, 0.00, 1.00, 1.00, 1.00, 0.00, 0.00
388,  0,  12.900,  0.98,  1, 0.01, 0.00, 1.44, 0.07, 1.13, 2.24, 0.04, 1.07, 0.82, 1.71, 0.00, 0.33, 0.15, 0.00, 1.52, 0.69, 0.06, 0.00, 0.00, 1.00, 1.00, 1.00, 1.00, 0.00, 1.00, 1.00, 1.00, 0.00, 0.00, 0.00, 1.00, 1.00, 0.00, 0.00, 0.00
389,  0,  12.933,  0.98,  1, 0.01, 0.00, 1.33, 0.07, 1.14, 2.08, 0.00, 1.22, 0.85, 1.69, 0.00, 0.24, 0.05, 0.00, 1.61, 0.65, 0.08, 0.00, 0.00, 1.00, 1.00, 1.00, 1.00, 0.00, 1.00, 1.00, 1.00, 0.00, 0.00, 0.00, 1.00, 1.00, 0.00, 0.00, 0.00
390,  0,  12.967,  0.98,  1, 0.01, 0.00, 1.35, 0.07, 1.21, 1.97, 0.00, 1.46, 0.92, 1.66, 0.00, 0.16, 0.03, 0.00, 1.84, 0.71, 0.07, 0.00, 0.00, 1.00, 1.00, 1.00, 1.00, 0.00, 1.00, 1.00, 1.00, 0.00, 0.00, 0.00, 1.00, 1.00, 0.00, 0.00, 0.00
391,  0,  13.000,  0.98,  1, 0.00, 0.00, 1.40, 0.00, 1.21, 1.95, 0.00, 1.56, 0.97, 1.68, 0.00, 0.11, 0.03, 0.00, 1.95, 0.72, 0.02, 0.00, 0.00, 1.00, 1.00, 1.00, 1.00, 0.00, 1.00, 1.00, 1.00, 0.00, 0.00, 0.00, 1.00, 1.00, 0.00, 0.00, 0.00
392,  0,  13.033,  0.98,  1, 0.00, 0.00, 1.59, 0.01, 1.24, 1.94, 0.00, 1.55, 1.08, 1.67, 0.00, 0.10, 0.04, 0.00, 1.95, 0.62, 0.00, 0.00, 0.00, 1.00, 1.00, 1.00, 1.00, 0.00, 1.00, 1.00, 1.00, 0.00, 0.00, 0.00, 1.00, 1.00, 0.00, 0.00, 0.00
393,  0,  13.067,  0.98,  1, 0.00, 0.01, 1.68, 0.01, 1.22, 2.10, 0.00, 1.45, 1.14, 1.65, 0.06, 0.17, 0.02, 0.00, 1.75, 0.34, 0.00, 0.00, 0.00, 1.00, 1.00, 1.00, 1.00, 0.00, 1.00, 1.00, 1.00, 0.00, 0.00, 0.00, 1.00, 1.00, 0.00, 0.00, 0.00
394,  0,  13.100,  0.98,  1, 0.00, 0.01, 1.50, 0.01, 1.17, 1.99, 0.00, 1.18, 1.14, 1.54, 0.06, 0.23, 0.02, 0.00, 1.58, 0.27, 0.00, 0.00, 0.00, 1.00, 1.00, 1.00, 1.00, 0.00, 1.00, 1.00, 1.00, 0.00, 0.00, 0.00, 1.00, 1.00, 0.00, 0.00, 0.00
395,  0,  13.133,  0.98,  1, 0.00, 0.01, 1.36, 0.00, 1.14, 2.04, 0.00, 0.98, 1.12, 1.48, 0.06, 0.16, 0.00, 0.00, 1.47, 0.48, 0.00, 0.00, 0.00, 1.00, 1.00, 1.00, 1.00, 0.00, 1.00, 1.00, 1.00, 0.00, 0.00, 0.00, 1.00, 1.00, 0.00, 0.00, 0.00
396,  0,  13.167,  0.98,  1, 0.00, 0.00, 1.17, 0.05, 1.15, 2.10, 0.00, 0.83, 1.21, 1.51, 0.01, 0.09, 0.00, 0.00, 1.55, 0.67, 0.05, 0.00, 0.00, 1.00, 1.00, 1.00, 1.00, 0.00, 1.00, 1.00, 1.00, 0.00, 0.00, 0.00, 0.00, 1.00, 0.00, 0.00, 0.00
397,  0,  13.200,  0.98,  1, 0.00, 0.00, 1.21, 0.11, 1.15, 2.29, 0.00, 0.89, 1.32, 1.57, 0.01, 0.00, 0.00, 0.00, 1.68, 0.81, 0.11, 0.00, 0.00, 1.00, 1.00, 1.00, 1.00, 0.00, 1.00, 1.00, 1.00, 0.00, 0.00, 0.00, 0.00, 1.00, 0.00, 0.00, 0.00
398,  0,  13.233,  0.98,  1, 0.00, 0.00, 1.28, 0.11, 1.11, 2.45, 0.00, 0.97, 1.32, 1.58, 0.08, 0.00, 0.00, 0.00, 1.86, 0.88, 0.11, 0.00, 0.00, 1.00, 1.00, 1.00, 1.00, 0.00, 1.00, 1.00, 1.00, 0.00, 0.00, 0.00, 0.00, 1.00, 0.00, 0.00, 0.00
399,  0,  13.267,  0.98,  1, 0.00, 0.00, 1.36, 0.07, 1.03, 2.38, 0.00, 1.03, 1.22, 1.55, 0.17, 0.00, 0.00, 0.00, 1.84, 1.13, 0.06, 0.00, 0.00, 1.00, 1.00, 1.00, 1.00, 0.00, 1.00, 1.00, 1.00, 0.00, 0.00, 0.00, 0.00, 1.00, 0.00, 0.00, 0.00
400,  0,  13.300,  0.98,  1, 0.00, 0.10, 1.43, 0.00, 1.03, 2.23, 0.01, 1.02, 1.09, 1.61, 0.26, 0.00, 0.00, 0.00, 1.69, 1.04, 0.00, 0.00, 0.00, 1.00, 1.00, 1.00, 1.00, 0.00, 1.00, 1.00, 1.00, 0.00, 0.00, 0.00, 0.00, 1.00, 0.00, 0.00, 0.00
401,  0,  13.333,  0.98,  1, 0.00, 0.15, 1.43, 0.00, 1.06, 2.00, 0.01, 0.87, 1.06, 1.81, 0.31, 0.00, 0.00, 0.00, 1.54, 0.86, 0.00, 0.00, 0.00, 1.00, 1.00, 1.00, 1.00, 0.00, 1.00, 1.00, 1.00, 0.00, 0.00, 0.00, 0.00, 1.00, 0.00, 0.00, 0.00
402,  0,  13.367,  0.98,  1, 0.00, 0.15, 1.43, 0.00, 1.09, 1.86, 0.01, 0.71, 1.04, 1.92, 0.26, 0.00, 0.00, 0.00, 1.46, 0.51, 0.00, 0.00, 0.00, 1.00, 1.00, 1.00, 1.00, 0.00, 1.00, 1.00, 1.00, 0.00, 0.00, 0.00, 0.00, 1.00, 0.00, 0.00, 0.00
403,  0,  13.400,  0.98,  1, 0.00, 0.05, 1.38, 0.00, 1.15, 1.83, 0.00, 0.56, 1.11, 2.02, 0.17, 0.00, 0.00, 0.00, 1.52, 0.38, 0.00, 0.00, 0.00, 1.00, 1.00, 1.00, 1.00, 0.00, 1.00, 1.00, 1.00, 0.00, 0.00, 0.00, 0.00, 1.00, 0.00, 0.00, 0.00
404,  0,  13.433,  0.98,  1, 0.00, 0.00, 1.36, 0.00, 1.15, 1.85, 0.00, 0.60, 1.13, 2.02, 0.04, 0.00, 0.00, 0.00, 1.58, 0.28, 0.00, 0.00, 0.00, 1.00, 1.00, 1.00, 1.00, 0.00, 1.00, 1.00, 1.00, 0.00, 0.00, 0.00, 1.00, 1.00, 0.00, 0.00, 0.00
405,  0,  13.467,  0.98,  1, 0.00, 0.00, 1.41, 0.00, 1.17, 1.81, 0.00, 0.62, 1.13, 2.04, 0.00, 0.00, 0.00, 0.00, 1.66, 0.45, 0.00, 0.00, 0.00, 1.00, 1.00, 1.00, 1.00, 0.00, 1.00, 1.00, 1.00, 0.00, 0.00, 0.00, 1.00, 1.00, 0.00, 0.00, 0.00
406,  0,  13.500,  0.98,  1, 0.00, 0.01, 1.51, 0.00, 1.17, 1.92, 0.02, 0.81, 1.19, 1.93, 0.00, 0.00, 0.00, 0.00, 1.80, 0.64, 0.00, 0.00, 0.00, 1.00, 1.00, 1.00, 1.00, 0.00, 1.00, 1.00, 1.00, 0.00, 0.00, 0.00, 1.00, 1.00, 0.00, 0.00, 0.00
407,  0,  13.533,  0.98,  1, 0.00, 0.01, 1.53, 0.00, 1.17, 1.97, 0.04, 0.90, 1.21, 1.79, 0.00, 0.02, 0.00, 0.00, 1.86, 0.79, 0.04, 0.00, 0.00, 1.00, 1.00, 1.00, 1.00, 0.00, 1.00, 1.00, 1.00, 0.00, 0.00, 0.00, 1.00, 1.00, 1.00, 0.00, 0.00
408,  0,  13.567,  0.98,  1, 0.00, 0.01, 1.54, 0.00, 1.23, 2.12, 0.04, 1.06, 1.27, 1.91, 0.00, 0.11, 0.00, 0.00, 1.80, 0.81, 0.04, 0.00, 0.00, 1.00, 1.00, 1.00, 1.00, 0.00, 1.00, 1.00, 1.00, 0.00, 0.00, 0.00, 1.00, 1.00, 1.00, 0.00, 0.00
409,  0,  13.600,  0.98,  1, 0.00, 0.09, 1.54, 0.00, 1.25, 2.08, 0.09, 1.11, 1.23, 2.07, 0.00, 0.12, 0.00, 0.00, 1.79, 0.79, 0.04, 0.00, 0.00, 1.00, 1.00, 1.00, 1.00, 0.00, 1.00, 1.00, 1.00, 0.00, 0.00, 0.00, 1.00, 1.00, 1.00, 0.00, 0.00
410,  0,  13.633,  0.98,  1, 0.00, 0.10, 1.45, 0.00, 1.31, 2.18, 0.08, 1.19, 1.31, 2.34, 0.00, 0.16, 0.00, 0.00, 1.78, 0.82, 0.00, 0.00, 0.00, 1.00, 1.00, 1.00, 1.00, 0.00, 1.00, 1.00, 1.00, 0.00, 0.00, 0.00, 1.00, 1.00, 1.00, 0.00, 0.00
411,  0,  13.667,  0.98,  1, 0.00, 0.16, 1.40, 0.00, 1.26, 2.18, 0.09, 1.21, 1.30, 2.36, 0.00, 0.07, 0.00, 0.00, 1.95, 0.86, 0.03, 0.00, 0.00, 1.00, 1.00, 1.00, 1.00, 0.00, 1.00, 1.00, 1.00, 0.00, 0.00, 0.00, 1.00, 1.00, 1.00, 0.00, 0.00
412,  0,  13.700,  0.98,  1, 0.00, 0.08, 1.31, 0.00, 1.25, 2.18, 0.04, 1.16, 1.34, 2.40, 0.00, 0.13, 0.00, 0.00, 2.00, 0.83, 0.03, 0.00, 0.00, 1.00, 1.00, 1.00, 1.00, 0.00, 1.00, 1.00, 1.00, 0.00, 0.00, 0.00, 1.00, 1.00, 1.00, 0.00, 0.00
413,  0,  13.733,  0.98,  1, 0.00, 0.06, 1.30, 0.00, 1.23, 2.03, 0.03, 1.12, 1.33, 2.34, 0.00, 0.08, 0.00, 0.00, 2.03, 0.80, 0.03, 0.00, 0.00, 1.00, 1.00, 1.00, 1.00, 0.00, 1.00, 1.00, 1.00, 0.00, 0.00, 0.00, 1.00, 1.00, 1.00, 0.00, 0.00
414,  0,  13.767,  0.98,  1, 0.00, 0.00, 1.27, 0.00, 1.24, 1.99, 0.01, 1.06, 1.37, 2.26, 0.00, 0.08, 0.00, 0.00, 1.92, 0.78, 0.00, 0.00, 0.00, 1.00, 1.00, 1.00, 1.00, 0.00, 1.00, 1.00, 1.00, 0.00, 0.00, 0.00, 1.00, 1.00, 1.00, 0.00, 0.00
415,  0,  13.800,  0.98,  1, 0.00, 0.00, 1.21, 0.00, 1.23, 1.94, 0.00, 1.00, 1.37, 2.16, 0.00, 0.00, 0.00, 0.00, 1.86, 0.87, 0.00, 0.00, 0.00, 1.00, 1.00, 1.00, 1.00, 0.00, 1.00, 1.00, 1.00, 0.00, 0.00, 0.00, 1.00, 1.00, 1.00, 0.00, 0.00
416,  0,  13.833,  0.98,  1, 0.00, 0.00, 1.21, 0.00, 1.24, 2.03, 0.00, 0.94, 1.35, 2.06, 0.00, 0.00, 0.00, 0.00, 1.81, 0.89, 0.00, 0.00, 0.00, 1.00, 1.00, 1.00, 1.00, 0.00, 1.00, 1.00, 1.00, 0.00, 0.00, 0.00, 1.00, 1.00, 1.00, 0.00, 0.00
417,  0,  13.867,  0.98,  1, 0.00, 0.00, 1.28, 0.00, 1.29, 2.07, 0.03, 1.01, 1.31, 2.09, 0.00, 0.04, 0.00, 0.00, 1.79, 0.99, 0.05, 0.00, 0.00, 1.00, 1.00, 1.00, 1.00, 0.00, 1.00, 1.00, 1.00, 0.00, 0.00, 0.00, 1.00, 1.00, 1.00, 0.00, 0.00
418,  0,  13.900,  0.98,  1, 0.00, 0.00, 1.26, 0.00, 1.32, 2.12, 0.03, 0.98, 1.34, 2.05, 0.00, 0.09, 0.00, 0.00, 1.78, 1.06, 0.05, 0.00, 0.00, 1.00, 1.00, 1.00, 1.00, 0.00, 1.00, 1.00, 1.00, 0.00, 0.00, 0.00, 1.00, 1.00, 1.00, 0.00, 0.00
419,  0,  13.933,  0.98,  1, 0.00, 0.00, 1.37, 0.00, 1.35, 2.17, 0.03, 0.98, 1.35, 2.10, 0.00, 0.09, 0.00, 0.00, 1.76, 1.05, 0.05, 0.00, 0.00, 1.00, 1.00, 1.00, 1.00, 0.00, 1.00, 1.00, 1.00, 0.00, 0.00, 0.00, 1.00, 1.00, 1.00, 0.00, 0.00
420,  0,  13.967,  0.98,  1, 0.00, 0.13, 1.39, 0.04, 1.27, 2.17, 0.07, 0.71, 1.28, 1.87, 0.00, 0.05, 0.00, 0.00, 1.68, 0.84, 0.00, 0.00, 0.00, 1.00, 1.00, 1.00, 1.00, 0.00, 1.00, 1.00, 1.00, 0.00, 0.00, 0.00, 1.00, 1.00, 1.00, 0.00, 0.00
421,  0,  14.000,  0.98,  1, 0.00, 0.13, 1.51, 0.14, 1.17, 2.02, 0.13, 0.55, 1.17, 1.77, 0.00, 0.02, 0.00, 0.00, 1.56, 0.66, 0.00, 0.00, 0.00, 1.00, 1.00, 1.00, 1.00, 0.00, 1.00, 1.00, 1.00, 0.00, 0.00, 0.00, 1.00, 1.00, 1.00, 0.00, 0.00
422,  0,  14.033,  0.98,  1, 0.00, 0.13, 1.46, 0.17, 1.05, 1.95, 0.28, 0.43, 1.03, 1.56, 0.00, 0.06, 0.00, 0.00, 1.46, 0.72, 0.00, 0.00, 0.00, 1.00, 1.00, 1.00, 1.00, 0.00, 1.00, 1.00, 1.00, 0.00, 0.00, 0.00, 1.00, 1.00, 1.00, 0.00, 0.00
423,  0,  14.067,  0.98,  1, 0.00, 0.00, 1.43, 0.13, 0.94, 1.89, 0.28, 0.41, 1.00, 1.56, 0.00, 0.05, 0.00, 0.00, 1.45, 0.89, 0.00, 0.00, 0.00, 1.00, 1.00, 1.00, 1.00, 0.00, 1.00, 1.00, 1.00, 0.00, 0.00, 0.00, 1.00, 1.00, 0.00, 0.00, 0.00
424,  0,  14.100,  0.98,  1, 0.00, 0.00, 1.40, 0.06, 0.91, 2.06, 0.22, 0.38, 0.97, 1.53, 0.00, 0.03, 0.00, 0.00, 1.42, 0.93, 0.13, 0.00, 0.00, 1.00, 1.00, 1.00, 1.00, 0.00, 1.00, 1.00, 1.00, 0.00, 0.00, 0.00, 1.00, 1.00, 0.00, 0.00, 0.00
425,  0,  14.133,  0.98,  1, 0.00, 0.00, 1.41, 0.10, 0.89, 1.86, 0.06, 0.32, 0.98, 1.59, 0.00, 0.05, 0.00, 0.00, 1.30, 0.75, 0.81, 0.00, 0.00, 1.00, 1.00, 1.00, 1.00, 0.00, 1.00, 1.00, 1.00, 0.00, 0.00, 0.00, 1.00, 1.00, 0.00, 0.00, 0.00
426,  0,  14.167,  0.98,  1, 0.00, 0.00, 1.37, 0.27, 0.84, 1.35, 0.00, 0.37, 0.97, 1.63, 0.00, 0.06, 0.00, 0.00, 1.12, 0.56, 1.69, 0.00, 0.00, 1.00, 1.00, 1.00, 1.00, 0.00, 1.00, 1.00, 1.00, 0.00, 0.00, 0.00, 1.00, 1.00, 0.00, 0.00, 1.00
427,  0,  14.200,  0.98,  1, 0.00, 0.00, 1.37, 0.32, 0.74, 0.84, 0.00, 0.51, 1.02, 1.66, 0.00, 0.11, 0.00, 0.00, 1.00, 0.44, 2.41, 0.00, 0.00, 1.00, 1.00, 1.00, 1.00, 0.00, 1.00, 1.00, 1.00, 0.00, 0.00, 0.00, 1.00, 1.00, 0.00, 0.00, 1.00
428,  0,  14.233,  0.98,  1, 0.00, 0.00, 1.27, 0.31, 0.68, 0.65, 0.00, 0.56, 1.00, 1.66, 0.00, 0.09, 0.00, 0.00, 1.06, 0.48, 2.53, 0.00, 0.00, 1.00, 1.00, 1.00, 1.00, 0.00, 1.00, 1.00, 1.00, 0.00, 0.00, 0.00, 1.00, 1.00, 0.00, 0.00, 1.00
429,  0,  14.267,  0.98,  1, 0.00, 0.00, 1.29, 0.25, 0.76, 0.86, 0.02, 0.61, 0.97, 1.71, 0.00, 0.19, 0.00, 0.00, 1.15, 0.61, 2.42, 0.00, 0.00, 1.00, 1.00, 1.00, 1.00, 0.00, 1.00, 1.00, 1.00, 0.00, 0.00, 0.00, 1.00, 1.00, 0.00, 0.00, 1.00
430,  0,  14.300,  0.98,  1, 0.00, 0.00, 1.29, 0.17, 0.87, 1.13, 0.08, 0.44, 0.91, 1.77, 0.00, 0.26, 0.00, 0.00, 1.24, 0.67, 2.08, 0.00, 0.00, 1.00, 1.00, 1.00, 1.00, 0.00, 1.00, 1.00, 1.00, 0.00, 0.00, 0.00, 1.00, 1.00, 0.00, 0.00, 1.00
431,  0,  14.333,  0.98,  1, 0.00, 0.00, 1.40, 0.11, 0.97, 1.48, 0.13, 0.53, 0.94, 1.78, 0.00, 0.36, 0.05, 0.00, 1.37, 0.78, 1.69, 0.00, 0.00, 1.00, 1.00, 1.00, 1.00, 0.00, 1.00, 1.00, 1.00, 0.00, 0.00, 0.00, 1.00, 1.00, 0.00, 0.00, 1.00
432,  0,  14.367,  0.98,  1, 0.00, 0.00, 1.49, 0.00, 1.03, 1.76, 0.14, 0.56, 0.96, 1.77, 0.00, 0.36, 0.05, 0.00, 1.43, 0.67, 1.16, 0.00, 0.00, 1.00, 1.00, 1.00, 1.00, 0.00, 1.00, 1.00, 1.00, 0.00, 0.00, 0.00, 1.00, 1.00, 0.00, 0.00, 1.00
433,  0,  14.400,  0.98,  1, 0.00, 0.00, 1.48, 0.00, 1.03, 1.92, 0.08, 0.78, 0.98, 1.76, 0.00, 0.39, 0.09, 0.00, 1.47, 0.73, 0.76, 0.00, 0.00, 1.00, 1.00, 1.00, 1.00, 0.00, 1.00, 1.00, 1.00, 0.00, 0.00, 0.00, 1.00, 1.00, 0.00, 0.00, 1.00
434,  0,  14.433,  0.98,  1, 0.00, 0.00, 1.50, 0.00, 0.98, 2.05, 0.03, 0.78, 0.93, 1.70, 0.00, 0.36, 0.04, 0.00, 1.36, 0.53, 0.47, 0.00, 0.00, 1.00, 1.00, 1.00, 1.00, 0.00, 1.00, 1.00, 1.00, 0.00, 0.00, 0.00, 1.00, 1.00, 0.00, 0.00, 1.00
435,  0,  14.467,  0.98,  1, 0.00, 0.00, 1.49, 0.00, 0.94, 2.33, 0.00, 0.80, 0.93, 1.68, 0.00, 0.35, 0.04, 0.00, 1.30, 0.48, 0.24, 0.00, 0.00, 1.00, 1.00, 1.00, 1.00, 0.00, 1.00, 0.00, 1.00, 0.00, 0.00, 0.00, 1.00, 1.00, 0.00, 0.00, 1.00
436,  0,  14.500,  0.98,  1, 0.00, 0.00, 1.52, 0.00, 0.92, 2.43, 0.00, 0.68, 0.87, 1.66, 0.00, 0.37, 0.00, 0.00, 1.23, 0.42, 0.15, 0.00, 0.00, 1.00, 1.00, 1.00, 1.00, 0.00, 1.00, 0.00, 1.00, 0.00, 0.00, 0.00, 1.00, 1.00, 0.00, 0.00, 1.00
437,  0,  14.533,  0.98,  1, 0.00, 0.00, 1.50, 0.00, 0.92, 2.60, 0.04, 0.58, 0.81, 1.67, 0.00, 0.48, 0.00, 0.00, 1.12, 0.46, 0.06, 0.00, 0.00, 1.00, 1.00, 1.00, 1.00, 0.00, 1.00, 0.00, 1.00, 0.00, 0.00, 0.00, 1.00, 1.00, 0.00, 0.00, 1.00
438,  0,  14.567,  0.98,  1, 0.00, 0.02, 1.48, 0.00, 0.88, 2.52, 0.07, 0.50, 0.70, 1.66, 0.00, 0.56, 0.00, 0.00, 1.08, 0.42, 0.06, 0.00, 0.00, 1.00, 1.00, 1.00, 1.00, 0.00, 1.00, 0.00, 1.00, 0.00, 0.00, 0.00, 1.00, 0.00, 0.00, 0.00, 1.00
439,  0,  14.600,  0.98,  1, 0.00, 0.02, 1.57, 0.00, 0.86, 2.66, 0.09, 0.42, 0.57, 1.57, 0.00, 0.65, 0.00, 0.01, 0.87, 0.25, 0.02, 0.00, 0.00, 1.00, 1.00, 1.00, 1.00, 0.00, 1.00, 0.00, 1.00, 0.00, 0.00, 0.00, 1.00, 0.00, 0.00, 0.00, 0.00
440,  0,  14.633,  0.98,  1, 0.00, 0.02, 1.57, 0.00, 0.87, 2.56, 0.08, 0.38, 0.50, 1.59, 0.00, 0.59, 0.00, 0.01, 0.74, 0.12, 0.00, 0.00, 0.00, 1.00, 1.00, 1.00, 1.00, 0.00, 1.00, 0.00, 1.00, 0.00, 0.00, 0.00, 1.00, 0.00, 0.00, 0.00, 0.00
441,  0,  14.667,  0.98,  1, 0.00, 0.00, 1.55, 0.00, 0.92, 2.53, 0.06, 0.35, 0.49, 1.60, 0.00, 0.60, 0.00, 0.05, 0.50, 0.01, 0.00, 0.00, 0.00, 1.00, 1.00, 1.00, 1.00, 0.00, 1.00, 0.00, 1.00, 0.00, 0.00, 0.00, 1.00, 0.00, 0.00, 0.00, 0.00
442,  0,  14.700,  0.98,  1, 0.00, 0.00, 1.35, 0.00, 0.91, 2.21, 0.04, 0.45, 0.45, 1.52, 0.06, 0.61, 0.12, 0.10, 0.30, 0.00, 0.00, 0.00, 0.00, 1.00, 1.00, 1.00, 1.00, 0.00, 1.00, 0.00, 1.00, 1.00, 1.00, 0.00, 1.00, 0.00, 0.00, 0.00, 0.00
443,  0,  14.733,  0.98,  1, 0.00, 0.00, 1.26, 0.00, 0.84, 2.18, 0.04, 0.50, 0.39, 1.48, 0.13, 0.81, 0.19, 0.20, 0.10, 0.00, 0.00, 0.00, 0.00, 1.00, 1.00, 1.00, 1.00, 0.00, 1.00, 0.00, 1.00, 1.00, 1.00, 0.00, 1.00, 0.00, 0.00, 0.00, 0.00
444,  0,  14.767,  0.98,  1, 0.00, 0.00, 1.26, 0.00, 0.76, 1.92, 0.04, 0.48, 0.26, 1.30, 0.17, 0.92, 0.35, 0.25, 0.00, 0.00, 0.00, 0.00, 0.00, 1.00, 1.00, 0.00, 1.00, 0.00, 1.00, 0.00, 1.00, 1.00, 1.00, 0.00, 1.00, 0.00, 0.00, 0.00, 0.00
445,  0,  14.800,  0.98,  1, 0.00, 0.00, 1.37, 0.00, 0.69, 1.70, 0.04, 0.46, 0.25, 1.28, 0.27, 0.98, 0.29, 0.24, 0.00, 0.06, 0.00, 0.00, 0.00, 1.00, 1.00, 0.00, 1.00, 0.00, 1.00, 0.00, 1.00, 1.00, 1.00, 0.00, 1.00, 0.00, 0.00, 0.00, 0.00
446,  0,  14.833,  0.98,  1, 0.00, 0.00, 1.39, 0.00, 0.69, 1.36, 0.01, 0.42, 0.25, 1.24, 0.33, 0.91, 0.32, 0.18, 0.05, 0.06, 0.00, 0.00, 0.00, 1.00, 1.00, 0.00, 1.00, 0.00, 1.00, 0.00, 1.00, 1.00, 1.00, 0.00, 1.00, 0.00, 0.00, 0.00, 0.00
447,  0,  14.867,  0.98,  1, 0.00, 0.00, 1.33, 0.00, 0.67, 1.39, 0.00, 0.43, 0.26, 1.33, 0.42, 0.86, 0.22, 0.13, 0.09, 0.09, 0.00, 0.00, 0.00, 1.00, 1.00, 0.00, 1.00, 0.00, 1.00, 0.00, 1.00, 1.00, 1.00, 0.00, 1.00, 0.00, 0.00, 0.00, 0.00
448,  0,  14.900,  0.98,  1, 0.00, 0.00, 1.33, 0.00, 0.72, 1.62, 0.00, 0.41, 0.29, 1.40, 0.35, 0.82, 0.26, 0.08, 0.10, 0.06, 0.00, 0.00, 0.00, 1.00, 1.00, 1.00, 1.00, 0.00, 1.00, 0.00, 1.00, 1.00, 1.00, 0.00, 1.00, 0.00, 0.00, 0.00, 0.00
449,  0,  14.933,  0.98,  1, 0.00, 0.00, 1.39, 0.00, 0.74, 1.74, 0.02, 0.45, 0.33, 1.44, 0.32, 0.75, 0.23, 0.04, 0.13, 0.07, 0.00, 0.00, 0.00, 1.00, 1.00, 1.00, 1.00, 0.00, 1.00, 0.00, 1.00, 1.00, 1.00, 0.00, 1.00, 0.00, 0.00, 0.00, 0.00
450,  0,  14.967,  0.98,  1, 0.00, 0.00, 1.40, 0.00, 0.81, 1.81, 0.06, 0.46, 0.35, 1.46, 0.24, 0.70, 0.31, 0.03, 0.14, 0.07, 0.00, 0.00, 0.00, 1.00, 1.00, 1.00, 1.00, 0.00, 1.00, 0.00, 1.00, 1.00, 1.00, 0.00, 1.00, 0.00, 0.00, 0.00, 0.00
451,  0,  15.000,  0.98,  1, 0.00, 0.00, 1.37, 0.00, 0.85, 1.88, 0.06, 0.38, 0.35, 1.49, 0.31, 0.67, 0.38, 0.05, 0.14, 0.10, 0.00, 0.00, 0.00, 1.00, 1.00, 1.00, 1.00, 0.00, 1.00, 0.00, 1.00, 1.00, 1.00, 0.00, 1.00, 0.00, 0.00, 0.00, 0.00
452,  0,  15.033,  0.98,  1, 0.00, 0.00, 1.33, 0.00, 0.89, 1.98, 0.05, 0.27, 0.34, 1.57, 0.35, 0.74, 0.49, 0.08, 0.09, 0.15, 0.00, 0.00, 0.00, 1.00, 1.00, 1.00, 1.00, 0.00, 1.00, 0.00, 1.00, 1.00, 1.00, 0.00, 1.00, 0.00, 0.00, 0.00, 0.00
453,  0,  15.067,  0.98,  1, 0.00, 0.00, 1.29, 0.00, 0.92, 1.91, 0.00, 0.22, 0.38, 1.58, 0.43, 0.75, 0.53, 0.08, 0.09, 0.12, 0.00, 0.00, 0.00, 1.00, 1.00, 1.00, 1.00, 0.00, 1.00, 0.00, 1.00, 1.00, 1.00, 0.00, 1.00, 0.00, 0.00, 0.00, 0.00
454,  0,  15.100,  0.98,  1, 0.00, 0.00, 1.31, 0.00, 0.91, 1.79, 0.05, 0.33, 0.38, 1.65, 0.28, 0.80, 0.42, 0.06, 0.08, 0.06, 0.00, 0.00, 0.00, 1.00, 1.00, 1.00, 1.00, 0.00, 1.00, 0.00, 1.00, 1.00, 1.00, 0.00, 1.00, 0.00, 0.00, 0.00, 0.00
455,  0,  15.133,  0.98,  1, 0.03, 0.02, 1.34, 0.00, 0.91, 1.67, 0.13, 0.47, 0.36, 1.64, 0.22, 0.86, 0.34, 0.02, 0.03, 0.00, 0.00, 0.00, 0.00, 1.00, 1.00, 1.00, 1.00, 0.00, 1.00, 0.00, 1.00, 1.00, 1.00, 0.00, 1.00, 0.00, 0.00, 0.00, 0.00
456,  0,  15.167,  0.98,  1, 0.03, 0.02, 1.44, 0.00, 0.89, 1.69, 0.19, 0.49, 0.32, 1.61, 0.12, 0.87, 0.18, 0.04, 0.00, 0.00, 0.00, 0.00, 0.00, 1.00, 1.00, 1.00, 1.00, 0.00, 1.00, 0.00, 1.00, 1.00, 1.00, 0.00, 1.00, 0.00, 0.00, 0.00, 0.00
457,  0,  15.200,  0.98,  1, 0.03, 0.02, 1.46, 0.00, 0.93, 1.76, 0.20, 0.48, 0.28, 1.51, 0.11, 0.85, 0.19, 0.07, 0.00, 0.00, 0.00, 0.00, 0.00, 1.00, 1.00, 1.00, 1.00, 0.00, 1.00, 0.00, 1.00, 1.00, 1.00, 0.00, 1.00, 0.00, 0.00, 0.00, 0.00
458,  0,  15.233,  0.98,  1, 0.00, 0.00, 1.51, 0.00, 0.94, 1.79, 0.18, 0.41, 0.25, 1.47, 0.10, 0.73, 0.20, 0.08, 0.00, 0.00, 0.00, 0.00, 0.00, 1.00, 1.00, 1.00, 1.00, 0.00, 1.00, 0.00, 1.00, 1.00, 1.00, 0.00, 1.00, 0.00, 0.00, 0.00, 0.00
459,  0,  15.267,  0.98,  1, 0.00, 0.00, 1.51, 0.00, 0.95, 1.86, 0.14, 0.42, 0.20, 1.51, 0.10, 0.78, 0.26, 0.08, 0.00, 0.00, 0.00, 0.00, 0.00, 1.00, 1.00, 1.00, 1.00, 0.00, 1.00, 0.00, 1.00, 1.00, 1.00, 0.00, 1.00, 0.00, 0.00, 0.00, 0.00
460,  0,  15.300,  0.98,  1, 0.00, 0.00, 1.45, 0.00, 0.92, 1.83, 0.08, 0.47, 0.22, 1.55, 0.11, 0.76, 0.23, 0.10, 0.00, 0.00, 0.00, 0.00, 0.00, 1.00, 1.00, 1.00, 1.00, 0.00, 1.00, 0.00, 1.00, 1.00, 1.00, 0.00, 1.00, 0.00, 0.00, 0.00, 0.00
461,  0,  15.333,  0.98,  1, 0.00, 0.00, 1.40, 0.00, 0.90, 1.77, 0.03, 0.50, 0.26, 1.56, 0.04, 0.81, 0.16, 0.12, 0.01, 0.00, 0.00, 0.00, 0.00, 1.00, 1.00, 1.00, 1.00, 0.00, 1.00, 0.00, 1.00, 1.00, 1.00, 0.00, 1.00, 0.00, 0.00, 0.00, 0.00
462,  0,  15.367,  0.98,  1, 0.00, 0.00, 1.36, 0.00, 0.95, 1.85, 0.05, 0.59, 0.32, 1.57, 0.03, 0.75, 0.08, 0.14, 0.01, 0.00, 0.00, 0.00, 0.00, 1.00, 1.00, 1.00, 1.00, 0.00, 1.00, 0.00, 1.00, 0.00, 1.00, 0.00, 1.00, 0.00, 0.00, 0.00, 0.00
463,  0,  15.400,  0.98,  1, 0.00, 0.00, 1.39, 0.00, 0.99, 2.01, 0.08, 0.61, 0.32, 1.56, 0.00, 0.71, 0.10, 0.17, 0.01, 0.00, 0.00, 0.00, 0.00, 1.00, 1.00, 1.00, 1.00, 0.00, 1.00, 0.00, 1.00, 0.00, 1.00, 0.00, 1.00, 0.00, 0.00, 0.00, 0.00
464,  0,  15.433,  0.98,  1, 0.00, 0.00, 1.35, 0.00, 1.00, 2.24, 0.12, 0.62, 0.32, 1.56, 0.00, 0.62, 0.08, 0.19, 0.00, 0.00, 0.00, 0.00, 0.00, 1.00, 1.00, 1.00, 1.00, 0.00, 1.00, 0.00, 1.00, 0.00, 1.00, 0.00, 1.00, 0.00, 0.00, 0.00, 0.00
465,  0,  15.467,  0.98,  1, 0.00, 0.00, 1.25, 0.00, 0.92, 2.13, 0.10, 0.56, 0.32, 1.57, 0.00, 0.60, 0.09, 0.21, 0.00, 0.00, 0.00, 0.00, 0.00, 1.00, 1.00, 1.00, 1.00, 0.00, 1.00, 0.00, 1.00, 0.00, 1.00, 0.00, 1.00, 0.00, 0.00, 0.00, 0.00
466,  0,  15.500,  0.98,  1, 0.00, 0.00, 1.18, 0.00, 0.82, 1.79, 0.08, 0.60, 0.41, 1.66, 0.00, 0.66, 0.04, 0.20, 0.00, 0.00, 0.00, 0.00, 0.00, 1.00, 1.00, 1.00, 1.00, 0.00, 1.00, 0.00, 1.00, 1.00, 1.00, 0.00, 1.00, 0.00, 0.00, 0.00, 0.00
467,  0,  15.533,  0.98,  1, 0.00, 0.00, 1.14, 0.00, 0.78, 1.59, 0.05, 0.71, 0.49, 1.69, 0.02, 0.80, 0.03, 0.20, 0.00, 0.00, 0.00, 0.00, 0.00, 1.00, 1.00, 1.00, 1.00, 0.00, 1.00, 0.00, 1.00, 1.00, 1.00, 0.00, 1.00, 0.00, 0.00, 0.00, 0.00
468,  0,  15.567,  0.98,  1, 0.00, 0.00, 1.15, 0.00, 0.74, 1.43, 0.11, 0.69, 0.51, 1.63, 0.02, 0.77, 0.01, 0.16, 0.00, 0.00, 0.03, 0.00, 0.00, 1.00, 1.00, 1.00, 1.00, 0.00, 1.00, 0.00, 1.00, 1.00, 0.00, 0.00, 1.00, 0.00, 0.00, 0.00, 0.00
469,  0,  15.600,  0.98,  1, 0.00, 0.00, 1.15, 0.00, 0.73, 1.50, 0.14, 0.51, 0.47, 1.58, 0.03, 0.72, 0.03, 0.12, 0.00, 0.00, 0.03, 0.00, 0.00, 1.00, 1.00, 1.00, 1.00, 0.00, 1.00, 0.00, 1.00, 1.00, 0.00, 0.00, 1.00, 0.00, 0.00, 0.00, 0.00
470,  0,  15.633,  0.98,  1, 0.00, 0.00, 1.15, 0.00, 0.68, 1.39, 0.18, 0.31, 0.43, 1.58, 0.02, 0.60, 0.02, 0.09, 0.03, 0.00, 0.03, 0.00, 0.00, 1.00, 1.00, 1.00, 1.00, 0.00, 1.00, 0.00, 1.00, 1.00, 0.00, 0.00, 1.00, 0.00, 0.00, 0.00, 0.00
471,  0,  15.667,  0.98,  1, 0.00, 0.00, 1.18, 0.00, 0.69, 1.40, 0.10, 0.30, 0.48, 1.68, 0.02, 0.59, 0.02, 0.09, 0.10, 0.00, 0.00, 0.00, 0.00, 1.00, 1.00, 1.00, 1.00, 0.00, 1.00, 0.00, 1.00, 1.00, 0.00, 0.00, 1.00, 0.00, 0.00, 0.00, 0.00
472,  0,  15.700,  0.98,  1, 0.00, 0.00, 1.18, 0.00, 0.70, 1.34, 0.10, 0.41, 0.49, 1.63, 0.00, 0.49, 0.04, 0.09, 0.22, 0.00, 0.00, 0.00, 0.00, 1.00, 1.00, 0.00, 1.00, 0.00, 1.00, 1.00, 1.00, 0.00, 0.00, 0.00, 1.00, 0.00, 0.00, 0.00, 0.00
473,  0,  15.733,  0.98,  1, 0.00, 0.00, 1.22, 0.00, 0.71, 1.49, 0.12, 0.50, 0.51, 1.48, 0.00, 0.41, 0.06, 0.05, 0.34, 0.00, 0.00, 0.00, 0.00, 1.00, 1.00, 0.00, 1.00, 0.00, 1.00, 1.00, 1.00, 0.00, 0.00, 0.00, 1.00, 0.00, 0.00, 0.00, 0.00
474,  0,  15.767,  0.98,  1, 0.01, 0.00, 1.32, 0.00, 0.75, 1.60, 0.11, 0.63, 0.51, 1.37, 0.00, 0.37, 0.10, 0.02, 0.39, 0.05, 0.15, 0.00, 0.00, 1.00, 1.00, 1.00, 1.00, 0.00, 1.00, 1.00, 1.00, 0.00, 0.00, 0.00, 1.00, 0.00, 0.00, 0.00, 0.00
475,  0,  15.800,  0.98,  1, 0.01, 0.00, 1.45, 0.01, 0.80, 1.65, 0.06, 0.66, 0.62, 1.28, 0.00, 0.41, 0.07, 0.00, 0.54, 0.05, 0.74, 0.00, 0.00, 1.00, 1.00, 1.00, 1.00, 0.00, 1.00, 1.00, 1.00, 0.00, 0.00, 0.00, 1.00, 0.00, 0.00, 0.00, 1.00
476,  0,  15.833,  0.98,  1, 0.01, 0.00, 1.52, 0.07, 0.83, 1.46, 0.01, 0.69, 0.77, 1.31, 0.00, 0.39, 0.05, 0.00, 0.76, 0.14, 1.41, 0.00, 0.00, 1.00, 1.00, 1.00, 1.00, 0.00, 1.00, 1.00, 1.00, 0.00, 0.00, 0.00, 1.00, 0.00, 0.00, 0.00, 1.00
477,  0,  15.867,  0.98,  1, 0.00, 0.00, 1.46, 0.19, 0.91, 1.36, 0.01, 0.67, 0.94, 1.28, 0.00, 0.29, 0.00, 0.00, 1.17, 0.21, 1.85, 0.00, 0.00, 1.00, 1.00, 1.00, 1.00, 0.00, 1.00, 1.00, 1.00, 0.00, 0.00, 0.00, 1.00, 1.00, 0.00, 0.00, 1.00
478,  0,  15.900,  0.98,  1, 0.00, 0.00, 1.32, 0.18, 0.97, 1.57, 0.01, 0.79, 1.02, 1.33, 0.00, 0.21, 0.00, 0.00, 1.45, 0.39, 1.61, 0.00, 0.00, 1.00, 1.00, 1.00, 1.00, 0.00, 1.00, 1.00, 1.00, 0.00, 0.00, 0.00, 1.00, 1.00, 0.00, 0.00, 1.00
479,  0,  15.933,  0.98,  1, 0.00, 0.00, 1.15, 0.12, 1.03, 1.86, 0.01, 0.86, 1.04, 1.45, 0.00, 0.17, 0.03, 0.00, 1.65, 0.49, 1.06, 0.00, 0.00, 1.00, 1.00, 1.00, 1.00, 0.00, 1.00, 1.00, 1.00, 0.00, 0.00, 0.00, 1.00, 1.00, 1.00, 0.00, 1.00
480,  0,  15.967,  0.98,  1, 0.00, 0.00, 1.08, 0.00, 1.00, 1.90, 0.01, 0.86, 0.97, 1.49, 0.00, 0.14, 0.03, 0.00, 1.59, 0.62, 0.54, 0.00, 0.00, 0.00, 1.00, 1.00, 1.00, 0.00, 1.00, 1.00, 1.00, 0.00, 0.00, 0.00, 1.00, 1.00, 1.00, 0.00, 1.00
481,  0,  16.000,  0.98,  1, 0.00, 0.00, 1.02, 0.00, 0.89, 1.66, 0.01, 0.69, 0.88, 1.47, 0.00, 0.08, 0.03, 0.00, 1.53, 0.70, 0.22, 0.00, 0.00, 0.00, 1.00, 1.00, 1.00, 0.00, 1.00, 1.00, 1.00, 0.00, 0.00, 0.00, 1.00, 1.00, 1.00, 0.00, 1.00
482,  0,  16.033,  0.98,  1, 0.00, 0.00, 1.05, 0.00, 0.83, 1.42, 0.01, 0.55, 0.79, 1.40, 0.00, 0.07, 0.00, 0.00, 1.42, 0.73, 0.14, 0.00, 0.00, 0.00, 1.00, 1.00, 1.00, 0.00, 1.00, 1.00, 1.00, 0.00, 0.00, 0.00, 1.00, 1.00, 1.00, 0.00, 0.00
483,  0,  16.067,  0.98,  1, 0.00, 0.00, 1.01, 0.00, 0.74, 1.37, 0.02, 0.49, 0.75, 1.46, 0.00, 0.10, 0.00, 0.00, 1.38, 0.63, 0.07, 0.00, 0.00, 0.00, 1.00, 1.00, 1.00, 0.00, 1.00, 1.00, 1.00, 0.00, 0.00, 0.00, 1.00, 1.00, 0.00, 0.00, 0.00
484,  0,  16.100,  0.98,  1, 0.00, 0.00, 0.99, 0.00, 0.71, 1.39, 0.02, 0.48, 0.75, 1.59, 0.00, 0.13, 0.00, 0.00, 1.32, 0.57, 0.03, 0.00, 0.00, 0.00, 1.00, 1.00, 1.00, 0.00, 1.00, 1.00, 1.00, 0.00, 0.00, 0.00, 1.00, 1.00, 0.00, 0.00, 0.00
485,  0,  16.133,  0.98,  1, 0.00, 0.00, 0.93, 0.00, 0.69, 1.37, 0.02, 0.44, 0.76, 1.68, 0.00, 0.17, 0.00, 0.00, 1.25, 0.46, 0.00, 0.00, 0.00, 0.00, 1.00, 1.00, 1.00, 0.00, 1.00, 1.00, 1.00, 0.00, 0.00, 0.00, 1.00, 1.00, 0.00, 0.00, 0.00
486,  0,  16.167,  0.98,  1, 0.00, 0.00, 0.96, 0.00, 0.70, 1.40, 0.00, 0.41, 0.69, 1.76, 0.00, 0.29, 0.00, 0.00, 1.24, 0.39, 0.00, 0.00, 0.00, 1.00, 1.00, 1.00, 1.00, 0.00, 1.00, 1.00, 1.00, 0.00, 0.00, 0.00, 1.00, 1.00, 0.00, 0.00, 0.00
487,  0,  16.200,  0.98,  1, 0.00, 0.00, 0.97, 0.00, 0.63, 1.40, 0.00, 0.33, 0.60, 1.63, 0.00, 0.42, 0.00, 0.00, 1.17, 0.20, 0.00, 0.00, 0.00, 1.00, 1.00, 1.00, 1.00, 0.00, 1.00, 1.00, 1.00, 0.00, 0.00, 0.00, 1.00, 0.00, 0.00, 0.00, 0.00
488,  0,  16.233,  0.98,  1, 0.00, 0.00, 1.02, 0.00, 0.56, 1.53, 0.00, 0.25, 0.44, 1.54, 0.00, 0.50, 0.00, 0.00, 1.01, 0.10, 0.00, 0.00, 0.00, 1.00, 1.00, 0.00, 1.00, 0.00, 1.00, 0.00, 1.00, 0.00, 0.00, 0.00, 1.00, 0.00, 0.00, 0.00, 0.00
489,  0,  16.267,  0.98,  1, 0.01, 0.00, 1.02, 0.00, 0.51, 1.54, 0.00, 0.13, 0.33, 1.42, 0.00, 0.54, 0.00, 0.00, 0.85, 0.01, 0.00, 0.00, 0.00, 1.00, 1.00, 0.00, 1.00, 0.00, 1.00, 0.00, 1.00, 0.00, 0.00, 0.00, 1.00, 0.00, 0.00, 0.00, 0.00
490,  0,  16.300,  0.98,  1, 0.01, 0.00, 1.04, 0.00, 0.49, 1.43, 0.00, 0.04, 0.23, 1.43, 0.10, 0.56, 0.00, 0.00, 0.71, 0.00, 0.00, 0.00, 0.00, 1.00, 1.00, 0.00, 1.00, 0.00, 1.00, 0.00, 1.00, 0.00, 0.00, 0.00, 1.00, 0.00, 0.00, 0.00, 0.00
491,  0,  16.333,  0.98,  1, 0.01, 0.00, 1.07, 0.00, 0.47, 1.26, 0.00, 0.03, 0.20, 1.39, 0.18, 0.65, 0.00, 0.00, 0.61, 0.00, 0.00, 0.00, 0.00, 1.00, 1.00, 0.00, 1.00, 0.00, 1.00, 0.00, 1.00, 0.00, 0.00, 0.00, 1.00, 0.00, 0.00, 0.00, 0.00
492,  0,  16.367,  0.98,  1, 0.00, 0.00, 1.07, 0.00, 0.36, 1.15, 0.00, 0.03, 0.14, 1.36, 0.24, 0.75, 0.00, 0.00, 0.37, 0.00, 0.00, 0.00, 0.00, 1.00, 1.00, 0.00, 1.00, 0.00, 1.00, 0.00, 1.00, 0.00, 0.00, 0.00, 1.00, 0.00, 0.00, 0.00, 0.00
493,  0,  16.400,  0.98,  1, 0.00, 0.00, 1.12, 0.00, 0.28, 1.02, 0.00, 0.03, 0.08, 1.36, 0.24, 0.82, 0.00, 0.00, 0.21, 0.00, 0.00, 0.00, 0.00, 1.00, 1.00, 0.00, 1.00, 0.00, 1.00, 0.00, 1.00, 0.00, 0.00, 0.00, 1.00, 0.00, 0.00, 0.00, 0.00
494,  0,  16.433,  0.98,  1, 0.00, 0.00, 1.09, 0.00, 0.18, 0.90, 0.00, 0.00, 0.01, 1.36, 0.25, 0.82, 0.00, 0.00, 0.12, 0.01, 0.00, 0.00, 0.00, 1.00, 1.00, 0.00, 1.00, 0.00, 1.00, 0.00, 1.00, 0.00, 1.00, 0.00, 1.00, 0.00, 0.00, 0.00, 0.00
495,  0,  16.467,  0.98,  1, 0.00, 0.00, 1.13, 0.00, 0.19, 0.87, 0.00, 0.00, 0.00, 1.36, 0.18, 0.76, 0.00, 0.00, 0.17, 0.01, 0.01, 0.00, 0.00, 1.00, 1.00, 0.00, 1.00, 0.00, 1.00, 0.00, 1.00, 0.00, 1.00, 0.00, 1.00, 0.00, 0.00, 0.00, 0.00
496,  0,  16.500,  0.98,  1, 0.00, 0.00, 1.11, 0.00, 0.18, 0.98, 0.00, 0.00, 0.00, 1.34, 0.09, 0.69, 0.00, 0.00, 0.11, 0.01, 0.01, 0.00, 0.00, 1.00, 1.00, 0.00, 1.00, 0.00, 1.00, 0.00, 1.00, 0.00, 1.00, 0.00, 1.00, 0.00, 0.00, 0.00, 0.00
497,  0,  16.533,  0.98,  1, 0.00, 0.00, 1.14, 0.00, 0.17, 1.01, 0.00, 0.00, 0.00, 1.29, 0.00, 0.61, 0.00, 0.00, 0.06, 0.00, 0.01, 0.00, 0.00, 1.00, 1.00, 0.00, 1.00, 0.00, 1.00, 0.00, 1.00, 0.00, 1.00, 0.00, 1.00, 0.00, 0.00, 0.00, 0.00
498,  0,  16.567,  0.98,  1, 0.00, 0.00, 1.12, 0.00, 0.14, 1.15, 0.00, 0.00, 0.00, 1.25, 0.00, 0.58, 0.00, 0.00, 0.03, 0.00, 0.04, 0.00, 0.00, 1.00, 1.00, 0.00, 1.00, 0.00, 1.00, 0.00, 1.00, 0.00, 0.00, 0.00, 1.00, 0.00, 0.00, 0.00, 0.00
499,  0,  16.600,  0.98,  1, 0.00, 0.00, 1.20, 0.00, 0.17, 1.25, 0.00, 0.00, 0.00, 1.30, 0.00, 0.54, 0.00, 0.00, 0.03, 0.00, 0.10, 0.00, 0.00, 1.00, 1.00, 0.00, 1.00, 0.00, 1.00, 0.00, 1.00, 0.00, 0.00, 0.00, 1.00, 0.00, 0.00, 0.00, 0.00
500,  0,  16.633,  0.98,  1, 0.00, 0.00, 1.25, 0.00, 0.22, 1.36, 0.00, 0.00, 0.00, 1.40, 0.00, 0.50, 0.00, 0.00, 0.04, 0.00, 0.13, 0.00, 0.00, 1.00, 1.00, 0.00, 1.00, 0.00, 1.00, 0.00, 1.00, 1.00, 0.00, 0.00, 1.00, 0.00, 0.00, 0.00, 0.00
501,  0,  16.667,  0.98,  1, 0.00, 0.00, 1.28, 0.00, 0.29, 1.36, 0.00, 0.00, 0.03, 1.54, 0.00, 0.53, 0.00, 0.00, 0.02, 0.00, 0.14, 0.00, 0.00, 1.00, 1.00, 0.00, 1.00, 0.00, 1.00, 0.00, 1.00, 1.00, 0.00, 0.00, 1.00, 0.00, 0.00, 0.00, 0.00
502,  0,  16.700,  0.98,  1, 0.00, 0.00, 1.26, 0.00, 0.39, 1.53, 0.00, 0.09, 0.09, 1.49, 0.00, 0.58, 0.00, 0.00, 0.04, 0.00, 0.08, 0.00, 0.00, 1.00, 1.00, 0.00, 1.00, 0.00, 1.00, 0.00, 1.00, 1.00, 0.00, 0.00, 1.00, 0.00, 0.00, 0.00, 0.00
503,  0,  16.733,  0.98,  1, 0.00, 0.00, 1.23, 0.00, 0.49, 1.82, 0.02, 0.20, 0.14, 1.40, 0.00, 0.64, 0.00, 0.00, 0.04, 0.00, 0.05, 0.00, 0.00, 1.00, 1.00, 0.00, 1.00, 0.00, 1.00, 0.00, 1.00, 1.00, 0.00, 0.00, 1.00, 0.00, 0.00, 0.00, 0.00
504,  0,  16.767,  0.98,  1, 0.00, 0.00, 1.22, 0.00, 0.53, 1.99, 0.06, 0.23, 0.16, 1.32, 0.00, 0.75, 0.00, 0.02, 0.04, 0.00, 0.01, 0.00, 0.00, 1.00, 1.00, 0.00, 1.00, 0.00, 1.00, 0.00, 1.00, 1.00, 1.00, 0.00, 1.00, 0.00, 0.00, 0.00, 0.00
505,  0,  16.800,  0.98,  1, 0.00, 0.08, 1.20, 0.00, 0.48, 2.07, 0.08, 0.14, 0.15, 1.29, 0.06, 0.84, 0.00, 0.06, 0.01, 0.00, 0.01, 0.00, 0.00, 1.00, 1.00, 0.00, 1.00, 0.00, 1.00, 0.00, 1.00, 1.00, 1.00, 0.00, 1.00, 0.00, 0.00, 0.00, 0.00
506,  0,  16.833,  0.98,  1, 0.00, 0.08, 1.23, 0.00, 0.45, 2.03, 0.07, 0.11, 0.15, 1.31, 0.16, 0.98, 0.00, 0.08, 0.00, 0.00, 0.05, 0.00, 0.00, 1.00, 1.00, 0.00, 1.00, 0.00, 1.00, 0.00, 1.00, 1.00, 1.00, 0.00, 1.00, 0.00, 0.00, 0.00, 0.00
507,  0,  16.867,  0.98,  1, 0.04, 0.08, 1.28, 0.00, 0.46, 1.92, 0.03, 0.15, 0.22, 1.31, 0.31, 0.91, 0.00, 0.06, 0.00, 0.06, 0.67, 0.00, 0.00, 1.00, 1.00, 0.00, 1.00, 0.00, 1.00, 0.00, 1.00, 1.00, 1.00, 0.00, 1.00, 0.00, 0.00, 0.00, 0.00
508,  0,  16.900,  0.98,  1, 0.06, 0.00, 1.35, 0.08, 0.51, 1.64, 0.07, 0.17, 0.28, 1.29, 0.43, 0.83, 0.00, 0.02, 0.00, 0.07, 1.53, 0.00, 0.00, 1.00, 1.00, 0.00, 1.00, 0.00, 1.00, 0.00, 1.00, 1.00, 1.00, 0.00, 1.00, 0.00, 0.00, 0.00, 1.00
509,  0,  16.933,  0.98,  1, 0.10, 0.00, 1.34, 0.09, 0.54, 1.32, 0.09, 0.12, 0.36, 1.20, 0.57, 0.67, 0.00, 0.00, 0.00, 0.07, 2.31, 0.00, 0.00, 1.00, 1.00, 0.00, 1.00, 0.00, 1.00, 0.00, 1.00, 1.00, 1.00, 0.00, 1.00, 0.00, 0.00, 0.00, 1.00
510,  0,  16.967,  0.98,  1, 0.06, 0.00, 1.29, 0.09, 0.63, 1.58, 0.14, 0.10, 0.34, 1.20, 0.53, 0.52, 0.00, 0.00, 0.00, 0.02, 2.21, 0.00, 0.00, 1.00, 1.00, 0.00, 1.00, 0.00, 1.00, 0.00, 1.00, 1.00, 1.00, 0.00, 1.00, 0.00, 0.00, 0.00, 1.00
511,  0,  17.000,  0.98,  1, 0.05, 0.00, 1.31, 0.00, 0.67, 2.02, 0.09, 0.14, 0.30, 1.29, 0.43, 0.50, 0.00, 0.00, 0.00, 0.01, 1.52, 0.00, 0.00, 1.00, 1.00, 0.00, 1.00, 0.00, 1.00, 0.00, 1.00, 1.00, 0.00, 0.00, 1.00, 0.00, 0.00, 0.00, 1.00
512,  0,  17.033,  0.98,  1, 0.01, 0.00, 1.27, 0.00, 0.66, 2.31, 0.06, 0.17, 0.21, 1.42, 0.24, 0.54, 0.00, 0.00, 0.00, 0.02, 0.86, 0.00, 0.00, 1.00, 1.00, 0.00, 1.00, 0.00, 1.00, 0.00, 1.00, 1.00, 0.00, 0.00, 1.00, 0.00, 0.00, 0.00, 0.00
513,  0,  17.067,  0.98,  1, 0.01, 0.00, 1.22, 0.00, 0.59, 2.12, 0.00, 0.13, 0.13, 1.37, 0.26, 0.63, 0.00, 0.00, 0.00, 0.01, 0.34, 0.00, 0.00, 1.00, 1.00, 0.00, 1.00, 0.00, 1.00, 0.00, 1.00, 1.00, 0.00, 0.00, 1.00, 0.00, 0.00, 0.00, 0.00
514,  0,  17.100,  0.98,  1, 0.00, 0.00, 1.12, 0.00, 0.45, 1.82, 0.00, 0.06, 0.06, 1.28, 0.22, 0.65, 0.00, 0.00, 0.00, 0.01, 0.17, 0.00, 0.00, 1.00, 1.00, 0.00, 1.00, 0.00, 1.00, 0.00, 1.00, 1.00, 1.00, 0.00, 1.00, 0.00, 0.00, 0.00, 0.00
515,  0,  17.133,  0.98,  1, 0.00, 0.06, 1.03, 0.00, 0.35, 1.57, 0.00, 0.00, 0.02, 1.27, 0.19, 0.69, 0.00, 0.00, 0.00, 0.00, 0.07, 0.00, 0.00, 1.00, 1.00, 0.00, 1.00, 0.00, 1.00, 0.00, 1.00, 1.00, 1.00, 0.00, 1.00, 0.00, 0.00, 0.00, 0.00
516,  0,  17.167,  0.98,  1, 0.00, 0.08, 1.05, 0.00, 0.24, 1.15, 0.00, 0.00, 0.00, 1.27, 0.14, 0.81, 0.00, 0.03, 0.00, 0.00, 0.06, 0.00, 0.00, 1.00, 1.00, 0.00, 1.00, 0.00, 1.00, 0.00, 1.00, 1.00, 1.00, 0.00, 1.00, 0.00, 0.00, 0.00, 0.00
517,  0,  17.200,  0.98,  1, 0.02, 0.08, 1.04, 0.00, 0.19, 0.98, 0.00, 0.00, 0.00, 1.34, 0.24, 0.96, 0.00, 0.08, 0.00, 0.00, 0.08, 0.00, 0.00, 1.00, 1.00, 0.00, 1.00, 0.00, 1.00, 0.00, 1.00, 1.00, 1.00, 0.00, 1.00, 0.00, 0.00, 0.00, 0.00
518,  0,  17.233,  0.98,  1, 0.09, 0.02, 1.12, 0.00, 0.16, 0.96, 0.00, 0.00, 0.00, 1.35, 0.38, 1.01, 0.00, 0.12, 0.00, 0.00, 0.03, 0.00, 0.00, 1.00, 1.00, 0.00, 1.00, 0.00, 1.00, 0.00, 1.00, 1.00, 1.00, 0.00, 1.00, 0.00, 0.00, 0.00, 0.00
519,  0,  17.267,  0.98,  1, 0.09, 0.00, 1.10, 0.00, 0.14, 1.05, 0.00, 0.00, 0.00, 1.34, 0.51, 1.01, 0.01, 0.10, 0.00, 0.00, 0.03, 0.00, 0.00, 1.00, 1.00, 0.00, 1.00, 0.00, 1.00, 0.00, 1.00, 1.00, 1.00, 0.00, 1.00, 0.00, 0.00, 0.00, 0.00
520,  0,  17.300,  0.98,  1, 0.08, 0.00, 1.12, 0.00, 0.15, 1.15, 0.00, 0.00, 0.00, 1.25, 0.45, 0.99, 0.01, 0.04, 0.00, 0.00, 0.00, 0.00, 0.00, 1.00, 1.00, 0.00, 1.00, 0.00, 1.00, 0.00, 1.00, 1.00, 1.00, 0.00, 1.00, 0.00, 0.00, 0.00, 0.00
521,  0,  17.333,  0.98,  1, 0.01, 0.00, 1.09, 0.00, 0.14, 1.04, 0.00, 0.00, 0.00, 1.18, 0.35, 1.02, 0.01, 0.01, 0.00, 0.00, 0.00, 0.00, 0.00, 1.00, 1.00, 0.00, 1.00, 0.00, 1.00, 0.00, 1.00, 1.00, 1.00, 0.00, 1.00, 0.00, 0.00, 0.00, 0.00
522,  0,  17.367,  0.98,  1, 0.02, 0.00, 1.05, 0.00, 0.11, 1.03, 0.00, 0.00, 0.00, 1.21, 0.16, 1.02, 0.00, 0.00, 0.00, 0.00, 0.00, 0.00, 0.00, 1.00, 1.00, 0.00, 1.00, 0.00, 1.00, 0.00, 1.00, 1.00, 1.00, 0.00, 1.00, 0.00, 0.00, 0.00, 0.00
523,  0,  17.400,  0.98,  1, 0.04, 0.00, 1.07, 0.00, 0.12, 0.83, 0.00, 0.00, 0.00, 1.22, 0.11, 0.97, 0.00, 0.00, 0.00, 0.00, 0.00, 0.00, 0.00, 1.00, 1.00, 0.00, 1.00, 0.00, 1.00, 0.00, 1.00, 1.00, 1.00, 0.00, 1.00, 0.00, 0.00, 0.00, 0.00
524,  0,  17.433,  0.98,  1, 0.08, 0.00, 1.05, 0.00, 0.15, 0.96, 0.00, 0.00, 0.00, 1.25, 0.05, 0.92, 0.00, 0.00, 0.00, 0.00, 0.00, 0.00, 0.00, 1.00, 1.00, 0.00, 1.00, 0.00, 1.00, 0.00, 1.00, 1.00, 1.00, 0.00, 1.00, 0.00, 0.00, 0.00, 0.00
525,  0,  17.467,  0.98,  1, 0.13, 0.00, 1.11, 0.00, 0.17, 0.94, 0.00, 0.00, 0.00, 1.25, 0.04, 0.92, 0.00, 0.00, 0.00, 0.00, 0.00, 0.00, 0.00, 1.00, 1.00, 0.00, 1.00, 0.00, 1.00, 0.00, 1.00, 1.00, 1.00, 0.00, 1.00, 0.00, 0.00, 0.00, 0.00
526,  0,  17.500,  0.98,  1, 0.10, 0.00, 1.07, 0.00, 0.18, 0.94, 0.00, 0.00, 0.00, 1.28, 0.01, 0.87, 0.00, 0.00, 0.00, 0.00, 0.00, 0.00, 0.00, 1.00, 1.00, 0.00, 1.00, 0.00, 1.00, 0.00, 1.00, 1.00, 1.00, 0.00, 1.00, 0.00, 0.00, 0.00, 0.00
527,  0,  17.533,  0.98,  1, 0.06, 0.00, 1.08, 0.00, 0.17, 0.86, 0.00, 0.00, 0.00, 1.26, 0.01, 0.85, 0.00, 0.00, 0.00, 0.00, 0.00, 0.00, 0.00, 1.00, 1.00, 0.00, 1.00, 0.00, 1.00, 0.00, 1.00, 0.00, 1.00, 0.00, 1.00, 0.00, 0.00, 0.00, 0.00
528,  0,  17.567,  0.98,  1, 0.01, 0.00, 1.12, 0.00, 0.19, 1.01, 0.00, 0.00, 0.00, 1.21, 0.00, 0.82, 0.00, 0.01, 0.00, 0.00, 0.00, 0.00, 0.00, 1.00, 1.00, 0.00, 1.00, 0.00, 1.00, 0.00, 1.00, 0.00, 1.00, 0.00, 1.00, 0.00, 0.00, 0.00, 0.00
529,  0,  17.600,  0.98,  1, 0.00, 0.00, 1.17, 0.00, 0.21, 1.17, 0.00, 0.00, 0.00, 1.23, 0.00, 0.88, 0.00, 0.01, 0.00, 0.00, 0.00, 0.00, 0.00, 1.00, 1.00, 0.00, 1.00, 0.00, 1.00, 0.00, 1.00, 0.00, 1.00, 0.00, 1.00, 0.00, 0.00, 0.00, 0.00
530,  0,  17.633,  0.98,  1, 0.00, 0.00, 1.23, 0.00, 0.19, 1.29, 0.00, 0.00, 0.00, 1.24, 0.00, 0.89, 0.00, 0.01, 0.00, 0.00, 0.00, 0.00, 0.00, 1.00, 1.00, 0.00, 1.00, 0.00, 1.00, 0.00, 1.00, 0.00, 0.00, 0.00, 1.00, 0.00, 0.00, 0.00, 0.00
531,  0,  17.667,  0.98,  1, 0.00, 0.00, 1.21, 0.00, 0.12, 1.29, 0.00, 0.00, 0.00, 1.27, 0.00, 0.83, 0.00, 0.00, 0.00, 0.00, 0.00, 0.00, 0.00, 1.00, 1.00, 0.00, 1.00, 0.00, 1.00, 0.00, 1.00, 0.00, 1.00, 0.00, 1.00, 0.00, 0.00, 0.00, 0.00
532,  0,  17.700,  0.98,  1, 0.00, 0.00, 1.19, 0.00, 0.09, 1.18, 0.00, 0.00, 0.06, 1.26, 0.00, 0.74, 0.00, 0.00, 0.00, 0.00, 0.00, 0.00, 0.00, 1.00, 1.00, 0.00, 1.00, 0.00, 1.00, 0.00, 1.00, 0.00, 1.00, 0.00, 1.00, 0.00, 0.00, 0.00, 0.00
533,  0,  17.733,  0.98,  1, 0.00, 0.00, 1.15, 0.00, 0.07, 1.02, 0.00, 0.00, 0.10, 1.27, 0.00, 0.71, 0.00, 0.01, 0.00, 0.00, 0.00, 0.00, 0.00, 1.00, 1.00, 0.00, 1.00, 0.00, 1.00, 0.00, 1.00, 0.00, 1.00, 0.00, 1.00, 0.00, 0.00, 0.00, 0.00
534,  0,  17.767,  0.98,  1, 0.00, 0.00, 1.13, 0.00, 0.08, 0.92, 0.00, 0.00, 0.12, 1.32, 0.00, 0.71, 0.00, 0.02, 0.00, 0.00, 0.00, 0.00, 0.00, 1.00, 1.00, 0.00, 1.00, 0.00, 1.00, 0.00, 1.00, 0.00, 0.00, 0.00, 1.00, 0.00, 0.00, 0.00, 0.00
535,  0,  17.800,  0.98,  1, 0.00, 0.00, 1.16, 0.00, 0.12, 1.06, 0.00, 0.00, 0.11, 1.37, 0.00, 0.67, 0.00, 0.02, 0.00, 0.01, 0.00, 0.00, 0.00, 1.00, 1.00, 0.00, 1.00, 0.00, 1.00, 0.00, 1.00, 0.00, 0.00, 0.00, 1.00, 0.00, 0.00, 0.00, 0.00
536,  0,  17.833,  0.98,  1, 0.00, 0.00, 1.16, 0.00, 0.16, 1.18, 0.00, 0.00, 0.09, 1.41, 0.00, 0.64, 0.00, 0.01, 0.00, 0.01, 0.00, 0.00, 0.00, 1.00, 1.00, 0.00, 1.00, 0.00, 1.00, 0.00, 1.00, 0.00, 0.00, 0.00, 1.00, 0.00, 0.00, 0.00, 0.00
537,  0,  17.867,  0.98,  1, 0.01, 0.00, 1.16, 0.00, 0.25, 1.39, 0.00, 0.00, 0.07, 1.40, 0.00, 0.62, 0.00, 0.00, 0.06, 0.02, 0.00, 0.00, 0.00, 1.00, 1.00, 0.00, 1.00, 0.00, 1.00, 0.00, 1.00, 0.00, 1.00, 0.00, 1.00, 0.00, 0.00, 0.00, 0.00
538,  0,  17.900,  0.98,  1, 0.05, 0.01, 1.17, 0.00, 0.21, 1.27, 0.00, 0.00, 0.02, 1.29, 0.00, 0.71, 0.00, 0.00, 0.07, 0.09, 0.00, 0.00, 0.00, 1.00, 1.00, 0.00, 1.00, 0.00, 1.00, 0.00, 1.00, 0.00, 1.00, 0.00, 1.00, 0.00, 0.00, 0.00, 0.00
539,  0,  17.933,  0.98,  1, 0.11, 0.01, 1.24, 0.00, 0.22, 1.22, 0.00, 0.00, 0.01, 1.14, 0.00, 0.77, 0.00, 0.00, 0.08, 0.17, 0.00, 0.00, 0.00, 1.00, 1.00, 0.00, 1.00, 0.00, 1.00, 0.00, 1.00, 0.00, 1.00, 0.00, 1.00, 0.00, 0.00, 0.00, 0.00
540,  0,  17.967,  0.98,  1, 0.14, 0.05, 1.33, 0.00, 0.18, 1.08, 0.00, 0.01, 0.00, 1.04, 0.00, 0.83, 0.00, 0.03, 0.02, 0.16, 0.00, 0.00, 0.00, 1.00, 1.00, 0.00, 1.00, 0.00, 1.00, 0.00, 1.00, 0.00, 1.00, 0.00, 1.00, 0.00, 0.00, 0.00, 0.00
541,  0,  18.000,  0.98,  1, 0.14, 0.07, 1.36, 0.00, 0.19, 1.05, 0.00, 0.01, 0.00, 1.07, 0.00, 0.84, 0.00, 0.04, 0.01, 0.08, 0.00, 0.00, 0.00, 1.00, 1.00, 0.00, 1.00, 0.00, 1.00, 0.00, 1.00, 0.00, 1.00, 0.00, 1.00, 0.00, 0.00, 0.00, 0.00
542,  0,  18.033,  0.98,  1, 0.16, 0.14, 1.37, 0.00, 0.19, 1.09, 0.00, 0.01, 0.00, 1.11, 0.00, 0.86, 0.00, 0.05, 0.00, 0.00, 0.00, 0.00, 0.00, 1.00, 1.00, 0.00, 1.00, 0.00, 1.00, 0.00, 1.00, 0.00, 1.00, 0.00, 1.00, 0.00, 0.00, 0.00, 0.00
543,  0,  18.067,  0.98,  1, 0.20, 0.13, 1.38, 0.00, 0.20, 1.18, 0.00, 0.00, 0.00, 1.16, 0.00, 0.82, 0.00, 0.03, 0.00, 0.00, 0.00, 0.00, 0.00, 1.00, 1.00, 0.00, 1.00, 0.00, 1.00, 0.00, 1.00, 0.00, 1.00, 0.00, 1.00, 0.00, 0.00, 0.00, 0.00
544,  0,  18.100,  0.98,  1, 0.19, 0.10, 1.38, 0.00, 0.21, 1.24, 0.00, 0.00, 0.00, 1.18, 0.00, 0.82, 0.00, 0.04, 0.00, 0.00, 0.00, 0.00, 0.00, 1.00, 1.00, 0.00, 1.00, 0.00, 1.00, 0.00, 1.00, 0.00, 1.00, 0.00, 1.00, 0.00, 0.00, 0.00, 0.00
545,  0,  18.133,  0.98,  1, 0.16, 0.03, 1.43, 0.00, 0.23, 1.26, 0.00, 0.00, 0.00, 1.18, 0.00, 0.82, 0.00, 0.03, 0.00, 0.08, 0.00, 0.00, 0.00, 1.00, 1.00, 0.00, 1.00, 0.00, 1.00, 0.00, 1.00, 0.00, 1.00, 0.00, 1.00, 0.00, 0.00, 0.00, 0.00
546,  0,  18.167,  0.98,  1, 0.08, 0.00, 1.37, 0.00, 0.22, 1.22, 0.00, 0.00, 0.00, 1.21, 0.00, 0.84, 0.00, 0.02, 0.06, 0.17, 0.00, 0.00, 0.00, 1.00, 1.00, 0.00, 1.00, 0.00, 1.00, 0.00, 1.00, 0.00, 1.00, 0.00, 1.00, 0.00, 0.00, 0.00, 0.00
547,  0,  18.200,  0.98,  1, 0.04, 0.00, 1.30, 0.03, 0.24, 1.27, 0.00, 0.00, 0.00, 1.21, 0.00, 0.82, 0.00, 0.00, 0.09, 0.27, 0.00, 0.00, 0.00, 1.00, 1.00, 0.00, 1.00, 0.00, 1.00, 0.00, 1.00, 0.00, 1.00, 0.00, 1.00, 0.00, 0.00, 0.00, 0.00
548,  0,  18.233,  0.98,  1, 0.00, 0.00, 1.18, 0.03, 0.27, 1.35, 0.00, 0.00, 0.00, 1.24, 0.00, 0.83, 0.00, 0.00, 0.13, 0.33, 0.00, 0.00, 0.00, 1.00, 1.00, 0.00, 1.00, 0.00, 1.00, 0.00, 1.00, 0.00, 1.00, 0.00, 1.00, 0.00, 0.00, 0.00, 0.00
549,  0,  18.267,  0.98,  1, 0.04, 0.00, 1.12, 0.03, 0.29, 1.42, 0.00, 0.01, 0.00, 1.23, 0.00, 0.81, 0.00, 0.00, 0.08, 0.28, 0.00, 0.00, 0.00, 1.00, 1.00, 0.00, 1.00, 0.00, 1.00, 0.00, 1.00, 0.00, 1.00, 0.00, 1.00, 0.00, 0.00, 0.00, 0.00
550,  0,  18.300,  0.98,  1, 0.04, 0.00, 1.19, 0.00, 0.33, 1.51, 0.00, 0.01, 0.07, 1.21, 0.00, 0.79, 0.00, 0.01, 0.11, 0.28, 0.00, 0.00, 0.00, 1.00, 1.00, 0.00, 1.00, 0.00, 1.00, 0.00, 1.00, 0.00, 1.00, 0.00, 1.00, 0.00, 0.00, 0.00, 0.00
551,  0,  18.333,  0.98,  1, 0.04, 0.00, 1.14, 0.00, 0.33, 1.45, 0.00, 0.01, 0.13, 1.17, 0.00, 0.77, 0.00, 0.03, 0.09, 0.30, 0.00, 0.00, 0.00, 1.00, 1.00, 0.00, 1.00, 0.00, 1.00, 0.00, 1.00, 0.00, 1.00, 0.00, 1.00, 0.00, 0.00, 0.00, 0.00
552,  0,  18.367,  0.98,  1, 0.02, 0.00, 1.22, 0.00, 0.32, 1.28, 0.00, 0.00, 0.13, 1.20, 0.00, 0.81, 0.00, 0.03, 0.09, 0.36, 0.00, 0.00, 0.00, 1.00, 1.00, 0.00, 1.00, 0.00, 1.00, 0.00, 1.00, 0.00, 1.00, 0.00, 1.00, 0.00, 0.00, 0.00, 0.00
553,  0,  18.400,  0.98,  1, 0.04, 0.00, 1.26, 0.00, 0.24, 1.12, 0.00, 0.00, 0.06, 1.26, 0.00, 0.87, 0.00, 0.01, 0.03, 0.42, 0.00, 0.00, 0.00, 1.00, 1.00, 0.00, 1.00, 0.00, 1.00, 0.00, 1.00, 0.00, 1.00, 0.00, 1.00, 0.00, 0.00, 0.00, 0.00
554,  0,  18.433,  0.98,  1, 0.04, 0.00, 1.37, 0.00, 0.20, 1.12, 0.00, 0.00, 0.00, 1.34, 0.00, 0.93, 0.00, 0.00, 0.01, 0.45, 0.00, 0.00, 0.00, 1.00, 1.00, 0.00, 1.00, 0.00, 1.00, 0.00, 1.00, 0.00, 1.00, 0.00, 1.00, 0.00, 0.00, 0.00, 0.00
555,  0,  18.467,  0.98,  1, 0.03, 0.00, 1.33, 0.00, 0.19, 1.23, 0.00, 0.00, 0.00, 1.31, 0.00, 1.00, 0.00, 0.00, 0.02, 0.54, 0.00, 0.00, 0.00, 1.00, 1.00, 0.00, 1.00, 0.00, 1.00, 0.00, 1.00, 0.00, 1.00, 0.00, 1.00, 0.00, 0.00, 0.00, 0.00
556,  0,  18.500,  0.98,  1, 0.04, 0.00, 1.30, 0.00, 0.17, 1.25, 0.00, 0.00, 0.00, 1.29, 0.00, 1.04, 0.00, 0.00, 0.06, 0.60, 0.00, 0.00, 0.00, 1.00, 1.00, 0.00, 1.00, 0.00, 1.00, 0.00, 1.00, 0.00, 1.00, 0.00, 1.00, 0.00, 0.00, 0.00, 0.00
557,  0,  18.533,  0.98,  1, 0.05, 0.00, 1.27, 0.00, 0.13, 1.22, 0.00, 0.00, 0.00, 1.22, 0.00, 1.08, 0.00, 0.00, 0.07, 0.64, 0.00, 0.00, 0.00, 1.00, 1.00, 0.00, 1.00, 0.00, 1.00, 0.00, 1.00, 0.00, 1.00, 0.00, 1.00, 0.00, 0.00, 0.00, 0.00
558,  0,  18.567,  0.98,  1, 0.04, 0.00, 1.25, 0.00, 0.08, 1.13, 0.00, 0.00, 0.00, 1.20, 0.00, 0.99, 0.00, 0.00, 0.09, 0.66, 0.00, 0.00, 0.00, 1.00, 1.00, 0.00, 1.00, 0.00, 1.00, 0.00, 1.00, 0.00, 1.00, 0.00, 1.00, 0.00, 0.00, 0.00, 0.00
559,  0,  18.600,  0.98,  1, 0.01, 0.00, 1.22, 0.00, 0.11, 1.19, 0.00, 0.00, 0.00, 1.27, 0.00, 0.95, 0.00, 0.00, 0.05, 0.71, 0.00, 0.00, 0.00, 1.00, 1.00, 0.00, 1.00, 0.00, 1.00, 0.00, 1.00, 0.00, 1.00, 0.00, 1.00, 0.00, 0.00, 0.00, 0.00
560,  0,  18.633,  0.98,  1, 0.00, 0.00, 1.21, 0.02, 0.10, 1.27, 0.00, 0.00, 0.00, 1.27, 0.00, 0.83, 0.00, 0.00, 0.03, 0.67, 0.00, 0.00, 0.00, 1.00, 1.00, 0.00, 1.00, 0.00, 1.00, 0.00, 1.00, 0.00, 1.00, 0.00, 1.00, 0.00, 0.00, 0.00, 0.00
561,  0,  18.667,  0.98,  1, 0.06, 0.00, 1.28, 0.03, 0.15, 1.30, 0.03, 0.00, 0.00, 1.21, 0.00, 0.79, 0.00, 0.00, 0.00, 0.64, 0.00, 0.00, 0.00, 1.00, 1.00, 0.00, 1.00, 0.00, 1.00, 0.00, 1.00, 0.00, 1.00, 0.00, 1.00, 0.00, 0.00, 0.00, 0.00
562,  0,  18.700,  0.98,  1, 0.06, 0.00, 1.25, 0.03, 0.12, 1.01, 0.03, 0.00, 0.00, 1.19, 0.00, 0.80, 0.00, 0.00, 0.00, 0.40, 0.00, 0.00, 0.00, 1.00, 1.00, 0.00, 1.00, 0.00, 1.00, 0.00, 1.00, 0.00, 1.00, 0.00, 1.00, 0.00, 0.00, 0.00, 0.00
563,  0,  18.733,  0.98,  1, 0.06, 0.00, 1.21, 0.01, 0.11, 0.69, 0.03, 0.00, 0.01, 1.35, 0.00, 0.85, 0.00, 0.00, 0.00, 0.34, 0.00, 0.00, 0.00, 1.00, 1.00, 0.00, 1.00, 0.00, 1.00, 0.00, 1.00, 0.00, 1.00, 0.00, 1.00, 0.00, 0.00, 0.00, 0.00
564,  0,  18.767,  0.98,  1, 0.00, 0.00, 1.13, 0.00, 0.05, 0.46, 0.00, 0.01, 0.03, 1.50, 0.00, 0.96, 0.00, 0.03, 0.00, 0.15, 0.00, 0.00, 0.00, 1.00, 1.00, 0.00, 1.00, 0.00, 1.00, 0.00, 1.00, 0.00, 1.00, 0.00, 1.00, 0.00, 0.00, 0.00, 0.00
565,  0,  18.800,  0.98,  1, 0.00, 0.00, 1.14, 0.00, 0.03, 0.56, 0.00, 0.01, 0.03, 1.61, 0.00, 1.01, 0.00, 0.06, 0.00, 0.15, 0.00, 0.00, 0.00, 1.00, 1.00, 0.00, 1.00, 0.00, 1.00, 0.00, 1.00, 0.00, 1.00, 0.00, 1.00, 0.00, 0.00, 0.00, 0.00
566,  0,  18.833,  0.98,  1, 0.00, 0.00, 1.13, 0.00, 0.03, 0.74, 0.00, 0.01, 0.03, 1.61, 0.00, 1.03, 0.00, 0.08, 0.00, 0.08, 0.00, 0.00, 0.00, 1.00, 1.00, 0.00, 1.00, 0.00, 1.00, 0.00, 1.00, 0.00, 1.00, 0.00, 1.00, 0.00, 0.00, 0.00, 0.00
567,  0,  18.867,  0.98,  1, 0.00, 0.00, 1.11, 0.00, 0.08, 0.97, 0.00, 0.00, 0.04, 1.71, 0.00, 0.99, 0.00, 0.07, 0.00, 0.20, 0.00, 0.00, 0.00, 1.00, 1.00, 0.00, 1.00, 0.00, 1.00, 0.00, 1.00, 0.00, 1.00, 0.00, 1.00, 0.00, 0.00, 0.00, 0.00
568,  0,  18.900,  0.98,  1, 0.00, 0.00, 1.11, 0.00, 0.12, 1.04, 0.00, 0.00, 0.08, 1.74, 0.00, 0.96, 0.00, 0.08, 0.00, 0.27, 0.00, 0.00, 0.00, 1.00, 1.00, 0.00, 1.00, 0.00, 1.00, 0.00, 1.00, 0.00, 1.00, 0.00, 1.00, 0.00, 0.00, 0.00, 0.00
569,  0,  18.933,  0.98,  1, 0.00, 0.00, 1.11, 0.00, 0.14, 1.10, 0.00, 0.00, 0.13, 1.73, 0.00, 0.99, 0.00, 0.09, 0.00, 0.34, 0.00, 0.00, 0.00, 1.00, 1.00, 0.00, 1.00, 0.00, 1.00, 0.00, 1.00, 0.00, 1.00, 0.00, 1.00, 0.00, 0.00, 0.00, 0.00
570,  0,  18.967,  0.98,  1, 0.00, 0.00, 1.11, 0.00, 0.12, 1.15, 0.00, 0.00, 0.13, 1.70, 0.00, 1.03, 0.00, 0.07, 0.00, 0.43, 0.00, 0.00, 0.00, 1.00, 1.00, 0.00, 1.00, 0.00, 1.00, 0.00, 1.00, 0.00, 1.00, 0.00, 1.00, 0.00, 0.00, 0.00, 0.00
571,  0,  19.000,  0.98,  1, 0.00, 0.00, 1.07, 0.00, 0.10, 1.21, 0.00, 0.00, 0.11, 1.67, 0.00, 1.02, 0.00, 0.07, 0.00, 0.49, 0.00, 0.00, 0.00, 1.00, 1.00, 0.00, 1.00, 0.00, 1.00, 0.00, 1.00, 0.00, 1.00, 0.00, 1.00, 0.00, 0.00, 0.00, 0.00
572,  0,  19.033,  0.98,  1, 0.00, 0.00, 1.08, 0.00, 0.09, 1.20, 0.00, 0.00, 0.08, 1.68, 0.00, 0.98, 0.00, 0.08, 0.00, 0.54, 0.00, 0.00, 0.00, 1.00, 1.00, 0.00, 1.00, 0.00, 1.00, 0.00, 1.00, 0.00, 1.00, 0.00, 1.00, 0.00, 0.00, 0.00, 0.00
573,  0,  19.067,  0.98,  1, 0.00, 0.00, 1.10, 0.00, 0.08, 1.30, 0.00, 0.00, 0.06, 1.71, 0.00, 0.94, 0.00, 0.07, 0.00, 0.53, 0.00, 0.00, 0.00, 1.00, 1.00, 0.00, 1.00, 0.00, 1.00, 0.00, 1.00, 0.00, 1.00, 0.00, 1.00, 0.00, 0.00, 0.00, 0.00
574,  0,  19.100,  0.98,  1, 0.00, 0.00, 1.18, 0.00, 0.13, 1.26, 0.00, 0.00, 0.06, 1.64, 0.00, 1.03, 0.00, 0.04, 0.00, 0.43, 0.00, 0.00, 0.00, 1.00, 1.00, 0.00, 1.00, 0.00, 1.00, 0.00, 1.00, 0.00, 1.00, 0.00, 1.00, 0.00, 0.00, 0.00, 0.00
575,  0,  19.133,  0.98,  1, 0.00, 0.00, 1.20, 0.00, 0.14, 1.23, 0.00, 0.00, 0.03, 1.60, 0.00, 1.08, 0.00, 0.01, 0.00, 0.31, 0.00, 0.00, 0.00, 1.00, 1.00, 0.00, 1.00, 0.00, 1.00, 0.00, 1.00, 0.00, 1.00, 0.00, 1.00, 0.00, 0.00, 0.00, 0.00
576,  0,  19.167,  0.98,  1, 0.00, 0.00, 1.16, 0.00, 0.14, 0.96, 0.02, 0.00, 0.05, 1.47, 0.00, 1.03, 0.03, 0.01, 0.00, 0.27, 0.00, 0.00, 0.00, 1.00, 1.00, 0.00, 1.00, 0.00, 1.00, 0.00, 1.00, 0.00, 1.00, 0.00, 1.00, 0.00, 0.00, 0.00, 0.00
577,  0,  19.200,  0.98,  1, 0.00, 0.00, 1.09, 0.00, 0.07, 0.76, 0.04, 0.00, 0.03, 1.51, 0.00, 0.95, 0.03, 0.02, 0.00, 0.35, 0.00, 0.00, 1.00, 1.00, 1.00, 0.00, 1.00, 0.00, 1.00, 0.00, 1.00, 0.00, 1.00, 0.00, 1.00, 0.00, 0.00, 0.00, 0.00
578,  0,  19.233,  0.98,  1, 0.00, 0.00, 1.05, 0.00, 0.05, 0.66, 0.06, 0.00, 0.06, 1.48, 0.00, 0.91, 0.03, 0.01, 0.00, 0.47, 0.00, 0.00, 1.00, 1.00, 1.00, 0.00, 1.00, 0.00, 1.00, 0.00, 1.00, 0.00, 1.00, 0.00, 1.00, 0.00, 0.00, 0.00, 0.00
579,  0,  19.267,  0.98,  1, 0.00, 0.00, 1.08, 0.00, 0.03, 0.56, 0.04, 0.00, 0.06, 1.43, 0.00, 0.89, 0.01, 0.01, 0.00, 0.45, 0.00, 0.00, 1.00, 1.00, 1.00, 0.00, 1.00, 0.00, 1.00, 0.00, 1.00, 0.00, 1.00, 0.00, 1.00, 0.00, 0.00, 0.00, 0.00
580,  0,  19.300,  0.98,  1, 0.00, 0.00, 1.08, 0.00, 0.03, 0.65, 0.05, 0.00, 0.07, 1.32, 0.00, 0.84, 0.01, 0.00, 0.00, 0.47, 0.00, 0.00, 1.00, 1.00, 1.00, 0.00, 1.00, 0.00, 1.00, 0.00, 1.00, 0.00, 1.00, 0.00, 1.00, 0.00, 0.00, 0.00, 0.00
581,  0,  19.333,  0.98,  1, 0.00, 0.00, 1.11, 0.00, 0.01, 0.78, 0.07, 0.00, 0.06, 1.31, 0.00, 0.81, 0.01, 0.00, 0.03, 0.45, 0.00, 0.00, 1.00, 1.00, 1.00, 0.00, 1.00, 0.00, 1.00, 0.00, 1.00, 0.00, 1.00, 0.00, 1.00, 0.00, 0.00, 0.00, 0.00
582,  0,  19.367,  0.98,  1, 0.00, 0.00, 1.10, 0.00, 0.03, 0.97, 0.15, 0.00, 0.06, 1.37, 0.00, 0.79, 0.01, 0.00, 0.03, 0.50, 0.00, 0.00, 1.00, 1.00, 0.00, 0.00, 1.00, 0.00, 1.00, 0.00, 1.00, 0.00, 0.00, 0.00, 1.00, 0.00, 0.00, 0.00, 0.00
583,  0,  19.400,  0.98,  1, 0.00, 0.00, 1.09, 0.00, 0.03, 1.02, 0.22, 0.00, 0.07, 1.48, 0.00, 0.74, 0.01, 0.00, 0.03, 0.45, 0.00, 0.00, 1.00, 1.00, 0.00, 0.00, 1.00, 0.00, 1.00, 0.00, 1.00, 0.00, 0.00, 0.00, 1.00, 0.00, 0.00, 0.00, 0.00
584,  0,  19.433,  0.98,  1, 0.00, 0.00, 1.08, 0.00, 0.02, 0.99, 0.25, 0.00, 0.05, 1.52, 0.00, 0.65, 0.04, 0.00, 0.00, 0.41, 0.00, 0.00, 1.00, 1.00, 0.00, 0.00, 1.00, 0.00, 1.00, 0.00, 1.00, 0.00, 0.00, 0.00, 1.00, 0.00, 0.00, 0.00, 0.00
585,  0,  19.467,  0.98,  1, 0.00, 0.00, 1.09, 0.00, 0.05, 1.00, 0.19, 0.00, 0.09, 1.61, 0.00, 0.54, 0.07, 0.00, 0.06, 0.43, 0.00, 0.00, 1.00, 1.00, 0.00, 0.00, 1.00, 0.00, 1.00, 0.00, 1.00, 0.00, 0.00, 0.00, 1.00, 0.00, 0.00, 0.00, 0.00
586,  0,  19.500,  0.98,  1, 0.00, 0.00, 1.05, 0.00, 0.12, 0.93, 0.10, 0.00, 0.14, 1.59, 0.00, 0.60, 0.07, 0.05, 0.06, 0.45, 0.00, 0.00, 1.00, 1.00, 0.00, 0.00, 1.00, 0.00, 1.00, 0.00, 1.00, 0.00, 0.00, 0.00, 1.00, 0.00, 0.00, 0.00, 0.00
587,  0,  19.533,  0.98,  1, 0.00, 0.00, 1.02, 0.00, 0.16, 0.83, 0.03, 0.00, 0.19, 1.64, 0.00, 0.64, 0.04, 0.06, 0.06, 0.51, 0.00, 0.00, 1.00, 1.00, 1.00, 0.00, 1.00, 0.00, 1.00, 0.00, 1.00, 0.00, 0.00, 0.00, 1.00, 0.00, 0.00, 0.00, 0.00
588,  0,  19.567,  0.98,  1, 0.02, 0.00, 1.03, 0.00, 0.13, 0.83, 0.06, 0.00, 0.16, 1.45, 0.00, 0.75, 0.00, 0.06, 0.00, 0.31, 0.00, 0.00, 0.00, 1.00, 1.00, 0.00, 1.00, 0.00, 1.00, 0.00, 1.00, 0.00, 1.00, 0.00, 1.00, 0.00, 0.00, 0.00, 0.00
589,  0,  19.600,  0.98,  1, 0.06, 0.00, 1.06, 0.00, 0.10, 0.92, 0.10, 0.00, 0.13, 1.36, 0.00, 0.68, 0.00, 0.01, 0.00, 0.16, 0.00, 0.00, 0.00, 1.00, 1.00, 0.00, 1.00, 0.00, 1.00, 0.00, 1.00, 0.00, 1.00, 0.00, 1.00, 0.00, 0.00, 0.00, 0.00
590,  0,  19.633,  0.98,  1, 0.13, 0.00, 1.10, 0.00, 0.10, 0.99, 0.17, 0.00, 0.09, 1.28, 0.00, 0.66, 0.00, 0.00, 0.00, 0.00, 0.00, 0.00, 0.00, 1.00, 1.00, 0.00, 1.00, 0.00, 1.00, 0.00, 1.00, 0.00, 1.00, 0.00, 1.00, 0.00, 0.00, 0.00, 0.00
591,  0,  19.667,  0.98,  1, 0.21, 0.11, 1.04, 0.00, 0.10, 1.01, 0.15, 0.00, 0.09, 1.34, 0.00, 0.63, 0.00, 0.00, 0.00, 0.00, 0.00, 0.00, 0.00, 1.00, 1.00, 0.00, 1.00, 0.00, 1.00, 0.00, 1.00, 0.00, 1.00, 0.00, 1.00, 0.00, 0.00, 0.00, 0.00
592,  0,  19.700,  0.98,  1, 0.26, 0.18, 1.02, 0.00, 0.10, 1.12, 0.17, 0.00, 0.11, 1.38, 0.00, 0.59, 0.00, 0.00, 0.00, 0.00, 0.00, 0.00, 0.00, 1.00, 1.00, 0.00, 1.00, 0.00, 1.00, 0.00, 1.00, 0.00, 1.00, 0.00, 1.00, 0.00, 0.00, 0.00, 0.00
593,  0,  19.733,  0.98,  1, 0.28, 0.24, 0.97, 0.00, 0.11, 1.21, 0.16, 0.00, 0.16, 1.39, 0.00, 0.54, 0.01, 0.00, 0.00, 0.00, 0.00, 0.00, 0.00, 1.00, 1.00, 0.00, 1.00, 0.00, 1.00, 0.00, 1.00, 0.00, 1.00, 0.00, 1.00, 0.00, 0.00, 0.00, 0.00
594,  0,  19.767,  0.98,  1, 0.26, 0.13, 0.96, 0.00, 0.11, 1.16, 0.13, 0.00, 0.20, 1.42, 0.00, 0.50, 0.01, 0.00, 0.00, 0.00, 0.00, 0.00, 0.00, 1.00, 1.00, 0.00, 1.00, 0.00, 1.00, 0.00, 1.00, 0.00, 1.00, 0.00, 1.00, 0.00, 0.00, 0.00, 0.00
595,  0,  19.800,  0.98,  1, 0.22, 0.06, 0.96, 0.00, 0.13, 1.12, 0.13, 0.00, 0.20, 1.46, 0.00, 0.49, 0.03, 0.00, 0.00, 0.00, 0.00, 0.00, 0.00, 1.00, 1.00, 0.00, 1.00, 0.00, 1.00, 0.00, 1.00, 0.00, 1.00, 0.00, 1.00, 0.00, 0.00, 0.00, 0.00
596,  0,  19.833,  0.98,  1, 0.17, 0.00, 0.96, 0.00, 0.16, 1.15, 0.12, 0.00, 0.22, 1.47, 0.00, 0.49, 0.04, 0.00, 0.00, 0.00, 0.00, 0.00, 0.00, 1.00, 1.00, 0.00, 1.00, 0.00, 1.00, 0.00, 1.00, 0.00, 1.00, 0.00, 1.00, 0.00, 0.00, 0.00, 0.00
597,  0,  19.867,  0.98,  1, 0.15, 0.00, 0.94, 0.00, 0.21, 1.33, 0.18, 0.00, 0.25, 1.47, 0.00, 0.52, 0.08, 0.00, 0.00, 0.00, 0.00, 0.00, 0.00, 1.00, 1.00, 0.00, 1.00, 0.00, 1.00, 0.00, 1.00, 0.00, 1.00, 0.00, 1.00, 0.00, 0.00, 0.00, 0.00
598,  0,  19.900,  0.98,  1, 0.10, 0.00, 0.97, 0.00, 0.19, 1.34, 0.14, 0.02, 0.29, 1.45, 0.00, 0.68, 0.06, 0.02, 0.00, 0.00, 0.00, 0.00, 0.00, 1.00, 1.00, 0.00, 1.00, 0.00, 1.00, 0.00, 1.00, 0.00, 1.00, 0.00, 1.00, 0.00, 0.00, 0.00, 0.00
599,  0,  19.933,  0.98,  1, 0.06, 0.00, 1.04, 0.05, 0.22, 1.28, 0.07, 0.02, 0.29, 1.51, 0.00, 0.87, 0.04, 0.06, 0.00, 0.00, 0.00, 0.00, 0.00, 1.00, 1.00, 0.00, 1.00, 0.00, 1.00, 0.00, 1.00, 0.00, 1.00, 0.00, 1.00, 0.00, 0.00, 0.00, 0.00
600,  0,  19.967,  0.98,  1, 0.00, 0.00, 1.13, 0.05, 0.18, 1.19, 0.01, 0.02, 0.28, 1.41, 0.00, 1.04, 0.00, 0.12, 0.00, 0.07, 0.00, 0.00, 1.00, 1.00, 1.00, 0.00, 1.00, 0.00, 1.00, 0.00, 1.00, 0.00, 1.00, 0.00, 1.00, 0.00, 0.00, 0.00, 0.00
601,  0,  20.000,  0.98,  1, 0.00, 0.00, 1.13, 0.05, 0.21, 1.18, 0.00, 0.00, 0.25, 1.33, 0.00, 1.08, 0.00, 0.16, 0.00, 0.14, 0.00, 0.00, 1.00, 1.00, 1.00, 0.00, 1.00, 0.00, 1.00, 0.00, 1.00, 0.00, 1.00, 0.00, 1.00, 0.00, 0.00, 0.00, 0.00
602,  0,  20.033,  0.98,  1, 0.00, 0.00, 1.10, 0.00, 0.18, 1.14, 0.00, 0.00, 0.22, 1.20, 0.00, 1.10, 0.00, 0.18, 0.00, 0.17, 0.00, 0.00, 1.00, 1.00, 1.00, 0.00, 1.00, 0.00, 1.00, 0.00, 1.00, 0.00, 1.00, 0.00, 1.00, 0.00, 0.00, 0.00, 0.00
603,  0,  20.067,  0.98,  1, 0.00, 0.03, 1.12, 0.00, 0.19, 1.10, 0.06, 0.00, 0.21, 1.26, 0.00, 1.08, 0.00, 0.16, 0.00, 0.12, 0.00, 0.00, 1.00, 1.00, 1.00, 0.00, 1.00, 0.00, 1.00, 0.00, 1.00, 0.00, 1.00, 0.00, 1.00, 0.00, 0.00, 0.00, 0.00
604,  0,  20.100,  0.98,  1, 0.00, 0.05, 1.11, 0.00, 0.20, 1.10, 0.10, 0.00, 0.22, 1.33, 0.00, 1.06, 0.00, 0.18, 0.00, 0.17, 0.00, 0.00, 1.00, 1.00, 1.00, 0.00, 1.00, 0.00, 1.00, 0.00, 1.00, 0.00, 1.00, 0.00, 1.00, 0.00, 0.00, 0.00, 0.00
605,  0,  20.133,  0.98,  1, 0.00, 0.05, 1.06, 0.00, 0.22, 1.19, 0.10, 0.00, 0.26, 1.38, 0.00, 1.04, 0.00, 0.19, 0.00, 0.21, 0.00, 0.00, 1.00, 1.00, 1.00, 0.00, 1.00, 0.00, 1.00, 0.00, 1.00, 0.00, 1.00, 0.00, 1.00, 0.00, 0.00, 0.00, 0.00
606,  0,  20.167,  0.98,  1, 0.00, 0.03, 1.01, 0.00, 0.26, 1.24, 0.04, 0.00, 0.27, 1.40, 0.00, 1.06, 0.00, 0.21, 0.00, 0.21, 0.00, 0.00, 1.00, 1.00, 1.00, 0.00, 1.00, 0.00, 1.00, 0.00, 1.00, 0.00, 1.00, 0.00, 1.00, 0.00, 0.00, 0.00, 0.00
607,  0,  20.200,  0.98,  1, 0.00, 0.04, 0.99, 0.00, 0.31, 1.26, 0.04, 0.00, 0.31, 1.48, 0.05, 1.07, 0.00, 0.21, 0.00, 0.13, 0.00, 0.00, 1.00, 1.00, 1.00, 0.00, 1.00, 0.00, 1.00, 0.00, 1.00, 0.00, 1.00, 0.00, 1.00, 0.00, 0.00, 0.00, 0.00
608,  0,  20.233,  0.98,  1, 0.00, 0.06, 1.07, 0.00, 0.33, 1.31, 0.06, 0.00, 0.32, 1.58, 0.13, 1.01, 0.00, 0.19, 0.00, 0.10, 0.00, 0.00, 1.00, 1.00, 1.00, 0.00, 1.00, 0.00, 1.00, 0.00, 1.00, 0.00, 1.00, 0.00, 1.00, 0.00, 0.00, 0.00, 0.00
609,  0,  20.267,  0.98,  1, 0.00, 0.09, 1.07, 0.00, 0.32, 1.28, 0.07, 0.00, 0.32, 1.68, 0.20, 0.94, 0.00, 0.15, 0.00, 0.14, 0.00, 0.00, 1.00, 1.00, 1.00, 0.00, 1.00, 0.00, 1.00, 0.00, 1.00, 1.00, 1.00, 0.00, 1.00, 0.00, 0.00, 0.00, 0.00
610,  0,  20.300,  0.98,  1, 0.00, 0.05, 1.10, 0.00, 0.30, 1.31, 0.09, 0.00, 0.26, 1.51, 0.16, 0.79, 0.00, 0.09, 0.00, 0.10, 0.00, 0.00, 0.00, 1.00, 1.00, 0.00, 1.00, 0.00, 1.00, 0.00, 1.00, 1.00, 1.00, 0.00, 1.00, 0.00, 0.00, 0.00, 0.00
611,  0,  20.333,  0.98,  1, 0.00, 0.03, 1.16, 0.00, 0.32, 1.24, 0.16, 0.00, 0.22, 1.49, 0.11, 0.70, 0.00, 0.04, 0.00, 0.07, 0.00, 0.00, 0.00, 1.00, 1.00, 0.00, 1.00, 0.00, 1.00, 0.00, 1.00, 1.00, 0.00, 0.00, 1.00, 0.00, 0.00, 0.00, 0.00
612,  0,  20.367,  0.98,  1, 0.00, 0.00, 1.18, 0.00, 0.43, 1.31, 0.25, 0.00, 0.27, 1.44, 0.04, 0.58, 0.00, 0.01, 0.00, 0.00, 0.00, 0.00, 0.00, 1.00, 1.00, 0.00, 1.00, 0.00, 1.00, 0.00, 1.00, 0.00, 0.00, 0.00, 1.00, 0.00, 0.00, 0.00, 0.00
613,  0,  20.400,  0.98,  1, 0.00, 0.00, 1.15, 0.00, 0.48, 1.38, 0.23, 0.00, 0.32, 1.60, 0.03, 0.60, 0.00, 0.04, 0.00, 0.00, 0.00, 0.00, 0.00, 1.00, 1.00, 0.00, 1.00, 0.00, 1.00, 0.00, 1.00, 0.00, 0.00, 0.00, 1.00, 0.00, 0.00, 0.00, 0.00
614,  0,  20.433,  0.98,  1, 0.00, 0.00, 0.99, 0.04, 0.51, 1.49, 0.18, 0.00, 0.34, 1.59, 0.00, 0.69, 0.00, 0.10, 0.00, 0.00, 0.00, 0.00, 0.00, 1.00, 1.00, 0.00, 1.00, 0.00, 1.00, 0.00, 1.00, 0.00, 0.00, 0.00, 1.00, 0.00, 0.00, 0.00, 0.00
615,  0,  20.467,  0.98,  1, 0.00, 0.00, 0.94, 0.06, 0.48, 1.59, 0.12, 0.00, 0.30, 1.61, 0.00, 0.80, 0.00, 0.13, 0.00, 0.00, 0.00, 0.00, 0.00, 1.00, 1.00, 0.00, 1.00, 0.00, 1.00, 0.00, 1.00, 0.00, 0.00, 0.00, 1.00, 0.00, 0.00, 0.00, 0.00
616,  0,  20.500,  0.98,  1, 0.00, 0.00, 0.90, 0.06, 0.43, 1.51, 0.12, 0.00, 0.28, 1.60, 0.00, 0.85, 0.00, 0.16, 0.00, 0.00, 0.00, 0.00, 0.00, 1.00, 1.00, 0.00, 1.00, 0.00, 1.00, 0.00, 1.00, 0.00, 1.00, 0.00, 1.00, 0.00, 0.00, 0.00, 0.00
617,  0,  20.533,  0.98,  1, 0.00, 0.00, 0.91, 0.02, 0.43, 1.46, 0.10, 0.04, 0.33, 1.61, 0.00, 0.82, 0.00, 0.15, 0.00, 0.00, 0.00, 0.00, 0.00, 1.00, 1.00, 0.00, 1.00, 0.00, 1.00, 0.00, 1.00, 0.00, 1.00, 0.00, 1.00, 0.00, 0.00, 0.00, 0.00
618,  0,  20.567,  0.98,  1, 0.00, 0.00, 0.89, 0.00, 0.44, 1.35, 0.08, 0.09, 0.41, 1.65, 0.00, 0.81, 0.00, 0.13, 0.00, 0.00, 0.06, 0.00, 0.00, 1.00, 1.00, 0.00, 1.00, 0.00, 1.00, 0.00, 1.00, 0.00, 1.00, 0.00, 1.00, 0.00, 0.00, 0.00, 0.00
619,  0,  20.600,  0.98,  1, 0.00, 0.00, 1.02, 0.00, 0.56, 1.39, 0.06, 0.12, 0.53, 1.74, 0.00, 0.78, 0.00, 0.07, 0.00, 0.00, 0.44, 0.00, 0.00, 1.00, 1.00, 0.00, 1.00, 0.00, 1.00, 0.00, 1.00, 0.00, 1.00, 0.00, 1.00, 0.00, 0.00, 0.00, 0.00
620,  0,  20.633,  0.98,  1, 0.00, 0.00, 1.14, 0.00, 0.64, 1.23, 0.10, 0.14, 0.61, 1.81, 0.00, 0.73, 0.00, 0.02, 0.00, 0.00, 1.21, 0.00, 0.00, 1.00, 1.00, 0.00, 1.00, 0.00, 1.00, 0.00, 1.00, 0.00, 0.00, 0.00, 1.00, 0.00, 0.00, 0.00, 1.00
621,  0,  20.667,  0.98,  1, 0.00, 0.00, 1.22, 0.00, 0.69, 1.10, 0.14, 0.14, 0.65, 1.81, 0.00, 0.65, 0.00, 0.00, 0.00, 0.00, 1.90, 0.00, 0.00, 1.00, 1.00, 0.00, 1.00, 0.00, 1.00, 0.00, 1.00, 0.00, 0.00, 0.00, 1.00, 0.00, 0.00, 0.00, 1.00
622,  0,  20.700,  0.98,  1, 0.00, 0.00, 1.30, 0.00, 0.68, 1.08, 0.22, 0.12, 0.58, 1.49, 0.04, 0.59, 0.00, 0.00, 0.00, 0.00, 2.14, 0.00, 0.00, 1.00, 1.00, 0.00, 1.00, 0.00, 1.00, 0.00, 1.00, 0.00, 0.00, 0.00, 1.00, 0.00, 0.00, 0.00, 1.00
623,  0,  20.733,  0.98,  1, 0.00, 0.00, 1.32, 0.00, 0.73, 1.44, 0.23, 0.07, 0.53, 1.26, 0.18, 0.58, 0.00, 0.00, 0.01, 0.00, 1.79, 0.00, 0.00, 1.00, 1.00, 0.00, 1.00, 0.00, 1.00, 0.00, 1.00, 0.00, 0.00, 0.00, 1.00, 0.00, 0.00, 0.00, 1.00
624,  0,  20.767,  0.98,  1, 0.00, 0.00, 1.39, 0.00, 0.72, 1.61, 0.27, 0.04, 0.47, 1.08, 0.22, 0.70, 0.00, 0.02, 0.01, 0.00, 1.42, 0.00, 0.00, 1.00, 1.00, 0.00, 1.00, 0.00, 1.00, 0.00, 1.00, 0.00, 0.00, 0.00, 1.00, 0.00, 0.00, 0.00, 1.00
625,  0,  20.800,  0.98,  1, 0.00, 0.00, 1.24, 0.00, 0.69, 1.66, 0.25, 0.03, 0.45, 1.14, 0.19, 0.76, 0.00, 0.03, 0.01, 0.00, 1.02, 0.00, 0.00, 1.00, 0.00, 0.00, 1.00, 0.00, 1.00, 0.00, 1.00, 0.00, 1.00, 0.00, 1.00, 0.00, 0.00, 0.00, 1.00
626,  0,  20.833,  0.98,  1, 0.00, 0.00, 1.18, 0.00, 0.58, 1.43, 0.19, 0.04, 0.42, 1.19, 0.05, 0.83, 0.00, 0.06, 0.00, 0.00, 0.83, 0.00, 0.00, 1.00, 0.00, 0.00, 1.00, 0.00, 1.00, 0.00, 1.00, 0.00, 1.00, 0.00, 1.00, 0.00, 0.00, 0.00, 1.00
627,  0,  20.867,  0.98,  1, 0.00, 0.00, 1.10, 0.00, 0.53, 1.48, 0.13, 0.07, 0.45, 1.25, 0.01, 0.80, 0.00, 0.08, 0.00, 0.00, 0.57, 0.00, 0.00, 1.00, 0.00, 0.00, 1.00, 0.00, 1.00, 0.00, 1.00, 0.00, 1.00, 0.00, 1.00, 0.00, 0.00, 0.00, 0.00
628,  0,  20.900,  0.98,  1, 0.00, 0.00, 1.14, 0.00, 0.51, 1.52, 0.13, 0.08, 0.51, 1.34, 0.00, 0.82, 0.00, 0.10, 0.00, 0.00, 0.46, 0.00, 0.00, 1.00, 0.00, 0.00, 1.00, 0.00, 1.00, 0.00, 1.00, 0.00, 1.00, 0.00, 1.00, 0.00, 0.00, 0.00, 0.00
629,  0,  20.933,  0.98,  1, 0.00, 0.00, 1.16, 0.00, 0.52, 1.55, 0.18, 0.09, 0.57, 1.42, 0.00, 0.82, 0.00, 0.11, 0.00, 0.00, 0.42, 0.00, 0.00, 1.00, 1.00, 0.00, 1.00, 0.00, 1.00, 0.00, 1.00, 0.00, 1.00, 0.00, 1.00, 0.00, 0.00, 0.00, 0.00
630,  0,  20.967,  0.98,  1, 0.00, 0.00, 1.21, 0.00, 0.53, 1.48, 0.20, 0.10, 0.58, 1.48, 0.00, 0.82, 0.00, 0.11, 0.00, 0.00, 0.43, 0.00, 0.00, 1.00, 1.00, 0.00, 1.00, 0.00, 1.00, 0.00, 1.00, 0.00, 1.00, 0.00, 1.00, 0.00, 0.00, 0.00, 0.00
631,  0,  21.000,  0.98,  1, 0.00, 0.00, 1.19, 0.00, 0.53, 1.38, 0.13, 0.15, 0.60, 1.58, 0.00, 0.83, 0.00, 0.11, 0.00, 0.00, 0.41, 0.00, 0.00, 1.00, 1.00, 0.00, 1.00, 0.00, 1.00, 0.00, 1.00, 0.00, 1.00, 0.00, 1.00, 0.00, 0.00, 0.00, 0.00
632,  0,  21.033,  0.98,  1, 0.00, 0.00, 1.20, 0.00, 0.58, 1.33, 0.18, 0.17, 0.58, 1.59, 0.00, 0.87, 0.00, 0.11, 0.00, 0.00, 0.28, 0.00, 0.00, 1.00, 1.00, 0.00, 1.00, 0.00, 1.00, 0.00, 1.00, 0.00, 1.00, 0.00, 1.00, 0.00, 0.00, 0.00, 0.00
633,  0,  21.067,  0.98,  1, 0.00, 0.00, 1.16, 0.00, 0.64, 1.47, 0.21, 0.20, 0.56, 1.59, 0.00, 0.92, 0.00, 0.11, 0.00, 0.00, 0.23, 0.00, 0.00, 1.00, 1.00, 0.00, 1.00, 0.00, 1.00, 0.00, 1.00, 0.00, 1.00, 0.00, 1.00, 0.00, 0.00, 0.00, 0.00
634,  0,  21.100,  0.98,  1, 0.00, 0.00, 1.19, 0.00, 0.68, 1.46, 0.27, 0.16, 0.54, 1.68, 0.02, 0.91, 0.00, 0.20, 0.00, 0.07, 0.15, 0.00, 0.00, 1.00, 1.00, 0.00, 1.00, 0.00, 1.00, 0.00, 1.00, 0.00, 1.00, 0.00, 1.00, 0.00, 0.00, 0.00, 0.00
635,  0,  21.133,  0.98,  1, 0.00, 0.00, 1.13, 0.00, 0.67, 1.40, 0.19, 0.15, 0.53, 1.78, 0.10, 0.94, 0.00, 0.29, 0.00, 0.16, 0.11, 0.00, 0.00, 1.00, 1.00, 0.00, 1.00, 0.00, 1.00, 0.00, 1.00, 0.00, 1.00, 0.00, 1.00, 0.00, 0.00, 0.00, 0.00
636,  0,  21.167,  0.98,  1, 0.00, 0.00, 1.09, 0.00, 0.65, 1.32, 0.18, 0.11, 0.45, 1.84, 0.15, 0.81, 0.00, 0.34, 0.00, 0.17, 0.04, 0.00, 0.00, 1.00, 1.00, 0.00, 1.00, 0.00, 1.00, 0.00, 1.00, 0.00, 0.00, 0.00, 1.00, 0.00, 0.00, 0.00, 0.00
637,  0,  21.200,  0.98,  1, 0.00, 0.00, 1.03, 0.00, 0.61, 1.38, 0.18, 0.13, 0.36, 1.74, 0.21, 0.69, 0.00, 0.28, 0.00, 0.10, 0.02, 0.00, 0.00, 1.00, 1.00, 0.00, 1.00, 0.00, 1.00, 0.00, 1.00, 0.00, 0.00, 0.00, 1.00, 0.00, 0.00, 0.00, 0.00
638,  0,  21.233,  0.98,  1, 0.00, 0.00, 1.04, 0.00, 0.61, 1.50, 0.23, 0.10, 0.26, 1.66, 0.31, 0.57, 0.00, 0.22, 0.00, 0.04, 0.00, 0.00, 0.00, 1.00, 1.00, 0.00, 1.00, 0.00, 1.00, 0.00, 1.00, 0.00, 0.00, 0.00, 1.00, 0.00, 0.00, 0.00, 0.00
639,  0,  21.267,  0.98,  1, 0.00, 0.00, 1.03, 0.00, 0.62, 1.50, 0.21, 0.05, 0.24, 1.64, 0.43, 0.61, 0.00, 0.21, 0.00, 0.03, 0.00, 0.00, 0.00, 1.00, 1.00, 0.00, 1.00, 0.00, 1.00, 0.00, 1.00, 0.00, 0.00, 0.00, 1.00, 0.00, 0.00, 0.00, 0.00
640,  0,  21.300,  0.98,  1, 0.00, 0.00, 1.04, 0.00, 0.66, 1.47, 0.24, 0.06, 0.22, 1.66, 0.50, 0.66, 0.00, 0.21, 0.00, 0.02, 0.00, 0.00, 0.00, 1.00, 1.00, 0.00, 1.00, 0.00, 1.00, 0.00, 1.00, 0.00, 0.00, 0.00, 1.00, 0.00, 0.00, 0.00, 0.00
641,  0,  21.333,  0.98,  1, 0.00, 0.00, 1.08, 0.00, 0.66, 1.48, 0.25, 0.06, 0.20, 1.68, 0.46, 0.64, 0.00, 0.21, 0.00, 0.00, 0.00, 0.00, 0.00, 1.00, 1.00, 0.00, 1.00, 0.00, 1.00, 0.00, 1.00, 0.00, 0.00, 0.00, 1.00, 0.00, 0.00, 0.00, 0.00
642,  0,  21.367,  0.98,  1, 0.00, 0.07, 1.16, 0.00, 0.65, 1.49, 0.27, 0.06, 0.23, 1.70, 0.40, 0.62, 0.00, 0.21, 0.00, 0.00, 0.00, 0.00, 0.00, 1.00, 1.00, 0.00, 1.00, 0.00, 1.00, 0.00, 1.00, 0.00, 0.00, 0.00, 1.00, 0.00, 0.00, 0.00, 0.00
643,  0,  21.400,  0.98,  1, 0.00, 0.17, 1.20, 0.00, 0.63, 1.54, 0.28, 0.02, 0.26, 1.74, 0.39, 0.62, 0.00, 0.23, 0.00, 0.00, 0.00, 0.00, 0.00, 1.00, 1.00, 0.00, 1.00, 0.00, 1.00, 0.00, 1.00, 0.00, 0.00, 0.00, 1.00, 0.00, 0.00, 0.00, 0.00
644,  0,  21.433,  0.98,  1, 0.00, 0.17, 1.20, 0.00, 0.65, 1.51, 0.26, 0.00, 0.31, 1.80, 0.36, 0.62, 0.00, 0.25, 0.00, 0.00, 0.00, 0.00, 0.00, 1.00, 1.00, 0.00, 1.00, 0.00, 1.00, 0.00, 1.00, 0.00, 0.00, 0.00, 1.00, 0.00, 0.00, 0.00, 0.00
645,  0,  21.467,  0.98,  1, 0.00, 0.11, 1.19, 0.00, 0.65, 1.42, 0.28, 0.02, 0.32, 1.87, 0.36, 0.58, 0.00, 0.26, 0.00, 0.00, 0.00, 0.00, 0.00, 1.00, 1.00, 0.00, 1.00, 0.00, 1.00, 0.00, 1.00, 0.00, 0.00, 0.00, 1.00, 0.00, 0.00, 0.00, 0.00
646,  0,  21.500,  0.98,  1, 0.00, 0.16, 1.21, 0.00, 0.62, 1.36, 0.23, 0.02, 0.35, 1.73, 0.43, 0.68, 0.00, 0.22, 0.00, 0.00, 0.00, 0.00, 0.00, 1.00, 1.00, 0.00, 1.00, 0.00, 1.00, 0.00, 1.00, 0.00, 0.00, 0.00, 1.00, 0.00, 0.00, 0.00, 0.00
647,  0,  21.533,  0.98,  1, 0.00, 0.26, 1.23, 0.00, 0.60, 1.28, 0.21, 0.04, 0.40, 1.57, 0.54, 0.73, 0.00, 0.14, 0.00, 0.00, 0.03, 0.00, 1.00, 1.00, 1.00, 0.00, 1.00, 0.00, 1.00, 0.00, 1.00, 0.00, 0.00, 0.00, 1.00, 0.00, 0.00, 0.00, 0.00
648,  0,  21.567,  0.98,  1, 0.00, 0.32, 1.28, 0.00, 0.62, 1.35, 0.21, 0.01, 0.42, 1.31, 0.59, 0.72, 0.00, 0.05, 0.00, 0.00, 0.03, 0.00, 1.00, 1.00, 1.00, 0.00, 1.00, 0.00, 1.00, 0.00, 1.00, 0.00, 0.00, 0.00, 1.00, 0.00, 0.00, 0.00, 0.00
649,  0,  21.600,  0.98,  1, 0.00, 0.27, 1.33, 0.00, 0.66, 1.39, 0.27, 0.01, 0.43, 1.21, 0.54, 0.58, 0.00, 0.01, 0.00, 0.00, 0.03, 0.00, 1.00, 1.00, 1.00, 0.00, 1.00, 0.00, 1.00, 0.00, 1.00, 0.00, 0.00, 0.00, 1.00, 0.00, 0.00, 0.00, 0.00
650,  0,  21.633,  0.98,  1, 0.00, 0.26, 1.39, 0.00, 0.70, 1.54, 0.34, 0.00, 0.42, 1.13, 0.51, 0.47, 0.00, 0.00, 0.00, 0.00, 0.00, 0.00, 1.00, 1.00, 1.00, 0.00, 1.00, 0.00, 1.00, 0.00, 1.00, 0.00, 0.00, 0.00, 1.00, 0.00, 0.00, 0.00, 0.00
651,  0,  21.667,  0.98,  1, 0.00, 0.24, 1.41, 0.00, 0.69, 1.51, 0.36, 0.00, 0.42, 1.24, 0.56, 0.49, 0.00, 0.00, 0.00, 0.00, 0.00, 0.00, 1.00, 1.00, 1.00, 0.00, 1.00, 0.00, 1.00, 0.00, 1.00, 0.00, 0.00, 0.00, 0.00, 0.00, 0.00, 0.00, 0.00
652,  0,  21.700,  0.98,  1, 0.00, 0.22, 1.41, 0.00, 0.66, 1.50, 0.36, 0.00, 0.43, 1.31, 0.62, 0.50, 0.00, 0.00, 0.00, 0.00, 0.00, 0.00, 1.00, 1.00, 1.00, 0.00, 1.00, 0.00, 1.00, 0.00, 1.00, 0.00, 0.00, 0.00, 0.00, 0.00, 0.00, 0.00, 0.00
653,  0,  21.733,  0.98,  1, 0.00, 0.15, 1.41, 0.00, 0.57, 1.32, 0.32, 0.00, 0.44, 1.34, 0.66, 0.53, 0.00, 0.00, 0.00, 0.00, 0.00, 0.00, 1.00, 1.00, 1.00, 0.00, 1.00, 0.00, 1.00, 0.00, 1.00, 0.00, 0.00, 0.00, 0.00, 0.00, 0.00, 0.00, 0.00
654,  0,  21.767,  0.98,  1, 0.00, 0.10, 1.35, 0.00, 0.51, 1.14, 0.26, 0.00, 0.48, 1.23, 0.67, 0.52, 0.00, 0.00, 0.00, 0.00, 0.00, 0.00, 0.00, 1.00, 1.00, 0.00, 1.00, 0.00, 1.00, 0.00, 1.00, 0.00, 0.00, 0.00, 0.00, 0.00, 0.00, 0.00, 0.00
655,  0,  21.800,  0.98,  1, 0.00, 0.02, 1.26, 0.00, 0.46, 0.99, 0.17, 0.00, 0.51, 1.17, 0.60, 0.49, 0.00, 0.00, 0.00, 0.00, 0.03, 0.00, 0.00, 1.00, 1.00, 0.00, 1.00, 0.00, 1.00, 0.00, 1.00, 0.00, 0.00, 0.00, 0.00, 0.00, 0.00, 0.00, 0.00
656,  0,  21.833,  0.98,  1, 0.00, 0.00, 1.15, 0.00, 0.47, 1.04, 0.11, 0.00, 0.49, 1.24, 0.58, 0.54, 0.00, 0.00, 0.00, 0.00, 0.03, 0.00, 0.00, 1.00, 1.00, 0.00, 1.00, 0.00, 1.00, 0.00, 1.00, 0.00, 0.00, 0.00, 1.00, 0.00, 0.00, 0.00, 0.00
657,  0,  21.867,  0.98,  1, 0.00, 0.00, 1.08, 0.00, 0.50, 1.05, 0.09, 0.02, 0.46, 1.35, 0.50, 0.61, 0.00, 0.00, 0.00, 0.00, 0.03, 0.00, 0.00, 1.00, 1.00, 0.00, 1.00, 0.00, 1.00, 0.00, 1.00, 0.00, 0.00, 0.00, 1.00, 0.00, 0.00, 0.00, 0.00
658,  0,  21.900,  0.98,  1, 0.00, 0.00, 1.18, 0.00, 0.55, 1.21, 0.15, 0.06, 0.44, 1.40, 0.53, 0.70, 0.00, 0.06, 0.00, 0.00, 0.00, 0.00, 0.00, 1.00, 1.00, 0.00, 1.00, 0.00, 1.00, 0.00, 1.00, 0.00, 0.00, 0.00, 1.00, 0.00, 0.00, 0.00, 0.00
659,  0,  21.933,  0.98,  1, 0.00, 0.02, 1.33, 0.00, 0.62, 1.36, 0.19, 0.11, 0.40, 1.38, 0.48, 0.71, 0.00, 0.13, 0.00, 0.00, 0.00, 0.00, 0.00, 1.00, 1.00, 0.00, 1.00, 0.00, 1.00, 0.00, 1.00, 1.00, 0.00, 0.00, 1.00, 0.00, 0.00, 0.00, 0.00
660,  0,  21.967,  0.98,  1, 0.00, 0.10, 1.54, 0.00, 0.71, 1.68, 0.26, 0.13, 0.36, 1.35, 0.45, 0.65, 0.00, 0.13, 0.00, 0.00, 0.00, 0.00, 1.00, 1.00, 1.00, 0.00, 1.00, 0.00, 1.00, 0.00, 1.00, 1.00, 0.00, 0.00, 1.00, 0.00, 0.00, 0.00, 0.00
661,  0,  22.000,  0.98,  1, 0.02, 0.27, 1.64, 0.00, 0.75, 1.76, 0.32, 0.09, 0.34, 1.41, 0.40, 0.57, 0.01, 0.07, 0.00, 0.00, 0.00, 0.00, 1.00, 1.00, 1.00, 0.00, 1.00, 0.00, 1.00, 0.00, 1.00, 1.00, 0.00, 0.00, 1.00, 0.00, 0.00, 0.00, 0.00
662,  0,  22.033,  0.98,  1, 0.06, 0.43, 1.75, 0.00, 0.81, 1.75, 0.36, 0.04, 0.35, 1.45, 0.32, 0.47, 0.01, 0.00, 0.00, 0.00, 0.00, 0.00, 1.00, 1.00, 1.00, 0.00, 1.00, 0.00, 1.00, 0.00, 1.00, 1.00, 0.00, 0.00, 1.00, 0.00, 0.00, 0.00, 0.00
663,  0,  22.067,  0.98,  1, 0.07, 0.43, 1.75, 0.00, 0.78, 1.66, 0.36, 0.04, 0.37, 1.45, 0.23, 0.44, 0.01, 0.00, 0.00, 0.00, 0.00, 0.00, 0.00, 1.00, 1.00, 0.00, 1.00, 0.00, 1.00, 0.00, 1.00, 1.00, 0.00, 0.00, 1.00, 0.00, 0.00, 0.00, 0.00
664,  0,  22.100,  0.98,  1, 0.05, 0.41, 1.75, 0.00, 0.77, 1.66, 0.33, 0.10, 0.38, 1.39, 0.21, 0.47, 0.00, 0.00, 0.00, 0.00, 0.00, 0.00, 0.00, 1.00, 1.00, 0.00, 1.00, 0.00, 1.00, 0.00, 1.00, 1.00, 0.00, 0.00, 1.00, 0.00, 0.00, 0.00, 0.00
665,  0,  22.133,  0.98,  1, 0.04, 0.35, 1.71, 0.00, 0.75, 1.62, 0.31, 0.15, 0.42, 1.31, 0.21, 0.52, 0.00, 0.01, 0.00, 0.00, 0.00, 0.00, 0.00, 1.00, 1.00, 0.00, 1.00, 0.00, 1.00, 0.00, 1.00, 1.00, 0.00, 0.00, 1.00, 0.00, 0.00, 0.00, 0.00
666,  0,  22.167,  0.98,  1, 0.10, 0.47, 1.67, 0.00, 0.79, 1.69, 0.31, 0.20, 0.45, 1.33, 0.23, 0.55, 0.01, 0.01, 0.00, 0.00, 0.00, 0.00, 0.00, 1.00, 1.00, 0.00, 1.00, 0.00, 1.00, 0.00, 1.00, 0.00, 0.00, 0.00, 1.00, 0.00, 0.00, 0.00, 0.00
667,  0,  22.200,  0.98,  1, 0.16, 0.47, 1.71, 0.00, 0.85, 1.70, 0.29, 0.18, 0.44, 1.41, 0.19, 0.54, 0.01, 0.04, 0.00, 0.00, 0.00, 0.00, 0.00, 1.00, 1.00, 0.00, 1.00, 0.00, 1.00, 0.00, 1.00, 0.00, 0.00, 0.00, 1.00, 0.00, 0.00, 0.00, 0.00
668,  0,  22.233,  0.98,  1, 0.18, 0.46, 1.67, 0.00, 0.87, 1.65, 0.29, 0.19, 0.40, 1.50, 0.15, 0.54, 0.01, 0.07, 0.00, 0.00, 0.00, 0.00, 0.00, 1.00, 1.00, 0.00, 1.00, 0.00, 1.00, 0.00, 1.00, 0.00, 0.00, 0.00, 1.00, 0.00, 0.00, 0.00, 0.00
669,  0,  22.267,  0.98,  1, 0.15, 0.38, 1.63, 0.00, 0.92, 1.55, 0.30, 0.18, 0.39, 1.56, 0.14, 0.52, 0.00, 0.12, 0.00, 0.00, 0.00, 0.00, 1.00, 1.00, 1.00, 0.00, 1.00, 0.00, 1.00, 0.00, 1.00, 0.00, 0.00, 0.00, 1.00, 0.00, 0.00, 0.00, 0.00
670,  0,  22.300,  0.98,  1, 0.10, 0.36, 1.54, 0.10, 0.95, 1.60, 0.42, 0.28, 0.36, 1.50, 0.10, 0.55, 0.00, 0.09, 0.00, 0.00, 0.00, 0.00, 1.00, 1.00, 1.00, 0.00, 1.00, 0.00, 1.00, 0.00, 1.00, 0.00, 0.00, 0.00, 1.00, 0.00, 0.00, 0.00, 0.00
671,  0,  22.333,  0.98,  1, 0.07, 0.35, 1.49, 0.20, 0.96, 1.75, 0.50, 0.31, 0.35, 1.47, 0.08, 0.56, 0.01, 0.05, 0.00, 0.00, 0.00, 0.00, 1.00, 1.00, 1.00, 0.00, 1.00, 0.00, 1.00, 0.00, 1.00, 0.00, 0.00, 0.00, 1.00, 0.00, 0.00, 0.00, 0.00
672,  0,  22.367,  0.98,  1, 0.03, 0.40, 1.41, 0.40, 0.84, 1.88, 0.55, 0.36, 0.33, 1.38, 0.21, 0.55, 0.01, 0.01, 0.00, 0.00, 0.00, 0.00, 1.00, 1.00, 1.00, 0.00, 1.00, 0.00, 1.00, 0.00, 1.00, 0.00, 0.00, 0.00, 1.00, 0.00, 0.00, 0.00, 0.00
673,  0,  22.400,  0.98,  1, 0.02, 0.46, 1.24, 0.49, 0.73, 1.85, 0.48, 0.34, 0.38, 1.41, 0.42, 0.49, 0.01, 0.00, 0.00, 0.00, 0.00, 0.00, 1.00, 1.00, 1.00, 0.00, 1.00, 0.00, 1.00, 0.00, 1.00, 0.00, 0.00, 0.00, 0.00, 0.00, 0.00, 0.00, 0.00
674,  0,  22.433,  0.98,  1, 0.00, 0.50, 1.14, 0.53, 0.65, 1.85, 0.44, 0.34, 0.40, 1.45, 0.58, 0.47, 0.00, 0.01, 0.00, 0.00, 0.01, 0.00, 0.00, 1.00, 1.00, 0.00, 1.00, 0.00, 1.00, 0.00, 1.00, 0.00, 0.00, 0.00, 0.00, 0.00, 0.00, 0.00, 0.00
675,  0,  22.467,  0.98,  1, 0.00, 0.49, 1.16, 0.53, 0.68, 1.75, 0.44, 0.31, 0.43, 1.55, 0.59, 0.47, 0.00, 0.05, 0.00, 0.00, 0.01, 0.00, 0.00, 1.00, 1.00, 0.00, 1.00, 0.00, 1.00, 0.00, 1.00, 0.00, 0.00, 0.00, 0.00, 0.00, 0.00, 0.00, 0.00
676,  0,  22.500,  0.98,  1, 0.03, 0.54, 1.26, 0.51, 0.67, 1.67, 0.40, 0.28, 0.40, 1.56, 0.54, 0.44, 0.00, 0.06, 0.00, 0.00, 0.01, 0.00, 0.00, 1.00, 1.00, 0.00, 1.00, 0.00, 1.00, 0.00, 1.00, 0.00, 0.00, 0.00, 0.00, 0.00, 0.00, 0.00, 0.00
677,  0,  22.533,  0.98,  1, 0.06, 0.59, 1.32, 0.50, 0.68, 1.52, 0.38, 0.27, 0.38, 1.55, 0.47, 0.37, 0.00, 0.05, 0.00, 0.00, 0.00, 0.00, 0.00, 1.00, 1.00, 0.00, 1.00, 0.00, 1.00, 0.00, 1.00, 0.00, 0.00, 0.00, 1.00, 0.00, 0.00, 0.00, 0.00
678,  0,  22.567,  0.98,  1, 0.08, 0.56, 1.33, 0.35, 0.65, 1.47, 0.33, 0.25, 0.34, 1.49, 0.34, 0.32, 0.00, 0.02, 0.00, 0.00, 0.00, 0.00, 0.00, 1.00, 1.00, 0.00, 1.00, 0.00, 1.00, 0.00, 1.00, 0.00, 0.00, 0.00, 1.00, 0.00, 0.00, 0.00, 0.00
679,  0,  22.600,  0.98,  1, 0.06, 0.44, 1.32, 0.25, 0.67, 1.42, 0.34, 0.25, 0.34, 1.50, 0.23, 0.33, 0.00, 0.02, 0.00, 0.00, 0.00, 0.00, 0.00, 1.00, 1.00, 0.00, 1.00, 0.00, 1.00, 0.00, 1.00, 0.00, 0.00, 0.00, 1.00, 0.00, 0.00, 0.00, 0.00
680,  0,  22.633,  0.98,  1, 0.08, 0.35, 1.34, 0.20, 0.68, 1.48, 0.32, 0.27, 0.35, 1.50, 0.16, 0.34, 0.00, 0.05, 0.00, 0.00, 0.00, 0.00, 0.00, 1.00, 1.00, 0.00, 1.00, 0.00, 1.00, 0.00, 1.00, 0.00, 0.00, 0.00, 1.00, 0.00, 0.00, 0.00, 0.00
681,  0,  22.667,  0.98,  1, 0.10, 0.36, 1.37, 0.27, 0.67, 1.52, 0.32, 0.26, 0.35, 1.49, 0.16, 0.35, 0.00, 0.06, 0.00, 0.00, 0.00, 0.00, 0.00, 1.00, 1.00, 0.00, 1.00, 0.00, 1.00, 0.00, 1.00, 0.00, 0.00, 0.00, 1.00, 0.00, 0.00, 0.00, 0.00
682,  0,  22.700,  0.98,  1, 0.09, 0.24, 1.39, 0.19, 0.68, 1.54, 0.30, 0.26, 0.35, 1.48, 0.09, 0.53, 0.00, 0.06, 0.01, 0.00, 0.00, 0.00, 1.00, 1.00, 1.00, 0.00, 1.00, 0.00, 1.00, 0.00, 1.00, 0.00, 0.00, 0.00, 0.00, 0.00, 0.00, 0.00, 0.00
683,  0,  22.733,  0.98,  1, 0.04, 0.19, 1.42, 0.19, 0.68, 1.48, 0.30, 0.23, 0.33, 1.45, 0.06, 0.66, 0.00, 0.07, 0.02, 0.00, 0.00, 0.00, 1.00, 1.00, 1.00, 0.00, 1.00, 0.00, 1.00, 0.00, 1.00, 0.00, 1.00, 0.00, 0.00, 0.00, 0.00, 0.00, 0.00
684,  0,  22.767,  0.98,  1, 0.00, 0.39, 1.40, 0.07, 0.65, 1.35, 0.31, 0.15, 0.32, 1.46, 0.13, 0.80, 0.00, 0.05, 0.02, 0.00, 0.00, 0.00, 1.00, 1.00, 1.00, 0.00, 1.00, 0.00, 1.00, 0.00, 1.00, 0.00, 1.00, 0.00, 0.00, 0.00, 0.00, 0.00, 0.00
685,  0,  22.800,  0.98,  1, 0.01, 0.66, 1.44, 0.07, 0.59, 1.25, 0.34, 0.07, 0.33, 1.45, 0.32, 0.75, 0.00, 0.03, 0.01, 0.00, 0.00, 0.00, 1.00, 1.00, 1.00, 0.00, 1.00, 0.00, 1.00, 0.00, 1.00, 0.00, 1.00, 0.00, 0.00, 0.00, 0.00, 0.00, 0.00
686,  0,  22.833,  0.98,  1, 0.07, 0.99, 1.46, 0.00, 0.54, 1.23, 0.36, 0.00, 0.33, 1.53, 0.41, 0.76, 0.00, 0.00, 0.00, 0.00, 0.00, 0.00, 1.00, 1.00, 1.00, 0.00, 1.00, 0.00, 1.00, 0.00, 1.00, 0.00, 1.00, 0.00, 1.00, 0.00, 0.00, 0.00, 0.00
687,  0,  22.867,  0.98,  1, 0.08, 0.90, 1.48, 0.00, 0.55, 1.21, 0.33, 0.00, 0.31, 1.58, 0.36, 0.79, 0.00, 0.01, 0.00, 0.00, 0.00, 0.00, 1.00, 1.00, 1.00, 0.00, 1.00, 0.00, 1.00, 0.00, 1.00, 0.00, 1.00, 0.00, 1.00, 0.00, 0.00, 0.00, 0.00
688,  0,  22.900,  0.98,  1, 0.09, 0.91, 1.51, 0.00, 0.58, 1.23, 0.32, 0.00, 0.27, 1.58, 0.26, 0.79, 0.00, 0.02, 0.00, 0.00, 0.00, 0.00, 1.00, 1.00, 1.00, 0.00, 1.00, 0.00, 1.00, 0.00, 1.00, 0.00, 1.00, 0.00, 1.00, 0.00, 0.00, 0.00, 0.00
689,  0,  22.933,  0.98,  1, 0.08, 0.79, 1.52, 0.00, 0.58, 1.14, 0.32, 0.00, 0.24, 1.46, 0.27, 0.80, 0.00, 0.03, 0.00, 0.00, 0.00, 0.00, 1.00, 1.00, 1.00, 0.00, 1.00, 0.00, 1.00, 0.00, 1.00, 0.00, 1.00, 0.00, 1.00, 0.00, 0.00, 0.00, 0.00
690,  0,  22.967,  0.98,  1, 0.09, 0.75, 1.49, 0.00, 0.58, 1.11, 0.34, 0.00, 0.21, 1.38, 0.31, 0.76, 0.00, 0.04, 0.00, 0.00, 0.00, 0.00, 1.00, 1.00, 1.00, 0.00, 1.00, 0.00, 1.00, 0.00, 1.00, 0.00, 1.00, 0.00, 1.00, 0.00, 0.00, 0.00, 0.00
691,  0,  23.000,  0.98,  1, 0.06, 0.61, 1.47, 0.00, 0.58, 1.17, 0.35, 0.07, 0.24, 1.40, 0.26, 0.76, 0.00, 0.04, 0.00, 0.00, 0.00, 0.00, 1.00, 1.00, 1.00, 0.00, 1.00, 0.00, 1.00, 0.00, 1.00, 0.00, 1.00, 0.00, 1.00, 0.00, 0.00, 0.00, 0.00
692,  0,  23.033,  0.98,  1, 0.05, 0.56, 1.46, 0.00, 0.57, 1.30, 0.37, 0.10, 0.26, 1.49, 0.19, 0.76, 0.00, 0.05, 0.00, 0.00, 0.00, 0.00, 1.00, 1.00, 1.00, 0.00, 1.00, 0.00, 1.00, 0.00, 1.00, 0.00, 1.00, 0.00, 1.00, 0.00, 0.00, 0.00, 0.00
693,  0,  23.067,  0.98,  1, 0.08, 0.54, 1.46, 0.00, 0.61, 1.48, 0.37, 0.17, 0.32, 1.56, 0.12, 0.76, 0.00, 0.03, 0.00, 0.00, 0.00, 0.00, 1.00, 1.00, 1.00, 0.00, 1.00, 0.00, 1.00, 0.00, 1.00, 0.00, 1.00, 0.00, 1.00, 0.00, 0.00, 0.00, 0.00
694,  0,  23.100,  0.98,  1, 0.10, 0.44, 1.45, 0.00, 0.60, 1.42, 0.29, 0.11, 0.29, 1.43, 0.19, 0.72, 0.00, 0.02, 0.04, 0.00, 0.00, 0.00, 1.00, 1.00, 1.00, 0.00, 1.00, 0.00, 1.00, 0.00, 1.00, 0.00, 1.00, 0.00, 1.00, 0.00, 0.00, 0.00, 0.00
695,  0,  23.133,  0.98,  1, 0.10, 0.29, 1.47, 0.00, 0.57, 1.38, 0.15, 0.09, 0.27, 1.37, 0.17, 0.71, 0.00, 0.00, 0.04, 0.00, 0.00, 0.00, 1.00, 1.00, 1.00, 0.00, 1.00, 0.00, 1.00, 0.00, 1.00, 0.00, 1.00, 0.00, 1.00, 0.00, 0.00, 0.00, 0.00
696,  0,  23.167,  0.98,  1, 0.06, 0.18, 1.45, 0.00, 0.48, 1.20, 0.10, 0.11, 0.25, 1.39, 0.18, 0.74, 0.00, 0.02, 0.04, 0.00, 0.00, 0.00, 1.00, 1.00, 1.00, 0.00, 1.00, 0.00, 1.00, 0.00, 1.00, 0.00, 1.00, 0.00, 1.00, 0.00, 0.00, 0.00, 0.00
697,  0,  23.200,  0.98,  1, 0.04, 0.15, 1.38, 0.00, 0.46, 1.20, 0.14, 0.21, 0.30, 1.52, 0.13, 0.84, 0.00, 0.04, 0.01, 0.00, 0.00, 0.00, 1.00, 1.00, 1.00, 0.00, 1.00, 0.00, 1.00, 0.00, 1.00, 0.00, 1.00, 0.00, 1.00, 0.00, 0.00, 0.00, 0.00
698,  0,  23.233,  0.98,  1, 0.01, 0.11, 1.33, 0.00, 0.45, 1.18, 0.22, 0.28, 0.32, 1.56, 0.17, 0.88, 0.00, 0.07, 0.01, 0.00, 0.00, 0.00, 1.00, 1.00, 1.00, 0.00, 1.00, 0.00, 1.00, 0.00, 1.00, 0.00, 1.00, 0.00, 1.00, 0.00, 0.00, 0.00, 0.00
699,  0,  23.267,  0.98,  1, 0.00, 0.06, 1.33, 0.00, 0.47, 1.26, 0.23, 0.26, 0.34, 1.51, 0.18, 0.88, 0.03, 0.09, 0.01, 0.00, 0.00, 0.00, 1.00, 1.00, 1.00, 0.00, 1.00, 0.00, 1.00, 0.00, 1.00, 0.00, 1.00, 0.00, 1.00, 0.00, 0.00, 0.00, 0.00
700,  0,  23.300,  0.98,  1, 0.00, 0.14, 1.42, 0.00, 0.48, 1.31, 0.22, 0.22, 0.34, 1.44, 0.17, 0.83, 0.04, 0.07, 0.01, 0.00, 0.00, 0.00, 1.00, 1.00, 1.00, 0.00, 1.00, 0.00, 1.00, 0.00, 1.00, 0.00, 1.00, 0.00, 0.00, 0.00, 0.00, 0.00, 0.00
701,  0,  23.333,  0.98,  1, 0.00, 0.18, 1.44, 0.00, 0.49, 1.24, 0.19, 0.21, 0.38, 1.37, 0.18, 0.80, 0.04, 0.04, 0.00, 0.00, 0.00, 0.00, 0.00, 1.00, 1.00, 0.00, 1.00, 0.00, 1.00, 0.00, 1.00, 0.00, 1.00, 0.00, 0.00, 0.00, 0.00, 0.00, 0.00
702,  0,  23.367,  0.98,  1, 0.00, 0.23, 1.51, 0.00, 0.51, 1.19, 0.19, 0.22, 0.42, 1.29, 0.19, 0.77, 0.01, 0.00, 0.00, 0.00, 0.00, 0.00, 0.00, 1.00, 1.00, 0.00, 1.00, 0.00, 1.00, 0.00, 1.00, 0.00, 1.00, 0.00, 0.00, 0.00, 0.00, 0.00, 0.00
703,  0,  23.400,  0.98,  1, 0.00, 0.16, 1.51, 0.00, 0.51, 1.09, 0.20, 0.24, 0.42, 1.25, 0.20, 0.75, 0.00, 0.00, 0.00, 0.00, 0.00, 0.00, 0.00, 1.00, 1.00, 0.00, 1.00, 0.00, 1.00, 0.00, 1.00, 0.00, 1.00, 0.00, 0.00, 0.00, 0.00, 0.00, 0.00
704,  0,  23.433,  0.98,  1, 0.00, 0.08, 1.50, 0.00, 0.52, 1.09, 0.24, 0.28, 0.39, 1.21, 0.19, 0.74, 0.00, 0.00, 0.00, 0.00, 0.00, 0.00, 0.00, 1.00, 1.00, 0.00, 1.00, 0.00, 1.00, 0.00, 1.00, 0.00, 1.00, 0.00, 0.00, 0.00, 0.00, 0.00, 0.00
705,  0,  23.467,  0.98,  1, 0.00, 0.08, 1.51, 0.00, 0.50, 1.13, 0.23, 0.26, 0.37, 1.23, 0.21, 0.75, 0.00, 0.00, 0.00, 0.00, 0.00, 0.00, 0.00, 1.00, 1.00, 0.00, 1.00, 0.00, 1.00, 0.00, 1.00, 0.00, 1.00, 0.00, 0.00, 0.00, 0.00, 0.00, 0.00
706,  0,  23.500,  0.98,  1, 0.00, 0.12, 1.48, 0.00, 0.47, 1.18, 0.22, 0.26, 0.45, 1.32, 0.36, 0.78, 0.00, 0.00, 0.00, 0.00, 0.00, 0.00, 0.00, 1.00, 1.00, 0.00, 1.00, 0.00, 1.00, 0.00, 1.00, 0.00, 1.00, 0.00, 0.00, 0.00, 0.00, 0.00, 0.00
707,  0,  23.533,  0.98,  1, 0.00, 0.18, 1.48, 0.00, 0.45, 1.23, 0.25, 0.22, 0.54, 1.44, 0.50, 0.83, 0.06, 0.00, 0.00, 0.00, 0.00, 0.00, 0.00, 1.00, 1.00, 0.00, 1.00, 0.00, 1.00, 0.00, 1.00, 0.00, 1.00, 0.00, 0.00, 0.00, 0.00, 0.00, 0.00
708,  0,  23.567,  0.98,  1, 0.00, 0.23, 1.41, 0.00, 0.41, 1.17, 0.29, 0.16, 0.60, 1.50, 0.56, 0.85, 0.06, 0.00, 0.00, 0.00, 0.00, 0.00, 1.00, 1.00, 1.00, 0.00, 1.00, 0.00, 1.00, 0.00, 1.00, 0.00, 1.00, 0.00, 0.00, 0.00, 0.00, 0.00, 0.00
709,  0,  23.600,  0.98,  1, 0.03, 0.42, 1.47, 0.00, 0.37, 1.25, 0.36, 0.08, 0.57, 1.50, 0.54, 0.82, 0.05, 0.00, 0.00, 0.00, 0.00, 0.00, 1.00, 1.00, 1.00, 0.00, 1.00, 0.00, 1.00, 0.00, 1.00, 0.00, 1.00, 0.00, 0.00, 0.00, 0.00, 0.00, 0.00
710,  0,  23.633,  0.98,  1, 0.05, 0.53, 1.44, 0.00, 0.31, 1.30, 0.36, 0.00, 0.54, 1.38, 0.49, 0.81, 0.00, 0.00, 0.00, 0.00, 0.00, 0.00, 1.00, 1.00, 1.00, 0.00, 1.00, 0.00, 1.00, 0.00, 1.00, 0.00, 1.00, 0.00, 0.00, 0.00, 0.00, 0.00, 0.00
711,  0,  23.667,  0.98,  1, 0.10, 0.60, 1.45, 0.00, 0.33, 1.39, 0.36, 0.01, 0.55, 1.31, 0.50, 0.80, 0.00, 0.00, 0.03, 0.00, 0.00, 0.00, 1.00, 1.00, 1.00, 0.00, 1.00, 0.00, 1.00, 0.00, 1.00, 0.00, 1.00, 0.00, 0.00, 0.00, 0.00, 0.00, 0.00
712,  0,  23.700,  0.98,  1, 0.11, 0.55, 1.44, 0.00, 0.34, 1.44, 0.35, 0.01, 0.54, 1.19, 0.51, 0.85, 0.00, 0.00, 0.03, 0.00, 0.00, 0.00, 1.00, 1.00, 1.00, 0.00, 1.00, 0.00, 1.00, 0.00, 1.00, 0.00, 1.00, 0.00, 0.00, 0.00, 0.00, 0.00, 0.00
713,  0,  23.733,  0.98,  1, 0.15, 0.57, 1.53, 0.00, 0.39, 1.62, 0.30, 0.03, 0.59, 1.23, 0.55, 0.90, 0.00, 0.00, 0.03, 0.00, 0.09, 0.00, 1.00, 1.00, 1.00, 0.00, 1.00, 0.00, 1.00, 0.00, 1.00, 0.00, 1.00, 0.00, 0.00, 0.00, 0.00, 0.00, 0.00
714,  0,  23.767,  0.98,  1, 0.17, 0.48, 1.72, 0.00, 0.47, 1.73, 0.29, 0.09, 0.66, 1.32, 0.63, 0.91, 0.00, 0.00, 0.01, 0.00, 0.64, 0.00, 1.00, 1.00, 1.00, 0.00, 1.00, 0.00, 1.00, 0.00, 1.00, 0.00, 1.00, 0.00, 0.00, 0.00, 0.00, 0.00, 0.00
715,  0,  23.800,  0.98,  1, 0.13, 0.30, 1.75, 0.00, 0.59, 1.75, 0.24, 0.09, 0.73, 1.43, 0.64, 0.86, 0.00, 0.00, 0.01, 0.00, 1.30, 0.00, 1.00, 1.00, 1.00, 0.00, 1.00, 0.00, 1.00, 0.00, 1.00, 0.00, 1.00, 0.00, 0.00, 0.00, 0.00, 0.00, 0.00
716,  0,  23.833,  0.98,  1, 0.08, 0.21, 1.83, 0.00, 0.73, 1.63, 0.30, 0.09, 0.75, 1.60, 0.58, 0.81, 0.00, 0.00, 0.01, 0.00, 1.61, 0.00, 1.00, 1.00, 1.00, 0.00, 1.00, 0.00, 1.00, 0.00, 1.00, 0.00, 1.00, 0.00, 0.00, 0.00, 0.00, 0.00, 0.00
717,  0,  23.867,  0.98,  1, 0.02, 0.21, 1.79, 0.00, 0.78, 1.69, 0.22, 0.05, 0.71, 1.60, 0.51, 0.83, 0.00, 0.00, 0.00, 0.00, 1.24, 0.00, 1.00, 1.00, 1.00, 0.00, 1.00, 0.00, 1.00, 0.00, 1.00, 0.00, 1.00, 0.00, 0.00, 0.00, 0.00, 0.00, 0.00
718,  0,  23.900,  0.98,  1, 0.03, 0.21, 1.74, 0.00, 0.70, 1.69, 0.15, 0.06, 0.65, 1.45, 0.50, 0.82, 0.00, 0.00, 0.00, 0.00, 0.65, 0.00, 1.00, 1.00, 1.00, 0.00, 1.00, 0.00, 1.00, 0.00, 1.00, 0.00, 1.00, 0.00, 0.00, 0.00, 0.00, 0.00, 0.00
719,  0,  23.933,  0.98,  1, 0.02, 0.12, 1.65, 0.00, 0.61, 1.81, 0.09, 0.07, 0.63, 1.24, 0.61, 0.76, 0.03, 0.00, 0.00, 0.00, 0.26, 0.00, 1.00, 1.00, 1.00, 0.00, 1.00, 0.00, 1.00, 0.00, 1.00, 0.00, 1.00, 0.00, 1.00, 0.00, 0.00, 0.00, 0.00
720,  0,  23.967,  0.98,  1, 0.01, 0.06, 1.57, 0.00, 0.54, 1.59, 0.11, 0.20, 0.62, 1.12, 0.74, 0.70, 0.03, 0.00, 0.00, 0.10, 0.08, 0.00, 1.00, 1.00, 1.00, 0.00, 1.00, 0.00, 1.00, 0.00, 1.00, 0.00, 1.00, 0.00, 1.00, 0.00, 0.00, 0.00, 0.00
721,  0,  24.000,  0.98,  1, 0.00, 0.06, 1.57, 0.00, 0.61, 1.55, 0.12, 0.36, 0.60, 1.22, 0.84, 0.75, 0.03, 0.00, 0.00, 0.15, 0.00, 0.00, 1.00, 1.00, 1.00, 0.00, 1.00, 0.00, 1.00, 0.00, 1.00, 0.00, 1.00, 0.00, 1.00, 0.00, 0.00, 0.00, 0.00
722,  0,  24.033,  0.98,  1, 0.00, 0.06, 1.58, 0.00, 0.64, 1.41, 0.09, 0.46, 0.59, 1.36, 0.86, 0.79, 0.00, 0.00, 0.00, 0.15, 0.00, 0.00, 1.00, 1.00, 1.00, 0.00, 1.00, 0.00, 1.00, 0.00, 1.00, 1.00, 1.00, 0.00, 1.00, 0.00, 0.00, 0.00, 0.00
723,  0,  24.067,  0.98,  1, 0.00, 0.00, 1.55, 0.00, 0.68, 1.48, 0.09, 0.43, 0.56, 1.51, 0.87, 0.81, 0.00, 0.00, 0.00, 0.06, 0.00, 0.00, 1.00, 1.00, 1.00, 0.00, 1.00, 0.00, 1.00, 0.00, 1.00, 1.00, 1.00, 0.00, 1.00, 0.00, 0.00, 0.00, 0.00
724,  0,  24.100,  0.98,  1, 0.00, 0.00, 1.52, 0.00, 0.68, 1.43, 0.12, 0.38, 0.53, 1.63, 0.72, 0.73, 0.00, 0.00, 0.00, 0.00, 0.00, 0.00, 1.00, 1.00, 1.00, 0.00, 1.00, 0.00, 1.00, 0.00, 1.00, 1.00, 1.00, 0.00, 1.00, 0.00, 0.00, 0.00, 0.00
725,  0,  24.133,  0.98,  1, 0.00, 0.00, 1.42, 0.00, 0.70, 1.43, 0.13, 0.36, 0.48, 1.71, 0.54, 0.70, 0.05, 0.00, 0.00, 0.00, 0.00, 0.00, 1.00, 1.00, 1.00, 0.00, 1.00, 0.00, 1.00, 0.00, 1.00, 1.00, 1.00, 0.00, 1.00, 0.00, 0.00, 0.00, 0.00
726,  0,  24.167,  0.98,  1, 0.00, 0.00, 1.36, 0.00, 0.68, 1.38, 0.08, 0.35, 0.48, 1.77, 0.40, 0.66, 0.06, 0.00, 0.00, 0.00, 0.00, 0.00, 1.00, 1.00, 1.00, 0.00, 1.00, 0.00, 1.00, 0.00, 1.00, 0.00, 1.00, 0.00, 1.00, 0.00, 0.00, 0.00, 0.00
727,  0,  24.200,  0.98,  1, 0.00, 0.00, 1.36, 0.00, 0.71, 1.42, 0.06, 0.36, 0.49, 1.81, 0.41, 0.70, 0.12, 0.00, 0.00, 0.00, 0.00, 0.00, 1.00, 1.00, 1.00, 0.00, 1.00, 0.00, 1.00, 0.00, 1.00, 0.00, 1.00, 0.00, 1.00, 0.00, 0.00, 0.00, 0.00
728,  0,  24.233,  0.98,  1, 0.00, 0.00, 1.34, 0.00, 0.70, 1.33, 0.01, 0.40, 0.53, 1.87, 0.47, 0.73, 0.14, 0.01, 0.00, 0.01, 0.00, 0.00, 1.00, 1.00, 1.00, 0.00, 1.00, 0.00, 1.00, 0.00, 1.00, 0.00, 1.00, 0.00, 1.00, 0.00, 0.00, 0.00, 0.00
729,  0,  24.267,  0.98,  1, 0.00, 0.00, 1.33, 0.00, 0.70, 1.33, 0.01, 0.40, 0.53, 1.92, 0.50, 0.77, 0.14, 0.03, 0.00, 0.00, 0.00, 0.00, 1.00, 1.00, 1.00, 0.00, 1.00, 0.00, 1.00, 0.00, 1.00, 0.00, 1.00, 0.00, 1.00, 0.00, 0.00, 0.00, 0.00
730,  0,  24.300,  0.98,  1, 0.00, 0.00, 1.36, 0.00, 0.69, 1.38, 0.02, 0.41, 0.52, 1.89, 0.43, 0.78, 0.08, 0.03, 0.00, 0.00, 0.00, 0.00, 1.00, 1.00, 1.00, 0.00, 1.00, 0.00, 1.00, 0.00, 1.00, 0.00, 1.00, 0.00, 1.00, 0.00, 0.00, 0.00, 0.00
731,  0,  24.333,  0.98,  1, 0.00, 0.00, 1.43, 0.00, 0.68, 1.43, 0.02, 0.35, 0.45, 1.78, 0.31, 0.81, 0.01, 0.02, 0.00, 0.03, 0.00, 0.00, 0.00, 1.00, 1.00, 0.00, 1.00, 0.00, 1.00, 0.00, 1.00, 0.00, 1.00, 0.00, 1.00, 0.00, 0.00, 0.00, 0.00
732,  0,  24.367,  0.98,  1, 0.00, 0.00, 1.57, 0.00, 0.72, 1.55, 0.09, 0.32, 0.43, 1.70, 0.30, 0.76, 0.00, 0.00, 0.00, 0.03, 0.00, 0.00, 0.00, 1.00, 1.00, 0.00, 1.00, 0.00, 1.00, 0.00, 1.00, 0.00, 1.00, 0.00, 1.00, 0.00, 0.00, 0.00, 0.00
733,  0,  24.400,  0.98,  1, 0.00, 0.00, 1.64, 0.00, 0.69, 1.58, 0.12, 0.23, 0.42, 1.62, 0.34, 0.73, 0.00, 0.00, 0.00, 0.03, 0.00, 0.00, 0.00, 1.00, 1.00, 0.00, 1.00, 0.00, 1.00, 0.00, 1.00, 0.00, 1.00, 0.00, 1.00, 0.00, 0.00, 0.00, 0.00
734,  0,  24.433,  0.98,  1, 0.00, 0.00, 1.70, 0.00, 0.68, 1.76, 0.19, 0.19, 0.47, 1.61, 0.50, 0.69, 0.00, 0.00, 0.00, 0.00, 0.00, 0.00, 0.00, 1.00, 1.00, 0.00, 1.00, 0.00, 1.00, 0.00, 1.00, 0.00, 1.00, 0.00, 1.00, 0.00, 0.00, 0.00, 0.00
735,  0,  24.467,  0.98,  1, 0.00, 0.00, 1.64, 0.00, 0.62, 1.84, 0.20, 0.15, 0.48, 1.51, 0.51, 0.68, 0.00, 0.00, 0.00, 0.00, 0.06, 0.00, 0.00, 1.00, 1.00, 0.00, 1.00, 0.00, 1.00, 0.00, 1.00, 0.00, 1.00, 0.00, 1.00, 0.00, 0.00, 0.00, 0.00
736,  0,  24.500,  0.98,  1, 0.00, 0.00, 1.62, 0.00, 0.60, 1.79, 0.21, 0.17, 0.47, 1.57, 0.48, 0.65, 0.00, 0.00, 0.00, 0.00, 0.15, 0.00, 0.00, 1.00, 1.00, 0.00, 1.00, 0.00, 1.00, 0.00, 1.00, 1.00, 1.00, 0.00, 1.00, 0.00, 0.00, 0.00, 0.00
737,  0,  24.533,  0.98,  1, 0.00, 0.00, 1.62, 0.00, 0.57, 1.76, 0.22, 0.18, 0.45, 1.57, 0.54, 0.57, 0.00, 0.00, 0.00, 0.00, 0.19, 0.00, 0.00, 1.00, 1.00, 0.00, 1.00, 0.00, 1.00, 0.00, 1.00, 1.00, 1.00, 0.00, 1.00, 0.00, 0.00, 0.00, 0.00
738,  0,  24.567,  0.98,  1, 0.00, 0.00, 1.64, 0.00, 0.57, 1.60, 0.19, 0.22, 0.43, 1.69, 0.49, 0.56, 0.00, 0.00, 0.00, 0.00, 0.13, 0.00, 0.00, 1.00, 1.00, 0.00, 1.00, 0.00, 1.00, 0.00, 1.00, 1.00, 1.00, 0.00, 1.00, 0.00, 0.00, 0.00, 0.00
739,  0,  24.600,  0.98,  1, 0.00, 0.00, 1.54, 0.00, 0.54, 1.56, 0.23, 0.19, 0.44, 1.74, 0.53, 0.49, 0.00, 0.00, 0.00, 0.00, 0.04, 0.00, 0.00, 1.00, 1.00, 0.00, 1.00, 0.00, 1.00, 0.00, 1.00, 1.00, 1.00, 0.00, 1.00, 0.00, 0.00, 0.00, 0.00
740,  0,  24.633,  0.98,  1, 0.00, 0.00, 1.45, 0.00, 0.55, 1.50, 0.25, 0.18, 0.47, 1.78, 0.47, 0.47, 0.00, 0.00, 0.00, 0.00, 0.00, 0.00, 0.00, 1.00, 1.00, 0.00, 1.00, 0.00, 1.00, 0.00, 1.00, 1.00, 1.00, 0.00, 1.00, 0.00, 0.00, 0.00, 0.00
741,  0,  24.667,  0.98,  1, 0.00, 0.00, 1.40, 0.00, 0.54, 1.43, 0.27, 0.14, 0.49, 1.80, 0.57, 0.44, 0.00, 0.00, 0.00, 0.00, 0.00, 0.00, 0.00, 1.00, 1.00, 0.00, 1.00, 0.00, 1.00, 0.00, 1.00, 1.00, 1.00, 0.00, 1.00, 0.00, 0.00, 0.00, 0.00
742,  0,  24.700,  0.98,  1, 0.00, 0.00, 1.41, 0.00, 0.54, 1.40, 0.18, 0.09, 0.47, 1.59, 0.62, 0.57, 0.00, 0.02, 0.00, 0.00, 0.00, 0.00, 0.00, 1.00, 1.00, 0.00, 1.00, 0.00, 1.00, 0.00, 1.00, 1.00, 1.00, 0.00, 1.00, 0.00, 0.00, 0.00, 0.00
743,  0,  24.733,  0.98,  1, 0.00, 0.00, 1.42, 0.00, 0.48, 1.26, 0.12, 0.04, 0.40, 1.51, 0.61, 0.67, 0.00, 0.02, 0.00, 0.00, 0.00, 0.00, 0.00, 1.00, 1.00, 0.00, 1.00, 0.00, 1.00, 0.00, 1.00, 1.00, 1.00, 0.00, 1.00, 0.00, 0.00, 0.00, 0.00
744,  0,  24.767,  0.98,  1, 0.00, 0.00, 1.32, 0.00, 0.42, 1.35, 0.04, 0.01, 0.33, 1.26, 0.47, 0.81, 0.00, 0.06, 0.00, 0.00, 0.00, 0.00, 0.00, 1.00, 1.00, 0.00, 1.00, 0.00, 1.00, 0.00, 1.00, 0.00, 1.00, 0.00, 1.00, 0.00, 0.00, 0.00, 0.00
745,  0,  24.800,  0.98,  1, 0.00, 0.06, 1.25, 0.00, 0.36, 1.48, 0.03, 0.00, 0.28, 1.25, 0.39, 0.91, 0.00, 0.12, 0.00, 0.00, 0.00, 0.00, 1.00, 1.00, 1.00, 0.00, 1.00, 0.00, 1.00, 0.00, 1.00, 0.00, 1.00, 0.00, 1.00, 0.00, 0.00, 0.00, 0.00
746,  0,  24.833,  0.98,  1, 0.00, 0.06, 1.12, 0.00, 0.30, 1.55, 0.00, 0.00, 0.23, 1.16, 0.32, 1.01, 0.00, 0.19, 0.00, 0.00, 0.00, 0.00, 1.00, 1.00, 1.00, 0.00, 1.00, 0.00, 1.00, 0.00, 1.00, 0.00, 1.00, 0.00, 1.00, 0.00, 0.00, 0.00, 0.00
747,  0,  24.867,  0.98,  1, 0.00, 0.06, 1.11, 0.00, 0.28, 1.48, 0.00, 0.00, 0.18, 1.22, 0.33, 1.05, 0.00, 0.20, 0.00, 0.00, 0.00, 0.00, 1.00, 1.00, 1.00, 0.00, 1.00, 0.00, 1.00, 0.00, 1.00, 1.00, 1.00, 0.00, 1.00, 0.00, 0.00, 0.00, 0.00
748,  0,  24.900,  0.98,  1, 0.00, 0.00, 1.08, 0.00, 0.26, 1.31, 0.00, 0.00, 0.16, 1.27, 0.29, 1.08, 0.00, 0.19, 0.00, 0.00, 0.00, 0.00, 1.00, 1.00, 1.00, 0.00, 1.00, 0.00, 1.00, 0.00, 1.00, 0.00, 1.00, 0.00, 1.00, 0.00, 0.00, 0.00, 0.00
749,  0,  24.933,  0.98,  1, 0.00, 0.00, 1.12, 0.00, 0.26, 1.36, 0.00, 0.00, 0.16, 1.30, 0.31, 1.08, 0.00, 0.21, 0.00, 0.00, 0.00, 0.00, 1.00, 1.00, 1.00, 0.00, 1.00, 0.00, 1.00, 0.00, 1.00, 0.00, 1.00, 0.00, 1.00, 0.00, 0.00, 0.00, 0.00
750,  0,  24.967,  0.98,  1, 0.00, 0.00, 1.15, 0.00, 0.29, 1.47, 0.00, 0.00, 0.14, 1.28, 0.30, 1.03, 0.00, 0.22, 0.00, 0.00, 0.00, 0.00, 1.00, 1.00, 1.00, 0.00, 1.00, 0.00, 1.00, 0.00, 1.00, 0.00, 1.00, 0.00, 1.00, 0.00, 0.00, 0.00, 0.00
751,  0,  25.000,  0.98,  1, 0.00, 0.00, 1.25, 0.00, 0.38, 1.58, 0.00, 0.00, 0.12, 1.17, 0.33, 0.92, 0.00, 0.18, 0.00, 0.00, 0.00, 0.00, 1.00, 1.00, 1.00, 0.00, 1.00, 0.00, 1.00, 0.00, 1.00, 0.00, 1.00, 0.00, 1.00, 0.00, 0.00, 0.00, 0.00
752,  0,  25.033,  0.98,  1, 0.00, 0.00, 1.33, 0.00, 0.42, 1.55, 0.00, 0.00, 0.15, 1.14, 0.32, 0.78, 0.00, 0.11, 0.00, 0.00, 0.00, 0.00, 1.00, 1.00, 1.00, 0.00, 1.00, 0.00, 1.00, 0.00, 1.00, 0.00, 1.00, 0.00, 1.00, 0.00, 0.00, 0.00, 0.00
753,  0,  25.067,  0.98,  1, 0.00, 0.00, 1.37, 0.00, 0.43, 1.57, 0.00, 0.00, 0.17, 1.12, 0.35, 0.78, 0.00, 0.05, 0.00, 0.00, 0.00, 0.00, 1.00, 1.00, 1.00, 0.00, 1.00, 0.00, 1.00, 0.00, 1.00, 0.00, 1.00, 0.00, 1.00, 0.00, 0.00, 0.00, 0.00
754,  0,  25.100,  0.98,  1, 0.00, 0.00, 1.37, 0.01, 0.46, 1.56, 0.00, 0.01, 0.30, 1.22, 0.35, 0.76, 0.00, 0.03, 0.00, 0.00, 0.00, 0.00, 0.00, 1.00, 1.00, 0.00, 1.00, 0.00, 1.00, 0.00, 1.00, 0.00, 1.00, 0.00, 1.00, 0.00, 0.00, 0.00, 0.00
755,  0,  25.133,  0.98,  1, 0.00, 0.00, 1.36, 0.10, 0.52, 1.57, 0.00, 0.01, 0.36, 1.28, 0.35, 0.79, 0.01, 0.03, 0.00, 0.00, 0.00, 0.00, 0.00, 1.00, 1.00, 0.00, 1.00, 0.00, 1.00, 0.00, 1.00, 0.00, 1.00, 0.00, 1.00, 0.00, 0.00, 0.00, 0.00
756,  0,  25.167,  0.98,  1, 0.00, 0.00, 1.35, 0.10, 0.53, 1.53, 0.00, 0.01, 0.39, 1.33, 0.24, 0.67, 0.01, 0.07, 0.00, 0.00, 0.00, 0.00, 0.00, 1.00, 1.00, 0.00, 1.00, 0.00, 1.00, 0.00, 1.00, 0.00, 1.00, 0.00, 1.00, 0.00, 0.00, 0.00, 0.00
757,  0,  25.200,  0.98,  1, 0.00, 0.00, 1.29, 0.14, 0.48, 1.61, 0.01, 0.00, 0.34, 1.30, 0.13, 0.64, 0.01, 0.11, 0.01, 0.00, 0.00, 0.00, 0.00, 1.00, 1.00, 0.00, 1.00, 0.00, 1.00, 1.00, 1.00, 0.00, 1.00, 0.00, 1.00, 0.00, 0.00, 0.00, 0.00
758,  0,  25.233,  0.98,  1, 0.00, 0.00, 1.22, 0.12, 0.44, 1.62, 0.01, 0.00, 0.32, 1.23, 0.04, 0.58, 0.00, 0.13, 0.01, 0.00, 0.00, 0.00, 0.00, 1.00, 1.00, 0.00, 1.00, 0.00, 1.00, 1.00, 1.00, 0.00, 0.00, 0.00, 1.00, 0.00, 0.00, 0.00, 0.00
759,  0,  25.267,  0.98,  1, 0.00, 0.00, 1.19, 0.12, 0.44, 1.65, 0.05, 0.00, 0.35, 1.22, 0.08, 0.63, 0.00, 0.13, 0.01, 0.00, 0.00, 0.00, 0.00, 1.00, 1.00, 0.00, 1.00, 0.00, 1.00, 0.00, 1.00, 0.00, 0.00, 0.00, 1.00, 0.00, 0.00, 0.00, 0.00
760,  0,  25.300,  0.98,  1, 0.00, 0.00, 1.23, 0.07, 0.44, 1.56, 0.05, 0.00, 0.35, 1.19, 0.08, 0.56, 0.00, 0.12, 0.02, 0.00, 0.00, 0.00, 0.00, 1.00, 1.00, 0.00, 1.00, 0.00, 1.00, 0.00, 1.00, 0.00, 0.00, 0.00, 1.00, 0.00, 0.00, 0.00, 0.00
761,  0,  25.333,  0.98,  1, 0.00, 0.00, 1.26, 0.00, 0.42, 1.58, 0.06, 0.00, 0.35, 1.32, 0.06, 0.54, 0.00, 0.14, 0.02, 0.00, 0.00, 0.00, 0.00, 1.00, 1.00, 0.00, 1.00, 0.00, 1.00, 0.00, 1.00, 0.00, 0.00, 0.00, 1.00, 0.00, 0.00, 0.00, 0.00
762,  0,  25.367,  0.98,  1, 0.00, 0.00, 1.32, 0.01, 0.44, 1.58, 0.05, 0.00, 0.35, 1.40, 0.02, 0.48, 0.00, 0.14, 0.02, 0.00, 0.00, 0.00, 0.00, 1.00, 1.00, 0.00, 1.00, 0.00, 1.00, 0.00, 1.00, 0.00, 0.00, 0.00, 1.00, 0.00, 0.00, 0.00, 0.00
763,  0,  25.400,  0.98,  1, 0.01, 0.00, 1.35, 0.01, 0.44, 1.51, 0.06, 0.00, 0.34, 1.49, 0.03, 0.52, 0.00, 0.16, 0.03, 0.02, 0.00, 0.00, 0.00, 1.00, 1.00, 0.00, 1.00, 0.00, 1.00, 0.00, 1.00, 0.00, 1.00, 0.00, 1.00, 0.00, 0.00, 0.00, 0.00
764,  0,  25.433,  0.98,  1, 0.01, 0.00, 1.37, 0.05, 0.47, 1.44, 0.09, 0.00, 0.31, 1.50, 0.01, 0.56, 0.00, 0.13, 0.03, 0.02, 0.00, 0.00, 0.00, 1.00, 1.00, 0.00, 1.00, 0.00, 1.00, 0.00, 1.00, 0.00, 1.00, 0.00, 1.00, 0.00, 0.00, 0.00, 0.00
765,  0,  25.467,  0.98,  1, 0.04, 0.00, 1.35, 0.11, 0.48, 1.39, 0.07, 0.00, 0.30, 1.49, 0.01, 0.61, 0.00, 0.12, 0.03, 0.02, 0.00, 0.00, 1.00, 1.00, 1.00, 0.00, 1.00, 0.00, 1.00, 0.00, 1.00, 0.00, 1.00, 0.00, 1.00, 0.00, 0.00, 0.00, 0.00
766,  0,  25.500,  0.98,  1, 0.08, 0.04, 1.28, 0.11, 0.42, 1.23, 0.05, 0.00, 0.29, 1.41, 0.06, 0.65, 0.00, 0.08, 0.00, 0.00, 0.00, 0.00, 1.00, 1.00, 1.00, 0.00, 1.00, 0.00, 1.00, 0.00, 1.00, 0.00, 1.00, 0.00, 1.00, 0.00, 0.00, 0.00, 0.00
767,  0,  25.533,  0.98,  1, 0.11, 0.12, 1.23, 0.06, 0.39, 1.14, 0.01, 0.00, 0.34, 1.28, 0.14, 0.64, 0.00, 0.07, 0.00, 0.00, 0.00, 0.00, 1.00, 1.00, 1.00, 0.00, 1.00, 0.00, 1.00, 0.00, 1.00, 0.00, 1.00, 0.00, 1.00, 0.00, 0.00, 0.00, 0.00
768,  0,  25.567,  0.98,  1, 0.08, 0.12, 1.22, 0.00, 0.33, 1.02, 0.00, 0.00, 0.30, 1.12, 0.14, 0.71, 0.00, 0.04, 0.00, 0.00, 0.00, 0.00, 1.00, 1.00, 1.00, 0.00, 1.00, 0.00, 1.00, 0.00, 1.00, 0.00, 1.00, 0.00, 1.00, 0.00, 0.00, 0.00, 0.00
769,  0,  25.600,  0.98,  1, 0.03, 0.08, 1.25, 0.00, 0.36, 1.13, 0.00, 0.00, 0.29, 1.11, 0.09, 0.79, 0.00, 0.07, 0.00, 0.00, 0.00, 0.00, 0.00, 1.00, 1.00, 0.00, 1.00, 0.00, 1.00, 0.00, 1.00, 0.00, 1.00, 0.00, 1.00, 0.00, 0.00, 0.00, 0.00
770,  0,  25.633,  0.98,  1, 0.00, 0.00, 1.28, 0.00, 0.34, 1.30, 0.00, 0.00, 0.25, 1.17, 0.02, 0.92, 0.00, 0.08, 0.00, 0.00, 0.00, 0.00, 0.00, 1.00, 1.00, 0.00, 1.00, 0.00, 1.00, 0.00, 1.00, 0.00, 1.00, 0.00, 1.00, 0.00, 0.00, 0.00, 0.00
771,  0,  25.667,  0.98,  1, 0.00, 0.00, 1.24, 0.00, 0.34, 1.37, 0.00, 0.00, 0.27, 1.33, 0.01, 0.93, 0.00, 0.13, 0.00, 0.00, 0.00, 0.00, 0.00, 1.00, 1.00, 0.00, 1.00, 0.00, 1.00, 0.00, 1.00, 0.00, 1.00, 0.00, 1.00, 0.00, 0.00, 0.00, 0.00
772,  0,  25.700,  0.98,  1, 0.00, 0.00, 1.16, 0.00, 0.27, 1.49, 0.00, 0.00, 0.24, 1.34, 0.00, 0.96, 0.00, 0.17, 0.00, 0.00, 0.00, 0.00, 0.00, 1.00, 1.00, 0.00, 1.00, 0.00, 1.00, 0.00, 1.00, 0.00, 1.00, 0.00, 1.00, 0.00, 0.00, 0.00, 0.00
773,  0,  25.733,  0.98,  1, 0.00, 0.00, 1.10, 0.05, 0.22, 1.51, 0.00, 0.00, 0.24, 1.42, 0.01, 0.93, 0.00, 0.23, 0.00, 0.00, 0.00, 0.00, 0.00, 1.00, 1.00, 0.00, 1.00, 0.00, 1.00, 0.00, 1.00, 0.00, 1.00, 0.00, 1.00, 0.00, 0.00, 0.00, 0.00
774,  0,  25.767,  0.98,  1, 0.00, 0.00, 1.12, 0.18, 0.22, 1.67, 0.00, 0.00, 0.26, 1.47, 0.07, 0.96, 0.00, 0.24, 0.00, 0.00, 0.00, 0.00, 0.00, 1.00, 1.00, 0.00, 1.00, 0.00, 1.00, 0.00, 1.00, 0.00, 1.00, 0.00, 1.00, 0.00, 0.00, 0.00, 0.00
775,  0,  25.800,  0.98,  1, 0.00, 0.00, 1.16, 0.24, 0.29, 1.69, 0.00, 0.00, 0.32, 1.58, 0.19, 0.96, 0.00, 0.24, 0.00, 0.00, 0.00, 0.00, 0.00, 1.00, 1.00, 0.00, 1.00, 0.00, 1.00, 0.00, 1.00, 0.00, 1.00, 0.00, 1.00, 0.00, 0.00, 0.00, 0.00
776,  0,  25.833,  0.98,  1, 0.00, 0.00, 1.21, 0.23, 0.33, 1.64, 0.00, 0.00, 0.34, 1.57, 0.20, 0.94, 0.00, 0.19, 0.00, 0.00, 0.00, 0.00, 0.00, 1.00, 1.00, 0.00, 1.00, 0.00, 1.00, 0.00, 1.00, 0.00, 1.00, 0.00, 1.00, 0.00, 0.00, 0.00, 0.00
777,  0,  25.867,  0.98,  1, 0.00, 0.00, 1.16, 0.14, 0.32, 1.56, 0.00, 0.00, 0.30, 1.52, 0.16, 0.93, 0.00, 0.15, 0.00, 0.00, 0.00, 0.00, 0.00, 1.00, 1.00, 0.00, 1.00, 0.00, 1.00, 0.00, 1.00, 0.00, 1.00, 0.00, 1.00, 0.00, 0.00, 0.00, 0.00
778,  0,  25.900,  0.98,  1, 0.00, 0.01, 1.24, 0.08, 0.34, 1.51, 0.04, 0.00, 0.25, 1.44, 0.03, 0.78, 0.00, 0.08, 0.00, 0.00, 0.00, 0.00, 0.00, 1.00, 1.00, 0.00, 1.00, 0.00, 1.00, 0.00, 1.00, 0.00, 1.00, 0.00, 1.00, 0.00, 0.00, 0.00, 0.00
779,  0,  25.933,  0.98,  1, 0.00, 0.01, 1.28, 0.05, 0.40, 1.55, 0.07, 0.00, 0.23, 1.36, 0.01, 0.68, 0.00, 0.02, 0.00, 0.00, 0.00, 0.00, 0.00, 1.00, 1.00, 0.00, 1.00, 0.00, 1.00, 0.00, 1.00, 0.00, 1.00, 0.00, 1.00, 0.00, 0.00, 0.00, 0.00
780,  0,  25.967,  0.98,  1, 0.00, 0.11, 1.32, 0.00, 0.45, 1.54, 0.12, 0.00, 0.33, 1.39, 0.02, 0.59, 0.00, 0.00, 0.00, 0.00, 0.00, 0.00, 0.00, 1.00, 1.00, 0.00, 1.00, 0.00, 1.00, 0.00, 1.00, 0.00, 1.00, 0.00, 1.00, 0.00, 0.00, 0.00, 0.00
781,  0,  26.000,  0.98,  1, 0.07, 0.22, 1.35, 0.00, 0.43, 1.46, 0.07, 0.00, 0.43, 1.42, 0.06, 0.64, 0.00, 0.00, 0.00, 0.00, 0.00, 0.00, 0.00, 1.00, 1.00, 0.00, 1.00, 0.00, 1.00, 0.00, 1.00, 0.00, 1.00, 0.00, 1.00, 0.00, 0.00, 0.00, 0.00
782,  0,  26.033,  0.98,  1, 0.13, 0.22, 1.52, 0.00, 0.49, 1.42, 0.05, 0.00, 0.50, 1.52, 0.15, 0.72, 0.00, 0.00, 0.00, 0.00, 0.57, 0.00, 1.00, 1.00, 1.00, 0.00, 1.00, 0.00, 1.00, 0.00, 1.00, 0.00, 1.00, 0.00, 1.00, 0.00, 0.00, 0.00, 0.00
783,  0,  26.067,  0.98,  1, 0.19, 0.12, 1.70, 0.00, 0.55, 1.25, 0.00, 0.00, 0.48, 1.54, 0.26, 0.79, 0.00, 0.00, 0.00, 0.00, 1.28, 0.00, 1.00, 1.00, 1.00, 0.00, 1.00, 0.00, 1.00, 0.00, 1.00, 0.00, 1.00, 0.00, 1.00, 0.00, 0.00, 0.00, 1.00
784,  0,  26.100,  0.98,  1, 0.12, 0.00, 1.79, 0.08, 0.64, 1.27, 0.01, 0.00, 0.45, 1.62, 0.32, 0.86, 0.00, 0.00, 0.00, 0.00, 1.99, 0.00, 1.00, 1.00, 1.00, 0.00, 1.00, 0.00, 1.00, 0.00, 1.00, 0.00, 1.00, 0.00, 1.00, 0.00, 0.00, 0.00, 1.00
785,  0,  26.133,  0.98,  1, 0.07, 0.04, 1.76, 0.08, 0.64, 1.35, 0.01, 0.00, 0.42, 1.65, 0.31, 0.86, 0.03, 0.00, 0.00, 0.00, 1.85, 0.00, 1.00, 1.00, 1.00, 0.00, 1.00, 0.00, 1.00, 0.00, 1.00, 0.00, 1.00, 0.00, 1.00, 0.00, 0.00, 0.00, 1.00
786,  0,  26.167,  0.98,  1, 0.02, 0.04, 1.69, 0.08, 0.66, 1.60, 0.01, 0.00, 0.41, 1.64, 0.18, 0.83, 0.03, 0.00, 0.00, 0.00, 1.38, 0.00, 1.00, 1.00, 1.00, 0.00, 1.00, 0.00, 1.00, 0.00, 1.00, 0.00, 1.00, 0.00, 1.00, 0.00, 0.00, 0.00, 1.00
787,  0,  26.200,  0.98,  1, 0.08, 0.04, 1.69, 0.00, 0.65, 1.74, 0.00, 0.00, 0.37, 1.44, 0.07, 0.81, 0.03, 0.00, 0.00, 0.00, 0.69, 0.00, 1.00, 1.00, 1.00, 0.00, 1.00, 0.00, 1.00, 0.00, 1.00, 0.00, 1.00, 0.00, 1.00, 0.00, 0.00, 0.00, 0.00
788,  0,  26.233,  0.98,  1, 0.11, 0.06, 1.61, 0.00, 0.62, 1.84, 0.00, 0.00, 0.36, 1.28, 0.02, 0.88, 0.00, 0.00, 0.00, 0.00, 0.26, 0.00, 1.00, 1.00, 1.00, 0.00, 1.00, 0.00, 1.00, 0.00, 1.00, 0.00, 1.00, 0.00, 1.00, 0.00, 0.00, 0.00, 0.00
789,  0,  26.267,  0.98,  1, 0.16, 0.08, 1.65, 0.00, 0.59, 1.93, 0.00, 0.00, 0.30, 1.13, 0.06, 0.93, 0.00, 0.00, 0.00, 0.00, 0.03, 0.00, 1.00, 1.00, 1.00, 0.00, 1.00, 0.00, 1.00, 0.00, 1.00, 0.00, 1.00, 0.00, 1.00, 0.00, 0.00, 0.00, 0.00
790,  0,  26.300,  0.98,  1, 0.16, 0.13, 1.60, 0.00, 0.57, 1.87, 0.03, 0.00, 0.28, 1.27, 0.06, 0.91, 0.07, 0.00, 0.00, 0.03, 0.01, 0.00, 1.00, 1.00, 1.00, 0.00, 1.00, 0.00, 1.00, 0.00, 1.00, 0.00, 1.00, 0.00, 1.00, 0.00, 0.00, 0.00, 0.00
791,  0,  26.333,  0.98,  1, 0.14, 0.07, 1.61, 0.00, 0.51, 1.65, 0.04, 0.00, 0.25, 1.33, 0.05, 0.74, 0.19, 0.00, 0.00, 0.03, 0.01, 0.00, 1.00, 1.00, 1.00, 0.00, 1.00, 0.00, 1.00, 0.00, 1.00, 0.00, 1.00, 0.00, 1.00, 0.00, 0.00, 0.00, 0.00
792,  0,  26.367,  0.98,  1, 0.08, 0.15, 1.49, 0.00, 0.41, 1.37, 0.04, 0.00, 0.28, 1.50, 0.06, 0.61, 0.19, 0.00, 0.00, 0.03, 0.00, 0.00, 1.00, 1.00, 1.00, 0.00, 1.00, 0.00, 1.00, 0.00, 1.00, 0.00, 1.00, 0.00, 1.00, 0.00, 0.00, 0.00, 0.00
793,  0,  26.400,  0.98,  1, 0.04, 0.27, 1.36, 0.00, 0.33, 1.26, 0.02, 0.00, 0.29, 1.53, 0.09, 0.61, 0.12, 0.00, 0.00, 0.02, 0.01, 0.00, 1.00, 1.00, 1.00, 0.00, 1.00, 0.00, 1.00, 0.00, 1.00, 0.00, 0.00, 0.00, 1.00, 0.00, 0.00, 0.00, 0.00
794,  0,  26.433,  0.98,  1, 0.04, 0.43, 1.32, 0.00, 0.28, 1.24, 0.00, 0.00, 0.29, 1.59, 0.13, 0.62, 0.00, 0.00, 0.00, 0.02, 0.01, 0.00, 1.00, 1.00, 1.00, 0.00, 1.00, 0.00, 1.00, 0.00, 1.00, 0.00, 0.00, 0.00, 1.00, 0.00, 0.00, 0.00, 0.00
795,  0,  26.467,  0.98,  1, 0.07, 0.41, 1.36, 0.00, 0.29, 1.28, 0.00, 0.00, 0.27, 1.60, 0.17, 0.65, 0.00, 0.02, 0.00, 0.05, 0.01, 0.00, 1.00, 1.00, 1.00, 0.00, 1.00, 0.00, 1.00, 0.00, 1.00, 0.00, 0.00, 0.00, 1.00, 0.00, 0.00, 0.00, 0.00
796,  0,  26.500,  0.98,  1, 0.07, 0.43, 1.42, 0.00, 0.30, 1.47, 0.01, 0.00, 0.26, 1.58, 0.17, 0.60, 0.00, 0.02, 0.00, 0.04, 0.05, 0.00, 1.00, 1.00, 1.00, 0.00, 1.00, 0.00, 1.00, 0.00, 1.00, 0.00, 0.00, 0.00, 1.00, 0.00, 0.00, 0.00, 0.00
797,  0,  26.533,  0.98,  1, 0.04, 0.39, 1.46, 0.00, 0.31, 1.50, 0.01, 0.00, 0.26, 1.52, 0.14, 0.64, 0.01, 0.02, 0.00, 0.05, 0.06, 0.00, 1.00, 1.00, 1.00, 0.00, 1.00, 0.00, 1.00, 0.00, 1.00, 0.00, 0.00, 0.00, 1.00, 0.00, 0.00, 0.00, 0.00
798,  0,  26.567,  0.98,  1, 0.01, 0.39, 1.54, 0.00, 0.33, 1.54, 0.01, 0.00, 0.30, 1.52, 0.12, 0.60, 0.01, 0.00, 0.00, 0.02, 0.11, 0.00, 1.00, 1.00, 1.00, 0.00, 1.00, 0.00, 1.00, 0.00, 1.00, 0.00, 0.00, 0.00, 1.00, 0.00, 0.00, 0.00, 0.00
799,  0,  26.600,  0.98,  1, 0.01, 0.32, 1.59, 0.00, 0.32, 1.36, 0.00, 0.00, 0.31, 1.56, 0.15, 0.58, 0.01, 0.00, 0.00, 0.01, 0.06, 0.00, 1.00, 1.00, 1.00, 0.00, 1.00, 0.00, 1.00, 0.00, 1.00, 0.00, 0.00, 0.00, 1.00, 0.00, 0.00, 0.00, 0.00
800,  0,  26.633,  0.98,  1, 0.06, 0.30, 1.65, 0.00, 0.30, 1.23, 0.00, 0.00, 0.33, 1.58, 0.21, 0.60, 0.00, 0.00, 0.00, 0.00, 0.09, 0.00, 1.00, 1.00, 1.00, 0.00, 1.00, 0.00, 1.00, 0.00, 1.00, 0.00, 0.00, 0.00, 1.00, 0.00, 0.00, 0.00, 0.00
801,  0,  26.667,  0.98,  1, 0.09, 0.31, 1.64, 0.00, 0.25, 1.15, 0.00, 0.00, 0.30, 1.51, 0.21, 0.64, 0.00, 0.00, 0.00, 0.00, 0.06, 0.00, 1.00, 1.00, 1.00, 0.00, 1.00, 0.00, 1.00, 0.00, 1.00, 0.00, 0.00, 0.00, 1.00, 0.00, 0.00, 0.00, 0.00
802,  0,  26.700,  0.98,  1, 0.17, 0.19, 1.61, 0.00, 0.18, 1.05, 0.00, 0.00, 0.30, 1.39, 0.26, 0.79, 0.00, 0.00, 0.00, 0.02, 0.06, 0.00, 1.00, 1.00, 1.00, 0.00, 1.00, 0.00, 1.00, 0.00, 1.00, 0.00, 1.00, 0.00, 1.00, 0.00, 0.00, 0.00, 0.00
803,  0,  26.733,  0.98,  1, 0.18, 0.10, 1.51, 0.00, 0.13, 1.01, 0.00, 0.00, 0.28, 1.28, 0.39, 0.82, 0.00, 0.00, 0.00, 0.07, 0.01, 0.00, 1.00, 1.00, 1.00, 0.00, 1.00, 0.00, 1.00, 0.00, 1.00, 0.00, 1.00, 0.00, 1.00, 0.00, 0.00, 0.00, 0.00
804,  0,  26.767,  0.98,  1, 0.20, 0.17, 1.49, 0.00, 0.17, 1.01, 0.00, 0.00, 0.26, 1.34, 0.47, 0.89, 0.00, 0.00, 0.00, 0.08, 0.00, 0.00, 1.00, 1.00, 1.00, 0.00, 1.00, 0.00, 1.00, 0.00, 1.00, 1.00, 1.00, 0.00, 1.00, 0.00, 0.00, 0.00, 0.00
805,  0,  26.800,  0.98,  1, 0.11, 0.22, 1.49, 0.00, 0.22, 1.05, 0.00, 0.00, 0.19, 1.41, 0.54, 0.86, 0.00, 0.00, 0.00, 0.12, 0.00, 0.00, 1.00, 1.00, 1.00, 0.00, 1.00, 0.00, 1.00, 0.00, 1.00, 1.00, 1.00, 0.00, 1.00, 0.00, 0.00, 0.00, 0.00
806,  0,  26.833,  0.98,  1, 0.09, 0.34, 1.53, 0.00, 0.25, 1.08, 0.00, 0.00, 0.13, 1.54, 0.51, 0.90, 0.00, 0.00, 0.00, 0.15, 0.00, 0.00, 1.00, 1.00, 1.00, 0.00, 1.00, 0.00, 1.00, 0.00, 1.00, 1.00, 1.00, 0.00, 1.00, 0.00, 0.00, 0.00, 0.00
807,  0,  26.867,  0.98,  1, 0.03, 0.18, 1.48, 0.00, 0.22, 1.02, 0.00, 0.00, 0.13, 1.60, 0.53, 0.89, 0.01, 0.00, 0.00, 0.28, 0.00, 0.00, 0.00, 1.00, 1.00, 0.00, 1.00, 0.00, 1.00, 0.00, 1.00, 1.00, 1.00, 0.00, 1.00, 0.00, 0.00, 0.00, 0.00
808,  0,  26.900,  0.98,  1, 0.06, 0.14, 1.52, 0.00, 0.19, 0.99, 0.00, 0.00, 0.14, 1.59, 0.49, 0.84, 0.01, 0.00, 0.00, 0.31, 0.00, 0.00, 0.00, 1.00, 1.00, 0.00, 1.00, 0.00, 1.00, 0.00, 1.00, 1.00, 1.00, 0.00, 1.00, 0.00, 0.00, 0.00, 0.00
809,  0,  26.933,  0.98,  1, 0.06, 0.01, 1.53, 0.00, 0.18, 0.94, 0.00, 0.00, 0.14, 1.52, 0.45, 0.84, 0.01, 0.00, 0.00, 0.32, 0.02, 0.00, 0.00, 1.00, 1.00, 0.00, 1.00, 0.00, 1.00, 0.00, 1.00, 0.00, 1.00, 0.00, 1.00, 0.00, 0.00, 0.00, 0.00
810,  0,  26.967,  0.98,  1, 0.06, 0.00, 1.54, 0.00, 0.17, 0.86, 0.00, 0.00, 0.13, 1.34, 0.39, 0.86, 0.00, 0.00, 0.00, 0.27, 0.03, 0.00, 0.00, 1.00, 1.00, 0.00, 1.00, 0.00, 1.00, 0.00, 1.00, 0.00, 1.00, 0.00, 1.00, 0.00, 0.00, 0.00, 0.00
811,  0,  27.000,  0.98,  1, 0.03, 0.00, 1.48, 0.00, 0.16, 0.79, 0.00, 0.00, 0.11, 1.34, 0.36, 0.88, 0.00, 0.00, 0.00, 0.27, 0.03, 0.00, 0.00, 1.00, 1.00, 0.00, 1.00, 0.00, 1.00, 0.00, 1.00, 0.00, 1.00, 0.00, 1.00, 0.00, 0.00, 0.00, 0.00
812,  0,  27.033,  0.98,  1, 0.00, 0.00, 1.46, 0.00, 0.18, 0.73, 0.00, 0.00, 0.15, 1.37, 0.38, 0.91, 0.00, 0.00, 0.00, 0.31, 0.01, 0.00, 0.00, 1.00, 1.00, 0.00, 1.00, 0.00, 1.00, 0.00, 1.00, 0.00, 1.00, 0.00, 1.00, 0.00, 0.00, 0.00, 0.00
813,  0,  27.067,  0.98,  1, 0.07, 0.00, 1.45, 0.00, 0.23, 0.80, 0.00, 0.00, 0.15, 1.44, 0.41, 0.92, 0.04, 0.00, 0.00, 0.29, 0.00, 0.00, 0.00, 1.00, 1.00, 0.00, 1.00, 0.00, 1.00, 0.00, 1.00, 0.00, 1.00, 0.00, 1.00, 0.00, 0.00, 0.00, 0.00
814,  0,  27.100,  0.98,  1, 0.11, 0.00, 1.41, 0.00, 0.26, 0.82, 0.00, 0.00, 0.20, 1.41, 0.33, 0.96, 0.04, 0.01, 0.00, 0.34, 0.00, 0.00, 0.00, 1.00, 1.00, 0.00, 1.00, 0.00, 1.00, 0.00, 1.00, 0.00, 1.00, 0.00, 1.00, 0.00, 0.00, 0.00, 0.00
815,  0,  27.133,  0.98,  1, 0.12, 0.00, 1.33, 0.00, 0.27, 0.91, 0.00, 0.00, 0.23, 1.44, 0.20, 0.87, 0.04, 0.01, 0.00, 0.32, 0.00, 0.00, 0.00, 1.00, 1.00, 0.00, 1.00, 0.00, 1.00, 0.00, 1.00, 0.00, 1.00, 0.00, 1.00, 0.00, 0.00, 0.00, 0.00
816,  0,  27.167,  0.98,  1, 0.06, 0.00, 1.25, 0.00, 0.28, 0.91, 0.00, 0.00, 0.26, 1.47, 0.07, 0.80, 0.00, 0.01, 0.00, 0.26, 0.00, 0.00, 0.00, 1.00, 1.00, 0.00, 1.00, 0.00, 1.00, 0.00, 1.00, 0.00, 1.00, 0.00, 1.00, 0.00, 0.00, 0.00, 0.00
817,  0,  27.200,  0.98,  1, 0.03, 0.00, 1.26, 0.00, 0.30, 1.04, 0.00, 0.00, 0.29, 1.49, 0.01, 0.77, 0.00, 0.00, 0.00, 0.13, 0.04, 0.00, 0.00, 1.00, 1.00, 0.00, 1.00, 0.00, 1.00, 0.00, 1.00, 0.00, 1.00, 0.00, 1.00, 0.00, 0.00, 0.00, 0.00
818,  0,  27.233,  0.98,  1, 0.03, 0.00, 1.28, 0.00, 0.28, 0.95, 0.00, 0.00, 0.32, 1.48, 0.01, 0.81, 0.00, 0.00, 0.00, 0.01, 0.04, 0.00, 0.00, 1.00, 1.00, 0.00, 1.00, 0.00, 1.00, 0.00, 1.00, 0.00, 1.00, 0.00, 1.00, 0.00, 0.00, 0.00, 0.00
819,  0,  27.267,  0.98,  1, 0.04, 0.00, 1.30, 0.00, 0.27, 1.02, 0.00, 0.00, 0.33, 1.48, 0.01, 0.89, 0.00, 0.00, 0.00, 0.00, 0.04, 0.00, 0.00, 1.00, 1.00, 0.00, 1.00, 0.00, 1.00, 0.00, 1.00, 0.00, 1.00, 0.00, 1.00, 0.00, 0.00, 0.00, 0.00
820,  0,  27.300,  0.98,  1, 0.10, 0.01, 1.32, 0.00, 0.26, 0.99, 0.00, 0.00, 0.32, 1.50, 0.01, 0.91, 0.00, 0.00, 0.00, 0.00, 0.00, 0.00, 0.00, 1.00, 1.00, 0.00, 1.00, 0.00, 1.00, 0.00, 1.00, 0.00, 1.00, 0.00, 1.00, 0.00, 0.00, 0.00, 0.00
821,  0,  27.333,  0.98,  1, 0.14, 0.04, 1.33, 0.00, 0.27, 1.15, 0.00, 0.00, 0.31, 1.53, 0.01, 0.93, 0.00, 0.00, 0.00, 0.00, 0.00, 0.00, 0.00, 1.00, 1.00, 0.00, 1.00, 0.00, 1.00, 0.00, 1.00, 0.00, 1.00, 0.00, 1.00, 0.00, 0.00, 0.00, 0.00
822,  0,  27.367,  0.98,  1, 0.17, 0.10, 1.39, 0.00, 0.28, 1.11, 0.00, 0.00, 0.31, 1.55, 0.02, 0.89, 0.00, 0.00, 0.00, 0.02, 0.00, 0.00, 0.00, 1.00, 1.00, 0.00, 1.00, 0.00, 1.00, 0.00, 1.00, 0.00, 1.00, 0.00, 1.00, 0.00, 0.00, 0.00, 0.00
823,  0,  27.400,  0.98,  1, 0.20, 0.14, 1.39, 0.00, 0.25, 1.08, 0.00, 0.00, 0.33, 1.58, 0.04, 0.90, 0.00, 0.00, 0.00, 0.05, 0.00, 0.00, 0.00, 1.00, 1.00, 0.00, 1.00, 0.00, 1.00, 0.00, 1.00, 0.00, 1.00, 0.00, 1.00, 0.00, 0.00, 0.00, 0.00
824,  0,  27.433,  0.98,  1, 0.26, 0.20, 1.47, 0.00, 0.22, 1.08, 0.00, 0.00, 0.30, 1.63, 0.03, 0.90, 0.00, 0.00, 0.00, 0.09, 0.00, 0.00, 1.00, 1.00, 1.00, 0.00, 1.00, 0.00, 1.00, 0.00, 1.00, 0.00, 1.00, 0.00, 1.00, 0.00, 0.00, 0.00, 0.00
825,  0,  27.467,  0.98,  1, 0.30, 0.22, 1.48, 0.00, 0.19, 1.14, 0.00, 0.00, 0.32, 1.74, 0.02, 0.99, 0.00, 0.00, 0.00, 0.23, 0.00, 0.00, 1.00, 1.00, 1.00, 0.00, 1.00, 0.00, 1.00, 0.00, 1.00, 0.00, 1.00, 0.00, 1.00, 0.00, 0.00, 0.00, 0.00
826,  0,  27.500,  0.98,  1, 0.24, 0.23, 1.52, 0.00, 0.26, 1.40, 0.00, 0.00, 0.34, 1.73, 0.05, 0.97, 0.00, 0.00, 0.00, 0.28, 0.00, 0.00, 1.00, 1.00, 1.00, 0.00, 1.00, 0.00, 1.00, 0.00, 1.00, 0.00, 1.00, 0.00, 1.00, 0.00, 0.00, 0.00, 0.00
827,  0,  27.533,  0.98,  1, 0.15, 0.14, 1.58, 0.05, 0.38, 1.43, 0.00, 0.04, 0.37, 1.62, 0.05, 1.00, 0.04, 0.00, 0.00, 0.32, 0.66, 0.00, 1.00, 1.00, 1.00, 0.00, 1.00, 0.00, 1.00, 0.00, 1.00, 0.00, 1.00, 0.00, 1.00, 0.00, 0.00, 0.00, 0.00
828,  0,  27.567,  0.98,  1, 0.06, 0.06, 1.56, 0.10, 0.34, 1.02, 0.00, 0.11, 0.42, 1.40, 0.04, 0.84, 0.04, 0.00, 0.19, 0.29, 1.46, 0.00, 1.00, 1.00, 1.00, 0.00, 1.00, 0.00, 1.00, 0.00, 1.00, 0.00, 1.00, 0.00, 1.00, 0.00, 0.00, 0.00, 1.00
829,  0,  27.600,  0.98,  1, 0.03, 0.00, 1.55, 0.23, 0.34, 0.47, 0.00, 0.13, 0.49, 1.31, 0.00, 0.68, 0.04, 0.00, 0.44, 0.30, 2.25, 0.00, 1.00, 1.00, 1.00, 0.00, 1.00, 0.00, 1.00, 0.00, 1.00, 0.00, 1.00, 0.00, 1.00, 0.00, 0.00, 0.00, 1.00
830,  0,  27.633,  0.98,  1, 0.01, 0.00, 1.44, 0.18, 0.33, 0.44, 0.00, 0.09, 0.49, 1.20, 0.00, 0.52, 0.00, 0.00, 0.79, 0.41, 2.03, 0.00, 1.00, 1.00, 1.00, 0.00, 1.00, 0.00, 1.00, 0.00, 1.00, 0.00, 0.00, 0.00, 1.00, 0.00, 0.00, 0.00, 1.00
831,  0,  27.667,  0.98,  1, 0.01, 0.00, 1.44, 0.14, 0.46, 0.95, 0.00, 0.02, 0.44, 1.17, 0.00, 0.45, 0.00, 0.00, 0.98, 0.50, 1.53, 0.00, 1.00, 1.00, 0.00, 0.00, 1.00, 0.00, 1.00, 0.00, 1.00, 0.00, 0.00, 0.00, 1.00, 0.00, 0.00, 0.00, 1.00
832,  0,  27.700,  0.98,  1, 0.03, 0.00, 1.39, 0.01, 0.43, 1.43, 0.00, 0.00, 0.41, 1.13, 0.00, 0.51, 0.00, 0.00, 1.06, 0.60, 0.85, 0.00, 1.00, 1.00, 0.00, 0.00, 1.00, 0.00, 1.00, 0.00, 1.00, 0.00, 0.00, 0.00, 1.00, 0.00, 0.00, 0.00, 1.00
833,  0,  27.733,  0.98,  1, 0.03, 0.00, 1.28, 0.00, 0.33, 1.47, 0.00, 0.02, 0.42, 1.18, 0.00, 0.53, 0.00, 0.00, 0.97, 0.56, 0.41, 0.00, 1.00, 1.00, 0.00, 0.00, 1.00, 0.00, 1.00, 0.00, 1.00, 0.00, 0.00, 0.00, 1.00, 0.00, 0.00, 0.00, 1.00
834,  0,  27.767,  0.98,  1, 0.07, 0.00, 1.23, 0.00, 0.17, 1.45, 0.00, 0.02, 0.36, 1.23, 0.00, 0.74, 0.00, 0.00, 0.65, 0.59, 0.14, 0.00, 1.00, 1.00, 0.00, 0.00, 1.00, 0.00, 1.00, 0.00, 1.00, 0.00, 0.00, 0.00, 1.00, 0.00, 0.00, 0.00, 1.00
835,  0,  27.800,  0.98,  1, 0.13, 0.00, 1.26, 0.00, 0.06, 1.40, 0.00, 0.02, 0.23, 1.29, 0.13, 0.95, 0.00, 0.00, 0.32, 0.54, 0.56, 0.00, 1.00, 1.00, 0.00, 0.00, 1.00, 0.00, 1.00, 0.00, 1.00, 0.00, 1.00, 0.00, 1.00, 0.00, 0.00, 0.00, 1.00
836,  0,  27.833,  0.98,  1, 0.24, 0.00, 1.32, 0.10, 0.01, 0.96, 0.00, 0.03, 0.19, 1.39, 0.25, 1.19, 0.00, 0.00, 0.06, 0.46, 1.32, 0.00, 1.00, 1.00, 0.00, 0.00, 1.00, 0.00, 1.00, 0.00, 1.00, 1.00, 1.00, 0.00, 1.00, 0.00, 0.00, 0.00, 1.00
837,  0,  27.867,  0.98,  1, 0.29, 0.00, 1.35, 0.21, 0.00, 0.47, 0.00, 0.03, 0.13, 1.51, 0.46, 1.24, 0.09, 0.00, 0.00, 0.22, 1.95, 0.00, 1.00, 1.00, 0.00, 0.00, 1.00, 0.00, 1.00, 0.00, 1.00, 1.00, 1.00, 0.00, 1.00, 0.00, 0.00, 0.00, 1.00
838,  0,  27.900,  0.98,  1, 0.21, 0.00, 1.28, 0.31, 0.03, 0.09, 0.00, 0.03, 0.13, 1.63, 0.69, 1.28, 0.19, 0.00, 0.00, 0.07, 2.14, 0.00, 1.00, 1.00, 0.00, 0.00, 1.00, 0.00, 1.00, 0.00, 1.00, 1.00, 1.00, 0.00, 1.00, 0.00, 0.00, 0.00, 1.00
839,  0,  27.933,  0.98,  1, 0.10, 0.00, 1.32, 0.21, 0.13, 0.53, 0.00, 0.00, 0.06, 1.64, 0.86, 1.33, 0.19, 0.00, 0.00, 0.07, 1.79, 0.00, 1.00, 1.00, 0.00, 0.00, 1.00, 0.00, 1.00, 0.00, 1.00, 1.00, 1.00, 0.00, 1.00, 0.00, 0.00, 0.00, 1.00
840,  0,  27.967,  0.98,  1, 0.05, 0.00, 1.28, 0.11, 0.17, 0.87, 0.00, 0.00, 0.05, 1.49, 0.79, 1.36, 0.11, 0.00, 0.00, 0.10, 1.31, 0.00, 0.00, 1.00, 0.00, 0.00, 1.00, 0.00, 1.00, 0.00, 1.00, 1.00, 1.00, 0.00, 1.00, 0.00, 0.00, 0.00, 1.00
841,  0,  28.000,  0.98,  1, 0.06, 0.00, 1.30, 0.00, 0.15, 1.04, 0.00, 0.00, 0.04, 1.39, 0.58, 1.37, 0.00, 0.00, 0.00, 0.20, 0.67, 0.00, 0.00, 1.00, 0.00, 0.00, 1.00, 0.00, 1.00, 0.00, 1.00, 1.00, 1.00, 0.00, 1.00, 0.00, 0.00, 0.00, 1.00
842,  0,  28.033,  0.98,  1, 0.06, 0.00, 1.25, 0.00, 0.04, 0.85, 0.00, 0.00, 0.02, 1.14, 0.46, 1.33, 0.00, 0.00, 0.00, 0.13, 0.26, 0.00, 0.00, 1.00, 0.00, 0.00, 1.00, 0.00, 1.00, 0.00, 1.00, 1.00, 1.00, 0.00, 1.00, 0.00, 0.00, 0.00, 0.00
843,  0,  28.067,  0.98,  1, 0.06, 0.00, 1.17, 0.00, 0.01, 0.75, 0.00, 0.00, 0.01, 1.10, 0.47, 1.38, 0.00, 0.00, 0.00, 0.10, 0.12, 0.00, 1.00, 1.00, 0.00, 0.00, 1.00, 0.00, 1.00, 0.00, 1.00, 1.00, 1.00, 0.00, 1.00, 0.00, 0.00, 0.00, 0.00
844,  0,  28.100,  0.98,  1, 0.05, 0.00, 1.12, 0.00, 0.00, 0.77, 0.00, 0.00, 0.00, 1.00, 0.50, 1.35, 0.00, 0.00, 0.00, 0.03, 0.06, 0.00, 1.00, 1.00, 0.00, 0.00, 1.00, 0.00, 1.00, 0.00, 1.00, 1.00, 1.00, 0.00, 1.00, 0.00, 0.00, 0.00, 0.00
845,  0,  28.133,  0.98,  1, 0.07, 0.00, 1.11, 0.00, 0.00, 0.54, 0.00, 0.00, 0.00, 1.05, 0.53, 1.26, 0.00, 0.00, 0.00, 0.03, 0.12, 0.00, 1.00, 1.00, 1.00, 0.00, 1.00, 0.00, 1.00, 0.00, 1.00, 1.00, 1.00, 0.00, 1.00, 0.00, 0.00, 0.00, 0.00
846,  0,  28.167,  0.98,  1, 0.03, 0.00, 1.11, 0.00, 0.00, 0.48, 0.00, 0.00, 0.00, 1.04, 0.58, 1.11, 0.00, 0.00, 0.00, 0.04, 0.10, 0.00, 1.00, 1.00, 1.00, 0.00, 1.00, 0.00, 1.00, 0.00, 1.00, 1.00, 1.00, 0.00, 1.00, 0.00, 0.00, 0.00, 0.00
847,  0,  28.200,  0.98,  1, 0.04, 0.00, 1.12, 0.00, 0.00, 0.48, 0.00, 0.00, 0.00, 1.09, 0.62, 1.05, 0.00, 0.00, 0.00, 0.12, 0.07, 0.00, 1.00, 1.00, 1.00, 0.00, 1.00, 0.00, 1.00, 0.00, 1.00, 1.00, 1.00, 0.00, 1.00, 0.00, 0.00, 0.00, 0.00
848,  0,  28.233,  0.98,  1, 0.07, 0.00, 1.09, 0.00, 0.00, 0.71, 0.00, 0.00, 0.00, 1.19, 0.58, 1.07, 0.00, 0.00, 0.00, 0.13, 0.02, 0.00, 1.00, 1.00, 1.00, 0.00, 1.00, 0.00, 1.00, 0.00, 1.00, 1.00, 1.00, 0.00, 1.00, 0.00, 0.00, 0.00, 0.00
849,  0,  28.267,  0.98,  1, 0.11, 0.00, 1.18, 0.00, 0.01, 0.76, 0.00, 0.00, 0.00, 1.14, 0.52, 1.11, 0.00, 0.00, 0.00, 0.20, 0.00, 0.00, 1.00, 1.00, 1.00, 0.00, 1.00, 0.00, 1.00, 0.00, 1.00, 1.00, 1.00, 0.00, 1.00, 0.00, 0.00, 0.00, 0.00
850,  0,  28.300,  0.98,  1, 0.13, 0.00, 1.29, 0.00, 0.01, 0.68, 0.00, 0.00, 0.00, 1.09, 0.54, 1.15, 0.00, 0.01, 0.00, 0.14, 0.00, 0.00, 1.00, 1.00, 1.00, 0.00, 1.00, 0.00, 1.00, 0.00, 1.00, 1.00, 1.00, 0.00, 1.00, 0.00, 0.00, 0.00, 0.00
851,  0,  28.333,  0.98,  1, 0.11, 0.00, 1.36, 0.00, 0.02, 0.65, 0.00, 0.00, 0.00, 1.06, 0.62, 1.23, 0.00, 0.03, 0.00, 0.18, 0.00, 0.00, 1.00, 1.00, 1.00, 0.00, 1.00, 0.00, 1.00, 0.00, 1.00, 1.00, 1.00, 0.00, 1.00, 0.00, 0.00, 0.00, 0.00
852,  0,  28.367,  0.98,  1, 0.06, 0.06, 1.37, 0.00, 0.02, 0.54, 0.00, 0.00, 0.00, 1.19, 0.70, 1.25, 0.00, 0.05, 0.00, 0.13, 0.00, 0.00, 1.00, 1.00, 1.00, 0.00, 1.00, 0.00, 1.00, 0.00, 1.00, 1.00, 1.00, 0.00, 0.00, 0.00, 0.00, 0.00, 0.00
853,  0,  28.400,  0.98,  1, 0.03, 0.10, 1.24, 0.00, 0.02, 0.49, 0.00, 0.00, 0.00, 1.24, 0.69, 1.23, 0.00, 0.07, 0.00, 0.10, 0.00, 0.00, 1.00, 1.00, 1.00, 0.00, 1.00, 0.00, 0.00, 0.00, 1.00, 1.00, 1.00, 0.00, 0.00, 0.00, 0.00, 0.00, 0.00
854,  0,  28.433,  0.98,  1, 0.00, 0.13, 1.18, 0.00, 0.00, 0.40, 0.00, 0.00, 0.00, 1.26, 0.66, 1.09, 0.00, 0.04, 0.00, 0.10, 0.00, 0.00, 1.00, 1.00, 0.00, 0.00, 1.00, 0.00, 0.00, 0.00, 1.00, 1.00, 1.00, 0.00, 0.00, 0.00, 0.00, 0.00, 0.00
855,  0,  28.467,  0.98,  1, 0.01, 0.08, 1.15, 0.00, 0.00, 0.40, 0.00, 0.00, 0.00, 1.27, 0.67, 1.03, 0.00, 0.02, 0.00, 0.23, 0.00, 0.00, 1.00, 1.00, 0.00, 0.00, 1.00, 0.00, 0.00, 0.00, 1.00, 1.00, 1.00, 0.00, 0.00, 0.00, 0.00, 0.00, 0.00
856,  0,  28.500,  0.98,  1, 0.05, 0.07, 1.23, 0.00, 0.00, 0.32, 0.00, 0.00, 0.00, 1.25, 0.66, 0.92, 0.00, 0.00, 0.00, 0.33, 0.00, 0.00, 1.00, 1.00, 1.00, 0.00, 1.00, 0.00, 0.00, 0.00, 1.00, 1.00, 0.00, 0.00, 0.00, 0.00, 0.00, 0.00, 0.00
857,  0,  28.533,  0.98,  1, 0.08, 0.03, 1.28, 0.00, 0.00, 0.28, 0.00, 0.00, 0.00, 1.23, 0.56, 0.84, 0.00, 0.00, 0.00, 0.37, 0.00, 0.00, 1.00, 1.00, 1.00, 0.00, 1.00, 0.00, 0.00, 0.00, 1.00, 1.00, 0.00, 0.00, 1.00, 0.00, 0.00, 0.00, 0.00
858,  0,  28.567,  0.98,  1, 0.08, 0.03, 1.25, 0.00, 0.00, 0.41, 0.00, 0.00, 0.00, 1.17, 0.48, 0.74, 0.00, 0.00, 0.00, 0.24, 0.00, 0.00, 1.00, 1.00, 1.00, 0.00, 1.00, 0.00, 0.00, 0.00, 1.00, 1.00, 0.00, 0.00, 1.00, 0.00, 0.00, 0.00, 0.00
859,  0,  28.600,  0.98,  1, 0.04, 0.00, 1.21, 0.00, 0.00, 0.53, 0.00, 0.00, 0.00, 1.22, 0.45, 0.70, 0.00, 0.00, 0.00, 0.17, 0.00, 0.00, 1.00, 1.00, 1.00, 0.00, 1.00, 0.00, 0.00, 0.00, 1.00, 1.00, 0.00, 0.00, 1.00, 0.00, 0.00, 0.00, 0.00
860,  0,  28.633,  0.98,  1, 0.06, 0.04, 1.19, 0.00, 0.00, 0.55, 0.00, 0.00, 0.00, 1.25, 0.54, 0.68, 0.00, 0.00, 0.00, 0.12, 0.00, 0.00, 1.00, 1.00, 1.00, 0.00, 1.00, 0.00, 0.00, 0.00, 1.00, 1.00, 0.00, 0.00, 1.00, 0.00, 0.00, 0.00, 0.00
861,  0,  28.667,  0.98,  1, 0.14, 0.10, 1.26, 0.00, 0.00, 0.44, 0.00, 0.00, 0.00, 1.29, 0.56, 0.73, 0.00, 0.00, 0.00, 0.12, 0.00, 0.00, 1.00, 1.00, 1.00, 0.00, 1.00, 0.00, 0.00, 0.00, 1.00, 1.00, 0.00, 0.00, 1.00, 0.00, 0.00, 0.00, 0.00
862,  0,  28.700,  0.98,  1, 0.20, 0.25, 1.22, 0.00, 0.00, 0.30, 0.00, 0.00, 0.00, 1.28, 0.69, 0.84, 0.00, 0.00, 0.00, 0.12, 0.00, 0.00, 1.00, 1.00, 1.00, 0.00, 1.00, 0.00, 0.00, 0.00, 1.00, 1.00, 0.00, 0.00, 1.00, 0.00, 0.00, 0.00, 0.00
863,  0,  28.733,  0.98,  1, 0.17, 0.26, 1.17, 0.00, 0.00, 0.27, 0.00, 0.00, 0.00, 1.27, 0.59, 0.89, 0.00, 0.00, 0.00, 0.15, 0.00, 0.00, 1.00, 1.00, 1.00, 0.00, 1.00, 0.00, 0.00, 0.00, 1.00, 1.00, 1.00, 0.00, 0.00, 0.00, 0.00, 0.00, 0.00
864,  0,  28.767,  0.98,  1, 0.16, 0.37, 1.14, 0.00, 0.00, 0.39, 0.00, 0.00, 0.00, 1.24, 0.52, 1.00, 0.02, 0.02, 0.00, 0.13, 0.00, 0.00, 1.00, 1.00, 1.00, 0.00, 1.00, 0.00, 0.00, 0.00, 1.00, 1.00, 1.00, 0.00, 0.00, 0.00, 0.00, 0.00, 0.00
865,  0,  28.800,  0.98,  1, 0.14, 0.33, 1.18, 0.00, 0.00, 0.54, 0.00, 0.00, 0.00, 1.21, 0.25, 1.06, 0.02, 0.04, 0.00, 0.11, 0.00, 0.00, 1.00, 1.00, 1.00, 0.00, 1.00, 0.00, 0.00, 0.00, 1.00, 1.00, 1.00, 0.00, 0.00, 0.00, 0.00, 0.00, 0.00
866,  0,  28.833,  0.98,  1, 0.14, 0.39, 1.21, 0.00, 0.00, 0.55, 0.00, 0.00, 0.00, 1.19, 0.19, 1.16, 0.02, 0.06, 0.00, 0.08, 0.00, 0.00, 1.00, 1.00, 1.00, 0.00, 1.00, 0.00, 0.00, 0.00, 1.00, 1.00, 1.00, 0.00, 0.00, 0.00, 0.00, 0.00, 0.00
867,  0,  28.867,  0.98,  1, 0.07, 0.22, 1.20, 0.00, 0.00, 0.45, 0.00, 0.00, 0.00, 1.23, 0.23, 1.14, 0.00, 0.07, 0.00, 0.10, 0.00, 0.00, 1.00, 1.00, 1.00, 0.00, 1.00, 0.00, 0.00, 0.00, 1.00, 1.00, 1.00, 0.00, 0.00, 0.00, 0.00, 0.00, 0.00
868,  0,  28.900,  0.98,  1, 0.05, 0.12, 1.21, 0.00, 0.00, 0.28, 0.00, 0.00, 0.00, 1.33, 0.35, 1.13, 0.00, 0.09, 0.00, 0.12, 0.00, 0.00, 1.00, 1.00, 1.00, 0.00, 1.00, 0.00, 0.00, 0.00, 1.00, 1.00, 1.00, 0.00, 0.00, 0.00, 0.00, 0.00, 0.00
869,  0,  28.933,  0.98,  1, 0.05, 0.00, 1.16, 0.00, 0.00, 0.19, 0.00, 0.00, 0.00, 1.41, 0.45, 1.10, 0.00, 0.09, 0.00, 0.23, 0.00, 0.00, 1.00, 1.00, 1.00, 0.00, 1.00, 0.00, 0.00, 0.00, 1.00, 1.00, 1.00, 0.00, 1.00, 0.00, 0.00, 0.00, 0.00
870,  0,  28.967,  0.98,  1, 0.07, 0.00, 1.12, 0.00, 0.00, 0.18, 0.00, 0.00, 0.00, 1.43, 0.45, 1.05, 0.00, 0.07, 0.00, 0.38, 0.00, 0.00, 1.00, 1.00, 1.00, 0.00, 1.00, 0.00, 0.00, 0.00, 1.00, 1.00, 1.00, 0.00, 1.00, 0.00, 0.00, 0.00, 0.00
871,  0,  29.000,  0.98,  1, 0.15, 0.00, 1.09, 0.00, 0.00, 0.30, 0.00, 0.00, 0.00, 1.47, 0.45, 0.95, 0.00, 0.03, 0.00, 0.50, 0.00, 0.00, 1.00, 1.00, 1.00, 0.00, 1.00, 0.00, 0.00, 0.00, 1.00, 1.00, 1.00, 0.00, 1.00, 0.00, 0.00, 0.00, 0.00
872,  0,  29.033,  0.98,  1, 0.17, 0.00, 1.12, 0.00, 0.00, 0.34, 0.00, 0.00, 0.00, 1.53, 0.42, 0.96, 0.00, 0.01, 0.00, 0.50, 0.00, 0.00, 1.00, 1.00, 1.00, 0.00, 1.00, 0.00, 0.00, 0.00, 1.00, 1.00, 1.00, 0.00, 1.00, 0.00, 0.00, 0.00, 0.00
873,  0,  29.067,  0.98,  1, 0.24, 0.00, 1.15, 0.00, 0.00, 0.29, 0.00, 0.00, 0.00, 1.64, 0.37, 1.06, 0.00, 0.03, 0.00, 0.68, 0.00, 0.00, 1.00, 1.00, 1.00, 0.00, 1.00, 0.00, 0.00, 0.00, 1.00, 1.00, 1.00, 0.00, 1.00, 0.00, 0.00, 0.00, 0.00
874,  0,  29.100,  0.98,  1, 0.23, 0.00, 1.09, 0.00, 0.00, 0.20, 0.00, 0.00, 0.00, 1.46, 0.37, 1.11, 0.00, 0.03, 0.00, 0.53, 0.00, 0.00, 1.00, 1.00, 1.00, 0.00, 1.00, 0.00, 0.00, 0.00, 1.00, 1.00, 1.00, 0.00, 1.00, 0.00, 0.00, 0.00, 0.00
875,  0,  29.133,  0.98,  1, 0.29, 0.00, 1.02, 0.00, 0.00, 0.13, 0.00, 0.00, 0.00, 1.23, 0.40, 1.02, 0.00, 0.03, 0.00, 0.50, 0.00, 0.00, 1.00, 1.00, 1.00, 0.00, 1.00, 0.00, 0.00, 0.00, 1.00, 1.00, 1.00, 0.00, 1.00, 0.00, 0.00, 0.00, 0.00
876,  0,  29.167,  0.98,  1, 0.25, 0.00, 0.96, 0.00, 0.00, 0.29, 0.00, 0.00, 0.00, 0.94, 0.29, 0.97, 0.00, 0.00, 0.00, 0.31, 0.00, 0.00, 0.00, 1.00, 1.00, 0.00, 1.00, 0.00, 0.00, 0.00, 1.00, 1.00, 1.00, 0.00, 1.00, 0.00, 0.00, 0.00, 0.00
877,  0,  29.200,  0.98,  1, 0.18, 0.00, 0.91, 0.00, 0.00, 0.44, 0.00, 0.00, 0.00, 0.80, 0.18, 0.97, 0.00, 0.00, 0.00, 0.52, 0.00, 0.00, 0.00, 1.00, 1.00, 0.00, 1.00, 0.00, 0.00, 0.00, 1.00, 1.00, 1.00, 0.00, 1.00, 0.00, 0.00, 0.00, 0.00
878,  0,  29.233,  0.98,  1, 0.13, 0.00, 0.92, 0.00, 0.00, 0.79, 0.00, 0.00, 0.00, 0.79, 0.10, 1.05, 0.00, 0.00, 0.00, 0.52, 0.00, 0.00, 0.00, 1.00, 1.00, 0.00, 1.00, 0.00, 0.00, 0.00, 1.00, 1.00, 1.00, 0.00, 1.00, 0.00, 0.00, 0.00, 0.00
879,  0,  29.267,  0.98,  1, 0.10, 0.00, 0.96, 0.00, 0.00, 0.79, 0.00, 0.00, 0.00, 0.85, 0.11, 1.00, 0.00, 0.00, 0.00, 0.48, 0.00, 0.00, 0.00, 1.00, 1.00, 0.00, 1.00, 0.00, 0.00, 0.00, 1.00, 0.00, 1.00, 0.00, 1.00, 0.00, 0.00, 0.00, 0.00
880,  0,  29.300,  0.98,  1, 0.22, 0.00, 1.07, 0.00, 0.00, 0.92, 0.00, 0.00, 0.00, 0.90, 0.19, 0.91, 0.00, 0.00, 0.00, 0.28, 0.00, 0.00, 0.00, 1.00, 1.00, 0.00, 1.00, 0.00, 0.00, 0.00, 1.00, 0.00, 1.00, 0.00, 1.00, 0.00, 0.00, 0.00, 0.00
881,  0,  29.333,  0.98,  1, 0.32, 0.00, 1.10, 0.00, 0.00, 0.90, 0.00, 0.00, 0.00, 1.04, 0.18, 0.89, 0.04, 0.00, 0.00, 0.25, 0.00, 0.00, 0.00, 1.00, 1.00, 0.00, 1.00, 0.00, 0.00, 0.00, 1.00, 0.00, 1.00, 0.00, 1.00, 0.00, 0.00, 0.00, 0.00
882,  0,  29.367,  0.98,  1, 0.45, 0.00, 1.12, 0.00, 0.00, 1.05, 0.00, 0.00, 0.00, 1.18, 0.23, 0.84, 0.04, 0.00, 0.00, 0.22, 0.00, 0.00, 1.00, 1.00, 1.00, 0.00, 1.00, 0.00, 0.00, 0.00, 1.00, 0.00, 1.00, 0.00, 1.00, 0.00, 0.00, 0.00, 0.00
883,  0,  29.400,  0.98,  1, 0.43, 0.00, 1.08, 0.00, 0.00, 1.15, 0.00, 0.00, 0.00, 1.26, 0.15, 0.90, 0.04, 0.00, 0.00, 0.30, 0.00, 0.00, 1.00, 1.00, 1.00, 0.00, 1.00, 0.00, 0.00, 0.00, 1.00, 0.00, 1.00, 0.00, 1.00, 0.00, 0.00, 0.00, 0.00
884,  0,  29.433,  0.98,  1, 0.38, 0.00, 1.10, 0.00, 0.00, 1.09, 0.00, 0.00, 0.00, 1.27, 0.19, 0.84, 0.00, 0.00, 0.00, 0.30, 0.00, 0.00, 1.00, 1.00, 1.00, 0.00, 1.00, 0.00, 0.00, 0.00, 1.00, 0.00, 1.00, 0.00, 1.00, 0.00, 0.00, 0.00, 0.00
885,  0,  29.467,  0.98,  1, 0.33, 0.00, 1.08, 0.00, 0.00, 0.90, 0.00, 0.00, 0.00, 1.19, 0.26, 0.84, 0.00, 0.00, 0.00, 0.23, 0.00, 0.00, 1.00, 1.00, 1.00, 0.00, 1.00, 0.00, 0.00, 0.00, 1.00, 0.00, 1.00, 0.00, 1.00, 0.00, 0.00, 0.00, 0.00
886,  0,  29.500,  0.98,  1, 0.38, 0.00, 1.19, 0.00, 0.00, 0.75, 0.00, 0.00, 0.00, 1.09, 0.32, 0.99, 0.00, 0.00, 0.00, 0.27, 0.00, 0.00, 1.00, 1.00, 1.00, 0.00, 1.00, 0.00, 0.00, 0.00, 1.00, 0.00, 1.00, 0.00, 1.00, 0.00, 0.00, 0.00, 0.00
887,  0,  29.533,  0.98,  1, 0.42, 0.00, 1.27, 0.00, 0.00, 0.77, 0.00, 0.00, 0.00, 0.90, 0.26, 1.14, 0.00, 0.00, 0.00, 0.33, 0.00, 0.00, 1.00, 1.00, 1.00, 0.00, 1.00, 0.00, 0.00, 0.00, 1.00, 0.00, 1.00, 0.00, 1.00, 0.00, 0.00, 0.00, 0.00
888,  0,  29.567,  0.98,  1, 0.45, 0.00, 1.31, 0.00, 0.00, 0.60, 0.00, 0.00, 0.00, 0.70, 0.24, 1.26, 0.00, 0.03, 0.00, 0.31, 0.00, 0.00, 1.00, 1.00, 1.00, 0.00, 1.00, 0.00, 0.00, 0.00, 1.00, 0.00, 1.00, 0.00, 1.00, 0.00, 0.00, 0.00, 0.00
889,  0,  29.600,  0.98,  1, 0.44, 0.00, 1.27, 0.00, 0.00, 0.37, 0.00, 0.00, 0.00, 0.58, 0.36, 1.14, 0.00, 0.03, 0.00, 0.17, 0.00, 0.00, 1.00, 1.00, 1.00, 0.00, 1.00, 0.00, 0.00, 0.00, 1.00, 1.00, 1.00, 0.00, 1.00, 0.00, 0.00, 0.00, 0.00
890,  0,  29.633,  0.98,  1, 0.47, 0.00, 1.21, 0.00, 0.00, 0.06, 0.00, 0.00, 0.00, 0.47, 0.46, 1.07, 0.00, 0.03, 0.00, 0.08, 0.00, 0.00, 1.00, 1.00, 1.00, 0.00, 1.00, 0.00, 0.00, 0.00, 1.00, 0.00, 1.00, 0.00, 1.00, 0.00, 0.00, 0.00, 0.00
891,  0,  29.667,  0.98,  1, 0.53, 0.00, 1.19, 0.00, 0.00, 0.00, 0.00, 0.00, 0.00, 0.55, 0.49, 1.12, 0.00, 0.00, 0.00, 0.15, 0.00, 0.00, 1.00, 1.00, 1.00, 0.00, 1.00, 0.00, 0.00, 0.00, 1.00, 0.00, 1.00, 0.00, 1.00, 0.00, 0.00, 0.00, 0.00
892,  0,  29.700,  0.98,  1, 0.60, 0.00, 1.17, 0.00, 0.00, 0.05, 0.00, 0.00, 0.00, 0.67, 0.32, 1.17, 0.00, 0.00, 0.00, 0.19, 0.00, 0.00, 1.00, 1.00, 1.00, 0.00, 1.00, 0.00, 0.00, 0.00, 1.00, 0.00, 1.00, 0.00, 1.00, 0.00, 0.00, 0.00, 0.00
893,  0,  29.733,  0.98,  1, 0.53, 0.00, 1.09, 0.00, 0.00, 0.05, 0.00, 0.00, 0.00, 0.77, 0.20, 1.20, 0.00, 0.00, 0.00, 0.31, 0.00, 0.00, 1.00, 1.00, 1.00, 0.00, 1.00, 0.00, 0.00, 0.00, 1.00, 0.00, 1.00, 0.00, 1.00, 0.00, 0.00, 0.00, 0.00
894,  0,  29.767,  0.98,  1, 0.42, 0.00, 1.05, 0.00, 0.00, 0.17, 0.00, 0.00, 0.00, 0.81, 0.21, 1.13, 0.00, 0.00, 0.01, 0.42, 0.00, 0.00, 1.00, 1.00, 1.00, 0.00, 1.00, 0.00, 0.00, 0.00, 1.00, 0.00, 1.00, 0.00, 1.00, 0.00, 0.00, 0.00, 0.00
895,  0,  29.800,  0.98,  1, 0.27, 0.00, 0.93, 0.00, 0.00, 0.22, 0.00, 0.00, 0.00, 0.91, 0.21, 1.13, 0.00, 0.00, 0.01, 0.60, 0.00, 0.00, 1.00, 1.00, 1.00, 0.00, 1.00, 0.00, 0.00, 0.00, 1.00, 0.00, 1.00, 0.00, 1.00, 0.00, 0.00, 0.00, 0.00
896,  0,  29.833,  0.98,  1, 0.25, 0.00, 0.92, 0.00, 0.00, 0.37, 0.00, 0.00, 0.00, 1.05, 0.29, 1.11, 0.00, 0.00, 0.01, 0.60, 0.00, 0.00, 1.00, 1.00, 1.00, 0.00, 1.00, 0.00, 0.00, 0.00, 1.00, 0.00, 1.00, 0.00, 1.00, 0.00, 0.00, 0.00, 0.00
897,  0,  29.867,  0.98,  1, 0.20, 0.00, 0.95, 0.00, 0.00, 0.30, 0.00, 0.00, 0.00, 1.15, 0.22, 1.12, 0.00, 0.00, 0.00, 0.61, 0.00, 0.00, 1.00, 1.00, 1.00, 0.00, 1.00, 0.00, 0.00, 0.00, 1.00, 0.00, 1.00, 0.00, 1.00, 0.00, 0.00, 0.00, 0.00
898,  0,  29.900,  0.98,  1, 0.21, 0.01, 1.04, 0.00, 0.00, 0.36, 0.00, 0.00, 0.00, 1.19, 0.17, 1.12, 0.00, 0.02, 0.00, 0.63, 0.00, 0.00, 1.00, 1.00, 1.00, 0.00, 1.00, 0.00, 0.00, 0.00, 1.00, 0.00, 1.00, 0.00, 1.00, 0.00, 0.00, 0.00, 0.00
899,  0,  29.933,  0.98,  1, 0.11, 0.01, 1.00, 0.00, 0.00, 0.34, 0.00, 0.00, 0.00, 1.22, 0.13, 1.19, 0.00, 0.03, 0.00, 0.77, 0.00, 0.00, 1.00, 1.00, 1.00, 0.00, 1.00, 0.00, 1.00, 0.00, 1.00, 0.00, 1.00, 0.00, 1.00, 0.00, 0.00, 0.00, 0.00
900,  0,  29.967,  0.98,  1, 0.19, 0.01, 0.94, 0.00, 0.00, 0.52, 0.00, 0.00, 0.00, 1.10, 0.06, 1.16, 0.00, 0.03, 0.02, 0.74, 0.00, 0.00, 1.00, 1.00, 1.00, 0.00, 1.00, 0.00, 1.00, 0.00, 1.00, 0.00, 1.00, 0.00, 1.00, 0.00, 0.00, 0.00, 0.00
901,  0,  30.000,  0.98,  1, 0.25, 0.00, 0.91, 0.00, 0.00, 0.56, 0.00, 0.00, 0.00, 0.96, 0.09, 1.13, 0.00, 0.00, 0.08, 0.72, 0.00, 0.00, 1.00, 1.00, 1.00, 0.00, 1.00, 0.00, 1.00, 0.00, 1.00, 0.00, 1.00, 0.00, 1.00, 0.00, 0.00, 0.00, 0.00
902,  0,  30.033,  0.98,  1, 0.39, 0.00, 0.91, 0.00, 0.00, 0.68, 0.00, 0.00, 0.00, 0.83, 0.05, 1.05, 0.00, 0.00, 0.14, 0.70, 0.00, 0.00, 1.00, 1.00, 1.00, 0.00, 1.00, 0.00, 1.00, 0.00, 1.00, 1.00, 1.00, 0.00, 1.00, 0.00, 0.00, 0.00, 0.00
903,  0,  30.067,  0.98,  1, 0.48, 0.13, 0.98, 0.00, 0.00, 0.69, 0.00, 0.00, 0.00, 0.93, 0.06, 1.11, 0.00, 0.00, 0.16, 0.79, 0.00, 0.00, 1.00, 1.00, 1.00, 0.00, 1.00, 0.00, 1.00, 0.00, 1.00, 1.00, 1.00, 0.00, 1.00, 0.00, 0.00, 0.00, 0.00
904,  0,  30.100,  0.98,  1, 0.53, 0.13, 1.00, 0.00, 0.00, 0.60, 0.00, 0.00, 0.00, 1.09, 0.12, 1.19, 0.00, 0.00, 0.09, 0.89, 0.51, 0.00, 1.00, 1.00, 0.00, 0.00, 1.00, 0.00, 0.00, 0.00, 1.00, 1.00, 1.00, 0.00, 1.00, 0.00, 0.00, 0.00, 0.00
905,  0,  30.133,  0.98,  1, 0.49, 0.13, 1.06, 0.00, 0.00, 0.42, 0.00, 0.00, 0.02, 1.21, 0.33, 1.20, 0.00, 0.00, 0.04, 0.84, 1.24, 0.00, 1.00, 1.00, 0.00, 0.00, 1.00, 0.00, 0.00, 0.00, 1.00, 1.00, 1.00, 0.00, 1.00, 0.00, 0.00, 0.00, 1.00
906,  0,  30.167,  0.98,  1, 0.44, 0.00, 1.07, 0.00, 0.00, 0.35, 0.00, 0.00, 0.02, 1.18, 0.52, 1.23, 0.00, 0.00, 0.00, 0.70, 1.82, 0.00, 1.00, 1.00, 0.00, 0.00, 1.00, 0.00, 0.00, 0.00, 1.00, 1.00, 1.00, 0.00, 0.00, 0.00, 0.00, 0.00, 1.00
907,  0,  30.200,  0.98,  1, 0.46, 0.02, 1.11, 0.00, 0.00, 0.53, 0.00, 0.00, 0.02, 1.20, 0.67, 1.21, 0.00, 0.00, 0.00, 0.56, 1.65, 0.00, 1.00, 1.00, 0.00, 0.00, 1.00, 0.00, 0.00, 0.00, 1.00, 1.00, 1.00, 0.00, 0.00, 0.00, 0.00, 0.00, 1.00
908,  0,  30.233,  0.98,  1, 0.54, 0.02, 1.19, 0.00, 0.00, 0.60, 0.00, 0.00, 0.00, 1.20, 0.84, 1.24, 0.00, 0.00, 0.00, 0.44, 1.04, 0.00, 1.00, 1.00, 0.00, 0.00, 1.00, 0.00, 0.00, 0.00, 1.00, 1.00, 1.00, 0.00, 0.00, 0.00, 0.00, 0.00, 1.00
909,  0,  30.267,  0.98,  1, 0.48, 0.02, 1.17, 0.00, 0.00, 0.43, 0.00, 0.00, 0.00, 1.34, 0.98, 1.24, 0.00, 0.00, 0.00, 0.37, 0.55, 0.00, 1.00, 1.00, 0.00, 0.00, 1.00, 0.00, 1.00, 0.00, 1.00, 1.00, 1.00, 0.00, 0.00, 0.00, 0.00, 0.00, 1.00
910,  0,  30.300,  0.98,  1, 0.43, 0.00, 1.27, 0.00, 0.02, 0.34, 0.00, 0.00, 0.00, 1.55, 0.95, 1.24, 0.11, 0.00, 0.00, 0.20, 0.43, 0.00, 1.00, 1.00, 0.00, 0.00, 1.00, 0.00, 1.00, 0.00, 1.00, 1.00, 1.00, 0.00, 0.00, 0.00, 0.00, 0.00, 1.00
911,  0,  30.333,  0.98,  1, 0.32, 0.00, 1.27, 0.00, 0.08, 0.37, 0.00, 0.00, 0.00, 1.70, 0.72, 1.26, 0.13, 0.00, 0.00, 0.11, 0.56, 0.00, 1.00, 1.00, 0.00, 0.00, 1.00, 0.00, 1.00, 0.00, 1.00, 1.00, 1.00, 0.00, 0.00, 0.00, 0.00, 0.00, 0.00
912,  0,  30.367,  0.98,  1, 0.22, 0.00, 1.33, 0.00, 0.16, 0.53, 0.00, 0.00, 0.00, 1.75, 0.55, 1.27, 0.13, 0.00, 0.00, 0.04, 0.49, 0.00, 1.00, 1.00, 0.00, 0.00, 1.00, 0.00, 1.00, 0.00, 1.00, 1.00, 1.00, 0.00, 0.00, 0.00, 0.00, 0.00, 0.00
913,  0,  30.400,  0.98,  1, 0.08, 0.03, 1.27, 0.00, 0.23, 0.58, 0.00, 0.00, 0.00, 1.64, 0.50, 1.23, 0.02, 0.00, 0.00, 0.03, 0.28, 0.00, 1.00, 1.00, 0.00, 0.00, 1.00, 0.00, 1.00, 0.00, 1.00, 1.00, 1.00, 0.00, 1.00, 0.00, 0.00, 0.00, 0.00
914,  0,  30.433,  0.98,  1, 0.01, 0.03, 1.26, 0.00, 0.26, 0.54, 0.00, 0.00, 0.00, 1.58, 0.47, 1.14, 0.00, 0.00, 0.00, 0.00, 0.14, 0.00, 1.00, 1.00, 0.00, 0.00, 1.00, 0.00, 1.00, 0.00, 1.00, 1.00, 1.00, 0.00, 1.00, 0.00, 0.00, 0.00, 0.00
915,  0,  30.467,  0.98,  1, 0.01, 0.03, 1.25, 0.00, 0.25, 0.50, 0.00, 0.00, 0.00, 1.53, 0.37, 0.97, 0.00, 0.00, 0.00, 0.00, 0.11, 0.00, 1.00, 1.00, 0.00, 0.00, 1.00, 0.00, 1.00, 0.00, 1.00, 1.00, 1.00, 0.00, 1.00, 0.00, 0.00, 0.00, 0.00
916,  0,  30.500,  0.98,  1, 0.01, 0.00, 1.29, 0.00, 0.25, 0.39, 0.00, 0.00, 0.00, 1.46, 0.33, 0.95, 0.00, 0.00, 0.00, 0.00, 0.16, 0.00, 1.00, 1.00, 0.00, 0.00, 1.00, 0.00, 1.00, 0.00, 1.00, 1.00, 1.00, 0.00, 1.00, 0.00, 0.00, 0.00, 0.00
917,  0,  30.533,  0.98,  1, 0.01, 0.01, 1.31, 0.00, 0.24, 0.38, 0.00, 0.00, 0.00, 1.42, 0.31, 0.97, 0.00, 0.00, 0.00, 0.00, 0.06, 0.00, 1.00, 1.00, 0.00, 0.00, 1.00, 0.00, 1.00, 0.00, 1.00, 1.00, 1.00, 0.00, 1.00, 0.00, 0.00, 0.00, 0.00
918,  0,  30.567,  0.98,  1, 0.02, 0.04, 1.38, 0.00, 0.22, 0.40, 0.00, 0.00, 0.00, 1.38, 0.34, 1.01, 0.03, 0.00, 0.00, 0.02, 0.06, 0.00, 1.00, 1.00, 0.00, 0.00, 1.00, 0.00, 1.00, 0.00, 1.00, 1.00, 1.00, 0.00, 1.00, 0.00, 0.00, 0.00, 0.00
919,  0,  30.600,  0.98,  1, 0.02, 0.04, 1.36, 0.00, 0.20, 0.44, 0.00, 0.00, 0.00, 1.39, 0.32, 0.99, 0.06, 0.00, 0.00, 0.06, 0.02, 0.00, 1.00, 1.00, 0.00, 0.00, 1.00, 0.00, 1.00, 0.00, 1.00, 1.00, 1.00, 0.00, 1.00, 0.00, 0.00, 0.00, 0.00
920,  0,  30.633,  0.98,  1, 0.02, 0.03, 1.35, 0.00, 0.21, 0.45, 0.00, 0.00, 0.00, 1.43, 0.28, 0.98, 0.06, 0.00, 0.00, 0.09, 0.04, 0.00, 1.00, 1.00, 0.00, 0.00, 1.00, 0.00, 1.00, 0.00, 1.00, 1.00, 1.00, 0.00, 1.00, 0.00, 0.00, 0.00, 0.00
921,  0,  30.667,  0.98,  1, 0.00, 0.00, 1.26, 0.00, 0.21, 0.38, 0.00, 0.00, 0.00, 1.50, 0.28, 0.98, 0.05, 0.00, 0.00, 0.10, 0.04, 0.00, 1.00, 1.00, 0.00, 0.00, 1.00, 0.00, 1.00, 0.00, 1.00, 1.00, 0.00, 0.00, 1.00, 0.00, 0.00, 0.00, 0.00
922,  0,  30.700,  0.98,  1, 0.00, 0.00, 1.23, 0.00, 0.20, 0.34, 0.00, 0.00, 0.00, 1.40, 0.27, 0.93, 0.02, 0.00, 0.00, 0.06, 0.02, 0.00, 1.00, 1.00, 0.00, 0.00, 1.00, 0.00, 1.00, 0.00, 1.00, 1.00, 0.00, 0.00, 1.00, 0.00, 0.00, 0.00, 0.00
923,  0,  30.733,  0.98,  1, 0.00, 0.00, 1.24, 0.00, 0.20, 0.41, 0.00, 0.00, 0.00, 1.25, 0.29, 0.89, 0.02, 0.00, 0.00, 0.02, 0.00, 0.00, 1.00, 1.00, 0.00, 0.00, 1.00, 0.00, 1.00, 0.00, 1.00, 1.00, 0.00, 0.00, 1.00, 0.00, 0.00, 0.00, 0.00
924,  0,  30.767,  0.98,  1, 0.05, 0.02, 1.27, 0.00, 0.28, 0.51, 0.00, 0.00, 0.00, 1.03, 0.22, 0.82, 0.00, 0.00, 0.00, 0.00, 0.00, 0.00, 1.00, 1.00, 0.00, 0.00, 1.00, 0.00, 1.00, 0.00, 1.00, 1.00, 0.00, 0.00, 0.00, 0.00, 0.00, 0.00, 0.00
925,  0,  30.800,  0.98,  1, 0.05, 0.02, 1.29, 0.00, 0.31, 0.64, 0.00, 0.00, 0.00, 1.03, 0.15, 0.84, 0.00, 0.00, 0.00, 0.00, 0.00, 0.00, 1.00, 1.00, 0.00, 0.00, 1.00, 0.00, 1.00, 0.00, 1.00, 1.00, 0.00, 0.00, 0.00, 0.00, 0.00, 0.00, 0.00
926,  0,  30.833,  0.98,  1, 0.05, 0.02, 1.27, 0.00, 0.29, 0.79, 0.00, 0.00, 0.00, 1.05, 0.15, 0.81, 0.00, 0.00, 0.00, 0.00, 0.00, 0.00, 1.00, 1.00, 0.00, 0.00, 1.00, 0.00, 1.00, 0.00, 1.00, 1.00, 0.00, 0.00, 0.00, 0.00, 0.00, 0.00, 0.00
927,  0,  30.867,  0.98,  1, 0.01, 0.00, 1.28, 0.00, 0.25, 0.89, 0.00, 0.00, 0.00, 1.11, 0.22, 0.82, 0.00, 0.00, 0.00, 0.00, 0.00, 0.00, 1.00, 1.00, 0.00, 0.00, 1.00, 0.00, 1.00, 0.00, 1.00, 1.00, 0.00, 0.00, 0.00, 0.00, 0.00, 0.00, 0.00
928,  0,  30.900,  0.98,  1, 0.01, 0.00, 1.35, 0.00, 0.23, 0.86, 0.00, 0.00, 0.00, 1.16, 0.31, 0.77, 0.00, 0.00, 0.00, 0.00, 0.00, 0.00, 1.00, 1.00, 0.00, 0.00, 1.00, 0.00, 1.00, 0.00, 1.00, 1.00, 0.00, 0.00, 0.00, 0.00, 0.00, 0.00, 0.00
929,  0,  30.933,  0.98,  1, 0.05, 0.00, 1.41, 0.00, 0.25, 0.80, 0.00, 0.00, 0.00, 1.21, 0.29, 0.83, 0.00, 0.00, 0.00, 0.00, 0.00, 0.00, 1.00, 1.00, 1.00, 0.00, 1.00, 0.00, 1.00, 0.00, 1.00, 1.00, 0.00, 0.00, 0.00, 0.00, 0.00, 0.00, 0.00
930,  0,  30.967,  0.98,  1, 0.07, 0.00, 1.42, 0.00, 0.29, 0.74, 0.00, 0.00, 0.00, 1.23, 0.25, 0.84, 0.00, 0.00, 0.00, 0.00, 0.00, 0.00, 1.00, 1.00, 1.00, 0.00, 1.00, 0.00, 1.00, 0.00, 1.00, 1.00, 0.00, 0.00, 0.00, 0.00, 0.00, 0.00, 0.00
931,  0,  31.000,  0.98,  1, 0.07, 0.00, 1.41, 0.00, 0.28, 0.75, 0.00, 0.00, 0.00, 1.19, 0.22, 0.89, 0.00, 0.00, 0.00, 0.00, 0.00, 0.00, 1.00, 1.00, 1.00, 0.00, 1.00, 0.00, 1.00, 0.00, 1.00, 1.00, 0.00, 0.00, 0.00, 0.00, 0.00, 0.00, 0.00
932,  0,  31.033,  0.98,  1, 0.03, 0.00, 1.42, 0.00, 0.27, 0.83, 0.00, 0.00, 0.00, 1.15, 0.25, 0.94, 0.00, 0.00, 0.00, 0.01, 0.00, 0.00, 1.00, 1.00, 1.00, 0.00, 1.00, 0.00, 1.00, 0.00, 1.00, 1.00, 0.00, 0.00, 0.00, 0.00, 0.00, 0.00, 0.00
933,  0,  31.067,  0.98,  1, 0.02, 0.00, 1.45, 0.00, 0.24, 0.96, 0.00, 0.00, 0.00, 1.14, 0.33, 1.03, 0.00, 0.00, 0.00, 0.08, 0.00, 0.00, 1.00, 1.00, 1.00, 0.00, 1.00, 0.00, 1.00, 0.00, 1.00, 1.00, 0.00, 0.00, 0.00, 0.00, 0.00, 0.00, 0.00
934,  0,  31.100,  0.98,  1, 0.06, 0.00, 1.44, 0.00, 0.16, 0.90, 0.00, 0.00, 0.00, 1.14, 0.32, 0.98, 0.00, 0.00, 0.00, 0.08, 0.00, 0.00, 1.00, 1.00, 1.00, 0.00, 1.00, 0.00, 1.00, 0.00, 1.00, 1.00, 0.00, 0.00, 0.00, 0.00, 0.00, 0.00, 0.00
935,  0,  31.133,  0.98,  1, 0.12, 0.00, 1.41, 0.00, 0.07, 0.71, 0.00, 0.00, 0.00, 1.16, 0.31, 0.87, 0.04, 0.00, 0.00, 0.07, 0.00, 0.00, 1.00, 1.00, 1.00, 0.00, 1.00, 0.00, 1.00, 0.00, 1.00, 1.00, 1.00, 0.00, 1.00, 0.00, 0.00, 0.00, 0.00
936,  0,  31.167,  0.98,  1, 0.14, 0.00, 1.40, 0.00, 0.01, 0.36, 0.00, 0.00, 0.00, 1.27, 0.17, 0.93, 0.04, 0.00, 0.00, 0.00, 0.00, 0.00, 1.00, 1.00, 1.00, 0.00, 1.00, 0.00, 1.00, 0.00, 1.00, 1.00, 1.00, 0.00, 1.00, 0.00, 0.00, 0.00, 0.00
937,  0,  31.200,  0.98,  1, 0.20, 0.00, 1.37, 0.00, 0.01, 0.20, 0.00, 0.00, 0.00, 1.32, 0.09, 1.01, 0.04, 0.00, 0.00, 0.00, 0.00, 0.00, 1.00, 1.00, 1.00, 0.00, 1.00, 0.00, 1.00, 0.00, 1.00, 1.00, 1.00, 0.00, 1.00, 0.00, 0.00, 0.00, 0.00
938,  0,  31.233,  0.98,  1, 0.21, 0.00, 1.29, 0.00, 0.00, 0.06, 0.00, 0.00, 0.00, 1.40, 0.00, 1.15, 0.00, 0.00, 0.00, 0.03, 0.00, 0.00, 1.00, 1.00, 1.00, 0.00, 1.00, 0.00, 1.00, 0.00, 1.00, 1.00, 1.00, 0.00, 1.00, 0.00, 0.00, 0.00, 0.00
939,  0,  31.267,  0.98,  1, 0.25, 0.00, 1.27, 0.00, 0.00, 0.12, 0.00, 0.00, 0.00, 1.46, 0.07, 1.08, 0.00, 0.00, 0.00, 0.07, 0.00, 0.00, 1.00, 1.00, 1.00, 0.00, 1.00, 0.00, 1.00, 0.00, 1.00, 1.00, 1.00, 0.00, 1.00, 0.00, 0.00, 0.00, 0.00
940,  0,  31.300,  0.98,  1, 0.22, 0.02, 1.31, 0.00, 0.00, 0.13, 0.00, 0.00, 0.00, 1.50, 0.18, 1.12, 0.00, 0.00, 0.00, 0.13, 0.00, 0.00, 1.00, 1.00, 1.00, 0.00, 1.00, 0.00, 1.00, 0.00, 1.00, 1.00, 1.00, 0.00, 1.00, 0.00, 0.00, 0.00, 0.00
941,  0,  31.333,  0.98,  1, 0.20, 0.02, 1.38, 0.00, 0.00, 0.14, 0.00, 0.00, 0.00, 1.43, 0.27, 1.11, 0.00, 0.00, 0.00, 0.21, 0.00, 0.00, 1.00, 1.00, 1.00, 0.00, 1.00, 0.00, 1.00, 0.00, 1.00, 1.00, 1.00, 0.00, 1.00, 0.00, 0.00, 0.00, 0.00
942,  0,  31.367,  0.98,  1, 0.17, 0.02, 1.37, 0.00, 0.00, 0.08, 0.00, 0.00, 0.00, 1.26, 0.28, 1.06, 0.00, 0.00, 0.00, 0.27, 0.00, 0.00, 1.00, 1.00, 1.00, 0.00, 1.00, 0.00, 1.00, 0.00, 1.00, 1.00, 1.00, 0.00, 1.00, 0.00, 0.00, 0.00, 0.00
943,  0,  31.400,  0.98,  1, 0.17, 0.00, 1.33, 0.00, 0.00, 0.12, 0.00, 0.00, 0.00, 1.13, 0.24, 1.03, 0.00, 0.00, 0.00, 0.33, 0.03, 0.00, 1.00, 1.00, 1.00, 0.00, 1.00, 0.00, 1.00, 0.00, 1.00, 1.00, 1.00, 0.00, 1.00, 0.00, 0.00, 0.00, 0.00
944,  0,  31.433,  0.98,  1, 0.24, 0.00, 1.36, 0.00, 0.00, 0.26, 0.00, 0.00, 0.00, 1.06, 0.29, 1.01, 0.02, 0.00, 0.00, 0.37, 0.03, 0.00, 1.00, 1.00, 1.00, 0.00, 1.00, 0.00, 1.00, 0.00, 1.00, 1.00, 1.00, 0.00, 1.00, 0.00, 0.00, 0.00, 0.00
945,  0,  31.467,  0.98,  1, 0.30, 0.00, 1.44, 0.00, 0.00, 0.53, 0.00, 0.00, 0.00, 1.11, 0.26, 1.01, 0.02, 0.00, 0.00, 0.38, 0.11, 0.00, 1.00, 1.00, 1.00, 0.00, 1.00, 0.00, 1.00, 0.00, 1.00, 1.00, 1.00, 0.00, 1.00, 0.00, 0.00, 0.00, 0.00
946,  0,  31.500,  0.98,  1, 0.32, 0.00, 1.42, 0.00, 0.00, 0.51, 0.00, 0.00, 0.00, 1.15, 0.29, 1.15, 0.02, 0.00, 0.00, 0.30, 0.08, 0.00, 1.00, 1.00, 1.00, 0.00, 1.00, 0.00, 1.00, 0.00, 1.00, 1.00, 1.00, 0.00, 1.00, 0.00, 0.00, 0.00, 0.00
947,  0,  31.533,  0.98,  1, 0.29, 0.00, 1.32, 0.00, 0.00, 0.42, 0.00, 0.00, 0.00, 1.16, 0.29, 1.37, 0.00, 0.00, 0.00, 0.23, 0.08, 0.00, 1.00, 1.00, 1.00, 0.00, 1.00, 0.00, 1.00, 0.00, 1.00, 1.00, 1.00, 0.00, 1.00, 0.00, 0.00, 0.00, 0.00
948,  0,  31.567,  0.98,  1, 0.28, 0.06, 1.26, 0.00, 0.00, 0.45, 0.00, 0.00, 0.00, 1.17, 0.44, 1.39, 0.00, 0.00, 0.00, 0.19, 0.00, 0.00, 1.00, 1.00, 1.00, 0.00, 1.00, 0.00, 1.00, 0.00, 1.00, 1.00, 1.00, 0.00, 1.00, 0.00, 0.00, 0.00, 0.00
949,  0,  31.600,  0.98,  1, 0.29, 0.08, 1.29, 0.00, 0.00, 0.58, 0.00, 0.00, 0.00, 1.26, 0.54, 1.27, 0.00, 0.00, 0.00, 0.22, 0.00, 0.00, 1.00, 1.00, 1.00, 0.00, 1.00, 0.00, 1.00, 0.00, 1.00, 1.00, 1.00, 0.00, 1.00, 0.00, 0.00, 0.00, 0.00
950,  0,  31.633,  0.98,  1, 0.27, 0.08, 1.32, 0.00, 0.00, 0.80, 0.00, 0.00, 0.00, 1.36, 0.49, 1.00, 0.00, 0.00, 0.00, 0.27, 0.00, 0.00, 1.00, 1.00, 1.00, 0.00, 1.00, 0.00, 1.00, 0.00, 1.00, 1.00, 1.00, 0.00, 1.00, 0.00, 0.00, 0.00, 0.00
951,  0,  31.667,  0.98,  1, 0.25, 0.02, 1.31, 0.00, 0.00, 0.72, 0.00, 0.00, 0.00, 1.43, 0.39, 0.95, 0.00, 0.00, 0.00, 0.29, 0.00, 0.00, 1.00, 1.00, 1.00, 0.00, 1.00, 0.00, 1.00, 0.00, 1.00, 1.00, 1.00, 0.00, 1.00, 0.00, 0.00, 0.00, 0.00
952,  0,  31.700,  0.98,  1, 0.26, 0.03, 1.28, 0.00, 0.00, 0.62, 0.00, 0.00, 0.00, 1.38, 0.42, 0.97, 0.00, 0.00, 0.00, 0.29, 0.00, 0.00, 1.00, 1.00, 1.00, 0.00, 1.00, 0.00, 1.00, 0.00, 1.00, 1.00, 1.00, 0.00, 1.00, 0.00, 0.00, 0.00, 0.00
953,  0,  31.733,  0.98,  1, 0.31, 0.03, 1.30, 0.00, 0.00, 0.40, 0.00, 0.00, 0.00, 1.33, 0.52, 1.00, 0.00, 0.00, 0.00, 0.27, 0.00, 0.00, 1.00, 1.00, 1.00, 0.00, 1.00, 0.00, 1.00, 0.00, 1.00, 1.00, 1.00, 0.00, 1.00, 0.00, 0.00, 0.00, 0.00
954,  0,  31.767,  0.98,  1, 0.33, 0.03, 1.32, 0.00, 0.00, 0.27, 0.00, 0.00, 0.00, 1.26, 0.54, 1.03, 0.00, 0.00, 0.00, 0.27, 0.00, 0.00, 1.00, 1.00, 1.00, 0.00, 1.00, 0.00, 1.00, 0.00, 1.00, 1.00, 1.00, 0.00, 1.00, 0.00, 0.00, 0.00, 0.00
955,  0,  31.800,  0.98,  1, 0.34, 0.00, 1.41, 0.00, 0.00, 0.28, 0.00, 0.00, 0.00, 1.31, 0.46, 0.98, 0.00, 0.00, 0.00, 0.31, 0.00, 0.00, 1.00, 1.00, 1.00, 0.00, 1.00, 0.00, 1.00, 0.00, 1.00, 1.00, 1.00, 0.00, 1.00, 0.00, 0.00, 0.00, 0.00
956,  0,  31.833,  0.98,  1, 0.32, 0.00, 1.45, 0.00, 0.00, 0.29, 0.00, 0.00, 0.00, 1.37, 0.43, 0.98, 0.00, 0.00, 0.00, 0.29, 0.00, 0.00, 1.00, 1.00, 1.00, 0.00, 1.00, 0.00, 1.00, 0.00, 1.00, 1.00, 1.00, 0.00, 1.00, 0.00, 0.00, 0.00, 0.00
957,  0,  31.867,  0.98,  1, 0.34, 0.05, 1.50, 0.00, 0.00, 0.24, 0.00, 0.00, 0.00, 1.38, 0.45, 1.00, 0.00, 0.00, 0.00, 0.26, 0.00, 0.00, 1.00, 1.00, 1.00, 0.00, 1.00, 0.00, 1.00, 0.00, 1.00, 1.00, 1.00, 0.00, 1.00, 0.00, 0.00, 0.00, 0.00
958,  0,  31.900,  0.98,  1, 0.26, 0.05, 1.45, 0.00, 0.00, 0.23, 0.00, 0.00, 0.00, 1.28, 0.49, 1.01, 0.00, 0.00, 0.00, 0.20, 0.00, 0.00, 1.00, 1.00, 1.00, 0.00, 1.00, 0.00, 1.00, 0.00, 1.00, 1.00, 1.00, 0.00, 1.00, 0.00, 0.00, 0.00, 0.00
959,  0,  31.933,  0.98,  1, 0.22, 0.05, 1.43, 0.00, 0.00, 0.32, 0.00, 0.00, 0.00, 1.12, 0.59, 1.07, 0.00, 0.00, 0.00, 0.13, 0.00, 0.00, 1.00, 1.00, 1.00, 0.00, 1.00, 0.00, 1.00, 0.00, 1.00, 1.00, 1.00, 0.00, 1.00, 0.00, 0.00, 0.00, 0.00
960,  0,  31.967,  0.98,  1, 0.16, 0.00, 1.36, 0.00, 0.00, 0.30, 0.00, 0.00, 0.00, 1.19, 0.53, 1.15, 0.00, 0.00, 0.00, 0.05, 0.00, 0.00, 1.00, 1.00, 1.00, 0.00, 1.00, 0.00, 1.00, 0.00, 1.00, 1.00, 1.00, 0.00, 1.00, 0.00, 0.00, 0.00, 0.00
961,  0,  32.000,  0.98,  1, 0.20, 0.00, 1.40, 0.00, 0.00, 0.35, 0.00, 0.00, 0.00, 1.36, 0.44, 1.22, 0.00, 0.00, 0.00, 0.00, 0.00, 0.00, 1.00, 1.00, 1.00, 0.00, 1.00, 0.00, 1.00, 0.00, 1.00, 1.00, 1.00, 0.00, 1.00, 0.00, 0.00, 0.00, 0.00
962,  0,  32.033,  0.98,  1, 0.23, 0.00, 1.41, 0.00, 0.00, 0.37, 0.00, 0.00, 0.00, 1.61, 0.30, 1.27, 0.00, 0.00, 0.00, 0.00, 0.00, 0.00, 1.00, 1.00, 1.00, 0.00, 1.00, 0.00, 0.00, 0.00, 1.00, 1.00, 1.00, 0.00, 1.00, 0.00, 0.00, 0.00, 0.00
963,  0,  32.067,  0.98,  1, 0.27, 0.00, 1.42, 0.00, 0.00, 0.54, 0.00, 0.00, 0.00, 1.61, 0.42, 1.26, 0.00, 0.00, 0.00, 0.02, 0.00, 0.00, 1.00, 1.00, 1.00, 0.00, 1.00, 0.00, 1.00, 0.00, 1.00, 1.00, 1.00, 0.00, 1.00, 0.00, 0.00, 0.00, 0.00
964,  0,  32.100,  0.98,  1, 0.29, 0.02, 1.46, 0.00, 0.00, 0.55, 0.00, 0.00, 0.00, 1.65, 0.57, 1.30, 0.00, 0.00, 0.00, 0.04, 0.00, 0.00, 1.00, 1.00, 1.00, 0.00, 1.00, 0.00, 1.00, 0.00, 1.00, 1.00, 1.00, 0.00, 1.00, 0.00, 0.00, 0.00, 0.00
965,  0,  32.133,  0.98,  1, 0.29, 0.01, 1.44, 0.00, 0.00, 0.50, 0.00, 0.00, 0.00, 1.65, 0.68, 1.26, 0.00, 0.00, 0.00, 0.11, 0.00, 0.00, 1.00, 1.00, 1.00, 0.00, 1.00, 0.00, 1.00, 0.00, 1.00, 1.00, 1.00, 0.00, 1.00, 0.00, 0.00, 0.00, 0.00
966,  0,  32.167,  0.98,  1, 0.30, 0.01, 1.46, 0.00, 0.00, 0.43, 0.00, 0.00, 0.00, 1.71, 0.68, 1.25, 0.00, 0.00, 0.00, 0.21, 0.00, 0.00, 1.00, 1.00, 1.00, 0.00, 1.00, 0.00, 1.00, 0.00, 1.00, 1.00, 1.00, 0.00, 1.00, 0.00, 0.00, 0.00, 0.00
967,  0,  32.200,  0.98,  1, 0.33, 0.00, 1.41, 0.00, 0.00, 0.42, 0.00, 0.00, 0.00, 1.72, 0.68, 1.18, 0.00, 0.00, 0.00, 0.27, 0.00, 0.00, 1.00, 1.00, 1.00, 0.00, 1.00, 0.00, 1.00, 0.00, 1.00, 1.00, 1.00, 0.00, 1.00, 0.00, 0.00, 0.00, 0.00
968,  0,  32.233,  0.98,  1, 0.36, 0.00, 1.39, 0.00, 0.00, 0.41, 0.00, 0.00, 0.00, 1.71, 0.73, 1.17, 0.00, 0.00, 0.00, 0.31, 0.00, 0.00, 1.00, 1.00, 1.00, 0.00, 1.00, 0.00, 1.00, 0.00, 1.00, 1.00, 1.00, 0.00, 1.00, 0.00, 0.00, 0.00, 0.00
969,  0,  32.267,  0.98,  1, 0.40, 0.00, 1.39, 0.00, 0.00, 0.49, 0.00, 0.00, 0.00, 1.71, 0.80, 1.15, 0.00, 0.00, 0.00, 0.28, 0.00, 0.00, 1.00, 1.00, 1.00, 0.00, 1.00, 0.00, 1.00, 0.00, 1.00, 1.00, 1.00, 0.00, 1.00, 0.00, 0.00, 0.00, 0.00
970,  0,  32.300,  0.98,  1, 0.38, 0.04, 1.41, 0.00, 0.00, 0.63, 0.00, 0.00, 0.00, 1.56, 0.68, 1.16, 0.00, 0.00, 0.00, 0.24, 0.00, 0.00, 1.00, 1.00, 1.00, 0.00, 1.00, 0.00, 1.00, 0.00, 1.00, 1.00, 1.00, 0.00, 1.00, 0.00, 0.00, 0.00, 0.00
971,  0,  32.333,  0.98,  1, 0.39, 0.12, 1.40, 0.00, 0.00, 0.82, 0.00, 0.00, 0.00, 1.44, 0.51, 1.13, 0.00, 0.00, 0.00, 0.15, 0.00, 0.00, 1.00, 1.00, 1.00, 0.00, 1.00, 0.00, 1.00, 0.00, 1.00, 1.00, 1.00, 0.00, 1.00, 0.00, 0.00, 0.00, 0.00
972,  0,  32.367,  0.98,  1, 0.33, 0.26, 1.37, 0.00, 0.00, 0.98, 0.00, 0.00, 0.00, 1.49, 0.30, 1.10, 0.01, 0.00, 0.00, 0.11, 0.00, 0.00, 1.00, 1.00, 1.00, 0.00, 1.00, 0.00, 1.00, 0.00, 1.00, 1.00, 1.00, 0.00, 1.00, 0.00, 0.00, 0.00, 0.00
973,  0,  32.400,  0.98,  1, 0.31, 0.27, 1.31, 0.00, 0.00, 1.11, 0.00, 0.00, 0.00, 1.61, 0.29, 1.05, 0.01, 0.00, 0.00, 0.14, 0.00, 0.00, 1.00, 1.00, 1.00, 0.00, 1.00, 0.00, 1.00, 0.00, 1.00, 1.00, 1.00, 0.00, 1.00, 0.00, 0.00, 0.00, 0.00
974,  0,  32.433,  0.98,  1, 0.27, 0.24, 1.32, 0.00, 0.00, 1.20, 0.00, 0.00, 0.00, 1.74, 0.32, 1.05, 0.03, 0.00, 0.00, 0.12, 0.00, 0.00, 1.00, 1.00, 1.00, 0.00, 1.00, 0.00, 1.00, 0.00, 1.00, 1.00, 1.00, 0.00, 1.00, 0.00, 0.00, 0.00, 0.00
975,  0,  32.467,  0.98,  1, 0.24, 0.15, 1.34, 0.00, 0.00, 1.16, 0.00, 0.00, 0.00, 1.70, 0.37, 1.02, 0.09, 0.00, 0.00, 0.10, 0.00, 0.00, 1.00, 1.00, 1.00, 0.00, 1.00, 0.00, 1.00, 0.00, 1.00, 1.00, 1.00, 0.00, 1.00, 0.00, 0.00, 0.00, 0.00
976,  0,  32.500,  0.98,  1, 0.25, 0.11, 1.39, 0.00, 0.00, 1.05, 0.00, 0.00, 0.00, 1.68, 0.38, 1.02, 0.09, 0.01, 0.00, 0.06, 0.00, 0.00, 1.00, 1.00, 1.00, 0.00, 1.00, 0.00, 1.00, 0.00, 1.00, 1.00, 1.00, 0.00, 1.00, 0.00, 0.00, 0.00, 0.00
977,  0,  32.533,  0.98,  1, 0.20, 0.10, 1.44, 0.00, 0.00, 0.96, 0.00, 0.00, 0.00, 1.66, 0.37, 1.04, 0.06, 0.01, 0.00, 0.11, 0.00, 0.00, 1.00, 1.00, 1.00, 0.00, 1.00, 0.00, 1.00, 0.00, 1.00, 1.00, 1.00, 0.00, 1.00, 0.00, 0.00, 0.00, 0.00
978,  0,  32.567,  0.98,  1, 0.27, 0.14, 1.47, 0.00, 0.00, 0.82, 0.00, 0.00, 0.00, 1.58, 0.33, 1.05, 0.05, 0.01, 0.00, 0.14, 0.00, 0.00, 1.00, 1.00, 1.00, 0.00, 1.00, 0.00, 1.00, 0.00, 1.00, 1.00, 1.00, 0.00, 1.00, 0.00, 0.00, 0.00, 0.00
979,  0,  32.600,  0.98,  1, 0.29, 0.29, 1.45, 0.00, 0.00, 0.80, 0.00, 0.00, 0.00, 1.58, 0.25, 1.03, 0.11, 0.00, 0.00, 0.14, 0.00, 0.00, 1.00, 1.00, 1.00, 0.00, 1.00, 0.00, 1.00, 0.00, 1.00, 1.00, 1.00, 0.00, 1.00, 0.00, 0.00, 0.00, 0.00
980,  0,  32.633,  0.98,  1, 0.36, 0.34, 1.42, 0.00, 0.00, 0.77, 0.00, 0.00, 0.00, 1.61, 0.21, 1.00, 0.19, 0.00, 0.00, 0.15, 0.00, 0.00, 1.00, 1.00, 1.00, 0.00, 1.00, 0.00, 1.00, 0.00, 1.00, 1.00, 1.00, 0.00, 1.00, 0.00, 0.00, 0.00, 0.00
981,  0,  32.667,  0.98,  1, 0.30, 0.31, 1.46, 0.00, 0.00, 0.83, 0.00, 0.00, 0.00, 1.65, 0.16, 1.03, 0.19, 0.00, 0.00, 0.19, 0.00, 0.00, 1.00, 1.00, 0.00, 0.00, 1.00, 0.00, 1.00, 0.00, 1.00, 1.00, 1.00, 0.00, 1.00, 0.00, 0.00, 0.00, 0.00
982,  0,  32.700,  0.98,  1, 0.30, 0.32, 1.45, 0.00, 0.00, 0.77, 0.00, 0.00, 0.00, 1.66, 0.20, 1.11, 0.12, 0.00, 0.00, 0.31, 0.00, 0.00, 1.00, 1.00, 0.00, 0.00, 1.00, 0.00, 1.00, 0.00, 1.00, 1.00, 1.00, 0.00, 1.00, 0.00, 0.00, 0.00, 0.00
983,  0,  32.733,  0.98,  1, 0.32, 0.50, 1.40, 0.00, 0.00, 0.70, 0.00, 0.00, 0.00, 1.59, 0.26, 1.16, 0.15, 0.00, 0.00, 0.25, 0.00, 0.00, 1.00, 1.00, 0.00, 0.00, 1.00, 0.00, 1.00, 0.00, 1.00, 1.00, 1.00, 0.00, 1.00, 0.00, 0.00, 0.00, 0.00
984,  0,  32.767,  0.98,  1, 0.37, 0.51, 1.34, 0.00, 0.00, 0.71, 0.00, 0.00, 0.00, 1.59, 0.39, 1.22, 0.11, 0.03, 0.00, 0.27, 0.00, 0.00, 1.00, 1.00, 1.00, 0.00, 1.00, 0.00, 1.00, 0.00, 1.00, 1.00, 1.00, 0.00, 1.00, 0.00, 0.00, 0.00, 0.00
985,  0,  32.800,  0.98,  1, 0.37, 0.38, 1.36, 0.00, 0.00, 0.81, 0.00, 0.00, 0.00, 1.58, 0.46, 1.22, 0.11, 0.03, 0.00, 0.20, 0.00, 0.00, 1.00, 1.00, 1.00, 0.00, 1.00, 0.00, 0.00, 0.00, 1.00, 1.00, 1.00, 0.00, 1.00, 0.00, 0.00, 0.00, 0.00
986,  0,  32.833,  0.98,  1, 0.35, 0.17, 1.43, 0.00, 0.00, 0.87, 0.00, 0.00, 0.00, 1.60, 0.45, 1.28, 0.00, 0.03, 0.00, 0.36, 0.00, 0.00, 1.00, 1.00, 1.00, 0.00, 1.00, 0.00, 0.00, 0.00, 1.00, 1.00, 1.00, 0.00, 1.00, 0.00, 0.00, 0.00, 0.00
987,  0,  32.867,  0.98,  1, 0.36, 0.18, 1.44, 0.00, 0.00, 0.95, 0.00, 0.00, 0.01, 1.57, 0.42, 1.25, 0.00, 0.00, 0.00, 0.32, 0.00, 0.00, 1.00, 1.00, 1.00, 0.00, 1.00, 0.00, 0.00, 0.00, 1.00, 1.00, 1.00, 0.00, 1.00, 0.00, 0.00, 0.00, 0.00
988,  0,  32.900,  0.98,  1, 0.38, 0.21, 1.46, 0.00, 0.01, 1.01, 0.00, 0.00, 0.01, 1.57, 0.30, 1.27, 0.00, 0.00, 0.00, 0.37, 0.00, 0.00, 1.00, 1.00, 1.00, 0.00, 1.00, 0.00, 1.00, 0.00, 1.00, 1.00, 1.00, 0.00, 1.00, 0.00, 0.00, 0.00, 0.00
989,  0,  32.933,  0.98,  1, 0.39, 0.21, 1.46, 0.00, 0.01, 1.10, 0.00, 0.00, 0.01, 1.55, 0.23, 1.29, 0.00, 0.00, 0.00, 0.29, 0.00, 0.00, 1.00, 1.00, 1.00, 0.00, 1.00, 0.00, 1.00, 0.00, 1.00, 1.00, 1.00, 0.00, 1.00, 0.00, 0.00, 0.00, 0.00
990,  0,  32.967,  0.98,  1, 0.35, 0.15, 1.44, 0.00, 0.01, 1.02, 0.00, 0.00, 0.01, 1.54, 0.22, 1.38, 0.00, 0.01, 0.00, 0.31, 0.00, 0.00, 1.00, 1.00, 1.00, 0.00, 1.00, 0.00, 1.00, 0.00, 1.00, 1.00, 1.00, 0.00, 1.00, 0.00, 0.00, 0.00, 0.00
991,  0,  33.000,  0.98,  1, 0.33, 0.10, 1.40, 0.00, 0.00, 0.95, 0.00, 0.00, 0.01, 1.47, 0.36, 1.44, 0.00, 0.03, 0.00, 0.28, 0.00, 0.00, 1.00, 1.00, 1.00, 0.00, 1.00, 0.00, 1.00, 0.00, 1.00, 1.00, 1.00, 0.00, 1.00, 0.00, 0.00, 0.00, 0.00
992,  0,  33.033,  0.98,  1, 0.29, 0.16, 1.35, 0.00, 0.00, 0.86, 0.00, 0.00, 0.02, 1.34, 0.45, 1.50, 0.00, 0.03, 0.00, 0.37, 0.00, 0.00, 1.00, 1.00, 1.00, 0.00, 1.00, 0.00, 1.00, 0.00, 1.00, 1.00, 1.00, 0.00, 1.00, 0.00, 0.00, 0.00, 0.00
993,  0,  33.067,  0.98,  1, 0.26, 0.18, 1.35, 0.00, 0.00, 0.95, 0.00, 0.00, 0.03, 1.24, 0.51, 1.45, 0.00, 0.02, 0.00, 0.43, 0.00, 0.00, 1.00, 1.00, 1.00, 0.00, 1.00, 0.00, 1.00, 0.00, 1.00, 1.00, 1.00, 0.00, 1.00, 0.00, 0.00, 0.00, 0.00
994,  0,  33.100,  0.98,  1, 0.19, 0.17, 1.32, 0.00, 0.00, 0.91, 0.00, 0.00, 0.03, 1.11, 0.55, 1.29, 0.00, 0.01, 0.00, 0.45, 0.00, 0.00, 1.00, 1.00, 1.00, 0.00, 1.00, 0.00, 1.00, 0.00, 1.00, 1.00, 1.00, 0.00, 1.00, 0.00, 0.00, 0.00, 0.00
995,  0,  33.133,  0.98,  1, 0.18, 0.04, 1.29, 0.00, 0.00, 0.98, 0.00, 0.00, 0.02, 1.03, 0.56, 1.21, 0.00, 0.00, 0.00, 0.39, 0.00, 0.00, 1.00, 1.00, 1.00, 0.00, 1.00, 0.00, 1.00, 0.00, 1.00, 1.00, 1.00, 0.00, 1.00, 0.00, 0.00, 0.00, 0.00
996,  0,  33.167,  0.98,  1, 0.22, 0.00, 1.23, 0.00, 0.00, 0.85, 0.00, 0.00, 0.00, 0.99, 0.37, 1.10, 0.00, 0.00, 0.00, 0.24, 0.00, 0.00, 1.00, 1.00, 0.00, 0.00, 1.00, 0.00, 1.00, 0.00, 1.00, 1.00, 1.00, 0.00, 1.00, 0.00, 0.00, 0.00, 0.00
997,  0,  33.200,  0.98,  1, 0.33, 0.08, 1.18, 0.00, 0.00, 0.79, 0.00, 0.00, 0.00, 0.99, 0.20, 1.03, 0.00, 0.00, 0.00, 0.19, 0.00, 0.00, 1.00, 1.00, 0.00, 0.00, 1.00, 0.00, 1.00, 0.00, 1.00, 1.00, 1.00, 0.00, 1.00, 0.00, 0.00, 0.00, 0.00
998,  0,  33.233,  0.98,  1, 0.38, 0.11, 1.22, 0.00, 0.01, 0.70, 0.00, 0.00, 0.00, 1.03, 0.07, 0.90, 0.00, 0.00, 0.00, 0.10, 0.00, 0.00, 1.00, 1.00, 1.00, 0.00, 1.00, 0.00, 1.00, 0.00, 1.00, 1.00, 1.00, 0.00, 1.00, 0.00, 0.00, 0.00, 0.00
999,  0,  33.267,  0.98,  1, 0.42, 0.11, 1.24, 0.00, 0.01, 0.73, 0.00, 0.00, 0.00, 1.07, 0.16, 0.79, 0.00, 0.00, 0.00, 0.07, 0.00, 0.00, 1.00, 1.00, 1.00, 0.00, 1.00, 0.00, 1.00, 0.00, 1.00, 1.00, 0.00, 0.00, 1.00, 0.00, 0.00, 0.00, 0.00
1000,  0,  33.300,  0.98,  1, 0.38, 0.17, 1.29, 0.00, 0.01, 0.84, 0.00, 0.00, 0.00, 1.15, 0.13, 0.78, 0.00, 0.00, 0.00, 0.05, 0.00, 0.00, 1.00, 1.00, 1.00, 0.00, 1.00, 0.00, 1.00, 0.00, 1.00, 1.00, 0.00, 0.00, 1.00, 0.00, 0.00, 0.00, 0.00
1001,  0,  33.333,  0.98,  1, 0.44, 0.35, 1.29, 0.00, 0.01, 0.82, 0.00, 0.00, 0.00, 1.23, 0.14, 0.71, 0.00, 0.00, 0.00, 0.08, 0.00, 0.00, 1.00, 1.00, 1.00, 0.00, 1.00, 0.00, 1.00, 0.00, 1.00, 1.00, 0.00, 0.00, 1.00, 0.00, 0.00, 0.00, 0.00
1002,  0,  33.367,  0.98,  1, 0.46, 0.51, 1.34, 0.00, 0.00, 0.82, 0.00, 0.00, 0.00, 1.27, 0.06, 0.73, 0.00, 0.00, 0.00, 0.10, 0.00, 0.00, 1.00, 1.00, 1.00, 0.00, 1.00, 0.00, 1.00, 0.00, 1.00, 1.00, 0.00, 0.00, 1.00, 0.00, 0.00, 0.00, 0.00
1003,  0,  33.400,  0.98,  1, 0.55, 0.37, 1.47, 0.00, 0.01, 0.94, 0.00, 0.00, 0.00, 1.25, 0.16, 0.72, 0.00, 0.00, 0.00, 0.15, 0.01, 0.00, 1.00, 1.00, 1.00, 0.00, 1.00, 0.00, 1.00, 0.00, 1.00, 1.00, 0.00, 0.00, 0.00, 0.00, 0.00, 0.00, 0.00
1004,  0,  33.433,  0.98,  1, 0.43, 0.16, 1.53, 0.00, 0.01, 0.94, 0.00, 0.00, 0.00, 1.29, 0.26, 0.78, 0.00, 0.00, 0.00, 0.12, 0.45, 0.00, 1.00, 1.00, 1.00, 0.00, 1.00, 0.00, 1.00, 0.00, 1.00, 1.00, 1.00, 0.00, 0.00, 0.00, 0.00, 0.00, 1.00
1005,  0,  33.467,  0.98,  1, 0.35, 0.00, 1.65, 0.00, 0.01, 0.84, 0.00, 0.00, 0.00, 1.34, 0.49, 0.81, 0.03, 0.00, 0.00, 0.11, 1.06, 0.00, 1.00, 1.00, 0.00, 0.00, 1.00, 0.00, 1.00, 0.00, 1.00, 1.00, 1.00, 0.00, 0.00, 0.00, 0.00, 0.00, 1.00
1006,  0,  33.500,  0.98,  1, 0.25, 0.00, 1.58, 0.00, 0.01, 0.68, 0.00, 0.00, 0.00, 1.38, 0.47, 0.86, 0.08, 0.00, 0.00, 0.17, 1.63, 0.00, 1.00, 1.00, 0.00, 0.00, 1.00, 0.00, 1.00, 0.00, 1.00, 1.00, 1.00, 0.00, 0.00, 0.00, 0.00, 0.00, 1.00
1007,  0,  33.533,  0.98,  1, 0.27, 0.00, 1.54, 0.00, 0.01, 0.78, 0.00, 0.00, 0.00, 1.28, 0.46, 0.86, 0.08, 0.00, 0.00, 0.23, 1.56, 0.00, 1.00, 1.00, 0.00, 0.00, 1.00, 0.00, 1.00, 0.00, 1.00, 1.00, 0.00, 0.00, 0.00, 0.00, 0.00, 0.00, 1.00
1008,  0,  33.567,  0.98,  1, 0.24, 0.00, 1.39, 0.00, 0.04, 0.84, 0.00, 0.00, 0.00, 1.18, 0.27, 0.85, 0.15, 0.00, 0.00, 0.34, 1.22, 0.00, 1.00, 1.00, 0.00, 0.00, 1.00, 0.00, 1.00, 0.00, 1.00, 1.00, 0.00, 0.00, 0.00, 0.00, 0.00, 0.00, 1.00
1009,  0,  33.600,  0.98,  1, 0.19, 0.00, 1.36, 0.00, 0.03, 1.11, 0.00, 0.00, 0.00, 1.14, 0.24, 0.80, 0.15, 0.00, 0.00, 0.36, 0.76, 0.00, 1.00, 1.00, 0.00, 0.00, 1.00, 0.00, 1.00, 0.00, 1.00, 1.00, 0.00, 0.00, 1.00, 0.00, 0.00, 0.00, 1.00
1010,  0,  33.633,  0.98,  1, 0.18, 0.00, 1.40, 0.00, 0.05, 1.34, 0.00, 0.00, 0.00, 1.23, 0.19, 0.81, 0.17, 0.00, 0.00, 0.38, 0.40, 0.00, 1.00, 1.00, 0.00, 0.00, 1.00, 0.00, 1.00, 0.00, 1.00, 1.00, 0.00, 0.00, 1.00, 0.00, 0.00, 0.00, 1.00
1011,  0,  33.667,  0.98,  1, 0.20, 0.00, 1.48, 0.00, 0.03, 1.53, 0.00, 0.00, 0.00, 1.33, 0.24, 0.90, 0.06, 0.00, 0.00, 0.36, 0.13, 0.00, 1.00, 1.00, 0.00, 0.00, 1.00, 0.00, 1.00, 0.00, 1.00, 1.00, 0.00, 0.00, 1.00, 0.00, 0.00, 0.00, 0.00
1012,  0,  33.700,  0.98,  1, 0.24, 0.00, 1.49, 0.00, 0.03, 1.28, 0.00, 0.00, 0.00, 1.42, 0.24, 1.00, 0.02, 0.00, 0.00, 0.32, 0.02, 0.00, 1.00, 1.00, 0.00, 0.00, 1.00, 0.00, 1.00, 0.00, 1.00, 1.00, 1.00, 0.00, 1.00, 0.00, 0.00, 0.00, 0.00
1013,  0,  33.733,  0.98,  1, 0.24, 0.00, 1.42, 0.00, 0.00, 1.08, 0.00, 0.00, 0.00, 1.38, 0.18, 1.09, 0.00, 0.00, 0.00, 0.36, 0.00, 0.00, 1.00, 1.00, 0.00, 0.00, 1.00, 0.00, 1.00, 0.00, 1.00, 1.00, 1.00, 0.00, 1.00, 0.00, 0.00, 0.00, 0.00
1014,  0,  33.767,  0.98,  1, 0.29, 0.00, 1.37, 0.00, 0.00, 1.02, 0.00, 0.00, 0.00, 1.32, 0.08, 1.05, 0.00, 0.00, 0.00, 0.39, 0.00, 0.00, 1.00, 1.00, 0.00, 0.00, 1.00, 0.00, 1.00, 0.00, 1.00, 1.00, 1.00, 0.00, 1.00, 0.00, 0.00, 0.00, 0.00
1015,  0,  33.800,  0.98,  1, 0.31, 0.00, 1.32, 0.00, 0.00, 1.14, 0.00, 0.00, 0.00, 1.27, 0.01, 1.03, 0.00, 0.00, 0.00, 0.39, 0.00, 0.00, 1.00, 1.00, 0.00, 0.00, 1.00, 0.00, 1.00, 0.00, 1.00, 1.00, 1.00, 0.00, 1.00, 0.00, 0.00, 0.00, 0.00
1016,  0,  33.833,  0.98,  1, 0.35, 0.00, 1.33, 0.00, 0.00, 1.14, 0.00, 0.00, 0.00, 1.31, 0.02, 0.99, 0.00, 0.00, 0.00, 0.35, 0.00, 0.00, 1.00, 1.00, 0.00, 0.00, 1.00, 0.00, 1.00, 0.00, 1.00, 1.00, 1.00, 0.00, 1.00, 0.00, 0.00, 0.00, 0.00
1017,  0,  33.867,  0.98,  1, 0.34, 0.00, 1.34, 0.00, 0.00, 1.18, 0.00, 0.00, 0.00, 1.33, 0.05, 1.00, 0.00, 0.00, 0.00, 0.30, 0.00, 0.00, 1.00, 1.00, 0.00, 0.00, 1.00, 0.00, 1.00, 0.00, 1.00, 1.00, 1.00, 0.00, 1.00, 0.00, 0.00, 0.00, 0.00
1018,  0,  33.900,  0.98,  1, 0.34, 0.00, 1.31, 0.00, 0.00, 1.12, 0.00, 0.00, 0.00, 1.21, 0.05, 0.96, 0.00, 0.00, 0.00, 0.32, 0.00, 0.00, 1.00, 1.00, 0.00, 0.00, 1.00, 0.00, 0.00, 0.00, 1.00, 1.00, 1.00, 0.00, 1.00, 0.00, 0.00, 0.00, 0.00
1019,  0,  33.933,  0.98,  1, 0.35, 0.00, 1.26, 0.00, 0.00, 1.08, 0.00, 0.00, 0.00, 1.12, 0.03, 0.84, 0.00, 0.00, 0.00, 0.31, 0.00, 0.00, 1.00, 1.00, 0.00, 0.00, 1.00, 0.00, 0.00, 0.00, 1.00, 1.00, 1.00, 0.00, 1.00, 0.00, 0.00, 0.00, 0.00
1020,  0,  33.967,  0.98,  1, 0.28, 0.00, 1.20, 0.00, 0.00, 0.99, 0.00, 0.00, 0.00, 1.08, 0.11, 0.83, 0.00, 0.00, 0.00, 0.27, 0.00, 0.00, 1.00, 1.00, 0.00, 0.00, 1.00, 0.00, 0.00, 0.00, 1.00, 1.00, 1.00, 0.00, 1.00, 0.00, 0.00, 0.00, 0.00
1021,  0,  34.000,  0.98,  1, 0.22, 0.01, 1.22, 0.00, 0.00, 1.00, 0.00, 0.00, 0.00, 1.15, 0.18, 0.93, 0.00, 0.00, 0.00, 0.19, 0.00, 0.00, 1.00, 1.00, 0.00, 0.00, 1.00, 0.00, 0.00, 0.00, 1.00, 1.00, 1.00, 0.00, 1.00, 0.00, 0.00, 0.00, 0.00
1022,  0,  34.033,  0.98,  1, 0.14, 0.01, 1.25, 0.00, 0.00, 1.05, 0.00, 0.00, 0.00, 1.24, 0.29, 1.05, 0.00, 0.00, 0.00, 0.10, 0.00, 0.00, 1.00, 1.00, 0.00, 0.00, 1.00, 0.00, 0.00, 0.00, 1.00, 1.00, 1.00, 0.00, 1.00, 0.00, 0.00, 0.00, 0.00
1023,  0,  34.067,  0.98,  1, 0.12, 0.01, 1.26, 0.00, 0.00, 1.06, 0.00, 0.00, 0.00, 1.31, 0.26, 1.11, 0.00, 0.00, 0.00, 0.05, 0.00, 0.00, 1.00, 1.00, 0.00, 0.00, 1.00, 0.00, 0.00, 0.00, 1.00, 1.00, 1.00, 0.00, 1.00, 0.00, 0.00, 0.00, 0.00
1024,  0,  34.100,  0.98,  1, 0.09, 0.00, 1.25, 0.00, 0.00, 1.05, 0.00, 0.00, 0.00, 1.41, 0.27, 1.05, 0.00, 0.00, 0.00, 0.00, 0.00, 0.00, 1.00, 1.00, 0.00, 0.00, 1.00, 0.00, 0.00, 0.00, 1.00, 1.00, 1.00, 0.00, 1.00, 0.00, 0.00, 0.00, 0.00
1025,  0,  34.133,  0.98,  1, 0.04, 0.00, 1.22, 0.00, 0.00, 0.96, 0.00, 0.00, 0.00, 1.46, 0.16, 1.00, 0.00, 0.00, 0.00, 0.05, 0.00, 0.00, 1.00, 1.00, 1.00, 0.00, 1.00, 0.00, 0.00, 0.00, 1.00, 1.00, 1.00, 0.00, 1.00, 0.00, 0.00, 0.00, 0.00
1026,  0,  34.167,  0.98,  1, 0.01, 0.00, 1.21, 0.00, 0.00, 0.97, 0.00, 0.00, 0.00, 1.46, 0.09, 0.93, 0.00, 0.00, 0.00, 0.09, 0.00, 0.00, 1.00, 1.00, 1.00, 0.00, 1.00, 0.00, 0.00, 0.00, 1.00, 1.00, 1.00, 0.00, 1.00, 0.00, 0.00, 0.00, 0.00
1027,  0,  34.200,  0.98,  1, 0.00, 0.00, 1.20, 0.00, 0.00, 0.87, 0.00, 0.00, 0.00, 1.43, 0.01, 0.97, 0.00, 0.00, 0.00, 0.20, 0.00, 0.00, 1.00, 1.00, 1.00, 0.00, 1.00, 0.00, 0.00, 0.00, 1.00, 1.00, 1.00, 0.00, 1.00, 0.00, 0.00, 0.00, 0.00
1028,  0,  34.233,  0.98,  1, 0.01, 0.01, 1.24, 0.00, 0.00, 0.85, 0.00, 0.00, 0.00, 1.42, 0.05, 1.02, 0.00, 0.00, 0.00, 0.25, 0.00, 0.00, 1.00, 1.00, 1.00, 0.00, 1.00, 0.00, 0.00, 0.00, 1.00, 1.00, 1.00, 0.00, 1.00, 0.00, 0.00, 0.00, 0.00
1029,  0,  34.267,  0.98,  1, 0.03, 0.01, 1.29, 0.00, 0.00, 0.85, 0.00, 0.00, 0.00, 1.43, 0.13, 1.05, 0.00, 0.00, 0.00, 0.32, 0.00, 0.00, 1.00, 1.00, 1.00, 0.00, 1.00, 0.00, 0.00, 0.00, 1.00, 1.00, 1.00, 0.00, 1.00, 0.00, 0.00, 0.00, 0.00
1030,  0,  34.300,  0.98,  1, 0.15, 0.01, 1.36, 0.00, 0.00, 0.79, 0.00, 0.00, 0.00, 1.48, 0.16, 1.00, 0.00, 0.00, 0.00, 0.27, 0.00, 0.00, 1.00, 1.00, 1.00, 0.00, 1.00, 0.00, 0.00, 0.00, 1.00, 1.00, 1.00, 0.00, 1.00, 0.00, 0.00, 0.00, 0.00
1031,  0,  34.333,  0.98,  1, 0.20, 0.00, 1.45, 0.00, 0.00, 0.82, 0.00, 0.00, 0.00, 1.46, 0.13, 0.98, 0.03, 0.00, 0.00, 0.27, 0.00, 0.00, 1.00, 1.00, 1.00, 0.00, 1.00, 0.00, 0.00, 0.00, 1.00, 1.00, 1.00, 0.00, 1.00, 0.00, 0.00, 0.00, 0.00
1032,  0,  34.367,  0.98,  1, 0.32, 0.03, 1.40, 0.00, 0.00, 0.69, 0.00, 0.00, 0.00, 1.41, 0.11, 0.95, 0.03, 0.00, 0.00, 0.17, 0.00, 0.00, 1.00, 1.00, 1.00, 0.00, 1.00, 0.00, 0.00, 0.00, 1.00, 1.00, 1.00, 0.00, 1.00, 0.00, 0.00, 0.00, 0.00
1033,  0,  34.400,  0.98,  1, 0.34, 0.14, 1.36, 0.00, 0.00, 0.58, 0.00, 0.00, 0.00, 1.48, 0.25, 0.94, 0.03, 0.00, 0.00, 0.12, 0.00, 0.00, 1.00, 1.00, 1.00, 0.00, 1.00, 0.00, 0.00, 0.00, 1.00, 1.00, 1.00, 0.00, 1.00, 0.00, 0.00, 0.00, 0.00
1034,  0,  34.433,  0.98,  1, 0.41, 0.17, 1.28, 0.00, 0.00, 0.45, 0.00, 0.00, 0.00, 1.56, 0.35, 0.89, 0.00, 0.00, 0.00, 0.01, 0.00, 0.00, 1.00, 1.00, 1.00, 0.00, 1.00, 0.00, 0.00, 0.00, 1.00, 1.00, 1.00, 0.00, 1.00, 0.00, 0.00, 0.00, 0.00
1035,  0,  34.467,  0.98,  1, 0.41, 0.20, 1.33, 0.00, 0.00, 0.34, 0.00, 0.00, 0.00, 1.67, 0.42, 0.88, 0.00, 0.00, 0.00, 0.01, 0.00, 0.00, 1.00, 1.00, 1.00, 0.00, 1.00, 0.00, 0.00, 0.00, 1.00, 1.00, 1.00, 0.00, 1.00, 0.00, 0.00, 0.00, 0.00
1036,  0,  34.500,  0.98,  1, 0.40, 0.09, 1.39, 0.00, 0.00, 0.36, 0.00, 0.00, 0.00, 1.63, 0.39, 0.89, 0.00, 0.00, 0.00, 0.01, 0.00, 0.00, 1.00, 1.00, 1.00, 0.00, 1.00, 0.00, 0.00, 0.00, 1.00, 1.00, 1.00, 0.00, 1.00, 0.00, 0.00, 0.00, 0.00
1037,  0,  34.533,  0.98,  1, 0.40, 0.07, 1.44, 0.00, 0.00, 0.20, 0.00, 0.00, 0.00, 1.65, 0.39, 0.94, 0.00, 0.00, 0.00, 0.02, 0.00, 0.00, 1.00, 1.00, 1.00, 0.00, 1.00, 0.00, 0.00, 0.00, 1.00, 1.00, 1.00, 0.00, 1.00, 0.00, 0.00, 0.00, 0.00
1038,  0,  34.567,  0.98,  1, 0.36, 0.06, 1.44, 0.00, 0.00, 0.10, 0.00, 0.00, 0.00, 1.58, 0.38, 0.96, 0.00, 0.00, 0.00, 0.05, 0.00, 0.00, 1.00, 1.00, 1.00, 0.00, 1.00, 0.00, 0.00, 0.00, 1.00, 1.00, 1.00, 0.00, 1.00, 0.00, 0.00, 0.00, 0.00
1039,  0,  34.600,  0.98,  1, 0.36, 0.07, 1.45, 0.00, 0.00, 0.00, 0.00, 0.00, 0.00, 1.57, 0.32, 0.96, 0.00, 0.00, 0.00, 0.10, 0.00, 0.00, 1.00, 1.00, 1.00, 0.00, 1.00, 0.00, 0.00, 0.00, 1.00, 1.00, 1.00, 0.00, 1.00, 0.00, 0.00, 0.00, 0.00
1040,  0,  34.633,  0.98,  1, 0.37, 0.13, 1.41, 0.00, 0.00, 0.17, 0.00, 0.00, 0.00, 1.61, 0.30, 0.95, 0.00, 0.00, 0.00, 0.13, 0.00, 0.00, 1.00, 1.00, 1.00, 0.00, 1.00, 0.00, 0.00, 0.00, 1.00, 1.00, 1.00, 0.00, 1.00, 0.00, 0.00, 0.00, 0.00
1041,  0,  34.667,  0.98,  1, 0.41, 0.07, 1.42, 0.00, 0.00, 0.44, 0.00, 0.00, 0.00, 1.70, 0.27, 0.96, 0.00, 0.00, 0.00, 0.11, 0.00, 0.00, 1.00, 1.00, 1.00, 0.00, 1.00, 0.00, 0.00, 0.00, 1.00, 1.00, 1.00, 0.00, 1.00, 0.00, 0.00, 0.00, 0.00
1042,  0,  34.700,  0.98,  1, 0.38, 0.08, 1.41, 0.00, 0.00, 0.73, 0.00, 0.00, 0.00, 1.67, 0.21, 0.91, 0.00, 0.00, 0.00, 0.06, 0.00, 0.00, 1.00, 1.00, 1.00, 0.00, 1.00, 0.00, 0.00, 0.00, 1.00, 1.00, 1.00, 0.00, 1.00, 0.00, 0.00, 0.00, 0.00
1043,  0,  34.733,  0.98,  1, 0.36, 0.03, 1.44, 0.00, 0.00, 0.87, 0.00, 0.00, 0.00, 1.59, 0.18, 0.88, 0.00, 0.00, 0.00, 0.02, 0.00, 0.00, 1.00, 1.00, 1.00, 0.00, 1.00, 0.00, 1.00, 0.00, 1.00, 1.00, 1.00, 0.00, 1.00, 0.00, 0.00, 0.00, 0.00
1044,  0,  34.767,  0.98,  1, 0.33, 0.05, 1.47, 0.00, 0.00, 0.80, 0.00, 0.00, 0.00, 1.53, 0.08, 0.88, 0.00, 0.00, 0.00, 0.00, 0.00, 0.00, 1.00, 1.00, 1.00, 0.00, 1.00, 0.00, 1.00, 0.00, 1.00, 1.00, 1.00, 0.00, 1.00, 0.00, 0.00, 0.00, 0.00
1045,  0,  34.800,  0.98,  1, 0.39, 0.08, 1.49, 0.00, 0.00, 0.63, 0.00, 0.00, 0.00, 1.46, 0.06, 0.92, 0.01, 0.00, 0.00, 0.00, 0.00, 0.00, 1.00, 1.00, 1.00, 0.00, 1.00, 0.00, 1.00, 0.00, 1.00, 1.00, 1.00, 0.00, 1.00, 0.00, 0.00, 0.00, 0.00
1046,  0,  34.833,  0.98,  1, 0.51, 0.18, 1.54, 0.00, 0.00, 0.54, 0.00, 0.00, 0.00, 1.36, 0.00, 0.90, 0.03, 0.00, 0.00, 0.00, 0.00, 0.00, 1.00, 1.00, 1.00, 0.00, 1.00, 0.00, 1.00, 0.00, 1.00, 1.00, 1.00, 0.00, 1.00, 0.00, 0.00, 0.00, 0.00
1047,  0,  34.867,  0.98,  1, 0.62, 0.30, 1.49, 0.00, 0.00, 0.50, 0.00, 0.00, 0.00, 1.27, 0.02, 0.93, 0.06, 0.00, 0.00, 0.00, 0.00, 0.00, 1.00, 1.00, 1.00, 0.00, 1.00, 0.00, 1.00, 0.00, 1.00, 1.00, 1.00, 0.00, 1.00, 0.00, 0.00, 0.00, 0.00
1048,  0,  34.900,  0.98,  1, 0.65, 0.35, 1.46, 0.00, 0.00, 0.54, 0.00, 0.00, 0.00, 1.32, 0.02, 0.93, 0.04, 0.00, 0.00, 0.00, 0.00, 0.00, 1.00, 1.00, 1.00, 0.00, 1.00, 0.00, 1.00, 0.00, 1.00, 1.00, 1.00, 0.00, 1.00, 0.00, 0.00, 0.00, 0.00
1049,  0,  34.933,  0.98,  1, 0.58, 0.25, 1.39, 0.00, 0.00, 0.53, 0.00, 0.00, 0.00, 1.32, 0.06, 0.90, 0.03, 0.00, 0.00, 0.00, 0.00, 0.00, 1.00, 1.00, 1.00, 0.00, 1.00, 0.00, 1.00, 0.00, 1.00, 1.00, 1.00, 0.00, 1.00, 0.00, 0.00, 0.00, 0.00
1050,  0,  34.967,  0.98,  1, 0.55, 0.14, 1.40, 0.00, 0.00, 0.59, 0.00, 0.00, 0.00, 1.35, 0.06, 0.79, 0.00, 0.00, 0.00, 0.00, 0.00, 0.00, 1.00, 1.00, 1.00, 0.00, 1.00, 0.00, 1.00, 0.00, 1.00, 1.00, 1.00, 0.00, 1.00, 0.00, 0.00, 0.00, 0.00
1051,  0,  35.000,  0.98,  1, 0.52, 0.04, 1.41, 0.00, 0.00, 0.60, 0.00, 0.00, 0.00, 1.38, 0.06, 0.76, 0.00, 0.00, 0.00, 0.00, 0.00, 0.00, 1.00, 1.00, 1.00, 0.00, 1.00, 0.00, 1.00, 0.00, 1.00, 1.00, 1.00, 0.00, 1.00, 0.00, 0.00, 0.00, 0.00
1052,  0,  35.033,  0.98,  1, 0.52, 0.15, 1.42, 0.00, 0.00, 0.72, 0.00, 0.00, 0.00, 1.55, 0.02, 0.74, 0.00, 0.00, 0.00, 0.00, 0.00, 0.00, 1.00, 1.00, 1.00, 0.00, 1.00, 0.00, 1.00, 0.00, 1.00, 1.00, 1.00, 0.00, 1.00, 0.00, 0.00, 0.00, 0.00
1053,  0,  35.067,  0.98,  1, 0.46, 0.12, 1.45, 0.00, 0.00, 0.83, 0.00, 0.00, 0.00, 1.66, 0.00, 0.76, 0.04, 0.00, 0.00, 0.00, 0.00, 0.00, 1.00, 1.00, 1.00, 0.00, 1.00, 0.00, 1.00, 0.00, 1.00, 1.00, 1.00, 0.00, 1.00, 0.00, 0.00, 0.00, 0.00
1054,  0,  35.100,  0.98,  1, 0.42, 0.21, 1.47, 0.00, 0.00, 1.10, 0.00, 0.00, 0.00, 1.64, 0.00, 0.83, 0.04, 0.00, 0.00, 0.00, 0.00, 0.00, 1.00, 1.00, 1.00, 0.00, 1.00, 0.00, 1.00, 0.00, 1.00, 1.00, 1.00, 0.00, 1.00, 0.00, 0.00, 0.00, 0.00
1055,  0,  35.133,  0.98,  1, 0.36, 0.16, 1.51, 0.00, 0.02, 1.22, 0.00, 0.00, 0.00, 1.59, 0.00, 0.88, 0.04, 0.00, 0.00, 0.00, 0.00, 0.00, 1.00, 1.00, 1.00, 0.00, 1.00, 0.00, 1.00, 0.00, 1.00, 1.00, 1.00, 0.00, 1.00, 0.00, 0.00, 0.00, 0.00
1056,  0,  35.167,  0.98,  1, 0.27, 0.16, 1.45, 0.00, 0.08, 1.22, 0.00, 0.00, 0.00, 1.46, 0.00, 0.83, 0.00, 0.01, 0.00, 0.00, 0.00, 0.00, 1.00, 1.00, 1.00, 0.00, 1.00, 0.00, 1.00, 0.00, 1.00, 1.00, 1.00, 0.00, 1.00, 0.00, 0.00, 0.00, 0.00
1057,  0,  35.200,  0.98,  1, 0.29, 0.07, 1.41, 0.00, 0.14, 1.15, 0.00, 0.00, 0.00, 1.48, 0.00, 0.74, 0.00, 0.02, 0.00, 0.00, 0.00, 0.00, 1.00, 1.00, 1.00, 0.00, 1.00, 0.00, 1.00, 0.00, 1.00, 1.00, 1.00, 0.00, 1.00, 0.00, 0.00, 0.00, 0.00
1058,  0,  35.233,  0.98,  1, 0.27, 0.00, 1.36, 0.00, 0.15, 1.07, 0.00, 0.00, 0.00, 1.42, 0.00, 0.65, 0.00, 0.05, 0.00, 0.00, 0.00, 0.00, 1.00, 1.00, 1.00, 0.00, 1.00, 0.00, 1.00, 0.00, 1.00, 1.00, 0.00, 0.00, 1.00, 0.00, 0.00, 0.00, 0.00
1059,  0,  35.267,  0.98,  1, 0.35, 0.01, 1.43, 0.00, 0.14, 1.03, 0.00, 0.00, 0.00, 1.51, 0.00, 0.65, 0.00, 0.04, 0.00, 0.00, 0.00, 0.00, 1.00, 1.00, 1.00, 0.00, 1.00, 0.00, 1.00, 0.00, 1.00, 0.00, 0.00, 0.00, 1.00, 0.00, 0.00, 0.00, 0.00
1060,  0,  35.300,  0.98,  1, 0.28, 0.01, 1.45, 0.00, 0.13, 0.84, 0.00, 0.00, 0.00, 1.51, 0.00, 0.60, 0.00, 0.02, 0.00, 0.00, 0.00, 0.00, 0.00, 1.00, 1.00, 0.00, 1.00, 0.00, 1.00, 0.00, 1.00, 0.00, 0.00, 0.00, 1.00, 0.00, 0.00, 0.00, 0.00
1061,  0,  35.333,  0.98,  1, 0.24, 0.01, 1.39, 0.00, 0.15, 0.71, 0.00, 0.00, 0.00, 1.52, 0.00, 0.57, 0.00, 0.00, 0.00, 0.00, 0.00, 0.00, 0.00, 1.00, 1.00, 0.00, 1.00, 0.00, 1.00, 0.00, 1.00, 0.00, 0.00, 0.00, 1.00, 0.00, 0.00, 0.00, 0.00
1062,  0,  35.367,  0.98,  1, 0.22, 0.00, 1.31, 0.00, 0.14, 0.74, 0.00, 0.00, 0.00, 1.52, 0.00, 0.52, 0.00, 0.02, 0.00, 0.00, 0.00, 0.00, 0.00, 1.00, 1.00, 0.00, 1.00, 0.00, 1.00, 0.00, 1.00, 1.00, 0.00, 0.00, 1.00, 0.00, 0.00, 0.00, 0.00
1063,  0,  35.400,  0.98,  1, 0.31, 0.05, 1.24, 0.00, 0.13, 0.87, 0.00, 0.00, 0.00, 1.54, 0.00, 0.52, 0.00, 0.05, 0.00, 0.00, 0.00, 0.00, 0.00, 1.00, 1.00, 0.00, 1.00, 0.00, 1.00, 0.00, 1.00, 1.00, 0.00, 0.00, 1.00, 0.00, 0.00, 0.00, 0.00
1064,  0,  35.433,  0.98,  1, 0.43, 0.05, 1.21, 0.00, 0.11, 0.95, 0.00, 0.00, 0.00, 1.57, 0.00, 0.53, 0.00, 0.06, 0.00, 0.00, 0.00, 0.00, 0.00, 1.00, 1.00, 0.00, 1.00, 0.00, 1.00, 0.00, 1.00, 1.00, 0.00, 0.00, 1.00, 0.00, 0.00, 0.00, 0.00
1065,  0,  35.467,  0.98,  1, 0.46, 0.07, 1.15, 0.00, 0.11, 0.79, 0.00, 0.00, 0.00, 1.49, 0.01, 0.51, 0.00, 0.04, 0.00, 0.02, 0.01, 0.00, 0.00, 1.00, 1.00, 0.00, 1.00, 0.00, 1.00, 0.00, 1.00, 1.00, 0.00, 0.00, 1.00, 0.00, 0.00, 0.00, 0.00
1066,  0,  35.500,  0.98,  1, 0.36, 0.02, 1.12, 0.00, 0.09, 0.82, 0.00, 0.00, 0.00, 1.50, 0.08, 0.55, 0.00, 0.01, 0.00, 0.07, 0.01, 0.00, 0.00, 1.00, 1.00, 0.00, 1.00, 0.00, 1.00, 0.00, 1.00, 1.00, 0.00, 0.00, 1.00, 0.00, 0.00, 0.00, 0.00
1067,  0,  35.533,  0.98,  1, 0.33, 0.05, 1.20, 0.00, 0.06, 0.88, 0.00, 0.00, 0.00, 1.48, 0.09, 0.62, 0.00, 0.01, 0.00, 0.13, 0.01, 0.00, 1.00, 1.00, 1.00, 0.00, 1.00, 0.00, 1.00, 0.00, 1.00, 1.00, 0.00, 0.00, 1.00, 0.00, 0.00, 0.00, 0.00
1068,  0,  35.567,  0.98,  1, 0.32, 0.05, 1.36, 0.00, 0.07, 1.13, 0.00, 0.00, 0.00, 1.51, 0.08, 0.70, 0.00, 0.01, 0.00, 0.14, 0.00, 0.00, 1.00, 1.00, 1.00, 0.00, 1.00, 0.00, 1.00, 0.00, 1.00, 1.00, 0.00, 0.00, 1.00, 0.00, 0.00, 0.00, 0.00
1069,  0,  35.600,  0.98,  1, 0.37, 0.17, 1.48, 0.00, 0.08, 1.14, 0.00, 0.00, 0.00, 1.41, 0.01, 0.66, 0.00, 0.00, 0.00, 0.17, 0.00, 0.00, 1.00, 1.00, 1.00, 0.00, 1.00, 0.00, 1.00, 0.00, 1.00, 1.00, 0.00, 0.00, 1.00, 0.00, 0.00, 0.00, 0.00
1070,  0,  35.633,  0.98,  1, 0.32, 0.21, 1.57, 0.00, 0.08, 1.13, 0.00, 0.00, 0.00, 1.36, 0.00, 0.63, 0.03, 0.00, 0.00, 0.20, 0.00, 0.00, 1.00, 1.00, 1.00, 0.00, 1.00, 0.00, 1.00, 0.00, 1.00, 1.00, 0.00, 0.00, 1.00, 0.00, 0.00, 0.00, 0.00
1071,  0,  35.667,  0.98,  1, 0.27, 0.21, 1.61, 0.00, 0.06, 1.18, 0.00, 0.00, 0.00, 1.31, 0.00, 0.56, 0.03, 0.00, 0.00, 0.28, 0.00, 0.00, 1.00, 1.00, 1.00, 0.00, 1.00, 0.00, 1.00, 0.00, 1.00, 1.00, 0.00, 0.00, 1.00, 0.00, 0.00, 0.00, 0.00
1072,  0,  35.700,  0.98,  1, 0.30, 0.15, 1.63, 0.00, 0.05, 1.17, 0.00, 0.00, 0.00, 1.31, 0.00, 0.56, 0.03, 0.00, 0.00, 0.26, 0.00, 0.00, 1.00, 1.00, 1.00, 0.00, 1.00, 0.00, 1.00, 0.00, 1.00, 1.00, 0.00, 0.00, 1.00, 0.00, 0.00, 0.00, 0.00
1073,  0,  35.733,  0.98,  1, 0.32, 0.09, 1.57, 0.00, 0.08, 1.22, 0.00, 0.00, 0.00, 1.23, 0.00, 0.49, 0.00, 0.00, 0.00, 0.22, 0.00, 0.00, 1.00, 1.00, 1.00, 0.00, 1.00, 0.00, 1.00, 0.00, 1.00, 1.00, 0.00, 0.00, 1.00, 0.00, 0.00, 0.00, 0.00
1074,  0,  35.767,  0.98,  1, 0.37, 0.13, 1.44, 0.00, 0.05, 1.27, 0.00, 0.00, 0.00, 1.16, 0.00, 0.46, 0.00, 0.00, 0.00, 0.17, 0.00, 0.00, 1.00, 1.00, 1.00, 0.00, 1.00, 0.00, 1.00, 0.00, 1.00, 1.00, 0.00, 0.00, 1.00, 0.00, 0.00, 0.00, 0.00
1075,  0,  35.800,  0.98,  1, 0.34, 0.07, 1.33, 0.00, 0.03, 1.41, 0.00, 0.00, 0.00, 1.09, 0.00, 0.43, 0.02, 0.00, 0.00, 0.15, 0.00, 0.00, 0.00, 1.00, 1.00, 0.00, 1.00, 0.00, 1.00, 0.00, 1.00, 1.00, 0.00, 0.00, 1.00, 0.00, 0.00, 0.00, 0.00
1076,  0,  35.833,  0.98,  1, 0.33, 0.20, 1.29, 0.00, 0.09, 1.28, 0.00, 0.00, 0.00, 1.09, 0.00, 0.40, 0.02, 0.00, 0.00, 0.10, 0.00, 0.00, 0.00, 1.00, 1.00, 0.00, 1.00, 0.00, 1.00, 0.00, 1.00, 1.00, 0.00, 0.00, 1.00, 0.00, 0.00, 0.00, 0.00
1077,  0,  35.867,  0.98,  1, 0.34, 0.17, 1.27, 0.00, 0.14, 1.13, 0.00, 0.00, 0.00, 1.07, 0.00, 0.42, 0.02, 0.00, 0.00, 0.13, 0.00, 0.00, 0.00, 1.00, 1.00, 0.00, 1.00, 0.00, 1.00, 0.00, 1.00, 0.00, 0.00, 0.00, 1.00, 0.00, 0.00, 0.00, 0.00
1078,  0,  35.900,  0.98,  1, 0.29, 0.16, 1.25, 0.00, 0.22, 0.88, 0.00, 0.00, 0.04, 1.10, 0.00, 0.50, 0.02, 0.00, 0.02, 0.09, 0.00, 0.00, 0.00, 1.00, 1.00, 0.00, 1.00, 0.00, 1.00, 0.00, 1.00, 0.00, 0.00, 0.00, 1.00, 0.00, 0.00, 0.00, 0.00
1079,  0,  35.933,  0.98,  1, 0.24, 0.03, 1.28, 0.00, 0.25, 0.88, 0.00, 0.00, 0.04, 1.12, 0.00, 0.53, 0.02, 0.00, 0.07, 0.09, 0.00, 0.00, 0.00, 1.00, 1.00, 0.00, 1.00, 0.00, 1.00, 0.00, 1.00, 0.00, 0.00, 0.00, 1.00, 0.00, 0.00, 0.00, 0.00
1080,  0,  35.967,  0.98,  1, 0.20, 0.00, 1.39, 0.00, 0.28, 1.06, 0.00, 0.00, 0.07, 1.23, 0.00, 0.55, 0.02, 0.00, 0.10, 0.07, 0.05, 0.00, 0.00, 1.00, 1.00, 0.00, 1.00, 0.00, 1.00, 0.00, 1.00, 0.00, 0.00, 0.00, 1.00, 0.00, 0.00, 0.00, 0.00
1081,  0,  36.000,  0.98,  1, 0.18, 0.00, 1.58, 0.02, 0.39, 1.28, 0.00, 0.00, 0.10, 1.21, 0.00, 0.41, 0.00, 0.00, 0.08, 0.11, 0.49, 0.00, 0.00, 1.00, 1.00, 0.00, 1.00, 0.00, 1.00, 0.00, 1.00, 0.00, 0.00, 0.00, 1.00, 0.00, 0.00, 0.00, 0.00
1082,  0,  36.033,  0.98,  1, 0.13, 0.00, 1.72, 0.05, 0.44, 1.39, 0.00, 0.00, 0.20, 1.21, 0.00, 0.31, 0.00, 0.00, 0.04, 0.16, 1.13, 0.00, 1.00, 1.00, 1.00, 0.00, 1.00, 0.00, 1.00, 0.00, 1.00, 0.00, 0.00, 0.00, 1.00, 0.00, 0.00, 0.00, 1.00
1083,  0,  36.067,  0.98,  1, 0.05, 0.00, 1.71, 0.05, 0.50, 1.40, 0.00, 0.00, 0.22, 1.10, 0.00, 0.22, 0.00, 0.00, 0.00, 0.11, 1.50, 0.00, 1.00, 1.00, 1.00, 0.00, 1.00, 0.00, 1.00, 0.00, 1.00, 0.00, 0.00, 0.00, 1.00, 0.00, 0.00, 0.00, 1.00
1084,  0,  36.100,  0.98,  1, 0.01, 0.00, 1.54, 0.03, 0.45, 1.38, 0.00, 0.00, 0.21, 1.16, 0.00, 0.27, 0.00, 0.00, 0.00, 0.13, 1.37, 0.00, 1.00, 1.00, 1.00, 0.00, 1.00, 0.00, 1.00, 0.00, 1.00, 0.00, 0.00, 0.00, 1.00, 0.00, 0.00, 0.00, 1.00
1085,  0,  36.133,  0.98,  1, 0.00, 0.00, 1.42, 0.00, 0.41, 1.46, 0.00, 0.00, 0.16, 1.20, 0.00, 0.31, 0.00, 0.00, 0.00, 0.10, 0.85, 0.00, 1.00, 1.00, 0.00, 0.00, 1.00, 0.00, 1.00, 0.00, 1.00, 0.00, 0.00, 0.00, 1.00, 0.00, 0.00, 0.00, 1.00
1086,  0,  36.167,  0.98,  1, 0.00, 0.00, 1.32, 0.00, 0.37, 1.44, 0.00, 0.00, 0.15, 1.24, 0.00, 0.34, 0.00, 0.00, 0.01, 0.20, 0.43, 0.00, 1.00, 1.00, 1.00, 0.00, 1.00, 0.00, 1.00, 0.00, 1.00, 0.00, 0.00, 0.00, 1.00, 0.00, 0.00, 0.00, 0.00
1087,  0,  36.200,  0.98,  1, 0.00, 0.00, 1.36, 0.00, 0.35, 1.49, 0.00, 0.00, 0.14, 1.22, 0.02, 0.30, 0.00, 0.00, 0.01, 0.15, 0.13, 0.00, 1.00, 1.00, 1.00, 0.00, 1.00, 0.00, 1.00, 0.00, 1.00, 0.00, 0.00, 0.00, 0.00, 0.00, 0.00, 0.00, 0.00
1088,  0,  36.233,  0.98,  1, 0.00, 0.01, 1.34, 0.00, 0.33, 1.43, 0.00, 0.00, 0.13, 1.20, 0.02, 0.28, 0.00, 0.00, 0.01, 0.18, 0.00, 0.00, 1.00, 1.00, 1.00, 0.00, 1.00, 0.00, 1.00, 0.00, 1.00, 0.00, 0.00, 0.00, 0.00, 0.00, 0.00, 0.00, 0.00
1089,  0,  36.267,  0.98,  1, 0.00, 0.01, 1.38, 0.00, 0.29, 1.31, 0.00, 0.00, 0.11, 1.22, 0.02, 0.25, 0.00, 0.00, 0.00, 0.15, 0.00, 0.00, 1.00, 1.00, 1.00, 0.00, 1.00, 0.00, 1.00, 0.00, 1.00, 0.00, 0.00, 0.00, 0.00, 0.00, 0.00, 0.00, 0.00
1090,  0,  36.300,  0.98,  1, 0.00, 0.01, 1.34, 0.00, 0.25, 1.11, 0.00, 0.00, 0.10, 1.27, 0.00, 0.24, 0.00, 0.00, 0.00, 0.18, 0.00, 0.00, 0.00, 1.00, 1.00, 0.00, 1.00, 0.00, 1.00, 0.00, 1.00, 0.00, 0.00, 0.00, 0.00, 0.00, 0.00, 0.00, 0.00
1091,  0,  36.333,  0.98,  1, 0.00, 0.00, 1.29, 0.00, 0.19, 1.02, 0.00, 0.00, 0.10, 1.29, 0.00, 0.22, 0.00, 0.00, 0.00, 0.15, 0.00, 0.00, 0.00, 1.00, 1.00, 0.00, 1.00, 0.00, 1.00, 0.00, 1.00, 0.00, 0.00, 0.00, 0.00, 0.00, 0.00, 0.00, 0.00
1092,  0,  36.367,  0.98,  1, 0.00, 0.03, 1.34, 0.00, 0.18, 0.98, 0.00, 0.00, 0.07, 1.37, 0.00, 0.26, 0.00, 0.00, 0.00, 0.07, 0.00, 0.00, 0.00, 1.00, 1.00, 0.00, 1.00, 0.00, 1.00, 0.00, 1.00, 0.00, 0.00, 0.00, 0.00, 0.00, 0.00, 0.00, 0.00
1093,  0,  36.400,  0.98,  1, 0.00, 0.03, 1.43, 0.00, 0.20, 1.08, 0.00, 0.00, 0.03, 1.40, 0.00, 0.29, 0.00, 0.00, 0.00, 0.03, 0.00, 0.00, 0.00, 1.00, 1.00, 0.00, 1.00, 0.00, 1.00, 0.00, 1.00, 1.00, 0.00, 0.00, 0.00, 0.00, 0.00, 0.00, 0.00
1094,  0,  36.433,  0.98,  1, 0.07, 0.16, 1.57, 0.00, 0.22, 1.12, 0.00, 0.00, 0.01, 1.54, 0.03, 0.43, 0.00, 0.00, 0.00, 0.00, 0.00, 0.00, 0.00, 1.00, 1.00, 0.00, 1.00, 0.00, 1.00, 0.00, 1.00, 1.00, 0.00, 0.00, 0.00, 0.00, 0.00, 0.00, 0.00
1095,  0,  36.467,  0.98,  1, 0.15, 0.24, 1.61, 0.00, 0.21, 1.14, 0.00, 0.00, 0.03, 1.52, 0.03, 0.49, 0.00, 0.00, 0.00, 0.00, 0.03, 0.00, 0.00, 1.00, 1.00, 0.00, 1.00, 0.00, 1.00, 0.00, 1.00, 1.00, 0.00, 0.00, 0.00, 0.00, 0.00, 0.00, 0.00
1096,  0,  36.500,  0.98,  1, 0.26, 0.38, 1.59, 0.00, 0.19, 1.20, 0.00, 0.00, 0.06, 1.51, 0.04, 0.59, 0.00, 0.00, 0.00, 0.00, 0.03, 0.00, 0.00, 1.00, 1.00, 0.00, 1.00, 0.00, 1.00, 0.00, 1.00, 1.00, 0.00, 0.00, 0.00, 0.00, 0.00, 0.00, 0.00
1097,  0,  36.533,  0.98,  1, 0.29, 0.39, 1.59, 0.00, 0.20, 1.21, 0.00, 0.00, 0.09, 1.47, 0.02, 0.61, 0.00, 0.00, 0.00, 0.00, 0.03, 0.00, 0.00, 1.00, 1.00, 0.00, 1.00, 0.00, 1.00, 0.00, 1.00, 1.00, 0.00, 0.00, 0.00, 0.00, 0.00, 0.00, 0.00
1098,  0,  36.567,  0.98,  1, 0.31, 0.40, 1.58, 0.00, 0.24, 1.12, 0.00, 0.00, 0.14, 1.51, 0.03, 0.66, 0.00, 0.00, 0.01, 0.00, 0.00, 0.00, 0.00, 1.00, 1.00, 0.00, 1.00, 0.00, 1.00, 0.00, 1.00, 1.00, 0.00, 0.00, 0.00, 0.00, 0.00, 0.00, 0.00
1099,  0,  36.600,  0.98,  1, 0.25, 0.26, 1.47, 0.00, 0.21, 0.95, 0.00, 0.00, 0.17, 1.53, 0.02, 0.67, 0.00, 0.00, 0.01, 0.00, 0.00, 0.00, 0.00, 1.00, 1.00, 0.00, 1.00, 0.00, 1.00, 0.00, 1.00, 1.00, 0.00, 0.00, 0.00, 0.00, 0.00, 0.00, 0.00
1100,  0,  36.633,  0.98,  1, 0.17, 0.21, 1.34, 0.00, 0.16, 0.94, 0.00, 0.00, 0.14, 1.48, 0.04, 0.68, 0.00, 0.00, 0.01, 0.00, 0.00, 0.00, 0.00, 1.00, 1.00, 0.00, 1.00, 0.00, 1.00, 0.00, 1.00, 1.00, 0.00, 0.00, 0.00, 0.00, 0.00, 0.00, 0.00
1101,  0,  36.667,  0.98,  1, 0.10, 0.14, 1.30, 0.00, 0.14, 1.02, 0.00, 0.00, 0.12, 1.46, 0.03, 0.67, 0.02, 0.00, 0.02, 0.01, 0.00, 0.00, 0.00, 1.00, 1.00, 0.00, 1.00, 0.00, 1.00, 0.00, 1.00, 1.00, 0.00, 0.00, 0.00, 0.00, 0.00, 0.00, 0.00
1102,  0,  36.700,  0.98,  1, 0.13, 0.15, 1.32, 0.00, 0.15, 1.13, 0.00, 0.00, 0.12, 1.32, 0.04, 0.69, 0.02, 0.00, 0.12, 0.01, 0.00, 0.00, 0.00, 1.00, 1.00, 0.00, 1.00, 0.00, 1.00, 0.00, 1.00, 1.00, 0.00, 0.00, 1.00, 0.00, 0.00, 0.00, 0.00
1103,  0,  36.733,  0.98,  1, 0.20, 0.06, 1.40, 0.00, 0.18, 1.09, 0.00, 0.00, 0.20, 1.17, 0.01, 0.68, 0.02, 0.00, 0.39, 0.12, 0.00, 0.00, 0.00, 1.00, 1.00, 0.00, 1.00, 0.00, 1.00, 0.00, 1.00, 0.00, 0.00, 0.00, 1.00, 0.00, 0.00, 0.00, 0.00
1104,  0,  36.767,  0.98,  1, 0.20, 0.00, 1.40, 0.00, 0.12, 1.10, 0.00, 0.00, 0.25, 0.84, 0.01, 0.54, 0.00, 0.00, 0.84, 0.31, 0.11, 0.00, 0.00, 1.00, 1.00, 0.00, 1.00, 0.00, 1.00, 0.00, 1.00, 0.00, 0.00, 0.00, 1.00, 0.00, 0.00, 0.00, 0.00
1105,  0,  36.800,  0.98,  1, 0.12, 0.00, 1.45, 0.00, 0.10, 1.12, 0.00, 0.00, 0.30, 0.74, 0.00, 0.43, 0.00, 0.00, 1.17, 0.50, 0.22, 0.00, 0.00, 1.00, 1.00, 0.00, 1.00, 0.00, 1.00, 0.00, 1.00, 0.00, 0.00, 0.00, 1.00, 0.00, 0.00, 0.00, 0.00
1106,  0,  36.833,  0.98,  1, 0.16, 0.00, 1.48, 0.00, 0.12, 1.28, 0.00, 0.00, 0.30, 0.86, 0.06, 0.32, 0.00, 0.00, 1.17, 0.49, 0.75, 0.00, 0.00, 1.00, 1.00, 0.00, 1.00, 0.00, 1.00, 0.00, 1.00, 0.00, 0.00, 0.00, 1.00, 0.00, 0.00, 0.00, 0.00
1107,  0,  36.867,  0.98,  1, 0.21, 0.00, 1.46, 0.04, 0.22, 1.18, 0.00, 0.00, 0.30, 1.17, 0.06, 0.39, 0.07, 0.00, 0.87, 0.33, 1.41, 0.00, 0.00, 1.00, 1.00, 0.00, 1.00, 0.00, 1.00, 0.00, 1.00, 0.00, 0.00, 0.00, 1.00, 0.00, 0.00, 0.00, 1.00
1108,  0,  36.900,  0.98,  1, 0.25, 0.00, 1.40, 0.09, 0.21, 0.84, 0.02, 0.00, 0.27, 1.35, 0.08, 0.32, 0.09, 0.00, 0.68, 0.15, 2.18, 0.00, 0.00, 1.00, 0.00, 0.00, 1.00, 0.00, 1.00, 0.00, 1.00, 0.00, 0.00, 0.00, 1.00, 0.00, 0.00, 0.00, 1.00
1109,  0,  36.933,  0.98,  1, 0.24, 0.00, 1.33, 0.09, 0.20, 0.48, 0.02, 0.00, 0.27, 1.33, 0.02, 0.30, 0.14, 0.00, 0.65, 0.06, 2.54, 0.00, 0.00, 1.00, 0.00, 0.00, 1.00, 0.00, 1.00, 0.00, 1.00, 0.00, 0.00, 0.00, 1.00, 0.00, 0.00, 0.00, 1.00
1110,  0,  36.967,  0.98,  1, 0.24, 0.00, 1.36, 0.17, 0.16, 0.29, 0.02, 0.00, 0.28, 1.35, 0.11, 0.31, 0.09, 0.00, 0.77, 0.07, 2.72, 0.00, 0.00, 1.00, 0.00, 0.00, 1.00, 0.00, 1.00, 0.00, 1.00, 0.00, 0.00, 0.00, 1.00, 0.00, 0.00, 0.00, 1.00
1111,  0,  37.000,  0.98,  1, 0.24, 0.00, 1.45, 0.21, 0.19, 0.31, 0.00, 0.04, 0.27, 1.40, 0.15, 0.38, 0.12, 0.00, 0.73, 0.12, 2.75, 0.00, 0.00, 1.00, 0.00, 0.00, 1.00, 0.00, 1.00, 0.00, 1.00, 0.00, 0.00, 0.00, 1.00, 0.00, 0.00, 0.00, 1.00
1112,  0,  37.033,  0.98,  1, 0.19, 0.00, 1.39, 0.28, 0.18, 0.18, 0.00, 0.04, 0.26, 1.41, 0.21, 0.40, 0.07, 0.00, 0.69, 0.12, 2.76, 0.00, 0.00, 1.00, 0.00, 0.00, 1.00, 0.00, 1.00, 0.00, 1.00, 0.00, 0.00, 0.00, 1.00, 0.00, 0.00, 0.00, 1.00
1113,  0,  37.067,  0.98,  1, 0.17, 0.00, 1.31, 0.23, 0.17, 0.21, 0.00, 0.04, 0.23, 1.36, 0.17, 0.41, 0.05, 0.00, 0.57, 0.05, 2.74, 0.00, 0.00, 1.00, 0.00, 0.00, 1.00, 0.00, 1.00, 0.00, 1.00, 0.00, 0.00, 0.00, 1.00, 0.00, 0.00, 0.00, 1.00
1114,  0,  37.100,  0.98,  1, 0.19, 0.00, 1.17, 0.15, 0.19, 0.29, 0.00, 0.00, 0.23, 1.24, 0.11, 0.38, 0.01, 0.00, 0.64, 0.15, 2.71, 0.00, 0.00, 1.00, 0.00, 0.00, 1.00, 0.00, 1.00, 0.00, 1.00, 0.00, 0.00, 0.00, 1.00, 0.00, 0.00, 0.00, 1.00
1115,  0,  37.133,  0.98,  1, 0.22, 0.00, 1.12, 0.08, 0.22, 0.42, 0.00, 0.00, 0.22, 1.17, 0.05, 0.37, 0.04, 0.00, 0.67, 0.28, 2.67, 0.00, 0.00, 1.00, 0.00, 0.00, 1.00, 0.00, 1.00, 0.00, 1.00, 0.00, 0.00, 0.00, 0.00, 0.00, 0.00, 0.00, 1.00
1116,  0,  37.167,  0.98,  1, 0.22, 0.00, 1.10, 0.09, 0.23, 0.30, 0.00, 0.01, 0.24, 1.05, 0.00, 0.26, 0.11, 0.00, 0.66, 0.35, 2.58, 0.00, 0.00, 1.00, 0.00, 0.00, 1.00, 0.00, 1.00, 0.00, 1.00, 0.00, 0.00, 0.00, 0.00, 0.00, 0.00, 0.00, 1.00
1117,  0,  37.200,  0.98,  1, 0.19, 0.00, 1.19, 0.11, 0.26, 0.14, 0.00, 0.02, 0.28, 1.13, 0.00, 0.23, 0.15, 0.00, 0.57, 0.23, 2.53, 0.00, 0.00, 1.00, 0.00, 0.00, 1.00, 0.00, 1.00, 0.00, 1.00, 0.00, 0.00, 0.00, 0.00, 0.00, 0.00, 0.00, 1.00
1118,  0,  37.233,  0.98,  1, 0.12, 0.00, 1.30, 0.14, 0.34, 0.28, 0.00, 0.06, 0.33, 1.17, 0.00, 0.23, 0.12, 0.00, 0.52, 0.13, 2.45, 0.00, 1.00, 1.00, 0.00, 0.00, 1.00, 0.00, 1.00, 0.00, 1.00, 0.00, 0.00, 0.00, 0.00, 0.00, 0.00, 0.00, 1.00
1119,  0,  37.267,  0.98,  1, 0.11, 0.00, 1.33, 0.06, 0.50, 0.71, 0.03, 0.08, 0.37, 1.20, 0.00, 0.28, 0.05, 0.00, 0.55, 0.05, 2.17, 0.00, 1.00, 1.00, 0.00, 0.00, 1.00, 0.00, 1.00, 0.00, 1.00, 0.00, 0.00, 0.00, 1.00, 0.00, 0.00, 0.00, 1.00
1120,  0,  37.300,  0.98,  1, 0.11, 0.00, 1.34, 0.04, 0.59, 1.12, 0.03, 0.12, 0.37, 1.13, 0.00, 0.31, 0.00, 0.00, 0.52, 0.03, 1.73, 0.00, 1.00, 1.00, 0.00, 0.00, 1.00, 0.00, 1.00, 0.00, 1.00, 0.00, 0.00, 0.00, 1.00, 0.00, 0.00, 0.00, 1.00
1121,  0,  37.333,  0.98,  1, 0.10, 0.00, 1.37, 0.00, 0.61, 1.42, 0.05, 0.19, 0.34, 1.14, 0.00, 0.27, 0.00, 0.00, 0.49, 0.08, 1.21, 0.00, 0.00, 1.00, 0.00, 0.00, 1.00, 0.00, 1.00, 0.00, 1.00, 0.00, 0.00, 0.00, 1.00, 0.00, 0.00, 0.00, 1.00
1122,  0,  37.367,  0.98,  1, 0.14, 0.00, 1.35, 0.00, 0.54, 1.40, 0.01, 0.22, 0.30, 1.22, 0.00, 0.24, 0.00, 0.00, 0.53, 0.12, 0.78, 0.00, 0.00, 1.00, 0.00, 0.00, 1.00, 0.00, 1.00, 0.00, 1.00, 0.00, 0.00, 0.00, 1.00, 0.00, 0.00, 0.00, 1.00
1123,  0,  37.400,  0.98,  1, 0.15, 0.00, 1.32, 0.00, 0.47, 1.37, 0.01, 0.24, 0.29, 1.23, 0.00, 0.15, 0.00, 0.00, 0.59, 0.22, 0.48, 0.00, 0.00, 1.00, 1.00, 0.00, 1.00, 0.00, 1.00, 0.00, 1.00, 0.00, 0.00, 0.00, 1.00, 0.00, 0.00, 0.00, 0.00
1124,  0,  37.433,  0.98,  1, 0.20, 0.00, 1.29, 0.00, 0.41, 1.23, 0.00, 0.20, 0.33, 1.09, 0.00, 0.11, 0.00, 0.00, 0.81, 0.29, 0.32, 0.00, 0.00, 1.00, 1.00, 0.00, 1.00, 0.00, 1.00, 0.00, 1.00, 0.00, 0.00, 0.00, 1.00, 0.00, 0.00, 0.00, 0.00
1125,  0,  37.467,  0.98,  1, 0.15, 0.00, 1.30, 0.00, 0.42, 1.27, 0.00, 0.22, 0.42, 0.92, 0.00, 0.04, 0.00, 0.00, 1.07, 0.48, 0.26, 0.00, 0.00, 1.00, 1.00, 0.00, 1.00, 0.00, 1.00, 0.00, 1.00, 0.00, 0.00, 0.00, 0.00, 1.00, 0.00, 0.00, 0.00
1126,  0,  37.500,  0.98,  1, 0.11, 0.00, 1.30, 0.00, 0.36, 1.19, 0.00, 0.15, 0.45, 0.86, 0.00, 0.02, 0.00, 0.00, 1.37, 0.64, 0.15, 0.00, 0.00, 1.00, 1.00, 0.00, 1.00, 0.00, 1.00, 0.00, 1.00, 0.00, 0.00, 0.00, 0.00, 1.00, 0.00, 0.00, 0.00
1127,  0,  37.533,  0.98,  1, 0.04, 0.00, 1.27, 0.00, 0.32, 1.13, 0.00, 0.08, 0.46, 0.89, 0.00, 0.00, 0.00, 0.00, 1.48, 0.75, 0.05, 0.00, 0.00, 1.00, 1.00, 0.00, 1.00, 0.00, 1.00, 0.00, 1.00, 0.00, 0.00, 0.00, 0.00, 1.00, 0.00, 0.00, 0.00
1128,  0,  37.567,  0.98,  1, 0.00, 0.00, 1.26, 0.00, 0.24, 0.92, 0.01, 0.01, 0.46, 1.09, 0.00, 0.10, 0.00, 0.00, 1.45, 0.81, 0.00, 0.00, 0.00, 1.00, 1.00, 0.00, 1.00, 0.00, 1.00, 0.00, 1.00, 0.00, 0.00, 0.00, 0.00, 1.00, 0.00, 0.00, 0.00
1129,  0,  37.600,  0.98,  1, 0.01, 0.00, 1.20, 0.00, 0.23, 0.88, 0.04, 0.01, 0.44, 1.24, 0.00, 0.20, 0.00, 0.00, 1.28, 0.73, 0.00, 0.00, 0.00, 1.00, 1.00, 0.00, 1.00, 0.00, 1.00, 0.00, 1.00, 0.00, 0.00, 0.00, 0.00, 1.00, 0.00, 0.00, 0.00
1130,  0,  37.633,  0.98,  1, 0.03, 0.00, 1.14, 0.00, 0.23, 0.86, 0.08, 0.01, 0.40, 1.43, 0.00, 0.31, 0.00, 0.00, 1.16, 0.67, 0.00, 0.00, 0.00, 1.00, 1.00, 0.00, 1.00, 0.00, 1.00, 0.00, 1.00, 0.00, 0.00, 0.00, 0.00, 0.00, 0.00, 0.00, 0.00
1131,  0,  37.667,  0.98,  1, 0.02, 0.00, 1.14, 0.00, 0.29, 0.96, 0.12, 0.00, 0.34, 1.54, 0.00, 0.31, 0.00, 0.00, 1.08, 0.55, 0.00, 0.00, 0.00, 1.00, 1.00, 0.00, 1.00, 0.00, 1.00, 0.00, 1.00, 0.00, 0.00, 0.00, 1.00, 0.00, 0.00, 0.00, 0.00
1132,  0,  37.700,  0.98,  1, 0.02, 0.00, 1.22, 0.00, 0.33, 0.99, 0.16, 0.00, 0.33, 1.67, 0.00, 0.26, 0.00, 0.00, 1.04, 0.53, 0.00, 0.00, 0.00, 1.00, 1.00, 0.00, 1.00, 0.00, 1.00, 0.00, 1.00, 0.00, 0.00, 0.00, 1.00, 0.00, 0.00, 0.00, 0.00
1133,  0,  37.733,  0.98,  1, 0.00, 0.00, 1.27, 0.00, 0.39, 1.17, 0.17, 0.00, 0.35, 1.67, 0.00, 0.25, 0.00, 0.00, 0.99, 0.50, 0.00, 0.00, 0.00, 1.00, 1.00, 0.00, 1.00, 0.00, 1.00, 0.00, 1.00, 0.00, 0.00, 0.00, 1.00, 0.00, 0.00, 0.00, 0.00
1134,  0,  37.767,  0.98,  1, 0.00, 0.00, 1.17, 0.00, 0.38, 1.04, 0.17, 0.03, 0.35, 1.67, 0.00, 0.28, 0.00, 0.00, 0.95, 0.50, 0.00, 0.00, 0.00, 1.00, 1.00, 0.00, 1.00, 0.00, 1.00, 0.00, 1.00, 0.00, 0.00, 0.00, 1.00, 0.00, 0.00, 0.00, 0.00
1135,  0,  37.800,  0.98,  1, 0.02, 0.01, 1.13, 0.00, 0.38, 1.14, 0.12, 0.03, 0.36, 1.59, 0.00, 0.29, 0.00, 0.00, 0.94, 0.50, 0.00, 0.00, 0.00, 1.00, 1.00, 0.00, 1.00, 0.00, 1.00, 0.00, 1.00, 0.00, 0.00, 0.00, 1.00, 0.00, 0.00, 0.00, 0.00
1136,  0,  37.833,  0.98,  1, 0.06, 0.01, 1.06, 0.00, 0.35, 1.02, 0.09, 0.06, 0.40, 1.55, 0.00, 0.27, 0.00, 0.00, 0.96, 0.47, 0.00, 0.00, 0.00, 1.00, 1.00, 0.00, 1.00, 0.00, 1.00, 0.00, 1.00, 0.00, 0.00, 0.00, 1.00, 0.00, 0.00, 0.00, 0.00
1137,  0,  37.867,  0.98,  1, 0.08, 0.01, 1.09, 0.00, 0.33, 1.20, 0.06, 0.05, 0.44, 1.52, 0.00, 0.24, 0.00, 0.00, 0.95, 0.46, 0.00, 0.00, 0.00, 1.00, 1.00, 0.00, 1.00, 0.00, 1.00, 0.00, 1.00, 0.00, 0.00, 0.00, 1.00, 0.00, 0.00, 0.00, 0.00
1138,  0,  37.900,  0.98,  1, 0.10, 0.00, 1.11, 0.00, 0.34, 1.27, 0.05, 0.12, 0.44, 1.49, 0.00, 0.35, 0.00, 0.00, 0.93, 0.45, 0.00, 0.00, 0.00, 1.00, 1.00, 0.00, 1.00, 0.00, 1.00, 0.00, 1.00, 0.00, 0.00, 0.00, 1.00, 0.00, 0.00, 0.00, 0.00
1139,  0,  37.933,  0.98,  1, 0.10, 0.00, 1.15, 0.00, 0.31, 1.30, 0.02, 0.14, 0.37, 1.50, 0.00, 0.49, 0.00, 0.00, 0.85, 0.45, 0.00, 0.00, 0.00, 1.00, 1.00, 0.00, 1.00, 0.00, 1.00, 0.00, 1.00, 0.00, 0.00, 0.00, 1.00, 0.00, 0.00, 0.00, 0.00
1140,  0,  37.967,  0.98,  1, 0.10, 0.00, 1.31, 0.00, 0.29, 1.52, 0.02, 0.13, 0.30, 1.42, 0.00, 0.61, 0.00, 0.00, 0.68, 0.48, 0.11, 0.00, 0.00, 1.00, 1.00, 0.00, 1.00, 0.00, 1.00, 0.00, 1.00, 0.00, 0.00, 0.00, 1.00, 0.00, 0.00, 0.00, 0.00
1141,  0,  38.000,  0.98,  1, 0.11, 0.03, 1.41, 0.00, 0.25, 1.72, 0.03, 0.06, 0.24, 1.42, 0.00, 0.67, 0.00, 0.00, 0.53, 0.47, 0.21, 0.00, 0.00, 1.00, 1.00, 0.00, 1.00, 0.00, 1.00, 0.00, 1.00, 0.00, 0.00, 0.00, 1.00, 0.00, 0.00, 0.00, 0.00
1142,  0,  38.033,  0.98,  1, 0.06, 0.06, 1.58, 0.00, 0.20, 1.85, 0.03, 0.02, 0.21, 1.35, 0.00, 0.68, 0.00, 0.00, 0.38, 0.44, 0.39, 0.00, 0.00, 1.00, 1.00, 0.00, 1.00, 0.00, 1.00, 0.00, 1.00, 0.00, 0.00, 0.00, 1.00, 0.00, 0.00, 0.00, 0.00
1143,  0,  38.067,  0.98,  1, 0.08, 0.06, 1.55, 0.00, 0.15, 1.71, 0.01, 0.00, 0.17, 1.33, 0.00, 0.65, 0.00, 0.00, 0.35, 0.39, 0.29, 0.00, 0.00, 1.00, 1.00, 0.00, 1.00, 0.00, 1.00, 0.00, 1.00, 0.00, 0.00, 0.00, 1.00, 0.00, 0.00, 0.00, 0.00
1144,  0,  38.100,  0.98,  1, 0.10, 0.03, 1.51, 0.00, 0.15, 1.62, 0.00, 0.00, 0.20, 1.28, 0.00, 0.57, 0.00, 0.00, 0.49, 0.52, 0.20, 0.00, 0.00, 1.00, 1.00, 0.00, 1.00, 0.00, 1.00, 0.00, 1.00, 0.00, 0.00, 0.00, 1.00, 0.00, 0.00, 0.00, 0.00
1145,  0,  38.133,  0.98,  1, 0.13, 0.00, 1.40, 0.00, 0.14, 1.55, 0.00, 0.00, 0.19, 1.28, 0.00, 0.45, 0.00, 0.00, 0.76, 0.69, 0.01, 0.00, 0.00, 1.00, 1.00, 0.00, 1.00, 0.00, 1.00, 0.00, 1.00, 0.00, 0.00, 0.00, 1.00, 0.00, 0.00, 0.00, 0.00
1146,  0,  38.167,  0.98,  1, 0.19, 0.00, 1.36, 0.00, 0.12, 1.50, 0.00, 0.00, 0.24, 1.14, 0.00, 0.39, 0.00, 0.00, 1.13, 0.89, 0.00, 0.00, 0.00, 1.00, 1.00, 0.00, 1.00, 0.00, 1.00, 0.00, 1.00, 0.00, 0.00, 0.00, 1.00, 0.00, 0.00, 0.00, 0.00
1147,  0,  38.200,  0.98,  1, 0.26, 0.00, 1.30, 0.00, 0.09, 1.23, 0.00, 0.00, 0.26, 1.02, 0.00, 0.35, 0.00, 0.00, 1.32, 0.90, 0.00, 0.00, 0.00, 1.00, 1.00, 0.00, 1.00, 0.00, 1.00, 0.00, 1.00, 0.00, 0.00, 0.00, 1.00, 0.00, 0.00, 0.00, 0.00
1148,  0,  38.233,  0.98,  1, 0.32, 0.00, 1.23, 0.00, 0.11, 1.22, 0.04, 0.02, 0.24, 0.96, 0.00, 0.42, 0.00, 0.00, 1.40, 0.82, 0.00, 0.00, 0.00, 1.00, 1.00, 0.00, 1.00, 0.00, 1.00, 0.00, 1.00, 0.00, 0.00, 0.00, 1.00, 0.00, 0.00, 0.00, 0.00
1149,  0,  38.267,  0.98,  1, 0.27, 0.00, 1.14, 0.00, 0.18, 1.23, 0.04, 0.03, 0.19, 1.02, 0.00, 0.49, 0.00, 0.00, 1.29, 0.74, 0.00, 0.00, 0.00, 1.00, 1.00, 0.00, 1.00, 0.00, 1.00, 0.00, 1.00, 0.00, 0.00, 0.00, 1.00, 0.00, 0.00, 0.00, 0.00
1150,  0,  38.300,  0.98,  1, 0.19, 0.00, 1.19, 0.00, 0.19, 1.42, 0.09, 0.03, 0.10, 1.08, 0.00, 0.49, 0.00, 0.00, 1.19, 0.67, 0.00, 0.00, 0.00, 1.00, 1.00, 0.00, 1.00, 0.00, 1.00, 0.00, 1.00, 0.00, 0.00, 0.00, 1.00, 0.00, 0.00, 0.00, 0.00
1151,  0,  38.333,  0.98,  1, 0.15, 0.00, 1.30, 0.00, 0.19, 1.35, 0.06, 0.01, 0.07, 1.10, 0.00, 0.47, 0.00, 0.00, 1.00, 0.62, 0.00, 0.00, 0.00, 1.00, 1.00, 0.00, 1.00, 0.00, 1.00, 0.00, 1.00, 0.00, 0.00, 0.00, 1.00, 0.00, 0.00, 0.00, 0.00
1152,  0,  38.367,  0.98,  1, 0.12, 0.00, 1.37, 0.00, 0.16, 1.18, 0.06, 0.00, 0.10, 1.07, 0.00, 0.56, 0.00, 0.00, 0.75, 0.53, 0.00, 0.00, 0.00, 1.00, 1.00, 0.00, 1.00, 0.00, 1.00, 0.00, 1.00, 0.00, 0.00, 0.00, 1.00, 0.00, 0.00, 0.00, 0.00
1153,  0,  38.400,  0.98,  1, 0.07, 0.00, 1.30, 0.00, 0.11, 0.83, 0.01, 0.00, 0.14, 1.12, 0.00, 0.76, 0.00, 0.00, 0.56, 0.47, 0.00, 0.00, 0.00, 1.00, 1.00, 0.00, 1.00, 0.00, 1.00, 0.00, 1.00, 0.00, 1.00, 0.00, 1.00, 0.00, 0.00, 0.00, 0.00
1154,  0,  38.433,  0.98,  1, 0.03, 0.00, 1.22, 0.00, 0.05, 0.61, 0.00, 0.00, 0.19, 1.22, 0.00, 0.97, 0.00, 0.00, 0.43, 0.44, 0.00, 0.00, 0.00, 1.00, 1.00, 0.00, 1.00, 0.00, 1.00, 0.00, 1.00, 0.00, 1.00, 0.00, 1.00, 0.00, 0.00, 0.00, 0.00
1155,  0,  38.467,  0.98,  1, 0.02, 0.00, 1.20, 0.00, 0.00, 0.55, 0.00, 0.00, 0.20, 1.28, 0.00, 1.06, 0.00, 0.00, 0.41, 0.46, 0.00, 0.00, 0.00, 1.00, 1.00, 0.00, 1.00, 0.00, 1.00, 0.00, 1.00, 0.00, 1.00, 0.00, 1.00, 0.00, 0.00, 0.00, 0.00
1156,  0,  38.500,  0.98,  1, 0.05, 0.00, 1.25, 0.00, 0.02, 0.73, 0.00, 0.00, 0.22, 1.30, 0.00, 1.04, 0.00, 0.00, 0.37, 0.50, 0.00, 0.00, 0.00, 1.00, 1.00, 0.00, 1.00, 0.00, 1.00, 0.00, 1.00, 0.00, 1.00, 0.00, 1.00, 0.00, 0.00, 0.00, 0.00
1157,  0,  38.533,  0.98,  1, 0.06, 0.00, 1.26, 0.00, 0.02, 0.82, 0.00, 0.04, 0.23, 1.27, 0.00, 0.92, 0.00, 0.00, 0.41, 0.60, 0.00, 0.00, 0.00, 1.00, 1.00, 0.00, 1.00, 0.00, 1.00, 0.00, 1.00, 0.00, 1.00, 0.00, 1.00, 0.00, 0.00, 0.00, 0.00
1158,  0,  38.567,  0.98,  1, 0.06, 0.00, 1.28, 0.00, 0.02, 1.00, 0.00, 0.17, 0.25, 1.27, 0.00, 0.84, 0.00, 0.00, 0.52, 0.63, 0.00, 0.00, 0.00, 1.00, 1.00, 0.00, 1.00, 0.00, 1.00, 0.00, 1.00, 0.00, 1.00, 0.00, 1.00, 0.00, 0.00, 0.00, 0.00
1159,  0,  38.600,  0.98,  1, 0.08, 0.00, 1.28, 0.00, 0.00, 0.97, 0.00, 0.29, 0.26, 1.17, 0.00, 0.71, 0.00, 0.00, 0.77, 0.73, 0.00, 0.00, 0.00, 1.00, 1.00, 0.00, 1.00, 0.00, 1.00, 0.00, 1.00, 0.00, 1.00, 0.00, 1.00, 0.00, 0.00, 0.00, 0.00
1160,  0,  38.633,  0.98,  1, 0.11, 0.00, 1.27, 0.00, 0.00, 1.03, 0.00, 0.30, 0.25, 1.11, 0.00, 0.61, 0.00, 0.00, 0.88, 0.79, 0.00, 0.00, 0.00, 1.00, 1.00, 0.00, 1.00, 0.00, 1.00, 0.00, 1.00, 0.00, 0.00, 0.00, 1.00, 0.00, 0.00, 0.00, 0.00
1161,  0,  38.667,  0.98,  1, 0.18, 0.00, 1.26, 0.00, 0.00, 0.92, 0.00, 0.17, 0.18, 1.09, 0.00, 0.56, 0.00, 0.00, 0.90, 0.88, 0.00, 0.00, 0.00, 1.00, 1.00, 0.00, 1.00, 0.00, 1.00, 0.00, 1.00, 0.00, 0.00, 0.00, 1.00, 0.00, 0.00, 0.00, 0.00
1162,  0,  38.700,  0.98,  1, 0.18, 0.00, 1.23, 0.00, 0.00, 0.98, 0.00, 0.05, 0.08, 0.98, 0.00, 0.53, 0.00, 0.00, 0.72, 0.81, 0.00, 0.00, 0.00, 1.00, 1.00, 0.00, 1.00, 0.00, 1.00, 0.00, 1.00, 0.00, 0.00, 0.00, 1.00, 0.00, 0.00, 0.00, 0.00
1163,  0,  38.733,  0.98,  1, 0.14, 0.00, 1.27, 0.00, 0.00, 1.17, 0.00, 0.00, 0.02, 0.77, 0.00, 0.49, 0.00, 0.00, 0.64, 0.69, 0.00, 0.00, 0.00, 1.00, 1.00, 0.00, 1.00, 0.00, 1.00, 0.00, 1.00, 0.00, 0.00, 0.00, 1.00, 0.00, 0.00, 0.00, 0.00
1164,  0,  38.767,  0.98,  1, 0.07, 0.00, 1.19, 0.00, 0.04, 1.24, 0.00, 0.00, 0.00, 0.50, 0.00, 0.26, 0.00, 0.00, 1.00, 0.60, 0.00, 0.00, 0.00, 1.00, 1.00, 0.00, 1.00, 0.00, 1.00, 0.00, 1.00, 0.00, 0.00, 0.00, 1.00, 0.00, 0.00, 0.00, 0.00
1165,  0,  38.800,  0.98,  1, 0.09, 0.00, 1.16, 0.00, 0.12, 1.29, 0.00, 0.00, 0.03, 0.37, 0.00, 0.12, 0.00, 0.00, 1.48, 0.67, 0.01, 0.00, 0.00, 1.00, 1.00, 0.00, 1.00, 0.00, 1.00, 0.00, 1.00, 0.00, 0.00, 0.00, 1.00, 1.00, 0.00, 0.00, 0.00
1166,  0,  38.833,  0.98,  1, 0.09, 0.00, 1.17, 0.06, 0.20, 1.10, 0.01, 0.03, 0.16, 0.47, 0.01, 0.00, 0.00, 0.00, 1.97, 0.77, 0.54, 0.00, 0.00, 1.00, 0.00, 0.00, 1.00, 0.00, 1.00, 0.00, 1.00, 0.00, 0.00, 0.00, 1.00, 1.00, 0.00, 0.00, 0.00
1167,  0,  38.867,  0.98,  1, 0.09, 0.00, 1.33, 0.06, 0.28, 0.90, 0.01, 0.03, 0.28, 0.65, 0.01, 0.01, 0.00, 0.00, 2.06, 0.76, 1.19, 0.00, 0.00, 1.00, 0.00, 0.00, 1.00, 0.00, 1.00, 0.00, 1.00, 0.00, 0.00, 0.00, 1.00, 1.00, 0.00, 0.00, 1.00
1168,  0,  38.900,  0.98,  1, 0.00, 0.00, 1.49, 0.06, 0.31, 0.76, 0.01, 0.07, 0.29, 0.90, 0.01, 0.15, 0.00, 0.00, 1.64, 0.57, 1.57, 0.00, 0.00, 1.00, 0.00, 0.00, 1.00, 0.00, 1.00, 0.00, 1.00, 0.00, 0.00, 0.00, 1.00, 1.00, 0.00, 0.00, 1.00
1169,  0,  38.933,  0.98,  1, 0.02, 0.00, 1.49, 0.00, 0.40, 0.74, 0.00, 0.05, 0.19, 1.03, 0.04, 0.33, 0.02, 0.00, 1.00, 0.30, 1.27, 0.00, 0.00, 1.00, 0.00, 0.00, 1.00, 0.00, 1.00, 0.00, 1.00, 1.00, 0.00, 0.00, 1.00, 0.00, 0.00, 0.00, 1.00
1170,  0,  38.967,  0.98,  1, 0.04, 0.00, 1.49, 0.00, 0.43, 0.98, 0.00, 0.05, 0.06, 1.13, 0.14, 0.48, 0.05, 0.00, 0.33, 0.11, 0.87, 0.00, 0.00, 1.00, 0.00, 0.00, 1.00, 0.00, 1.00, 0.00, 1.00, 1.00, 0.00, 0.00, 1.00, 0.00, 0.00, 0.00, 1.00
1171,  0,  39.000,  0.98,  1, 0.04, 0.00, 1.46, 0.00, 0.48, 1.11, 0.00, 0.01, 0.03, 1.14, 0.30, 0.60, 0.11, 0.00, 0.07, 0.01, 0.60, 0.00, 0.00, 1.00, 0.00, 0.00, 1.00, 0.00, 1.00, 0.00, 1.00, 1.00, 0.00, 0.00, 1.00, 0.00, 0.00, 0.00, 1.00
1172,  0,  39.033,  0.98,  1, 0.08, 0.00, 1.49, 0.00, 0.44, 1.07, 0.00, 0.00, 0.00, 1.05, 0.41, 0.65, 0.23, 0.00, 0.00, 0.01, 0.53, 0.00, 0.00, 1.00, 0.00, 0.00, 1.00, 0.00, 1.00, 0.00, 1.00, 1.00, 0.00, 0.00, 1.00, 0.00, 0.00, 0.00, 1.00
1173,  0,  39.067,  0.98,  1, 0.07, 0.00, 1.54, 0.00, 0.44, 0.99, 0.00, 0.00, 0.01, 1.02, 0.38, 0.74, 0.29, 0.00, 0.00, 0.00, 0.38, 0.00, 0.00, 1.00, 0.00, 0.00, 1.00, 0.00, 1.00, 0.00, 1.00, 1.00, 0.00, 0.00, 1.00, 0.00, 0.00, 0.00, 0.00
1174,  0,  39.100,  0.98,  1, 0.09, 0.00, 1.39, 0.00, 0.37, 1.02, 0.00, 0.00, 0.03, 1.06, 0.33, 0.78, 0.25, 0.02, 0.00, 0.01, 0.33, 0.00, 0.00, 1.00, 0.00, 0.00, 1.00, 0.00, 1.00, 0.00, 1.00, 1.00, 0.00, 0.00, 1.00, 0.00, 0.00, 0.00, 0.00
1175,  0,  39.133,  0.98,  1, 0.03, 0.00, 1.27, 0.00, 0.34, 1.12, 0.00, 0.00, 0.05, 1.16, 0.29, 0.80, 0.16, 0.02, 0.00, 0.07, 0.32, 0.00, 0.00, 1.00, 0.00, 0.00, 1.00, 0.00, 1.00, 0.00, 1.00, 1.00, 0.00, 0.00, 1.00, 0.00, 0.00, 0.00, 0.00
1176,  0,  39.167,  0.98,  1, 0.07, 0.00, 1.13, 0.00, 0.29, 1.14, 0.00, 0.00, 0.05, 1.19, 0.34, 0.69, 0.07, 0.02, 0.00, 0.14, 0.40, 0.00, 1.00, 1.00, 0.00, 0.00, 1.00, 0.00, 1.00, 0.00, 1.00, 1.00, 0.00, 0.00, 1.00, 0.00, 0.00, 0.00, 0.00
1177,  0,  39.200,  0.98,  1, 0.12, 0.00, 1.12, 0.00, 0.31, 0.89, 0.00, 0.00, 0.04, 1.17, 0.35, 0.58, 0.16, 0.01, 0.00, 0.24, 1.10, 0.00, 1.00, 1.00, 0.00, 0.00, 1.00, 0.00, 1.00, 0.00, 1.00, 1.00, 0.00, 0.00, 1.00, 0.00, 0.00, 0.00, 0.00
1178,  0,  39.233,  0.98,  1, 0.19, 0.00, 1.08, 0.09, 0.20, 0.50, 0.00, 0.00, 0.02, 1.19, 0.37, 0.48, 0.14, 0.00, 0.00, 0.34, 1.99, 0.00, 1.00, 1.00, 0.00, 0.00, 1.00, 0.00, 1.00, 0.00, 1.00, 1.00, 0.00, 0.00, 1.00, 0.00, 0.00, 0.00, 1.00
1179,  0,  39.267,  0.98,  1, 0.19, 0.00, 1.14, 0.14, 0.18, 0.41, 0.00, 0.00, 0.01, 1.29, 0.33, 0.51, 0.15, 0.00, 0.00, 0.36, 2.77, 0.00, 1.00, 1.00, 0.00, 0.00, 1.00, 0.00, 1.00, 0.00, 1.00, 1.00, 0.00, 0.00, 1.00, 0.00, 0.00, 0.00, 1.00
1180,  0,  39.300,  0.98,  1, 0.25, 0.00, 1.14, 0.14, 0.11, 0.51, 0.00, 0.00, 0.01, 1.40, 0.38, 0.54, 0.04, 0.00, 0.00, 0.30, 2.54, 0.00, 1.00, 1.00, 0.00, 0.00, 1.00, 0.00, 1.00, 0.00, 1.00, 1.00, 0.00, 0.00, 1.00, 0.00, 0.00, 0.00, 1.00
1181,  0,  39.333,  0.98,  1, 0.32, 0.06, 1.24, 0.05, 0.24, 0.99, 0.00, 0.00, 0.01, 1.35, 0.49, 0.63, 0.06, 0.00, 0.00, 0.13, 1.79, 0.00, 1.00, 1.00, 0.00, 0.00, 1.00, 0.00, 1.00, 0.00, 1.00, 1.00, 0.00, 0.00, 1.00, 0.00, 0.00, 0.00, 1.00
1182,  0,  39.367,  0.98,  1, 0.28, 0.06, 1.21, 0.00, 0.25, 1.06, 0.00, 0.00, 0.00, 1.37, 0.54, 0.69, 0.05, 0.00, 0.00, 0.04, 0.95, 0.00, 1.00, 1.00, 0.00, 0.00, 1.00, 0.00, 1.00, 0.00, 1.00, 1.00, 0.00, 0.00, 1.00, 0.00, 0.00, 0.00, 1.00
1183,  0,  39.400,  0.98,  1, 0.24, 0.06, 1.24, 0.00, 0.26, 1.15, 0.00, 0.00, 0.00, 1.27, 0.51, 0.63, 0.07, 0.00, 0.02, 0.00, 0.48, 0.00, 1.00, 1.00, 0.00, 0.00, 1.00, 0.00, 1.00, 0.00, 1.00, 1.00, 0.00, 0.00, 1.00, 0.00, 0.00, 0.00, 0.00
1184,  0,  39.433,  0.98,  1, 0.17, 0.00, 1.20, 0.00, 0.18, 1.04, 0.00, 0.00, 0.00, 1.27, 0.46, 0.65, 0.02, 0.00, 0.08, 0.06, 0.21, 0.00, 1.00, 1.00, 0.00, 0.00, 1.00, 0.00, 1.00, 0.00, 1.00, 1.00, 0.00, 0.00, 1.00, 0.00, 0.00, 0.00, 0.00
1185,  0,  39.467,  0.98,  1, 0.23, 0.00, 1.23, 0.00, 0.11, 1.02, 0.00, 0.00, 0.00, 1.24, 0.50, 0.60, 0.02, 0.00, 0.14, 0.10, 0.24, 0.00, 1.00, 1.00, 1.00, 0.00, 1.00, 0.00, 1.00, 0.00, 1.00, 1.00, 0.00, 0.00, 1.00, 0.00, 0.00, 0.00, 0.00
1186,  0,  39.500,  0.98,  1, 0.23, 0.00, 1.26, 0.00, 0.13, 1.04, 0.00, 0.00, 0.00, 1.31, 0.41, 0.67, 0.11, 0.00, 0.12, 0.24, 0.19, 0.00, 1.00, 1.00, 1.00, 0.00, 1.00, 0.00, 1.00, 0.00, 1.00, 1.00, 0.00, 0.00, 1.00, 0.00, 0.00, 0.00, 0.00
1187,  0,  39.533,  0.98,  1, 0.21, 0.00, 1.26, 0.00, 0.15, 0.97, 0.00, 0.00, 0.00, 1.34, 0.22, 0.70, 0.25, 0.00, 0.06, 0.25, 0.18, 0.00, 1.00, 1.00, 1.00, 0.00, 1.00, 0.00, 1.00, 0.00, 1.00, 1.00, 0.00, 0.00, 1.00, 0.00, 0.00, 0.00, 0.00
1188,  0,  39.567,  0.98,  1, 0.18, 0.01, 1.14, 0.00, 0.15, 1.12, 0.00, 0.00, 0.00, 1.30, 0.23, 0.76, 0.29, 0.00, 0.00, 0.21, 0.03, 0.00, 1.00, 1.00, 1.00, 0.00, 1.00, 0.00, 1.00, 0.00, 1.00, 1.00, 0.00, 0.00, 1.00, 0.00, 0.00, 0.00, 0.00
1189,  0,  39.600,  0.98,  1, 0.12, 0.01, 1.04, 0.00, 0.07, 1.14, 0.00, 0.00, 0.00, 1.38, 0.40, 0.78, 0.26, 0.00, 0.00, 0.15, 0.03, 0.00, 1.00, 1.00, 1.00, 0.00, 1.00, 0.00, 1.00, 0.00, 1.00, 1.00, 0.00, 0.00, 1.00, 0.00, 0.00, 0.00, 0.00
1190,  0,  39.633,  0.98,  1, 0.07, 0.01, 0.89, 0.00, 0.05, 1.14, 0.00, 0.00, 0.00, 1.43, 0.64, 0.78, 0.11, 0.00, 0.00, 0.17, 0.00, 0.00, 1.00, 1.00, 1.00, 0.00, 1.00, 0.00, 1.00, 0.00, 1.00, 1.00, 0.00, 0.00, 1.00, 0.00, 0.00, 0.00, 0.00
1191,  0,  39.667,  0.98,  1, 0.02, 0.00, 0.85, 0.00, 0.05, 0.96, 0.00, 0.00, 0.00, 1.54, 0.65, 0.75, 0.08, 0.00, 0.00, 0.21, 0.00, 0.00, 1.00, 1.00, 1.00, 0.00, 1.00, 0.00, 1.00, 0.00, 1.00, 1.00, 0.00, 0.00, 1.00, 0.00, 0.00, 0.00, 0.00
1192,  0,  39.700,  0.98,  1, 0.00, 0.00, 0.87, 0.00, 0.04, 0.85, 0.00, 0.00, 0.00, 1.53, 0.63, 0.67, 0.00, 0.00, 0.00, 0.13, 0.00, 0.00, 1.00, 1.00, 1.00, 0.00, 1.00, 0.00, 1.00, 0.00, 1.00, 1.00, 0.00, 0.00, 1.00, 0.00, 0.00, 0.00, 0.00
1193,  0,  39.733,  0.98,  1, 0.00, 0.00, 0.91, 0.00, 0.03, 0.87, 0.01, 0.00, 0.00, 1.52, 0.54, 0.53, 0.04, 0.00, 0.00, 0.06, 0.00, 0.00, 1.00, 1.00, 1.00, 0.00, 1.00, 0.00, 1.00, 0.00, 1.00, 1.00, 0.00, 0.00, 1.00, 0.00, 0.00, 0.00, 0.00
1194,  0,  39.767,  0.98,  1, 0.00, 0.00, 0.97, 0.00, 0.05, 1.03, 0.02, 0.00, 0.00, 1.44, 0.38, 0.46, 0.06, 0.01, 0.00, 0.02, 0.00, 0.00, 1.00, 1.00, 1.00, 0.00, 1.00, 0.00, 1.00, 0.00, 1.00, 1.00, 0.00, 0.00, 1.00, 0.00, 0.00, 0.00, 0.00
1195,  0,  39.800,  0.98,  1, 0.00, 0.00, 0.99, 0.00, 0.07, 1.18, 0.06, 0.00, 0.00, 1.35, 0.25, 0.47, 0.07, 0.01, 0.00, 0.01, 0.00, 0.00, 0.00, 1.00, 1.00, 0.00, 1.00, 0.00, 1.00, 0.00, 1.00, 1.00, 0.00, 0.00, 1.00, 0.00, 0.00, 0.00, 0.00
1196,  0,  39.833,  0.98,  1, 0.00, 0.00, 1.03, 0.00, 0.07, 1.20, 0.08, 0.00, 0.00, 1.35, 0.11, 0.50, 0.05, 0.02, 0.00, 0.00, 0.00, 0.00, 0.00, 1.00, 1.00, 0.00, 1.00, 0.00, 1.00, 0.00, 1.00, 1.00, 0.00, 0.00, 1.00, 0.00, 0.00, 0.00, 0.00
1197,  0,  39.867,  0.98,  1, 0.00, 0.00, 1.03, 0.00, 0.05, 1.24, 0.07, 0.00, 0.00, 1.37, 0.06, 0.50, 0.05, 0.02, 0.00, 0.00, 0.00, 0.00, 0.00, 1.00, 1.00, 0.00, 1.00, 0.00, 1.00, 0.00, 1.00, 1.00, 0.00, 0.00, 1.00, 0.00, 0.00, 0.00, 0.00
1198,  0,  39.900,  0.98,  1, 0.01, 0.00, 1.09, 0.00, 0.08, 1.12, 0.03, 0.00, 0.00, 1.42, 0.05, 0.54, 0.12, 0.09, 0.00, 0.00, 0.00, 0.00, 0.00, 1.00, 1.00, 0.00, 1.00, 0.00, 1.00, 0.00, 1.00, 1.00, 0.00, 0.00, 1.00, 0.00, 0.00, 0.00, 0.00
1199,  0,  39.933,  0.98,  1, 0.04, 0.00, 1.13, 0.00, 0.12, 1.16, 0.00, 0.00, 0.00, 1.37, 0.08, 0.61, 0.25, 0.11, 0.00, 0.00, 0.00, 0.00, 0.00, 1.00, 1.00, 0.00, 1.00, 0.00, 1.00, 0.00, 1.00, 1.00, 0.00, 0.00, 1.00, 0.00, 0.00, 0.00, 0.00
1200,  0,  39.967,  0.98,  1, 0.05, 0.00, 1.24, 0.00, 0.19, 1.16, 0.00, 0.00, 0.00, 1.36, 0.11, 0.76, 0.23, 0.10, 0.00, 0.00, 0.00, 0.00, 0.00, 1.00, 1.00, 0.00, 1.00, 0.00, 1.00, 0.00, 1.00, 1.00, 0.00, 0.00, 1.00, 0.00, 0.00, 0.00, 0.00
1201,  0,  40.000,  0.98,  1, 0.04, 0.00, 1.22, 0.00, 0.17, 1.23, 0.00, 0.00, 0.00, 1.34, 0.14, 0.84, 0.15, 0.04, 0.00, 0.00, 0.00, 0.00, 0.00, 1.00, 1.00, 0.00, 1.00, 0.00, 1.00, 0.00, 1.00, 0.00, 1.00, 0.00, 1.00, 0.00, 0.00, 0.00, 0.00
1202,  0,  40.033,  0.98,  1, 0.02, 0.00, 1.23, 0.00, 0.16, 1.26, 0.00, 0.00, 0.00, 1.43, 0.16, 0.86, 0.08, 0.01, 0.00, 0.00, 0.00, 0.00, 0.00, 1.00, 1.00, 0.00, 1.00, 0.00, 1.00, 0.00, 1.00, 0.00, 1.00, 0.00, 1.00, 0.00, 0.00, 0.00, 0.00
1203,  0,  40.067,  0.98,  1, 0.02, 0.00, 1.19, 0.00, 0.11, 1.35, 0.00, 0.00, 0.00, 1.54, 0.17, 0.84, 0.11, 0.02, 0.00, 0.00, 0.00, 0.00, 0.00, 1.00, 1.00, 0.00, 1.00, 0.00, 1.00, 0.00, 1.00, 0.00, 1.00, 0.00, 1.00, 0.00, 0.00, 0.00, 0.00
1204,  0,  40.100,  0.98,  1, 0.03, 0.00, 1.21, 0.00, 0.09, 1.40, 0.00, 0.00, 0.00, 1.61, 0.22, 0.77, 0.15, 0.01, 0.00, 0.00, 0.00, 0.00, 0.00, 1.00, 1.00, 0.00, 1.00, 0.00, 1.00, 0.00, 1.00, 0.00, 1.00, 0.00, 1.00, 0.00, 0.00, 0.00, 0.00
1205,  0,  40.133,  0.98,  1, 0.06, 0.00, 1.24, 0.00, 0.07, 1.49, 0.00, 0.00, 0.00, 1.66, 0.21, 0.76, 0.10, 0.01, 0.00, 0.00, 0.00, 0.00, 0.00, 1.00, 1.00, 0.00, 1.00, 0.00, 1.00, 0.00, 1.00, 0.00, 1.00, 0.00, 1.00, 0.00, 0.00, 0.00, 0.00
1206,  0,  40.167,  0.98,  1, 0.09, 0.00, 1.27, 0.00, 0.09, 1.57, 0.00, 0.00, 0.00, 1.70, 0.20, 0.73, 0.07, 0.00, 0.00, 0.00, 0.00, 0.00, 0.00, 1.00, 1.00, 0.00, 1.00, 0.00, 1.00, 0.00, 1.00, 0.00, 1.00, 0.00, 1.00, 0.00, 0.00, 0.00, 0.00
1207,  0,  40.200,  0.98,  1, 0.12, 0.00, 1.29, 0.00, 0.11, 1.77, 0.00, 0.00, 0.00, 1.73, 0.10, 0.74, 0.04, 0.00, 0.00, 0.00, 0.00, 0.00, 0.00, 1.00, 1.00, 0.00, 1.00, 0.00, 1.00, 0.00, 1.00, 0.00, 1.00, 0.00, 1.00, 0.00, 0.00, 0.00, 0.00
1208,  0,  40.233,  0.98,  1, 0.10, 0.00, 1.27, 0.00, 0.08, 1.62, 0.00, 0.00, 0.00, 1.69, 0.09, 0.67, 0.01, 0.00, 0.00, 0.00, 0.00, 0.00, 0.00, 1.00, 1.00, 0.00, 1.00, 0.00, 1.00, 0.00, 1.00, 0.00, 1.00, 0.00, 1.00, 0.00, 0.00, 0.00, 0.00
1209,  0,  40.267,  0.98,  1, 0.05, 0.00, 1.27, 0.00, 0.06, 1.38, 0.00, 0.00, 0.00, 1.68, 0.09, 0.59, 0.06, 0.00, 0.00, 0.04, 0.00, 0.00, 0.00, 1.00, 1.00, 0.00, 1.00, 0.00, 1.00, 0.00, 1.00, 0.00, 0.00, 0.00, 1.00, 0.00, 0.00, 0.00, 0.00
1210,  0,  40.300,  0.98,  1, 0.01, 0.00, 1.19, 0.00, 0.05, 0.99, 0.00, 0.00, 0.00, 1.58, 0.08, 0.55, 0.09, 0.00, 0.01, 0.04, 0.00, 0.00, 0.00, 1.00, 1.00, 0.00, 1.00, 0.00, 1.00, 0.00, 1.00, 0.00, 0.00, 0.00, 1.00, 0.00, 0.00, 0.00, 0.00
1211,  0,  40.333,  0.98,  1, 0.00, 0.08, 1.13, 0.00, 0.07, 0.81, 0.00, 0.00, 0.00, 1.64, 0.03, 0.62, 0.09, 0.02, 0.01, 0.04, 0.00, 0.00, 0.00, 1.00, 1.00, 0.00, 1.00, 0.00, 1.00, 0.00, 1.00, 0.00, 0.00, 0.00, 1.00, 0.00, 0.00, 0.00, 0.00
1212,  0,  40.367,  0.98,  1, 0.01, 0.13, 0.99, 0.00, 0.07, 0.75, 0.00, 0.00, 0.00, 1.59, 0.00, 0.73, 0.03, 0.06, 0.01, 0.00, 0.00, 0.00, 0.00, 1.00, 1.00, 0.00, 1.00, 0.00, 1.00, 0.00, 1.00, 0.00, 0.00, 0.00, 1.00, 0.00, 0.00, 0.00, 0.00
1213,  0,  40.400,  0.98,  1, 0.03, 0.27, 0.92, 0.00, 0.05, 0.82, 0.00, 0.00, 0.00, 1.64, 0.00, 0.76, 0.00, 0.09, 0.00, 0.00, 0.09, 0.00, 0.00, 1.00, 1.00, 0.00, 1.00, 0.00, 1.00, 0.00, 1.00, 0.00, 0.00, 0.00, 1.00, 0.00, 0.00, 0.00, 0.00
1214,  0,  40.433,  0.98,  1, 0.03, 0.19, 0.85, 0.00, 0.03, 0.98, 0.01, 0.00, 0.00, 1.63, 0.00, 0.76, 0.00, 0.14, 0.00, 0.00, 0.13, 0.00, 0.00, 1.00, 1.00, 0.00, 1.00, 0.00, 1.00, 0.00, 1.00, 0.00, 0.00, 0.00, 1.00, 0.00, 0.00, 0.00, 0.00
1215,  0,  40.467,  0.98,  1, 0.02, 0.14, 0.88, 0.00, 0.04, 1.03, 0.07, 0.00, 0.00, 1.67, 0.00, 0.73, 0.02, 0.15, 0.00, 0.00, 0.13, 0.00, 0.00, 1.00, 1.00, 0.00, 1.00, 0.00, 0.00, 0.00, 1.00, 0.00, 0.00, 0.00, 1.00, 0.00, 0.00, 0.00, 0.00
1216,  0,  40.500,  0.98,  1, 0.02, 0.01, 0.98, 0.00, 0.08, 1.13, 0.10, 0.00, 0.00, 1.67, 0.00, 0.72, 0.08, 0.16, 0.00, 0.00, 0.09, 0.00, 0.00, 1.00, 1.00, 0.00, 1.00, 0.00, 0.00, 0.00, 1.00, 0.00, 0.00, 0.00, 1.00, 0.00, 0.00, 0.00, 0.00
1217,  0,  40.533,  0.98,  1, 0.02, 0.01, 1.04, 0.00, 0.11, 1.18, 0.10, 0.00, 0.00, 1.62, 0.00, 0.64, 0.08, 0.09, 0.00, 0.00, 0.11, 0.00, 0.00, 1.00, 1.00, 0.00, 1.00, 0.00, 0.00, 0.00, 1.00, 0.00, 0.00, 0.00, 1.00, 0.00, 0.00, 0.00, 0.00
1218,  0,  40.567,  0.98,  1, 0.02, 0.01, 1.02, 0.00, 0.12, 1.16, 0.04, 0.00, 0.00, 1.54, 0.00, 0.59, 0.06, 0.05, 0.00, 0.02, 0.11, 0.00, 0.00, 1.00, 1.00, 0.00, 1.00, 0.00, 0.00, 0.00, 1.00, 0.00, 0.00, 0.00, 1.00, 0.00, 0.00, 0.00, 0.00
1219,  0,  40.600,  0.98,  1, 0.04, 0.00, 0.89, 0.00, 0.13, 1.07, 0.01, 0.00, 0.00, 1.45, 0.00, 0.60, 0.00, 0.00, 0.08, 0.09, 0.07, 0.00, 0.00, 1.00, 0.00, 0.00, 1.00, 0.00, 1.00, 0.00, 1.00, 0.00, 0.00, 0.00, 1.00, 0.00, 0.00, 0.00, 0.00
1220,  0,  40.633,  0.98,  1, 0.05, 0.00, 0.87, 0.00, 0.14, 1.06, 0.01, 0.03, 0.00, 1.27, 0.00, 0.54, 0.00, 0.00, 0.32, 0.17, 0.00, 0.00, 0.00, 1.00, 0.00, 0.00, 1.00, 0.00, 1.00, 0.00, 1.00, 0.00, 0.00, 0.00, 1.00, 0.00, 0.00, 0.00, 0.00
1221,  0,  40.667,  0.98,  1, 0.17, 0.00, 0.95, 0.00, 0.11, 1.21, 0.00, 0.03, 0.00, 1.04, 0.17, 0.42, 0.00, 0.00, 0.57, 0.32, 0.00, 0.00, 0.00, 1.00, 0.00, 0.00, 1.00, 0.00, 0.00, 0.00, 1.00, 0.00, 0.00, 0.00, 1.00, 0.00, 0.00, 0.00, 0.00
1222,  0,  40.700,  0.98,  1, 0.28, 0.00, 1.07, 0.00, 0.06, 1.36, 0.00, 0.03, 0.06, 0.64, 0.35, 0.19, 0.00, 0.00, 0.75, 0.52, 0.00, 0.00, 0.00, 1.00, 0.00, 0.00, 1.00, 0.00, 1.00, 0.00, 1.00, 0.00, 0.00, 0.00, 1.00, 0.00, 0.00, 0.00, 0.00
1223,  0,  40.733,  0.98,  1, 0.34, 0.00, 1.09, 0.00, 0.00, 1.28, 0.00, 0.00, 0.06, 0.50, 0.51, 0.10, 0.00, 0.00, 0.69, 0.51, 0.00, 0.00, 0.00, 1.00, 1.00, 0.00, 1.00, 0.00, 1.00, 0.00, 1.00, 0.00, 0.00, 0.00, 1.00, 0.00, 0.00, 0.00, 0.00
1224,  0,  40.767,  0.98,  1, 0.34, 0.00, 1.07, 0.00, 0.00, 1.09, 0.00, 0.00, 0.06, 0.50, 0.44, 0.31, 0.00, 0.00, 0.54, 0.62, 0.00, 0.00, 0.00, 1.00, 1.00, 0.00, 1.00, 0.00, 1.00, 0.00, 1.00, 0.00, 0.00, 0.00, 1.00, 0.00, 0.00, 0.00, 0.00
1225,  0,  40.800,  0.98,  1, 0.34, 0.00, 1.09, 0.00, 0.00, 1.01, 0.00, 0.00, 0.00, 0.76, 0.35, 0.60, 0.00, 0.00, 0.34, 0.58, 0.00, 0.00, 0.00, 1.00, 1.00, 0.00, 1.00, 0.00, 1.00, 0.00, 1.00, 0.00, 0.00, 0.00, 1.00, 0.00, 0.00, 0.00, 0.00
1226,  0,  40.833,  0.98,  1, 0.38, 0.05, 1.14, 0.00, 0.04, 1.13, 0.00, 0.00, 0.00, 0.82, 0.18, 0.90, 0.00, 0.00, 0.20, 0.78, 0.00, 0.00, 0.00, 1.00, 1.00, 0.00, 1.00, 0.00, 1.00, 0.00, 1.00, 0.00, 0.00, 0.00, 1.00, 0.00, 0.00, 0.00, 0.00
1227,  0,  40.867,  0.98,  1, 0.39, 0.05, 1.17, 0.00, 0.09, 1.13, 0.00, 0.00, 0.00, 0.82, 0.09, 0.84, 0.00, 0.00, 0.22, 0.70, 0.00, 0.00, 0.00, 1.00, 1.00, 0.00, 1.00, 0.00, 1.00, 0.00, 1.00, 1.00, 0.00, 0.00, 1.00, 0.00, 0.00, 0.00, 0.00
1228,  0,  40.900,  0.98,  1, 0.35, 0.05, 1.16, 0.00, 0.18, 1.31, 0.00, 0.00, 0.00, 0.90, 0.06, 0.77, 0.00, 0.00, 0.21, 0.75, 0.00, 0.00, 0.00, 1.00, 1.00, 0.00, 1.00, 0.00, 1.00, 0.00, 1.00, 1.00, 0.00, 0.00, 1.00, 0.00, 0.00, 0.00, 0.00
1229,  0,  40.933,  0.98,  1, 0.24, 0.00, 1.04, 0.00, 0.21, 1.40, 0.00, 0.00, 0.00, 0.99, 0.09, 0.72, 0.00, 0.00, 0.20, 0.69, 0.00, 0.00, 0.00, 1.00, 1.00, 0.00, 1.00, 0.00, 1.00, 0.00, 1.00, 0.00, 0.00, 0.00, 1.00, 0.00, 0.00, 0.00, 0.00
1230,  0,  40.967,  0.98,  1, 0.11, 0.00, 0.95, 0.00, 0.26, 1.64, 0.01, 0.00, 0.01, 1.10, 0.09, 0.72, 0.00, 0.00, 0.10, 0.72, 0.00, 0.00, 0.00, 1.00, 1.00, 0.00, 1.00, 0.00, 1.00, 0.00, 1.00, 0.00, 0.00, 0.00, 1.00, 0.00, 0.00, 0.00, 0.00
1231,  0,  41.000,  0.98,  1, 0.00, 0.00, 0.86, 0.00, 0.26, 1.68, 0.01, 0.00, 0.04, 1.04, 0.03, 0.72, 0.00, 0.00, 0.11, 0.61, 0.00, 0.00, 0.00, 1.00, 1.00, 0.00, 1.00, 0.00, 1.00, 0.00, 1.00, 0.00, 0.00, 0.00, 1.00, 0.00, 0.00, 0.00, 0.00
1232,  0,  41.033,  0.98,  1, 0.00, 0.00, 0.82, 0.00, 0.30, 1.73, 0.01, 0.00, 0.07, 1.11, 0.00, 0.69, 0.00, 0.00, 0.11, 0.57, 0.00, 0.00, 0.00, 1.00, 1.00, 0.00, 1.00, 0.00, 1.00, 0.00, 1.00, 0.00, 0.00, 0.00, 1.00, 0.00, 0.00, 0.00, 0.00
1233,  0,  41.067,  0.98,  1, 0.00, 0.00, 0.79, 0.00, 0.26, 1.78, 0.00, 0.00, 0.13, 1.18, 0.00, 0.70, 0.00, 0.00, 0.18, 0.54, 0.00, 0.00, 0.00, 1.00, 1.00, 0.00, 1.00, 0.00, 1.00, 0.00, 1.00, 0.00, 0.00, 0.00, 1.00, 0.00, 0.00, 0.00, 0.00
1234,  0,  41.100,  0.98,  1, 0.08, 0.00, 0.79, 0.00, 0.27, 1.67, 0.00, 0.09, 0.15, 1.34, 0.09, 0.73, 0.00, 0.00, 0.11, 0.47, 0.00, 0.00, 0.00, 1.00, 1.00, 0.00, 1.00, 0.00, 1.00, 0.00, 1.00, 0.00, 0.00, 0.00, 1.00, 0.00, 0.00, 0.00, 0.00
1235,  0,  41.133,  0.98,  1, 0.13, 0.00, 0.90, 0.00, 0.25, 1.52, 0.00, 0.15, 0.16, 1.38, 0.23, 0.64, 0.00, 0.00, 0.07, 0.49, 0.00, 0.00, 0.00, 1.00, 1.00, 0.00, 1.00, 0.00, 1.00, 0.00, 1.00, 0.00, 0.00, 0.00, 1.00, 0.00, 0.00, 0.00, 0.00
1236,  0,  41.167,  0.98,  1, 0.13, 0.00, 0.82, 0.00, 0.32, 1.40, 0.00, 0.15, 0.19, 1.45, 0.38, 0.67, 0.00, 0.00, 0.00, 0.45, 0.00, 0.00, 0.00, 1.00, 1.00, 0.00, 1.00, 0.00, 1.00, 0.00, 1.00, 0.00, 0.00, 0.00, 1.00, 0.00, 0.00, 0.00, 0.00
1237,  0,  41.200,  0.98,  1, 0.05, 0.00, 0.86, 0.00, 0.33, 1.34, 0.00, 0.06, 0.20, 1.61, 0.44, 0.67, 0.00, 0.00, 0.00, 0.40, 0.00, 0.00, 0.00, 1.00, 1.00, 0.00, 1.00, 0.00, 1.00, 0.00, 1.00, 0.00, 0.00, 0.00, 1.00, 0.00, 0.00, 0.00, 0.00
1238,  0,  41.233,  0.98,  1, 0.00, 0.00, 0.91, 0.00, 0.36, 1.46, 0.00, 0.00, 0.21, 1.75, 0.41, 0.69, 0.00, 0.00, 0.00, 0.24, 0.00, 0.00, 0.00, 1.00, 1.00, 0.00, 1.00, 0.00, 1.00, 0.00, 1.00, 0.00, 0.00, 0.00, 1.00, 0.00, 0.00, 0.00, 0.00
1239,  0,  41.267,  0.98,  1, 0.00, 0.00, 1.07, 0.00, 0.33, 1.53, 0.00, 0.00, 0.18, 1.86, 0.29, 0.59, 0.00, 0.00, 0.00, 0.08, 0.00, 0.00, 0.00, 1.00, 1.00, 0.00, 1.00, 0.00, 1.00, 0.00, 1.00, 0.00, 0.00, 0.00, 1.00, 0.00, 0.00, 0.00, 0.00
1240,  0,  41.300,  0.98,  1, 0.02, 0.00, 1.14, 0.00, 0.35, 1.70, 0.00, 0.00, 0.18, 1.87, 0.27, 0.61, 0.00, 0.00, 0.00, 0.04, 0.00, 0.00, 0.00, 1.00, 1.00, 0.00, 1.00, 0.00, 1.00, 0.00, 1.00, 0.00, 0.00, 0.00, 1.00, 0.00, 0.00, 0.00, 0.00
1241,  0,  41.333,  0.98,  1, 0.02, 0.00, 1.17, 0.00, 0.34, 1.74, 0.00, 0.00, 0.18, 1.93, 0.22, 0.64, 0.00, 0.00, 0.00, 0.00, 0.06, 0.00, 0.00, 1.00, 1.00, 0.00, 1.00, 0.00, 1.00, 0.00, 1.00, 0.00, 0.00, 0.00, 1.00, 0.00, 0.00, 0.00, 0.00
1242,  0,  41.367,  0.98,  1, 0.06, 0.00, 1.23, 0.00, 0.33, 1.74, 0.00, 0.00, 0.16, 1.93, 0.25, 0.66, 0.00, 0.00, 0.00, 0.00, 0.12, 0.00, 0.00, 1.00, 1.00, 0.00, 1.00, 0.00, 1.00, 0.00, 1.00, 0.00, 0.00, 0.00, 1.00, 0.00, 0.00, 0.00, 0.00
1243,  0,  41.400,  0.98,  1, 0.05, 0.00, 1.23, 0.00, 0.31, 1.62, 0.00, 0.00, 0.12, 1.87, 0.18, 0.62, 0.00, 0.00, 0.00, 0.00, 0.20, 0.00, 0.00, 1.00, 1.00, 0.00, 1.00, 0.00, 1.00, 0.00, 1.00, 0.00, 0.00, 0.00, 1.00, 0.00, 0.00, 0.00, 0.00
1244,  0,  41.433,  0.98,  1, 0.09, 0.00, 1.19, 0.00, 0.29, 1.55, 0.00, 0.00, 0.12, 1.72, 0.19, 0.63, 0.00, 0.00, 0.00, 0.00, 0.15, 0.00, 0.00, 1.00, 1.00, 0.00, 1.00, 0.00, 1.00, 0.00, 1.00, 0.00, 0.00, 0.00, 1.00, 0.00, 0.00, 0.00, 0.00
1245,  0,  41.467,  0.98,  1, 0.09, 0.00, 1.13, 0.00, 0.31, 1.54, 0.00, 0.00, 0.15, 1.72, 0.20, 0.65, 0.00, 0.00, 0.00, 0.00, 0.09, 0.00, 0.00, 1.00, 1.00, 0.00, 1.00, 0.00, 1.00, 0.00, 1.00, 0.00, 0.00, 0.00, 1.00, 0.00, 0.00, 0.00, 0.00
1246,  0,  41.500,  0.98,  1, 0.13, 0.00, 1.03, 0.00, 0.30, 1.46, 0.00, 0.00, 0.18, 1.63, 0.15, 0.66, 0.00, 0.00, 0.04, 0.03, 0.01, 0.00, 0.00, 1.00, 1.00, 0.00, 1.00, 0.00, 1.00, 0.00, 1.00, 0.00, 0.00, 0.00, 1.00, 0.00, 0.00, 0.00, 0.00
1247,  0,  41.533,  0.98,  1, 0.16, 0.00, 1.01, 0.00, 0.32, 1.41, 0.01, 0.00, 0.21, 1.60, 0.10, 0.60, 0.00, 0.00, 0.12, 0.05, 0.00, 0.00, 0.00, 1.00, 1.00, 0.00, 1.00, 0.00, 1.00, 0.00, 1.00, 0.00, 0.00, 0.00, 1.00, 0.00, 0.00, 0.00, 0.00
1248,  0,  41.567,  0.98,  1, 0.18, 0.06, 1.04, 0.00, 0.30, 1.27, 0.01, 0.00, 0.22, 1.38, 0.09, 0.52, 0.00, 0.00, 0.21, 0.06, 0.00, 0.00, 0.00, 1.00, 1.00, 0.00, 1.00, 0.00, 1.00, 0.00, 1.00, 0.00, 0.00, 0.00, 1.00, 0.00, 0.00, 0.00, 0.00
1249,  0,  41.600,  0.98,  1, 0.25, 0.14, 1.10, 0.00, 0.33, 1.39, 0.07, 0.00, 0.23, 1.38, 0.09, 0.48, 0.00, 0.01, 0.20, 0.03, 0.00, 0.00, 0.00, 1.00, 1.00, 0.00, 1.00, 0.00, 1.00, 0.00, 1.00, 0.00, 0.00, 0.00, 1.00, 0.00, 0.00, 0.00, 0.00
1250,  0,  41.633,  0.98,  1, 0.29, 0.22, 1.07, 0.00, 0.33, 1.37, 0.08, 0.00, 0.22, 1.36, 0.08, 0.53, 0.00, 0.03, 0.13, 0.04, 0.00, 0.00, 0.00, 1.00, 1.00, 0.00, 1.00, 0.00, 1.00, 0.00, 1.00, 0.00, 0.00, 0.00, 1.00, 0.00, 0.00, 0.00, 0.00
1251,  0,  41.667,  0.98,  1, 0.25, 0.16, 1.00, 0.00, 0.36, 1.41, 0.15, 0.07, 0.19, 1.37, 0.01, 0.60, 0.00, 0.07, 0.09, 0.12, 0.00, 0.00, 0.00, 1.00, 1.00, 0.00, 1.00, 0.00, 1.00, 0.00, 1.00, 0.00, 0.00, 0.00, 1.00, 0.00, 0.00, 0.00, 0.00
1252,  0,  41.700,  0.98,  1, 0.20, 0.10, 0.95, 0.00, 0.32, 1.30, 0.14, 0.09, 0.16, 1.27, 0.01, 0.60, 0.00, 0.08, 0.20, 0.21, 0.00, 0.00, 0.00, 1.00, 1.00, 0.00, 1.00, 0.00, 1.00, 0.00, 1.00, 0.00, 0.00, 0.00, 1.00, 0.00, 0.00, 0.00, 0.00
1253,  0,  41.733,  0.98,  1, 0.09, 0.02, 0.96, 0.00, 0.35, 1.38, 0.14, 0.16, 0.22, 1.16, 0.00, 0.55, 0.00, 0.06, 0.34, 0.32, 0.09, 0.00, 0.00, 1.00, 1.00, 0.00, 1.00, 0.00, 1.00, 0.00, 1.00, 0.00, 0.00, 0.00, 1.00, 0.00, 0.00, 0.00, 0.00
1254,  0,  41.767,  0.98,  1, 0.12, 0.02, 1.02, 0.00, 0.35, 1.45, 0.07, 0.13, 0.32, 1.13, 0.00, 0.43, 0.00, 0.02, 0.52, 0.37, 0.30, 0.00, 0.00, 1.00, 1.00, 0.00, 1.00, 0.00, 1.00, 0.00, 1.00, 0.00, 0.00, 0.00, 1.00, 0.00, 0.00, 0.00, 0.00
1255,  0,  41.800,  0.98,  1, 0.07, 0.00, 1.09, 0.00, 0.42, 1.38, 0.03, 0.17, 0.44, 1.08, 0.00, 0.26, 0.00, 0.00, 0.66, 0.36, 1.14, 0.00, 0.00, 1.00, 1.00, 0.00, 1.00, 0.00, 1.00, 0.00, 1.00, 0.00, 0.00, 0.00, 1.00, 0.00, 0.00, 0.00, 0.00
1256,  0,  41.833,  0.98,  1, 0.08, 0.00, 1.12, 0.00, 0.40, 1.08, 0.02, 0.21, 0.51, 1.07, 0.00, 0.10, 0.00, 0.00, 0.73, 0.39, 1.89, 0.00, 0.00, 1.00, 0.00, 0.00, 1.00, 0.00, 1.00, 0.00, 1.00, 0.00, 0.00, 0.00, 1.00, 0.00, 0.00, 0.00, 1.00
1257,  0,  41.867,  0.98,  1, 0.04, 0.00, 1.16, 0.00, 0.44, 0.93, 0.02, 0.28, 0.53, 1.07, 0.00, 0.07, 0.00, 0.00, 0.75, 0.47, 2.35, 0.00, 1.00, 1.00, 0.00, 0.00, 1.00, 0.00, 1.00, 0.00, 1.00, 0.00, 0.00, 0.00, 1.00, 0.00, 0.00, 0.00, 1.00
1258,  0,  41.900,  0.98,  1, 0.10, 0.00, 1.14, 0.00, 0.55, 1.09, 0.11, 0.35, 0.55, 1.07, 0.00, 0.13, 0.00, 0.00, 0.61, 0.57, 1.86, 0.00, 1.00, 1.00, 0.00, 0.00, 1.00, 0.00, 1.00, 0.00, 1.00, 0.00, 0.00, 0.00, 1.00, 0.00, 0.00, 0.00, 1.00
1259,  0,  41.933,  0.98,  1, 0.14, 0.00, 1.23, 0.00, 0.66, 1.41, 0.22, 0.37, 0.54, 1.19, 0.00, 0.21, 0.00, 0.00, 0.56, 0.56, 1.28, 0.00, 1.00, 1.00, 0.00, 0.00, 1.00, 0.00, 1.00, 0.00, 1.00, 0.00, 0.00, 0.00, 1.00, 0.00, 0.00, 0.00, 1.00
1260,  0,  41.967,  0.98,  1, 0.14, 0.00, 1.24, 0.00, 0.74, 1.62, 0.26, 0.25, 0.55, 1.26, 0.00, 0.42, 0.00, 0.00, 0.50, 0.53, 0.83, 0.00, 1.00, 1.00, 1.00, 0.00, 1.00, 0.00, 1.00, 0.00, 1.00, 0.00, 0.00, 0.00, 1.00, 0.00, 0.00, 0.00, 1.00
1261,  0,  42.000,  0.98,  1, 0.11, 0.00, 1.29, 0.00, 0.72, 1.73, 0.18, 0.13, 0.53, 1.38, 0.01, 0.54, 0.00, 0.00, 0.66, 0.52, 0.61, 0.00, 0.00, 1.00, 1.00, 0.00, 1.00, 0.00, 1.00, 0.00, 1.00, 0.00, 0.00, 0.00, 1.00, 0.00, 0.00, 0.00, 1.00
1262,  0,  42.033,  0.98,  1, 0.06, 0.00, 1.21, 0.00, 0.71, 1.69, 0.11, 0.03, 0.53, 1.37, 0.01, 0.71, 0.00, 0.00, 0.71, 0.55, 0.54, 0.00, 0.00, 1.00, 1.00, 0.00, 1.00, 0.00, 1.00, 0.00, 1.00, 0.00, 0.00, 0.00, 1.00, 0.00, 0.00, 0.00, 0.00
1263,  0,  42.067,  0.98,  1, 0.07, 0.00, 1.22, 0.00, 0.66, 1.73, 0.12, 0.03, 0.50, 1.33, 0.01, 0.70, 0.00, 0.00, 0.75, 0.60, 0.46, 0.00, 0.00, 1.00, 1.00, 0.00, 1.00, 0.00, 1.00, 0.00, 1.00, 0.00, 0.00, 0.00, 1.00, 0.00, 0.00, 0.00, 0.00
1264,  0,  42.100,  0.98,  1, 0.07, 0.00, 1.20, 0.00, 0.55, 1.73, 0.11, 0.01, 0.46, 1.27, 0.00, 0.73, 0.00, 0.00, 0.70, 0.66, 0.42, 0.00, 0.00, 1.00, 1.00, 0.00, 1.00, 0.00, 1.00, 0.00, 1.00, 0.00, 0.00, 0.00, 1.00, 0.00, 0.00, 0.00, 0.00
1265,  0,  42.133,  0.98,  1, 0.07, 0.00, 1.18, 0.00, 0.50, 1.85, 0.10, 0.00, 0.43, 1.24, 0.00, 0.72, 0.00, 0.00, 0.70, 0.74, 0.34, 0.00, 0.00, 1.00, 1.00, 0.00, 1.00, 0.00, 1.00, 0.00, 1.00, 0.00, 0.00, 0.00, 1.00, 0.00, 0.00, 0.00, 0.00
1266,  0,  42.167,  0.98,  1, 0.04, 0.00, 1.09, 0.00, 0.48, 1.92, 0.11, 0.00, 0.41, 1.23, 0.00, 0.68, 0.00, 0.00, 0.71, 0.79, 0.27, 0.00, 0.00, 1.00, 1.00, 0.00, 1.00, 0.00, 1.00, 0.00, 1.00, 0.00, 0.00, 0.00, 1.00, 0.00, 0.00, 0.00, 0.00
1267,  0,  42.200,  0.98,  1, 0.00, 0.00, 1.08, 0.00, 0.51, 1.99, 0.11, 0.00, 0.41, 1.26, 0.00, 0.64, 0.00, 0.00, 0.74, 0.81, 0.26, 0.00, 0.00, 1.00, 1.00, 0.00, 1.00, 0.00, 1.00, 0.00, 1.00, 0.00, 0.00, 0.00, 1.00, 0.00, 0.00, 0.00, 0.00
1268,  0,  42.233,  0.98,  1, 0.02, 0.00, 1.11, 0.00, 0.52, 2.10, 0.08, 0.00, 0.43, 1.37, 0.00, 0.64, 0.00, 0.00, 0.79, 0.73, 0.21, 0.00, 0.00, 1.00, 1.00, 0.00, 1.00, 0.00, 1.00, 0.00, 1.00, 0.00, 0.00, 0.00, 1.00, 0.00, 0.00, 0.00, 0.00
1269,  0,  42.267,  0.98,  1, 0.02, 0.00, 1.15, 0.00, 0.51, 2.10, 0.02, 0.00, 0.45, 1.45, 0.00, 0.70, 0.00, 0.00, 0.82, 0.64, 0.19, 0.00, 0.00, 1.00, 1.00, 0.00, 1.00, 0.00, 1.00, 0.00, 1.00, 0.00, 0.00, 0.00, 1.00, 0.00, 0.00, 0.00, 0.00
1270,  0,  42.300,  0.98,  1, 0.02, 0.00, 1.20, 0.00, 0.46, 1.88, 0.00, 0.03, 0.45, 1.50, 0.00, 0.66, 0.00, 0.00, 0.88, 0.71, 0.10, 0.00, 0.00, 1.00, 1.00, 0.00, 1.00, 0.00, 1.00, 0.00, 1.00, 0.00, 0.00, 0.00, 1.00, 0.00, 0.00, 0.00, 0.00
1271,  0,  42.333,  0.98,  1, 0.01, 0.00, 1.26, 0.00, 0.40, 1.59, 0.00, 0.04, 0.44, 1.48, 0.00, 0.62, 0.00, 0.00, 0.89, 0.81, 0.05, 0.00, 0.00, 1.00, 1.00, 0.00, 1.00, 0.00, 1.00, 0.00, 1.00, 0.00, 0.00, 0.00, 1.00, 0.00, 0.00, 0.00, 0.00
1272,  0,  42.367,  0.98,  1, 0.04, 0.00, 1.30, 0.00, 0.37, 1.40, 0.00, 0.07, 0.47, 1.43, 0.00, 0.61, 0.00, 0.00, 0.77, 0.78, 0.00, 0.00, 0.00, 1.00, 1.00, 0.00, 1.00, 0.00, 1.00, 0.00, 1.00, 0.00, 0.00, 0.00, 1.00, 0.00, 0.00, 0.00, 0.00
1273,  0,  42.400,  0.98,  1, 0.09, 0.00, 1.31, 0.00, 0.39, 1.44, 0.01, 0.08, 0.50, 1.33, 0.00, 0.68, 0.00, 0.00, 0.61, 0.64, 0.00, 0.00, 0.00, 1.00, 1.00, 0.00, 1.00, 0.00, 1.00, 0.00, 1.00, 0.00, 0.00, 0.00, 1.00, 0.00, 0.00, 0.00, 0.00
1274,  0,  42.433,  0.98,  1, 0.09, 0.00, 1.34, 0.00, 0.40, 1.40, 0.03, 0.09, 0.53, 1.23, 0.00, 0.78, 0.00, 0.00, 0.56, 0.61, 0.00, 0.00, 0.00, 1.00, 1.00, 0.00, 1.00, 0.00, 1.00, 0.00, 1.00, 0.00, 0.00, 0.00, 1.00, 0.00, 0.00, 0.00, 0.00
1275,  0,  42.467,  0.98,  1, 0.08, 0.00, 1.32, 0.00, 0.39, 1.37, 0.06, 0.11, 0.54, 1.24, 0.00, 0.77, 0.00, 0.00, 0.68, 0.63, 0.00, 0.00, 0.00, 1.00, 1.00, 0.00, 1.00, 0.00, 1.00, 0.00, 1.00, 0.00, 0.00, 0.00, 1.00, 0.00, 0.00, 0.00, 0.00
1276,  0,  42.500,  0.98,  1, 0.08, 0.00, 1.25, 0.00, 0.36, 1.22, 0.07, 0.08, 0.55, 1.29, 0.00, 0.82, 0.00, 0.00, 0.76, 0.55, 0.00, 0.00, 0.00, 1.00, 1.00, 0.00, 1.00, 0.00, 1.00, 0.00, 1.00, 0.00, 0.00, 0.00, 1.00, 0.00, 0.00, 0.00, 0.00
1277,  0,  42.533,  0.98,  1, 0.09, 0.00, 1.17, 0.00, 0.36, 1.24, 0.04, 0.05, 0.53, 1.42, 0.00, 0.80, 0.00, 0.00, 0.75, 0.46, 0.00, 0.00, 0.00, 1.00, 1.00, 0.00, 1.00, 0.00, 1.00, 0.00, 1.00, 0.00, 0.00, 0.00, 1.00, 0.00, 0.00, 0.00, 0.00
1278,  0,  42.567,  0.98,  1, 0.09, 0.00, 1.14, 0.00, 0.37, 1.22, 0.01, 0.03, 0.56, 1.51, 0.00, 0.78, 0.00, 0.00, 0.80, 0.44, 0.00, 0.00, 0.00, 1.00, 1.00, 0.00, 1.00, 0.00, 1.00, 0.00, 1.00, 0.00, 0.00, 0.00, 1.00, 0.00, 0.00, 0.00, 0.00
1279,  0,  42.600,  0.98,  1, 0.05, 0.00, 1.05, 0.00, 0.42, 1.36, 0.00, 0.08, 0.63, 1.56, 0.00, 0.75, 0.00, 0.00, 0.81, 0.47, 0.00, 0.00, 0.00, 1.00, 1.00, 0.00, 1.00, 0.00, 1.00, 1.00, 1.00, 0.00, 0.00, 0.00, 1.00, 0.00, 0.00, 0.00, 0.00
1280,  0,  42.633,  0.98,  1, 0.03, 0.00, 1.06, 0.00, 0.43, 1.51, 0.00, 0.11, 0.71, 1.60, 0.00, 0.65, 0.00, 0.00, 0.94, 0.46, 0.00, 0.00, 0.00, 1.00, 1.00, 0.00, 1.00, 0.00, 1.00, 1.00, 1.00, 0.00, 0.00, 0.00, 1.00, 0.00, 0.00, 0.00, 0.00
1281,  0,  42.667,  0.98,  1, 0.00, 0.00, 1.08, 0.00, 0.43, 1.60, 0.00, 0.10, 0.73, 1.57, 0.00, 0.58, 0.00, 0.00, 0.94, 0.43, 0.00, 0.00, 0.00, 1.00, 1.00, 0.00, 1.00, 0.00, 1.00, 1.00, 1.00, 0.00, 0.00, 0.00, 1.00, 0.00, 0.00, 0.00, 0.00
1282,  0,  42.700,  0.98,  1, 0.00, 0.00, 1.16, 0.00, 0.39, 1.59, 0.00, 0.05, 0.68, 1.53, 0.01, 0.53, 0.00, 0.00, 0.86, 0.40, 0.00, 0.00, 0.00, 1.00, 1.00, 0.00, 1.00, 0.00, 1.00, 1.00, 1.00, 0.00, 0.00, 0.00, 1.00, 0.00, 0.00, 0.00, 0.00
1283,  0,  42.733,  0.98,  1, 0.00, 0.00, 1.13, 0.00, 0.40, 1.43, 0.00, 0.02, 0.67, 1.39, 0.01, 0.59, 0.00, 0.02, 0.71, 0.38, 0.01, 0.00, 0.00, 1.00, 1.00, 0.00, 1.00, 0.00, 1.00, 1.00, 1.00, 0.00, 0.00, 0.00, 1.00, 0.00, 0.00, 0.00, 0.00
1284,  0,  42.767,  0.98,  1, 0.00, 0.00, 1.12, 0.00, 0.42, 1.28, 0.00, 0.01, 0.63, 1.25, 0.01, 0.67, 0.00, 0.03, 0.51, 0.40, 0.09, 0.00, 0.00, 1.00, 1.00, 0.00, 1.00, 0.00, 1.00, 1.00, 1.00, 0.00, 0.00, 0.00, 1.00, 0.00, 0.00, 0.00, 0.00
1285,  0,  42.800,  0.98,  1, 0.00, 0.00, 1.12, 0.00, 0.43, 1.19, 0.00, 0.01, 0.59, 1.20, 0.00, 0.73, 0.00, 0.05, 0.44, 0.45, 0.13, 0.00, 0.00, 1.00, 1.00, 0.00, 1.00, 0.00, 1.00, 0.00, 1.00, 0.00, 0.00, 0.00, 1.00, 0.00, 0.00, 0.00, 0.00
1286,  0,  42.833,  0.98,  1, 0.00, 0.01, 1.15, 0.00, 0.40, 1.12, 0.00, 0.01, 0.52, 1.14, 0.02, 0.78, 0.00, 0.09, 0.32, 0.45, 0.23, 0.00, 0.00, 1.00, 1.00, 0.00, 1.00, 0.00, 1.00, 0.00, 1.00, 0.00, 0.00, 0.00, 1.00, 0.00, 0.00, 0.00, 0.00
1287,  0,  42.867,  0.98,  1, 0.00, 0.02, 1.18, 0.00, 0.39, 1.16, 0.00, 0.03, 0.47, 1.19, 0.02, 0.82, 0.00, 0.11, 0.24, 0.43, 0.26, 0.00, 0.00, 1.00, 1.00, 0.00, 1.00, 0.00, 1.00, 0.00, 1.00, 0.00, 0.00, 0.00, 1.00, 0.00, 0.00, 0.00, 0.00
1288,  0,  42.900,  0.98,  1, 0.00, 0.02, 1.16, 0.00, 0.39, 1.15, 0.00, 0.04, 0.44, 1.20, 0.06, 0.87, 0.00, 0.14, 0.13, 0.36, 0.23, 0.00, 0.00, 1.00, 1.00, 0.00, 1.00, 0.00, 1.00, 0.00, 1.00, 0.00, 0.00, 0.00, 1.00, 0.00, 0.00, 0.00, 0.00
1289,  0,  42.933,  0.98,  1, 0.00, 0.00, 1.07, 0.00, 0.41, 1.21, 0.00, 0.04, 0.45, 1.27, 0.11, 0.93, 0.00, 0.17, 0.05, 0.32, 0.12, 0.00, 0.00, 1.00, 1.00, 0.00, 1.00, 0.00, 1.00, 0.00, 1.00, 1.00, 0.00, 0.00, 1.00, 0.00, 0.00, 0.00, 0.00
1290,  0,  42.967,  0.98,  1, 0.00, 0.00, 0.98, 0.00, 0.42, 1.25, 0.00, 0.01, 0.47, 1.26, 0.20, 0.92, 0.00, 0.21, 0.01, 0.23, 0.01, 0.00, 0.00, 1.00, 1.00, 0.00, 1.00, 0.00, 1.00, 0.00, 1.00, 1.00, 0.00, 0.00, 1.00, 0.00, 0.00, 0.00, 0.00
1291,  0,  43.000,  0.98,  1, 0.00, 0.00, 0.99, 0.00, 0.44, 1.29, 0.00, 0.00, 0.44, 1.25, 0.24, 0.88, 0.00, 0.22, 0.00, 0.20, 0.00, 0.00, 0.00, 1.00, 1.00, 0.00, 1.00, 0.00, 1.00, 1.00, 1.00, 1.00, 0.00, 0.00, 1.00, 0.00, 0.00, 0.00, 0.00
1292,  0,  43.033,  0.98,  1, 0.00, 0.00, 1.01, 0.00, 0.46, 1.35, 0.01, 0.00, 0.41, 1.26, 0.25, 0.78, 0.00, 0.19, 0.00, 0.12, 0.00, 0.00, 0.00, 1.00, 1.00, 0.00, 1.00, 0.00, 1.00, 1.00, 1.00, 1.00, 0.00, 0.00, 1.00, 0.00, 0.00, 0.00, 0.00
1293,  0,  43.067,  0.98,  1, 0.00, 0.00, 1.04, 0.00, 0.46, 1.34, 0.01, 0.00, 0.37, 1.33, 0.20, 0.74, 0.00, 0.16, 0.00, 0.07, 0.00, 0.00, 0.00, 1.00, 1.00, 0.00, 1.00, 0.00, 1.00, 1.00, 1.00, 1.00, 0.00, 0.00, 1.00, 0.00, 0.00, 0.00, 0.00
1294,  0,  43.100,  0.98,  1, 0.00, 0.08, 1.03, 0.00, 0.42, 1.28, 0.07, 0.03, 0.34, 1.53, 0.25, 0.72, 0.00, 0.18, 0.00, 0.06, 0.00, 0.00, 0.00, 1.00, 1.00, 0.00, 1.00, 0.00, 1.00, 0.00, 1.00, 1.00, 0.00, 0.00, 1.00, 0.00, 0.00, 0.00, 0.00
1295,  0,  43.133,  0.98,  1, 0.01, 0.17, 1.00, 0.00, 0.43, 1.22, 0.11, 0.03, 0.28, 1.70, 0.23, 0.73, 0.00, 0.19, 0.00, 0.12, 0.00, 0.00, 0.00, 1.00, 1.00, 0.00, 1.00, 0.00, 1.00, 0.00, 1.00, 1.00, 0.00, 0.00, 1.00, 0.00, 0.00, 0.00, 0.00
1296,  0,  43.167,  0.98,  1, 0.01, 0.17, 1.09, 0.00, 0.45, 1.26, 0.17, 0.03, 0.24, 1.75, 0.41, 0.62, 0.00, 0.14, 0.00, 0.24, 0.00, 0.00, 0.00, 1.00, 1.00, 0.00, 1.00, 0.00, 1.00, 0.00, 1.00, 1.00, 0.00, 0.00, 1.00, 0.00, 0.00, 0.00, 0.00
1297,  0,  43.200,  0.98,  1, 0.01, 0.09, 1.19, 0.00, 0.45, 1.37, 0.20, 0.00, 0.26, 1.71, 0.53, 0.51, 0.00, 0.07, 0.00, 0.25, 0.00, 0.00, 0.00, 1.00, 1.00, 0.00, 1.00, 0.00, 1.00, 0.00, 1.00, 0.00, 0.00, 0.00, 1.00, 0.00, 0.00, 0.00, 0.00
1298,  0,  43.233,  0.98,  1, 0.00, 0.00, 1.37, 0.00, 0.43, 1.36, 0.22, 0.00, 0.29, 1.66, 0.73, 0.40, 0.00, 0.00, 0.00, 0.23, 0.00, 0.00, 0.00, 1.00, 1.00, 0.00, 1.00, 0.00, 1.00, 0.00, 1.00, 0.00, 0.00, 0.00, 1.00, 0.00, 0.00, 0.00, 0.00
1299,  0,  43.267,  0.98,  1, 0.00, 0.02, 1.38, 0.00, 0.43, 1.35, 0.22, 0.00, 0.31, 1.68, 0.82, 0.38, 0.00, 0.00, 0.00, 0.18, 0.00, 0.00, 0.00, 1.00, 1.00, 0.00, 1.00, 0.00, 1.00, 0.00, 1.00, 0.00, 0.00, 0.00, 1.00, 0.00, 0.00, 0.00, 0.00
1300,  0,  43.300,  0.98,  1, 0.00, 0.08, 1.38, 0.00, 0.45, 1.34, 0.22, 0.00, 0.31, 1.62, 0.90, 0.37, 0.00, 0.00, 0.00, 0.21, 0.00, 0.00, 0.00, 1.00, 1.00, 0.00, 1.00, 0.00, 1.00, 0.00, 1.00, 0.00, 0.00, 0.00, 1.00, 0.00, 0.00, 0.00, 0.00
1301,  0,  43.333,  0.98,  1, 0.00, 0.13, 1.33, 0.00, 0.49, 1.38, 0.25, 0.00, 0.32, 1.59, 0.91, 0.36, 0.00, 0.01, 0.00, 0.18, 0.00, 0.00, 0.00, 1.00, 1.00, 0.00, 1.00, 0.00, 1.00, 0.00, 1.00, 0.00, 0.00, 0.00, 1.00, 0.00, 0.00, 0.00, 0.00
1302,  0,  43.367,  0.98,  1, 0.03, 0.16, 1.34, 0.00, 0.48, 1.45, 0.23, 0.00, 0.35, 1.53, 0.77, 0.36, 0.00, 0.03, 0.00, 0.11, 0.00, 0.00, 0.00, 1.00, 1.00, 0.00, 1.00, 0.00, 1.00, 0.00, 1.00, 0.00, 0.00, 0.00, 1.00, 0.00, 0.00, 0.00, 0.00
1303,  0,  43.400,  0.98,  1, 0.05, 0.10, 1.36, 0.00, 0.46, 1.51, 0.17, 0.00, 0.37, 1.51, 0.64, 0.37, 0.00, 0.03, 0.00, 0.03, 0.00, 0.00, 0.00, 1.00, 1.00, 0.00, 1.00, 0.00, 1.00, 0.00, 1.00, 0.00, 0.00, 0.00, 1.00, 0.00, 0.00, 0.00, 0.00
1304,  0,  43.433,  0.98,  1, 0.08, 0.13, 1.35, 0.00, 0.44, 1.53, 0.11, 0.00, 0.36, 1.54, 0.56, 0.41, 0.00, 0.02, 0.00, 0.00, 0.06, 0.00, 0.00, 1.00, 1.00, 0.00, 1.00, 0.00, 1.00, 0.00, 1.00, 0.00, 0.00, 0.00, 1.00, 0.00, 0.00, 0.00, 0.00
1305,  0,  43.467,  0.98,  1, 0.06, 0.08, 1.39, 0.00, 0.48, 1.42, 0.06, 0.00, 0.36, 1.58, 0.66, 0.42, 0.00, 0.00, 0.00, 0.03, 0.52, 0.00, 0.00, 1.00, 1.00, 0.00, 1.00, 0.00, 1.00, 0.00, 1.00, 0.00, 0.00, 0.00, 1.00, 0.00, 0.00, 0.00, 0.00
1306,  0,  43.500,  0.98,  1, 0.09, 0.08, 1.39, 0.00, 0.58, 1.35, 0.09, 0.00, 0.42, 1.47, 0.70, 0.51, 0.09, 0.00, 0.00, 0.03, 1.23, 0.00, 0.00, 1.00, 1.00, 0.00, 1.00, 0.00, 1.00, 0.00, 1.00, 0.00, 0.00, 0.00, 1.00, 0.00, 0.00, 0.00, 1.00
1307,  0,  43.533,  0.98,  1, 0.08, 0.00, 1.39, 0.00, 0.69, 1.31, 0.11, 0.01, 0.48, 1.33, 0.78, 0.57, 0.21, 0.00, 0.00, 0.04, 1.85, 0.00, 0.00, 1.00, 1.00, 0.00, 1.00, 0.00, 1.00, 0.00, 1.00, 0.00, 0.00, 0.00, 1.00, 0.00, 0.00, 0.00, 1.00
1308,  0,  43.567,  0.98,  1, 0.06, 0.00, 1.36, 0.00, 0.75, 1.41, 0.15, 0.01, 0.52, 1.20, 0.79, 0.56, 0.21, 0.00, 0.00, 0.01, 2.00, 0.00, 0.00, 1.00, 1.00, 0.00, 1.00, 0.00, 1.00, 0.00, 1.00, 0.00, 0.00, 0.00, 1.00, 0.00, 0.00, 0.00, 1.00
1309,  0,  43.600,  0.98,  1, 0.02, 0.00, 1.34, 0.00, 0.71, 1.45, 0.10, 0.01, 0.51, 1.17, 0.81, 0.44, 0.12, 0.00, 0.08, 0.09, 1.76, 0.00, 0.00, 1.00, 1.00, 0.00, 1.00, 0.00, 1.00, 0.00, 1.00, 0.00, 0.00, 0.00, 1.00, 0.00, 0.00, 0.00, 1.00
1310,  0,  43.633,  0.98,  1, 0.01, 0.00, 1.35, 0.00, 0.67, 1.66, 0.05, 0.00, 0.54, 1.08, 0.78, 0.31, 0.00, 0.00, 0.15, 0.15, 1.45, 0.00, 0.00, 1.00, 1.00, 0.00, 1.00, 0.00, 1.00, 0.00, 1.00, 1.00, 0.00, 0.00, 1.00, 0.00, 0.00, 0.00, 1.00
1311,  0,  43.667,  0.98,  1, 0.01, 0.00, 1.32, 0.00, 0.61, 1.79, 0.01, 0.00, 0.55, 1.03, 0.81, 0.27, 0.03, 0.00, 0.20, 0.15, 1.12, 0.00, 0.00, 1.00, 1.00, 0.00, 1.00, 0.00, 1.00, 0.00, 1.00, 1.00, 0.00, 0.00, 1.00, 0.00, 0.00, 0.00, 1.00
1312,  0,  43.700,  0.98,  1, 0.01, 0.00, 1.24, 0.00, 0.62, 1.92, 0.00, 0.00, 0.59, 1.03, 0.83, 0.25, 0.03, 0.00, 0.20, 0.11, 0.97, 0.00, 0.00, 1.00, 1.00, 0.00, 1.00, 0.00, 1.00, 0.00, 1.00, 1.00, 0.00, 0.00, 1.00, 0.00, 0.00, 0.00, 0.00
1313,  0,  43.733,  0.98,  1, 0.00, 0.00, 1.17, 0.00, 0.56, 1.84, 0.00, 0.01, 0.59, 1.11, 0.86, 0.25, 0.03, 0.00, 0.16, 0.06, 0.68, 0.00, 0.00, 1.00, 1.00, 0.00, 1.00, 0.00, 1.00, 0.00, 1.00, 1.00, 0.00, 0.00, 1.00, 0.00, 0.00, 0.00, 0.00
1314,  0,  43.767,  0.98,  1, 0.00, 0.00, 1.09, 0.00, 0.53, 1.79, 0.00, 0.01, 0.53, 1.17, 0.75, 0.38, 0.00, 0.01, 0.11, 0.06, 0.51, 0.00, 0.00, 1.00, 1.00, 0.00, 1.00, 0.00, 1.00, 0.00, 1.00, 1.00, 0.00, 0.00, 1.00, 0.00, 0.00, 0.00, 0.00
1315,  0,  43.800,  0.98,  1, 0.00, 0.00, 0.98, 0.00, 0.46, 1.73, 0.00, 0.01, 0.45, 1.21, 0.62, 0.47, 0.00, 0.03, 0.02, 0.02, 0.28, 0.00, 0.00, 1.00, 1.00, 0.00, 1.00, 0.00, 1.00, 0.00, 1.00, 1.00, 0.00, 0.00, 1.00, 0.00, 0.00, 0.00, 0.00
1316,  0,  43.833,  0.98,  1, 0.00, 0.00, 0.91, 0.00, 0.49, 1.75, 0.00, 0.04, 0.36, 1.22, 0.56, 0.55, 0.00, 0.07, 0.03, 0.00, 0.24, 0.00, 0.00, 1.00, 1.00, 0.00, 1.00, 0.00, 1.00, 0.00, 1.00, 1.00, 0.00, 0.00, 1.00, 0.00, 0.00, 0.00, 0.00
1317,  0,  43.867,  0.98,  1, 0.00, 0.00, 0.94, 0.00, 0.51, 1.76, 0.00, 0.09, 0.34, 1.28, 0.54, 0.50, 0.00, 0.07, 0.07, 0.00, 0.25, 0.00, 0.00, 1.00, 1.00, 0.00, 1.00, 0.00, 1.00, 0.00, 1.00, 0.00, 0.00, 0.00, 1.00, 0.00, 0.00, 0.00, 0.00
1318,  0,  43.900,  0.98,  1, 0.00, 0.00, 0.99, 0.00, 0.57, 1.64, 0.00, 0.09, 0.30, 1.38, 0.60, 0.52, 0.00, 0.06, 0.22, 0.00, 0.30, 0.00, 0.00, 1.00, 1.00, 0.00, 1.00, 0.00, 1.00, 0.00, 1.00, 0.00, 0.00, 0.00, 1.00, 0.00, 0.00, 0.00, 0.00
1319,  0,  43.933,  0.98,  1, 0.00, 0.00, 0.99, 0.00, 0.56, 1.48, 0.00, 0.04, 0.30, 1.52, 0.63, 0.58, 0.10, 0.05, 0.31, 0.03, 0.30, 0.00, 0.00, 1.00, 1.00, 0.00, 1.00, 0.00, 1.00, 0.00, 1.00, 0.00, 0.00, 0.00, 1.00, 0.00, 0.00, 0.00, 0.00
1320,  0,  43.967,  0.98,  1, 0.01, 0.00, 1.08, 0.00, 0.55, 1.52, 0.01, 0.00, 0.37, 1.51, 0.46, 0.58, 0.12, 0.05, 0.38, 0.12, 0.29, 0.00, 0.00, 1.00, 1.00, 0.00, 1.00, 0.00, 1.00, 0.00, 1.00, 0.00, 0.00, 0.00, 1.00, 0.00, 0.00, 0.00, 0.00
1321,  0,  44.000,  0.98,  1, 0.08, 0.00, 1.31, 0.00, 0.53, 1.85, 0.01, 0.05, 0.49, 1.57, 0.27, 0.55, 0.12, 0.03, 0.42, 0.27, 0.22, 0.00, 0.00, 1.00, 1.00, 0.00, 1.00, 0.00, 1.00, 1.00, 1.00, 0.00, 0.00, 0.00, 1.00, 0.00, 0.00, 0.00, 0.00
1322,  0,  44.033,  0.98,  1, 0.16, 0.00, 1.46, 0.00, 0.53, 2.11, 0.06, 0.16, 0.60, 1.57, 0.08, 0.47, 0.02, 0.00, 0.65, 0.34, 0.23, 0.00, 0.00, 1.00, 1.00, 0.00, 1.00, 0.00, 1.00, 1.00, 1.00, 0.00, 0.00, 0.00, 1.00, 0.00, 0.00, 0.00, 0.00
1323,  0,  44.067,  0.98,  1, 0.16, 0.00, 1.46, 0.00, 0.55, 2.13, 0.07, 0.30, 0.73, 1.56, 0.05, 0.42, 0.00, 0.00, 1.00, 0.44, 0.16, 0.00, 0.00, 1.00, 1.00, 0.00, 1.00, 0.00, 1.00, 1.00, 1.00, 0.00, 0.00, 0.00, 1.00, 0.00, 0.00, 0.00, 0.00
1324,  0,  44.100,  0.98,  1, 0.20, 0.00, 1.38, 0.00, 0.57, 2.06, 0.12, 0.44, 0.82, 1.44, 0.02, 0.31, 0.00, 0.00, 1.30, 0.58, 0.17, 0.00, 0.00, 1.00, 1.00, 0.00, 1.00, 0.00, 1.00, 1.00, 1.00, 0.00, 0.00, 0.00, 1.00, 0.00, 0.00, 0.00, 0.00
1325,  0,  44.133,  0.98,  1, 0.15, 0.00, 1.39, 0.00, 0.62, 2.15, 0.14, 0.46, 0.92, 1.29, 0.00, 0.27, 0.00, 0.00, 1.47, 0.77, 0.12, 0.00, 0.00, 1.00, 1.00, 0.00, 1.00, 0.00, 1.00, 1.00, 1.00, 0.00, 0.00, 0.00, 1.00, 0.00, 0.00, 0.00, 0.00
1326,  0,  44.167,  0.98,  1, 0.19, 0.00, 1.38, 0.00, 0.63, 2.18, 0.12, 0.50, 0.91, 1.22, 0.00, 0.25, 0.00, 0.00, 1.52, 0.83, 0.14, 0.00, 0.00, 1.00, 1.00, 0.00, 1.00, 0.00, 1.00, 1.00, 1.00, 0.00, 0.00, 0.00, 1.00, 0.00, 0.00, 0.00, 0.00
1327,  0,  44.200,  0.98,  1, 0.31, 0.00, 1.33, 0.00, 0.61, 2.10, 0.07, 0.47, 0.86, 1.13, 0.00, 0.23, 0.00, 0.00, 1.46, 0.83, 0.44, 0.00, 0.00, 1.00, 1.00, 0.00, 1.00, 0.00, 1.00, 1.00, 1.00, 0.00, 0.00, 0.00, 1.00, 0.00, 0.00, 0.00, 0.00
1328,  0,  44.233,  0.98,  1, 0.40, 0.00, 1.09, 0.00, 0.46, 1.63, 0.01, 0.46, 0.70, 1.20, 0.00, 0.25, 0.00, 0.00, 1.08, 0.86, 1.29, 0.00, 0.00, 1.00, 1.00, 0.00, 1.00, 0.00, 1.00, 1.00, 1.00, 0.00, 0.00, 0.00, 1.00, 0.00, 0.00, 0.00, 1.00
1329,  0,  44.267,  0.98,  1, 0.46, 0.00, 0.85, 0.00, 0.29, 1.01, 0.01, 0.33, 0.47, 1.33, 0.00, 0.28, 0.00, 0.00, 0.59, 0.79, 2.15, 0.00, 0.00, 1.00, 1.00, 0.00, 1.00, 0.00, 1.00, 1.00, 1.00, 0.00, 0.00, 0.00, 1.00, 0.00, 0.00, 0.00, 1.00
1330,  0,  44.300,  0.98,  1, 0.23, 0.00, 0.76, 0.00, 0.13, 0.39, 0.01, 0.17, 0.26, 1.43, 0.00, 0.53, 0.00, 0.00, 0.20, 0.68, 2.73, 0.00, 0.00, 1.00, 1.00, 0.00, 1.00, 0.00, 1.00, 1.00, 1.00, 0.00, 0.00, 0.00, 1.00, 0.00, 0.00, 0.00, 1.00
1331,  0,  44.333,  0.98,  1, 0.12, 0.00, 0.90, 0.06, 0.14, 0.16, 0.00, 0.05, 0.23, 1.50, 0.00, 0.60, 0.00, 0.00, 0.22, 0.72, 2.64, 0.00, 0.00, 1.00, 1.00, 0.00, 1.00, 0.00, 1.00, 0.00, 1.00, 0.00, 0.00, 0.00, 1.00, 0.00, 0.00, 0.00, 1.00
1332,  0,  44.367,  0.98,  1, 0.00, 0.00, 1.04, 0.06, 0.33, 0.40, 0.00, 0.00, 0.19, 1.36, 0.00, 0.52, 0.00, 0.00, 0.58, 1.04, 2.23, 0.00, 0.00, 1.00, 1.00, 0.00, 1.00, 0.00, 1.00, 0.00, 1.00, 0.00, 0.00, 0.00, 1.00, 0.00, 0.00, 0.00, 1.00
1333,  0,  44.400,  0.98,  1, 0.00, 0.00, 1.02, 0.06, 0.52, 0.70, 0.00, 0.05, 0.19, 1.25, 0.00, 0.22, 0.08, 0.00, 1.07, 1.31, 1.71, 0.00, 0.00, 1.00, 1.00, 0.00, 1.00, 0.00, 1.00, 0.00, 1.00, 0.00, 0.00, 0.00, 1.00, 1.00, 1.00, 0.00, 1.00
1334,  0,  44.433,  0.98,  1, 0.04, 0.00, 0.86, 0.00, 0.59, 0.85, 0.00, 0.18, 0.21, 1.03, 0.00, 0.08, 0.08, 0.00, 1.43, 1.50, 1.24, 0.00, 0.00, 0.00, 1.00, 0.00, 1.00, 0.00, 1.00, 0.00, 1.00, 0.00, 0.00, 0.00, 1.00, 1.00, 1.00, 0.00, 1.00
1335,  0,  44.467,  0.98,  1, 0.04, 0.00, 0.76, 0.00, 0.56, 0.66, 0.00, 0.29, 0.41, 1.11, 0.00, 0.13, 0.10, 0.00, 1.63, 1.53, 0.98, 0.00, 0.00, 1.00, 1.00, 0.00, 1.00, 0.00, 1.00, 0.00, 1.00, 0.00, 0.00, 0.00, 1.00, 1.00, 1.00, 0.00, 1.00
1336,  0,  44.500,  0.98,  1, 0.04, 0.00, 0.70, 0.00, 0.53, 0.59, 0.00, 0.36, 0.71, 1.18, 0.00, 0.13, 0.02, 0.00, 1.66, 1.52, 0.70, 0.00, 0.00, 1.00, 1.00, 0.00, 1.00, 0.00, 1.00, 0.00, 1.00, 0.00, 0.00, 0.00, 1.00, 1.00, 1.00, 0.00, 0.00
1337,  0,  44.533,  0.98,  1, 0.00, 0.00, 0.79, 0.00, 0.60, 0.69, 0.00, 0.41, 0.95, 1.26, 0.00, 0.10, 0.02, 0.00, 1.66, 1.17, 0.53, 0.00, 0.00, 1.00, 1.00, 0.00, 1.00, 0.00, 1.00, 1.00, 1.00, 0.00, 0.00, 0.00, 1.00, 1.00, 0.00, 0.00, 0.00
1338,  0,  44.567,  0.98,  1, 0.05, 0.00, 0.86, 0.00, 0.54, 0.64, 0.00, 0.40, 1.13, 1.08, 0.00, 0.02, 0.00, 0.00, 1.63, 0.80, 0.41, 0.00, 0.00, 1.00, 1.00, 0.00, 1.00, 0.00, 1.00, 1.00, 1.00, 0.00, 0.00, 0.00, 0.00, 1.00, 0.00, 0.00, 0.00
1339,  0,  44.600,  0.98,  1, 0.09, 0.00, 1.00, 0.05, 0.50, 0.66, 0.00, 0.34, 1.15, 0.93, 0.00, 0.15, 0.00, 0.00, 1.63, 0.51, 0.39, 0.00, 0.00, 1.00, 1.00, 0.00, 1.00, 0.00, 1.00, 1.00, 1.00, 0.00, 0.00, 0.00, 0.00, 1.00, 0.00, 0.00, 0.00
1340,  0,  44.633,  0.98,  1, 0.23, 0.00, 1.06, 0.05, 0.39, 0.78, 0.00, 0.25, 1.07, 0.77, 0.00, 0.27, 0.00, 0.00, 1.43, 0.32, 0.28, 0.00, 0.00, 1.00, 1.00, 0.00, 1.00, 0.00, 1.00, 1.00, 1.00, 0.00, 0.00, 0.00, 0.00, 1.00, 0.00, 0.00, 0.00
1341,  0,  44.667,  0.98,  1, 0.26, 0.00, 1.09, 0.05, 0.29, 0.90, 0.00, 0.27, 0.92, 0.60, 0.00, 0.52, 0.00, 0.00, 1.07, 0.14, 0.15, 0.00, 0.00, 1.00, 1.00, 0.00, 1.00, 0.00, 1.00, 1.00, 1.00, 0.00, 0.00, 0.00, 1.00, 1.00, 0.00, 0.00, 0.00
1342,  0,  44.700,  0.98,  1, 0.33, 0.06, 1.10, 0.00, 0.26, 0.86, 0.00, 0.24, 0.81, 0.42, 0.01, 0.65, 0.00, 0.00, 0.78, 0.08, 0.06, 0.00, 0.00, 1.00, 1.00, 0.00, 1.00, 0.00, 1.00, 1.00, 1.00, 0.00, 0.00, 0.00, 0.00, 0.00, 0.00, 0.00, 0.00
1343,  0,  44.733,  0.98,  1, 0.30, 0.06, 1.08, 0.00, 0.27, 0.57, 0.00, 0.19, 0.80, 0.29, 0.01, 0.78, 0.00, 0.00, 0.72, 0.08, 0.04, 0.00, 0.00, 1.00, 1.00, 0.00, 1.00, 0.00, 1.00, 1.00, 1.00, 0.00, 0.00, 0.00, 0.00, 0.00, 0.00, 0.00, 0.00
1344,  0,  44.767,  0.98,  1, 0.30, 0.16, 1.14, 0.00, 0.37, 0.74, 0.00, 0.16, 0.85, 0.20, 0.04, 0.59, 0.00, 0.00, 0.78, 0.12, 0.14, 0.00, 0.00, 1.00, 1.00, 0.00, 1.00, 0.00, 1.00, 1.00, 1.00, 0.00, 0.00, 0.00, 0.00, 0.00, 0.00, 0.00, 0.00
1345,  0,  44.800,  0.98,  1, 0.30, 0.10, 1.20, 0.00, 0.45, 0.82, 0.00, 0.25, 0.88, 0.22, 0.07, 0.34, 0.00, 0.00, 0.79, 0.04, 0.36, 0.00, 0.00, 1.00, 1.00, 0.00, 1.00, 0.00, 1.00, 1.00, 1.00, 0.00, 0.00, 0.00, 0.00, 0.00, 0.00, 0.00, 1.00
1346,  0,  44.833,  0.98,  1, 0.33, 0.10, 1.34, 0.00, 0.60, 1.01, 0.00, 0.38, 0.99, 0.28, 0.07, 0.06, 0.00, 0.00, 0.91, 0.19, 0.69, 0.00, 0.00, 1.00, 1.00, 0.00, 1.00, 0.00, 1.00, 1.00, 1.00, 0.00, 0.00, 0.00, 0.00, 0.00, 0.00, 0.00, 1.00
1347,  0,  44.867,  0.98,  1, 0.44, 0.03, 1.45, 0.00, 0.78, 1.04, 0.00, 0.46, 1.15, 0.49, 0.09, 0.00, 0.00, 0.00, 1.04, 0.29, 0.86, 0.00, 0.00, 1.00, 1.00, 0.00, 1.00, 0.00, 1.00, 1.00, 1.00, 0.00, 0.00, 0.00, 0.00, 1.00, 0.00, 0.00, 1.00
1348,  0,  44.900,  0.98,  1, 0.40, 0.03, 1.51, 0.00, 0.99, 1.04, 0.00, 0.53, 1.34, 0.72, 0.13, 0.00, 0.00, 0.00, 1.16, 0.41, 0.76, 0.00, 0.00, 1.00, 1.00, 0.00, 1.00, 0.00, 1.00, 1.00, 1.00, 0.00, 0.00, 0.00, 0.00, 1.00, 0.00, 0.00, 1.00
1349,  0,  44.933,  0.98,  1, 0.33, 0.03, 1.48, 0.00, 1.10, 1.10, 0.00, 0.52, 1.44, 0.82, 0.21, 0.00, 0.00, 0.00, 1.19, 0.35, 0.55, 1.00, 1.00, 1.00, 1.00, 0.00, 1.00, 0.00, 1.00, 1.00, 1.00, 0.00, 0.00, 0.00, 0.00, 1.00, 0.00, 0.00, 1.00
1350,  0,  44.967,  0.98,  1, 0.24, 0.00, 1.45, 0.00, 1.11, 1.08, 0.00, 0.43, 1.42, 1.04, 0.18, 0.00, 0.00, 0.00, 1.28, 0.36, 0.49, 1.00, 1.00, 1.00, 1.00, 0.00, 1.00, 0.00, 1.00, 1.00, 1.00, 0.00, 0.00, 0.00, 0.00, 1.00, 0.00, 0.00, 1.00
1351,  0,  45.000,  0.98,  1, 0.26, 0.00, 1.48, 0.00, 1.01, 1.08, 0.00, 0.34, 1.35, 1.11, 0.30, 0.00, 0.00, 0.00, 1.35, 0.41, 0.48, 1.00, 1.00, 1.00, 1.00, 0.00, 1.00, 0.00, 1.00, 1.00, 1.00, 0.00, 0.00, 0.00, 0.00, 1.00, 0.00, 0.00, 1.00
1352,  0,  45.033,  0.98,  1, 0.33, 0.03, 1.57, 0.00, 0.86, 1.03, 0.00, 0.26, 1.27, 1.01, 0.43, 0.00, 0.00, 0.00, 1.37, 0.47, 0.44, 1.00, 0.00, 1.00, 1.00, 0.00, 1.00, 0.00, 1.00, 1.00, 1.00, 0.00, 0.00, 0.00, 0.00, 1.00, 0.00, 0.00, 1.00
1353,  0,  45.067,  0.98,  1, 0.43, 0.04, 1.53, 0.00, 0.75, 0.98, 0.00, 0.18, 1.20, 0.71, 0.58, 0.00, 0.00, 0.00, 1.23, 0.43, 0.41, 1.00, 1.00, 1.00, 1.00, 0.00, 1.00, 0.00, 1.00, 1.00, 1.00, 0.00, 0.00, 0.00, 0.00, 1.00, 0.00, 0.00, 1.00
1354,  0,  45.100,  0.98,  1, 0.48, 0.04, 1.45, 0.00, 0.67, 1.06, 0.00, 0.12, 1.06, 0.47, 0.39, 0.00, 0.00, 0.00, 1.03, 0.44, 0.38, 1.00, 0.00, 1.00, 1.00, 0.00, 1.00, 0.00, 1.00, 1.00, 1.00, 0.00, 0.00, 0.00, 0.00, 1.00, 0.00, 0.00, 1.00
1355,  0,  45.133,  0.98,  1, 0.44, 0.01, 1.43, 0.00, 0.68, 1.14, 0.00, 0.19, 0.96, 0.30, 0.19, 0.00, 0.00, 0.00, 0.86, 0.46, 0.52, 0.00, 0.00, 1.00, 1.00, 0.00, 1.00, 0.00, 1.00, 1.00, 1.00, 0.00, 0.00, 0.00, 0.00, 1.00, 0.00, 0.00, 1.00
1356,  0,  45.167,  0.98,  1, 0.44, 0.00, 1.42, 0.00, 0.80, 1.17, 0.00, 0.49, 0.96, 0.17, 0.02, 0.00, 0.00, 0.00, 0.90, 0.49, 0.61, 0.00, 0.00, 1.00, 1.00, 0.00, 1.00, 0.00, 1.00, 1.00, 1.00, 0.00, 0.00, 0.00, 0.00, 1.00, 0.00, 0.00, 1.00
1357,  0,  45.200,  0.98,  1, 0.48, 0.00, 1.36, 0.00, 0.91, 1.31, 0.00, 0.77, 0.97, 0.05, 0.02, 0.00, 0.00, 0.00, 1.04, 0.39, 0.68, 0.00, 0.00, 1.00, 0.00, 1.00, 1.00, 0.00, 1.00, 1.00, 1.00, 0.00, 0.00, 0.00, 0.00, 1.00, 0.00, 0.00, 1.00
1358,  0,  45.233,  0.98,  1, 0.50, 0.00, 1.30, 0.00, 1.04, 1.42, 0.00, 0.97, 0.99, 0.07, 0.01, 0.00, 0.00, 0.07, 1.11, 0.22, 0.66, 0.00, 0.00, 1.00, 0.00, 1.00, 1.00, 0.00, 1.00, 1.00, 1.00, 0.00, 0.00, 0.00, 0.00, 1.00, 0.00, 0.00, 1.00
1359,  0,  45.267,  0.98,  1, 0.46, 0.07, 1.25, 0.00, 1.04, 1.53, 0.00, 0.96, 0.99, 0.24, 0.00, 0.00, 0.00, 0.15, 1.11, 0.07, 0.60, 0.00, 0.00, 0.00, 0.00, 1.00, 1.00, 0.00, 1.00, 1.00, 1.00, 0.00, 0.00, 0.00, 0.00, 1.00, 0.00, 0.00, 1.00
1360,  0,  45.300,  0.98,  1, 0.44, 0.20, 1.24, 0.00, 1.11, 1.61, 0.00, 0.94, 1.13, 0.39, 0.01, 0.00, 0.00, 0.19, 1.22, 0.07, 0.51, 0.00, 0.00, 0.00, 0.00, 1.00, 1.00, 0.00, 1.00, 1.00, 1.00, 0.00, 0.00, 0.00, 0.00, 1.00, 0.00, 0.00, 1.00
1361,  0,  45.333,  0.98,  1, 0.41, 0.26, 1.15, 0.00, 1.25, 1.49, 0.00, 1.00, 1.33, 0.70, 0.01, 0.00, 0.00, 0.12, 1.55, 0.20, 0.47, 0.00, 0.00, 0.00, 0.00, 1.00, 1.00, 0.00, 1.00, 1.00, 1.00, 0.00, 0.00, 0.00, 0.00, 1.00, 0.00, 0.00, 1.00
1362,  0,  45.367,  0.98,  1, 0.33, 0.22, 1.15, 0.00, 1.43, 1.64, 0.01, 1.16, 1.50, 0.87, 0.01, 0.00, 0.00, 0.05, 1.89, 0.31, 0.44, 0.00, 0.00, 0.00, 0.00, 1.00, 1.00, 0.00, 1.00, 1.00, 1.00, 0.00, 0.00, 0.00, 0.00, 1.00, 0.00, 0.00, 1.00
1363,  0,  45.400,  0.98,  1, 0.23, 0.14, 1.16, 0.00, 1.54, 1.68, 0.02, 1.25, 1.60, 1.15, 0.00, 0.00, 0.00, 0.00, 2.11, 0.38, 0.45, 0.00, 0.00, 0.00, 0.00, 1.00, 1.00, 0.00, 1.00, 1.00, 1.00, 0.00, 0.00, 0.00, 0.00, 1.00, 0.00, 0.00, 1.00
1364,  0,  45.433,  0.98,  1, 0.17, 0.07, 1.18, 0.00, 1.59, 1.82, 0.02, 1.27, 1.65, 1.10, 0.00, 0.00, 0.00, 0.02, 2.23, 0.64, 0.35, 0.00, 0.00, 0.00, 0.00, 1.00, 1.00, 0.00, 1.00, 1.00, 1.00, 0.00, 0.00, 0.00, 0.00, 1.00, 0.00, 0.00, 1.00
1365,  0,  45.467,  0.98,  1, 0.12, 0.07, 1.12, 0.00, 1.61, 1.87, 0.01, 1.19, 1.71, 1.10, 0.00, 0.00, 0.00, 0.05, 2.14, 1.01, 0.18, 0.00, 0.00, 0.00, 0.00, 1.00, 1.00, 0.00, 1.00, 1.00, 1.00, 0.00, 0.00, 0.00, 0.00, 1.00, 0.00, 0.00, 1.00
1366,  0,  45.500,  0.98,  1, 0.21, 0.02, 1.14, 0.00, 1.61, 1.73, 0.00, 1.11, 1.77, 0.88, 0.00, 0.00, 0.00, 0.10, 2.19, 1.37, 0.06, 0.00, 0.00, 0.00, 0.00, 1.00, 1.00, 0.00, 1.00, 1.00, 1.00, 0.00, 0.00, 0.00, 0.00, 1.00, 0.00, 0.00, 1.00
1367,  0,  45.533,  0.98,  1, 0.24, 0.07, 1.14, 0.00, 1.57, 1.68, 0.03, 1.04, 1.75, 0.79, 0.10, 0.00, 0.00, 0.18, 2.06, 1.42, 0.03, 0.00, 0.00, 0.00, 0.00, 1.00, 1.00, 0.00, 1.00, 1.00, 1.00, 0.00, 0.00, 0.00, 0.00, 1.00, 0.00, 0.00, 1.00
1368,  0,  45.567,  0.98,  1, 0.29, 0.05, 1.15, 0.00, 1.43, 1.52, 0.06, 0.74, 1.52, 0.80, 0.16, 0.06, 0.00, 0.30, 1.84, 1.22, 0.03, 0.00, 0.00, 0.00, 0.00, 1.00, 1.00, 0.00, 1.00, 1.00, 1.00, 0.00, 0.00, 0.00, 0.00, 1.00, 0.00, 0.00, 1.00
1369,  0,  45.600,  0.98,  1, 0.34, 0.05, 1.15, 0.00, 1.24, 1.70, 0.09, 0.63, 1.08, 0.60, 0.36, 0.25, 0.00, 0.40, 1.12, 0.89, 0.03, 0.00, 0.00, 0.00, 0.00, 1.00, 1.00, 0.00, 1.00, 1.00, 1.00, 0.00, 0.00, 0.00, 0.00, 1.00, 0.00, 0.00, 1.00
1370,  0,  45.633,  0.98,  1, 0.61, 0.18, 1.12, 0.00, 0.95, 1.60, 0.07, 0.37, 0.56, 0.40, 0.63, 0.42, 0.00, 0.40, 0.47, 0.55, 0.00, 0.00, 0.00, 0.00, 0.00, 1.00, 1.00, 0.00, 1.00, 1.00, 1.00, 0.00, 1.00, 0.00, 0.00, 0.00, 0.00, 0.00, 1.00
1371,  0,  45.667,  0.98,  1, 0.80, 0.19, 1.07, 0.00, 0.76, 1.41, 0.04, 0.43, 0.26, 0.06, 1.23, 0.57, 0.00, 0.35, 0.05, 0.43, 0.00, 0.00, 0.00, 0.00, 0.00, 1.00, 1.00, 0.00, 1.00, 1.00, 0.00, 1.00, 1.00, 0.00, 0.00, 0.00, 0.00, 0.00, 0.00
1372,  0,  45.700,  0.98,  1, 0.96, 0.18, 0.83, 0.00, 0.53, 1.14, 0.00, 0.29, 0.14, 0.00, 1.66, 0.65, 0.00, 0.36, 0.00, 0.39, 0.00, 0.00, 0.00, 0.00, 0.00, 1.00, 1.00, 0.00, 1.00, 1.00, 0.00, 1.00, 1.00, 0.00, 0.00, 0.00, 0.00, 0.00, 0.00
1373,  0,  45.733,  0.98,  1, 0.90, 0.01, 0.68, 0.00, 0.46, 1.11, 0.00, 0.39, 0.25, 0.00, 1.71, 0.61, 0.00, 0.43, 0.15, 0.54, 0.00, 0.00, 0.00, 0.00, 0.00, 1.00, 1.00, 0.00, 1.00, 1.00, 0.00, 1.00, 1.00, 0.00, 0.00, 0.00, 0.00, 0.00, 1.00
1374,  0,  45.767,  0.98,  1, 0.76, 0.00, 0.58, 0.00, 0.43, 1.32, 0.00, 0.42, 0.41, 0.00, 1.48, 0.41, 0.00, 0.40, 0.61, 0.78, 0.00, 0.00, 0.00, 0.00, 0.00, 1.00, 1.00, 0.00, 1.00, 1.00, 0.00, 1.00, 1.00, 0.00, 0.00, 0.00, 0.00, 0.00, 1.00
1375,  0,  45.800,  0.98,  1, 0.53, 0.00, 0.61, 0.00, 0.59, 1.31, 0.00, 0.56, 0.60, 0.00, 1.23, 0.15, 0.00, 0.31, 1.08, 0.98, 0.00, 0.00, 0.00, 0.00, 0.00, 1.00, 1.00, 0.00, 1.00, 1.00, 0.00, 1.00, 0.00, 0.00, 0.00, 1.00, 0.00, 0.00, 1.00
1376,  0,  45.833,  0.98,  1, 0.42, 0.00, 0.68, 0.00, 0.65, 1.38, 0.00, 0.54, 0.67, 0.00, 1.32, 0.00, 0.00, 0.21, 1.35, 1.07, 0.00, 0.00, 0.00, 0.00, 0.00, 1.00, 1.00, 0.00, 1.00, 1.00, 0.00, 0.00, 0.00, 0.00, 0.00, 1.00, 0.00, 0.00, 1.00
1377,  0,  45.867,  0.98,  1, 0.55, 0.00, 0.82, 0.01, 0.65, 1.32, 0.00, 0.51, 0.62, 0.00, 1.42, 0.00, 0.00, 0.21, 1.18, 0.89, 0.00, 0.00, 0.00, 0.00, 0.00, 1.00, 1.00, 0.00, 1.00, 1.00, 0.00, 0.00, 0.00, 0.00, 0.00, 1.00, 0.00, 0.00, 1.00
1378,  0,  45.900,  0.98,  1, 0.75, 0.00, 0.96, 0.01, 0.50, 1.05, 0.00, 0.33, 0.50, 0.00, 1.33, 0.06, 0.00, 0.14, 0.98, 0.90, 0.00, 0.00, 0.00, 0.00, 0.00, 1.00, 1.00, 0.00, 1.00, 1.00, 0.00, 0.00, 0.00, 0.00, 0.00, 1.00, 0.00, 0.00, 1.00
1379,  0,  45.933,  0.98,  1, 0.83, 0.00, 1.06, 0.01, 0.36, 0.75, 0.00, 0.24, 0.41, 0.00, 1.25, 0.09, 0.00, 0.11, 0.74, 0.89, 0.00, 0.00, 1.00, 0.00, 0.00, 0.00, 1.00, 0.00, 1.00, 1.00, 0.00, 0.00, 0.00, 0.00, 0.00, 0.00, 0.00, 0.00, 1.00
1380,  0,  45.967,  0.98,  1, 0.91, 0.10, 1.12, 0.00, 0.15, 0.58, 0.00, 0.10, 0.32, 0.00, 1.21, 0.25, 0.00, 0.08, 0.55, 0.94, 0.04, 0.00, 1.00, 0.00, 0.00, 0.00, 1.00, 0.00, 1.00, 1.00, 0.00, 1.00, 0.00, 0.00, 0.00, 0.00, 0.00, 0.00, 0.00
1381,  0,  46.000,  0.98,  1, 0.95, 0.26, 1.23, 0.00, 0.10, 0.79, 0.00, 0.08, 0.36, 0.00, 1.28, 0.35, 0.00, 0.09, 0.28, 0.84, 0.14, 0.00, 1.00, 0.00, 0.00, 0.00, 1.00, 0.00, 1.00, 0.00, 0.00, 1.00, 0.00, 0.00, 0.00, 0.00, 0.00, 0.00, 0.00
1382,  0,  46.033,  0.98,  1, 0.92, 0.34, 1.24, 0.00, 0.10, 0.98, 0.00, 0.04, 0.37, 0.00, 1.20, 0.43, 0.00, 0.15, 0.10, 0.74, 0.21, 0.00, 1.00, 0.00, 0.00, 0.00, 1.00, 0.00, 1.00, 0.00, 0.00, 1.00, 0.00, 0.00, 0.00, 0.00, 0.00, 0.00, 0.00
1383,  0,  46.067,  0.98,  1, 0.82, 0.43, 1.27, 0.00, 0.19, 1.22, 0.00, 0.10, 0.45, 0.00, 1.11, 0.34, 0.00, 0.13, 0.09, 0.82, 0.30, 0.00, 1.00, 0.00, 1.00, 0.00, 1.00, 0.00, 1.00, 0.00, 0.00, 1.00, 0.00, 0.00, 0.00, 0.00, 0.00, 0.00, 0.00
1384,  0,  46.100,  0.98,  1, 0.69, 0.46, 1.23, 0.00, 0.24, 1.41, 0.00, 0.20, 0.52, 0.00, 1.06, 0.19, 0.00, 0.19, 0.23, 0.85, 0.26, 0.00, 1.00, 0.00, 1.00, 0.00, 1.00, 0.00, 1.00, 0.00, 0.00, 1.00, 0.00, 0.00, 0.00, 0.00, 0.00, 0.00, 0.00
1385,  0,  46.133,  0.98,  1, 0.65, 0.49, 1.25, 0.00, 0.30, 1.61, 0.00, 0.31, 0.65, 0.04, 0.95, 0.07, 0.00, 0.15, 0.38, 1.01, 0.22, 0.00, 1.00, 0.00, 1.00, 0.00, 1.00, 0.00, 1.00, 1.00, 0.00, 0.00, 0.00, 0.00, 0.00, 0.00, 0.00, 0.00, 0.00
1386,  0,  46.167,  0.98,  1, 0.55, 0.39, 1.20, 0.00, 0.34, 1.64, 0.00, 0.36, 0.75, 0.14, 0.70, 0.08, 0.00, 0.22, 0.51, 1.00, 0.21, 0.00, 1.00, 0.00, 1.00, 0.00, 1.00, 0.00, 1.00, 1.00, 1.00, 0.00, 0.00, 0.00, 0.00, 0.00, 0.00, 0.00, 0.00
1387,  0,  46.200,  0.98,  1, 0.55, 0.19, 1.24, 0.00, 0.40, 1.64, 0.00, 0.35, 0.81, 0.33, 0.58, 0.08, 0.00, 0.21, 0.74, 0.96, 0.17, 0.00, 1.00, 0.00, 1.00, 0.00, 1.00, 0.00, 1.00, 1.00, 1.00, 0.00, 0.00, 0.00, 0.00, 0.00, 0.00, 0.00, 0.00
1388,  0,  46.233,  0.98,  1, 0.62, 0.08, 1.31, 0.00, 0.39, 1.52, 0.00, 0.42, 0.94, 0.45, 0.49, 0.08, 0.00, 0.17, 1.02, 1.02, 0.14, 0.00, 1.00, 0.00, 1.00, 0.00, 1.00, 0.00, 1.00, 1.00, 1.00, 0.00, 0.00, 0.00, 0.00, 1.00, 0.00, 0.00, 0.00
1389,  0,  46.267,  0.98,  1, 0.70, 0.00, 1.32, 0.00, 0.38, 1.53, 0.00, 0.46, 1.07, 0.41, 0.49, 0.00, 0.00, 0.06, 1.36, 1.10, 0.03, 0.00, 1.00, 0.00, 1.00, 0.00, 1.00, 0.00, 1.00, 1.00, 1.00, 0.00, 0.00, 0.00, 0.00, 1.00, 0.00, 0.00, 0.00
1390,  0,  46.300,  0.98,  1, 0.58, 0.00, 1.35, 0.00, 0.43, 1.55, 0.00, 0.58, 1.14, 0.45, 0.35, 0.00, 0.00, 0.00, 1.41, 1.20, 0.00, 0.00, 1.00, 0.00, 1.00, 0.00, 1.00, 0.00, 1.00, 1.00, 1.00, 0.00, 0.00, 0.00, 0.00, 1.00, 0.00, 0.00, 0.00
1391,  0,  46.333,  0.98,  1, 0.45, 0.00, 1.31, 0.00, 0.56, 1.75, 0.00, 0.61, 1.11, 0.45, 0.21, 0.00, 0.00, 0.00, 1.37, 1.08, 0.00, 0.00, 1.00, 0.00, 0.00, 0.00, 1.00, 0.00, 1.00, 1.00, 1.00, 0.00, 0.00, 0.00, 0.00, 1.00, 0.00, 0.00, 0.00
1392,  0,  46.367,  0.98,  1, 0.33, 0.05, 1.33, 0.00, 0.62, 1.63, 0.00, 0.48, 0.95, 0.61, 0.07, 0.00, 0.00, 0.00, 1.23, 0.86, 0.13, 1.00, 1.00, 0.00, 0.00, 0.00, 1.00, 0.00, 1.00, 0.00, 1.00, 0.00, 0.00, 0.00, 0.00, 1.00, 0.00, 0.00, 0.00
1393,  0,  46.400,  0.98,  1, 0.38, 0.26, 1.34, 0.00, 0.61, 1.50, 0.02, 0.29, 0.79, 0.66, 0.05, 0.00, 0.00, 0.00, 1.12, 0.75, 0.25, 1.00, 1.00, 1.00, 0.00, 0.00, 1.00, 0.00, 1.00, 0.00, 1.00, 0.00, 0.00, 0.00, 0.00, 1.00, 0.00, 0.00, 0.00
1394,  0,  46.433,  0.98,  1, 0.40, 0.46, 1.44, 0.00, 0.62, 1.47, 0.07, 0.11, 0.68, 0.77, 0.15, 0.00, 0.00, 0.00, 1.09, 0.54, 0.45, 1.00, 1.00, 1.00, 0.00, 0.00, 1.00, 0.00, 1.00, 0.00, 1.00, 0.00, 0.00, 0.00, 0.00, 0.00, 0.00, 0.00, 0.00
1395,  0,  46.467,  0.98,  1, 0.49, 0.65, 1.55, 0.00, 0.69, 1.64, 0.09, 0.20, 0.68, 0.88, 0.27, 0.00, 0.00, 0.00, 1.02, 0.52, 0.59, 1.00, 1.00, 1.00, 0.00, 0.00, 1.00, 0.00, 1.00, 0.00, 1.00, 0.00, 0.00, 0.00, 0.00, 0.00, 0.00, 0.00, 0.00
1396,  0,  46.500,  0.98,  1, 0.52, 0.88, 1.60, 0.00, 0.76, 1.76, 0.11, 0.21, 0.75, 1.04, 0.29, 0.00, 0.00, 0.00, 0.92, 0.45, 0.57, 1.00, 1.00, 1.00, 0.00, 0.00, 1.00, 0.00, 1.00, 0.00, 1.00, 0.00, 0.00, 0.00, 0.00, 0.00, 0.00, 0.00, 0.00
1397,  0,  46.533,  0.98,  1, 0.54, 1.00, 1.65, 0.00, 0.81, 1.86, 0.08, 0.23, 0.79, 1.20, 0.17, 0.00, 0.00, 0.00, 0.85, 0.59, 0.37, 1.00, 1.00, 1.00, 0.00, 0.00, 1.00, 0.00, 1.00, 0.00, 1.00, 0.00, 0.00, 0.00, 0.00, 0.00, 0.00, 0.00, 0.00
1398,  0,  46.567,  0.98,  1, 0.54, 1.00, 1.52, 0.00, 0.83, 1.80, 0.06, 0.17, 0.86, 1.35, 0.06, 0.00, 0.00, 0.00, 0.79, 0.53, 0.17, 1.00, 1.00, 1.00, 0.00, 0.00, 1.00, 0.00, 1.00, 0.00, 1.00, 0.00, 0.00, 0.00, 0.00, 0.00, 0.00, 0.00, 0.00
1399,  0,  46.600,  0.98,  1, 0.52, 0.87, 1.40, 0.00, 0.87, 1.87, 0.02, 0.14, 0.91, 1.37, 0.00, 0.00, 0.00, 0.00, 0.94, 0.49, 0.07, 1.00, 1.00, 1.00, 0.00, 0.00, 1.00, 0.00, 1.00, 0.00, 1.00, 0.00, 0.00, 0.00, 0.00, 0.00, 0.00, 0.00, 0.00
1400,  0,  46.633,  0.98,  1, 0.39, 0.63, 1.24, 0.00, 0.89, 1.82, 0.00, 0.24, 1.01, 1.48, 0.02, 0.00, 0.00, 0.00, 1.14, 0.37, 0.07, 1.00, 1.00, 1.00, 0.00, 0.00, 1.00, 0.00, 1.00, 0.00, 1.00, 0.00, 0.00, 0.00, 0.00, 0.00, 0.00, 0.00, 0.00
1401,  0,  46.667,  0.98,  1, 0.20, 0.46, 1.25, 0.00, 0.99, 1.98, 0.00, 0.35, 1.05, 1.62, 0.02, 0.00, 0.00, 0.00, 1.41, 0.37, 0.00, 0.00, 1.00, 1.00, 0.00, 0.00, 1.00, 0.00, 1.00, 1.00, 1.00, 0.00, 0.00, 0.00, 0.00, 1.00, 0.00, 0.00, 0.00
1402,  0,  46.700,  0.98,  1, 0.04, 0.19, 1.36, 0.00, 0.93, 2.08, 0.12, 0.51, 0.93, 1.81, 0.14, 0.05, 0.00, 0.00, 1.60, 0.47, 0.00, 0.00, 1.00, 1.00, 1.00, 0.00, 1.00, 0.00, 1.00, 1.00, 1.00, 0.00, 0.00, 0.00, 0.00, 1.00, 0.00, 0.00, 0.00
1403,  0,  46.733,  0.98,  1, 0.03, 0.25, 1.52, 0.00, 0.89, 2.12, 0.18, 0.46, 0.89, 1.68, 0.24, 0.05, 0.00, 0.00, 1.57, 0.46, 0.00, 0.00, 1.00, 1.00, 1.00, 1.00, 1.00, 0.00, 1.00, 1.00, 1.00, 0.00, 0.00, 0.00, 0.00, 1.00, 0.00, 0.00, 0.00
1404,  0,  46.767,  0.98,  1, 0.03, 0.22, 1.57, 0.00, 0.82, 2.07, 0.18, 0.40, 0.94, 1.45, 0.24, 0.12, 0.00, 0.00, 1.31, 0.62, 0.00, 0.00, 1.00, 1.00, 1.00, 1.00, 1.00, 0.00, 1.00, 1.00, 1.00, 0.00, 0.00, 0.00, 0.00, 1.00, 0.00, 0.00, 0.00
1405,  0,  46.800,  0.98,  1, 0.03, 0.19, 1.50, 0.00, 0.85, 1.93, 0.07, 0.45, 0.99, 1.43, 0.12, 0.10, 0.00, 0.00, 1.13, 0.57, 0.00, 0.00, 1.00, 1.00, 1.00, 1.00, 1.00, 0.00, 1.00, 1.00, 1.00, 0.00, 0.00, 0.00, 0.00, 1.00, 0.00, 0.00, 0.00
1406,  0,  46.833,  0.98,  1, 0.00, 0.05, 1.40, 0.00, 0.87, 1.93, 0.04, 0.50, 0.89, 1.67, 0.00, 0.17, 0.03, 0.00, 0.96, 0.59, 0.00, 0.00, 1.00, 1.00, 1.00, 1.00, 1.00, 0.00, 1.00, 0.00, 1.00, 0.00, 0.00, 0.00, 0.00, 1.00, 0.00, 0.00, 0.00
1407,  0,  46.867,  0.98,  1, 0.00, 0.00, 1.39, 0.00, 0.83, 1.99, 0.08, 0.55, 0.74, 1.85, 0.00, 0.09, 0.03, 0.00, 1.00, 0.47, 0.00, 0.00, 0.00, 1.00, 1.00, 1.00, 1.00, 0.00, 1.00, 1.00, 1.00, 0.00, 0.00, 0.00, 1.00, 1.00, 0.00, 0.00, 0.00
1408,  0,  46.900,  0.98,  1, 0.00, 0.00, 1.39, 0.00, 0.84, 2.02, 0.08, 0.44, 0.74, 1.83, 0.00, 0.10, 0.03, 0.00, 0.97, 0.36, 0.00, 0.00, 0.00, 1.00, 1.00, 1.00, 1.00, 0.00, 1.00, 1.00, 1.00, 0.00, 0.00, 0.00, 1.00, 1.00, 0.00, 0.00, 0.00
1409,  0,  46.933,  0.98,  1, 0.00, 0.00, 1.35, 0.00, 0.85, 2.02, 0.04, 0.48, 0.87, 1.90, 0.00, 0.05, 0.00, 0.01, 1.06, 0.36, 0.04, 0.00, 0.00, 1.00, 1.00, 1.00, 1.00, 0.00, 1.00, 1.00, 1.00, 0.00, 0.00, 0.00, 1.00, 1.00, 0.00, 0.00, 0.00
1410,  0,  46.967,  0.98,  1, 0.00, 0.00, 1.36, 0.00, 0.89, 2.05, 0.00, 0.52, 1.01, 1.98, 0.00, 0.05, 0.00, 0.01, 1.19, 0.39, 0.04, 0.00, 0.00, 1.00, 1.00, 1.00, 1.00, 0.00, 1.00, 1.00, 1.00, 0.00, 0.00, 0.00, 1.00, 1.00, 0.00, 0.00, 0.00
1411,  0,  47.000,  0.98,  1, 0.00, 0.00, 1.25, 0.00, 0.94, 2.21, 0.00, 0.65, 1.16, 2.08, 0.00, 0.01, 0.00, 0.01, 1.30, 0.47, 0.10, 0.00, 0.00, 1.00, 1.00, 1.00, 1.00, 0.00, 1.00, 1.00, 1.00, 0.00, 0.00, 0.00, 1.00, 1.00, 1.00, 0.00, 0.00
1412,  0,  47.033,  0.98,  1, 0.00, 0.00, 1.18, 0.00, 1.00, 2.23, 0.00, 0.69, 1.24, 2.01, 0.00, 0.00, 0.00, 0.00, 1.53, 0.70, 0.08, 0.00, 0.00, 1.00, 1.00, 1.00, 1.00, 0.00, 1.00, 1.00, 1.00, 0.00, 0.00, 0.00, 1.00, 1.00, 1.00, 0.00, 0.00
1413,  0,  47.067,  0.98,  1, 0.00, 0.00, 1.10, 0.00, 1.07, 2.25, 0.00, 0.82, 1.35, 2.02, 0.00, 0.00, 0.00, 0.00, 1.66, 0.77, 0.10, 0.00, 0.00, 1.00, 1.00, 1.00, 1.00, 0.00, 1.00, 1.00, 1.00, 0.00, 0.00, 0.00, 1.00, 1.00, 1.00, 0.00, 0.00
1414,  0,  47.100,  0.98,  1, 0.00, 0.00, 1.10, 0.03, 1.09, 2.11, 0.00, 0.74, 1.37, 2.04, 0.00, 0.10, 0.02, 0.00, 1.87, 0.91, 0.04, 0.00, 0.00, 1.00, 1.00, 1.00, 1.00, 0.00, 1.00, 1.00, 1.00, 0.00, 0.00, 0.00, 1.00, 1.00, 1.00, 0.00, 0.00
1415,  0,  47.133,  0.98,  1, 0.02, 0.00, 1.15, 0.05, 1.12, 2.13, 0.00, 0.75, 1.42, 2.12, 0.00, 0.22, 0.02, 0.00, 1.92, 0.91, 0.02, 0.00, 0.00, 1.00, 1.00, 1.00, 1.00, 0.00, 1.00, 1.00, 1.00, 0.00, 0.00, 0.00, 1.00, 1.00, 1.00, 0.00, 0.00
1416,  0,  47.167,  0.98,  1, 0.02, 0.00, 1.13, 0.05, 1.11, 1.92, 0.00, 0.64, 1.40, 2.01, 0.00, 0.33, 0.02, 0.00, 1.98, 1.03, 0.00, 0.00, 0.00, 1.00, 1.00, 1.00, 1.00, 0.00, 1.00, 1.00, 1.00, 0.00, 0.00, 0.00, 1.00, 1.00, 1.00, 0.00, 0.00
1417,  0,  47.200,  0.98,  1, 0.02, 0.00, 1.22, 0.02, 1.20, 1.99, 0.00, 0.71, 1.42, 1.91, 0.00, 0.31, 0.00, 0.00, 1.97, 1.11, 0.00, 0.00, 0.00, 1.00, 1.00, 1.00, 1.00, 0.00, 1.00, 1.00, 1.00, 0.00, 0.00, 0.00, 1.00, 1.00, 1.00, 0.00, 0.00
1418,  0,  47.233,  0.98,  1, 0.00, 0.00, 1.26, 0.00, 1.17, 1.85, 0.00, 0.71, 1.40, 1.73, 0.00, 0.26, 0.02, 0.00, 1.94, 1.11, 0.00, 0.00, 0.00, 1.00, 1.00, 1.00, 1.00, 0.00, 1.00, 1.00, 1.00, 0.00, 0.00, 0.00, 1.00, 1.00, 1.00, 0.00, 0.00
1419,  0,  47.267,  0.98,  1, 0.00, 0.00, 1.21, 0.00, 1.15, 1.92, 0.00, 0.74, 1.41, 1.73, 0.00, 0.24, 0.02, 0.00, 1.96, 1.12, 0.00, 0.00, 0.00, 1.00, 1.00, 1.00, 1.00, 0.00, 1.00, 1.00, 1.00, 0.00, 0.00, 0.00, 1.00, 1.00, 1.00, 0.00, 0.00
1420,  0,  47.300,  0.98,  1, 0.00, 0.00, 1.22, 0.00, 1.09, 1.84, 0.00, 0.77, 1.43, 1.56, 0.00, 0.26, 0.06, 0.00, 2.00, 1.12, 0.00, 0.00, 0.00, 1.00, 1.00, 1.00, 1.00, 0.00, 1.00, 1.00, 1.00, 0.00, 0.00, 0.00, 1.00, 1.00, 1.00, 0.00, 0.00
1421,  0,  47.333,  0.98,  1, 0.00, 0.00, 1.16, 0.00, 1.13, 1.81, 0.00, 0.79, 1.53, 1.57, 0.00, 0.37, 0.05, 0.05, 2.00, 1.07, 0.00, 0.00, 0.00, 1.00, 1.00, 1.00, 1.00, 0.00, 1.00, 1.00, 1.00, 0.00, 0.00, 0.00, 1.00, 1.00, 1.00, 0.00, 0.00
1422,  0,  47.367,  0.98,  1, 0.00, 0.00, 1.23, 0.01, 1.18, 1.76, 0.00, 0.88, 1.60, 1.52, 0.00, 0.32, 0.05, 0.07, 2.01, 0.90, 0.00, 0.00, 0.00, 1.00, 1.00, 1.00, 1.00, 0.00, 1.00, 1.00, 1.00, 0.00, 0.00, 0.00, 1.00, 1.00, 1.00, 0.00, 0.00
1423,  0,  47.400,  0.98,  1, 0.00, 0.00, 1.10, 0.01, 1.22, 1.71, 0.00, 0.94, 1.65, 1.64, 0.00, 0.28, 0.09, 0.15, 1.98, 0.80, 0.00, 0.00, 0.00, 1.00, 1.00, 1.00, 1.00, 0.00, 1.00, 1.00, 1.00, 0.00, 0.00, 0.00, 1.00, 1.00, 1.00, 0.00, 0.00
1424,  0,  47.433,  0.98,  1, 0.00, 0.00, 1.15, 0.01, 1.23, 1.79, 0.00, 0.98, 1.64, 1.62, 0.00, 0.21, 0.12, 0.18, 2.02, 0.69, 0.05, 0.00, 0.00, 1.00, 1.00, 1.00, 1.00, 0.00, 1.00, 1.00, 1.00, 0.00, 0.00, 0.00, 1.00, 1.00, 1.00, 0.00, 0.00
1425,  0,  47.467,  0.98,  1, 0.00, 0.00, 1.17, 0.00, 1.21, 1.78, 0.00, 0.92, 1.58, 1.68, 0.00, 0.24, 0.22, 0.22, 1.97, 0.64, 0.05, 0.00, 0.00, 1.00, 1.00, 1.00, 1.00, 0.00, 1.00, 1.00, 1.00, 0.00, 0.00, 0.00, 1.00, 1.00, 1.00, 0.00, 0.00
1426,  0,  47.500,  0.98,  1, 0.00, 0.00, 1.26, 0.02, 1.23, 1.87, 0.00, 0.84, 1.58, 1.61, 0.00, 0.17, 0.29, 0.14, 2.06, 0.51, 0.05, 0.00, 0.00, 1.00, 1.00, 1.00, 1.00, 0.00, 1.00, 1.00, 1.00, 0.00, 0.00, 0.00, 1.00, 1.00, 1.00, 0.00, 0.00
1427,  0,  47.533,  0.98,  1, 0.00, 0.00, 1.23, 0.02, 1.25, 1.82, 0.00, 0.76, 1.55, 1.50, 0.00, 0.09, 0.37, 0.05, 2.08, 0.31, 0.00, 0.00, 0.00, 1.00, 1.00, 1.00, 1.00, 0.00, 1.00, 1.00, 1.00, 0.00, 0.00, 0.00, 1.00, 1.00, 0.00, 0.00, 0.00
1428,  0,  47.567,  0.98,  1, 0.00, 0.00, 1.19, 0.02, 1.32, 1.98, 0.00, 0.62, 1.58, 1.37, 0.00, 0.02, 0.31, 0.00, 2.12, 0.13, 0.00, 0.00, 0.00, 1.00, 1.00, 1.00, 1.00, 0.00, 1.00, 1.00, 1.00, 0.00, 0.00, 0.00, 0.00, 1.00, 0.00, 0.00, 0.00
1429,  0,  47.600,  0.98,  1, 0.00, 0.00, 1.18, 0.00, 1.33, 2.01, 0.00, 0.66, 1.63, 1.37, 0.00, 0.02, 0.21, 0.00, 2.14, 0.00, 0.00, 0.00, 0.00, 1.00, 1.00, 1.00, 1.00, 0.00, 1.00, 1.00, 1.00, 0.00, 0.00, 0.00, 0.00, 1.00, 0.00, 0.00, 0.00
1430,  0,  47.633,  0.98,  1, 0.00, 0.00, 1.22, 0.00, 1.37, 2.15, 0.00, 0.73, 1.71, 1.39, 0.00, 0.00, 0.08, 0.00, 2.03, 0.05, 0.00, 0.00, 0.00, 1.00, 1.00, 1.00, 1.00, 0.00, 1.00, 1.00, 1.00, 0.00, 0.00, 0.00, 0.00, 1.00, 0.00, 0.00, 0.00
1431,  0,  47.667,  0.98,  1, 0.00, 0.00, 1.29, 0.00, 1.41, 2.12, 0.00, 0.94, 1.75, 1.44, 0.00, 0.00, 0.05, 0.00, 2.05, 0.08, 0.00, 0.00, 0.00, 1.00, 1.00, 1.00, 1.00, 0.00, 1.00, 1.00, 1.00, 0.00, 0.00, 0.00, 0.00, 1.00, 0.00, 0.00, 0.00
1432,  0,  47.700,  0.98,  1, 0.00, 0.00, 1.33, 0.00, 1.43, 2.20, 0.00, 0.96, 1.77, 1.51, 0.00, 0.00, 0.00, 0.00, 1.96, 0.08, 0.00, 0.00, 0.00, 1.00, 1.00, 1.00, 1.00, 0.00, 1.00, 1.00, 1.00, 0.00, 0.00, 0.00, 0.00, 1.00, 0.00, 0.00, 0.00
1433,  0,  47.733,  0.98,  1, 0.00, 0.00, 1.32, 0.00, 1.43, 2.12, 0.00, 1.01, 1.76, 1.65, 0.00, 0.00, 0.02, 0.00, 2.03, 0.08, 0.00, 0.00, 0.00, 1.00, 1.00, 1.00, 1.00, 0.00, 1.00, 1.00, 1.00, 0.00, 0.00, 0.00, 0.00, 1.00, 0.00, 0.00, 0.00
1434,  0,  47.767,  0.98,  1, 0.00, 0.00, 1.19, 0.00, 1.42, 2.11, 0.00, 1.01, 1.76, 1.70, 0.00, 0.00, 0.09, 0.02, 1.95, 0.11, 0.00, 0.00, 0.00, 1.00, 1.00, 1.00, 1.00, 0.00, 1.00, 1.00, 1.00, 0.00, 0.00, 0.00, 0.00, 1.00, 0.00, 0.00, 0.00
1435,  0,  47.800,  0.98,  1, 0.00, 0.00, 1.21, 0.00, 1.45, 2.06, 0.00, 1.02, 1.73, 1.66, 0.00, 0.00, 0.14, 0.04, 1.96, 0.19, 0.00, 0.00, 0.00, 1.00, 1.00, 1.00, 1.00, 0.00, 1.00, 1.00, 1.00, 0.00, 0.00, 0.00, 0.00, 1.00, 0.00, 0.00, 0.00
1436,  0,  47.833,  0.98,  1, 0.00, 0.00, 1.22, 0.00, 1.49, 2.05, 0.00, 1.05, 1.77, 1.71, 0.00, 0.00, 0.22, 0.07, 2.00, 0.17, 0.00, 0.00, 0.00, 1.00, 1.00, 1.00, 1.00, 0.00, 1.00, 1.00, 1.00, 0.00, 0.00, 0.00, 0.00, 1.00, 0.00, 0.00, 0.00
1437,  0,  47.867,  0.98,  1, 0.00, 0.00, 1.27, 0.00, 1.48, 2.17, 0.00, 1.08, 1.79, 1.78, 0.00, 0.00, 0.21, 0.07, 2.07, 0.22, 0.00, 0.00, 0.00, 1.00, 1.00, 1.00, 1.00, 0.00, 1.00, 1.00, 1.00, 0.00, 0.00, 0.00, 0.00, 1.00, 0.00, 0.00, 0.00
1438,  0,  47.900,  0.98,  1, 0.00, 0.00, 1.25, 0.00, 1.45, 2.16, 0.00, 1.10, 1.88, 1.83, 0.00, 0.00, 0.21, 0.05, 2.06, 0.23, 0.00, 0.00, 0.00, 1.00, 1.00, 1.00, 1.00, 0.00, 1.00, 1.00, 1.00, 0.00, 0.00, 0.00, 0.00, 1.00, 0.00, 0.00, 0.00
1439,  0,  47.933,  0.98,  1, 0.00, 0.00, 1.31, 0.00, 1.42, 2.19, 0.00, 1.07, 1.89, 1.79, 0.00, 0.00, 0.17, 0.02, 1.99, 0.33, 0.00, 0.00, 0.00, 1.00, 1.00, 1.00, 1.00, 0.00, 1.00, 1.00, 1.00, 0.00, 0.00, 0.00, 0.00, 1.00, 0.00, 0.00, 0.00
1440,  0,  47.967,  0.98,  1, 0.00, 0.00, 1.45, 0.00, 1.49, 2.34, 0.00, 0.99, 1.88, 1.65, 0.00, 0.07, 0.18, 0.02, 1.91, 0.40, 0.00, 0.00, 0.00, 1.00, 1.00, 1.00, 1.00, 0.00, 1.00, 1.00, 1.00, 0.00, 0.00, 0.00, 1.00, 1.00, 0.00, 0.00, 0.00
1441,  0,  48.000,  0.98,  1, 0.00, 0.00, 1.43, 0.00, 1.57, 2.51, 0.00, 1.03, 1.84, 1.63, 0.00, 0.16, 0.12, 0.06, 1.91, 0.44, 0.00, 0.00, 0.00, 1.00, 1.00, 1.00, 1.00, 0.00, 1.00, 1.00, 1.00, 0.00, 0.00, 0.00, 1.00, 1.00, 1.00, 0.00, 0.00
1442,  0,  48.033,  0.98,  1, 0.00, 0.00, 1.44, 0.00, 1.68, 2.74, 0.00, 1.08, 1.79, 1.57, 0.00, 0.21, 0.07, 0.11, 1.91, 0.55, 0.00, 0.00, 0.00, 1.00, 1.00, 1.00, 1.00, 0.00, 1.00, 1.00, 1.00, 0.00, 0.00, 0.00, 1.00, 1.00, 1.00, 0.00, 0.00
1443,  0,  48.067,  0.98,  1, 0.00, 0.00, 1.38, 0.00, 1.73, 2.63, 0.00, 1.16, 1.76, 1.72, 0.00, 0.17, 0.00, 0.16, 1.90, 0.59, 0.00, 0.00, 0.00, 1.00, 1.00, 1.00, 1.00, 0.00, 1.00, 1.00, 1.00, 0.00, 0.00, 0.00, 1.00, 1.00, 1.00, 0.00, 0.00
1444,  0,  48.100,  0.98,  1, 0.00, 0.00, 1.37, 0.00, 1.75, 2.43, 0.00, 1.23, 1.72, 1.87, 0.00, 0.13, 0.00, 0.26, 1.92, 0.73, 0.00, 0.00, 0.00, 1.00, 1.00, 1.00, 1.00, 0.00, 1.00, 1.00, 1.00, 0.00, 0.00, 0.00, 1.00, 1.00, 1.00, 0.00, 0.00
1445,  0,  48.133,  0.98,  1, 0.00, 0.00, 1.37, 0.00, 1.70, 2.34, 0.00, 1.27, 1.70, 2.03, 0.00, 0.10, 0.00, 0.35, 1.95, 0.80, 0.00, 0.00, 0.00, 1.00, 1.00, 1.00, 1.00, 0.00, 1.00, 1.00, 1.00, 0.00, 0.00, 0.00, 1.00, 1.00, 1.00, 0.00, 0.00
1446,  0,  48.167,  0.98,  1, 0.00, 0.00, 1.28, 0.02, 1.60, 2.18, 0.00, 1.27, 1.70, 2.07, 0.00, 0.08, 0.00, 0.38, 2.01, 0.79, 0.00, 0.00, 0.00, 1.00, 1.00, 1.00, 1.00, 0.00, 1.00, 1.00, 1.00, 0.00, 0.00, 0.00, 1.00, 1.00, 1.00, 0.00, 0.00
1447,  0,  48.200,  0.98,  1, 0.04, 0.06, 1.31, 0.06, 1.49, 2.14, 0.00, 1.18, 1.71, 2.04, 0.00, 0.05, 0.00, 0.27, 2.01, 0.71, 0.00, 1.00, 0.00, 1.00, 1.00, 1.00, 1.00, 0.00, 1.00, 1.00, 1.00, 0.00, 0.00, 0.00, 0.00, 1.00, 1.00, 0.00, 0.00
1448,  0,  48.233,  0.98,  1, 0.09, 0.08, 1.21, 0.10, 1.37, 1.87, 0.00, 1.12, 1.76, 2.00, 0.00, 0.05, 0.06, 0.13, 1.99, 0.47, 0.00, 1.00, 0.00, 1.00, 1.00, 1.00, 1.00, 0.00, 1.00, 1.00, 1.00, 0.00, 0.00, 0.00, 0.00, 1.00, 0.00, 0.00, 0.00
1449,  0,  48.267,  0.98,  1, 0.22, 0.16, 1.22, 0.22, 1.33, 1.67, 0.00, 1.02, 1.82, 1.99, 0.00, 0.13, 0.16, 0.03, 1.99, 0.36, 0.00, 1.00, 0.00, 1.00, 1.00, 1.00, 1.00, 0.00, 1.00, 1.00, 1.00, 0.00, 0.00, 0.00, 0.00, 1.00, 0.00, 0.00, 0.00
1450,  0,  48.300,  0.98,  1, 0.18, 0.10, 1.20, 0.19, 1.36, 1.56, 0.00, 0.99, 1.84, 1.95, 0.00, 0.11, 0.16, 0.00, 1.95, 0.33, 0.00, 0.00, 1.00, 1.00, 1.00, 1.00, 1.00, 0.00, 1.00, 1.00, 1.00, 0.00, 0.00, 0.00, 0.00, 1.00, 0.00, 0.00, 0.00
1451,  0,  48.333,  0.98,  1, 0.14, 0.08, 1.28, 0.15, 1.40, 1.57, 0.01, 0.84, 1.87, 1.98, 0.06, 0.09, 0.10, 0.00, 1.93, 0.47, 0.00, 0.00, 1.00, 1.00, 1.00, 1.00, 1.00, 0.00, 1.00, 1.00, 1.00, 0.00, 0.00, 0.00, 0.00, 1.00, 0.00, 0.00, 0.00
1452,  0,  48.367,  0.98,  1, 0.00, 0.07, 1.23, 0.00, 1.38, 1.70, 0.01, 0.73, 1.90, 1.98, 0.11, 0.00, 0.00, 0.00, 1.80, 0.57, 0.05, 0.00, 1.00, 1.00, 1.00, 1.00, 1.00, 0.00, 1.00, 1.00, 1.00, 0.00, 0.00, 0.00, 0.00, 1.00, 0.00, 0.00, 0.00
1453,  0,  48.400,  0.98,  1, 0.00, 0.08, 1.22, 0.00, 1.34, 1.69, 0.01, 0.63, 1.95, 2.00, 0.14, 0.00, 0.00, 0.00, 1.77, 0.73, 0.05, 0.00, 1.00, 1.00, 1.00, 1.00, 1.00, 0.00, 1.00, 1.00, 1.00, 0.00, 0.00, 0.00, 0.00, 1.00, 0.00, 0.00, 0.00
1454,  0,  48.433,  0.98,  1, 0.00, 0.08, 1.18, 0.00, 1.34, 1.66, 0.00, 0.67, 1.99, 1.99, 0.08, 0.00, 0.00, 0.00, 1.77, 0.91, 0.05, 0.00, 1.00, 1.00, 1.00, 1.00, 1.00, 0.00, 1.00, 1.00, 1.00, 0.00, 0.00, 0.00, 0.00, 1.00, 0.00, 0.00, 0.00
1455,  0,  48.467,  0.98,  1, 0.00, 0.12, 1.26, 0.00, 1.36, 1.64, 0.00, 0.73, 2.02, 1.98, 0.03, 0.00, 0.00, 0.00, 1.75, 0.98, 0.01, 0.00, 1.00, 1.00, 1.00, 1.00, 1.00, 0.00, 1.00, 1.00, 1.00, 0.00, 0.00, 0.00, 0.00, 1.00, 0.00, 0.00, 0.00
1456,  0,  48.500,  0.98,  1, 0.00, 0.13, 1.35, 0.00, 1.44, 1.72, 0.00, 0.75, 2.06, 1.99, 0.00, 0.00, 0.00, 0.00, 1.74, 0.91, 0.01, 0.00, 1.00, 1.00, 1.00, 1.00, 1.00, 0.00, 1.00, 1.00, 1.00, 0.00, 0.00, 0.00, 0.00, 1.00, 0.00, 0.00, 0.00
1457,  0,  48.533,  0.98,  1, 0.00, 0.22, 1.40, 0.00, 1.50, 1.76, 0.00, 0.88, 2.07, 2.00, 0.00, 0.00, 0.00, 0.00, 1.69, 0.81, 0.01, 0.00, 1.00, 1.00, 1.00, 1.00, 1.00, 0.00, 1.00, 1.00, 1.00, 0.00, 0.00, 0.00, 0.00, 1.00, 0.00, 0.00, 0.00
1458,  0,  48.567,  0.98,  1, 0.00, 0.20, 1.35, 0.00, 1.56, 1.79, 0.00, 0.97, 2.08, 2.14, 0.00, 0.00, 0.00, 0.00, 1.70, 0.80, 0.00, 0.00, 1.00, 1.00, 1.00, 1.00, 1.00, 0.00, 1.00, 1.00, 1.00, 0.00, 0.00, 0.00, 0.00, 1.00, 0.00, 0.00, 0.00
1459,  0,  48.600,  0.98,  1, 0.00, 0.34, 1.32, 0.00, 1.56, 1.92, 0.00, 1.10, 2.05, 2.31, 0.00, 0.00, 0.00, 0.00, 1.61, 0.80, 0.02, 0.00, 1.00, 1.00, 1.00, 1.00, 1.00, 0.00, 1.00, 1.00, 1.00, 0.00, 0.00, 0.00, 0.00, 1.00, 0.00, 0.00, 0.00
1460,  0,  48.633,  0.98,  1, 0.00, 0.37, 1.35, 0.00, 1.54, 2.09, 0.00, 1.13, 2.05, 2.43, 0.00, 0.00, 0.00, 0.00, 1.55, 0.73, 0.06, 0.00, 1.00, 1.00, 1.00, 1.00, 1.00, 0.00, 1.00, 1.00, 1.00, 0.00, 0.00, 0.00, 0.00, 1.00, 0.00, 0.00, 0.00
1461,  0,  48.667,  0.98,  1, 0.00, 0.40, 1.48, 0.00, 1.59, 2.44, 0.00, 1.15, 2.01, 2.44, 0.00, 0.00, 0.00, 0.00, 1.57, 0.75, 0.09, 0.00, 1.00, 1.00, 1.00, 1.00, 1.00, 0.00, 1.00, 1.00, 1.00, 0.00, 0.00, 0.00, 0.00, 1.00, 0.00, 0.00, 0.00
1462,  0,  48.700,  0.98,  1, 0.00, 0.25, 1.48, 0.00, 1.61, 2.45, 0.00, 1.02, 2.03, 2.28, 0.00, 0.00, 0.00, 0.00, 1.55, 0.78, 0.16, 0.00, 0.00, 1.00, 1.00, 1.00, 1.00, 0.00, 1.00, 1.00, 1.00, 0.00, 0.00, 0.00, 0.00, 1.00, 0.00, 0.00, 0.00
1463,  0,  48.733,  0.98,  1, 0.00, 0.18, 1.45, 0.00, 1.60, 2.52, 0.00, 0.91, 2.04, 2.07, 0.00, 0.00, 0.00, 0.00, 1.61, 0.83, 0.25, 0.00, 0.00, 1.00, 1.00, 1.00, 1.00, 0.00, 1.00, 1.00, 1.00, 0.00, 0.00, 0.00, 0.00, 1.00, 0.00, 0.00, 0.00
1464,  0,  48.767,  0.98,  1, 0.00, 0.04, 1.37, 0.00, 1.58, 2.34, 0.00, 0.79, 2.03, 1.74, 0.00, 0.00, 0.00, 0.00, 1.55, 0.74, 0.29, 0.00, 0.00, 1.00, 1.00, 1.00, 1.00, 0.00, 1.00, 1.00, 1.00, 0.00, 0.00, 0.00, 0.00, 1.00, 0.00, 0.00, 0.00
1465,  0,  48.800,  0.98,  1, 0.00, 0.04, 1.31, 0.00, 1.61, 2.55, 0.00, 0.79, 2.03, 1.67, 0.00, 0.00, 0.00, 0.00, 1.63, 0.58, 0.26, 0.00, 0.00, 1.00, 1.00, 1.00, 1.00, 0.00, 1.00, 1.00, 1.00, 0.00, 0.00, 0.00, 0.00, 1.00, 0.00, 0.00, 0.00
1466,  0,  48.833,  0.98,  1, 0.00, 0.00, 1.22, 0.00, 1.63, 2.63, 0.00, 0.78, 2.02, 1.68, 0.00, 0.00, 0.00, 0.00, 1.60, 0.44, 0.13, 0.00, 0.00, 1.00, 1.00, 1.00, 1.00, 0.00, 1.00, 1.00, 1.00, 0.00, 0.00, 0.00, 0.00, 1.00, 0.00, 0.00, 0.00
1467,  0,  48.867,  0.98,  1, 0.00, 0.00, 1.17, 0.00, 1.65, 2.73, 0.00, 0.84, 2.04, 1.86, 0.00, 0.00, 0.00, 0.00, 1.63, 0.45, 0.06, 0.00, 0.00, 1.00, 1.00, 1.00, 1.00, 0.00, 1.00, 1.00, 1.00, 0.00, 0.00, 0.00, 0.00, 1.00, 0.00, 0.00, 0.00
1468,  0,  48.900,  0.98,  1, 0.00, 0.00, 1.19, 0.00, 1.68, 2.65, 0.00, 0.93, 2.06, 1.83, 0.00, 0.00, 0.00, 0.00, 1.65, 0.51, 0.00, 0.00, 0.00, 1.00, 1.00, 1.00, 1.00, 0.00, 1.00, 1.00, 1.00, 0.00, 0.00, 0.00, 0.00, 1.00, 0.00, 0.00, 0.00
1469,  0,  48.933,  0.98,  1, 0.00, 0.00, 1.31, 0.00, 1.74, 2.60, 0.00, 1.02, 2.06, 1.82, 0.00, 0.00, 0.00, 0.00, 1.71, 0.64, 0.00, 0.00, 0.00, 1.00, 1.00, 1.00, 1.00, 0.00, 1.00, 1.00, 1.00, 0.00, 0.00, 0.00, 0.00, 1.00, 1.00, 0.00, 0.00
1470,  0,  48.967,  0.98,  1, 0.00, 0.00, 1.38, 0.00, 1.78, 2.59, 0.00, 1.10, 2.06, 1.85, 0.00, 0.00, 0.00, 0.00, 1.79, 0.72, 0.00, 0.00, 0.00, 1.00, 1.00, 1.00, 1.00, 0.00, 1.00, 1.00, 1.00, 0.00, 0.00, 0.00, 0.00, 1.00, 1.00, 0.00, 0.00
1471,  0,  49.000,  0.98,  1, 0.00, 0.00, 1.41, 0.00, 1.82, 2.68, 0.00, 1.11, 2.06, 1.91, 0.00, 0.00, 0.00, 0.00, 1.79, 0.76, 0.00, 0.00, 0.00, 1.00, 1.00, 1.00, 1.00, 0.00, 1.00, 1.00, 1.00, 0.00, 0.00, 0.00, 0.00, 1.00, 1.00, 0.00, 0.00
1472,  0,  49.033,  0.98,  1, 0.00, 0.00, 1.32, 0.00, 1.88, 2.75, 0.00, 1.13, 2.06, 1.93, 0.00, 0.00, 0.00, 0.00, 1.74, 0.74, 0.00, 0.00, 0.00, 1.00, 1.00, 1.00, 1.00, 0.00, 1.00, 1.00, 1.00, 0.00, 0.00, 0.00, 0.00, 1.00, 1.00, 0.00, 0.00
1473,  0,  49.067,  0.98,  1, 0.00, 0.00, 1.27, 0.00, 1.92, 2.80, 0.00, 1.13, 2.10, 1.92, 0.00, 0.00, 0.00, 0.00, 1.73, 0.74, 0.00, 0.00, 0.00, 1.00, 1.00, 1.00, 1.00, 0.00, 1.00, 1.00, 1.00, 0.00, 0.00, 0.00, 0.00, 1.00, 1.00, 0.00, 0.00
1474,  0,  49.100,  0.98,  1, 0.00, 0.00, 1.21, 0.00, 1.83, 2.65, 0.00, 1.06, 2.04, 1.89, 0.00, 0.00, 0.00, 0.05, 1.65, 0.66, 0.00, 0.00, 0.00, 1.00, 1.00, 1.00, 1.00, 0.00, 1.00, 1.00, 1.00, 0.00, 0.00, 0.00, 0.00, 1.00, 1.00, 0.00, 0.00
1475,  0,  49.133,  0.98,  1, 0.00, 0.00, 1.23, 0.03, 1.78, 2.67, 0.00, 0.91, 1.98, 1.80, 0.00, 0.00, 0.00, 0.08, 1.65, 0.54, 0.00, 0.00, 0.00, 1.00, 1.00, 1.00, 1.00, 0.00, 1.00, 1.00, 1.00, 0.00, 0.00, 0.00, 0.00, 1.00, 1.00, 0.00, 0.00
1476,  0,  49.167,  0.98,  1, 0.00, 0.00, 1.24, 0.16, 1.70, 2.79, 0.03, 0.82, 1.94, 1.78, 0.00, 0.00, 0.00, 0.13, 1.65, 0.57, 0.00, 0.00, 0.00, 1.00, 1.00, 1.00, 1.00, 0.00, 1.00, 1.00, 1.00, 0.00, 0.00, 0.00, 0.00, 1.00, 1.00, 0.00, 0.00
1477,  0,  49.200,  0.98,  1, 0.00, 0.00, 1.30, 0.20, 1.72, 2.96, 0.07, 0.83, 1.98, 1.80, 0.00, 0.00, 0.00, 0.11, 1.71, 0.68, 0.00, 0.00, 0.00, 1.00, 1.00, 1.00, 1.00, 0.00, 1.00, 1.00, 1.00, 0.00, 0.00, 0.00, 1.00, 1.00, 1.00, 0.00, 0.00
1478,  0,  49.233,  0.98,  1, 0.00, 0.00, 1.37, 0.17, 1.69, 2.85, 0.10, 0.97, 2.00, 1.89, 0.00, 0.00, 0.00, 0.09, 1.72, 0.82, 0.00, 0.00, 0.00, 1.00, 1.00, 1.00, 1.00, 0.00, 1.00, 1.00, 1.00, 0.00, 0.00, 0.00, 1.00, 1.00, 1.00, 0.00, 0.00
1479,  0,  49.267,  0.98,  1, 0.00, 0.00, 1.47, 0.05, 1.72, 2.62, 0.06, 1.00, 1.97, 1.83, 0.00, 0.02, 0.00, 0.11, 1.76, 0.72, 0.00, 0.00, 0.00, 1.00, 1.00, 1.00, 1.00, 0.00, 1.00, 1.00, 1.00, 0.00, 0.00, 0.00, 1.00, 1.00, 1.00, 0.00, 0.00
1480,  0,  49.300,  0.98,  1, 0.00, 0.00, 1.44, 0.00, 1.72, 2.44, 0.03, 1.08, 1.93, 1.79, 0.00, 0.11, 0.00, 0.13, 1.81, 0.65, 0.00, 0.00, 0.00, 1.00, 1.00, 1.00, 1.00, 0.00, 1.00, 1.00, 1.00, 0.00, 0.00, 0.00, 1.00, 1.00, 1.00, 0.00, 0.00
1481,  0,  49.333,  0.98,  1, 0.00, 0.01, 1.49, 0.13, 1.78, 2.63, 0.00, 1.15, 1.96, 1.84, 0.00, 0.12, 0.00, 0.16, 1.89, 0.55, 0.00, 0.00, 0.00, 1.00, 1.00, 1.00, 1.00, 0.00, 1.00, 1.00, 1.00, 0.00, 0.00, 0.00, 1.00, 1.00, 1.00, 0.00, 0.00
1482,  0,  49.367,  0.98,  1, 0.00, 0.01, 1.48, 0.13, 1.81, 2.81, 0.00, 1.21, 1.97, 1.91, 0.00, 0.17, 0.00, 0.16, 1.87, 0.48, 0.00, 0.00, 0.00, 1.00, 1.00, 1.00, 1.00, 0.00, 1.00, 1.00, 1.00, 0.00, 0.00, 0.00, 1.00, 1.00, 1.00, 0.00, 0.00
1483,  0,  49.400,  0.98,  1, 0.00, 0.05, 1.55, 0.20, 1.83, 3.00, 0.02, 1.23, 1.99, 1.98, 0.00, 0.15, 0.00, 0.16, 1.86, 0.46, 0.00, 0.00, 0.00, 1.00, 1.00, 1.00, 1.00, 0.00, 1.00, 1.00, 1.00, 0.00, 0.00, 0.00, 1.00, 1.00, 1.00, 0.00, 0.00
1484,  0,  49.433,  0.98,  1, 0.00, 0.15, 1.47, 0.07, 1.76, 2.93, 0.02, 1.19, 1.94, 2.04, 0.00, 0.26, 0.00, 0.16, 1.80, 0.48, 0.00, 0.00, 0.00, 1.00, 1.00, 1.00, 1.00, 0.00, 1.00, 1.00, 1.00, 0.00, 0.00, 0.00, 1.00, 1.00, 1.00, 0.00, 0.00
1485,  0,  49.467,  0.98,  1, 0.00, 0.15, 1.47, 0.07, 1.75, 2.83, 0.02, 1.20, 1.95, 2.06, 0.00, 0.26, 0.00, 0.12, 1.77, 0.46, 0.00, 0.00, 0.00, 1.00, 1.00, 1.00, 1.00, 0.00, 1.00, 1.00, 1.00, 0.00, 0.00, 0.00, 1.00, 1.00, 1.00, 0.00, 0.00
1486,  0,  49.500,  0.98,  1, 0.00, 0.11, 1.45, 0.00, 1.81, 2.78, 0.00, 1.22, 1.95, 2.15, 0.00, 0.18, 0.00, 0.09, 1.81, 0.48, 0.00, 0.00, 0.00, 1.00, 1.00, 1.00, 1.00, 0.00, 1.00, 1.00, 1.00, 0.00, 0.00, 0.00, 1.00, 1.00, 1.00, 0.00, 0.00
1487,  0,  49.533,  0.98,  1, 0.00, 0.00, 1.52, 0.01, 1.89, 2.69, 0.00, 1.22, 1.97, 2.14, 0.00, 0.08, 0.00, 0.07, 1.82, 0.52, 0.00, 0.00, 0.00, 1.00, 1.00, 1.00, 1.00, 0.00, 1.00, 1.00, 1.00, 0.00, 0.00, 0.00, 1.00, 1.00, 1.00, 0.00, 0.00
1488,  0,  49.567,  0.98,  1, 0.00, 0.00, 1.56, 0.12, 1.87, 2.68, 0.00, 1.16, 2.01, 2.20, 0.00, 0.01, 0.05, 0.09, 1.85, 0.63, 0.00, 0.00, 0.00, 1.00, 1.00, 1.00, 1.00, 0.00, 1.00, 1.00, 1.00, 0.00, 0.00, 0.00, 1.00, 1.00, 1.00, 0.00, 0.00
1489,  0,  49.600,  0.98,  1, 0.00, 0.00, 1.55, 0.22, 1.76, 2.57, 0.00, 1.11, 2.04, 2.20, 0.00, 0.01, 0.14, 0.11, 1.84, 0.66, 0.00, 0.00, 0.00, 1.00, 1.00, 1.00, 1.00, 0.00, 1.00, 1.00, 1.00, 0.00, 0.00, 0.00, 1.00, 1.00, 1.00, 0.00, 0.00
1490,  0,  49.633,  0.98,  1, 0.00, 0.00, 1.60, 0.35, 1.68, 2.66, 0.00, 1.01, 2.06, 2.27, 0.00, 0.00, 0.22, 0.13, 1.80, 0.72, 0.00, 0.00, 0.00, 1.00, 1.00, 1.00, 1.00, 0.00, 1.00, 1.00, 1.00, 0.00, 0.00, 0.00, 1.00, 1.00, 1.00, 0.00, 0.00
1491,  0,  49.667,  0.98,  1, 0.00, 0.00, 1.63, 0.25, 1.67, 2.77, 0.00, 0.96, 2.06, 2.21, 0.00, 0.00, 0.19, 0.11, 1.83, 0.65, 0.00, 0.00, 0.00, 1.00, 1.00, 1.00, 1.00, 0.00, 1.00, 1.00, 1.00, 0.00, 0.00, 0.00, 1.00, 1.00, 1.00, 0.00, 0.00
1492,  0,  49.700,  0.98,  1, 0.00, 0.00, 1.63, 0.19, 1.68, 2.72, 0.00, 0.98, 2.03, 2.21, 0.00, 0.00, 0.10, 0.12, 1.85, 0.67, 0.00, 0.00, 0.00, 1.00, 1.00, 1.00, 1.00, 0.00, 1.00, 1.00, 1.00, 0.00, 0.00, 0.00, 1.00, 1.00, 1.00, 0.00, 0.00
1493,  0,  49.733,  0.98,  1, 0.00, 0.00, 1.56, 0.17, 1.70, 2.69, 0.00, 1.03, 2.02, 2.10, 0.00, 0.00, 0.02, 0.11, 1.95, 0.62, 0.00, 0.00, 0.00, 1.00, 1.00, 1.00, 1.00, 0.00, 1.00, 1.00, 1.00, 0.00, 0.00, 0.00, 1.00, 1.00, 1.00, 0.00, 0.00
1494,  0,  49.767,  0.98,  1, 0.00, 0.00, 1.60, 0.23, 1.78, 2.56, 0.00, 1.08, 2.02, 2.18, 0.00, 0.00, 0.00, 0.12, 1.98, 0.70, 0.00, 0.00, 0.00, 1.00, 1.00, 1.00, 1.00, 0.00, 1.00, 1.00, 1.00, 0.00, 0.00, 0.00, 1.00, 1.00, 1.00, 0.00, 0.00
1495,  0,  49.800,  0.98,  1, 0.00, 0.00, 1.69, 0.37, 1.85, 2.73, 0.00, 1.07, 2.03, 2.19, 0.00, 0.00, 0.00, 0.13, 1.94, 0.71, 0.00, 0.00, 0.00, 1.00, 1.00, 1.00, 1.00, 0.00, 1.00, 1.00, 1.00, 0.00, 0.00, 0.00, 1.00, 1.00, 1.00, 0.00, 0.00
1496,  0,  49.833,  0.98,  1, 0.00, 0.00, 1.70, 0.36, 1.86, 2.71, 0.00, 1.08, 2.00, 2.28, 0.00, 0.00, 0.04, 0.14, 1.87, 0.67, 0.00, 0.00, 0.00, 1.00, 1.00, 1.00, 1.00, 0.00, 1.00, 1.00, 1.00, 0.00, 0.00, 0.00, 1.00, 1.00, 1.00, 0.00, 0.00
1497,  0,  49.867,  0.98,  1, 0.00, 0.00, 1.62, 0.39, 1.85, 2.74, 0.00, 1.12, 2.03, 2.27, 0.00, 0.00, 0.07, 0.11, 1.82, 0.66, 0.00, 0.00, 0.00, 1.00, 1.00, 1.00, 1.00, 0.00, 1.00, 1.00, 1.00, 0.00, 0.00, 0.00, 1.00, 1.00, 1.00, 0.00, 0.00
1498,  0,  49.900,  0.98,  1, 0.00, 0.00, 1.46, 0.24, 1.78, 2.53, 0.00, 1.16, 2.01, 2.26, 0.00, 0.04, 0.10, 0.10, 1.82, 0.66, 0.00, 0.00, 0.00, 1.00, 1.00, 1.00, 1.00, 0.00, 1.00, 1.00, 1.00, 0.00, 0.00, 0.00, 1.00, 1.00, 1.00, 0.00, 0.00
1499,  0,  49.933,  0.98,  1, 0.00, 0.00, 1.43, 0.13, 1.79, 2.42, 0.00, 1.21, 2.06, 2.25, 0.00, 0.09, 0.06, 0.07, 1.84, 0.67, 0.40, 0.00, 0.00, 1.00, 1.00, 1.00, 1.00, 0.00, 1.00, 1.00, 1.00, 0.00, 0.00, 0.00, 1.00, 1.00, 1.00, 0.00, 0.00
1500,  0,  49.967,  0.98,  1, 0.00, 0.00, 1.46, 0.09, 1.77, 2.08, 0.00, 1.10, 2.07, 2.22, 0.00, 0.19, 0.03, 0.06, 1.80, 0.54, 1.16, 0.00, 0.00, 1.00, 1.00, 1.00, 1.00, 0.00, 1.00, 1.00, 1.00, 0.00, 0.00, 0.00, 1.00, 1.00, 1.00, 0.00, 1.00
1501,  0,  50.000,  0.98,  1, 0.00, 0.00, 1.59, 0.16, 1.78, 1.78, 0.00, 1.00, 2.08, 2.21, 0.00, 0.18, 0.06, 0.02, 1.83, 0.41, 2.07, 0.00, 0.00, 1.00, 1.00, 1.00, 1.00, 0.00, 1.00, 1.00, 1.00, 0.00, 0.00, 0.00, 1.00, 1.00, 1.00, 0.00, 1.00
1502,  0,  50.033,  0.98,  1, 0.00, 0.00, 1.64, 0.22, 1.81, 1.63, 0.07, 0.89, 2.02, 2.20, 0.00, 0.17, 0.11, 0.00, 1.84, 0.31, 2.42, 0.00, 0.00, 1.00, 1.00, 1.00, 1.00, 0.00, 1.00, 1.00, 1.00, 0.00, 0.00, 0.00, 1.00, 1.00, 1.00, 0.00, 1.00
1503,  0,  50.067,  0.98,  1, 0.00, 0.00, 1.61, 0.28, 1.87, 1.98, 0.15, 0.84, 1.99, 2.21, 0.00, 0.08, 0.19, 0.00, 1.82, 0.26, 2.16, 0.00, 0.00, 1.00, 1.00, 1.00, 1.00, 0.00, 1.00, 1.00, 1.00, 0.00, 0.00, 0.00, 1.00, 1.00, 1.00, 0.00, 1.00
1504,  0,  50.100,  0.98,  1, 0.00, 0.00, 1.61, 0.17, 1.93, 2.40, 0.21, 0.80, 1.97, 2.21, 0.00, 0.06, 0.16, 0.03, 1.77, 0.21, 1.67, 0.00, 0.00, 1.00, 1.00, 1.00, 1.00, 0.00, 1.00, 1.00, 1.00, 0.00, 0.00, 0.00, 1.00, 1.00, 1.00, 0.00, 1.00
1505,  0,  50.133,  0.98,  1, 0.00, 0.00, 1.56, 0.12, 1.95, 2.69, 0.23, 0.72, 2.02, 2.18, 0.00, 0.04, 0.13, 0.06, 1.70, 0.24, 1.04, 0.00, 0.00, 1.00, 1.00, 1.00, 1.00, 0.00, 1.00, 1.00, 1.00, 0.00, 0.00, 0.00, 1.00, 1.00, 1.00, 0.00, 1.00
1506,  0,  50.167,  0.98,  1, 0.00, 0.00, 1.50, 0.00, 1.91, 2.65, 0.20, 0.67, 1.98, 2.12, 0.00, 0.09, 0.08, 0.10, 1.70, 0.28, 0.58, 0.00, 0.00, 1.00, 1.00, 1.00, 1.00, 0.00, 1.00, 1.00, 1.00, 0.00, 0.00, 0.00, 1.00, 1.00, 1.00, 0.00, 1.00
1507,  0,  50.200,  0.98,  1, 0.00, 0.00, 1.43, 0.00, 1.87, 2.53, 0.16, 0.59, 1.96, 2.08, 0.00, 0.09, 0.06, 0.10, 1.73, 0.24, 0.17, 0.00, 0.00, 1.00, 1.00, 1.00, 1.00, 0.00, 1.00, 1.00, 1.00, 0.00, 0.00, 0.00, 1.00, 1.00, 1.00, 0.00, 0.00
1508,  0,  50.233,  0.98,  1, 0.00, 0.00, 1.39, 0.00, 1.80, 2.37, 0.09, 0.60, 1.93, 2.03, 0.00, 0.08, 0.05, 0.10, 1.76, 0.15, 0.04, 0.00, 0.00, 1.00, 1.00, 1.00, 1.00, 0.00, 1.00, 1.00, 1.00, 0.00, 0.00, 0.00, 1.00, 1.00, 1.00, 0.00, 0.00
1509,  0,  50.267,  0.98,  1, 0.00, 0.00, 1.36, 0.00, 1.78, 2.35, 0.10, 0.66, 1.91, 2.03, 0.00, 0.08, 0.02, 0.08, 1.71, 0.07, 0.00, 0.00, 0.00, 1.00, 1.00, 1.00, 1.00, 0.00, 1.00, 1.00, 1.00, 0.00, 0.00, 0.00, 1.00, 1.00, 1.00, 0.00, 0.00
1510,  0,  50.300,  0.98,  1, 0.00, 0.00, 1.40, 0.00, 1.75, 2.48, 0.10, 0.82, 1.92, 1.98, 0.00, 0.05, 0.00, 0.07, 1.69, 0.08, 0.00, 0.00, 0.00, 1.00, 1.00, 1.00, 1.00, 0.00, 1.00, 1.00, 1.00, 0.00, 0.00, 0.00, 1.00, 1.00, 1.00, 0.00, 0.00
1511,  0,  50.333,  0.98,  1, 0.00, 0.00, 1.43, 0.00, 1.73, 2.69, 0.09, 0.94, 1.90, 1.87, 0.00, 0.05, 0.00, 0.03, 1.63, 0.05, 0.00, 0.00, 0.00, 1.00, 1.00, 1.00, 1.00, 0.00, 1.00, 1.00, 1.00, 0.00, 0.00, 0.00, 1.00, 1.00, 1.00, 0.00, 0.00
1512,  0,  50.367,  0.98,  1, 0.00, 0.00, 1.51, 0.00, 1.68, 2.57, 0.02, 1.00, 1.90, 1.84, 0.00, 0.03, 0.04, 0.01, 1.73, 0.03, 0.00, 0.00, 0.00, 1.00, 1.00, 1.00, 1.00, 0.00, 1.00, 1.00, 1.00, 0.00, 0.00, 0.00, 1.00, 1.00, 1.00, 0.00, 0.00
1513,  0,  50.400,  0.98,  1, 0.00, 0.00, 1.52, 0.00, 1.64, 2.36, 0.01, 0.95, 1.84, 1.85, 0.00, 0.08, 0.08, 0.04, 1.73, 0.00, 0.00, 0.00, 0.00, 1.00, 1.00, 1.00, 1.00, 0.00, 1.00, 1.00, 1.00, 0.00, 0.00, 0.00, 1.00, 1.00, 1.00, 0.00, 0.00
1514,  0,  50.433,  0.98,  1, 0.00, 0.00, 1.52, 0.00, 1.57, 2.12, 0.03, 0.83, 1.77, 1.91, 0.00, 0.15, 0.08, 0.09, 1.74, 0.01, 0.00, 0.00, 0.00, 1.00, 1.00, 1.00, 1.00, 0.00, 1.00, 1.00, 1.00, 0.00, 0.00, 0.00, 1.00, 1.00, 1.00, 0.00, 0.00
1515,  0,  50.467,  0.98,  1, 0.00, 0.00, 1.43, 0.00, 1.55, 2.18, 0.07, 0.81, 1.71, 1.92, 0.00, 0.13, 0.04, 0.09, 1.69, 0.06, 0.00, 0.00, 0.00, 1.00, 1.00, 1.00, 1.00, 0.00, 1.00, 1.00, 1.00, 0.00, 0.00, 0.00, 1.00, 1.00, 1.00, 0.00, 0.00
1516,  0,  50.500,  0.98,  1, 0.00, 0.00, 1.40, 0.00, 1.50, 2.24, 0.07, 0.72, 1.62, 1.84, 0.00, 0.12, 0.02, 0.05, 1.60, 0.08, 0.00, 0.00, 0.00, 1.00, 1.00, 1.00, 1.00, 0.00, 1.00, 1.00, 1.00, 0.00, 0.00, 0.00, 1.00, 1.00, 1.00, 0.00, 0.00
1517,  0,  50.533,  0.98,  1, 0.00, 0.00, 1.48, 0.00, 1.46, 2.19, 0.10, 0.72, 1.56, 1.81, 0.00, 0.05, 0.14, 0.01, 1.57, 0.10, 0.24, 0.00, 0.00, 1.00, 1.00, 1.00, 1.00, 0.00, 1.00, 1.00, 1.00, 0.00, 0.00, 0.00, 1.00, 1.00, 1.00, 0.00, 1.00
1518,  0,  50.567,  0.98,  1, 0.00, 0.00, 1.54, 0.00, 1.43, 2.10, 0.18, 0.79, 1.45, 1.74, 0.00, 0.03, 0.15, 0.00, 1.48, 0.04, 0.85, 0.00, 0.00, 1.00, 1.00, 1.00, 1.00, 0.00, 1.00, 1.00, 1.00, 0.00, 0.00, 0.00, 1.00, 1.00, 1.00, 0.00, 1.00
1519,  0,  50.600,  0.98,  1, 0.00, 0.00, 1.49, 0.01, 1.40, 2.00, 0.28, 0.89, 1.41, 1.68, 0.00, 0.00, 0.13, 0.00, 1.45, 0.03, 1.53, 0.00, 0.00, 1.00, 1.00, 1.00, 1.00, 0.00, 1.00, 1.00, 1.00, 0.00, 0.00, 0.00, 1.00, 1.00, 1.00, 0.00, 1.00
1520,  0,  50.633,  0.98,  1, 0.00, 0.00, 1.41, 0.11, 1.35, 2.07, 0.36, 0.92, 1.31, 1.56, 0.00, 0.00, 0.05, 0.00, 1.32, 0.00, 1.98, 0.00, 0.00, 1.00, 1.00, 1.00, 1.00, 0.00, 1.00, 1.00, 1.00, 0.00, 0.00, 0.00, 1.00, 1.00, 0.00, 0.00, 1.00
1521,  0,  50.667,  0.98,  1, 0.00, 0.00, 1.38, 0.19, 1.30, 2.11, 0.40, 0.82, 1.24, 1.46, 0.00, 0.00, 0.12, 0.00, 1.36, 0.00, 2.15, 0.00, 0.00, 1.00, 1.00, 1.00, 1.00, 0.00, 1.00, 1.00, 1.00, 0.00, 0.00, 0.00, 1.00, 1.00, 0.00, 0.00, 1.00
1522,  0,  50.700,  0.98,  1, 0.00, 0.00, 1.51, 0.18, 1.26, 2.27, 0.41, 0.75, 1.19, 1.42, 0.00, 0.00, 0.24, 0.00, 1.45, 0.00, 2.22, 0.00, 0.00, 1.00, 1.00, 1.00, 1.00, 0.00, 1.00, 1.00, 1.00, 0.00, 0.00, 0.00, 1.00, 1.00, 0.00, 0.00, 1.00
1523,  0,  50.733,  0.98,  1, 0.00, 0.00, 1.67, 0.10, 1.25, 2.28, 0.39, 0.70, 1.17, 1.45, 0.00, 0.00, 0.29, 0.00, 1.56, 0.00, 2.00, 0.00, 0.00, 1.00, 1.00, 1.00, 1.00, 0.00, 1.00, 1.00, 1.00, 0.00, 0.00, 0.00, 1.00, 1.00, 0.00, 0.00, 1.00
1524,  0,  50.767,  0.98,  1, 0.00, 0.00, 1.80, 0.01, 1.31, 2.35, 0.26, 0.66, 1.20, 1.52, 0.00, 0.00, 0.23, 0.00, 1.57, 0.00, 1.40, 0.00, 0.00, 1.00, 1.00, 1.00, 1.00, 0.00, 1.00, 1.00, 1.00, 0.00, 0.00, 0.00, 1.00, 1.00, 0.00, 0.00, 1.00
1525,  0,  50.800,  0.98,  1, 0.00, 0.00, 1.78, 0.01, 1.28, 2.24, 0.15, 0.57, 1.19, 1.59, 0.00, 0.09, 0.12, 0.00, 1.58, 0.03, 0.72, 0.00, 0.00, 1.00, 1.00, 1.00, 1.00, 0.00, 1.00, 1.00, 1.00, 0.00, 0.00, 0.00, 1.00, 1.00, 1.00, 0.00, 1.00
1526,  0,  50.833,  0.98,  1, 0.00, 0.00, 1.64, 0.00, 1.24, 2.10, 0.03, 0.49, 1.17, 1.71, 0.00, 0.18, 0.02, 0.00, 1.65, 0.14, 0.27, 0.00, 0.00, 1.00, 1.00, 1.00, 1.00, 0.00, 1.00, 1.00, 1.00, 0.00, 0.00, 0.00, 1.00, 1.00, 1.00, 0.00, 0.00
1527,  0,  50.867,  0.98,  1, 0.00, 0.00, 1.55, 0.00, 1.13, 1.92, 0.08, 0.45, 1.04, 1.69, 0.00, 0.23, 0.00, 0.00, 1.61, 0.20, 0.08, 0.00, 0.00, 1.00, 1.00, 1.00, 1.00, 0.00, 1.00, 1.00, 1.00, 0.00, 0.00, 0.00, 1.00, 1.00, 1.00, 0.00, 0.00
1528,  0,  50.900,  0.98,  1, 0.00, 0.00, 1.47, 0.00, 1.05, 1.75, 0.14, 0.42, 0.97, 1.75, 0.00, 0.20, 0.00, 0.00, 1.53, 0.20, 0.00, 0.00, 0.00, 1.00, 1.00, 1.00, 1.00, 0.00, 1.00, 1.00, 1.00, 0.00, 0.00, 0.00, 1.00, 1.00, 1.00, 0.00, 0.00
1529,  0,  50.933,  0.98,  1, 0.00, 0.00, 1.42, 0.00, 0.93, 1.60, 0.19, 0.38, 0.87, 1.77, 0.00, 0.19, 0.00, 0.00, 1.37, 0.14, 0.00, 0.00, 0.00, 1.00, 1.00, 1.00, 1.00, 0.00, 1.00, 1.00, 1.00, 0.00, 0.00, 0.00, 1.00, 1.00, 1.00, 0.00, 0.00
1530,  0,  50.967,  0.98,  1, 0.00, 0.00, 1.31, 0.00, 0.79, 1.41, 0.17, 0.33, 0.82, 1.78, 0.00, 0.26, 0.00, 0.00, 1.25, 0.14, 0.00, 0.00, 0.00, 1.00, 1.00, 0.00, 1.00, 0.00, 1.00, 1.00, 1.00, 0.00, 0.00, 0.00, 1.00, 1.00, 0.00, 0.00, 0.00
1531,  0,  51.000,  0.98,  1, 0.00, 0.00, 1.32, 0.00, 0.68, 1.28, 0.14, 0.28, 0.77, 1.76, 0.00, 0.36, 0.00, 0.00, 1.18, 0.13, 0.00, 0.00, 0.00, 1.00, 1.00, 0.00, 1.00, 0.00, 1.00, 1.00, 1.00, 0.00, 0.00, 0.00, 1.00, 1.00, 0.00, 0.00, 0.00
1532,  0,  51.033,  0.98,  1, 0.00, 0.00, 1.30, 0.00, 0.62, 1.23, 0.11, 0.27, 0.78, 1.65, 0.00, 0.37, 0.00, 0.00, 1.15, 0.15, 0.00, 0.00, 0.00, 1.00, 1.00, 0.00, 1.00, 0.00, 1.00, 1.00, 1.00, 0.00, 0.00, 0.00, 1.00, 1.00, 0.00, 0.00, 0.00
1533,  0,  51.067,  0.98,  1, 0.00, 0.00, 1.36, 0.00, 0.64, 1.34, 0.10, 0.28, 0.82, 1.69, 0.00, 0.34, 0.00, 0.00, 1.20, 0.22, 0.00, 0.00, 0.00, 1.00, 1.00, 0.00, 1.00, 0.00, 1.00, 1.00, 1.00, 0.00, 0.00, 0.00, 1.00, 1.00, 0.00, 0.00, 0.00
1534,  0,  51.100,  0.98,  1, 0.00, 0.00, 1.35, 0.00, 0.73, 1.42, 0.14, 0.27, 0.86, 1.60, 0.00, 0.20, 0.00, 0.00, 1.24, 0.38, 0.00, 0.00, 0.00, 1.00, 1.00, 1.00, 1.00, 0.00, 1.00, 1.00, 1.00, 0.00, 0.00, 0.00, 1.00, 1.00, 0.00, 0.00, 0.00
1535,  0,  51.133,  0.98,  1, 0.00, 0.00, 1.35, 0.00, 0.84, 1.35, 0.16, 0.28, 0.94, 1.63, 0.00, 0.20, 0.00, 0.00, 1.32, 0.34, 0.00, 0.00, 0.00, 1.00, 1.00, 1.00, 1.00, 0.00, 1.00, 1.00, 1.00, 0.00, 0.00, 0.00, 1.00, 1.00, 0.00, 0.00, 0.00
1536,  0,  51.167,  0.98,  1, 0.00, 0.00, 1.35, 0.00, 0.92, 1.33, 0.12, 0.32, 1.07, 1.73, 0.00, 0.11, 0.00, 0.00, 1.41, 0.24, 0.00, 0.00, 0.00, 1.00, 1.00, 1.00, 1.00, 0.00, 1.00, 1.00, 1.00, 0.00, 0.00, 0.00, 1.00, 1.00, 0.00, 0.00, 0.00
1537,  0,  51.200,  0.98,  1, 0.00, 0.00, 1.26, 0.00, 1.01, 1.42, 0.03, 0.41, 1.18, 2.00, 0.00, 0.08, 0.00, 0.00, 1.49, 0.27, 0.00, 0.00, 0.00, 1.00, 1.00, 1.00, 1.00, 0.00, 1.00, 1.00, 1.00, 0.00, 0.00, 0.00, 1.00, 1.00, 0.00, 0.00, 0.00
1538,  0,  51.233,  0.98,  1, 0.00, 0.00, 1.27, 0.00, 1.07, 1.63, 0.00, 0.48, 1.30, 2.16, 0.00, 0.00, 0.00, 0.00, 1.75, 0.49, 0.00, 0.00, 0.00, 1.00, 1.00, 1.00, 1.00, 0.00, 1.00, 1.00, 1.00, 0.00, 0.00, 0.00, 1.00, 1.00, 1.00, 0.00, 0.00
1539,  0,  51.267,  0.98,  1, 0.00, 0.00, 1.23, 0.00, 1.12, 1.58, 0.00, 0.51, 1.36, 2.30, 0.00, 0.00, 0.00, 0.00, 1.96, 0.72, 0.00, 0.00, 0.00, 1.00, 1.00, 1.00, 1.00, 0.00, 1.00, 1.00, 1.00, 0.00, 0.00, 0.00, 1.00, 1.00, 1.00, 0.00, 0.00
1540,  0,  51.300,  0.98,  1, 0.00, 0.00, 1.27, 0.00, 1.08, 1.50, 0.00, 0.44, 1.38, 2.18, 0.00, 0.00, 0.00, 0.00, 2.10, 0.73, 0.00, 0.00, 0.00, 1.00, 1.00, 1.00, 1.00, 0.00, 1.00, 1.00, 1.00, 0.00, 0.00, 0.00, 1.00, 1.00, 1.00, 0.00, 0.00
1541,  0,  51.333,  0.98,  1, 0.00, 0.00, 1.27, 0.00, 1.01, 1.50, 0.00, 0.40, 1.35, 2.06, 0.00, 0.00, 0.00, 0.00, 2.06, 0.67, 0.00, 0.00, 0.00, 1.00, 1.00, 1.00, 1.00, 0.00, 1.00, 1.00, 1.00, 0.00, 0.00, 0.00, 1.00, 1.00, 1.00, 0.00, 0.00
1542,  0,  51.367,  0.98,  1, 0.00, 0.00, 1.26, 0.04, 0.94, 1.69, 0.00, 0.33, 1.33, 1.97, 0.00, 0.00, 0.00, 0.00, 1.97, 0.54, 0.00, 0.00, 0.00, 1.00, 1.00, 1.00, 1.00, 0.00, 1.00, 1.00, 1.00, 0.00, 0.00, 0.00, 1.00, 1.00, 1.00, 0.00, 0.00
1543,  0,  51.400,  0.98,  1, 0.00, 0.00, 1.28, 0.10, 0.90, 1.86, 0.00, 0.36, 1.29, 2.04, 0.00, 0.05, 0.00, 0.00, 1.82, 0.53, 0.00, 0.00, 0.00, 1.00, 1.00, 1.00, 1.00, 0.00, 1.00, 1.00, 1.00, 0.00, 0.00, 0.00, 1.00, 1.00, 0.00, 0.00, 0.00
1544,  0,  51.433,  0.98,  1, 0.00, 0.00, 1.19, 0.10, 0.92, 1.86, 0.00, 0.36, 1.22, 2.16, 0.00, 0.15, 0.03, 0.00, 1.60, 0.59, 0.00, 0.00, 0.00, 1.00, 1.00, 0.00, 1.00, 0.00, 1.00, 1.00, 1.00, 0.00, 0.00, 0.00, 1.00, 1.00, 0.00, 0.00, 0.00
1545,  0,  51.467,  0.98,  1, 0.00, 0.00, 1.19, 0.06, 0.88, 1.68, 0.00, 0.41, 1.16, 2.22, 0.00, 0.19, 0.03, 0.00, 1.45, 0.64, 0.00, 0.00, 0.00, 1.00, 1.00, 0.00, 1.00, 0.00, 1.00, 1.00, 1.00, 0.00, 0.00, 0.00, 1.00, 1.00, 0.00, 0.00, 0.00
1546,  0,  51.500,  0.98,  1, 0.00, 0.00, 1.24, 0.00, 0.92, 1.62, 0.00, 0.47, 1.21, 2.16, 0.00, 0.15, 0.03, 0.00, 1.56, 0.61, 0.00, 0.00, 0.00, 1.00, 1.00, 1.00, 1.00, 0.00, 1.00, 1.00, 1.00, 0.00, 0.00, 0.00, 0.00, 1.00, 0.00, 0.00, 0.00
1547,  0,  51.533,  0.98,  1, 0.04, 0.00, 1.46, 0.00, 0.95, 1.70, 0.00, 0.59, 1.32, 2.06, 0.00, 0.05, 0.03, 0.00, 1.67, 0.63, 0.49, 0.00, 0.00, 1.00, 1.00, 1.00, 1.00, 0.00, 1.00, 1.00, 1.00, 0.00, 0.00, 0.00, 0.00, 1.00, 0.00, 0.00, 0.00
1548,  0,  51.567,  0.98,  1, 0.04, 0.00, 1.53, 0.00, 1.07, 1.72, 0.05, 0.63, 1.38, 1.76, 0.00, 0.01, 0.03, 0.00, 1.74, 0.57, 1.32, 0.00, 0.00, 1.00, 1.00, 1.00, 1.00, 0.00, 1.00, 1.00, 1.00, 0.00, 0.00, 0.00, 0.00, 1.00, 0.00, 0.00, 1.00
1549,  0,  51.600,  0.98,  1, 0.04, 0.00, 1.51, 0.00, 1.09, 1.45, 0.05, 0.59, 1.38, 1.50, 0.02, 0.00, 0.03, 0.00, 1.64, 0.50, 1.98, 0.00, 0.00, 1.00, 1.00, 1.00, 1.00, 0.00, 1.00, 1.00, 1.00, 0.00, 0.00, 0.00, 0.00, 1.00, 0.00, 0.00, 1.00
1550,  0,  51.633,  0.98,  1, 0.00, 0.00, 1.43, 0.00, 1.09, 1.26, 0.06, 0.50, 1.32, 1.30, 0.02, 0.00, 0.00, 0.00, 1.59, 0.35, 2.13, 0.00, 0.00, 1.00, 1.00, 1.00, 1.00, 0.00, 1.00, 1.00, 1.00, 0.00, 0.00, 0.00, 0.00, 1.00, 0.00, 0.00, 1.00
1551,  0,  51.667,  0.98,  1, 0.00, 0.00, 1.50, 0.00, 1.10, 1.35, 0.01, 0.43, 1.32, 1.29, 0.02, 0.00, 0.00, 0.00, 1.51, 0.31, 1.75, 0.00, 0.00, 1.00, 1.00, 1.00, 1.00, 0.00, 1.00, 1.00, 1.00, 0.00, 0.00, 0.00, 0.00, 1.00, 0.00, 0.00, 1.00
1552,  0,  51.700,  0.98,  1, 0.00, 0.00, 1.44, 0.00, 1.15, 1.68, 0.01, 0.46, 1.32, 1.37, 0.00, 0.00, 0.00, 0.00, 1.47, 0.32, 1.39, 0.00, 0.00, 1.00, 1.00, 1.00, 1.00, 0.00, 1.00, 1.00, 1.00, 0.00, 0.00, 0.00, 0.00, 1.00, 0.00, 0.00, 1.00
1553,  0,  51.733,  0.98,  1, 0.00, 0.00, 1.40, 0.00, 1.18, 1.77, 0.00, 0.47, 1.32, 1.55, 0.00, 0.00, 0.00, 0.00, 1.42, 0.30, 0.99, 0.00, 0.00, 1.00, 1.00, 1.00, 1.00, 0.00, 1.00, 1.00, 1.00, 0.00, 0.00, 0.00, 0.00, 1.00, 0.00, 0.00, 1.00
1554,  0,  51.767,  0.98,  1, 0.00, 0.00, 1.30, 0.00, 1.17, 1.74, 0.01, 0.49, 1.27, 1.73, 0.00, 0.00, 0.00, 0.00, 1.47, 0.24, 0.67, 0.00, 0.00, 1.00, 1.00, 1.00, 1.00, 0.00, 1.00, 1.00, 1.00, 0.00, 0.00, 0.00, 0.00, 1.00, 0.00, 0.00, 1.00
1555,  0,  51.800,  0.98,  1, 0.00, 0.00, 1.30, 0.00, 1.09, 1.63, 0.01, 0.38, 1.13, 1.73, 0.00, 0.00, 0.00, 0.00, 1.46, 0.16, 0.55, 0.00, 0.00, 1.00, 1.00, 1.00, 1.00, 0.00, 1.00, 1.00, 1.00, 0.00, 0.00, 0.00, 0.00, 1.00, 0.00, 0.00, 1.00
1556,  0,  51.833,  0.98,  1, 0.00, 0.00, 1.32, 0.00, 1.05, 1.69, 0.01, 0.33, 1.00, 1.62, 0.00, 0.06, 0.00, 0.00, 1.52, 0.09, 0.61, 0.00, 0.00, 1.00, 1.00, 1.00, 1.00, 0.00, 1.00, 1.00, 1.00, 0.00, 0.00, 0.00, 1.00, 1.00, 0.00, 0.00, 1.00
1557,  0,  51.867,  0.98,  1, 0.00, 0.00, 1.42, 0.04, 1.03, 1.62, 0.03, 0.31, 0.95, 1.54, 0.00, 0.07, 0.00, 0.00, 1.44, 0.07, 1.20, 0.00, 0.00, 1.00, 1.00, 1.00, 1.00, 0.00, 1.00, 1.00, 1.00, 0.00, 0.00, 0.00, 1.00, 1.00, 0.00, 0.00, 1.00
1558,  0,  51.900,  0.98,  1, 0.00, 0.00, 1.52, 0.12, 0.99, 1.42, 0.10, 0.32, 0.93, 1.60, 0.00, 0.10, 0.00, 0.00, 1.40, 0.03, 1.74, 0.00, 0.00, 1.00, 1.00, 1.00, 1.00, 0.00, 1.00, 1.00, 1.00, 0.00, 0.00, 0.00, 1.00, 1.00, 0.00, 0.00, 1.00
1559,  0,  51.933,  0.98,  1, 0.00, 0.00, 1.59, 0.22, 0.90, 0.90, 0.12, 0.40, 0.89, 1.53, 0.09, 0.05, 0.00, 0.00, 1.38, 0.05, 2.41, 0.00, 0.00, 1.00, 1.00, 1.00, 1.00, 0.00, 1.00, 1.00, 1.00, 0.00, 0.00, 0.00, 1.00, 1.00, 0.00, 0.00, 1.00
1560,  0,  51.967,  0.98,  1, 0.00, 0.00, 1.57, 0.18, 0.80, 0.81, 0.28, 0.39, 0.80, 1.45, 0.09, 0.03, 0.00, 0.00, 1.41, 0.04, 2.46, 0.00, 0.00, 1.00, 1.00, 1.00, 1.00, 0.00, 1.00, 1.00, 1.00, 0.00, 0.00, 0.00, 1.00, 1.00, 0.00, 0.00, 1.00
1561,  0,  52.000,  0.98,  1, 0.00, 0.00, 1.58, 0.10, 0.89, 1.09, 0.43, 0.38, 0.75, 1.40, 0.09, 0.02, 0.00, 0.00, 1.47, 0.04, 2.45, 0.00, 0.00, 1.00, 1.00, 1.00, 1.00, 0.00, 1.00, 1.00, 1.00, 0.00, 0.00, 0.00, 1.00, 1.00, 0.00, 0.00, 1.00
1562,  0,  52.033,  0.98,  1, 0.00, 0.00, 1.62, 0.00, 1.07, 1.73, 0.59, 0.24, 0.74, 1.59, 0.00, 0.02, 0.00, 0.00, 1.47, 0.00, 1.79, 0.00, 0.00, 1.00, 1.00, 1.00, 1.00, 0.00, 1.00, 1.00, 1.00, 0.00, 0.00, 0.00, 1.00, 1.00, 0.00, 0.00, 1.00
1563,  0,  52.067,  0.98,  1, 0.00, 0.00, 1.63, 0.00, 1.19, 2.03, 0.54, 0.22, 0.78, 1.77, 0.00, 0.02, 0.00, 0.00, 1.54, 0.00, 1.26, 0.00, 0.00, 1.00, 1.00, 1.00, 1.00, 0.00, 1.00, 1.00, 1.00, 0.00, 0.00, 0.00, 1.00, 1.00, 0.00, 0.00, 1.00
1564,  0,  52.100,  0.98,  1, 0.00, 0.00, 1.65, 0.00, 1.22, 2.15, 0.46, 0.24, 0.83, 1.97, 0.00, 0.08, 0.00, 0.00, 1.51, 0.07, 0.59, 0.00, 0.00, 1.00, 1.00, 1.00, 1.00, 0.00, 1.00, 1.00, 1.00, 0.00, 0.00, 0.00, 1.00, 1.00, 0.00, 0.00, 1.00
1565,  0,  52.133,  0.98,  1, 0.00, 0.00, 1.56, 0.00, 1.14, 2.07, 0.39, 0.27, 0.86, 2.03, 0.00, 0.10, 0.00, 0.00, 1.48, 0.16, 0.28, 0.00, 0.00, 1.00, 1.00, 1.00, 1.00, 0.00, 1.00, 1.00, 1.00, 0.00, 0.00, 0.00, 1.00, 1.00, 0.00, 0.00, 0.00
1566,  0,  52.167,  0.98,  1, 0.00, 0.01, 1.49, 0.00, 1.06, 1.99, 0.34, 0.31, 0.87, 2.02, 0.00, 0.10, 0.00, 0.00, 1.48, 0.27, 0.03, 0.00, 0.00, 1.00, 1.00, 1.00, 1.00, 0.00, 1.00, 1.00, 1.00, 0.00, 0.00, 0.00, 1.00, 1.00, 0.00, 0.00, 0.00
1567,  0,  52.200,  0.98,  1, 0.00, 0.03, 1.39, 0.00, 0.95, 1.98, 0.31, 0.24, 0.89, 1.89, 0.00, 0.03, 0.00, 0.00, 1.54, 0.36, 0.00, 0.00, 0.00, 1.00, 1.00, 1.00, 1.00, 0.00, 1.00, 1.00, 1.00, 0.00, 0.00, 0.00, 1.00, 1.00, 0.00, 0.00, 0.00
1568,  0,  52.233,  0.98,  1, 0.00, 0.03, 1.35, 0.00, 0.89, 2.02, 0.28, 0.26, 0.89, 1.80, 0.00, 0.04, 0.00, 0.00, 1.59, 0.33, 0.00, 0.00, 0.00, 1.00, 1.00, 1.00, 1.00, 0.00, 1.00, 1.00, 1.00, 0.00, 0.00, 0.00, 1.00, 1.00, 0.00, 0.00, 0.00
1569,  0,  52.267,  0.98,  1, 0.00, 0.02, 1.36, 0.00, 0.89, 2.11, 0.33, 0.28, 0.85, 1.73, 0.00, 0.03, 0.00, 0.00, 1.62, 0.21, 0.00, 0.00, 0.00, 1.00, 1.00, 1.00, 1.00, 0.00, 1.00, 1.00, 1.00, 0.00, 0.00, 0.00, 1.00, 1.00, 0.00, 0.00, 0.00
1570,  0,  52.300,  0.98,  1, 0.00, 0.01, 1.42, 0.00, 0.91, 2.05, 0.29, 0.38, 0.87, 1.72, 0.00, 0.03, 0.00, 0.00, 1.61, 0.06, 0.00, 0.00, 0.00, 1.00, 1.00, 1.00, 1.00, 0.00, 1.00, 1.00, 1.00, 0.00, 0.00, 0.00, 1.00, 1.00, 0.00, 0.00, 0.00
1571,  0,  52.333,  0.98,  1, 0.00, 0.01, 1.43, 0.00, 1.02, 2.00, 0.23, 0.45, 0.94, 1.77, 0.00, 0.00, 0.00, 0.00, 1.65, 0.02, 0.00, 0.00, 0.00, 1.00, 1.00, 1.00, 1.00, 0.00, 1.00, 1.00, 1.00, 0.00, 0.00, 0.00, 1.00, 1.00, 0.00, 0.00, 0.00
1572,  0,  52.367,  0.98,  1, 0.00, 0.01, 1.49, 0.00, 1.06, 1.74, 0.13, 0.39, 1.01, 1.73, 0.00, 0.01, 0.00, 0.00, 1.60, 0.08, 0.00, 0.00, 0.00, 1.00, 1.00, 1.00, 1.00, 0.00, 1.00, 1.00, 1.00, 0.00, 0.00, 0.00, 1.00, 1.00, 0.00, 0.00, 0.00
1573,  0,  52.400,  0.98,  1, 0.00, 0.00, 1.42, 0.00, 1.07, 1.52, 0.08, 0.36, 1.05, 1.74, 0.00, 0.06, 0.00, 0.00, 1.56, 0.12, 0.00, 0.00, 0.00, 1.00, 1.00, 1.00, 1.00, 0.00, 1.00, 1.00, 1.00, 0.00, 0.00, 0.00, 1.00, 1.00, 0.00, 0.00, 0.00
1574,  0,  52.433,  0.98,  1, 0.00, 0.00, 1.39, 0.00, 1.00, 1.30, 0.10, 0.29, 1.02, 1.71, 0.00, 0.15, 0.00, 0.00, 1.50, 0.10, 0.00, 0.00, 0.00, 1.00, 1.00, 1.00, 1.00, 0.00, 1.00, 1.00, 1.00, 0.00, 0.00, 0.00, 1.00, 1.00, 0.00, 0.00, 0.00
1575,  0,  52.467,  0.98,  1, 0.00, 0.00, 1.26, 0.00, 0.99, 1.28, 0.09, 0.29, 1.02, 1.75, 0.00, 0.23, 0.00, 0.00, 1.50, 0.03, 0.00, 0.00, 0.00, 1.00, 1.00, 1.00, 1.00, 0.00, 1.00, 1.00, 1.00, 0.00, 0.00, 0.00, 1.00, 1.00, 0.00, 0.00, 0.00
1576,  0,  52.500,  0.98,  1, 0.00, 0.00, 1.26, 0.00, 0.94, 1.28, 0.10, 0.24, 0.99, 1.77, 0.00, 0.32, 0.00, 0.00, 1.43, 0.01, 0.00, 0.00, 0.00, 1.00, 1.00, 1.00, 1.00, 0.00, 1.00, 1.00, 1.00, 0.00, 0.00, 0.00, 1.00, 1.00, 0.00, 0.00, 0.00
1577,  0,  52.533,  0.98,  1, 0.00, 0.04, 1.25, 0.00, 0.89, 1.22, 0.09, 0.19, 0.95, 1.74, 0.00, 0.38, 0.00, 0.00, 1.34, 0.01, 0.00, 0.00, 0.00, 1.00, 1.00, 0.00, 1.00, 0.00, 1.00, 1.00, 1.00, 0.00, 0.00, 0.00, 1.00, 1.00, 0.00, 0.00, 0.00
1578,  0,  52.567,  0.98,  1, 0.00, 0.06, 1.28, 0.00, 0.83, 1.30, 0.11, 0.21, 0.84, 1.70, 0.00, 0.48, 0.00, 0.00, 1.15, 0.01, 0.00, 0.00, 0.00, 1.00, 1.00, 0.00, 1.00, 0.00, 1.00, 1.00, 1.00, 0.00, 0.00, 0.00, 1.00, 1.00, 0.00, 0.00, 0.00
1579,  0,  52.600,  0.98,  1, 0.00, 0.12, 1.22, 0.00, 0.79, 1.26, 0.11, 0.23, 0.71, 1.65, 0.00, 0.51, 0.00, 0.00, 0.86, 0.00, 0.00, 0.00, 0.00, 1.00, 1.00, 0.00, 1.00, 0.00, 1.00, 0.00, 1.00, 0.00, 0.00, 0.00, 1.00, 0.00, 0.00, 0.00, 0.00
1580,  0,  52.633,  0.98,  1, 0.00, 0.18, 1.14, 0.00, 0.73, 1.29, 0.08, 0.27, 0.62, 1.66, 0.01, 0.58, 0.00, 0.00, 0.43, 0.00, 0.00, 0.00, 0.00, 1.00, 1.00, 0.00, 1.00, 0.00, 1.00, 0.00, 1.00, 0.00, 0.00, 0.00, 1.00, 0.00, 0.00, 0.00, 0.00
1581,  0,  52.667,  0.98,  1, 0.00, 0.17, 1.10, 0.04, 0.72, 1.35, 0.07, 0.30, 0.58, 1.68, 0.06, 0.52, 0.00, 0.01, 0.13, 0.00, 0.00, 0.00, 0.00, 1.00, 1.00, 0.00, 1.00, 0.00, 1.00, 0.00, 1.00, 0.00, 0.00, 0.00, 1.00, 0.00, 0.00, 0.00, 0.00
1582,  0,  52.700,  0.98,  1, 0.00, 0.12, 1.13, 0.04, 0.76, 1.37, 0.11, 0.41, 0.58, 1.69, 0.09, 0.55, 0.00, 0.05, 0.00, 0.00, 0.00, 0.00, 0.00, 1.00, 1.00, 0.00, 1.00, 0.00, 1.00, 0.00, 1.00, 0.00, 0.00, 0.00, 1.00, 0.00, 0.00, 0.00, 0.00
1583,  0,  52.733,  0.98,  1, 0.00, 0.03, 1.20, 0.04, 0.82, 1.45, 0.10, 0.51, 0.59, 1.69, 0.12, 0.49, 0.00, 0.10, 0.00, 0.00, 0.00, 0.00, 0.00, 1.00, 1.00, 0.00, 1.00, 0.00, 1.00, 0.00, 1.00, 0.00, 0.00, 0.00, 1.00, 0.00, 0.00, 0.00, 0.00
1584,  0,  52.767,  0.98,  1, 0.00, 0.02, 1.29, 0.00, 0.88, 1.53, 0.12, 0.45, 0.56, 1.63, 0.19, 0.65, 0.05, 0.09, 0.00, 0.00, 0.00, 0.00, 0.00, 1.00, 1.00, 0.00, 1.00, 0.00, 1.00, 0.00, 1.00, 1.00, 0.00, 0.00, 1.00, 0.00, 0.00, 0.00, 0.00
1585,  0,  52.800,  0.98,  1, 0.00, 0.03, 1.42, 0.00, 0.91, 1.78, 0.14, 0.35, 0.53, 1.61, 0.23, 0.75, 0.10, 0.06, 0.00, 0.00, 0.00, 0.00, 0.00, 1.00, 1.00, 1.00, 1.00, 0.00, 1.00, 0.00, 1.00, 1.00, 1.00, 0.00, 1.00, 0.00, 0.00, 0.00, 0.00
1586,  0,  52.833,  0.98,  1, 0.00, 0.03, 1.54, 0.03, 0.92, 2.04, 0.24, 0.23, 0.51, 1.60, 0.33, 0.86, 0.10, 0.02, 0.00, 0.00, 0.00, 0.00, 0.00, 1.00, 1.00, 1.00, 1.00, 0.00, 1.00, 0.00, 1.00, 1.00, 1.00, 0.00, 1.00, 0.00, 0.00, 0.00, 0.00
1587,  0,  52.867,  0.98,  1, 0.00, 0.03, 1.57, 0.03, 0.94, 2.21, 0.26, 0.22, 0.54, 1.68, 0.30, 0.83, 0.05, 0.01, 0.00, 0.00, 0.00, 0.00, 0.00, 1.00, 1.00, 1.00, 1.00, 0.00, 1.00, 0.00, 1.00, 1.00, 1.00, 0.00, 1.00, 0.00, 0.00, 0.00, 0.00
1588,  0,  52.900,  0.98,  1, 0.00, 0.00, 1.54, 0.03, 0.98, 2.31, 0.28, 0.31, 0.61, 1.74, 0.32, 0.77, 0.00, 0.01, 0.09, 0.00, 0.00, 0.00, 0.00, 1.00, 1.00, 1.00, 1.00, 0.00, 1.00, 0.00, 1.00, 0.00, 1.00, 0.00, 1.00, 0.00, 0.00, 0.00, 0.00
1589,  0,  52.933,  0.98,  1, 0.00, 0.05, 1.43, 0.00, 0.99, 2.34, 0.27, 0.34, 0.60, 1.75, 0.21, 0.78, 0.05, 0.04, 0.11, 0.00, 0.00, 0.00, 0.00, 1.00, 1.00, 1.00, 1.00, 0.00, 1.00, 0.00, 1.00, 0.00, 1.00, 0.00, 1.00, 0.00, 0.00, 0.00, 0.00
1590,  0,  52.967,  0.98,  1, 0.00, 0.08, 1.36, 0.00, 0.99, 2.41, 0.29, 0.33, 0.61, 1.73, 0.24, 0.81, 0.10, 0.05, 0.16, 0.00, 0.00, 0.00, 0.00, 1.00, 1.00, 1.00, 1.00, 0.00, 1.00, 0.00, 1.00, 0.00, 1.00, 0.00, 1.00, 0.00, 0.00, 0.00, 0.00
1591,  0,  53.000,  0.98,  1, 0.00, 0.15, 1.28, 0.01, 0.93, 2.43, 0.29, 0.23, 0.60, 1.74, 0.18, 0.87, 0.16, 0.04, 0.17, 0.00, 0.00, 0.00, 0.00, 1.00, 1.00, 1.00, 1.00, 0.00, 1.00, 0.00, 1.00, 0.00, 1.00, 0.00, 1.00, 0.00, 0.00, 0.00, 0.00
1592,  0,  53.033,  0.98,  1, 0.00, 0.21, 1.28, 0.01, 0.90, 2.44, 0.29, 0.21, 0.72, 1.61, 0.15, 0.76, 0.11, 0.01, 0.38, 0.00, 0.00, 0.00, 0.00, 1.00, 1.00, 1.00, 1.00, 0.00, 1.00, 0.00, 1.00, 0.00, 1.00, 0.00, 1.00, 0.00, 0.00, 0.00, 0.00
1593,  0,  53.067,  0.98,  1, 0.00, 0.20, 1.31, 0.03, 0.93, 2.59, 0.25, 0.23, 0.85, 1.57, 0.04, 0.58, 0.06, 0.00, 0.68, 0.00, 0.00, 0.00, 0.00, 1.00, 1.00, 1.00, 1.00, 0.00, 1.00, 1.00, 1.00, 0.00, 0.00, 0.00, 1.00, 0.00, 0.00, 0.00, 0.00
1594,  0,  53.100,  0.98,  1, 0.00, 0.20, 1.30, 0.02, 0.92, 2.45, 0.19, 0.23, 1.01, 1.46, 0.04, 0.46, 0.00, 0.00, 0.96, 0.00, 0.00, 0.00, 0.00, 1.00, 1.00, 1.00, 1.00, 0.00, 1.00, 1.00, 1.00, 0.00, 0.00, 0.00, 1.00, 0.00, 0.00, 0.00, 0.00
1595,  0,  53.133,  0.98,  1, 0.00, 0.09, 1.27, 0.02, 0.95, 2.40, 0.15, 0.26, 1.11, 1.49, 0.06, 0.42, 0.00, 0.00, 1.14, 0.00, 0.00, 0.00, 0.00, 1.00, 1.00, 1.00, 1.00, 0.00, 1.00, 1.00, 1.00, 0.00, 0.00, 0.00, 1.00, 0.00, 0.00, 0.00, 0.00
1596,  0,  53.167,  0.98,  1, 0.00, 0.10, 1.20, 0.00, 0.91, 2.07, 0.09, 0.32, 1.18, 1.36, 0.06, 0.38, 0.00, 0.00, 1.13, 0.00, 0.00, 0.00, 0.00, 1.00, 1.00, 1.00, 1.00, 0.00, 1.00, 1.00, 1.00, 0.00, 0.00, 0.00, 1.00, 0.00, 0.00, 0.00, 0.00
1597,  0,  53.200,  0.98,  1, 0.00, 0.08, 1.18, 0.05, 0.95, 2.05, 0.04, 0.42, 1.24, 1.34, 0.03, 0.20, 0.00, 0.00, 1.21, 0.00, 0.00, 0.00, 1.00, 1.00, 1.00, 1.00, 1.00, 0.00, 1.00, 1.00, 1.00, 0.00, 0.00, 0.00, 1.00, 1.00, 0.00, 0.00, 0.00
1598,  0,  53.233,  0.98,  1, 0.00, 0.14, 1.20, 0.08, 1.01, 1.99, 0.00, 0.54, 1.29, 1.40, 0.00, 0.07, 0.00, 0.00, 1.32, 0.03, 0.00, 0.00, 1.00, 1.00, 1.00, 1.00, 1.00, 0.00, 1.00, 1.00, 1.00, 0.00, 0.00, 0.00, 1.00, 1.00, 0.00, 0.00, 0.00
1599,  0,  53.267,  0.98,  1, 0.00, 0.11, 1.20, 0.12, 1.04, 2.03, 0.00, 0.67, 1.31, 1.56, 0.00, 0.01, 0.00, 0.00, 1.47, 0.07, 0.00, 0.00, 1.00, 1.00, 1.00, 1.00, 1.00, 0.00, 1.00, 1.00, 1.00, 0.00, 0.00, 0.00, 1.00, 1.00, 0.00, 0.00, 0.00
1600,  0,  53.300,  0.98,  1, 0.00, 0.06, 1.24, 0.09, 1.04, 2.17, 0.03, 0.80, 1.15, 1.64, 0.00, 0.05, 0.00, 0.00, 1.45, 0.17, 0.00, 0.00, 1.00, 1.00, 1.00, 1.00, 1.00, 0.00, 1.00, 1.00, 1.00, 0.00, 0.00, 0.00, 1.00, 0.00, 0.00, 0.00, 0.00
1601,  0,  53.333,  0.98,  1, 0.00, 0.00, 1.19, 0.06, 0.91, 2.23, 0.03, 0.72, 0.89, 1.74, 0.06, 0.23, 0.00, 0.00, 0.99, 0.14, 0.00, 0.00, 1.00, 1.00, 1.00, 1.00, 1.00, 0.00, 1.00, 0.00, 1.00, 0.00, 0.00, 0.00, 1.00, 0.00, 0.00, 0.00, 0.00
1602,  0,  53.367,  0.98,  1, 0.00, 0.00, 1.19, 0.07, 0.73, 2.33, 0.03, 0.64, 0.57, 1.76, 0.16, 0.37, 0.00, 0.00, 0.52, 0.10, 0.00, 0.00, 0.00, 1.00, 1.00, 0.00, 1.00, 0.00, 1.00, 0.00, 1.00, 0.00, 0.00, 0.00, 1.00, 0.00, 0.00, 0.00, 0.00
1603,  0,  53.400,  0.98,  1, 0.00, 0.00, 1.21, 0.05, 0.59, 2.26, 0.00, 0.53, 0.44, 1.91, 0.26, 0.46, 0.00, 0.00, 0.16, 0.00, 0.00, 0.00, 0.00, 1.00, 1.00, 0.00, 1.00, 0.00, 1.00, 0.00, 1.00, 0.00, 0.00, 0.00, 1.00, 0.00, 0.00, 0.00, 0.00
1604,  0,  53.433,  0.98,  1, 0.00, 0.00, 1.28, 0.05, 0.53, 2.16, 0.00, 0.56, 0.49, 1.91, 0.20, 0.35, 0.00, 0.00, 0.46, 0.12, 0.00, 0.00, 0.00, 1.00, 1.00, 0.00, 1.00, 0.00, 1.00, 0.00, 1.00, 0.00, 0.00, 0.00, 1.00, 0.00, 0.00, 0.00, 0.00
1605,  0,  53.467,  0.98,  1, 0.00, 0.00, 1.30, 0.04, 0.57, 1.98, 0.02, 0.50, 0.62, 2.01, 0.12, 0.30, 0.00, 0.00, 0.86, 0.25, 0.07, 0.00, 0.00, 1.00, 1.00, 0.00, 1.00, 0.00, 1.00, 0.00, 1.00, 0.00, 0.00, 0.00, 1.00, 0.00, 0.00, 0.00, 0.00
1606,  0,  53.500,  0.98,  1, 0.00, 0.00, 1.27, 0.03, 0.63, 1.96, 0.08, 0.48, 0.75, 1.91, 0.12, 0.22, 0.00, 0.00, 1.16, 0.36, 0.07, 0.00, 0.00, 1.00, 1.00, 0.00, 1.00, 0.00, 1.00, 0.00, 1.00, 0.00, 0.00, 0.00, 1.00, 1.00, 0.00, 0.00, 0.00
1607,  0,  53.533,  0.98,  1, 0.00, 0.00, 1.26, 0.03, 0.70, 1.99, 0.11, 0.45, 0.79, 1.94, 0.18, 0.22, 0.00, 0.00, 1.18, 0.38, 0.07, 0.00, 0.00, 1.00, 1.00, 0.00, 1.00, 0.00, 1.00, 1.00, 1.00, 0.00, 0.00, 0.00, 1.00, 1.00, 0.00, 0.00, 0.00
1608,  0,  53.567,  0.98,  1, 0.00, 0.00, 1.29, 0.00, 0.72, 2.02, 0.14, 0.37, 0.78, 1.80, 0.26, 0.25, 0.00, 0.00, 1.18, 0.32, 0.00, 0.00, 0.00, 1.00, 1.00, 0.00, 1.00, 0.00, 1.00, 1.00, 1.00, 0.00, 0.00, 0.00, 1.00, 1.00, 0.00, 0.00, 0.00
1609,  0,  53.600,  0.98,  1, 0.00, 0.00, 1.34, 0.00, 0.72, 2.06, 0.13, 0.21, 0.72, 1.81, 0.21, 0.29, 0.00, 0.00, 1.21, 0.32, 0.00, 0.00, 0.00, 1.00, 1.00, 0.00, 1.00, 0.00, 1.00, 0.00, 1.00, 0.00, 0.00, 0.00, 1.00, 1.00, 0.00, 0.00, 0.00
1610,  0,  53.633,  0.98,  1, 0.00, 0.00, 1.35, 0.00, 0.74, 2.18, 0.09, 0.16, 0.69, 1.63, 0.25, 0.43, 0.00, 0.00, 1.22, 0.40, 0.00, 0.00, 0.00, 1.00, 1.00, 0.00, 1.00, 0.00, 1.00, 0.00, 1.00, 0.00, 0.00, 0.00, 1.00, 1.00, 0.00, 0.00, 0.00
1611,  0,  53.667,  0.98,  1, 0.00, 0.00, 1.36, 0.00, 0.74, 2.34, 0.12, 0.24, 0.67, 1.68, 0.20, 0.47, 0.00, 0.00, 1.16, 0.53, 0.00, 0.00, 0.00, 1.00, 1.00, 1.00, 1.00, 0.00, 1.00, 1.00, 1.00, 0.00, 0.00, 0.00, 1.00, 1.00, 0.00, 0.00, 0.00
1612,  0,  53.700,  0.98,  1, 0.02, 0.00, 1.39, 0.00, 0.77, 2.33, 0.11, 0.36, 0.63, 1.60, 0.29, 0.57, 0.00, 0.00, 1.07, 0.55, 0.00, 0.00, 0.00, 1.00, 1.00, 1.00, 1.00, 0.00, 1.00, 0.00, 1.00, 0.00, 0.00, 0.00, 1.00, 1.00, 0.00, 0.00, 0.00
1613,  0,  53.733,  0.98,  1, 0.02, 0.00, 1.43, 0.02, 0.79, 2.39, 0.12, 0.35, 0.62, 1.61, 0.39, 0.56, 0.00, 0.00, 1.03, 0.53, 0.00, 0.00, 0.00, 1.00, 1.00, 1.00, 1.00, 0.00, 1.00, 0.00, 1.00, 0.00, 0.00, 0.00, 1.00, 0.00, 0.00, 0.00, 0.00
1614,  0,  53.767,  0.98,  1, 0.02, 0.00, 1.41, 0.12, 0.83, 2.37, 0.09, 0.29, 0.57, 1.48, 0.53, 0.55, 0.00, 0.00, 1.03, 0.49, 0.00, 0.00, 0.00, 1.00, 1.00, 1.00, 1.00, 0.00, 1.00, 0.00, 1.00, 0.00, 0.00, 0.00, 1.00, 0.00, 0.00, 0.00, 0.00
1615,  0,  53.800,  0.98,  1, 0.00, 0.00, 1.32, 0.12, 0.85, 2.44, 0.10, 0.29, 0.54, 1.48, 0.56, 0.51, 0.00, 0.00, 1.10, 0.43, 0.00, 0.00, 0.00, 1.00, 1.00, 1.00, 1.00, 0.00, 1.00, 0.00, 1.00, 0.00, 0.00, 0.00, 1.00, 0.00, 0.00, 0.00, 0.00
1616,  0,  53.833,  0.98,  1, 0.00, 0.00, 1.25, 0.10, 0.82, 2.45, 0.12, 0.34, 0.52, 1.27, 0.49, 0.42, 0.00, 0.00, 1.18, 0.31, 0.05, 0.00, 0.00, 1.00, 1.00, 1.00, 1.00, 0.00, 1.00, 0.00, 1.00, 0.00, 0.00, 0.00, 1.00, 0.00, 0.00, 0.00, 0.00
1617,  0,  53.867,  0.98,  1, 0.00, 0.00, 1.26, 0.00, 0.76, 2.42, 0.10, 0.44, 0.55, 1.16, 0.40, 0.41, 0.00, 0.00, 1.23, 0.29, 0.06, 0.00, 0.00, 1.00, 1.00, 1.00, 1.00, 0.00, 1.00, 0.00, 1.00, 0.00, 0.00, 0.00, 1.00, 0.00, 0.00, 0.00, 0.00
1618,  0,  53.900,  0.98,  1, 0.00, 0.00, 1.30, 0.00, 0.77, 2.45, 0.16, 0.56, 0.56, 1.17, 0.45, 0.51, 0.00, 0.00, 1.21, 0.33, 0.06, 0.00, 0.00, 1.00, 1.00, 1.00, 1.00, 0.00, 1.00, 0.00, 1.00, 0.00, 0.00, 0.00, 1.00, 0.00, 0.00, 0.00, 0.00
1619,  0,  53.933,  0.98,  1, 0.00, 0.00, 1.35, 0.00, 0.83, 2.38, 0.24, 0.67, 0.50, 1.34, 0.48, 0.62, 0.00, 0.00, 1.08, 0.36, 0.01, 0.00, 0.00, 1.00, 1.00, 1.00, 1.00, 0.00, 1.00, 0.00, 1.00, 1.00, 0.00, 0.00, 1.00, 0.00, 0.00, 0.00, 0.00
1620,  0,  53.967,  0.98,  1, 0.00, 0.00, 1.42, 0.00, 0.85, 2.18, 0.24, 0.76, 0.48, 1.39, 0.51, 0.76, 0.00, 0.00, 1.00, 0.32, 0.00, 0.00, 0.00, 1.00, 1.00, 1.00, 1.00, 0.00, 1.00, 0.00, 1.00, 1.00, 0.00, 0.00, 1.00, 0.00, 0.00, 0.00, 0.00
1621,  0,  54.000,  0.98,  1, 0.00, 0.00, 1.46, 0.00, 0.83, 2.10, 0.25, 0.77, 0.48, 1.31, 0.44, 0.79, 0.00, 0.00, 0.97, 0.23, 0.00, 0.00, 0.00, 1.00, 1.00, 1.00, 1.00, 0.00, 1.00, 0.00, 1.00, 1.00, 0.00, 0.00, 1.00, 0.00, 0.00, 0.00, 0.00
1622,  0,  54.033,  0.98,  1, 0.00, 0.03, 1.56, 0.00, 0.78, 2.06, 0.24, 0.72, 0.54, 1.31, 0.35, 0.79, 0.00, 0.00, 1.07, 0.18, 0.00, 0.00, 0.00, 1.00, 1.00, 1.00, 1.00, 0.00, 1.00, 0.00, 1.00, 1.00, 1.00, 0.00, 1.00, 0.00, 0.00, 0.00, 0.00
1623,  0,  54.067,  0.98,  1, 0.07, 0.05, 1.58, 0.00, 0.75, 2.24, 0.34, 0.65, 0.50, 1.42, 0.31, 0.75, 0.00, 0.00, 1.05, 0.13, 0.00, 0.00, 0.00, 1.00, 1.00, 1.00, 1.00, 0.00, 1.00, 0.00, 1.00, 1.00, 1.00, 0.00, 1.00, 0.00, 0.00, 0.00, 0.00
1624,  0,  54.100,  0.98,  1, 0.08, 0.07, 1.66, 0.00, 0.76, 2.24, 0.29, 0.62, 0.55, 1.54, 0.35, 0.76, 0.00, 0.00, 0.98, 0.09, 0.00, 0.00, 0.00, 1.00, 1.00, 1.00, 1.00, 0.00, 1.00, 0.00, 1.00, 1.00, 1.00, 0.00, 1.00, 0.00, 0.00, 0.00, 0.00
1625,  0,  54.133,  0.98,  1, 0.08, 0.04, 1.62, 0.00, 0.84, 2.29, 0.25, 0.65, 0.62, 1.61, 0.44, 0.80, 0.00, 0.00, 0.91, 0.10, 0.00, 0.00, 0.00, 1.00, 1.00, 1.00, 1.00, 0.00, 1.00, 1.00, 1.00, 1.00, 1.00, 0.00, 1.00, 0.00, 0.00, 0.00, 0.00
1626,  0,  54.167,  0.98,  1, 0.01, 0.03, 1.65, 0.00, 0.97, 2.47, 0.23, 0.68, 0.84, 1.65, 0.35, 0.70, 0.00, 0.00, 1.04, 0.17, 0.00, 0.00, 0.00, 1.00, 1.00, 1.00, 1.00, 0.00, 1.00, 1.00, 1.00, 0.00, 0.00, 0.00, 1.00, 0.00, 0.00, 0.00, 0.00
1627,  0,  54.200,  0.98,  1, 0.00, 0.00, 1.55, 0.00, 1.08, 2.66, 0.24, 0.74, 1.03, 1.69, 0.16, 0.48, 0.00, 0.00, 1.24, 0.29, 0.00, 0.00, 0.00, 1.00, 1.00, 1.00, 1.00, 0.00, 1.00, 1.00, 1.00, 0.00, 0.00, 0.00, 1.00, 1.00, 0.00, 0.00, 0.00
1628,  0,  54.233,  0.98,  1, 0.00, 0.00, 1.53, 0.00, 1.08, 2.84, 0.20, 0.77, 1.11, 1.72, 0.01, 0.31, 0.00, 0.00, 1.37, 0.38, 0.00, 0.00, 0.00, 1.00, 1.00, 1.00, 1.00, 0.00, 1.00, 1.00, 1.00, 0.00, 0.00, 0.00, 1.00, 1.00, 0.00, 0.00, 0.00
1629,  0,  54.267,  0.98,  1, 0.00, 0.00, 1.52, 0.00, 1.06, 2.76, 0.14, 0.78, 1.04, 1.84, 0.14, 0.35, 0.00, 0.00, 1.30, 0.28, 0.00, 0.00, 0.00, 1.00, 1.00, 1.00, 1.00, 0.00, 1.00, 1.00, 1.00, 0.00, 0.00, 0.00, 1.00, 1.00, 0.00, 0.00, 0.00
1630,  0,  54.300,  0.98,  1, 0.00, 0.00, 1.51, 0.00, 1.03, 2.50, 0.14, 0.73, 0.94, 1.90, 0.23, 0.48, 0.00, 0.00, 1.15, 0.16, 0.00, 0.00, 0.00, 1.00, 1.00, 1.00, 1.00, 0.00, 1.00, 1.00, 1.00, 0.00, 0.00, 0.00, 1.00, 1.00, 0.00, 0.00, 0.00
1631,  0,  54.333,  0.98,  1, 0.00, 0.00, 1.52, 0.00, 1.08, 2.24, 0.21, 0.72, 0.90, 1.99, 0.28, 0.60, 0.00, 0.00, 1.06, 0.01, 0.00, 0.00, 0.00, 1.00, 1.00, 1.00, 1.00, 0.00, 1.00, 1.00, 1.00, 0.00, 0.00, 0.00, 1.00, 1.00, 0.00, 0.00, 0.00
1632,  0,  54.367,  0.98,  1, 0.00, 0.00, 1.42, 0.00, 1.10, 2.04, 0.25, 0.72, 0.96, 2.04, 0.15, 0.66, 0.00, 0.00, 1.12, 0.04, 0.00, 0.00, 0.00, 1.00, 1.00, 1.00, 1.00, 0.00, 1.00, 1.00, 1.00, 0.00, 0.00, 0.00, 1.00, 1.00, 0.00, 0.00, 0.00
1633,  0,  54.400,  0.98,  1, 0.00, 0.00, 1.42, 0.00, 1.12, 2.24, 0.26, 0.77, 1.06, 2.13, 0.06, 0.63, 0.00, 0.00, 1.19, 0.13, 0.00, 0.00, 0.00, 1.00, 1.00, 1.00, 1.00, 0.00, 1.00, 1.00, 1.00, 0.00, 0.00, 0.00, 1.00, 1.00, 0.00, 0.00, 0.00
1634,  0,  54.433,  0.98,  1, 0.00, 0.00, 1.40, 0.00, 1.16, 2.41, 0.26, 0.79, 1.13, 2.18, 0.01, 0.54, 0.00, 0.00, 1.25, 0.21, 0.00, 0.00, 0.00, 1.00, 1.00, 1.00, 1.00, 0.00, 1.00, 1.00, 1.00, 0.00, 0.00, 0.00, 1.00, 1.00, 0.00, 0.00, 0.00
1635,  0,  54.467,  0.98,  1, 0.00, 0.00, 1.47, 0.00, 1.25, 2.67, 0.33, 0.89, 1.16, 2.11, 0.01, 0.46, 0.00, 0.00, 1.29, 0.27, 0.00, 0.00, 0.00, 1.00, 1.00, 1.00, 1.00, 0.00, 1.00, 1.00, 1.00, 0.00, 0.00, 0.00, 1.00, 1.00, 0.00, 0.00, 0.00
1636,  0,  54.500,  0.98,  1, 0.00, 0.00, 1.51, 0.00, 1.27, 2.65, 0.34, 0.83, 1.14, 2.06, 0.00, 0.41, 0.00, 0.00, 1.37, 0.27, 0.00, 0.00, 0.00, 1.00, 1.00, 1.00, 1.00, 0.00, 1.00, 1.00, 1.00, 0.00, 0.00, 0.00, 1.00, 1.00, 0.00, 0.00, 0.00
1637,  0,  54.533,  0.98,  1, 0.00, 0.00, 1.50, 0.00, 1.24, 2.55, 0.28, 0.78, 1.10, 2.03, 0.00, 0.44, 0.00, 0.00, 1.41, 0.19, 0.00, 0.00, 0.00, 1.00, 1.00, 1.00, 1.00, 0.00, 1.00, 1.00, 1.00, 0.00, 0.00, 0.00, 1.00, 1.00, 0.00, 0.00, 0.00
1638,  0,  54.567,  0.98,  1, 0.00, 0.00, 1.43, 0.00, 1.25, 2.48, 0.19, 0.71, 1.12, 2.07, 0.00, 0.43, 0.00, 0.00, 1.44, 0.09, 0.00, 0.00, 0.00, 1.00, 1.00, 1.00, 1.00, 0.00, 1.00, 1.00, 1.00, 0.00, 0.00, 0.00, 1.00, 1.00, 0.00, 0.00, 0.00
1639,  0,  54.600,  0.98,  1, 0.00, 0.00, 1.38, 0.00, 1.27, 2.30, 0.14, 0.70, 1.13, 2.10, 0.00, 0.43, 0.00, 0.00, 1.41, 0.04, 0.00, 0.00, 0.00, 1.00, 1.00, 1.00, 1.00, 0.00, 1.00, 1.00, 1.00, 0.00, 0.00, 0.00, 1.00, 1.00, 0.00, 0.00, 0.00
1640,  0,  54.633,  0.98,  1, 0.00, 0.00, 1.36, 0.00, 1.26, 2.30, 0.16, 0.69, 1.13, 2.08, 0.00, 0.40, 0.00, 0.00, 1.41, 0.07, 0.00, 0.00, 0.00, 1.00, 1.00, 1.00, 1.00, 0.00, 1.00, 1.00, 1.00, 0.00, 0.00, 0.00, 1.00, 1.00, 0.00, 0.00, 0.00
1641,  0,  54.667,  0.98,  1, 0.00, 0.00, 1.29, 0.00, 1.21, 2.22, 0.16, 0.72, 1.11, 2.09, 0.00, 0.39, 0.00, 0.00, 1.44, 0.14, 0.00, 0.00, 0.00, 1.00, 1.00, 1.00, 1.00, 0.00, 1.00, 1.00, 1.00, 0.00, 0.00, 0.00, 1.00, 1.00, 0.00, 0.00, 0.00
1642,  0,  54.700,  0.98,  1, 0.00, 0.00, 1.27, 0.00, 1.22, 2.35, 0.17, 0.80, 1.06, 2.11, 0.00, 0.47, 0.00, 0.00, 1.48, 0.11, 0.00, 0.00, 0.00, 1.00, 1.00, 1.00, 1.00, 0.00, 1.00, 1.00, 1.00, 0.00, 0.00, 0.00, 1.00, 1.00, 0.00, 0.00, 0.00
1643,  0,  54.733,  0.98,  1, 0.00, 0.00, 1.35, 0.03, 1.26, 2.33, 0.21, 0.90, 1.03, 2.17, 0.00, 0.44, 0.00, 0.00, 1.49, 0.13, 0.00, 0.00, 0.00, 1.00, 1.00, 1.00, 1.00, 0.00, 1.00, 1.00, 1.00, 0.00, 0.00, 0.00, 1.00, 1.00, 0.00, 0.00, 0.00
1644,  0,  54.767,  0.98,  1, 0.00, 0.00, 1.44, 0.03, 1.22, 2.25, 0.24, 0.83, 1.00, 2.14, 0.00, 0.50, 0.00, 0.00, 1.60, 0.19, 0.00, 0.00, 0.00, 1.00, 1.00, 1.00, 1.00, 0.00, 1.00, 1.00, 1.00, 0.00, 0.00, 0.00, 1.00, 1.00, 0.00, 0.00, 0.00
1645,  0,  54.800,  0.98,  1, 0.00, 0.00, 1.47, 0.03, 1.10, 2.11, 0.29, 0.71, 0.96, 2.10, 0.00, 0.48, 0.00, 0.00, 1.61, 0.25, 0.00, 0.00, 0.00, 1.00, 1.00, 1.00, 1.00, 0.00, 1.00, 1.00, 1.00, 0.00, 0.00, 0.00, 1.00, 1.00, 0.00, 0.00, 0.00
1646,  0,  54.833,  0.98,  1, 0.00, 0.00, 1.43, 0.05, 0.99, 2.05, 0.27, 0.55, 0.90, 2.12, 0.00, 0.68, 0.00, 0.00, 1.53, 0.20, 0.00, 0.00, 0.00, 1.00, 1.00, 1.00, 1.00, 0.00, 1.00, 1.00, 1.00, 0.00, 0.00, 0.00, 1.00, 1.00, 0.00, 0.00, 0.00
1647,  0,  54.867,  0.98,  1, 0.00, 0.00, 1.50, 0.14, 0.98, 2.06, 0.24, 0.50, 0.83, 2.14, 0.02, 0.81, 0.00, 0.00, 1.18, 0.07, 0.00, 0.00, 0.00, 1.00, 1.00, 1.00, 1.00, 0.00, 1.00, 1.00, 1.00, 0.00, 0.00, 0.00, 1.00, 1.00, 0.00, 0.00, 0.00
1648,  0,  54.900,  0.98,  1, 0.00, 0.00, 1.55, 0.23, 1.00, 2.08, 0.14, 0.48, 0.82, 2.22, 0.03, 0.97, 0.00, 0.00, 1.01, 0.06, 0.00, 0.00, 0.00, 1.00, 1.00, 1.00, 1.00, 0.00, 1.00, 1.00, 1.00, 0.00, 0.00, 0.00, 1.00, 1.00, 0.00, 0.00, 0.00
1649,  0,  54.933,  0.98,  1, 0.00, 0.00, 1.59, 0.28, 1.02, 2.15, 0.16, 0.55, 0.85, 2.26, 0.10, 0.88, 0.00, 0.00, 1.02, 0.13, 0.00, 0.00, 0.00, 1.00, 1.00, 1.00, 1.00, 0.00, 1.00, 1.00, 1.00, 0.00, 0.00, 0.00, 1.00, 1.00, 0.00, 0.00, 0.00
1650,  0,  54.967,  0.98,  1, 0.00, 0.00, 1.56, 0.22, 1.04, 2.27, 0.19, 0.65, 0.88, 2.23, 0.21, 0.72, 0.00, 0.00, 1.19, 0.21, 0.00, 0.00, 0.00, 1.00, 1.00, 1.00, 1.00, 0.00, 1.00, 1.00, 1.00, 0.00, 0.00, 0.00, 1.00, 1.00, 0.00, 0.00, 0.00
1651,  0,  55.000,  0.98,  1, 0.00, 0.00, 1.55, 0.26, 1.07, 2.41, 0.23, 0.72, 0.88, 2.12, 0.35, 0.52, 0.00, 0.00, 1.28, 0.26, 0.00, 0.00, 0.00, 1.00, 1.00, 1.00, 1.00, 0.00, 1.00, 1.00, 1.00, 0.00, 0.00, 0.00, 1.00, 1.00, 0.00, 0.00, 0.00
1652,  0,  55.033,  0.98,  1, 0.00, 0.00, 1.51, 0.21, 1.08, 2.32, 0.22, 0.64, 0.85, 2.13, 0.35, 0.47, 0.00, 0.00, 1.33, 0.29, 0.00, 0.00, 0.00, 1.00, 1.00, 1.00, 1.00, 0.00, 1.00, 1.00, 1.00, 0.00, 0.00, 0.00, 1.00, 1.00, 0.00, 0.00, 0.00
1653,  0,  55.067,  0.98,  1, 0.00, 0.04, 1.54, 0.23, 0.98, 2.20, 0.22, 0.54, 0.73, 2.16, 0.44, 0.54, 0.00, 0.00, 1.17, 0.21, 0.00, 0.00, 0.00, 1.00, 1.00, 1.00, 1.00, 0.00, 1.00, 1.00, 1.00, 0.00, 0.00, 0.00, 1.00, 1.00, 0.00, 0.00, 0.00
1654,  0,  55.100,  0.98,  1, 0.00, 0.05, 1.51, 0.09, 0.81, 2.13, 0.19, 0.43, 0.53, 2.07, 0.50, 0.72, 0.00, 0.00, 0.87, 0.10, 0.00, 0.00, 0.00, 1.00, 1.00, 1.00, 1.00, 0.00, 1.00, 0.00, 1.00, 1.00, 0.00, 0.00, 1.00, 0.00, 0.00, 0.00, 0.00
1655,  0,  55.133,  0.98,  1, 0.00, 0.06, 1.47, 0.05, 0.63, 2.23, 0.10, 0.37, 0.37, 1.85, 0.63, 0.85, 0.00, 0.00, 0.50, 0.01, 0.00, 0.00, 0.00, 1.00, 1.00, 0.00, 1.00, 0.00, 1.00, 0.00, 1.00, 1.00, 0.00, 0.00, 1.00, 0.00, 0.00, 0.00, 0.00
1656,  0,  55.167,  0.98,  1, 0.01, 0.02, 1.36, 0.00, 0.61, 2.10, 0.03, 0.40, 0.32, 1.54, 0.49, 0.86, 0.00, 0.00, 0.26, 0.03, 0.00, 0.00, 0.00, 1.00, 1.00, 0.00, 1.00, 0.00, 1.00, 0.00, 1.00, 1.00, 0.00, 0.00, 1.00, 0.00, 0.00, 0.00, 0.00
1657,  0,  55.200,  0.98,  1, 0.01, 0.01, 1.29, 0.00, 0.64, 1.91, 0.00, 0.54, 0.33, 1.41, 0.37, 0.75, 0.00, 0.00, 0.35, 0.15, 0.00, 0.00, 0.00, 1.00, 1.00, 0.00, 1.00, 0.00, 1.00, 0.00, 1.00, 1.00, 0.00, 0.00, 1.00, 0.00, 0.00, 0.00, 0.00
1658,  0,  55.233,  0.98,  1, 0.01, 0.00, 1.29, 0.00, 0.71, 1.81, 0.00, 0.69, 0.38, 1.36, 0.21, 0.70, 0.00, 0.00, 0.56, 0.30, 0.00, 0.00, 0.00, 1.00, 1.00, 0.00, 1.00, 0.00, 1.00, 0.00, 1.00, 1.00, 0.00, 0.00, 1.00, 0.00, 0.00, 0.00, 0.00
1659,  0,  55.267,  0.98,  1, 0.00, 0.00, 1.37, 0.00, 0.77, 1.95, 0.03, 0.64, 0.43, 1.48, 0.13, 0.66, 0.00, 0.00, 0.86, 0.47, 0.00, 0.00, 0.00, 1.00, 1.00, 0.00, 1.00, 0.00, 1.00, 0.00, 1.00, 1.00, 0.00, 0.00, 1.00, 0.00, 0.00, 0.00, 0.00
1660,  0,  55.300,  0.98,  1, 0.00, 0.00, 1.40, 0.00, 0.84, 2.11, 0.08, 0.59, 0.50, 1.58, 0.05, 0.63, 0.06, 0.00, 1.06, 0.59, 0.00, 0.00, 0.00, 1.00, 1.00, 0.00, 1.00, 0.00, 1.00, 0.00, 1.00, 1.00, 0.00, 0.00, 1.00, 0.00, 0.00, 0.00, 0.00
1661,  0,  55.333,  0.98,  1, 0.00, 0.00, 1.35, 0.00, 0.80, 2.20, 0.09, 0.53, 0.50, 1.69, 0.00, 0.64, 0.16, 0.00, 1.15, 0.70, 0.00, 0.00, 0.00, 1.00, 1.00, 1.00, 1.00, 0.00, 1.00, 0.00, 1.00, 1.00, 0.00, 0.00, 1.00, 1.00, 0.00, 0.00, 0.00
1662,  0,  55.367,  0.98,  1, 0.00, 0.00, 1.29, 0.00, 0.76, 2.23, 0.07, 0.58, 0.46, 1.71, 0.03, 0.71, 0.19, 0.00, 1.27, 0.76, 0.00, 0.00, 0.00, 1.00, 1.00, 1.00, 1.00, 0.00, 1.00, 0.00, 1.00, 1.00, 0.00, 0.00, 1.00, 1.00, 0.00, 0.00, 0.00
1663,  0,  55.400,  0.98,  1, 0.00, 0.00, 1.21, 0.00, 0.70, 2.12, 0.02, 0.61, 0.42, 1.68, 0.05, 0.67, 0.21, 0.00, 1.29, 0.69, 0.00, 0.00, 0.00, 1.00, 1.00, 1.00, 1.00, 0.00, 1.00, 0.00, 1.00, 1.00, 0.00, 0.00, 1.00, 1.00, 0.00, 0.00, 0.00
1664,  0,  55.433,  0.98,  1, 0.00, 0.00, 1.15, 0.00, 0.67, 2.00, 0.01, 0.64, 0.39, 1.61, 0.07, 0.60, 0.11, 0.00, 1.24, 0.60, 0.00, 0.00, 0.00, 1.00, 1.00, 1.00, 1.00, 0.00, 1.00, 0.00, 1.00, 1.00, 0.00, 0.00, 1.00, 1.00, 0.00, 0.00, 0.00
1665,  0,  55.467,  0.98,  1, 0.00, 0.00, 1.11, 0.14, 0.65, 2.07, 0.00, 0.64, 0.37, 1.57, 0.07, 0.60, 0.10, 0.00, 1.05, 0.49, 0.00, 0.00, 0.00, 1.00, 1.00, 1.00, 1.00, 0.00, 1.00, 0.00, 1.00, 1.00, 0.00, 0.00, 1.00, 1.00, 0.00, 0.00, 0.00
1666,  0,  55.500,  0.98,  1, 0.00, 0.00, 1.20, 0.17, 0.61, 2.07, 0.01, 0.51, 0.29, 1.59, 0.16, 0.79, 0.03, 0.00, 0.80, 0.39, 0.00, 0.00, 0.00, 1.00, 1.00, 1.00, 1.00, 0.00, 1.00, 0.00, 1.00, 1.00, 0.00, 0.00, 1.00, 0.00, 0.00, 0.00, 0.00
1667,  0,  55.533,  0.98,  1, 0.00, 0.00, 1.27, 0.24, 0.63, 2.06, 0.05, 0.44, 0.26, 1.46, 0.20, 0.89, 0.03, 0.00, 0.80, 0.29, 0.00, 0.00, 0.00, 1.00, 1.00, 1.00, 1.00, 0.00, 1.00, 0.00, 1.00, 1.00, 1.00, 0.00, 1.00, 0.00, 0.00, 0.00, 0.00
1668,  0,  55.567,  0.98,  1, 0.00, 0.00, 1.25, 0.20, 0.56, 1.92, 0.05, 0.34, 0.28, 1.44, 0.28, 0.93, 0.00, 0.00, 0.79, 0.38, 0.00, 0.00, 0.00, 1.00, 1.00, 0.00, 1.00, 0.00, 1.00, 0.00, 1.00, 1.00, 1.00, 0.00, 1.00, 0.00, 0.00, 0.00, 0.00
1669,  0,  55.600,  0.98,  1, 0.00, 0.00, 1.23, 0.21, 0.53, 1.92, 0.03, 0.33, 0.35, 1.37, 0.28, 0.85, 0.00, 0.00, 0.81, 0.56, 0.00, 0.00, 0.00, 1.00, 1.00, 0.00, 1.00, 0.00, 1.00, 0.00, 1.00, 1.00, 1.00, 0.00, 1.00, 0.00, 0.00, 0.00, 0.00
1670,  0,  55.633,  0.98,  1, 0.00, 0.00, 1.31, 0.14, 0.50, 2.04, 0.00, 0.33, 0.38, 1.42, 0.33, 0.82, 0.00, 0.00, 0.71, 0.67, 0.00, 0.00, 0.00, 1.00, 1.00, 0.00, 1.00, 0.00, 1.00, 0.00, 1.00, 1.00, 1.00, 0.00, 1.00, 0.00, 0.00, 0.00, 0.00
1671,  0,  55.667,  0.98,  1, 0.00, 0.00, 1.41, 0.05, 0.48, 2.01, 0.01, 0.38, 0.29, 1.42, 0.41, 0.70, 0.00, 0.00, 0.53, 0.51, 0.00, 0.00, 0.00, 1.00, 1.00, 0.00, 1.00, 0.00, 1.00, 0.00, 1.00, 1.00, 1.00, 0.00, 1.00, 0.00, 0.00, 0.00, 0.00
1672,  0,  55.700,  0.98,  1, 0.00, 0.00, 1.41, 0.02, 0.44, 1.89, 0.01, 0.39, 0.19, 1.45, 0.45, 0.62, 0.00, 0.00, 0.33, 0.39, 0.00, 0.00, 0.00, 1.00, 1.00, 0.00, 1.00, 0.00, 1.00, 0.00, 1.00, 1.00, 1.00, 0.00, 1.00, 0.00, 0.00, 0.00, 0.00
1673,  0,  55.733,  0.98,  1, 0.00, 0.00, 1.36, 0.06, 0.43, 1.68, 0.03, 0.33, 0.13, 1.59, 0.47, 0.59, 0.00, 0.00, 0.13, 0.36, 0.00, 0.00, 0.00, 1.00, 1.00, 0.00, 1.00, 0.00, 1.00, 0.00, 1.00, 1.00, 0.00, 0.00, 1.00, 0.00, 0.00, 0.00, 0.00
1674,  0,  55.767,  0.98,  1, 0.00, 0.00, 1.31, 0.11, 0.43, 1.59, 0.08, 0.27, 0.19, 1.65, 0.34, 0.64, 0.00, 0.00, 0.09, 0.58, 0.00, 0.00, 0.00, 1.00, 1.00, 0.00, 1.00, 0.00, 1.00, 0.00, 1.00, 1.00, 0.00, 0.00, 1.00, 0.00, 0.00, 0.00, 0.00
1675,  0,  55.800,  0.98,  1, 0.00, 0.00, 1.34, 0.09, 0.50, 1.70, 0.11, 0.30, 0.29, 1.72, 0.20, 0.68, 0.00, 0.00, 0.34, 0.82, 0.00, 0.00, 0.00, 1.00, 1.00, 0.00, 1.00, 0.00, 1.00, 0.00, 1.00, 1.00, 0.00, 0.00, 1.00, 0.00, 0.00, 0.00, 0.00
1676,  0,  55.833,  0.98,  1, 0.00, 0.00, 1.37, 0.09, 0.59, 1.95, 0.14, 0.38, 0.45, 1.78, 0.07, 0.72, 0.00, 0.00, 0.66, 1.11, 0.00, 0.00, 0.00, 1.00, 1.00, 0.00, 1.00, 0.00, 1.00, 1.00, 1.00, 0.00, 0.00, 0.00, 1.00, 0.00, 0.00, 0.00, 0.00
1677,  0,  55.867,  0.98,  1, 0.00, 0.00, 1.40, 0.06, 0.69, 2.11, 0.11, 0.50, 0.61, 1.90, 0.04, 0.70, 0.00, 0.00, 1.01, 1.24, 0.00, 0.00, 0.00, 1.00, 1.00, 1.00, 1.00, 0.00, 1.00, 1.00, 1.00, 0.00, 0.00, 0.00, 1.00, 1.00, 0.00, 0.00, 0.00
1678,  0,  55.900,  0.98,  1, 0.00, 0.00, 1.35, 0.07, 0.79, 2.11, 0.08, 0.52, 0.69, 2.02, 0.02, 0.59, 0.00, 0.00, 1.20, 1.13, 0.00, 0.00, 0.00, 1.00, 1.00, 1.00, 1.00, 0.00, 1.00, 1.00, 1.00, 0.00, 0.00, 0.00, 1.00, 1.00, 0.00, 0.00, 0.00
1679,  0,  55.933,  0.98,  1, 0.00, 0.00, 1.32, 0.11, 0.87, 2.01, 0.03, 0.56, 0.73, 2.03, 0.02, 0.45, 0.00, 0.00, 1.32, 1.00, 0.00, 0.00, 0.00, 1.00, 1.00, 1.00, 1.00, 0.00, 1.00, 1.00, 1.00, 0.00, 0.00, 0.00, 1.00, 1.00, 0.00, 0.00, 0.00
1680,  0,  55.967,  0.98,  1, 0.00, 0.00, 1.24, 0.20, 0.84, 1.91, 0.02, 0.52, 0.74, 1.88, 0.00, 0.35, 0.00, 0.00, 1.39, 0.82, 0.00, 0.00, 0.00, 1.00, 1.00, 1.00, 1.00, 0.00, 1.00, 1.00, 1.00, 0.00, 0.00, 0.00, 1.00, 1.00, 0.00, 0.00, 0.00
1681,  0,  56.000,  0.98,  1, 0.00, 0.00, 1.23, 0.23, 0.80, 1.82, 0.05, 0.56, 0.76, 1.71, 0.00, 0.33, 0.00, 0.00, 1.42, 0.81, 0.00, 0.00, 0.00, 1.00, 1.00, 1.00, 1.00, 0.00, 1.00, 1.00, 1.00, 0.00, 0.00, 0.00, 0.00, 1.00, 0.00, 0.00, 0.00
1682,  0,  56.033,  0.98,  1, 0.00, 0.00, 1.25, 0.24, 0.75, 1.78, 0.12, 0.62, 0.76, 1.59, 0.00, 0.31, 0.00, 0.00, 1.38, 0.72, 0.00, 0.00, 0.00, 1.00, 1.00, 1.00, 1.00, 0.00, 1.00, 1.00, 1.00, 0.00, 0.00, 0.00, 0.00, 1.00, 0.00, 0.00, 0.00
1683,  0,  56.067,  0.98,  1, 0.00, 0.00, 1.26, 0.17, 0.78, 1.80, 0.14, 0.68, 0.78, 1.65, 0.00, 0.33, 0.00, 0.00, 1.42, 0.79, 0.00, 0.00, 0.00, 1.00, 1.00, 1.00, 1.00, 0.00, 1.00, 1.00, 1.00, 0.00, 0.00, 0.00, 0.00, 1.00, 1.00, 0.00, 0.00
1684,  0,  56.100,  0.98,  1, 0.00, 0.00, 1.34, 0.16, 0.81, 1.95, 0.13, 0.70, 0.83, 1.74, 0.00, 0.39, 0.00, 0.00, 1.42, 0.85, 0.00, 0.00, 0.00, 1.00, 1.00, 1.00, 1.00, 0.00, 1.00, 1.00, 1.00, 0.00, 0.00, 0.00, 0.00, 1.00, 1.00, 0.00, 0.00
1685,  0,  56.133,  0.98,  1, 0.00, 0.00, 1.39, 0.17, 0.87, 2.01, 0.13, 0.64, 0.86, 1.82, 0.00, 0.39, 0.00, 0.00, 1.54, 0.85, 0.00, 0.00, 0.00, 1.00, 1.00, 1.00, 1.00, 0.00, 1.00, 1.00, 1.00, 0.00, 0.00, 0.00, 0.00, 1.00, 1.00, 0.00, 0.00
1686,  0,  56.167,  0.98,  1, 0.00, 0.00, 1.41, 0.13, 0.91, 2.05, 0.12, 0.57, 0.87, 1.87, 0.00, 0.43, 0.00, 0.00, 1.59, 0.86, 0.00, 0.00, 0.00, 1.00, 1.00, 1.00, 1.00, 0.00, 1.00, 1.00, 1.00, 0.00, 0.00, 0.00, 0.00, 1.00, 1.00, 0.00, 0.00
1687,  0,  56.200,  0.98,  1, 0.02, 0.00, 1.39, 0.10, 0.93, 1.99, 0.17, 0.60, 0.87, 1.96, 0.00, 0.40, 0.00, 0.00, 1.63, 0.92, 0.00, 0.00, 0.00, 1.00, 1.00, 1.00, 1.00, 0.00, 1.00, 1.00, 1.00, 0.00, 0.00, 0.00, 1.00, 1.00, 1.00, 0.00, 0.00
1688,  0,  56.233,  0.98,  1, 0.02, 0.00, 1.37, 0.02, 0.93, 1.96, 0.17, 0.60, 0.85, 2.00, 0.00, 0.43, 0.00, 0.00, 1.62, 0.99, 0.00, 0.00, 0.00, 1.00, 1.00, 1.00, 1.00, 0.00, 1.00, 1.00, 1.00, 0.00, 0.00, 0.00, 1.00, 1.00, 1.00, 0.00, 0.00
1689,  0,  56.267,  0.98,  1, 0.02, 0.00, 1.42, 0.02, 0.99, 2.01, 0.21, 0.71, 0.86, 2.09, 0.00, 0.40, 0.00, 0.00, 1.62, 0.96, 0.00, 0.00, 0.00, 1.00, 1.00, 1.00, 1.00, 0.00, 1.00, 1.00, 1.00, 0.00, 0.00, 0.00, 1.00, 1.00, 1.00, 0.00, 0.00
1690,  0,  56.300,  0.98,  1, 0.00, 0.00, 1.35, 0.09, 1.01, 2.05, 0.14, 0.76, 0.92, 2.04, 0.00, 0.37, 0.00, 0.00, 1.60, 0.88, 0.00, 0.00, 0.00, 1.00, 1.00, 1.00, 1.00, 0.00, 1.00, 1.00, 1.00, 0.00, 0.00, 0.00, 1.00, 1.00, 1.00, 0.00, 0.00
1691,  0,  56.333,  0.98,  1, 0.00, 0.00, 1.27, 0.15, 1.00, 2.02, 0.07, 0.77, 0.93, 1.97, 0.00, 0.32, 0.00, 0.00, 1.52, 0.86, 0.00, 0.00, 0.00, 1.00, 1.00, 1.00, 1.00, 0.00, 1.00, 1.00, 1.00, 0.00, 0.00, 0.00, 1.00, 1.00, 1.00, 0.00, 0.00
1692,  0,  56.367,  0.98,  1, 0.01, 0.00, 1.21, 0.15, 0.89, 1.78, 0.00, 0.58, 0.89, 1.80, 0.00, 0.29, 0.00, 0.00, 1.61, 0.95, 0.00, 0.00, 0.00, 1.00, 1.00, 1.00, 1.00, 0.00, 1.00, 1.00, 1.00, 0.00, 0.00, 0.00, 1.00, 1.00, 1.00, 0.00, 0.00
1693,  0,  56.400,  0.98,  1, 0.01, 0.00, 1.22, 0.08, 0.85, 1.72, 0.00, 0.44, 0.83, 1.81, 0.00, 0.29, 0.00, 0.00, 1.65, 1.04, 0.00, 0.00, 0.00, 1.00, 1.00, 1.00, 1.00, 0.00, 1.00, 1.00, 1.00, 0.00, 0.00, 0.00, 1.00, 1.00, 1.00, 0.00, 0.00
1694,  0,  56.433,  0.98,  1, 0.01, 0.00, 1.15, 0.00, 0.80, 1.63, 0.00, 0.41, 0.81, 1.89, 0.00, 0.43, 0.00, 0.00, 1.75, 1.12, 0.00, 0.00, 0.00, 1.00, 1.00, 1.00, 1.00, 0.00, 1.00, 1.00, 1.00, 0.00, 0.00, 0.00, 1.00, 1.00, 0.00, 0.00, 0.00
1695,  0,  56.467,  0.98,  1, 0.00, 0.00, 1.07, 0.00, 0.83, 1.68, 0.00, 0.50, 0.83, 2.03, 0.00, 0.52, 0.00, 0.00, 1.71, 1.03, 0.00, 0.00, 0.00, 1.00, 1.00, 1.00, 1.00, 0.00, 1.00, 1.00, 1.00, 0.00, 0.00, 0.00, 1.00, 1.00, 0.00, 0.00, 0.00
1696,  0,  56.500,  0.98,  1, 0.00, 0.00, 1.05, 0.00, 0.82, 1.79, 0.00, 0.53, 0.82, 2.09, 0.00, 0.61, 0.00, 0.00, 1.72, 1.03, 0.00, 0.00, 0.00, 1.00, 1.00, 1.00, 1.00, 0.00, 1.00, 1.00, 1.00, 0.00, 0.00, 0.00, 1.00, 1.00, 0.00, 0.00, 0.00
1697,  0,  56.533,  0.98,  1, 0.00, 0.00, 1.14, 0.00, 0.85, 1.90, 0.04, 0.55, 0.81, 2.07, 0.00, 0.53, 0.00, 0.00, 1.67, 1.00, 0.00, 0.00, 0.00, 1.00, 1.00, 1.00, 1.00, 0.00, 1.00, 1.00, 1.00, 0.00, 0.00, 0.00, 1.00, 1.00, 0.00, 0.00, 0.00
1698,  0,  56.567,  0.98,  1, 0.00, 0.00, 1.16, 0.00, 0.84, 1.98, 0.04, 0.56, 0.82, 2.07, 0.00, 0.53, 0.00, 0.00, 1.58, 1.01, 0.00, 0.00, 0.00, 1.00, 1.00, 0.00, 1.00, 0.00, 1.00, 0.00, 1.00, 0.00, 0.00, 0.00, 1.00, 1.00, 0.00, 0.00, 0.00
1699,  0,  56.600,  0.98,  1, 0.02, 0.00, 1.15, 0.00, 0.83, 1.91, 0.07, 0.58, 0.82, 1.99, 0.00, 0.46, 0.00, 0.00, 1.53, 0.93, 0.00, 0.00, 0.00, 1.00, 1.00, 0.00, 1.00, 0.00, 1.00, 0.00, 1.00, 0.00, 0.00, 0.00, 1.00, 1.00, 0.00, 0.00, 0.00
1700,  0,  56.633,  0.98,  1, 0.02, 0.00, 1.12, 0.00, 0.83, 1.89, 0.10, 0.59, 0.83, 1.98, 0.00, 0.45, 0.00, 0.00, 1.51, 0.88, 0.00, 0.00, 0.00, 1.00, 1.00, 0.00, 1.00, 0.00, 1.00, 0.00, 1.00, 0.00, 0.00, 0.00, 0.00, 1.00, 0.00, 0.00, 0.00
1701,  0,  56.667,  0.98,  1, 0.03, 0.00, 1.16, 0.00, 0.85, 1.85, 0.15, 0.57, 0.84, 1.98, 0.00, 0.40, 0.00, 0.00, 1.52, 0.87, 0.00, 0.00, 0.00, 1.00, 1.00, 0.00, 1.00, 0.00, 1.00, 1.00, 1.00, 0.00, 0.00, 0.00, 0.00, 1.00, 0.00, 0.00, 0.00
1702,  0,  56.700,  0.98,  1, 0.04, 0.00, 1.19, 0.00, 0.81, 1.86, 0.13, 0.60, 0.86, 1.99, 0.00, 0.37, 0.00, 0.00, 1.50, 0.86, 0.00, 0.00, 0.00, 1.00, 1.00, 0.00, 1.00, 0.00, 1.00, 1.00, 1.00, 0.00, 0.00, 0.00, 0.00, 1.00, 0.00, 0.00, 0.00
1703,  0,  56.733,  0.98,  1, 0.06, 0.00, 1.19, 0.00, 0.76, 1.84, 0.07, 0.63, 0.87, 1.91, 0.00, 0.44, 0.00, 0.00, 1.58, 0.93, 0.00, 0.00, 0.00, 1.00, 1.00, 0.00, 1.00, 0.00, 1.00, 1.00, 1.00, 0.00, 0.00, 0.00, 0.00, 1.00, 0.00, 0.00, 0.00
1704,  0,  56.767,  0.98,  1, 0.06, 0.00, 1.20, 0.00, 0.77, 1.79, 0.13, 0.69, 0.89, 1.93, 0.00, 0.54, 0.00, 0.00, 1.60, 1.03, 0.00, 0.00, 0.00, 1.00, 1.00, 1.00, 1.00, 0.00, 1.00, 1.00, 1.00, 0.00, 0.00, 0.00, 1.00, 1.00, 0.00, 0.00, 0.00
1705,  0,  56.800,  0.98,  1, 0.08, 0.00, 1.23, 0.00, 0.82, 1.76, 0.21, 0.68, 0.91, 1.99, 0.00, 0.66, 0.00, 0.00, 1.59, 1.11, 0.00, 0.00, 0.00, 1.00, 1.00, 1.00, 1.00, 0.00, 1.00, 1.00, 1.00, 0.00, 0.00, 0.00, 1.00, 1.00, 0.00, 0.00, 0.00
1706,  0,  56.833,  0.98,  1, 0.10, 0.00, 1.30, 0.00, 0.91, 1.79, 0.32, 0.66, 0.90, 2.11, 0.00, 0.59, 0.00, 0.00, 1.54, 1.03, 0.00, 0.00, 0.00, 1.00, 1.00, 1.00, 1.00, 0.00, 1.00, 1.00, 1.00, 0.00, 0.00, 0.00, 1.00, 1.00, 0.00, 0.00, 0.00
1707,  0,  56.867,  0.98,  1, 0.12, 0.00, 1.31, 0.00, 0.92, 1.81, 0.29, 0.62, 0.89, 2.15, 0.00, 0.51, 0.00, 0.00, 1.50, 0.89, 0.00, 0.00, 0.00, 1.00, 1.00, 1.00, 1.00, 0.00, 1.00, 1.00, 1.00, 0.00, 0.00, 0.00, 1.00, 1.00, 0.00, 0.00, 0.00
1708,  0,  56.900,  0.98,  1, 0.09, 0.00, 1.33, 0.00, 0.94, 1.77, 0.27, 0.63, 0.88, 2.18, 0.00, 0.43, 0.00, 0.00, 1.45, 0.86, 0.00, 0.00, 0.00, 1.00, 1.00, 1.00, 1.00, 0.00, 1.00, 1.00, 1.00, 0.00, 0.00, 0.00, 1.00, 1.00, 0.00, 0.00, 0.00
1709,  0,  56.933,  0.98,  1, 0.10, 0.00, 1.33, 0.00, 0.88, 1.70, 0.25, 0.59, 0.85, 2.16, 0.00, 0.44, 0.00, 0.00, 1.37, 0.83, 0.00, 0.00, 0.00, 1.00, 1.00, 1.00, 1.00, 0.00, 1.00, 1.00, 1.00, 0.00, 0.00, 0.00, 1.00, 1.00, 0.00, 0.00, 0.00
1710,  0,  56.967,  0.98,  1, 0.17, 0.04, 1.28, 0.00, 0.85, 1.73, 0.18, 0.64, 0.87, 2.11, 0.00, 0.45, 0.00, 0.00, 1.32, 0.79, 0.06, 0.00, 0.00, 1.00, 1.00, 1.00, 1.00, 0.00, 1.00, 1.00, 1.00, 0.00, 0.00, 0.00, 1.00, 1.00, 0.00, 0.00, 0.00
1711,  0,  57.000,  0.98,  1, 0.16, 0.04, 1.35, 0.00, 0.92, 1.59, 0.23, 0.75, 0.93, 2.07, 0.00, 0.43, 0.12, 0.00, 1.32, 0.62, 0.67, 0.00, 0.00, 1.00, 1.00, 1.00, 1.00, 0.00, 1.00, 1.00, 1.00, 0.00, 0.00, 0.00, 1.00, 1.00, 0.00, 0.00, 0.00
1712,  0,  57.033,  0.98,  1, 0.09, 0.04, 1.46, 0.01, 0.98, 1.32, 0.29, 0.78, 1.00, 2.02, 0.00, 0.40, 0.18, 0.00, 1.33, 0.49, 1.40, 0.00, 0.00, 1.00, 1.00, 1.00, 1.00, 0.00, 1.00, 1.00, 1.00, 0.00, 0.00, 0.00, 1.00, 1.00, 0.00, 0.00, 1.00
1713,  0,  57.067,  0.98,  1, 0.00, 0.00, 1.60, 0.01, 1.04, 1.14, 0.40, 0.80, 1.04, 2.05, 0.00, 0.34, 0.26, 0.00, 1.38, 0.44, 2.02, 0.00, 0.00, 1.00, 1.00, 1.00, 1.00, 0.00, 1.00, 1.00, 1.00, 0.00, 0.00, 0.00, 1.00, 1.00, 0.00, 0.00, 1.00
1714,  0,  57.100,  0.98,  1, 0.00, 0.00, 1.62, 0.04, 1.00, 1.29, 0.33, 0.70, 1.00, 1.93, 0.00, 0.30, 0.15, 0.00, 1.41, 0.38, 2.13, 0.00, 0.00, 1.00, 1.00, 1.00, 1.00, 0.00, 1.00, 1.00, 1.00, 0.00, 0.00, 0.00, 1.00, 1.00, 0.00, 0.00, 1.00
1715,  0,  57.133,  0.98,  1, 0.00, 0.00, 1.55, 0.02, 1.01, 1.55, 0.25, 0.72, 0.99, 1.94, 0.00, 0.24, 0.09, 0.00, 1.42, 0.34, 2.01, 0.00, 0.00, 1.00, 1.00, 1.00, 1.00, 0.00, 1.00, 1.00, 1.00, 0.00, 0.00, 0.00, 1.00, 1.00, 0.00, 0.00, 1.00
1716,  0,  57.167,  0.98,  1, 0.00, 0.00, 1.50, 0.04, 1.01, 1.70, 0.21, 0.67, 0.97, 1.87, 0.00, 0.18, 0.03, 0.00, 1.43, 0.33, 1.97, 0.00, 0.00, 1.00, 1.00, 1.00, 1.00, 0.00, 1.00, 1.00, 1.00, 0.00, 0.00, 0.00, 1.00, 1.00, 0.00, 0.00, 1.00
1717,  0,  57.200,  0.98,  1, 0.00, 0.00, 1.43, 0.02, 1.03, 1.84, 0.20, 0.67, 1.02, 1.97, 0.00, 0.11, 0.04, 0.00, 1.56, 0.42, 1.71, 0.00, 0.00, 1.00, 1.00, 1.00, 1.00, 0.00, 1.00, 1.00, 1.00, 0.00, 0.00, 0.00, 1.00, 1.00, 0.00, 0.00, 1.00
1718,  0,  57.233,  0.98,  1, 0.00, 0.00, 1.33, 0.02, 1.01, 1.96, 0.18, 0.63, 1.06, 1.98, 0.00, 0.06, 0.07, 0.00, 1.70, 0.51, 1.45, 0.00, 0.00, 1.00, 1.00, 1.00, 1.00, 0.00, 1.00, 1.00, 1.00, 0.00, 0.00, 0.00, 1.00, 1.00, 0.00, 0.00, 1.00
1719,  0,  57.267,  0.98,  1, 0.00, 0.00, 1.35, 0.00, 1.02, 2.08, 0.13, 0.67, 1.10, 1.93, 0.00, 0.00, 0.07, 0.00, 1.75, 0.57, 1.28, 0.00, 0.00, 1.00, 1.00, 1.00, 1.00, 0.00, 1.00, 1.00, 1.00, 0.00, 0.00, 0.00, 1.00, 1.00, 0.00, 0.00, 1.00
1720,  0,  57.300,  0.98,  1, 0.04, 0.00, 1.29, 0.03, 0.92, 1.87, 0.08, 0.64, 1.09, 1.83, 0.00, 0.00, 0.12, 0.00, 1.59, 0.55, 1.66, 0.00, 0.00, 1.00, 1.00, 1.00, 1.00, 0.00, 1.00, 1.00, 1.00, 0.00, 0.00, 0.00, 1.00, 1.00, 0.00, 0.00, 1.00
1721,  0,  57.333,  0.98,  1, 0.07, 0.00, 1.31, 0.09, 0.76, 1.53, 0.04, 0.62, 0.97, 1.81, 0.00, 0.00, 0.16, 0.00, 1.33, 0.50, 2.35, 0.00, 0.00, 1.00, 1.00, 1.00, 1.00, 0.00, 1.00, 1.00, 1.00, 0.00, 0.00, 0.00, 1.00, 1.00, 0.00, 0.00, 1.00
1722,  0,  57.367,  0.98,  1, 0.08, 0.00, 1.29, 0.20, 0.60, 1.32, 0.00, 0.56, 0.75, 1.81, 0.00, 0.00, 0.22, 0.00, 1.06, 0.31, 2.88, 0.00, 0.00, 1.00, 1.00, 0.00, 1.00, 0.00, 1.00, 1.00, 1.00, 0.00, 0.00, 0.00, 1.00, 1.00, 0.00, 0.00, 1.00
1723,  0,  57.400,  0.98,  1, 0.04, 0.00, 1.35, 0.21, 0.56, 1.40, 0.05, 0.45, 0.42, 1.78, 0.08, 0.18, 0.28, 0.00, 0.69, 0.16, 2.84, 0.00, 0.00, 1.00, 1.00, 0.00, 1.00, 0.00, 1.00, 0.00, 1.00, 0.00, 0.00, 0.00, 1.00, 0.00, 0.00, 0.00, 1.00
1724,  0,  57.433,  0.98,  1, 0.04, 0.00, 1.42, 0.15, 0.66, 1.72, 0.05, 0.43, 0.21, 1.76, 0.26, 0.46, 0.23, 0.00, 0.36, 0.05, 2.34, 0.00, 0.00, 1.00, 1.00, 0.00, 1.00, 0.00, 1.00, 0.00, 1.00, 1.00, 0.00, 0.00, 1.00, 0.00, 0.00, 0.00, 1.00
1725,  0,  57.467,  0.98,  1, 0.09, 0.00, 1.47, 0.04, 0.76, 1.99, 0.05, 0.37, 0.10, 1.74, 0.49, 0.78, 0.25, 0.00, 0.07, 0.00, 1.70, 0.00, 0.00, 1.00, 1.00, 0.00, 1.00, 0.00, 1.00, 0.00, 1.00, 1.00, 0.00, 0.00, 1.00, 0.00, 0.00, 0.00, 1.00
1726,  0,  57.500,  0.98,  1, 0.09, 0.00, 1.46, 0.00, 0.80, 1.94, 0.00, 0.44, 0.09, 1.81, 0.59, 0.84, 0.21, 0.00, 0.00, 0.00, 1.13, 0.00, 0.00, 1.00, 1.00, 0.00, 1.00, 0.00, 1.00, 0.00, 1.00, 1.00, 0.00, 0.00, 1.00, 0.00, 0.00, 0.00, 1.00
1727,  0,  57.533,  0.98,  1, 0.06, 0.00, 1.44, 0.00, 0.73, 1.86, 0.01, 0.46, 0.07, 1.77, 0.54, 0.76, 0.27, 0.00, 0.00, 0.00, 0.76, 0.00, 0.00, 1.00, 1.00, 0.00, 1.00, 0.00, 1.00, 0.00, 1.00, 1.00, 1.00, 0.00, 1.00, 0.00, 0.00, 0.00, 1.00
1728,  0,  57.567,  0.98,  1, 0.00, 0.03, 1.49, 0.00, 0.64, 1.71, 0.15, 0.44, 0.06, 1.80, 0.52, 0.83, 0.26, 0.00, 0.00, 0.00, 0.40, 0.00, 0.00, 1.00, 1.00, 0.00, 1.00, 0.00, 1.00, 0.00, 1.00, 1.00, 1.00, 0.00, 1.00, 0.00, 0.00, 0.00, 0.00
1729,  0,  57.600,  0.98,  1, 0.00, 0.03, 1.50, 0.00, 0.57, 1.70, 0.22, 0.39, 0.13, 1.78, 0.42, 0.89, 0.21, 0.00, 0.00, 0.00, 0.16, 0.00, 0.00, 1.00, 1.00, 0.00, 1.00, 0.00, 1.00, 0.00, 1.00, 1.00, 1.00, 0.00, 1.00, 0.00, 0.00, 0.00, 0.00
1730,  0,  57.633,  0.98,  1, 0.00, 0.03, 1.54, 0.00, 0.56, 1.68, 0.29, 0.25, 0.17, 1.80, 0.34, 0.99, 0.22, 0.00, 0.00, 0.02, 0.00, 0.00, 0.00, 1.00, 1.00, 0.00, 1.00, 0.00, 1.00, 0.00, 1.00, 1.00, 1.00, 0.00, 1.00, 0.00, 0.00, 0.00, 0.00
1731,  0,  57.667,  0.98,  1, 0.01, 0.03, 1.50, 0.00, 0.60, 1.71, 0.23, 0.27, 0.18, 1.81, 0.26, 0.98, 0.24, 0.00, 0.00, 0.03, 0.00, 0.00, 0.00, 1.00, 1.00, 0.00, 1.00, 0.00, 1.00, 0.00, 1.00, 1.00, 1.00, 0.00, 0.00, 0.00, 0.00, 0.00, 0.00
1732,  0,  57.700,  0.98,  1, 0.01, 0.03, 1.47, 0.00, 0.68, 1.69, 0.22, 0.28, 0.17, 1.86, 0.24, 1.05, 0.19, 0.00, 0.00, 0.03, 0.00, 0.00, 0.00, 1.00, 1.00, 0.00, 1.00, 0.00, 1.00, 0.00, 1.00, 1.00, 1.00, 0.00, 0.00, 0.00, 0.00, 0.00, 0.00
1733,  0,  57.733,  0.98,  1, 0.01, 0.03, 1.45, 0.00, 0.77, 1.65, 0.20, 0.39, 0.19, 1.92, 0.31, 1.13, 0.18, 0.00, 0.00, 0.01, 0.00, 0.00, 0.00, 1.00, 1.00, 0.00, 1.00, 0.00, 1.00, 0.00, 1.00, 1.00, 1.00, 0.00, 0.00, 0.00, 0.00, 0.00, 0.00
1734,  0,  57.767,  0.98,  1, 0.00, 0.00, 1.46, 0.00, 0.80, 1.72, 0.18, 0.37, 0.21, 1.96, 0.27, 1.13, 0.09, 0.00, 0.00, 0.00, 0.00, 0.00, 0.00, 1.00, 1.00, 0.00, 1.00, 0.00, 1.00, 0.00, 1.00, 1.00, 1.00, 0.00, 0.00, 0.00, 0.00, 0.00, 0.00
1735,  0,  57.800,  0.98,  1, 0.01, 0.00, 1.58, 0.00, 0.82, 1.82, 0.20, 0.30, 0.21, 1.96, 0.32, 1.15, 0.09, 0.00, 0.00, 0.02, 0.00, 0.00, 0.00, 1.00, 1.00, 0.00, 1.00, 0.00, 1.00, 0.00, 1.00, 1.00, 1.00, 0.00, 0.00, 0.00, 0.00, 0.00, 0.00
1736,  0,  57.833,  0.98,  1, 0.02, 0.00, 1.59, 0.00, 0.77, 1.89, 0.23, 0.22, 0.18, 1.87, 0.35, 1.15, 0.02, 0.00, 0.00, 0.06, 0.00, 0.00, 0.00, 1.00, 1.00, 0.00, 1.00, 0.00, 1.00, 0.00, 1.00, 1.00, 1.00, 0.00, 0.00, 0.00, 0.00, 0.00, 0.00
1737,  0,  57.867,  0.98,  1, 0.02, 0.00, 1.62, 0.00, 0.76, 1.74, 0.23, 0.23, 0.16, 1.79, 0.45, 1.17, 0.02, 0.00, 0.00, 0.07, 0.00, 0.00, 0.00, 1.00, 1.00, 0.00, 1.00, 0.00, 1.00, 0.00, 1.00, 1.00, 1.00, 0.00, 0.00, 0.00, 0.00, 0.00, 0.00
1738,  0,  57.900,  0.98,  1, 0.02, 0.00, 1.53, 0.00, 0.75, 1.67, 0.21, 0.31, 0.23, 1.72, 0.58, 1.15, 0.02, 0.00, 0.00, 0.05, 0.00, 0.00, 0.00, 1.00, 1.00, 0.00, 1.00, 0.00, 1.00, 0.00, 1.00, 1.00, 1.00, 0.00, 0.00, 0.00, 0.00, 0.00, 0.00
1739,  0,  57.933,  0.98,  1, 0.01, 0.00, 1.53, 0.00, 0.79, 1.64, 0.18, 0.38, 0.34, 1.67, 0.67, 1.12, 0.01, 0.00, 0.00, 0.00, 0.00, 0.00, 0.00, 1.00, 1.00, 0.00, 1.00, 0.00, 1.00, 0.00, 1.00, 1.00, 1.00, 0.00, 0.00, 0.00, 0.00, 0.00, 0.00
1740,  0,  57.967,  0.98,  1, 0.00, 0.00, 1.46, 0.00, 0.79, 1.69, 0.11, 0.36, 0.45, 1.79, 0.63, 1.13, 0.08, 0.03, 0.03, 0.04, 0.00, 0.00, 0.00, 1.00, 1.00, 0.00, 1.00, 0.00, 1.00, 0.00, 1.00, 1.00, 1.00, 0.00, 1.00, 0.00, 0.00, 0.00, 0.00
1741,  0,  58.000,  0.98,  1, 0.00, 0.02, 1.50, 0.00, 0.77, 1.59, 0.05, 0.30, 0.44, 1.93, 0.55, 1.19, 0.13, 0.04, 0.03, 0.04, 0.00, 0.00, 0.00, 1.00, 1.00, 0.00, 1.00, 0.00, 1.00, 0.00, 1.00, 1.00, 1.00, 0.00, 1.00, 0.00, 0.00, 0.00, 0.00
1742,  0,  58.033,  0.98,  1, 0.02, 0.08, 1.48, 0.00, 0.69, 1.47, 0.00, 0.25, 0.50, 2.04, 0.54, 1.15, 0.17, 0.04, 0.03, 0.04, 0.00, 0.00, 0.00, 1.00, 1.00, 0.00, 1.00, 0.00, 1.00, 0.00, 1.00, 1.00, 1.00, 0.00, 1.00, 0.00, 0.00, 0.00, 0.00
1743,  0,  58.067,  0.98,  1, 0.02, 0.12, 1.46, 0.05, 0.71, 1.36, 0.00, 0.27, 0.57, 2.06, 0.61, 0.94, 0.18, 0.01, 0.06, 0.02, 0.00, 0.00, 0.00, 1.00, 1.00, 0.00, 1.00, 0.00, 1.00, 1.00, 1.00, 1.00, 1.00, 0.00, 1.00, 0.00, 0.00, 0.00, 0.00
1744,  0,  58.100,  0.98,  1, 0.07, 0.10, 1.39, 0.05, 0.75, 1.32, 0.00, 0.37, 0.74, 2.03, 0.45, 0.70, 0.19, 0.00, 0.34, 0.02, 0.28, 0.00, 0.00, 1.00, 1.00, 0.00, 1.00, 0.00, 1.00, 1.00, 1.00, 0.00, 0.00, 0.00, 1.00, 0.00, 0.00, 0.00, 0.00
1745,  0,  58.133,  0.98,  1, 0.12, 0.05, 1.27, 0.06, 0.79, 1.15, 0.00, 0.52, 0.89, 2.06, 0.26, 0.46, 0.15, 0.00, 0.80, 0.09, 0.63, 0.00, 0.00, 1.00, 1.00, 0.00, 1.00, 0.00, 1.00, 1.00, 1.00, 0.00, 0.00, 0.00, 1.00, 1.00, 0.00, 0.00, 0.00
1746,  0,  58.167,  0.98,  1, 0.18, 0.00, 1.11, 0.02, 0.77, 0.89, 0.00, 0.74, 1.02, 1.97, 0.03, 0.29, 0.06, 0.00, 1.34, 0.31, 1.01, 0.00, 0.00, 1.00, 1.00, 0.00, 1.00, 0.00, 1.00, 1.00, 1.00, 0.00, 0.00, 0.00, 1.00, 1.00, 0.00, 0.00, 1.00
1747,  0,  58.200,  0.98,  1, 0.13, 0.00, 1.01, 0.02, 0.74, 0.70, 0.00, 0.83, 1.09, 1.91, 0.12, 0.11, 0.00, 0.00, 1.60, 0.51, 1.15, 1.00, 0.00, 1.00, 1.00, 0.00, 1.00, 0.00, 1.00, 1.00, 1.00, 0.00, 0.00, 0.00, 1.00, 1.00, 0.00, 0.00, 1.00
1748,  0,  58.233,  0.98,  1, 0.08, 0.00, 1.10, 0.00, 0.74, 0.59, 0.03, 0.86, 1.03, 1.89, 0.19, 0.03, 0.00, 0.00, 1.75, 0.79, 1.32, 1.00, 0.00, 1.00, 1.00, 0.00, 1.00, 0.00, 1.00, 1.00, 1.00, 0.00, 0.00, 0.00, 1.00, 1.00, 0.00, 0.00, 1.00
1749,  0,  58.267,  0.98,  1, 0.06, 0.00, 1.25, 0.00, 0.67, 0.57, 0.07, 0.76, 0.98, 1.67, 0.39, 0.00, 0.00, 0.00, 1.68, 0.91, 1.39, 1.00, 0.00, 1.00, 0.00, 0.00, 1.00, 0.00, 1.00, 0.00, 1.00, 0.00, 0.00, 0.00, 1.00, 1.00, 0.00, 0.00, 1.00
1750,  0,  58.300,  0.98,  1, 0.08, 0.00, 1.38, 0.00, 0.61, 0.45, 0.11, 0.65, 0.91, 1.23, 0.52, 0.00, 0.00, 0.00, 1.68, 0.95, 1.36, 1.00, 1.00, 1.00, 0.00, 0.00, 1.00, 0.00, 1.00, 0.00, 1.00, 0.00, 0.00, 0.00, 0.00, 1.00, 0.00, 0.00, 1.00
1751,  0,  58.333,  0.98,  1, 0.05, 0.00, 1.40, 0.00, 0.54, 0.47, 0.15, 0.53, 0.92, 0.82, 0.67, 0.00, 0.00, 0.00, 1.61, 0.82, 1.37, 1.00, 1.00, 1.00, 0.00, 0.00, 1.00, 0.00, 1.00, 0.00, 1.00, 0.00, 0.00, 0.00, 0.00, 1.00, 0.00, 0.00, 1.00
1752,  0,  58.367,  0.98,  1, 0.06, 0.00, 1.42, 0.02, 0.57, 0.52, 0.19, 0.40, 0.83, 0.56, 0.51, 0.00, 0.00, 0.00, 1.49, 0.82, 1.41, 1.00, 1.00, 1.00, 0.00, 0.00, 1.00, 0.00, 1.00, 0.00, 1.00, 0.00, 0.00, 0.00, 0.00, 1.00, 0.00, 0.00, 1.00
1753,  0,  58.400,  0.98,  1, 0.06, 0.00, 1.42, 0.02, 0.66, 0.80, 0.22, 0.29, 0.75, 0.51, 0.29, 0.00, 0.00, 0.00, 1.36, 1.01, 1.41, 1.00, 1.00, 1.00, 0.00, 0.00, 1.00, 0.00, 1.00, 0.00, 1.00, 0.00, 0.00, 0.00, 0.00, 1.00, 0.00, 0.00, 1.00
1754,  0,  58.433,  0.98,  1, 0.12, 0.06, 1.31, 0.02, 0.72, 0.98, 0.22, 0.28, 0.64, 0.44, 0.08, 0.00, 0.00, 0.00, 1.28, 1.17, 1.44, 1.00, 1.00, 1.00, 0.00, 0.00, 1.00, 0.00, 1.00, 0.00, 1.00, 0.00, 0.00, 0.00, 0.00, 1.00, 0.00, 0.00, 1.00
1755,  0,  58.467,  0.98,  1, 0.16, 0.12, 1.20, 0.00, 0.71, 1.04, 0.15, 0.35, 0.63, 0.40, 0.23, 0.00, 0.00, 0.00, 1.34, 1.25, 1.37, 1.00, 1.00, 1.00, 0.00, 0.00, 1.00, 0.00, 1.00, 0.00, 1.00, 0.00, 0.00, 0.00, 0.00, 1.00, 0.00, 0.00, 1.00
1756,  0,  58.500,  0.98,  1, 0.19, 0.12, 1.14, 0.00, 0.56, 0.89, 0.10, 0.38, 0.57, 0.37, 0.36, 0.00, 0.00, 0.00, 1.30, 1.22, 1.54, 1.00, 1.00, 1.00, 0.00, 0.00, 1.00, 0.00, 1.00, 0.00, 1.00, 0.00, 0.00, 0.00, 0.00, 1.00, 0.00, 0.00, 1.00
1757,  0,  58.533,  0.98,  1, 0.20, 0.07, 1.19, 0.00, 0.50, 0.65, 0.03, 0.24, 0.46, 0.27, 0.54, 0.00, 0.00, 0.00, 0.98, 1.07, 1.52, 1.00, 1.00, 1.00, 0.00, 0.00, 1.00, 0.00, 1.00, 0.00, 1.00, 0.00, 0.00, 0.00, 0.00, 0.00, 0.00, 0.00, 1.00
1758,  0,  58.567,  0.98,  1, 0.15, 0.01, 1.24, 0.00, 0.53, 0.60, 0.04, 0.09, 0.30, 0.36, 0.56, 0.00, 0.00, 0.00, 0.55, 0.97, 1.68, 1.00, 1.00, 1.00, 0.00, 0.00, 1.00, 0.00, 1.00, 0.00, 1.00, 0.00, 0.00, 0.00, 0.00, 0.00, 0.00, 0.00, 1.00
1759,  0,  58.600,  0.98,  1, 0.19, 0.08, 1.33, 0.00, 0.60, 0.55, 0.02, 0.03, 0.19, 0.54, 0.68, 0.00, 0.00, 0.00, 0.34, 0.87, 1.66, 1.00, 1.00, 1.00, 0.00, 0.00, 1.00, 0.00, 1.00, 0.00, 1.00, 0.00, 0.00, 0.00, 0.00, 0.00, 0.00, 0.00, 1.00
1760,  0,  58.633,  0.98,  1, 0.29, 0.16, 1.45, 0.00, 0.67, 0.61, 0.02, 0.09, 0.18, 0.67, 0.67, 0.00, 0.00, 0.00, 0.47, 0.95, 1.59, 1.00, 1.00, 1.00, 0.00, 0.00, 1.00, 0.00, 1.00, 0.00, 1.00, 0.00, 0.00, 0.00, 0.00, 0.00, 0.00, 0.00, 1.00
1761,  0,  58.667,  0.98,  1, 0.43, 0.21, 1.50, 0.00, 0.62, 0.52, 0.00, 0.11, 0.18, 0.57, 0.55, 0.00, 0.00, 0.00, 0.77, 0.98, 1.45, 1.00, 1.00, 1.00, 0.00, 0.00, 1.00, 0.00, 1.00, 0.00, 1.00, 0.00, 0.00, 0.00, 0.00, 0.00, 0.00, 0.00, 1.00
1762,  0,  58.700,  0.98,  1, 0.56, 0.19, 1.47, 0.00, 0.55, 0.35, 0.00, 0.08, 0.25, 0.37, 0.51, 0.00, 0.00, 0.00, 1.06, 1.14, 1.48, 1.00, 1.00, 1.00, 0.00, 0.00, 1.00, 0.00, 1.00, 0.00, 1.00, 0.00, 0.00, 0.00, 0.00, 0.00, 0.00, 0.00, 1.00
1763,  0,  58.733,  0.98,  1, 0.56, 0.09, 1.41, 0.00, 0.49, 0.24, 0.01, 0.02, 0.28, 0.35, 0.69, 0.00, 0.00, 0.00, 1.22, 1.31, 1.53, 1.00, 1.00, 1.00, 0.00, 0.00, 1.00, 0.00, 1.00, 0.00, 1.00, 0.00, 0.00, 0.00, 0.00, 0.00, 0.00, 0.00, 1.00
1764,  0,  58.767,  0.98,  1, 0.65, 0.22, 1.45, 0.00, 0.45, 0.23, 0.01, 0.00, 0.35, 0.49, 0.86, 0.00, 0.00, 0.00, 1.25, 1.22, 1.35, 1.00, 1.00, 1.00, 0.00, 0.00, 1.00, 0.00, 1.00, 0.00, 1.00, 0.00, 0.00, 0.00, 0.00, 0.00, 0.00, 0.00, 1.00
1765,  0,  58.800,  0.98,  1, 0.61, 0.26, 1.50, 0.00, 0.45, 0.36, 0.01, 0.00, 0.34, 0.58, 0.90, 0.00, 0.00, 0.00, 1.12, 1.04, 1.17, 1.00, 1.00, 1.00, 0.00, 0.00, 1.00, 0.00, 1.00, 0.00, 1.00, 0.00, 0.00, 0.00, 0.00, 0.00, 0.00, 0.00, 1.00
1766,  0,  58.833,  0.98,  1, 0.60, 0.42, 1.44, 0.00, 0.38, 0.46, 0.00, 0.00, 0.39, 0.55, 0.79, 0.00, 0.00, 0.00, 1.04, 0.82, 1.05, 1.00, 1.00, 1.00, 0.00, 0.00, 1.00, 0.00, 1.00, 0.00, 1.00, 0.00, 0.00, 0.00, 0.00, 0.00, 0.00, 0.00, 1.00
1767,  0,  58.867,  0.98,  1, 0.56, 0.42, 1.39, 0.00, 0.36, 0.59, 0.00, 0.00, 0.37, 0.45, 0.76, 0.00, 0.00, 0.00, 1.01, 0.82, 1.20, 1.00, 1.00, 1.00, 0.00, 0.00, 1.00, 0.00, 1.00, 0.00, 1.00, 0.00, 0.00, 0.00, 0.00, 0.00, 0.00, 0.00, 1.00
1768,  0,  58.900,  0.98,  1, 0.52, 0.50, 1.33, 0.00, 0.31, 0.55, 0.00, 0.03, 0.38, 0.38, 0.75, 0.00, 0.00, 0.00, 1.01, 0.78, 1.25, 1.00, 1.00, 1.00, 0.00, 0.00, 1.00, 0.00, 1.00, 0.00, 1.00, 0.00, 0.00, 0.00, 0.00, 0.00, 0.00, 0.00, 1.00
1769,  0,  58.933,  0.98,  1, 0.55, 0.49, 1.36, 0.00, 0.31, 0.56, 0.00, 0.03, 0.34, 0.31, 0.71, 0.00, 0.00, 0.00, 1.04, 0.70, 1.29, 1.00, 1.00, 1.00, 0.00, 0.00, 1.00, 0.00, 1.00, 0.00, 1.00, 0.00, 0.00, 0.00, 0.00, 0.00, 0.00, 0.00, 1.00
1770,  0,  58.967,  0.98,  1, 0.56, 0.51, 1.37, 0.00, 0.28, 0.46, 0.00, 0.03, 0.27, 0.28, 0.59, 0.00, 0.00, 0.00, 0.95, 0.72, 1.19, 1.00, 1.00, 1.00, 0.00, 0.00, 1.00, 0.00, 1.00, 0.00, 1.00, 0.00, 0.00, 0.00, 0.00, 0.00, 0.00, 0.00, 1.00
1771,  0,  59.000,  0.98,  1, 0.64, 0.41, 1.46, 0.00, 0.32, 0.66, 0.00, 0.00, 0.24, 0.26, 0.52, 0.00, 0.00, 0.00, 0.93, 0.71, 1.19, 1.00, 1.00, 1.00, 0.00, 0.00, 1.00, 0.00, 1.00, 0.00, 1.00, 0.00, 0.00, 0.00, 0.00, 0.00, 0.00, 0.00, 1.00
1772,  0,  59.033,  0.98,  1, 0.70, 0.42, 1.60, 0.00, 0.40, 0.78, 0.03, 0.00, 0.18, 0.31, 0.46, 0.00, 0.00, 0.00, 0.79, 0.75, 1.10, 1.00, 1.00, 1.00, 0.00, 0.00, 1.00, 0.00, 1.00, 0.00, 1.00, 0.00, 0.00, 0.00, 0.00, 0.00, 0.00, 0.00, 1.00
1773,  0,  59.067,  0.98,  1, 0.66, 0.36, 1.63, 0.00, 0.50, 0.81, 0.08, 0.09, 0.24, 0.20, 0.53, 0.00, 0.00, 0.00, 0.87, 0.77, 1.15, 1.00, 1.00, 1.00, 0.00, 0.00, 1.00, 0.00, 1.00, 0.00, 1.00, 0.00, 0.00, 0.00, 0.00, 1.00, 0.00, 0.00, 1.00
1774,  0,  59.100,  0.98,  1, 0.61, 0.32, 1.61, 0.00, 0.53, 0.64, 0.08, 0.15, 0.31, 0.29, 0.39, 0.00, 0.00, 0.00, 0.91, 0.88, 1.08, 1.00, 1.00, 1.00, 0.00, 0.00, 1.00, 0.00, 1.00, 0.00, 1.00, 0.00, 0.00, 0.00, 0.00, 1.00, 0.00, 0.00, 1.00
1775,  0,  59.133,  0.98,  1, 0.54, 0.18, 1.58, 0.00, 0.52, 0.51, 0.07, 0.15, 0.37, 0.32, 0.39, 0.00, 0.00, 0.00, 1.09, 1.02, 0.95, 1.00, 1.00, 1.00, 0.00, 0.00, 1.00, 0.00, 1.00, 0.00, 1.00, 0.00, 0.00, 0.00, 0.00, 1.00, 0.00, 0.00, 1.00
1776,  0,  59.167,  0.98,  1, 0.57, 0.22, 1.60, 0.00, 0.35, 0.29, 0.02, 0.06, 0.38, 0.34, 0.55, 0.00, 0.00, 0.00, 1.25, 0.99, 0.91, 1.00, 1.00, 1.00, 0.00, 0.00, 1.00, 0.00, 1.00, 0.00, 1.00, 0.00, 0.00, 0.00, 0.00, 0.00, 0.00, 0.00, 1.00
1777,  0,  59.200,  0.98,  1, 0.68, 0.37, 1.61, 0.00, 0.26, 0.33, 0.02, 0.00, 0.25, 0.33, 0.78, 0.00, 0.00, 0.00, 1.18, 0.93, 0.88, 1.00, 1.00, 1.00, 0.00, 0.00, 1.00, 0.00, 1.00, 0.00, 1.00, 0.00, 0.00, 0.00, 0.00, 0.00, 0.00, 0.00, 1.00
1778,  0,  59.233,  0.98,  1, 0.78, 0.56, 1.53, 0.00, 0.12, 0.34, 0.00, 0.00, 0.14, 0.40, 0.95, 0.00, 0.00, 0.00, 0.94, 0.81, 0.99, 1.00, 1.00, 1.00, 0.00, 0.00, 1.00, 0.00, 1.00, 0.00, 1.00, 0.00, 0.00, 0.00, 0.00, 0.00, 0.00, 0.00, 1.00
1779,  0,  59.267,  0.98,  1, 0.79, 0.66, 1.40, 0.00, 0.08, 0.48, 0.00, 0.00, 0.02, 0.54, 1.00, 0.00, 0.00, 0.00, 0.65, 0.71, 1.12, 1.00, 1.00, 1.00, 0.00, 0.00, 1.00, 0.00, 1.00, 0.00, 1.00, 0.00, 0.00, 0.00, 0.00, 0.00, 0.00, 0.00, 0.00
1780,  0,  59.300,  0.98,  1, 0.76, 0.74, 1.27, 0.00, 0.01, 0.44, 0.00, 0.00, 0.00, 0.54, 0.95, 0.00, 0.00, 0.00, 0.41, 0.64, 1.14, 1.00, 1.00, 1.00, 0.00, 0.00, 1.00, 0.00, 1.00, 0.00, 1.00, 0.00, 0.00, 0.00, 0.00, 0.00, 0.00, 0.00, 0.00
1781,  0,  59.333,  0.98,  1, 0.79, 0.80, 1.28, 0.00, 0.00, 0.37, 0.00, 0.00, 0.06, 0.59, 0.97, 0.00, 0.00, 0.00, 0.39, 0.56, 1.28, 1.00, 1.00, 1.00, 0.00, 0.00, 1.00, 0.00, 1.00, 0.00, 1.00, 0.00, 0.00, 0.00, 0.00, 0.00, 0.00, 0.00, 0.00
1782,  0,  59.367,  0.98,  1, 0.80, 0.88, 1.28, 0.00, 0.00, 0.26, 0.00, 0.00, 0.10, 0.67, 0.91, 0.00, 0.00, 0.00, 0.46, 0.56, 1.35, 1.00, 1.00, 1.00, 0.00, 0.00, 1.00, 0.00, 1.00, 0.00, 1.00, 0.00, 0.00, 0.00, 0.00, 0.00, 0.00, 0.00, 0.00
1783,  0,  59.400,  0.98,  1, 0.78, 0.89, 1.33, 0.00, 0.00, 0.28, 0.00, 0.00, 0.21, 0.65, 1.01, 0.00, 0.00, 0.00, 0.77, 0.54, 1.39, 1.00, 1.00, 1.00, 0.00, 0.00, 1.00, 0.00, 1.00, 0.00, 1.00, 0.00, 0.00, 0.00, 0.00, 0.00, 0.00, 0.00, 0.00
1784,  0,  59.433,  0.98,  1, 0.65, 0.89, 1.37, 0.00, 0.04, 0.36, 0.02, 0.00, 0.26, 0.63, 1.01, 0.00, 0.00, 0.00, 0.98, 0.47, 1.36, 1.00, 1.00, 1.00, 0.00, 0.00, 1.00, 0.00, 1.00, 0.00, 1.00, 0.00, 0.00, 0.00, 0.00, 0.00, 0.00, 0.00, 0.00
1785,  0,  59.467,  0.98,  1, 0.58, 0.82, 1.46, 0.00, 0.12, 0.40, 0.08, 0.00, 0.35, 0.60, 0.94, 0.00, 0.00, 0.00, 1.08, 0.45, 1.34, 1.00, 1.00, 1.00, 0.00, 0.00, 1.00, 0.00, 1.00, 0.00, 1.00, 0.00, 0.00, 0.00, 0.00, 0.00, 0.00, 0.00, 0.00
1786,  0,  59.500,  0.98,  1, 0.54, 0.88, 1.51, 0.03, 0.18, 0.33, 0.08, 0.00, 0.33, 0.58, 0.84, 0.00, 0.00, 0.00, 1.13, 0.45, 1.25, 1.00, 1.00, 1.00, 0.00, 0.00, 1.00, 0.00, 1.00, 0.00, 1.00, 0.00, 0.00, 0.00, 0.00, 0.00, 0.00, 0.00, 0.00
1787,  0,  59.533,  0.98,  1, 0.60, 0.86, 1.49, 0.11, 0.21, 0.25, 0.06, 0.03, 0.32, 0.51, 0.64, 0.00, 0.00, 0.00, 1.38, 0.64, 1.20, 1.00, 1.00, 1.00, 0.00, 0.00, 1.00, 0.00, 1.00, 0.00, 1.00, 0.00, 0.00, 0.00, 0.00, 0.00, 0.00, 0.00, 0.00
1788,  0,  59.567,  0.98,  1, 0.58, 0.70, 1.47, 0.15, 0.16, 0.17, 0.00, 0.03, 0.33, 0.36, 0.68, 0.00, 0.00, 0.00, 1.46, 0.78, 1.16, 1.00, 1.00, 1.00, 0.00, 0.00, 1.00, 0.00, 1.00, 0.00, 1.00, 0.00, 0.00, 0.00, 0.00, 0.00, 0.00, 0.00, 1.00
1789,  0,  59.600,  0.98,  1, 0.59, 0.40, 1.45, 0.12, 0.11, 0.08, 0.00, 0.03, 0.29, 0.45, 0.77, 0.00, 0.00, 0.00, 1.40, 0.92, 1.24, 1.00, 1.00, 1.00, 0.00, 0.00, 1.00, 0.00, 1.00, 0.00, 1.00, 0.00, 0.00, 0.00, 0.00, 0.00, 0.00, 0.00, 1.00
1790,  0,  59.633,  0.98,  1, 0.53, 0.28, 1.43, 0.04, 0.06, 0.00, 0.00, 0.00, 0.25, 0.68, 1.13, 0.03, 0.00, 0.00, 0.89, 0.86, 1.28, 1.00, 1.00, 1.00, 0.00, 0.00, 1.00, 0.00, 1.00, 0.00, 1.00, 0.00, 0.00, 0.00, 0.00, 0.00, 0.00, 0.00, 1.00
1791,  0,  59.667,  0.98,  1, 0.55, 0.19, 1.36, 0.04, 0.03, 0.07, 0.00, 0.00, 0.11, 0.87, 1.21, 0.11, 0.00, 0.00, 0.52, 0.80, 1.35, 1.00, 1.00, 1.00, 0.00, 0.00, 1.00, 0.00, 1.00, 0.00, 1.00, 0.00, 0.00, 0.00, 0.00, 0.00, 0.00, 0.00, 1.00
1792,  0,  59.700,  0.98,  1, 0.60, 0.16, 1.34, 0.04, 0.05, 0.23, 0.00, 0.00, 0.07, 0.92, 1.19, 0.11, 0.00, 0.00, 0.33, 0.68, 1.40, 1.00, 1.00, 1.00, 0.00, 0.00, 1.00, 0.00, 1.00, 0.00, 1.00, 0.00, 0.00, 0.00, 0.00, 0.00, 0.00, 0.00, 1.00
1793,  0,  59.733,  0.98,  1, 0.63, 0.05, 1.37, 0.04, 0.04, 0.32, 0.00, 0.00, 0.04, 0.80, 1.00, 0.07, 0.00, 0.00, 0.66, 0.73, 1.46, 1.00, 1.00, 1.00, 0.00, 0.00, 1.00, 0.00, 1.00, 0.00, 1.00, 0.00, 0.00, 0.00, 0.00, 0.00, 0.00, 0.00, 1.00
1794,  0,  59.767,  0.98,  1, 0.63, 0.06, 1.36, 0.00, 0.08, 0.34, 0.00, 0.00, 0.12, 0.69, 0.99, 0.00, 0.00, 0.00, 1.10, 0.75, 1.44, 1.00, 1.00, 1.00, 0.00, 0.00, 1.00, 0.00, 1.00, 0.00, 1.00, 0.00, 0.00, 0.00, 0.00, 1.00, 0.00, 0.00, 1.00
1795,  0,  59.800,  0.98,  1, 0.51, 0.06, 1.33, 0.00, 0.13, 0.29, 0.04, 0.00, 0.22, 0.71, 1.04, 0.00, 0.00, 0.00, 1.45, 0.88, 1.38, 1.00, 1.00, 1.00, 0.00, 0.00, 1.00, 0.00, 1.00, 0.00, 1.00, 0.00, 0.00, 0.00, 0.00, 1.00, 0.00, 0.00, 1.00
1796,  0,  59.833,  0.98,  1, 0.46, 0.04, 1.22, 0.06, 0.14, 0.21, 0.07, 0.00, 0.27, 0.64, 0.98, 0.00, 0.00, 0.00, 1.54, 0.96, 1.28, 1.00, 1.00, 1.00, 0.00, 0.00, 1.00, 0.00, 1.00, 0.00, 1.00, 0.00, 0.00, 0.00, 0.00, 1.00, 0.00, 0.00, 1.00
1797,  0,  59.867,  0.98,  1, 0.45, 0.00, 1.13, 0.06, 0.15, 0.21, 0.07, 0.00, 0.31, 0.64, 0.82, 0.00, 0.00, 0.00, 1.61, 0.96, 1.23, 1.00, 1.00, 1.00, 0.00, 0.00, 1.00, 0.00, 1.00, 0.00, 1.00, 0.00, 0.00, 0.00, 0.00, 1.00, 0.00, 0.00, 1.00
1798,  0,  59.900,  0.98,  1, 0.43, 0.00, 1.10, 0.06, 0.21, 0.16, 0.03, 0.00, 0.31, 0.72, 0.81, 0.00, 0.00, 0.00, 1.66, 0.93, 1.39, 1.00, 1.00, 1.00, 0.00, 0.00, 1.00, 0.00, 1.00, 0.00, 1.00, 0.00, 0.00, 0.00, 0.00, 1.00, 0.00, 0.00, 1.00
1799,  0,  59.933,  0.98,  1, 0.50, 0.11, 1.19, 0.00, 0.26, 0.15, 0.00, 0.00, 0.29, 0.81, 0.92, 0.00, 0.00, 0.00, 1.68, 0.98, 1.52, 1.00, 1.00, 1.00, 0.00, 0.00, 1.00, 0.00, 1.00, 0.00, 1.00, 0.00, 0.00, 0.00, 0.00, 1.00, 0.00, 0.00, 1.00
1800,  0,  59.967,  0.98,  1, 0.52, 0.26, 1.30, 0.00, 0.34, 0.13, 0.00, 0.00, 0.23, 0.67, 0.96, 0.00, 0.00, 0.00, 1.60, 1.07, 1.32, 1.00, 1.00, 1.00, 0.00, 0.00, 1.00, 0.00, 1.00, 0.00, 1.00, 0.00, 0.00, 0.00, 0.00, 1.00, 0.00, 0.00, 1.00
1801,  0,  60.000,  0.98,  1, 0.58, 0.37, 1.34, 0.00, 0.36, 0.27, 0.04, 0.00, 0.18, 0.35, 0.87, 0.00, 0.00, 0.00, 1.52, 1.12, 0.93, 1.00, 1.00, 1.00, 0.00, 0.00, 1.00, 0.00, 1.00, 0.00, 1.00, 0.00, 0.00, 0.00, 0.00, 1.00, 0.00, 0.00, 1.00
1802,  0,  60.033,  0.98,  1, 0.54, 0.34, 1.29, 0.00, 0.37, 0.48, 0.08, 0.00, 0.14, 0.11, 0.84, 0.00, 0.00, 0.00, 1.43, 1.04, 0.60, 1.00, 1.00, 1.00, 0.00, 0.00, 1.00, 0.00, 1.00, 0.00, 1.00, 0.00, 0.00, 0.00, 0.00, 1.00, 0.00, 0.00, 1.00
1803,  0,  60.067,  0.98,  1, 0.47, 0.22, 1.23, 0.00, 0.31, 0.60, 0.14, 0.00, 0.12, 0.07, 0.85, 0.00, 0.00, 0.00, 1.43, 1.02, 0.52, 1.00, 1.00, 1.00, 0.00, 0.00, 1.00, 0.00, 1.00, 0.00, 1.00, 0.00, 0.00, 0.00, 0.00, 1.00, 0.00, 0.00, 1.00
1804,  0,  60.100,  0.98,  1, 0.49, 0.12, 1.23, 0.00, 0.25, 0.61, 0.19, 0.00, 0.13, 0.03, 0.91, 0.00, 0.00, 0.00, 1.33, 1.08, 0.51, 1.00, 1.00, 1.00, 0.00, 0.00, 1.00, 0.00, 1.00, 0.00, 1.00, 0.00, 0.00, 0.00, 0.00, 1.00, 0.00, 0.00, 1.00
1805,  0,  60.133,  0.98,  1, 0.41, 0.04, 1.32, 0.00, 0.23, 0.63, 0.24, 0.00, 0.10, 0.00, 0.90, 0.00, 0.00, 0.00, 1.25, 1.13, 0.46, 1.00, 1.00, 1.00, 0.00, 0.00, 1.00, 0.00, 1.00, 0.00, 1.00, 0.00, 0.00, 0.00, 0.00, 1.00, 0.00, 0.00, 1.00
1806,  0,  60.167,  0.98,  1, 0.41, 0.02, 1.35, 0.00, 0.25, 0.68, 0.22, 0.00, 0.13, 0.07, 0.89, 0.00, 0.00, 0.00, 1.19, 1.00, 0.55, 0.00, 1.00, 1.00, 0.00, 0.00, 1.00, 0.00, 1.00, 0.00, 1.00, 0.00, 0.00, 0.00, 0.00, 0.00, 0.00, 0.00, 1.00
1807,  0,  60.200,  0.98,  1, 0.34, 0.00, 1.32, 0.00, 0.27, 0.67, 0.19, 0.00, 0.10, 0.16, 0.85, 0.00, 0.00, 0.00, 1.37, 0.99, 0.64, 0.00, 1.00, 1.00, 0.00, 0.00, 1.00, 0.00, 1.00, 0.00, 1.00, 0.00, 0.00, 0.00, 0.00, 0.00, 0.00, 0.00, 1.00
1808,  0,  60.233,  0.98,  1, 0.35, 0.00, 1.26, 0.00, 0.23, 0.62, 0.14, 0.00, 0.12, 0.16, 0.91, 0.00, 0.00, 0.00, 1.52, 0.97, 0.79, 0.00, 1.00, 1.00, 0.00, 0.00, 1.00, 0.00, 1.00, 0.00, 1.00, 0.00, 0.00, 0.00, 0.00, 0.00, 0.00, 0.00, 1.00
1809,  0,  60.267,  0.98,  1, 0.38, 0.06, 1.22, 0.00, 0.19, 0.63, 0.11, 0.00, 0.13, 0.12, 0.92, 0.00, 0.00, 0.00, 1.62, 1.06, 0.87, 0.00, 1.00, 1.00, 0.00, 0.00, 1.00, 0.00, 1.00, 0.00, 1.00, 0.00, 0.00, 0.00, 0.00, 0.00, 0.00, 0.00, 1.00
1810,  0,  60.300,  0.98,  1, 0.46, 0.09, 1.18, 0.00, 0.14, 0.57, 0.06, 0.00, 0.18, 0.03, 0.74, 0.00, 0.00, 0.00, 1.47, 1.03, 0.84, 0.00, 1.00, 1.00, 0.00, 0.00, 1.00, 0.00, 1.00, 0.00, 1.00, 0.00, 0.00, 0.00, 0.00, 0.00, 0.00, 0.00, 1.00
1811,  0,  60.333,  0.98,  1, 0.49, 0.18, 1.19, 0.00, 0.16, 0.59, 0.02, 0.00, 0.23, 0.07, 0.43, 0.00, 0.00, 0.00, 1.37, 1.01, 0.90, 0.00, 1.00, 1.00, 0.00, 0.00, 1.00, 0.00, 1.00, 0.00, 1.00, 0.00, 0.00, 0.00, 0.00, 1.00, 0.00, 0.00, 1.00
1812,  0,  60.367,  0.98,  1, 0.34, 0.15, 1.16, 0.00, 0.13, 0.35, 0.03, 0.00, 0.28, 0.16, 0.20, 0.00, 0.00, 0.00, 1.31, 1.07, 0.91, 0.00, 1.00, 1.00, 0.00, 0.00, 1.00, 0.00, 1.00, 0.00, 1.00, 0.00, 0.00, 0.00, 0.00, 0.00, 0.00, 0.00, 1.00
1813,  0,  60.400,  0.98,  1, 0.25, 0.24, 1.24, 0.00, 0.12, 0.37, 0.02, 0.00, 0.33, 0.39, 0.15, 0.00, 0.00, 0.00, 1.38, 1.11, 1.07, 1.00, 1.00, 1.00, 0.00, 0.00, 1.00, 0.00, 1.00, 0.00, 1.00, 0.00, 0.00, 0.00, 0.00, 0.00, 0.00, 0.00, 1.00
1814,  0,  60.433,  0.98,  1, 0.20, 0.27, 1.24, 0.00, 0.09, 0.29, 0.02, 0.00, 0.38, 0.62, 0.28, 0.00, 0.01, 0.00, 1.36, 1.07, 1.04, 1.00, 1.00, 1.00, 0.00, 0.00, 1.00, 0.00, 1.00, 0.00, 1.00, 0.00, 0.00, 0.00, 0.00, 0.00, 0.00, 0.00, 1.00
1815,  0,  60.467,  0.98,  1, 0.32, 0.47, 1.33, 0.00, 0.16, 0.48, 0.00, 0.00, 0.40, 0.77, 0.46, 0.00, 0.01, 0.00, 1.24, 0.96, 1.14, 1.00, 1.00, 1.00, 0.00, 0.00, 1.00, 0.00, 1.00, 0.00, 1.00, 0.00, 0.00, 0.00, 0.00, 0.00, 0.00, 0.00, 1.00
1816,  0,  60.500,  0.98,  1, 0.38, 0.58, 1.40, 0.00, 0.22, 0.46, 0.00, 0.00, 0.38, 0.82, 0.61, 0.00, 0.01, 0.00, 1.06, 0.87, 1.25, 1.00, 1.00, 1.00, 0.00, 0.00, 1.00, 0.00, 1.00, 0.00, 1.00, 0.00, 0.00, 0.00, 0.00, 0.00, 0.00, 0.00, 1.00
1817,  0,  60.533,  0.98,  1, 0.39, 0.65, 1.42, 0.00, 0.25, 0.53, 0.00, 0.00, 0.36, 0.80, 0.75, 0.00, 0.00, 0.00, 0.98, 0.80, 1.41, 1.00, 1.00, 1.00, 0.00, 0.00, 1.00, 0.00, 1.00, 0.00, 1.00, 0.00, 0.00, 0.00, 0.00, 0.00, 0.00, 0.00, 1.00
1818,  0,  60.567,  0.98,  1, 0.38, 0.56, 1.49, 0.00, 0.26, 0.57, 0.00, 0.00, 0.33, 0.79, 0.78, 0.00, 0.00, 0.00, 0.94, 0.81, 1.46, 1.00, 1.00, 1.00, 0.00, 0.00, 1.00, 0.00, 1.00, 0.00, 1.00, 0.00, 0.00, 0.00, 0.00, 0.00, 0.00, 0.00, 1.00
1819,  0,  60.600,  0.98,  1, 0.36, 0.34, 1.44, 0.00, 0.29, 0.64, 0.00, 0.00, 0.34, 0.83, 0.89, 0.00, 0.00, 0.00, 0.81, 0.57, 1.47, 1.00, 1.00, 1.00, 0.00, 0.00, 1.00, 0.00, 1.00, 0.00, 1.00, 0.00, 0.00, 0.00, 0.00, 0.00, 0.00, 0.00, 1.00
1820,  0,  60.633,  0.98,  1, 0.37, 0.15, 1.46, 0.00, 0.34, 0.77, 0.00, 0.00, 0.31, 0.88, 0.87, 0.00, 0.00, 0.00, 0.72, 0.53, 1.60, 1.00, 1.00, 1.00, 0.00, 0.00, 1.00, 0.00, 1.00, 0.00, 1.00, 0.00, 0.00, 0.00, 0.00, 0.00, 0.00, 0.00, 1.00
1821,  0,  60.667,  0.98,  1, 0.40, 0.11, 1.50, 0.00, 0.33, 0.71, 0.00, 0.00, 0.30, 0.87, 0.88, 0.00, 0.00, 0.00, 0.71, 0.45, 1.61, 1.00, 1.00, 1.00, 0.00, 0.00, 1.00, 0.00, 1.00, 0.00, 1.00, 0.00, 0.00, 0.00, 0.00, 0.00, 0.00, 0.00, 1.00
1822,  0,  60.700,  0.98,  1, 0.37, 0.24, 1.52, 0.00, 0.25, 0.57, 0.00, 0.00, 0.29, 0.69, 0.83, 0.00, 0.08, 0.00, 0.76, 0.58, 1.52, 1.00, 1.00, 1.00, 0.00, 0.00, 1.00, 0.00, 1.00, 0.00, 1.00, 0.00, 0.00, 0.00, 0.00, 0.00, 0.00, 0.00, 1.00
1823,  0,  60.733,  0.98,  1, 0.31, 0.32, 1.37, 0.00, 0.18, 0.37, 0.00, 0.00, 0.35, 0.63, 0.81, 0.04, 0.22, 0.00, 0.62, 0.55, 1.31, 1.00, 1.00, 1.00, 0.00, 0.00, 1.00, 0.00, 1.00, 0.00, 1.00, 0.00, 0.00, 0.00, 0.00, 0.00, 0.00, 0.00, 1.00
1824,  0,  60.767,  0.98,  1, 0.20, 0.25, 1.14, 0.00, 0.21, 0.35, 0.00, 0.00, 0.30, 0.91, 0.74, 0.16, 0.33, 0.00, 0.31, 0.44, 1.20, 1.00, 1.00, 1.00, 0.00, 0.00, 1.00, 0.00, 1.00, 0.00, 1.00, 0.00, 0.00, 0.00, 0.00, 0.00, 0.00, 0.00, 1.00
1825,  0,  60.800,  0.98,  1, 0.23, 0.17, 1.10, 0.00, 0.29, 0.51, 0.00, 0.00, 0.23, 1.18, 0.85, 0.30, 0.35, 0.00, 0.08, 0.29, 1.38, 1.00, 1.00, 1.00, 0.00, 0.00, 1.00, 0.00, 1.00, 0.00, 1.00, 1.00, 0.00, 1.00, 0.00, 0.00, 0.00, 0.00, 1.00
1826,  0,  60.833,  0.98,  1, 0.30, 0.31, 1.23, 0.00, 0.26, 0.39, 0.00, 0.00, 0.15, 1.25, 0.90, 0.41, 0.31, 0.00, 0.00, 0.19, 1.48, 1.00, 1.00, 1.00, 0.00, 0.00, 1.00, 0.00, 1.00, 0.00, 1.00, 1.00, 0.00, 1.00, 0.00, 0.00, 0.00, 0.00, 1.00
1827,  0,  60.867,  0.98,  1, 0.36, 0.35, 1.26, 0.00, 0.19, 0.23, 0.00, 0.00, 0.17, 1.27, 1.04, 0.41, 0.32, 0.00, 0.00, 0.19, 1.53, 0.00, 1.00, 1.00, 0.00, 0.00, 1.00, 0.00, 1.00, 0.00, 1.00, 1.00, 0.00, 1.00, 0.00, 0.00, 0.00, 0.00, 1.00
1828,  0,  60.900,  0.98,  1, 0.35, 0.41, 1.33, 0.00, 0.13, 0.06, 0.00, 0.00, 0.14, 1.39, 1.15, 0.39, 0.29, 0.00, 0.00, 0.26, 1.48, 0.00, 1.00, 1.00, 0.00, 0.00, 1.00, 0.00, 1.00, 0.00, 1.00, 1.00, 0.00, 1.00, 0.00, 0.00, 0.00, 0.00, 0.00
1829,  0,  60.933,  0.98,  1, 0.33, 0.40, 1.34, 0.00, 0.13, 0.11, 0.00, 0.00, 0.16, 1.52, 1.29, 0.27, 0.33, 0.00, 0.00, 0.37, 1.49, 0.00, 1.00, 1.00, 0.00, 0.00, 1.00, 0.00, 0.00, 0.00, 1.00, 1.00, 0.00, 0.00, 0.00, 0.00, 0.00, 0.00, 0.00
1830,  0,  60.967,  0.98,  1, 0.34, 0.52, 1.41, 0.00, 0.11, 0.11, 0.00, 0.00, 0.15, 1.37, 1.49, 0.19, 0.28, 0.00, 0.00, 0.43, 1.54, 0.00, 1.00, 1.00, 0.00, 0.00, 1.00, 0.00, 0.00, 0.00, 1.00, 1.00, 0.00, 0.00, 0.00, 0.00, 0.00, 0.00, 0.00
1831,  0,  61.000,  0.98,  1, 0.35, 0.58, 1.39, 0.00, 0.09, 0.13, 0.00, 0.00, 0.17, 1.16, 1.59, 0.09, 0.27, 0.00, 0.00, 0.50, 1.32, 0.00, 1.00, 1.00, 0.00, 0.00, 1.00, 0.00, 0.00, 0.00, 1.00, 1.00, 0.00, 0.00, 0.00, 0.00, 0.00, 0.00, 0.00
1832,  0,  61.033,  0.98,  1, 0.39, 0.71, 1.42, 0.03, 0.07, 0.08, 0.00, 0.00, 0.18, 1.07, 1.63, 0.06, 0.13, 0.00, 0.00, 0.53, 1.14, 0.00, 1.00, 1.00, 0.00, 0.00, 1.00, 0.00, 0.00, 0.00, 1.00, 1.00, 0.00, 0.00, 0.00, 0.00, 0.00, 0.00, 0.00
1833,  0,  61.067,  0.98,  1, 0.33, 0.67, 1.41, 0.03, 0.04, 0.08, 0.00, 0.00, 0.23, 1.12, 1.63, 0.07, 0.06, 0.00, 0.00, 0.52, 1.08, 0.00, 1.00, 1.00, 0.00, 0.00, 1.00, 0.00, 0.00, 0.00, 1.00, 1.00, 0.00, 0.00, 0.00, 0.00, 0.00, 0.00, 0.00
1834,  0,  61.100,  0.98,  1, 0.28, 0.49, 1.32, 0.03, 0.05, 0.00, 0.00, 0.00, 0.31, 1.14, 1.66, 0.15, 0.00, 0.00, 0.00, 0.42, 1.23, 0.00, 1.00, 1.00, 0.00, 0.00, 1.00, 0.00, 0.00, 0.00, 1.00, 1.00, 0.00, 0.00, 0.00, 0.00, 0.00, 0.00, 0.00
1835,  0,  61.133,  0.98,  1, 0.28, 0.26, 1.17, 0.00, 0.08, 0.00, 0.00, 0.00, 0.34, 1.16, 1.68, 0.25, 0.00, 0.00, 0.00, 0.32, 1.31, 0.00, 1.00, 1.00, 0.00, 0.00, 1.00, 0.00, 0.00, 0.00, 1.00, 1.00, 0.00, 0.00, 0.00, 0.00, 0.00, 0.00, 0.00
1836,  0,  61.167,  0.98,  1, 0.42, 0.38, 1.32, 0.00, 0.08, 0.00, 0.00, 0.00, 0.28, 1.18, 1.65, 0.35, 0.00, 0.00, 0.00, 0.39, 1.34, 0.00, 1.00, 1.00, 0.00, 0.00, 1.00, 0.00, 0.00, 0.00, 1.00, 1.00, 0.00, 0.00, 0.00, 0.00, 0.00, 0.00, 0.00
1837,  0,  61.200,  0.98,  1, 0.60, 0.72, 1.50, 0.03, 0.12, 0.06, 0.00, 0.00, 0.17, 1.29, 1.64, 0.36, 0.00, 0.00, 0.00, 0.45, 1.27, 0.00, 1.00, 1.00, 0.00, 0.00, 1.00, 0.00, 0.00, 0.00, 1.00, 1.00, 0.00, 0.00, 0.00, 0.00, 0.00, 0.00, 0.00
1838,  0,  61.233,  0.98,  1, 0.70, 0.95, 1.72, 0.03, 0.11, 0.11, 0.00, 0.00, 0.05, 1.32, 1.71, 0.35, 0.01, 0.00, 0.00, 0.46, 1.31, 0.00, 1.00, 1.00, 0.00, 0.00, 1.00, 0.00, 0.00, 0.00, 1.00, 1.00, 0.00, 0.00, 0.00, 0.00, 0.00, 0.00, 0.00
1839,  0,  61.267,  0.98,  1, 0.75, 1.08, 1.70, 0.03, 0.15, 0.11, 0.00, 0.00, 0.04, 1.26, 1.66, 0.22, 0.03, 0.00, 0.00, 0.36, 1.29, 1.00, 1.00, 1.00, 0.00, 0.00, 1.00, 0.00, 0.00, 0.00, 1.00, 1.00, 0.00, 0.00, 0.00, 0.00, 0.00, 0.00, 0.00
1840,  0,  61.300,  0.98,  1, 0.76, 1.16, 1.76, 0.06, 0.08, 0.14, 0.00, 0.00, 0.04, 1.16, 1.53, 0.17, 0.03, 0.00, 0.00, 0.34, 1.40, 1.00, 1.00, 1.00, 0.00, 0.00, 1.00, 0.00, 0.00, 0.00, 1.00, 1.00, 0.00, 0.00, 0.00, 0.00, 0.00, 0.00, 0.00
1841,  0,  61.333,  0.98,  1, 0.70, 1.28, 1.71, 0.12, 0.07, 0.11, 0.00, 0.00, 0.03, 1.13, 1.39, 0.14, 0.01, 0.00, 0.00, 0.38, 1.45, 1.00, 1.00, 1.00, 1.00, 0.00, 1.00, 0.00, 0.00, 0.00, 1.00, 1.00, 0.00, 0.00, 0.00, 0.00, 0.00, 0.00, 0.00
1842,  0,  61.367,  0.98,  1, 0.67, 1.25, 1.75, 0.25, 0.05, 0.19, 0.00, 0.00, 0.04, 1.07, 1.32, 0.22, 0.03, 0.00, 0.00, 0.52, 1.56, 1.00, 1.00, 1.00, 0.00, 0.00, 1.00, 0.00, 0.00, 0.00, 1.00, 1.00, 0.00, 0.00, 0.00, 0.00, 0.00, 0.00, 0.00
1843,  0,  61.400,  0.98,  1, 0.69, 1.22, 1.69, 0.31, 0.05, 0.18, 0.00, 0.00, 0.08, 1.06, 1.37, 0.33, 0.04, 0.00, 0.00, 0.68, 1.48, 1.00, 1.00, 1.00, 0.00, 0.00, 1.00, 0.00, 0.00, 0.00, 1.00, 1.00, 0.00, 0.00, 0.00, 0.00, 0.00, 0.00, 0.00
1844,  0,  61.433,  0.98,  1, 0.71, 1.20, 1.69, 0.35, 0.04, 0.18, 0.00, 0.00, 0.12, 0.99, 1.43, 0.44, 0.04, 0.00, 0.00, 0.78, 1.40, 1.00, 1.00, 1.00, 0.00, 0.00, 1.00, 0.00, 0.00, 0.00, 1.00, 1.00, 0.00, 0.00, 0.00, 0.00, 0.00, 0.00, 0.00
1845,  0,  61.467,  0.98,  1, 0.71, 1.28, 1.67, 0.28, 0.01, 0.11, 0.00, 0.00, 0.14, 0.97, 1.48, 0.41, 0.01, 0.00, 0.00, 0.84, 1.37, 1.00, 1.00, 1.00, 0.00, 0.00, 1.00, 0.00, 0.00, 0.00, 1.00, 1.00, 0.00, 0.00, 0.00, 0.00, 0.00, 0.00, 0.00
1846,  0,  61.500,  0.98,  1, 0.64, 1.14, 1.66, 0.25, 0.04, 0.24, 0.00, 0.00, 0.10, 1.01, 1.39, 0.26, 0.00, 0.00, 0.00, 0.83, 1.51, 1.00, 1.00, 1.00, 0.00, 0.00, 1.00, 0.00, 0.00, 0.00, 1.00, 1.00, 0.00, 0.00, 0.00, 0.00, 0.00, 0.00, 0.00
1847,  0,  61.533,  0.98,  1, 0.63, 1.06, 1.62, 0.15, 0.12, 0.43, 0.00, 0.00, 0.05, 1.12, 1.31, 0.08, 0.00, 0.00, 0.00, 0.79, 1.59, 1.00, 1.00, 1.00, 0.00, 0.00, 1.00, 0.00, 0.00, 0.00, 1.00, 1.00, 0.00, 0.00, 0.00, 0.00, 0.00, 0.00, 0.00
1848,  0,  61.567,  0.98,  1, 0.59, 0.71, 1.54, 0.09, 0.12, 0.62, 0.00, 0.00, 0.00, 1.19, 1.21, 0.00, 0.00, 0.00, 0.00, 0.67, 1.57, 1.00, 1.00, 1.00, 0.00, 0.00, 1.00, 0.00, 0.00, 0.00, 1.00, 1.00, 0.00, 0.00, 0.00, 0.00, 0.00, 0.00, 0.00
1849,  0,  61.600,  0.98,  1, 0.60, 0.67, 1.51, 0.00, 0.08, 0.49, 0.00, 0.00, 0.00, 1.17, 1.13, 0.00, 0.00, 0.00, 0.00, 0.55, 1.62, 1.00, 1.00, 1.00, 0.00, 0.00, 1.00, 0.00, 0.00, 0.00, 1.00, 1.00, 0.00, 0.00, 0.00, 0.00, 0.00, 0.00, 0.00
1850,  0,  61.633,  0.98,  1, 0.54, 0.51, 1.46, 0.02, 0.00, 0.38, 0.00, 0.00, 0.00, 1.14, 1.00, 0.00, 0.00, 0.00, 0.00, 0.64, 1.67, 1.00, 1.00, 1.00, 0.00, 0.00, 1.00, 0.00, 0.00, 0.00, 1.00, 0.00, 0.00, 0.00, 0.00, 0.00, 0.00, 0.00, 0.00
1851,  0,  61.667,  0.98,  1, 0.48, 0.58, 1.43, 0.03, 0.00, 0.43, 0.00, 0.00, 0.00, 1.08, 1.09, 0.04, 0.00, 0.00, 0.00, 0.67, 1.69, 1.00, 1.00, 1.00, 0.00, 0.00, 1.00, 0.00, 0.00, 0.00, 1.00, 0.00, 0.00, 0.00, 0.00, 0.00, 0.00, 0.00, 0.00
1852,  0,  61.700,  0.98,  1, 0.38, 0.46, 1.39, 0.03, 0.01, 0.60, 0.00, 0.00, 0.00, 1.06, 1.12, 0.04, 0.00, 0.00, 0.00, 0.67, 1.58, 1.00, 1.00, 1.00, 0.00, 0.00, 1.00, 0.00, 0.00, 0.00, 1.00, 0.00, 0.00, 0.00, 0.00, 0.00, 0.00, 0.00, 0.00
1853,  0,  61.733,  0.98,  1, 0.34, 0.35, 1.38, 0.11, 0.02, 0.69, 0.00, 0.00, 0.00, 0.98, 1.23, 0.04, 0.00, 0.00, 0.00, 0.58, 1.56, 1.00, 1.00, 1.00, 0.00, 0.00, 1.00, 0.00, 0.00, 0.00, 1.00, 0.00, 0.00, 0.00, 0.00, 0.00, 0.00, 0.00, 0.00
1854,  0,  61.767,  0.98,  1, 0.38, 0.31, 1.43, 0.14, 0.02, 0.62, 0.00, 0.00, 0.02, 0.97, 1.18, 0.00, 0.00, 0.00, 0.00, 0.65, 1.53, 0.00, 1.00, 1.00, 0.00, 0.00, 1.00, 0.00, 0.00, 0.00, 1.00, 0.00, 0.00, 0.00, 0.00, 0.00, 0.00, 0.00, 0.00
1855,  0,  61.800,  0.98,  1, 0.46, 0.26, 1.37, 0.14, 0.01, 0.67, 0.00, 0.00, 0.02, 0.95, 1.27, 0.04, 0.00, 0.00, 0.00, 0.73, 1.52, 0.00, 1.00, 1.00, 0.00, 0.00, 1.00, 0.00, 0.00, 0.00, 1.00, 0.00, 0.00, 0.00, 0.00, 0.00, 0.00, 0.00, 0.00
1856,  0,  61.833,  0.98,  1, 0.49, 0.39, 1.36, 0.07, 0.01, 0.71, 0.00, 0.00, 0.02, 0.99, 1.29, 0.06, 0.00, 0.00, 0.00, 0.78, 1.49, 0.00, 1.00, 1.00, 0.00, 0.00, 1.00, 0.00, 0.00, 0.00, 1.00, 0.00, 0.00, 0.00, 0.00, 0.00, 0.00, 0.00, 0.00
1857,  0,  61.867,  0.98,  1, 0.53, 0.41, 1.31, 0.02, 0.01, 0.81, 0.00, 0.00, 0.00, 1.04, 1.26, 0.08, 0.00, 0.00, 0.00, 0.78, 1.43, 0.00, 1.00, 1.00, 0.00, 0.00, 1.00, 0.00, 0.00, 0.00, 1.00, 0.00, 0.00, 0.00, 0.00, 0.00, 0.00, 0.00, 0.00
1858,  0,  61.900,  0.98,  1, 0.53, 0.50, 1.41, 0.02, 0.04, 0.62, 0.00, 0.00, 0.00, 0.96, 1.10, 0.04, 0.00, 0.00, 0.00, 0.71, 1.44, 0.00, 1.00, 1.00, 0.00, 0.00, 1.00, 0.00, 0.00, 0.00, 1.00, 0.00, 0.00, 0.00, 0.00, 0.00, 0.00, 0.00, 0.00
1859,  0,  61.933,  0.98,  1, 0.60, 0.43, 1.57, 0.00, 0.06, 0.50, 0.00, 0.00, 0.00, 0.85, 0.98, 0.06, 0.00, 0.00, 0.00, 0.70, 1.39, 0.00, 1.00, 1.00, 0.00, 0.00, 1.00, 0.00, 0.00, 0.00, 1.00, 0.00, 0.00, 0.00, 0.00, 0.00, 0.00, 0.00, 0.00
1860,  0,  61.967,  0.98,  1, 0.63, 0.34, 1.70, 0.00, 0.15, 0.38, 0.00, 0.00, 0.02, 0.83, 0.93, 0.03, 0.00, 0.00, 0.02, 0.57, 1.40, 0.00, 1.00, 1.00, 0.00, 0.00, 1.00, 0.00, 0.00, 0.00, 1.00, 0.00, 0.00, 0.00, 0.00, 0.00, 0.00, 0.00, 0.00
1861,  0,  62.000,  0.98,  1, 0.71, 0.31, 1.80, 0.00, 0.21, 0.50, 0.00, 0.00, 0.03, 0.88, 0.93, 0.03, 0.00, 0.00, 0.06, 0.56, 1.39, 0.00, 1.00, 1.00, 0.00, 0.00, 1.00, 0.00, 0.00, 0.00, 1.00, 0.00, 0.00, 0.00, 0.00, 0.00, 0.00, 0.00, 0.00
1862,  0,  62.033,  0.98,  1, 0.70, 0.26, 1.79, 0.00, 0.27, 0.52, 0.00, 0.00, 0.04, 0.97, 0.92, 0.02, 0.00, 0.00, 0.06, 0.47, 1.42, 0.00, 1.00, 1.00, 0.00, 0.00, 1.00, 0.00, 0.00, 0.00, 1.00, 0.00, 0.00, 0.00, 0.00, 0.00, 0.00, 0.00, 0.00
1863,  0,  62.067,  0.98,  1, 0.67, 0.33, 1.76, 0.00, 0.25, 0.60, 0.00, 0.00, 0.03, 0.93, 0.90, 0.02, 0.00, 0.00, 0.03, 0.50, 1.32, 0.00, 1.00, 1.00, 0.00, 0.00, 1.00, 0.00, 0.00, 0.00, 1.00, 0.00, 0.00, 0.00, 0.00, 0.00, 0.00, 0.00, 0.00
1864,  0,  62.100,  0.98,  1, 0.62, 0.35, 1.68, 0.00, 0.24, 0.55, 0.00, 0.00, 0.02, 0.93, 0.93, 0.03, 0.00, 0.00, 0.00, 0.56, 1.23, 0.00, 1.00, 1.00, 0.00, 0.00, 1.00, 0.00, 0.00, 0.00, 1.00, 0.00, 0.00, 0.00, 0.00, 0.00, 0.00, 0.00, 0.00
1865,  0,  62.133,  0.98,  1, 0.63, 0.46, 1.60, 0.00, 0.22, 0.60, 0.00, 0.00, 0.02, 0.93, 0.92, 0.01, 0.00, 0.00, 0.00, 0.52, 1.14, 0.00, 1.00, 1.00, 0.00, 0.00, 1.00, 0.00, 0.00, 0.00, 1.00, 0.00, 0.00, 0.00, 0.00, 0.00, 0.00, 0.00, 0.00
1866,  0,  62.167,  0.98,  1, 0.67, 0.54, 1.62, 0.00, 0.23, 0.56, 0.00, 0.00, 0.01, 1.03, 0.94, 0.11, 0.05, 0.00, 0.00, 0.53, 1.20, 0.00, 1.00, 1.00, 0.00, 0.00, 1.00, 0.00, 0.00, 0.00, 1.00, 0.00, 0.00, 0.00, 0.00, 0.00, 0.00, 0.00, 0.00
1867,  0,  62.200,  0.98,  1, 0.68, 0.53, 1.65, 0.00, 0.25, 0.55, 0.01, 0.00, 0.01, 1.01, 0.95, 0.11, 0.11, 0.00, 0.00, 0.45, 1.32, 0.00, 1.00, 1.00, 0.00, 0.00, 1.00, 0.00, 0.00, 0.00, 1.00, 0.00, 0.00, 0.00, 0.00, 0.00, 0.00, 0.00, 0.00
1868,  0,  62.233,  0.98,  1, 0.68, 0.50, 1.63, 0.00, 0.29, 0.50, 0.02, 0.00, 0.00, 1.00, 1.03, 0.15, 0.11, 0.00, 0.00, 0.52, 1.34, 0.00, 1.00, 1.00, 0.00, 0.00, 1.00, 0.00, 0.00, 0.00, 1.00, 0.00, 0.00, 0.00, 0.00, 0.00, 0.00, 0.00, 0.00
1869,  0,  62.267,  0.98,  1, 0.59, 0.34, 1.57, 0.00, 0.23, 0.48, 0.03, 0.00, 0.00, 0.90, 1.04, 0.06, 0.06, 0.00, 0.00, 0.50, 1.33, 0.00, 1.00, 1.00, 0.00, 0.00, 1.00, 0.00, 0.00, 0.00, 1.00, 0.00, 0.00, 0.00, 0.00, 0.00, 0.00, 0.00, 0.00
1870,  0,  62.300,  0.98,  1, 0.61, 0.46, 1.56, 0.00, 0.18, 0.57, 0.02, 0.00, 0.01, 1.01, 0.99, 0.05, 0.01, 0.00, 0.00, 0.59, 1.24, 0.00, 1.00, 1.00, 0.00, 0.00, 1.00, 0.00, 0.00, 0.00, 1.00, 0.00, 0.00, 0.00, 0.00, 0.00, 0.00, 0.00, 0.00
1871,  0,  62.333,  0.98,  1, 0.63, 0.65, 1.59, 0.00, 0.13, 0.62, 0.02, 0.00, 0.01, 1.03, 0.93, 0.01, 0.00, 0.00, 0.00, 0.62, 1.20, 0.00, 1.00, 1.00, 0.00, 0.00, 1.00, 0.00, 0.00, 0.00, 1.00, 0.00, 0.00, 0.00, 0.00, 0.00, 0.00, 0.00, 0.00
1872,  0,  62.367,  0.98,  1, 0.77, 0.97, 1.59, 0.00, 0.17, 0.54, 0.03, 0.00, 0.01, 1.16, 0.91, 0.09, 0.04, 0.00, 0.00, 0.66, 1.05, 0.00, 1.00, 1.00, 0.00, 0.00, 1.00, 0.00, 0.00, 0.00, 1.00, 0.00, 0.00, 0.00, 0.00, 0.00, 0.00, 0.00, 0.00
1873,  0,  62.400,  0.98,  1, 0.80, 1.00, 1.54, 0.00, 0.19, 0.33, 0.03, 0.00, 0.00, 1.15, 0.99, 0.16, 0.06, 0.00, 0.00, 0.63, 0.88, 1.00, 1.00, 1.00, 0.00, 0.00, 1.00, 0.00, 0.00, 0.00, 1.00, 0.00, 0.00, 0.00, 0.00, 0.00, 0.00, 0.00, 0.00
1874,  0,  62.433,  0.98,  1, 0.83, 0.99, 1.52, 0.03, 0.20, 0.16, 0.04, 0.00, 0.00, 1.21, 0.97, 0.24, 0.06, 0.00, 0.00, 0.62, 0.84, 1.00, 1.00, 1.00, 0.00, 0.00, 1.00, 0.00, 0.00, 0.00, 1.00, 0.00, 0.00, 0.00, 0.00, 0.00, 0.00, 0.00, 0.00
1875,  0,  62.467,  0.98,  1, 0.81, 1.02, 1.58, 0.05, 0.19, 0.10, 0.03, 0.00, 0.00, 1.24, 0.89, 0.23, 0.02, 0.00, 0.00, 0.62, 0.94, 1.00, 1.00, 1.00, 0.00, 0.00, 1.00, 0.00, 0.00, 0.00, 1.00, 0.00, 0.00, 0.00, 0.00, 0.00, 0.00, 0.00, 0.00
1876,  0,  62.500,  0.98,  1, 0.83, 1.08, 1.62, 0.07, 0.16, 0.04, 0.03, 0.00, 0.00, 1.25, 0.82, 0.24, 0.00, 0.00, 0.00, 0.64, 1.02, 1.00, 1.00, 1.00, 0.00, 0.00, 1.00, 0.00, 0.00, 0.00, 1.00, 0.00, 0.00, 0.00, 0.00, 0.00, 0.00, 0.00, 0.00
1877,  0,  62.533,  0.98,  1, 0.83, 1.09, 1.66, 0.04, 0.14, 0.01, 0.02, 0.00, 0.00, 1.20, 0.80, 0.19, 0.00, 0.00, 0.00, 0.62, 1.05, 1.00, 1.00, 1.00, 0.00, 0.00, 1.00, 0.00, 0.00, 0.00, 1.00, 0.00, 0.00, 0.00, 0.00, 0.00, 0.00, 0.00, 0.00
1878,  0,  62.567,  0.98,  1, 0.83, 1.12, 1.63, 0.03, 0.12, 0.00, 0.00, 0.00, 0.00, 1.11, 0.79, 0.11, 0.00, 0.00, 0.00, 0.61, 1.00, 1.00, 1.00, 1.00, 0.00, 0.00, 1.00, 0.00, 0.00, 0.00, 1.00, 0.00, 0.00, 0.00, 0.00, 0.00, 0.00, 0.00, 0.00
1879,  0,  62.600,  0.98,  1, 0.82, 1.06, 1.64, 0.04, 0.14, 0.05, 0.01, 0.00, 0.00, 1.04, 0.73, 0.03, 0.00, 0.00, 0.00, 0.70, 0.94, 1.00, 1.00, 1.00, 0.00, 0.00, 1.00, 0.00, 0.00, 0.00, 1.00, 0.00, 0.00, 0.00, 0.00, 0.00, 0.00, 0.00, 0.00
1880,  0,  62.633,  0.98,  1, 0.80, 1.00, 1.63, 0.06, 0.14, 0.12, 0.01, 0.00, 0.00, 0.99, 0.67, 0.00, 0.00, 0.00, 0.00, 0.83, 0.98, 0.00, 1.00, 1.00, 0.00, 0.00, 1.00, 0.00, 0.00, 0.00, 1.00, 0.00, 0.00, 0.00, 0.00, 0.00, 0.00, 0.00, 0.00
1881,  0,  62.667,  0.98,  1, 0.74, 0.86, 1.65, 0.06, 0.11, 0.14, 0.01, 0.00, 0.00, 0.99, 0.59, 0.02, 0.00, 0.00, 0.00, 0.91, 1.07, 0.00, 1.00, 1.00, 0.00, 0.00, 1.00, 0.00, 0.00, 0.00, 1.00, 0.00, 0.00, 0.00, 0.00, 0.00, 0.00, 0.00, 0.00
1882,  0,  62.700,  0.98,  1, 0.64, 0.79, 1.62, 0.02, 0.11, 0.10, 0.00, 0.00, 0.03, 1.06, 0.56, 0.04, 0.00, 0.00, 0.00, 0.83, 1.19, 0.00, 1.00, 1.00, 0.00, 0.00, 1.00, 0.00, 0.00, 0.00, 1.00, 0.00, 0.00, 0.00, 0.00, 0.00, 0.00, 0.00, 0.00
1883,  0,  62.733,  0.98,  1, 0.62, 0.70, 1.62, 0.00, 0.13, 0.02, 0.00, 0.00, 0.06, 1.07, 0.54, 0.03, 0.00, 0.00, 0.00, 0.63, 1.18, 0.00, 1.00, 1.00, 0.00, 0.00, 1.00, 0.00, 0.00, 0.00, 1.00, 0.00, 0.00, 0.00, 0.00, 0.00, 0.00, 0.00, 0.00
1884,  0,  62.767,  0.98,  1, 0.51, 0.56, 1.61, 0.00, 0.13, 0.09, 0.00, 0.00, 0.06, 1.01, 0.66, 0.07, 0.00, 0.00, 0.00, 0.51, 1.10, 0.00, 1.00, 1.00, 0.00, 0.00, 1.00, 0.00, 0.00, 0.00, 1.00, 0.00, 0.00, 0.00, 0.00, 0.00, 0.00, 0.00, 0.00
1885,  0,  62.800,  0.98,  1, 0.46, 0.55, 1.66, 0.00, 0.11, 0.15, 0.00, 0.00, 0.03, 0.86, 0.77, 0.07, 0.00, 0.00, 0.00, 0.46, 1.24, 0.00, 1.00, 1.00, 0.00, 0.00, 1.00, 0.00, 0.00, 0.00, 1.00, 0.00, 0.00, 0.00, 0.00, 0.00, 0.00, 0.00, 0.00
1886,  0,  62.833,  0.98,  1, 0.37, 0.61, 1.71, 0.00, 0.07, 0.20, 0.00, 0.00, 0.01, 0.78, 0.87, 0.11, 0.00, 0.00, 0.00, 0.51, 1.28, 0.00, 1.00, 1.00, 0.00, 0.00, 1.00, 0.00, 0.00, 0.00, 1.00, 0.00, 0.00, 0.00, 0.00, 0.00, 0.00, 0.00, 0.00
1887,  0,  62.867,  0.98,  1, 0.41, 0.66, 1.75, 0.00, 0.05, 0.16, 0.00, 0.00, 0.03, 0.79, 0.88, 0.10, 0.00, 0.00, 0.00, 0.53, 1.37, 0.00, 1.00, 1.00, 0.00, 0.00, 1.00, 0.00, 0.00, 0.00, 1.00, 0.00, 0.00, 0.00, 0.00, 0.00, 0.00, 0.00, 0.00
1888,  0,  62.900,  0.98,  1, 0.43, 0.60, 1.75, 0.00, 0.04, 0.22, 0.00, 0.00, 0.04, 0.91, 0.85, 0.08, 0.00, 0.00, 0.00, 0.55, 1.18, 0.00, 1.00, 1.00, 0.00, 0.00, 1.00, 0.00, 0.00, 0.00, 1.00, 0.00, 0.00, 0.00, 0.00, 0.00, 0.00, 0.00, 0.00
1889,  0,  62.933,  0.98,  1, 0.45, 0.52, 1.72, 0.00, 0.04, 0.32, 0.00, 0.00, 0.03, 0.92, 0.93, 0.13, 0.04, 0.00, 0.00, 0.51, 1.04, 0.00, 1.00, 1.00, 0.00, 0.00, 1.00, 0.00, 0.00, 0.00, 1.00, 0.00, 0.00, 0.00, 0.00, 0.00, 0.00, 0.00, 0.00
1890,  0,  62.967,  0.98,  1, 0.42, 0.53, 1.69, 0.00, 0.03, 0.40, 0.00, 0.00, 0.01, 0.82, 0.93, 0.15, 0.04, 0.00, 0.00, 0.48, 1.06, 0.00, 1.00, 1.00, 0.00, 0.00, 1.00, 0.00, 0.00, 0.00, 1.00, 0.00, 0.00, 0.00, 0.00, 0.00, 0.00, 0.00, 0.00
1891,  0,  63.000,  0.98,  1, 0.38, 0.58, 1.68, 0.00, 0.05, 0.36, 0.00, 0.00, 0.00, 0.72, 0.93, 0.23, 0.04, 0.00, 0.00, 0.44, 1.16, 0.00, 1.00, 1.00, 0.00, 0.00, 1.00, 0.00, 0.00, 0.00, 1.00, 0.00, 0.00, 0.00, 0.00, 0.00, 0.00, 0.00, 0.00
1892,  0,  63.033,  0.98,  1, 0.39, 0.64, 1.61, 0.00, 0.04, 0.35, 0.00, 0.00, 0.00, 0.68, 0.88, 0.19, 0.00, 0.00, 0.00, 0.44, 1.39, 0.00, 1.00, 1.00, 0.00, 0.00, 1.00, 0.00, 0.00, 0.00, 1.00, 0.00, 0.00, 0.00, 0.00, 0.00, 0.00, 0.00, 0.00
1893,  0,  63.067,  0.98,  1, 0.43, 0.65, 1.53, 0.00, 0.03, 0.29, 0.00, 0.00, 0.00, 0.67, 0.78, 0.24, 0.00, 0.00, 0.00, 0.39, 1.52, 0.00, 1.00, 1.00, 0.00, 0.00, 1.00, 0.00, 0.00, 0.00, 1.00, 0.00, 0.00, 0.00, 0.00, 0.00, 0.00, 0.00, 0.00
1894,  0,  63.100,  0.98,  1, 0.49, 0.66, 1.41, 0.00, 0.00, 0.29, 0.00, 0.00, 0.00, 0.64, 0.71, 0.31, 0.00, 0.00, 0.00, 0.43, 1.58, 0.00, 1.00, 1.00, 0.00, 0.00, 1.00, 0.00, 0.00, 0.00, 1.00, 0.00, 0.00, 0.00, 0.00, 0.00, 0.00, 0.00, 0.00
1895,  0,  63.133,  0.98,  1, 0.46, 0.61, 1.34, 0.00, 0.02, 0.28, 0.00, 0.00, 0.00, 0.64, 0.75, 0.33, 0.00, 0.00, 0.02, 0.47, 1.42, 0.00, 1.00, 1.00, 0.00, 0.00, 1.00, 0.00, 0.00, 0.00, 1.00, 0.00, 0.00, 0.00, 0.00, 0.00, 0.00, 0.00, 0.00
1896,  0,  63.167,  0.98,  1, 0.51, 0.56, 1.27, 0.00, 0.02, 0.20, 0.00, 0.00, 0.00, 0.66, 0.76, 0.41, 0.00, 0.00, 0.14, 0.51, 1.28, 0.00, 1.00, 1.00, 0.00, 0.00, 1.00, 0.00, 0.00, 0.00, 1.00, 0.00, 0.00, 0.00, 0.00, 0.00, 0.00, 0.00, 0.00
1897,  0,  63.200,  0.98,  1, 0.53, 0.46, 1.26, 0.00, 0.02, 0.13, 0.00, 0.00, 0.00, 0.62, 0.72, 0.36, 0.00, 0.00, 0.34, 0.56, 1.10, 0.00, 1.00, 1.00, 0.00, 0.00, 1.00, 0.00, 0.00, 0.00, 1.00, 0.00, 0.00, 0.00, 0.00, 0.00, 0.00, 0.00, 0.00
1898,  0,  63.233,  0.98,  1, 0.61, 0.43, 1.29, 0.00, 0.00, 0.00, 0.00, 0.00, 0.00, 0.48, 0.55, 0.40, 0.00, 0.00, 0.56, 0.63, 1.15, 0.00, 1.00, 1.00, 0.00, 0.00, 1.00, 0.00, 0.00, 0.00, 1.00, 0.00, 0.00, 0.00, 0.00, 0.00, 0.00, 0.00, 0.00
1899,  0,  63.267,  0.98,  1, 0.62, 0.40, 1.32, 0.00, 0.00, 0.00, 0.00, 0.00, 0.00, 0.36, 0.60, 0.33, 0.00, 0.00, 0.71, 0.78, 1.16, 0.00, 1.00, 1.00, 0.00, 0.00, 1.00, 0.00, 0.00, 0.00, 0.00, 0.00, 0.00, 0.00, 0.00, 0.00, 0.00, 0.00, 0.00
1900,  0,  63.300,  0.98,  1, 0.65, 0.44, 1.32, 0.00, 0.00, 0.00, 0.00, 0.00, 0.00, 0.25, 0.66, 0.30, 0.00, 0.00, 0.77, 0.82, 1.26, 0.00, 1.00, 1.00, 0.00, 0.00, 1.00, 0.00, 0.00, 0.00, 0.00, 0.00, 0.00, 0.00, 0.00, 0.00, 0.00, 0.00, 0.00
1901,  0,  63.333,  0.98,  1, 0.67, 0.53, 1.35, 0.00, 0.00, 0.00, 0.00, 0.00, 0.00, 0.21, 0.75, 0.29, 0.00, 0.00, 0.87, 0.90, 1.34, 0.00, 1.00, 1.00, 0.00, 0.00, 1.00, 0.00, 0.00, 0.00, 0.00, 0.00, 0.00, 0.00, 0.00, 0.00, 0.00, 0.00, 0.00
1902,  0,  63.367,  0.98,  1, 0.63, 0.62, 1.36, 0.00, 0.00, 0.00, 0.00, 0.00, 0.00, 0.19, 0.68, 0.24, 0.00, 0.00, 0.91, 0.98, 1.40, 0.00, 1.00, 1.00, 0.00, 0.00, 1.00, 0.00, 0.00, 0.00, 0.00, 0.00, 0.00, 0.00, 0.00, 0.00, 0.00, 0.00, 0.00
1903,  0,  63.400,  0.98,  1, 0.58, 0.63, 1.34, 0.00, 0.00, 0.00, 0.00, 0.00, 0.00, 0.21, 0.67, 0.18, 0.00, 0.00, 0.98, 1.09, 1.38, 0.00, 1.00, 1.00, 0.00, 0.00, 1.00, 0.00, 0.00, 0.00, 0.00, 0.00, 0.00, 0.00, 0.00, 0.00, 0.00, 0.00, 0.00
1904,  0,  63.433,  0.98,  1, 0.59, 0.55, 1.31, 0.00, 0.00, 0.00, 0.00, 0.00, 0.00, 0.30, 0.59, 0.16, 0.00, 0.00, 0.98, 1.21, 1.34, 0.00, 1.00, 1.00, 0.00, 0.00, 1.00, 0.00, 0.00, 0.00, 0.00, 0.00, 0.00, 0.00, 0.00, 0.00, 0.00, 0.00, 0.00
1905,  0,  63.467,  0.98,  1, 0.57, 0.52, 1.31, 0.00, 0.00, 0.05, 0.00, 0.00, 0.00, 0.36, 0.58, 0.12, 0.00, 0.00, 0.96, 1.25, 1.43, 0.00, 1.00, 1.00, 0.00, 0.00, 1.00, 0.00, 0.00, 0.00, 0.00, 0.00, 0.00, 0.00, 0.00, 0.00, 0.00, 0.00, 1.00
1906,  0,  63.500,  0.98,  1, 0.60, 0.56, 1.33, 0.00, 0.00, 0.07, 0.00, 0.00, 0.00, 0.49, 0.67, 0.11, 0.00, 0.00, 0.90, 1.31, 1.43, 0.00, 1.00, 1.00, 0.00, 0.00, 1.00, 0.00, 0.00, 0.00, 0.00, 0.00, 0.00, 0.00, 0.00, 0.00, 0.00, 0.00, 1.00
1907,  0,  63.533,  0.98,  1, 0.58, 0.65, 1.33, 0.00, 0.00, 0.12, 0.00, 0.00, 0.00, 0.52, 0.82, 0.04, 0.00, 0.00, 0.90, 1.28, 1.45, 0.00, 1.00, 1.00, 0.00, 0.00, 1.00, 0.00, 0.00, 0.00, 1.00, 0.00, 0.00, 0.00, 0.00, 0.00, 0.00, 0.00, 1.00
1908,  0,  63.567,  0.98,  1, 0.64, 0.58, 1.33, 0.00, 0.00, 0.25, 0.00, 0.00, 0.00, 0.47, 0.85, 0.12, 0.00, 0.00, 0.74, 1.32, 1.42, 0.00, 1.00, 1.00, 0.00, 0.00, 1.00, 0.00, 0.00, 0.00, 1.00, 0.00, 0.00, 0.00, 0.00, 0.00, 0.00, 0.00, 1.00
1909,  0,  63.600,  0.98,  1, 0.62, 0.44, 1.37, 0.00, 0.00, 0.30, 0.00, 0.00, 0.00, 0.36, 0.72, 0.22, 0.00, 0.00, 0.65, 1.34, 1.48, 0.00, 1.00, 1.00, 0.00, 0.00, 1.00, 0.00, 0.00, 0.00, 1.00, 0.00, 0.00, 0.00, 0.00, 0.00, 0.00, 0.00, 1.00
1910,  0,  63.633,  0.98,  1, 0.59, 0.35, 1.36, 0.00, 0.00, 0.43, 0.00, 0.00, 0.00, 0.29, 0.59, 0.33, 0.00, 0.00, 0.45, 1.35, 1.47, 0.00, 1.00, 1.00, 0.00, 0.00, 1.00, 0.00, 0.00, 0.00, 1.00, 0.00, 0.00, 0.00, 0.00, 0.00, 0.00, 0.00, 1.00
1911,  0,  63.667,  0.98,  1, 0.57, 0.34, 1.33, 0.00, 0.00, 0.39, 0.00, 0.00, 0.00, 0.31, 0.68, 0.33, 0.00, 0.00, 0.48, 1.41, 1.40, 0.00, 1.00, 1.00, 0.00, 0.00, 1.00, 0.00, 0.00, 0.00, 1.00, 0.00, 0.00, 0.00, 0.00, 0.00, 0.00, 0.00, 1.00
1912,  0,  63.700,  0.98,  1, 0.55, 0.43, 1.32, 0.00, 0.00, 0.47, 0.00, 0.00, 0.00, 0.38, 0.68, 0.23, 0.00, 0.00, 0.49, 1.37, 1.39, 0.00, 1.00, 1.00, 0.00, 0.00, 1.00, 0.00, 0.00, 0.00, 1.00, 0.00, 0.00, 0.00, 0.00, 0.00, 0.00, 0.00, 1.00
1913,  0,  63.733,  0.98,  1, 0.51, 0.41, 1.37, 0.00, 0.00, 0.32, 0.00, 0.00, 0.00, 0.50, 0.65, 0.11, 0.00, 0.00, 0.54, 1.37, 1.49, 0.00, 1.00, 1.00, 0.00, 0.00, 1.00, 0.00, 0.00, 0.00, 1.00, 0.00, 0.00, 0.00, 0.00, 0.00, 0.00, 0.00, 1.00
1914,  0,  63.767,  0.98,  1, 0.53, 0.50, 1.48, 0.00, 0.00, 0.26, 0.00, 0.00, 0.00, 0.58, 0.55, 0.05, 0.00, 0.00, 0.60, 1.22, 1.55, 0.00, 1.00, 1.00, 0.00, 0.00, 1.00, 0.00, 0.00, 0.00, 1.00, 0.00, 0.00, 0.00, 0.00, 0.00, 0.00, 0.00, 1.00
1915,  0,  63.800,  0.98,  1, 0.63, 0.64, 1.52, 0.00, 0.00, 0.26, 0.00, 0.00, 0.00, 0.59, 0.53, 0.05, 0.02, 0.00, 0.64, 1.22, 1.68, 0.00, 1.00, 1.00, 0.00, 0.00, 1.00, 0.00, 0.00, 0.00, 1.00, 0.00, 0.00, 0.00, 0.00, 0.00, 0.00, 0.00, 0.00
1916,  0,  63.833,  0.98,  1, 0.75, 0.76, 1.51, 0.00, 0.00, 0.29, 0.00, 0.00, 0.00, 0.48, 0.54, 0.05, 0.02, 0.00, 0.64, 1.11, 1.76, 0.00, 1.00, 1.00, 0.00, 0.00, 1.00, 0.00, 0.00, 0.00, 1.00, 0.00, 0.00, 0.00, 0.00, 0.00, 0.00, 0.00, 0.00
1917,  0,  63.867,  0.98,  1, 0.76, 0.81, 1.47, 0.01, 0.00, 0.36, 0.00, 0.00, 0.00, 0.43, 0.63, 0.03, 0.04, 0.00, 0.64, 1.07, 1.83, 0.00, 1.00, 1.00, 0.00, 0.00, 1.00, 0.00, 0.00, 0.00, 1.00, 0.00, 0.00, 0.00, 0.00, 0.00, 0.00, 0.00, 0.00
1918,  0,  63.900,  0.98,  1, 0.66, 0.59, 1.38, 0.01, 0.00, 0.28, 0.00, 0.00, 0.00, 0.41, 0.62, 0.00, 0.06, 0.00, 0.65, 1.10, 1.78, 0.00, 1.00, 1.00, 0.00, 0.00, 1.00, 0.00, 0.00, 0.00, 1.00, 0.00, 0.00, 0.00, 0.00, 0.00, 0.00, 0.00, 0.00
1919,  0,  63.933,  0.98,  1, 0.61, 0.44, 1.41, 0.01, 0.00, 0.27, 0.00, 0.00, 0.00, 0.45, 0.65, 0.00, 0.06, 0.00, 0.80, 1.11, 1.68, 0.00, 1.00, 1.00, 0.00, 0.00, 1.00, 0.00, 0.00, 0.00, 1.00, 0.00, 0.00, 0.00, 0.00, 0.00, 0.00, 0.00, 0.00
1920,  0,  63.967,  0.98,  1, 0.54, 0.37, 1.37, 0.00, 0.02, 0.25, 0.00, 0.00, 0.00, 0.46, 0.66, 0.00, 0.10, 0.00, 0.83, 1.19, 1.61, 0.00, 1.00, 1.00, 0.00, 0.00, 1.00, 0.00, 0.00, 0.00, 1.00, 0.00, 0.00, 0.00, 0.00, 0.00, 0.00, 0.00, 1.00
1921,  0,  64.000,  0.98,  1, 0.57, 0.51, 1.40, 0.00, 0.05, 0.33, 0.00, 0.00, 0.00, 0.39, 0.76, 0.00, 0.05, 0.00, 0.80, 1.07, 1.47, 0.00, 1.00, 1.00, 0.00, 0.00, 1.00, 0.00, 0.00, 0.00, 1.00, 0.00, 0.00, 0.00, 0.00, 0.00, 0.00, 0.00, 1.00
1922,  0,  64.033,  0.98,  1, 0.52, 0.55, 1.35, 0.00, 0.09, 0.37, 0.00, 0.00, 0.00, 0.40, 0.84, 0.00, 0.05, 0.00, 0.62, 1.01, 1.45, 0.00, 1.00, 1.00, 0.00, 0.00, 1.00, 0.00, 0.00, 0.00, 1.00, 0.00, 0.00, 0.00, 0.00, 0.00, 0.00, 0.00, 1.00
1923,  0,  64.067,  0.98,  1, 0.49, 0.59, 1.31, 0.00, 0.07, 0.26, 0.00, 0.00, 0.00, 0.36, 0.86, 0.00, 0.00, 0.00, 0.55, 0.81, 1.53, 0.00, 1.00, 1.00, 0.00, 0.00, 1.00, 0.00, 0.00, 0.00, 1.00, 0.00, 0.00, 0.00, 0.00, 0.00, 0.00, 0.00, 1.00
1924,  0,  64.100,  0.98,  1, 0.44, 0.45, 1.27, 0.00, 0.05, 0.09, 0.00, 0.00, 0.02, 0.26, 0.75, 0.00, 0.00, 0.00, 0.61, 0.69, 1.54, 0.00, 1.00, 1.00, 0.00, 0.00, 1.00, 0.00, 0.00, 0.00, 1.00, 0.00, 0.00, 0.00, 0.00, 0.00, 0.00, 0.00, 1.00
1925,  0,  64.133,  0.98,  1, 0.51, 0.38, 1.22, 0.00, 0.04, 0.00, 0.00, 0.00, 0.05, 0.14, 0.79, 0.00, 0.00, 0.00, 0.75, 0.49, 1.37, 0.00, 1.00, 1.00, 0.00, 0.00, 1.00, 0.00, 1.00, 0.00, 0.00, 0.00, 0.00, 0.00, 0.00, 0.00, 0.00, 0.00, 1.00
1926,  0,  64.167,  0.98,  1, 0.51, 0.27, 1.11, 0.00, 0.05, 0.00, 0.00, 0.00, 0.10, 0.08, 0.78, 0.00, 0.00, 0.00, 0.88, 0.36, 1.14, 0.00, 1.00, 1.00, 0.00, 0.00, 1.00, 0.00, 1.00, 0.00, 0.00, 0.00, 0.00, 0.00, 0.00, 0.00, 0.00, 0.00, 1.00
1927,  0,  64.200,  0.98,  1, 0.53, 0.35, 0.98, 0.00, 0.04, 0.00, 0.00, 0.00, 0.15, 0.12, 0.89, 0.00, 0.00, 0.00, 0.95, 0.26, 1.12, 0.00, 1.00, 1.00, 0.00, 0.00, 1.00, 0.00, 1.00, 0.00, 0.00, 0.00, 0.00, 0.00, 0.00, 0.00, 0.00, 0.00, 1.00
1928,  0,  64.233,  0.98,  1, 0.51, 0.49, 0.92, 0.00, 0.01, 0.05, 0.00, 0.00, 0.11, 0.19, 0.91, 0.00, 0.00, 0.00, 0.95, 0.35, 1.05, 0.00, 1.00, 1.00, 0.00, 0.00, 1.00, 0.00, 1.00, 0.00, 0.00, 0.00, 0.00, 0.00, 0.00, 0.00, 0.00, 0.00, 1.00
1929,  0,  64.267,  0.98,  1, 0.62, 0.62, 0.94, 0.00, 0.00, 0.14, 0.00, 0.00, 0.06, 0.25, 0.97, 0.00, 0.00, 0.00, 0.90, 0.38, 0.95, 0.00, 1.00, 1.00, 0.00, 0.00, 1.00, 0.00, 1.00, 0.00, 0.00, 0.00, 0.00, 0.00, 0.00, 0.00, 0.00, 0.00, 1.00
1930,  0,  64.300,  0.98,  1, 0.72, 0.64, 1.15, 0.00, 0.00, 0.21, 0.00, 0.00, 0.00, 0.28, 1.01, 0.00, 0.00, 0.00, 0.89, 0.57, 0.88, 0.00, 1.00, 1.00, 0.00, 0.00, 1.00, 0.00, 0.00, 0.00, 0.00, 0.00, 0.00, 0.00, 0.00, 0.00, 0.00, 0.00, 1.00
1931,  0,  64.333,  0.98,  1, 0.81, 0.55, 1.34, 0.00, 0.00, 0.25, 0.00, 0.00, 0.00, 0.23, 1.05, 0.00, 0.00, 0.00, 0.86, 0.63, 0.97, 1.00, 1.00, 1.00, 0.00, 0.00, 1.00, 0.00, 0.00, 0.00, 0.00, 0.00, 0.00, 0.00, 0.00, 0.00, 0.00, 0.00, 1.00
1932,  0,  64.367,  0.98,  1, 0.87, 0.61, 1.53, 0.00, 0.00, 0.17, 0.00, 0.00, 0.00, 0.21, 0.95, 0.00, 0.00, 0.00, 0.83, 0.75, 1.15, 1.00, 1.00, 1.00, 0.00, 0.00, 1.00, 0.00, 0.00, 0.00, 0.00, 0.00, 0.00, 0.00, 0.00, 0.00, 0.00, 0.00, 1.00
1933,  0,  64.400,  0.98,  1, 0.90, 0.63, 1.59, 0.00, 0.00, 0.09, 0.00, 0.00, 0.00, 0.28, 0.87, 0.00, 0.00, 0.00, 0.63, 0.73, 1.26, 1.00, 1.00, 1.00, 0.00, 0.00, 1.00, 0.00, 0.00, 0.00, 0.00, 0.00, 0.00, 0.00, 0.00, 0.00, 0.00, 0.00, 1.00
1934,  0,  64.433,  0.98,  1, 0.86, 0.66, 1.59, 0.03, 0.00, 0.00, 0.00, 0.00, 0.00, 0.46, 0.63, 0.00, 0.00, 0.00, 0.49, 0.76, 1.52, 1.00, 1.00, 1.00, 0.00, 0.00, 1.00, 0.00, 0.00, 0.00, 0.00, 0.00, 0.00, 0.00, 0.00, 0.00, 0.00, 0.00, 1.00
1935,  0,  64.467,  0.98,  1, 0.80, 0.56, 1.54, 0.05, 0.00, 0.00, 0.00, 0.00, 0.00, 0.50, 0.58, 0.00, 0.00, 0.00, 0.53, 0.86, 1.53, 1.00, 1.00, 1.00, 0.00, 0.00, 1.00, 0.00, 0.00, 0.00, 0.00, 0.00, 0.00, 0.00, 0.00, 0.00, 0.00, 0.00, 1.00
1936,  0,  64.500,  0.98,  1, 0.69, 0.45, 1.45, 0.05, 0.00, 0.00, 0.00, 0.00, 0.00, 0.45, 0.57, 0.00, 0.00, 0.00, 0.70, 0.86, 1.62, 1.00, 1.00, 1.00, 0.00, 0.00, 1.00, 0.00, 0.00, 0.00, 0.00, 0.00, 0.00, 0.00, 0.00, 0.00, 0.00, 0.00, 1.00
1937,  0,  64.533,  0.98,  1, 0.69, 0.44, 1.57, 0.08, 0.05, 0.10, 0.00, 0.00, 0.06, 0.44, 0.55, 0.00, 0.00, 0.00, 1.00, 0.98, 1.58, 1.00, 1.00, 1.00, 0.00, 0.00, 1.00, 0.00, 0.00, 0.00, 0.00, 0.00, 0.00, 0.00, 0.00, 0.00, 0.00, 0.00, 1.00
1938,  0,  64.567,  0.98,  1, 0.58, 0.41, 1.61, 0.06, 0.16, 0.28, 0.00, 0.00, 0.17, 0.52, 0.62, 0.00, 0.00, 0.00, 1.33, 1.06, 1.67, 1.00, 1.00, 1.00, 0.00, 0.00, 1.00, 0.00, 1.00, 0.00, 1.00, 0.00, 0.00, 0.00, 0.00, 0.00, 0.00, 0.00, 1.00
1939,  0,  64.600,  0.98,  1, 0.58, 0.51, 1.63, 0.06, 0.23, 0.33, 0.00, 0.00, 0.30, 0.65, 0.68, 0.00, 0.00, 0.00, 1.52, 1.17, 1.77, 1.00, 1.00, 1.00, 0.00, 0.00, 1.00, 0.00, 1.00, 0.00, 1.00, 0.00, 0.00, 0.00, 0.00, 0.00, 0.00, 0.00, 1.00
1940,  0,  64.633,  0.98,  1, 0.53, 0.56, 1.46, 0.00, 0.22, 0.23, 0.01, 0.00, 0.34, 0.78, 0.84, 0.00, 0.00, 0.00, 1.45, 1.16, 1.86, 1.00, 1.00, 1.00, 0.00, 0.00, 1.00, 0.00, 1.00, 0.00, 1.00, 0.00, 0.00, 0.00, 0.00, 0.00, 0.00, 0.00, 1.00
1941,  0,  64.667,  0.98,  1, 0.60, 0.72, 1.38, 0.00, 0.14, 0.10, 0.08, 0.00, 0.33, 0.90, 0.85, 0.00, 0.00, 0.00, 1.33, 1.20, 2.09, 1.00, 1.00, 1.00, 0.00, 0.00, 1.00, 0.00, 1.00, 0.00, 1.00, 0.00, 0.00, 0.00, 0.00, 0.00, 0.00, 0.00, 1.00
1942,  0,  64.700,  0.98,  1, 0.62, 0.82, 1.37, 0.00, 0.18, 0.05, 0.08, 0.01, 0.31, 0.99, 0.63, 0.00, 0.00, 0.00, 1.19, 1.13, 2.18, 1.00, 1.00, 1.00, 0.00, 0.00, 1.00, 0.00, 1.00, 0.00, 1.00, 0.00, 0.00, 0.00, 0.00, 0.00, 0.00, 0.00, 1.00
1943,  0,  64.733,  0.98,  1, 0.63, 0.84, 1.40, 0.00, 0.24, 0.05, 0.07, 0.01, 0.29, 0.91, 0.38, 0.00, 0.00, 0.00, 1.19, 1.18, 2.15, 1.00, 1.00, 1.00, 0.00, 0.00, 1.00, 0.00, 1.00, 0.00, 1.00, 0.00, 0.00, 0.00, 0.00, 0.00, 0.00, 0.00, 1.00
1944,  0,  64.767,  0.98,  1, 0.58, 0.63, 1.51, 0.00, 0.35, 0.00, 0.07, 0.01, 0.30, 0.72, 0.32, 0.00, 0.00, 0.00, 1.21, 1.16, 2.05, 1.00, 1.00, 1.00, 0.00, 0.00, 1.00, 0.00, 1.00, 0.00, 1.00, 0.00, 0.00, 0.00, 0.00, 0.00, 0.00, 0.00, 1.00
1945,  0,  64.800,  0.98,  1, 0.55, 0.48, 1.51, 0.00, 0.34, 0.00, 0.12, 0.00, 0.30, 0.39, 0.50, 0.00, 0.00, 0.00, 1.34, 1.23, 1.97, 1.00, 1.00, 1.00, 0.00, 0.00, 1.00, 0.00, 1.00, 0.00, 1.00, 0.00, 0.00, 0.00, 0.00, 1.00, 0.00, 0.00, 1.00
1946,  0,  64.833,  0.98,  1, 0.49, 0.29, 1.50, 0.00, 0.27, 0.06, 0.16, 0.02, 0.34, 0.17, 0.69, 0.00, 0.00, 0.00, 1.36, 1.24, 2.03, 1.00, 1.00, 1.00, 0.00, 0.00, 1.00, 0.00, 1.00, 0.00, 1.00, 0.00, 0.00, 0.00, 0.00, 1.00, 0.00, 0.00, 1.00
1947,  0,  64.867,  0.98,  1, 0.54, 0.40, 1.48, 0.00, 0.21, 0.06, 0.15, 0.02, 0.34, 0.08, 0.72, 0.00, 0.00, 0.00, 1.34, 1.25, 1.97, 0.00, 1.00, 1.00, 0.00, 0.00, 1.00, 0.00, 1.00, 0.00, 1.00, 0.00, 0.00, 0.00, 0.00, 1.00, 0.00, 0.00, 1.00
1948,  0,  64.900,  0.98,  1, 0.57, 0.39, 1.62, 0.00, 0.19, 0.06, 0.17, 0.02, 0.28, 0.20, 0.67, 0.00, 0.00, 0.00, 1.31, 1.31, 1.97, 0.00, 1.00, 1.00, 0.00, 0.00, 1.00, 0.00, 1.00, 0.00, 1.00, 0.00, 0.00, 0.00, 0.00, 1.00, 0.00, 0.00, 1.00
1949,  0,  64.933,  0.98,  1, 0.67, 0.56, 1.69, 0.00, 0.25, 0.00, 0.12, 0.00, 0.20, 0.31, 0.69, 0.00, 0.00, 0.00, 1.13, 1.29, 1.86, 0.00, 1.00, 1.00, 0.00, 0.00, 1.00, 0.00, 1.00, 0.00, 1.00, 0.00, 0.00, 0.00, 0.00, 1.00, 0.00, 0.00, 1.00
1950,  0,  64.967,  0.98,  1, 0.68, 0.56, 1.63, 0.00, 0.21, 0.01, 0.07, 0.00, 0.08, 0.31, 0.81, 0.00, 0.00, 0.00, 0.81, 1.23, 1.90, 0.00, 1.00, 1.00, 0.00, 0.00, 1.00, 0.00, 1.00, 0.00, 1.00, 0.00, 0.00, 0.00, 0.00, 0.00, 0.00, 0.00, 1.00
1951,  0,  65.000,  0.98,  1, 0.69, 0.59, 1.56, 0.00, 0.17, 0.01, 0.00, 0.00, 0.02, 0.34, 0.97, 0.00, 0.00, 0.00, 0.48, 1.20, 2.02, 0.00, 1.00, 1.00, 0.00, 0.00, 1.00, 0.00, 1.00, 0.00, 1.00, 0.00, 0.00, 0.00, 0.00, 0.00, 0.00, 0.00, 1.00
1952,  0,  65.033,  0.98,  1, 0.70, 0.55, 1.54, 0.00, 0.09, 0.01, 0.00, 0.00, 0.00, 0.24, 1.04, 0.00, 0.00, 0.00, 0.32, 1.09, 2.31, 0.00, 1.00, 1.00, 0.00, 0.00, 1.00, 0.00, 0.00, 0.00, 1.00, 0.00, 0.00, 0.00, 0.00, 0.00, 0.00, 0.00, 1.00
1953,  0,  65.067,  0.98,  1, 0.72, 0.39, 1.60, 0.00, 0.05, 0.00, 0.00, 0.00, 0.00, 0.28, 1.04, 0.00, 0.00, 0.00, 0.28, 1.13, 2.70, 0.00, 1.00, 1.00, 0.00, 0.00, 1.00, 0.00, 0.00, 0.00, 1.00, 0.00, 0.00, 0.00, 0.00, 0.00, 0.00, 0.00, 1.00
1954,  0,  65.100,  0.98,  1, 0.65, 0.20, 1.60, 0.00, 0.02, 0.00, 0.00, 0.00, 0.03, 0.24, 1.03, 0.00, 0.00, 0.00, 0.28, 1.07, 3.01, 0.00, 1.00, 1.00, 0.00, 0.00, 1.00, 0.00, 0.00, 0.00, 1.00, 0.00, 0.00, 0.00, 0.00, 0.00, 0.00, 0.00, 1.00
1955,  0,  65.133,  0.93,  1, 0.63, 0.05, 1.59, 0.02, 0.00, 0.00, 0.00, 0.00, 0.04, 0.34, 1.01, 0.00, 0.00, 0.00, 0.31, 1.01, 3.28, 0.00, 1.00, 1.00, 0.00, 0.00, 1.00, 0.00, 0.00, 0.00, 1.00, 1.00, 0.00, 0.00, 0.00, 0.00, 0.00, 0.00, 1.00
1956,  0,  65.167,  0.93,  1, 0.52, 0.02, 1.63, 0.26, 0.02, 0.00, 0.00, 0.00, 0.06, 0.42, 0.96, 0.00, 0.00, 0.00, 0.36, 0.89, 3.28, 0.00, 1.00, 1.00, 0.00, 0.00, 1.00, 0.00, 0.00, 0.00, 1.00, 1.00, 0.00, 0.00, 0.00, 0.00, 0.00, 0.00, 1.00
1957,  0,  65.200,  0.93,  1, 0.47, 0.02, 1.63, 0.38, 0.04, 0.20, 0.00, 0.00, 0.07, 0.42, 0.98, 0.00, 0.00, 0.00, 0.44, 0.74, 3.20, 0.00, 1.00, 1.00, 0.00, 0.00, 1.00, 0.00, 0.00, 0.00, 1.00, 1.00, 0.00, 0.00, 0.00, 0.00, 0.00, 0.00, 1.00
1958,  0,  65.233,  0.93,  1, 0.35, 0.07, 1.69, 0.40, 0.10, 0.53, 0.00, 0.00, 0.08, 0.56, 1.07, 0.00, 0.00, 0.00, 0.55, 0.75, 2.89, 0.00, 1.00, 1.00, 0.00, 0.00, 1.00, 0.00, 0.00, 0.00, 1.00, 1.00, 0.00, 0.00, 0.00, 0.00, 0.00, 0.00, 1.00
1959,  0,  65.267,  0.98,  1, 0.37, 0.20, 1.85, 0.17, 0.22, 0.92, 0.04, 0.00, 0.09, 0.65, 1.08, 0.00, 0.00, 0.00, 0.75, 0.77, 2.58, 0.00, 1.00, 1.00, 0.00, 0.00, 1.00, 0.00, 0.00, 0.00, 1.00, 0.00, 0.00, 0.00, 0.00, 0.00, 0.00, 0.00, 1.00
1960,  0,  65.300,  0.98,  1, 0.35, 0.20, 1.89, 0.06, 0.29, 1.07, 0.04, 0.00, 0.13, 0.73, 1.01, 0.00, 0.00, 0.00, 0.92, 0.82, 1.96, 0.00, 1.00, 1.00, 0.00, 0.00, 1.00, 0.00, 0.00, 0.00, 1.00, 0.00, 0.00, 0.00, 0.00, 0.00, 0.00, 0.00, 1.00
1961,  0,  65.333,  0.98,  1, 0.30, 0.16, 1.79, 0.01, 0.41, 1.17, 0.04, 0.00, 0.20, 0.76, 0.82, 0.00, 0.00, 0.00, 1.19, 0.86, 1.32, 0.00, 1.00, 1.00, 0.00, 0.00, 1.00, 0.00, 1.00, 0.00, 1.00, 0.00, 0.00, 0.00, 0.00, 0.00, 0.00, 0.00, 1.00
1962,  0,  65.367,  0.98,  1, 0.26, 0.11, 1.54, 0.00, 0.41, 1.23, 0.00, 0.00, 0.29, 0.76, 0.69, 0.00, 0.00, 0.00, 1.33, 0.94, 0.72, 0.00, 1.00, 1.00, 0.00, 0.00, 1.00, 0.00, 1.00, 0.00, 1.00, 0.00, 0.00, 0.00, 0.00, 0.00, 0.00, 0.00, 1.00
1963,  0,  65.400,  0.98,  1, 0.23, 0.16, 1.45, 0.00, 0.43, 1.38, 0.00, 0.00, 0.34, 0.80, 0.55, 0.00, 0.00, 0.00, 1.48, 1.03, 0.59, 0.00, 1.00, 1.00, 0.00, 0.00, 1.00, 0.00, 1.00, 0.00, 1.00, 0.00, 0.00, 0.00, 0.00, 0.00, 0.00, 0.00, 0.00
1964,  0,  65.433,  0.98,  1, 0.27, 0.32, 1.38, 0.00, 0.35, 1.26, 0.00, 0.00, 0.39, 0.76, 0.47, 0.00, 0.00, 0.00, 1.45, 1.06, 0.50, 0.00, 1.00, 1.00, 0.00, 0.00, 1.00, 0.00, 1.00, 0.00, 1.00, 0.00, 0.00, 0.00, 0.00, 0.00, 0.00, 0.00, 0.00
1965,  0,  65.467,  0.98,  1, 0.26, 0.49, 1.28, 0.00, 0.35, 1.20, 0.00, 0.00, 0.44, 0.89, 0.51, 0.00, 0.00, 0.00, 1.38, 0.90, 0.38, 0.00, 1.00, 1.00, 0.00, 0.00, 1.00, 0.00, 1.00, 0.00, 1.00, 0.00, 0.00, 0.00, 0.00, 1.00, 0.00, 0.00, 0.00
1966,  0,  65.500,  0.98,  1, 0.26, 0.55, 1.21, 0.00, 0.39, 0.90, 0.00, 0.00, 0.52, 1.03, 0.49, 0.00, 0.00, 0.00, 1.21, 0.88, 0.14, 0.00, 1.00, 1.00, 0.00, 0.00, 1.00, 0.00, 1.00, 0.00, 1.00, 0.00, 0.00, 0.00, 0.00, 1.00, 0.00, 0.00, 0.00
1967,  0,  65.533,  0.98,  1, 0.22, 0.42, 1.29, 0.00, 0.42, 0.75, 0.01, 0.00, 0.55, 1.17, 0.51, 0.00, 0.00, 0.00, 1.15, 0.91, 0.02, 0.00, 1.00, 1.00, 0.00, 0.00, 1.00, 0.00, 1.00, 0.00, 1.00, 0.00, 0.00, 0.00, 0.00, 1.00, 0.00, 0.00, 0.00
1968,  0,  65.567,  0.98,  1, 0.17, 0.30, 1.33, 0.00, 0.35, 0.56, 0.01, 0.00, 0.59, 0.84, 0.53, 0.00, 0.00, 0.00, 1.13, 0.98, 0.02, 0.00, 1.00, 1.00, 0.00, 0.00, 1.00, 0.00, 1.00, 0.00, 1.00, 0.00, 0.00, 0.00, 0.00, 1.00, 0.00, 0.00, 0.00
1969,  0,  65.600,  0.98,  1, 0.25, 0.32, 1.34, 0.00, 0.25, 0.50, 0.01, 0.00, 0.52, 0.58, 0.42, 0.00, 0.00, 0.00, 1.23, 0.90, 0.06, 0.00, 1.00, 1.00, 0.00, 0.00, 1.00, 0.00, 1.00, 0.00, 1.00, 0.00, 0.00, 0.00, 0.00, 1.00, 0.00, 0.00, 0.00
1970,  0,  65.633,  0.98,  1, 0.33, 0.35, 1.30, 0.00, 0.10, 0.47, 0.00, 0.00, 0.44, 0.22, 0.27, 0.00, 0.00, 0.00, 1.22, 0.75, 0.05, 0.00, 1.00, 1.00, 0.00, 0.00, 1.00, 0.00, 1.00, 0.00, 1.00, 0.00, 0.00, 0.00, 0.00, 1.00, 0.00, 0.00, 0.00
1971,  0,  65.667,  0.98,  1, 0.43, 0.24, 1.33, 0.00, 0.04, 0.48, 0.00, 0.00, 0.32, 0.21, 0.09, 0.00, 0.00, 0.00, 1.32, 0.78, 0.13, 0.00, 1.00, 1.00, 0.00, 0.00, 1.00, 0.00, 1.00, 0.00, 0.00, 0.00, 0.00, 0.00, 0.00, 1.00, 0.00, 0.00, 0.00
1972,  0,  65.700,  0.98,  1, 0.47, 0.25, 1.37, 0.00, 0.00, 0.52, 0.00, 0.00, 0.30, 0.11, 0.21, 0.00, 0.00, 0.00, 1.27, 0.87, 0.08, 0.00, 1.00, 1.00, 0.00, 0.00, 1.00, 0.00, 1.00, 0.00, 0.00, 0.00, 0.00, 0.00, 0.00, 1.00, 0.00, 0.00, 0.00
1973,  0,  65.733,  0.98,  1, 0.52, 0.27, 1.39, 0.00, 0.00, 0.57, 0.00, 0.00, 0.34, 0.10, 0.33, 0.00, 0.00, 0.00, 1.25, 1.05, 0.08, 0.00, 1.00, 1.00, 0.00, 0.00, 1.00, 0.00, 1.00, 0.00, 0.00, 0.00, 0.00, 0.00, 0.00, 1.00, 0.00, 0.00, 0.00
1974,  0,  65.767,  0.98,  1, 0.56, 0.43, 1.40, 0.00, 0.00, 0.51, 0.00, 0.00, 0.39, 0.19, 0.42, 0.00, 0.00, 0.00, 1.19, 1.18, 0.00, 0.00, 1.00, 1.00, 0.00, 0.00, 1.00, 0.00, 1.00, 0.00, 0.00, 0.00, 0.00, 0.00, 0.00, 0.00, 0.00, 0.00, 0.00
1975,  0,  65.800,  0.98,  1, 0.65, 0.59, 1.42, 0.00, 0.00, 0.52, 0.00, 0.00, 0.32, 0.29, 0.41, 0.00, 0.00, 0.00, 0.92, 1.19, 0.00, 0.00, 1.00, 1.00, 0.00, 0.00, 1.00, 0.00, 1.00, 0.00, 1.00, 0.00, 0.00, 0.00, 0.00, 0.00, 0.00, 0.00, 0.00
1976,  0,  65.833,  0.98,  1, 0.69, 0.78, 1.47, 0.00, 0.00, 0.56, 0.00, 0.00, 0.24, 0.45, 0.47, 0.00, 0.00, 0.00, 0.56, 0.97, 0.00, 0.00, 1.00, 1.00, 0.00, 0.00, 1.00, 0.00, 0.00, 0.00, 1.00, 0.00, 0.00, 0.00, 0.00, 0.00, 0.00, 0.00, 0.00
1977,  0,  65.867,  0.98,  1, 0.69, 0.84, 1.49, 0.00, 0.00, 0.56, 0.00, 0.00, 0.13, 0.60, 0.53, 0.00, 0.00, 0.00, 0.15, 0.69, 0.00, 0.00, 1.00, 1.00, 0.00, 0.00, 1.00, 0.00, 0.00, 0.00, 1.00, 0.00, 0.00, 0.00, 0.00, 0.00, 0.00, 0.00, 0.00
1978,  0,  65.900,  0.98,  1, 0.61, 0.81, 1.45, 0.00, 0.01, 0.51, 0.00, 0.00, 0.16, 0.81, 0.69, 0.00, 0.00, 0.00, 0.01, 0.51, 0.00, 0.00, 1.00, 1.00, 0.00, 0.00, 1.00, 0.00, 0.00, 0.00, 1.00, 0.00, 0.00, 0.00, 0.00, 0.00, 0.00, 0.00, 0.00
1979,  0,  65.933,  0.98,  1, 0.48, 0.58, 1.43, 0.00, 0.02, 0.49, 0.00, 0.00, 0.20, 0.95, 0.72, 0.00, 0.00, 0.00, 0.21, 0.71, 0.00, 0.00, 1.00, 1.00, 0.00, 0.00, 1.00, 0.00, 0.00, 0.00, 1.00, 0.00, 0.00, 0.00, 0.00, 0.00, 0.00, 0.00, 0.00
1980,  0,  65.967,  0.98,  1, 0.32, 0.40, 1.43, 0.00, 0.09, 0.39, 0.00, 0.00, 0.25, 0.77, 0.70, 0.00, 0.00, 0.00, 0.60, 0.93, 0.00, 0.00, 1.00, 1.00, 0.00, 0.00, 1.00, 0.00, 1.00, 0.00, 1.00, 0.00, 0.00, 0.00, 0.00, 0.00, 0.00, 0.00, 0.00
1981,  0,  66.000,  0.98,  1, 0.21, 0.14, 1.49, 0.00, 0.16, 0.45, 0.00, 0.00, 0.27, 0.54, 0.56, 0.00, 0.00, 0.00, 0.99, 1.15, 0.00, 0.00, 1.00, 1.00, 0.00, 0.00, 1.00, 0.00, 1.00, 0.00, 1.00, 0.00, 0.00, 0.00, 0.00, 0.00, 0.00, 0.00, 0.00
1982,  0,  66.033,  0.98,  1, 0.19, 0.12, 1.54, 0.00, 0.21, 0.46, 0.00, 0.00, 0.27, 0.25, 0.49, 0.00, 0.00, 0.00, 1.19, 1.14, 0.07, 0.00, 1.00, 1.00, 0.00, 0.00, 1.00, 0.00, 1.00, 0.00, 1.00, 0.00, 0.00, 0.00, 0.00, 0.00, 0.00, 0.00, 0.00
1983,  0,  66.067,  0.98,  1, 0.25, 0.12, 1.47, 0.00, 0.16, 0.68, 0.00, 0.00, 0.26, 0.27, 0.49, 0.00, 0.00, 0.00, 1.21, 1.00, 0.15, 0.00, 1.00, 1.00, 0.00, 0.00, 1.00, 0.00, 1.00, 0.00, 1.00, 0.00, 0.00, 0.00, 0.00, 0.00, 0.00, 0.00, 0.00
1984,  0,  66.100,  0.98,  1, 0.26, 0.12, 1.48, 0.00, 0.09, 0.70, 0.00, 0.00, 0.23, 0.28, 0.51, 0.00, 0.00, 0.00, 1.14, 0.98, 0.16, 0.00, 1.00, 1.00, 0.00, 0.00, 1.00, 0.00, 1.00, 0.00, 1.00, 0.00, 0.00, 0.00, 0.00, 0.00, 0.00, 0.00, 0.00
1985,  0,  66.133,  0.98,  1, 0.24, 0.13, 1.35, 0.00, 0.03, 0.73, 0.00, 0.00, 0.16, 0.38, 0.57, 0.00, 0.00, 0.00, 1.01, 1.02, 0.27, 0.00, 1.00, 1.00, 0.00, 0.00, 1.00, 0.00, 1.00, 0.00, 1.00, 0.00, 0.00, 0.00, 0.00, 0.00, 0.00, 0.00, 0.00
1986,  0,  66.167,  0.98,  1, 0.24, 0.18, 1.36, 0.00, 0.04, 0.74, 0.00, 0.00, 0.14, 0.48, 0.51, 0.00, 0.00, 0.00, 0.81, 1.10, 0.25, 0.00, 1.00, 1.00, 0.00, 0.00, 1.00, 0.00, 1.00, 0.00, 1.00, 0.00, 0.00, 0.00, 0.00, 0.00, 0.00, 0.00, 0.00
1987,  0,  66.200,  0.98,  1, 0.29, 0.19, 1.34, 0.00, 0.05, 0.77, 0.02, 0.00, 0.12, 0.62, 0.55, 0.00, 0.00, 0.00, 0.60, 0.96, 0.31, 0.00, 1.00, 1.00, 0.00, 0.00, 1.00, 0.00, 0.00, 0.00, 1.00, 0.00, 0.00, 0.00, 0.00, 0.00, 0.00, 0.00, 0.00
1988,  0,  66.233,  0.98,  1, 0.37, 0.24, 1.38, 0.00, 0.05, 0.77, 0.06, 0.00, 0.10, 0.68, 0.48, 0.00, 0.00, 0.00, 0.41, 0.80, 0.21, 0.00, 1.00, 1.00, 0.00, 0.00, 1.00, 0.00, 0.00, 0.00, 1.00, 0.00, 0.00, 0.00, 0.00, 0.00, 0.00, 0.00, 0.00
1989,  0,  66.267,  0.98,  1, 0.38, 0.26, 1.41, 0.00, 0.05, 0.75, 0.13, 0.00, 0.07, 0.72, 0.51, 0.00, 0.00, 0.00, 0.21, 0.75, 0.23, 0.00, 1.00, 1.00, 0.00, 0.00, 1.00, 0.00, 0.00, 0.00, 1.00, 0.00, 0.00, 0.00, 0.00, 0.00, 0.00, 0.00, 0.00
1990,  0,  66.300,  0.98,  1, 0.36, 0.27, 1.30, 0.00, 0.02, 0.63, 0.13, 0.00, 0.04, 0.66, 0.57, 0.00, 0.00, 0.00, 0.10, 0.93, 0.26, 0.00, 1.00, 1.00, 0.00, 0.00, 1.00, 0.00, 0.00, 0.00, 1.00, 0.00, 0.00, 0.00, 0.00, 0.00, 0.00, 0.00, 0.00
1991,  0,  66.333,  0.98,  1, 0.37, 0.18, 1.24, 0.00, 0.02, 0.59, 0.08, 0.00, 0.02, 0.60, 0.70, 0.00, 0.00, 0.00, 0.00, 1.16, 0.19, 0.00, 1.00, 1.00, 0.00, 0.00, 1.00, 0.00, 0.00, 0.00, 1.00, 0.00, 0.00, 0.00, 0.00, 0.00, 0.00, 0.00, 0.00
1992,  0,  66.367,  0.98,  1, 0.33, 0.20, 1.21, 0.00, 0.02, 0.53, 0.02, 0.00, 0.00, 0.63, 0.73, 0.00, 0.00, 0.03, 0.00, 1.29, 0.09, 0.00, 1.00, 1.00, 0.00, 0.00, 1.00, 0.00, 0.00, 0.00, 1.00, 0.00, 0.00, 0.00, 0.00, 0.00, 0.00, 0.00, 0.00
1993,  0,  66.400,  0.98,  1, 0.36, 0.39, 1.30, 0.00, 0.02, 0.65, 0.00, 0.00, 0.00, 0.75, 0.59, 0.00, 0.00, 0.06, 0.00, 1.32, 0.00, 0.00, 1.00, 1.00, 0.00, 0.00, 1.00, 0.00, 0.00, 0.00, 1.00, 0.00, 0.00, 0.00, 0.00, 0.00, 0.00, 0.00, 0.00
1994,  0,  66.433,  0.98,  1, 0.35, 0.56, 1.29, 0.00, 0.02, 0.56, 0.00, 0.00, 0.00, 0.84, 0.51, 0.00, 0.00, 0.08, 0.00, 1.29, 0.00, 0.00, 1.00, 1.00, 0.00, 0.00, 1.00, 0.00, 0.00, 0.00, 1.00, 0.00, 0.00, 0.00, 0.00, 0.00, 0.00, 0.00, 0.00
1995,  0,  66.467,  0.98,  1, 0.38, 0.57, 1.30, 0.00, 0.00, 0.52, 0.00, 0.00, 0.00, 0.81, 0.55, 0.00, 0.00, 0.09, 0.00, 1.31, 0.00, 0.00, 1.00, 1.00, 0.00, 0.00, 1.00, 0.00, 0.00, 0.00, 1.00, 0.00, 0.00, 0.00, 0.00, 0.00, 0.00, 0.00, 0.00
1996,  0,  66.500,  0.98,  1, 0.37, 0.58, 1.33, 0.00, 0.00, 0.53, 0.00, 0.00, 0.00, 0.68, 0.75, 0.00, 0.00, 0.07, 0.00, 1.21, 0.00, 0.00, 1.00, 1.00, 0.00, 0.00, 1.00, 0.00, 0.00, 0.00, 1.00, 0.00, 0.00, 0.00, 0.00, 0.00, 0.00, 0.00, 0.00
1997,  0,  66.533,  0.98,  1, 0.38, 0.58, 1.41, 0.00, 0.00, 0.73, 0.00, 0.00, 0.00, 0.67, 0.87, 0.03, 0.00, 0.04, 0.00, 1.19, 0.00, 0.00, 1.00, 1.00, 0.00, 0.00, 1.00, 0.00, 0.00, 0.00, 1.00, 0.00, 0.00, 0.00, 0.00, 0.00, 0.00, 0.00, 0.00
1998,  0,  66.567,  0.98,  1, 0.40, 0.64, 1.48, 0.00, 0.00, 0.92, 0.00, 0.00, 0.00, 0.61, 0.93, 0.08, 0.00, 0.00, 0.00, 1.15, 0.00, 0.00, 1.00, 1.00, 0.00, 0.00, 1.00, 0.00, 0.00, 0.00, 1.00, 0.00, 0.00, 0.00, 0.00, 0.00, 0.00, 0.00, 0.00
1999,  0,  66.600,  0.98,  1, 0.43, 0.61, 1.49, 0.00, 0.00, 0.99, 0.00, 0.00, 0.00, 0.63, 0.85, 0.12, 0.00, 0.00, 0.00, 1.22, 0.00, 0.00, 1.00, 1.00, 0.00, 0.00, 1.00, 0.00, 0.00, 0.00, 1.00, 0.00, 0.00, 0.00, 0.00, 0.00, 0.00, 0.00, 0.00
2000,  0,  66.633,  0.98,  1, 0.47, 0.64, 1.45, 0.00, 0.00, 0.90, 0.00, 0.00, 0.00, 0.68, 0.78, 0.15, 0.00, 0.00, 0.00, 1.26, 0.00, 0.00, 1.00, 1.00, 0.00, 0.00, 1.00, 0.00, 0.00, 0.00, 1.00, 0.00, 0.00, 0.00, 0.00, 0.00, 0.00, 0.00, 0.00
2001,  0,  66.667,  0.98,  1, 0.53, 0.74, 1.34, 0.00, 0.00, 0.55, 0.00, 0.00, 0.00, 0.69, 0.70, 0.11, 0.00, 0.00, 0.03, 1.29, 0.00, 0.00, 1.00, 1.00, 0.00, 0.00, 1.00, 0.00, 0.00, 0.00, 1.00, 0.00, 0.00, 0.00, 0.00, 0.00, 0.00, 0.00, 0.00
2002,  0,  66.700,  0.98,  1, 0.65, 1.05, 1.21, 0.00, 0.00, 0.25, 0.00, 0.00, 0.00, 0.83, 0.74, 0.13, 0.00, 0.00, 0.03, 1.22, 0.00, 0.00, 1.00, 1.00, 0.00, 0.00, 1.00, 0.00, 0.00, 0.00, 1.00, 0.00, 0.00, 0.00, 0.00, 0.00, 0.00, 0.00, 0.00
2003,  0,  66.733,  0.98,  1, 0.82, 1.36, 1.18, 0.00, 0.00, 0.25, 0.00, 0.00, 0.00, 0.88, 0.78, 0.08, 0.00, 0.00, 0.03, 1.19, 0.00, 0.00, 1.00, 1.00, 0.00, 0.00, 1.00, 0.00, 0.00, 0.00, 1.00, 0.00, 0.00, 0.00, 0.00, 0.00, 0.00, 0.00, 0.00
2004,  0,  66.767,  0.98,  1, 0.84, 1.43, 1.15, 0.00, 0.07, 0.30, 0.00, 0.00, 0.04, 0.96, 0.86, 0.20, 0.00, 0.01, 0.00, 1.13, 0.00, 0.00, 1.00, 1.00, 0.00, 0.00, 1.00, 0.00, 0.00, 0.00, 1.00, 0.00, 0.00, 0.00, 0.00, 0.00, 0.00, 0.00, 0.00
2005,  0,  66.800,  0.98,  1, 0.78, 1.26, 1.23, 0.00, 0.11, 0.39, 0.01, 0.00, 0.04, 0.93, 0.95, 0.24, 0.00, 0.01, 0.00, 1.14, 0.00, 0.00, 1.00, 1.00, 0.00, 0.00, 1.00, 0.00, 0.00, 0.00, 1.00, 0.00, 0.00, 0.00, 0.00, 0.00, 0.00, 0.00, 0.00
2006,  0,  66.833,  0.98,  1, 0.70, 1.23, 1.29, 0.00, 0.13, 0.32, 0.01, 0.00, 0.04, 0.84, 1.03, 0.31, 0.00, 0.01, 0.00, 1.09, 0.00, 0.00, 1.00, 1.00, 0.00, 0.00, 1.00, 0.00, 0.00, 0.00, 1.00, 0.00, 0.00, 0.00, 0.00, 0.00, 0.00, 0.00, 0.00
2007,  0,  66.867,  0.98,  1, 0.71, 1.16, 1.39, 0.00, 0.11, 0.44, 0.01, 0.00, 0.00, 0.76, 1.10, 0.26, 0.00, 0.00, 0.00, 1.10, 0.00, 0.00, 1.00, 1.00, 0.00, 0.00, 1.00, 0.00, 0.00, 0.00, 1.00, 0.00, 0.00, 0.00, 0.00, 0.00, 0.00, 0.00, 0.00
2008,  0,  66.900,  0.98,  1, 0.69, 1.08, 1.32, 0.00, 0.10, 0.50, 0.00, 0.00, 0.00, 0.75, 1.03, 0.26, 0.00, 0.00, 0.00, 1.04, 0.00, 0.00, 1.00, 1.00, 0.00, 0.00, 1.00, 0.00, 0.00, 0.00, 1.00, 0.00, 0.00, 0.00, 0.00, 0.00, 0.00, 0.00, 0.00
2009,  0,  66.933,  0.98,  1, 0.63, 0.81, 1.27, 0.00, 0.11, 0.57, 0.00, 0.00, 0.00, 0.82, 0.99, 0.24, 0.00, 0.00, 0.00, 1.03, 0.00, 0.00, 1.00, 1.00, 0.00, 0.00, 1.00, 0.00, 0.00, 0.00, 1.00, 0.00, 0.00, 0.00, 0.00, 0.00, 0.00, 0.00, 0.00
2010,  0,  66.967,  0.98,  1, 0.61, 0.82, 1.22, 0.00, 0.12, 0.73, 0.00, 0.00, 0.01, 0.96, 0.81, 0.20, 0.00, 0.00, 0.00, 1.10, 0.00, 0.00, 1.00, 1.00, 0.00, 0.00, 1.00, 0.00, 0.00, 0.00, 1.00, 0.00, 0.00, 0.00, 0.00, 0.00, 0.00, 0.00, 0.00
2011,  0,  67.000,  0.98,  1, 0.60, 0.87, 1.28, 0.00, 0.17, 1.00, 0.02, 0.00, 0.01, 1.01, 0.72, 0.12, 0.00, 0.00, 0.00, 1.18, 0.00, 0.00, 1.00, 1.00, 0.00, 0.00, 1.00, 0.00, 0.00, 0.00, 1.00, 0.00, 0.00, 0.00, 0.00, 0.00, 0.00, 0.00, 0.00
2012,  0,  67.033,  0.98,  1, 0.59, 0.99, 1.30, 0.00, 0.20, 1.25, 0.10, 0.00, 0.01, 1.02, 0.58, 0.08, 0.00, 0.00, 0.00, 1.25, 0.00, 0.00, 1.00, 1.00, 0.00, 0.00, 1.00, 0.00, 0.00, 0.00, 1.00, 0.00, 0.00, 0.00, 0.00, 0.00, 0.00, 0.00, 0.00
2013,  0,  67.067,  0.98,  1, 0.63, 0.95, 1.26, 0.00, 0.16, 1.22, 0.10, 0.00, 0.00, 0.99, 0.55, 0.09, 0.00, 0.00, 0.00, 1.15, 0.00, 0.00, 1.00, 1.00, 0.00, 0.00, 1.00, 0.00, 0.00, 0.00, 1.00, 0.00, 0.00, 0.00, 0.00, 0.00, 0.00, 0.00, 0.00
2014,  0,  67.100,  0.98,  1, 0.67, 0.93, 1.23, 0.00, 0.09, 1.15, 0.08, 0.00, 0.04, 0.98, 0.51, 0.09, 0.00, 0.00, 0.00, 1.01, 0.00, 0.00, 1.00, 1.00, 0.00, 0.00, 1.00, 0.00, 0.00, 0.00, 1.00, 0.00, 0.00, 0.00, 0.00, 0.00, 0.00, 0.00, 0.00
2015,  0,  67.133,  0.98,  1, 0.66, 0.77, 1.25, 0.00, 0.02, 0.98, 0.00, 0.00, 0.04, 0.98, 0.50, 0.11, 0.00, 0.01, 0.00, 0.89, 0.00, 0.00, 1.00, 1.00, 0.00, 0.00, 1.00, 0.00, 0.00, 0.00, 1.00, 0.00, 0.00, 0.00, 0.00, 0.00, 0.00, 0.00, 0.00
2016,  0,  67.167,  0.98,  1, 0.71, 0.79, 1.39, 0.00, 0.00, 0.89, 0.00, 0.00, 0.04, 1.08, 0.46, 0.11, 0.00, 0.03, 0.00, 0.87, 0.00, 0.00, 1.00, 1.00, 0.00, 0.00, 1.00, 0.00, 0.00, 0.00, 1.00, 0.00, 0.00, 0.00, 0.00, 0.00, 0.00, 0.00, 0.00
2017,  0,  67.200,  0.98,  1, 0.72, 0.74, 1.44, 0.00, 0.00, 0.65, 0.00, 0.00, 0.01, 1.14, 0.45, 0.12, 0.00, 0.06, 0.00, 0.93, 0.00, 0.00, 1.00, 1.00, 0.00, 0.00, 1.00, 0.00, 0.00, 0.00, 1.00, 0.00, 0.00, 0.00, 0.00, 0.00, 0.00, 0.00, 0.00
2018,  0,  67.233,  0.98,  1, 0.74, 0.84, 1.52, 0.00, 0.02, 0.56, 0.00, 0.00, 0.00, 1.19, 0.38, 0.08, 0.00, 0.06, 0.00, 0.94, 0.00, 0.00, 1.00, 1.00, 0.00, 0.00, 1.00, 0.00, 0.00, 0.00, 1.00, 0.00, 0.00, 0.00, 0.00, 0.00, 0.00, 0.00, 0.00
2019,  0,  67.267,  0.98,  1, 0.73, 0.80, 1.42, 0.00, 0.02, 0.58, 0.00, 0.00, 0.00, 1.20, 0.38, 0.08, 0.00, 0.07, 0.00, 1.00, 0.00, 0.00, 1.00, 1.00, 0.00, 0.00, 1.00, 0.00, 0.00, 0.00, 1.00, 0.00, 0.00, 0.00, 0.00, 0.00, 0.00, 0.00, 0.00
2020,  0,  67.300,  0.98,  1, 0.75, 0.76, 1.40, 0.00, 0.02, 0.65, 0.00, 0.00, 0.00, 1.18, 0.38, 0.11, 0.00, 0.04, 0.00, 1.00, 0.00, 0.00, 1.00, 1.00, 0.00, 0.00, 1.00, 0.00, 0.00, 0.00, 1.00, 0.00, 0.00, 0.00, 0.00, 0.00, 0.00, 0.00, 0.00
2021,  0,  67.333,  0.98,  1, 0.75, 0.62, 1.31, 0.00, 0.01, 0.60, 0.00, 0.00, 0.00, 1.19, 0.52, 0.20, 0.00, 0.03, 0.00, 0.96, 0.00, 0.00, 1.00, 1.00, 0.00, 0.00, 1.00, 0.00, 0.00, 0.00, 1.00, 0.00, 0.00, 0.00, 0.00, 0.00, 0.00, 0.00, 0.00
2022,  0,  67.367,  0.98,  1, 0.68, 0.54, 1.35, 0.00, 0.01, 0.45, 0.00, 0.00, 0.00, 1.23, 0.55, 0.21, 0.00, 0.00, 0.07, 0.87, 0.00, 0.00, 1.00, 1.00, 0.00, 0.00, 1.00, 0.00, 0.00, 0.00, 1.00, 0.00, 0.00, 0.00, 0.00, 0.00, 0.00, 0.00, 0.00
2023,  0,  67.400,  0.98,  1, 0.70, 0.63, 1.33, 0.00, 0.01, 0.40, 0.00, 0.00, 0.00, 1.29, 0.60, 0.18, 0.00, 0.00, 0.11, 0.79, 0.00, 0.00, 1.00, 1.00, 0.00, 0.00, 1.00, 0.00, 0.00, 0.00, 1.00, 0.00, 0.00, 0.00, 0.00, 0.00, 0.00, 0.00, 0.00
2024,  0,  67.433,  0.98,  1, 0.73, 0.79, 1.28, 0.00, 0.00, 0.33, 0.00, 0.00, 0.00, 1.30, 0.63, 0.13, 0.00, 0.00, 0.13, 0.79, 0.00, 0.00, 1.00, 1.00, 0.00, 0.00, 1.00, 0.00, 0.00, 0.00, 1.00, 0.00, 0.00, 0.00, 0.00, 0.00, 0.00, 0.00, 0.00
2025,  0,  67.467,  0.98,  1, 0.74, 0.86, 1.20, 0.00, 0.00, 0.39, 0.00, 0.00, 0.00, 1.18, 0.70, 0.13, 0.00, 0.00, 0.12, 0.77, 0.00, 0.00, 1.00, 1.00, 0.00, 0.00, 1.00, 0.00, 0.00, 0.00, 1.00, 0.00, 0.00, 0.00, 0.00, 0.00, 0.00, 0.00, 0.00
2026,  0,  67.500,  0.98,  1, 0.78, 0.87, 1.17, 0.00, 0.00, 0.49, 0.00, 0.00, 0.00, 1.04, 0.62, 0.09, 0.00, 0.00, 0.08, 0.78, 0.00, 0.00, 1.00, 1.00, 0.00, 0.00, 1.00, 0.00, 0.00, 0.00, 1.00, 0.00, 0.00, 0.00, 0.00, 0.00, 0.00, 0.00, 0.00
2027,  0,  67.533,  0.98,  1, 0.79, 0.90, 1.14, 0.00, 0.04, 0.54, 0.00, 0.00, 0.00, 0.92, 0.54, 0.05, 0.00, 0.00, 0.06, 0.70, 0.00, 0.00, 1.00, 1.00, 0.00, 0.00, 1.00, 0.00, 0.00, 0.00, 1.00, 0.00, 0.00, 0.00, 0.00, 0.00, 0.00, 0.00, 0.00
2028,  0,  67.567,  0.98,  1, 0.76, 1.04, 1.19, 0.00, 0.09, 0.75, 0.00, 0.00, 0.00, 0.90, 0.48, 0.00, 0.00, 0.05, 0.00, 0.80, 0.00, 0.00, 1.00, 1.00, 0.00, 0.00, 1.00, 0.00, 0.00, 0.00, 1.00, 0.00, 0.00, 0.00, 0.00, 0.00, 0.00, 0.00, 0.00
2029,  0,  67.600,  0.98,  1, 0.65, 0.96, 1.19, 0.00, 0.15, 0.77, 0.01, 0.00, 0.00, 0.91, 0.48, 0.00, 0.00, 0.10, 0.00, 0.87, 0.00, 0.00, 1.00, 1.00, 0.00, 0.00, 1.00, 0.00, 0.00, 0.00, 1.00, 0.00, 0.00, 0.00, 0.00, 0.00, 0.00, 0.00, 0.00
2030,  0,  67.633,  0.98,  1, 0.59, 0.95, 1.16, 0.00, 0.17, 0.92, 0.01, 0.00, 0.00, 0.98, 0.54, 0.00, 0.00, 0.15, 0.00, 0.98, 0.00, 0.00, 1.00, 1.00, 0.00, 0.00, 1.00, 0.00, 0.00, 0.00, 1.00, 0.00, 0.00, 0.00, 0.00, 0.00, 0.00, 0.00, 0.00
2031,  0,  67.667,  0.98,  1, 0.57, 0.80, 1.01, 0.00, 0.18, 0.77, 0.01, 0.00, 0.00, 0.99, 0.50, 0.00, 0.00, 0.17, 0.00, 0.90, 0.00, 0.00, 1.00, 1.00, 0.00, 0.00, 1.00, 0.00, 0.00, 0.00, 1.00, 0.00, 0.00, 0.00, 0.00, 0.00, 0.00, 0.00, 0.00
2032,  0,  67.700,  0.98,  1, 0.59, 0.75, 1.01, 0.00, 0.21, 0.76, 0.00, 0.00, 0.01, 0.95, 0.63, 0.00, 0.00, 0.12, 0.07, 0.97, 0.00, 0.00, 1.00, 1.00, 0.00, 0.00, 1.00, 0.00, 0.00, 0.00, 1.00, 0.00, 0.00, 0.00, 0.00, 0.00, 0.00, 0.00, 0.00
2033,  0,  67.733,  0.98,  1, 0.59, 0.66, 1.10, 0.00, 0.24, 0.67, 0.00, 0.00, 0.04, 0.85, 0.67, 0.00, 0.00, 0.07, 0.23, 1.05, 0.00, 0.00, 1.00, 1.00, 0.00, 0.00, 1.00, 0.00, 0.00, 0.00, 1.00, 0.00, 0.00, 0.00, 0.00, 0.00, 0.00, 0.00, 0.00
2034,  0,  67.767,  0.98,  1, 0.63, 0.71, 1.25, 0.00, 0.29, 0.66, 0.01, 0.00, 0.10, 0.86, 0.72, 0.00, 0.00, 0.00, 0.41, 1.19, 0.00, 0.00, 1.00, 1.00, 0.00, 0.00, 1.00, 0.00, 0.00, 0.00, 1.00, 0.00, 0.00, 0.00, 0.00, 0.00, 0.00, 0.00, 0.00
2035,  0,  67.800,  0.98,  1, 0.65, 0.69, 1.36, 0.00, 0.30, 0.75, 0.01, 0.00, 0.15, 0.81, 0.70, 0.00, 0.00, 0.00, 0.64, 1.15, 0.00, 0.00, 1.00, 1.00, 0.00, 0.00, 1.00, 0.00, 0.00, 0.00, 1.00, 0.00, 0.00, 0.00, 0.00, 0.00, 0.00, 0.00, 0.00
2036,  0,  67.833,  0.98,  1, 0.66, 0.66, 1.45, 0.00, 0.30, 0.87, 0.01, 0.00, 0.17, 0.76, 0.63, 0.00, 0.00, 0.00, 0.76, 1.24, 0.00, 0.00, 1.00, 1.00, 0.00, 0.00, 1.00, 0.00, 0.00, 0.00, 1.00, 0.00, 0.00, 0.00, 0.00, 0.00, 0.00, 0.00, 0.00
2037,  0,  67.867,  0.98,  1, 0.66, 0.53, 1.48, 0.00, 0.27, 1.04, 0.00, 0.00, 0.20, 0.66, 0.59, 0.00, 0.00, 0.00, 1.01, 1.31, 0.00, 0.00, 1.00, 1.00, 0.00, 0.00, 1.00, 0.00, 0.00, 0.00, 1.00, 0.00, 0.00, 0.00, 0.00, 0.00, 0.00, 0.00, 0.00
2038,  0,  67.900,  0.98,  1, 0.68, 0.55, 1.37, 0.00, 0.23, 1.15, 0.00, 0.00, 0.19, 0.70, 0.39, 0.00, 0.00, 0.00, 1.20, 1.53, 0.00, 0.00, 1.00, 1.00, 0.00, 0.00, 1.00, 0.00, 0.00, 0.00, 1.00, 0.00, 0.00, 0.00, 0.00, 1.00, 0.00, 0.00, 0.00
2039,  0,  67.933,  0.98,  1, 0.67, 0.54, 1.27, 0.00, 0.24, 1.34, 0.00, 0.00, 0.24, 0.71, 0.28, 0.00, 0.00, 0.00, 1.46, 1.64, 0.00, 0.00, 1.00, 1.00, 0.00, 0.00, 1.00, 0.00, 1.00, 0.00, 1.00, 0.00, 0.00, 0.00, 0.00, 1.00, 0.00, 0.00, 0.00
2040,  0,  67.967,  0.98,  1, 0.73, 0.55, 1.25, 0.00, 0.17, 1.28, 0.00, 0.00, 0.22, 0.53, 0.27, 0.00, 0.00, 0.00, 1.53, 1.46, 0.00, 0.00, 1.00, 1.00, 0.00, 0.00, 1.00, 0.00, 1.00, 0.00, 1.00, 0.00, 0.00, 0.00, 0.00, 1.00, 0.00, 0.00, 0.00
2041,  0,  68.000,  0.98,  1, 0.75, 0.57, 1.32, 0.00, 0.15, 1.09, 0.00, 0.00, 0.24, 0.32, 0.25, 0.00, 0.00, 0.00, 1.47, 1.21, 0.00, 0.00, 1.00, 1.00, 0.00, 0.00, 1.00, 0.00, 1.00, 0.00, 1.00, 0.00, 0.00, 0.00, 0.00, 1.00, 0.00, 0.00, 0.00
2042,  0,  68.033,  0.98,  1, 0.76, 0.54, 1.37, 0.00, 0.09, 0.75, 0.00, 0.00, 0.23, 0.17, 0.23, 0.00, 0.00, 0.00, 1.40, 1.02, 0.00, 0.00, 1.00, 1.00, 0.00, 0.00, 1.00, 0.00, 1.00, 0.00, 1.00, 0.00, 0.00, 0.00, 0.00, 1.00, 0.00, 0.00, 0.00
2043,  0,  68.067,  0.98,  1, 0.72, 0.52, 1.39, 0.00, 0.08, 0.53, 0.00, 0.00, 0.22, 0.24, 0.20, 0.00, 0.00, 0.00, 1.46, 1.04, 0.00, 0.00, 1.00, 1.00, 0.00, 0.00, 1.00, 0.00, 1.00, 0.00, 1.00, 0.00, 0.00, 0.00, 0.00, 1.00, 0.00, 0.00, 0.00
2044,  0,  68.100,  0.98,  1, 0.73, 0.52, 1.53, 0.00, 0.07, 0.52, 0.00, 0.00, 0.23, 0.40, 0.33, 0.00, 0.00, 0.00, 1.64, 1.06, 0.00, 0.00, 1.00, 1.00, 0.00, 0.00, 1.00, 0.00, 1.00, 0.00, 1.00, 0.00, 0.00, 0.00, 0.00, 1.00, 0.00, 0.00, 0.00
2045,  0,  68.133,  0.98,  1, 0.75, 0.47, 1.60, 0.00, 0.06, 0.59, 0.03, 0.00, 0.21, 0.53, 0.37, 0.00, 0.00, 0.00, 1.70, 1.08, 0.00, 0.00, 1.00, 1.00, 0.00, 0.00, 1.00, 0.00, 1.00, 0.00, 1.00, 0.00, 0.00, 0.00, 0.00, 1.00, 0.00, 0.00, 0.00
2046,  0,  68.167,  0.98,  1, 0.78, 0.40, 1.64, 0.00, 0.07, 0.78, 0.03, 0.00, 0.23, 0.46, 0.30, 0.00, 0.00, 0.00, 1.73, 1.08, 0.00, 0.00, 1.00, 1.00, 0.00, 0.00, 1.00, 0.00, 1.00, 0.00, 1.00, 0.00, 0.00, 0.00, 0.00, 1.00, 0.00, 0.00, 0.00
2047,  0,  68.200,  0.98,  1, 0.77, 0.37, 1.47, 0.00, 0.04, 0.87, 0.03, 0.00, 0.26, 0.32, 0.32, 0.00, 0.00, 0.00, 1.73, 1.03, 0.00, 0.00, 1.00, 1.00, 0.00, 0.00, 1.00, 0.00, 1.00, 0.00, 1.00, 0.00, 0.00, 0.00, 0.00, 1.00, 0.00, 0.00, 0.00
2048,  0,  68.233,  0.98,  1, 0.72, 0.35, 1.43, 0.00, 0.04, 0.81, 0.01, 0.00, 0.26, 0.30, 0.31, 0.00, 0.00, 0.00, 1.73, 1.07, 0.00, 0.00, 1.00, 1.00, 0.00, 0.00, 1.00, 0.00, 1.00, 0.00, 1.00, 0.00, 0.00, 0.00, 0.00, 1.00, 0.00, 0.00, 0.00
2049,  0,  68.267,  0.98,  1, 0.69, 0.33, 1.45, 0.00, 0.03, 0.70, 0.04, 0.00, 0.24, 0.35, 0.43, 0.00, 0.00, 0.00, 1.70, 1.15, 0.00, 0.00, 1.00, 1.00, 0.00, 0.00, 1.00, 0.00, 1.00, 0.00, 1.00, 0.00, 0.00, 0.00, 0.00, 1.00, 0.00, 0.00, 0.00
2050,  0,  68.300,  0.98,  1, 0.61, 0.33, 1.47, 0.00, 0.10, 0.67, 0.04, 0.00, 0.20, 0.57, 0.34, 0.00, 0.00, 0.00, 1.50, 1.18, 0.00, 0.00, 1.00, 1.00, 0.00, 0.00, 1.00, 0.00, 1.00, 0.00, 1.00, 0.00, 0.00, 0.00, 0.00, 1.00, 0.00, 0.00, 0.00
2051,  0,  68.333,  0.98,  1, 0.60, 0.47, 1.44, 0.00, 0.15, 0.71, 0.03, 0.00, 0.20, 0.66, 0.44, 0.00, 0.00, 0.00, 1.39, 1.14, 0.00, 0.00, 1.00, 1.00, 0.00, 0.00, 1.00, 0.00, 1.00, 0.00, 1.00, 0.00, 0.00, 0.00, 0.00, 1.00, 0.00, 0.00, 0.00
2052,  0,  68.367,  0.98,  1, 0.47, 0.48, 1.33, 0.00, 0.18, 0.81, 0.00, 0.00, 0.20, 0.74, 0.44, 0.00, 0.00, 0.00, 1.10, 1.24, 0.00, 0.00, 1.00, 1.00, 0.00, 0.00, 1.00, 0.00, 0.00, 0.00, 1.00, 0.00, 0.00, 0.00, 0.00, 1.00, 0.00, 0.00, 0.00
2053,  0,  68.400,  0.98,  1, 0.38, 0.43, 1.32, 0.00, 0.14, 0.69, 0.00, 0.00, 0.18, 0.76, 0.56, 0.00, 0.00, 0.00, 0.89, 1.24, 0.00, 0.00, 1.00, 1.00, 0.00, 0.00, 1.00, 0.00, 0.00, 0.00, 1.00, 0.00, 0.00, 0.00, 0.00, 0.00, 0.00, 0.00, 0.00
2054,  0,  68.433,  0.98,  1, 0.34, 0.46, 1.34, 0.00, 0.06, 0.79, 0.00, 0.00, 0.15, 0.69, 0.56, 0.00, 0.00, 0.00, 0.58, 1.30, 0.00, 0.00, 1.00, 1.00, 0.00, 0.00, 1.00, 0.00, 0.00, 0.00, 1.00, 0.00, 0.00, 0.00, 0.00, 0.00, 0.00, 0.00, 0.00
2055,  0,  68.467,  0.98,  1, 0.36, 0.55, 1.34, 0.00, 0.04, 0.83, 0.00, 0.00, 0.14, 0.76, 0.74, 0.00, 0.00, 0.00, 0.47, 1.21, 0.00, 0.00, 1.00, 1.00, 0.00, 0.00, 1.00, 0.00, 0.00, 0.00, 1.00, 0.00, 0.00, 0.00, 0.00, 0.00, 0.00, 0.00, 0.00
2056,  0,  68.500,  0.98,  1, 0.39, 0.64, 1.37, 0.00, 0.00, 0.89, 0.00, 0.00, 0.12, 0.60, 0.71, 0.00, 0.00, 0.00, 0.31, 1.18, 0.00, 0.00, 1.00, 1.00, 0.00, 0.00, 1.00, 0.00, 0.00, 0.00, 1.00, 0.00, 0.00, 0.00, 0.00, 0.00, 0.00, 0.00, 0.00
2057,  0,  68.533,  0.98,  1, 0.43, 0.71, 1.42, 0.00, 0.00, 0.85, 0.00, 0.00, 0.11, 0.61, 0.68, 0.00, 0.00, 0.00, 0.21, 1.06, 0.00, 0.00, 1.00, 1.00, 0.00, 0.00, 1.00, 0.00, 0.00, 0.00, 1.00, 0.00, 0.00, 0.00, 0.00, 0.00, 0.00, 0.00, 0.00
2058,  0,  68.567,  0.98,  1, 0.50, 0.82, 1.46, 0.00, 0.00, 0.72, 0.00, 0.00, 0.07, 0.53, 0.51, 0.00, 0.00, 0.00, 0.12, 0.92, 0.00, 0.00, 1.00, 1.00, 0.00, 0.00, 1.00, 0.00, 0.00, 0.00, 1.00, 0.00, 0.00, 0.00, 0.00, 0.00, 0.00, 0.00, 0.00
2059,  0,  68.600,  0.98,  1, 0.53, 0.78, 1.46, 0.00, 0.00, 0.67, 0.00, 0.00, 0.07, 0.59, 0.59, 0.00, 0.00, 0.00, 0.15, 0.87, 0.00, 0.00, 1.00, 1.00, 0.00, 0.00, 1.00, 0.00, 0.00, 0.00, 1.00, 0.00, 0.00, 0.00, 0.00, 0.00, 0.00, 0.00, 0.00
2060,  0,  68.633,  0.98,  1, 0.52, 0.63, 1.38, 0.00, 0.00, 0.60, 0.00, 0.00, 0.05, 0.68, 0.58, 0.00, 0.00, 0.00, 0.12, 0.86, 0.00, 0.00, 1.00, 1.00, 0.00, 0.00, 1.00, 0.00, 0.00, 0.00, 1.00, 0.00, 0.00, 0.00, 0.00, 0.00, 0.00, 0.00, 0.00
2061,  0,  68.667,  0.98,  1, 0.56, 0.48, 1.37, 0.00, 0.00, 0.71, 0.01, 0.00, 0.05, 0.82, 0.65, 0.00, 0.00, 0.00, 0.06, 0.94, 0.00, 0.00, 1.00, 1.00, 0.00, 0.00, 1.00, 0.00, 0.00, 0.00, 1.00, 0.00, 0.00, 0.00, 0.00, 0.00, 0.00, 0.00, 0.00
2062,  0,  68.700,  0.98,  1, 0.54, 0.40, 1.33, 0.00, 0.00, 0.81, 0.03, 0.00, 0.02, 0.87, 0.59, 0.00, 0.00, 0.00, 0.00, 0.95, 0.00, 0.00, 1.00, 1.00, 0.00, 0.00, 1.00, 0.00, 0.00, 0.00, 1.00, 0.00, 0.00, 0.00, 0.00, 0.00, 0.00, 0.00, 0.00
2063,  0,  68.733,  0.98,  1, 0.51, 0.43, 1.29, 0.00, 0.00, 0.81, 0.03, 0.00, 0.01, 0.77, 0.62, 0.00, 0.00, 0.00, 0.00, 0.88, 0.00, 0.00, 1.00, 1.00, 0.00, 0.00, 1.00, 0.00, 0.00, 0.00, 1.00, 0.00, 0.00, 0.00, 0.00, 0.00, 0.00, 0.00, 0.00
2064,  0,  68.767,  0.98,  1, 0.45, 0.41, 1.20, 0.00, 0.00, 0.82, 0.01, 0.00, 0.00, 0.68, 0.66, 0.00, 0.00, 0.00, 0.00, 0.91, 0.00, 0.00, 1.00, 1.00, 0.00, 0.00, 1.00, 0.00, 0.00, 0.00, 1.00, 0.00, 0.00, 0.00, 0.00, 0.00, 0.00, 0.00, 0.00
2065,  0,  68.800,  0.98,  1, 0.46, 0.43, 1.12, 0.00, 0.01, 0.77, 0.00, 0.00, 0.00, 0.70, 0.79, 0.00, 0.00, 0.00, 0.00, 1.10, 0.00, 0.00, 1.00, 1.00, 0.00, 0.00, 1.00, 0.00, 0.00, 0.00, 1.00, 0.00, 0.00, 0.00, 0.00, 0.00, 0.00, 0.00, 0.00
2066,  0,  68.833,  0.98,  1, 0.46, 0.33, 1.08, 0.00, 0.01, 0.73, 0.00, 0.00, 0.00, 0.72, 0.88, 0.00, 0.00, 0.00, 0.00, 1.30, 0.00, 0.00, 1.00, 1.00, 0.00, 0.00, 1.00, 0.00, 0.00, 0.00, 1.00, 0.00, 0.00, 0.00, 0.00, 0.00, 0.00, 0.00, 0.00
2067,  0,  68.867,  0.98,  1, 0.43, 0.33, 1.05, 0.00, 0.01, 0.64, 0.00, 0.00, 0.00, 0.69, 0.90, 0.00, 0.00, 0.00, 0.00, 1.22, 0.00, 0.00, 1.00, 1.00, 0.00, 0.00, 1.00, 0.00, 0.00, 0.00, 1.00, 0.00, 0.00, 0.00, 0.00, 0.00, 0.00, 0.00, 0.00
2068,  0,  68.900,  0.98,  1, 0.44, 0.31, 1.08, 0.00, 0.00, 0.53, 0.00, 0.00, 0.00, 0.61, 0.82, 0.00, 0.00, 0.00, 0.00, 1.05, 0.00, 0.00, 1.00, 1.00, 0.00, 0.00, 1.00, 0.00, 0.00, 0.00, 1.00, 0.00, 0.00, 0.00, 0.00, 0.00, 0.00, 0.00, 0.00
2069,  0,  68.933,  0.98,  1, 0.44, 0.31, 1.18, 0.00, 0.02, 0.57, 0.00, 0.00, 0.00, 0.63, 0.75, 0.00, 0.00, 0.00, 0.00, 0.92, 0.00, 0.00, 1.00, 1.00, 0.00, 0.00, 1.00, 0.00, 0.00, 0.00, 1.00, 0.00, 0.00, 0.00, 0.00, 0.00, 0.00, 0.00, 0.00
2070,  0,  68.967,  0.98,  1, 0.42, 0.26, 1.27, 0.00, 0.02, 0.51, 0.00, 0.00, 0.00, 0.63, 0.65, 0.00, 0.00, 0.00, 0.00, 0.96, 0.00, 0.00, 1.00, 1.00, 0.00, 0.00, 1.00, 0.00, 0.00, 0.00, 1.00, 0.00, 0.00, 0.00, 0.00, 0.00, 0.00, 0.00, 0.00
2071,  0,  69.000,  0.98,  1, 0.40, 0.25, 1.33, 0.00, 0.02, 0.58, 0.00, 0.00, 0.00, 0.61, 0.67, 0.00, 0.00, 0.00, 0.00, 1.02, 0.00, 0.00, 1.00, 1.00, 0.00, 0.00, 1.00, 0.00, 0.00, 0.00, 1.00, 0.00, 0.00, 0.00, 0.00, 0.00, 0.00, 0.00, 0.00
2072,  0,  69.033,  0.98,  1, 0.38, 0.33, 1.36, 0.00, 0.00, 0.56, 0.00, 0.00, 0.00, 0.50, 0.75, 0.00, 0.00, 0.00, 0.00, 0.99, 0.05, 0.00, 1.00, 1.00, 0.00, 0.00, 1.00, 0.00, 0.00, 0.00, 1.00, 0.00, 0.00, 0.00, 0.00, 0.00, 0.00, 0.00, 0.00
2073,  0,  69.067,  0.98,  1, 0.48, 0.35, 1.46, 0.00, 0.08, 0.81, 0.00, 0.00, 0.02, 0.49, 0.94, 0.00, 0.00, 0.00, 0.00, 0.94, 0.59, 0.00, 1.00, 1.00, 0.00, 0.00, 1.00, 0.00, 0.00, 0.00, 1.00, 0.00, 0.00, 0.00, 0.00, 0.00, 0.00, 0.00, 0.00
2074,  0,  69.100,  0.98,  1, 0.61, 0.42, 1.61, 0.04, 0.12, 0.80, 0.00, 0.00, 0.02, 0.62, 0.94, 0.00, 0.00, 0.00, 0.00, 0.76, 1.32, 0.00, 1.00, 1.00, 0.00, 0.00, 1.00, 0.00, 0.00, 0.00, 1.00, 0.00, 0.00, 0.00, 0.00, 0.00, 0.00, 0.00, 1.00
2075,  0,  69.133,  0.98,  1, 0.65, 0.36, 1.65, 0.04, 0.14, 0.71, 0.00, 0.00, 0.02, 0.76, 1.00, 0.00, 0.00, 0.00, 0.00, 0.70, 2.07, 0.00, 1.00, 1.00, 0.00, 0.00, 1.00, 0.00, 0.00, 0.00, 1.00, 0.00, 0.00, 0.00, 0.00, 0.00, 0.00, 0.00, 1.00
2076,  0,  69.167,  0.98,  1, 0.55, 0.31, 1.68, 0.04, 0.12, 0.58, 0.05, 0.00, 0.01, 0.92, 0.84, 0.00, 0.00, 0.00, 0.00, 0.57, 2.32, 0.00, 1.00, 1.00, 0.00, 0.00, 1.00, 0.00, 0.00, 0.00, 1.00, 0.00, 0.00, 0.00, 0.00, 0.00, 0.00, 0.00, 1.00
2077,  0,  69.200,  0.98,  1, 0.43, 0.31, 1.60, 0.00, 0.11, 0.65, 0.12, 0.00, 0.01, 1.01, 0.79, 0.00, 0.00, 0.00, 0.00, 0.51, 2.14, 0.00, 1.00, 1.00, 0.00, 0.00, 1.00, 0.00, 0.00, 0.00, 1.00, 0.00, 0.00, 0.00, 0.00, 0.00, 0.00, 0.00, 1.00
2078,  0,  69.233,  0.98,  1, 0.39, 0.48, 1.60, 0.00, 0.18, 0.98, 0.15, 0.00, 0.00, 1.11, 0.74, 0.00, 0.00, 0.00, 0.00, 0.59, 1.72, 0.00, 1.00, 1.00, 0.00, 0.00, 1.00, 0.00, 0.00, 0.00, 1.00, 0.00, 0.00, 0.00, 0.00, 0.00, 0.00, 0.00, 1.00
2079,  0,  69.267,  0.98,  1, 0.39, 0.65, 1.54, 0.00, 0.22, 1.22, 0.11, 0.00, 0.00, 1.13, 0.80, 0.00, 0.00, 0.00, 0.00, 0.61, 1.36, 0.00, 1.00, 1.00, 0.00, 0.00, 1.00, 0.00, 0.00, 0.00, 1.00, 0.00, 0.00, 0.00, 0.00, 0.00, 0.00, 0.00, 1.00
2080,  0,  69.300,  0.98,  1, 0.41, 0.76, 1.44, 0.00, 0.25, 1.37, 0.04, 0.00, 0.00, 1.03, 0.93, 0.00, 0.00, 0.00, 0.00, 0.73, 1.20, 0.00, 1.00, 1.00, 0.00, 0.00, 1.00, 0.00, 0.00, 0.00, 1.00, 0.00, 0.00, 0.00, 0.00, 0.00, 0.00, 0.00, 1.00
2081,  0,  69.333,  0.98,  1, 0.42, 0.81, 1.30, 0.00, 0.24, 1.20, 0.01, 0.00, 0.00, 1.01, 0.88, 0.00, 0.00, 0.00, 0.00, 0.74, 1.09, 0.00, 1.00, 1.00, 0.00, 0.00, 1.00, 0.00, 0.00, 0.00, 1.00, 0.00, 0.00, 0.00, 0.00, 0.00, 0.00, 0.00, 1.00
2082,  0,  69.367,  0.98,  1, 0.48, 0.97, 1.23, 0.00, 0.22, 0.83, 0.00, 0.00, 0.00, 0.96, 0.87, 0.00, 0.00, 0.00, 0.00, 0.80, 0.79, 0.00, 1.00, 1.00, 0.00, 0.00, 1.00, 0.00, 0.00, 0.00, 1.00, 0.00, 0.00, 0.00, 0.00, 0.00, 0.00, 0.00, 1.00
2083,  0,  69.400,  0.98,  1, 0.48, 1.06, 1.23, 0.00, 0.24, 0.57, 0.01, 0.00, 0.01, 0.99, 0.81, 0.00, 0.00, 0.00, 0.00, 0.79, 0.64, 0.00, 1.00, 1.00, 0.00, 0.00, 1.00, 0.00, 0.00, 0.00, 1.00, 0.00, 0.00, 0.00, 0.00, 0.00, 0.00, 0.00, 0.00
2084,  0,  69.433,  0.98,  1, 0.47, 1.09, 1.26, 0.00, 0.24, 0.53, 0.01, 0.00, 0.01, 0.99, 0.77, 0.00, 0.00, 0.00, 0.00, 0.68, 0.62, 0.00, 1.00, 1.00, 0.00, 0.00, 1.00, 0.00, 0.00, 0.00, 1.00, 0.00, 0.00, 0.00, 0.00, 0.00, 0.00, 0.00, 0.00
2085,  0,  69.467,  0.98,  1, 0.43, 1.03, 1.27, 0.00, 0.21, 0.52, 0.01, 0.00, 0.01, 1.01, 0.75, 0.00, 0.00, 0.00, 0.00, 0.71, 0.74, 0.00, 1.00, 1.00, 0.00, 0.00, 1.00, 0.00, 0.00, 0.00, 1.00, 0.00, 0.00, 0.00, 0.00, 0.00, 0.00, 0.00, 0.00
2086,  0,  69.500,  0.98,  1, 0.42, 0.91, 1.35, 0.00, 0.21, 0.43, 0.00, 0.00, 0.00, 0.99, 0.68, 0.00, 0.00, 0.00, 0.00, 0.84, 0.64, 0.00, 1.00, 1.00, 0.00, 0.00, 1.00, 0.00, 0.00, 0.00, 1.00, 0.00, 0.00, 0.00, 0.00, 0.00, 0.00, 0.00, 0.00
2087,  0,  69.533,  0.98,  1, 0.44, 0.85, 1.42, 0.00, 0.22, 0.26, 0.00, 0.00, 0.00, 0.94, 0.63, 0.00, 0.00, 0.00, 0.00, 0.97, 0.39, 0.00, 1.00, 1.00, 0.00, 0.00, 1.00, 0.00, 0.00, 0.00, 1.00, 0.00, 0.00, 0.00, 0.00, 0.00, 0.00, 0.00, 0.00
2088,  0,  69.567,  0.98,  1, 0.55, 1.03, 1.49, 0.00, 0.16, 0.22, 0.00, 0.00, 0.00, 0.89, 0.61, 0.00, 0.00, 0.00, 0.00, 1.08, 0.15, 0.00, 1.00, 1.00, 0.00, 0.00, 1.00, 0.00, 0.00, 0.00, 1.00, 0.00, 0.00, 0.00, 0.00, 0.00, 0.00, 0.00, 0.00
2089,  0,  69.600,  0.98,  1, 0.63, 1.27, 1.49, 0.00, 0.09, 0.30, 0.00, 0.00, 0.00, 0.93, 0.62, 0.00, 0.00, 0.00, 0.00, 1.11, 0.03, 0.00, 1.00, 1.00, 0.00, 0.00, 1.00, 0.00, 0.00, 0.00, 1.00, 0.00, 0.00, 0.00, 0.00, 0.00, 0.00, 0.00, 0.00
2090,  0,  69.633,  0.98,  1, 0.73, 1.48, 1.48, 0.00, 0.00, 0.34, 0.00, 0.00, 0.00, 1.00, 0.56, 0.00, 0.00, 0.00, 0.00, 1.11, 0.01, 0.00, 1.00, 1.00, 0.00, 0.00, 1.00, 0.00, 0.00, 0.00, 1.00, 0.00, 0.00, 0.00, 0.00, 0.00, 0.00, 0.00, 0.00
2091,  0,  69.667,  0.98,  1, 0.75, 1.40, 1.41, 0.00, 0.00, 0.30, 0.00, 0.00, 0.00, 1.01, 0.48, 0.00, 0.00, 0.00, 0.00, 1.04, 0.07, 0.00, 1.00, 1.00, 0.00, 0.00, 1.00, 0.00, 0.00, 0.00, 1.00, 0.00, 0.00, 0.00, 0.00, 0.00, 0.00, 0.00, 0.00
2092,  0,  69.700,  0.98,  1, 0.79, 1.36, 1.39, 0.00, 0.01, 0.19, 0.00, 0.00, 0.00, 1.03, 0.38, 0.00, 0.00, 0.00, 0.00, 0.99, 0.13, 0.00, 1.00, 1.00, 0.00, 0.00, 1.00, 0.00, 0.00, 0.00, 1.00, 0.00, 0.00, 0.00, 0.00, 0.00, 0.00, 0.00, 0.00
2093,  0,  69.733,  0.98,  1, 0.78, 1.25, 1.37, 0.00, 0.01, 0.12, 0.00, 0.00, 0.00, 1.02, 0.40, 0.01, 0.00, 0.01, 0.00, 0.92, 0.20, 0.00, 1.00, 1.00, 0.00, 0.00, 1.00, 0.00, 0.00, 0.00, 1.00, 0.00, 0.00, 0.00, 0.00, 0.00, 0.00, 0.00, 0.00
2094,  0,  69.767,  0.98,  1, 0.76, 1.29, 1.41, 0.00, 0.01, 0.14, 0.00, 0.00, 0.00, 1.08, 0.40, 0.02, 0.00, 0.03, 0.00, 0.87, 0.24, 0.00, 1.00, 1.00, 0.00, 0.00, 1.00, 0.00, 0.00, 0.00, 1.00, 0.00, 0.00, 0.00, 0.00, 0.00, 0.00, 0.00, 0.00
2095,  0,  69.800,  0.98,  1, 0.73, 1.26, 1.43, 0.00, 0.00, 0.10, 0.00, 0.00, 0.00, 1.08, 0.46, 0.05, 0.00, 0.04, 0.00, 0.83, 0.22, 0.00, 1.00, 1.00, 0.00, 0.00, 1.00, 0.00, 0.00, 0.00, 1.00, 0.00, 0.00, 0.00, 0.00, 0.00, 0.00, 0.00, 0.00
2096,  0,  69.833,  0.98,  1, 0.74, 1.24, 1.43, 0.00, 0.00, 0.14, 0.00, 0.00, 0.00, 1.08, 0.47, 0.06, 0.00, 0.03, 0.00, 0.84, 0.22, 0.00, 1.00, 1.00, 0.00, 0.00, 1.00, 0.00, 0.00, 0.00, 1.00, 0.00, 0.00, 0.00, 0.00, 0.00, 0.00, 0.00, 0.00
2097,  0,  69.867,  0.98,  1, 0.73, 1.09, 1.41, 0.00, 0.00, 0.06, 0.00, 0.00, 0.00, 1.08, 0.51, 0.05, 0.00, 0.05, 0.00, 0.90, 0.16, 0.00, 1.00, 1.00, 0.00, 0.00, 1.00, 0.00, 0.00, 0.00, 1.00, 0.00, 0.00, 0.00, 0.00, 0.00, 0.00, 0.00, 0.00
2098,  0,  69.900,  0.98,  1, 0.66, 1.02, 1.37, 0.00, 0.00, 0.24, 0.00, 0.00, 0.00, 1.02, 0.59, 0.07, 0.00, 0.04, 0.00, 0.92, 0.11, 0.00, 1.00, 1.00, 0.00, 0.00, 1.00, 0.00, 0.00, 0.00, 1.00, 0.00, 0.00, 0.00, 0.00, 0.00, 0.00, 0.00, 0.00
2099,  0,  69.933,  0.98,  1, 0.58, 0.87, 1.38, 0.00, 0.02, 0.30, 0.00, 0.00, 0.00, 0.96, 0.60, 0.06, 0.00, 0.03, 0.00, 0.91, 0.05, 0.00, 1.00, 1.00, 0.00, 0.00, 1.00, 0.00, 0.00, 0.00, 1.00, 0.00, 0.00, 0.00, 0.00, 0.00, 0.00, 0.00, 0.00
2100,  0,  69.967,  0.98,  1, 0.49, 0.92, 1.44, 0.00, 0.05, 0.56, 0.00, 0.00, 0.00, 0.89, 0.56, 0.06, 0.00, 0.04, 0.00, 0.89, 0.00, 0.00, 1.00, 1.00, 0.00, 0.00, 1.00, 0.00, 0.00, 0.00, 1.00, 0.00, 0.00, 0.00, 0.00, 0.00, 0.00, 0.00, 0.00
2101,  0,  70.000,  0.98,  1, 0.44, 0.90, 1.48, 0.00, 0.06, 0.54, 0.00, 0.00, 0.00, 0.93, 0.57, 0.02, 0.00, 0.09, 0.00, 0.92, 0.00, 0.00, 1.00, 1.00, 0.00, 0.00, 1.00, 0.00, 0.00, 0.00, 1.00, 0.00, 0.00, 0.00, 0.00, 0.00, 0.00, 0.00, 0.00
2102,  0,  70.033,  0.98,  1, 0.39, 1.01, 1.51, 0.00, 0.04, 0.61, 0.00, 0.00, 0.00, 0.96, 0.60, 0.00, 0.00, 0.13, 0.00, 0.98, 0.00, 0.00, 1.00, 1.00, 0.00, 0.00, 1.00, 0.00, 0.00, 0.00, 1.00, 0.00, 0.00, 0.00, 0.00, 0.00, 0.00, 0.00, 0.00
2103,  0,  70.067,  0.98,  1, 0.36, 0.97, 1.51, 0.00, 0.04, 0.55, 0.00, 0.00, 0.00, 1.03, 0.70, 0.00, 0.00, 0.13, 0.00, 1.00, 0.00, 0.00, 1.00, 1.00, 0.00, 0.00, 1.00, 0.00, 0.00, 0.00, 1.00, 0.00, 0.00, 0.00, 0.00, 0.00, 0.00, 0.00, 0.00
2104,  0,  70.100,  0.98,  1, 0.33, 0.96, 1.50, 0.00, 0.03, 0.64, 0.00, 0.00, 0.00, 1.05, 0.60, 0.00, 0.00, 0.12, 0.00, 1.05, 0.00, 0.00, 1.00, 1.00, 0.00, 0.00, 1.00, 0.00, 0.00, 0.00, 1.00, 0.00, 0.00, 0.00, 0.00, 0.00, 0.00, 0.00, 0.00
2105,  0,  70.133,  0.98,  1, 0.24, 0.81, 1.42, 0.00, 0.07, 0.67, 0.00, 0.00, 0.01, 1.15, 0.55, 0.00, 0.00, 0.13, 0.00, 1.15, 0.00, 0.00, 1.00, 1.00, 0.00, 0.00, 1.00, 0.00, 0.00, 0.00, 1.00, 0.00, 0.00, 0.00, 0.00, 0.00, 0.00, 0.00, 0.00
2106,  0,  70.167,  0.98,  1, 0.20, 0.78, 1.35, 0.00, 0.12, 0.77, 0.00, 0.00, 0.07, 1.20, 0.49, 0.00, 0.00, 0.17, 0.00, 1.15, 0.00, 0.00, 1.00, 1.00, 0.00, 0.00, 1.00, 0.00, 0.00, 0.00, 1.00, 0.00, 0.00, 0.00, 0.00, 0.00, 0.00, 0.00, 0.00
2107,  0,  70.200,  0.98,  1, 0.16, 0.62, 1.29, 0.00, 0.19, 0.90, 0.00, 0.00, 0.16, 1.22, 0.40, 0.00, 0.00, 0.24, 0.00, 1.03, 0.00, 0.00, 1.00, 1.00, 0.00, 0.00, 1.00, 0.00, 0.00, 0.00, 1.00, 0.00, 0.00, 0.00, 0.00, 0.00, 0.00, 0.00, 0.00
2108,  0,  70.233,  0.98,  1, 0.16, 0.62, 1.29, 0.00, 0.24, 0.99, 0.00, 0.00, 0.22, 1.08, 0.34, 0.00, 0.00, 0.27, 0.00, 0.84, 0.00, 0.00, 1.00, 1.00, 0.00, 0.00, 1.00, 0.00, 0.00, 0.00, 1.00, 0.00, 0.00, 0.00, 0.00, 0.00, 0.00, 0.00, 0.00
2109,  0,  70.267,  0.98,  1, 0.17, 0.53, 1.32, 0.00, 0.34, 1.13, 0.00, 0.00, 0.26, 1.01, 0.34, 0.00, 0.00, 0.28, 0.00, 0.70, 0.00, 0.00, 1.00, 1.00, 0.00, 0.00, 1.00, 0.00, 0.00, 0.00, 1.00, 0.00, 0.00, 0.00, 0.00, 0.00, 0.00, 0.00, 0.00
2110,  0,  70.300,  0.98,  1, 0.23, 0.62, 1.36, 0.00, 0.43, 1.28, 0.09, 0.00, 0.29, 1.09, 0.46, 0.00, 0.00, 0.27, 0.00, 0.63, 0.00, 0.00, 1.00, 1.00, 0.00, 0.00, 1.00, 0.00, 1.00, 0.00, 1.00, 0.00, 0.00, 0.00, 0.00, 0.00, 0.00, 0.00, 0.00
2111,  0,  70.333,  0.98,  1, 0.32, 0.81, 1.41, 0.00, 0.52, 1.50, 0.16, 0.00, 0.34, 1.23, 0.61, 0.00, 0.00, 0.29, 0.00, 0.50, 0.00, 0.00, 1.00, 1.00, 0.00, 0.00, 1.00, 0.00, 1.00, 0.00, 1.00, 0.00, 0.00, 0.00, 0.00, 0.00, 0.00, 0.00, 0.00
2112,  0,  70.367,  0.98,  1, 0.34, 0.90, 1.36, 0.00, 0.55, 1.42, 0.24, 0.00, 0.39, 1.46, 0.62, 0.00, 0.00, 0.32, 0.00, 0.53, 0.00, 0.00, 1.00, 1.00, 0.00, 0.00, 1.00, 0.00, 1.00, 0.00, 1.00, 0.00, 0.00, 0.00, 0.00, 0.00, 0.00, 0.00, 0.00
2113,  0,  70.400,  0.98,  1, 0.29, 0.86, 1.25, 0.00, 0.56, 1.27, 0.25, 0.00, 0.47, 1.60, 0.53, 0.00, 0.00, 0.37, 0.00, 0.57, 0.08, 0.00, 1.00, 1.00, 0.00, 0.00, 1.00, 0.00, 1.00, 0.00, 1.00, 0.00, 0.00, 0.00, 0.00, 0.00, 0.00, 0.00, 0.00
2114,  0,  70.433,  0.98,  1, 0.22, 0.79, 1.13, 0.00, 0.57, 1.23, 0.28, 0.00, 0.56, 1.74, 0.35, 0.00, 0.00, 0.43, 0.00, 0.65, 0.12, 0.00, 1.00, 1.00, 0.00, 0.00, 1.00, 0.00, 1.00, 0.00, 1.00, 0.00, 0.00, 0.00, 0.00, 0.00, 0.00, 0.00, 0.00
2115,  0,  70.467,  0.98,  1, 0.13, 0.69, 1.10, 0.00, 0.63, 1.21, 0.30, 0.00, 0.69, 1.74, 0.39, 0.00, 0.00, 0.48, 0.01, 0.75, 0.15, 0.00, 1.00, 1.00, 0.00, 0.00, 1.00, 0.00, 1.00, 0.00, 1.00, 0.00, 0.00, 0.00, 0.00, 0.00, 0.00, 0.00, 0.00
2116,  0,  70.500,  0.98,  1, 0.09, 0.64, 1.13, 0.00, 0.71, 1.22, 0.29, 0.01, 0.83, 1.61, 0.41, 0.00, 0.00, 0.47, 0.28, 0.83, 0.24, 0.00, 1.00, 1.00, 0.00, 0.00, 1.00, 0.00, 1.00, 0.00, 1.00, 0.00, 0.00, 0.00, 0.00, 0.00, 0.00, 0.00, 0.00
2117,  0,  70.533,  0.98,  1, 0.04, 0.33, 1.22, 0.00, 0.79, 1.26, 0.29, 0.13, 1.01, 1.47, 0.48, 0.00, 0.00, 0.38, 0.65, 0.84, 0.24, 0.00, 1.00, 1.00, 0.00, 0.00, 1.00, 0.00, 1.00, 0.00, 1.00, 0.00, 0.00, 0.00, 0.00, 0.00, 0.00, 0.00, 0.00
2118,  0,  70.567,  0.98,  1, 0.05, 0.19, 1.24, 0.00, 0.85, 1.52, 0.26, 0.28, 1.16, 1.55, 0.33, 0.00, 0.00, 0.27, 1.02, 0.73, 0.24, 0.00, 1.00, 1.00, 0.00, 0.00, 1.00, 0.00, 1.00, 0.00, 1.00, 0.00, 0.00, 0.00, 0.00, 1.00, 0.00, 0.00, 0.00
2119,  0,  70.600,  0.98,  1, 0.02, 0.02, 1.28, 0.00, 0.89, 1.78, 0.24, 0.44, 1.27, 1.69, 0.23, 0.00, 0.00, 0.16, 1.22, 0.68, 0.07, 0.00, 1.00, 1.00, 0.00, 0.00, 1.00, 0.00, 1.00, 0.00, 1.00, 0.00, 0.00, 0.00, 0.00, 1.00, 0.00, 0.00, 0.00
2120,  0,  70.633,  0.98,  1, 0.02, 0.06, 1.21, 0.00, 0.95, 2.03, 0.27, 0.57, 1.36, 1.84, 0.14, 0.00, 0.00, 0.10, 1.33, 0.70, 0.03, 0.00, 1.00, 1.00, 0.00, 0.00, 1.00, 0.00, 1.00, 0.00, 1.00, 0.00, 0.00, 0.00, 0.00, 1.00, 0.00, 0.00, 0.00
2121,  0,  70.667,  0.98,  1, 0.00, 0.05, 1.27, 0.00, 1.06, 2.16, 0.29, 0.71, 1.52, 1.80, 0.14, 0.00, 0.00, 0.06, 1.48, 0.72, 0.00, 0.00, 1.00, 1.00, 0.00, 1.00, 1.00, 0.00, 1.00, 0.00, 1.00, 0.00, 0.00, 0.00, 0.00, 1.00, 0.00, 0.00, 0.00
2122,  0,  70.700,  0.98,  1, 0.00, 0.05, 1.30, 0.00, 1.27, 2.20, 0.25, 0.80, 1.72, 1.84, 0.20, 0.00, 0.00, 0.10, 1.55, 0.59, 0.00, 0.00, 1.00, 1.00, 0.00, 1.00, 1.00, 0.00, 1.00, 1.00, 1.00, 0.00, 0.00, 0.00, 0.00, 1.00, 0.00, 0.00, 0.00
2123,  0,  70.733,  0.98,  1, 0.00, 0.00, 1.44, 0.00, 1.46, 2.17, 0.18, 0.84, 1.88, 1.93, 0.24, 0.00, 0.00, 0.13, 1.63, 0.60, 0.00, 0.00, 1.00, 1.00, 0.00, 1.00, 1.00, 0.00, 1.00, 1.00, 1.00, 0.00, 0.00, 0.00, 0.00, 1.00, 0.00, 0.00, 0.00
2124,  0,  70.767,  0.98,  1, 0.00, 0.00, 1.53, 0.00, 1.59, 2.19, 0.19, 0.94, 1.99, 1.94, 0.26, 0.00, 0.00, 0.18, 1.46, 0.64, 0.00, 0.00, 1.00, 1.00, 0.00, 1.00, 1.00, 0.00, 1.00, 1.00, 1.00, 0.00, 0.00, 0.00, 0.00, 1.00, 0.00, 0.00, 0.00
2125,  0,  70.800,  0.98,  1, 0.00, 0.00, 1.56, 0.00, 1.65, 2.40, 0.24, 1.11, 2.09, 1.89, 0.22, 0.00, 0.00, 0.16, 1.41, 0.74, 0.00, 0.00, 1.00, 1.00, 0.00, 1.00, 1.00, 0.00, 1.00, 1.00, 1.00, 0.00, 0.00, 0.00, 0.00, 1.00, 0.00, 0.00, 0.00
2126,  0,  70.833,  0.98,  1, 0.00, 0.00, 1.48, 0.00, 1.67, 2.50, 0.18, 1.16, 2.21, 1.83, 0.14, 0.00, 0.00, 0.15, 1.37, 0.67, 0.00, 0.00, 0.00, 1.00, 0.00, 1.00, 1.00, 0.00, 1.00, 1.00, 1.00, 0.00, 0.00, 0.00, 0.00, 1.00, 0.00, 0.00, 0.00
2127,  0,  70.867,  0.98,  1, 0.00, 0.00, 1.37, 0.00, 1.69, 2.65, 0.12, 1.18, 2.29, 1.89, 0.06, 0.00, 0.00, 0.12, 1.58, 0.56, 0.00, 0.00, 0.00, 1.00, 1.00, 1.00, 1.00, 0.00, 1.00, 1.00, 1.00, 0.00, 0.00, 0.00, 0.00, 1.00, 0.00, 0.00, 0.00
2128,  0,  70.900,  0.98,  1, 0.00, 0.00, 1.39, 0.00, 1.74, 2.62, 0.06, 1.10, 2.28, 1.97, 0.02, 0.00, 0.00, 0.10, 1.69, 0.52, 0.00, 0.00, 0.00, 1.00, 1.00, 1.00, 1.00, 0.00, 1.00, 1.00, 1.00, 0.00, 0.00, 0.00, 0.00, 1.00, 0.00, 0.00, 0.00
2129,  0,  70.933,  0.98,  1, 0.00, 0.04, 1.46, 0.00, 1.73, 2.65, 0.06, 1.13, 2.27, 2.04, 0.00, 0.00, 0.00, 0.07, 1.79, 0.52, 0.00, 0.00, 0.00, 1.00, 1.00, 1.00, 1.00, 0.00, 1.00, 1.00, 1.00, 0.00, 0.00, 0.00, 0.00, 1.00, 0.00, 0.00, 0.00
2130,  0,  70.967,  0.98,  1, 0.00, 0.12, 1.60, 0.00, 1.75, 2.56, 0.04, 1.14, 2.23, 2.04, 0.00, 0.00, 0.00, 0.04, 1.88, 0.52, 0.00, 0.00, 0.00, 1.00, 1.00, 1.00, 1.00, 0.00, 1.00, 1.00, 1.00, 0.00, 0.00, 0.00, 0.00, 1.00, 0.00, 0.00, 0.00
2131,  0,  71.000,  0.98,  1, 0.00, 0.12, 1.57, 0.00, 1.72, 2.54, 0.03, 1.17, 2.24, 1.88, 0.00, 0.00, 0.00, 0.02, 1.97, 0.49, 0.00, 0.00, 0.00, 1.00, 1.00, 1.00, 1.00, 0.00, 1.00, 1.00, 1.00, 0.00, 0.00, 0.00, 0.00, 1.00, 0.00, 0.00, 0.00
2132,  0,  71.033,  0.98,  1, 0.00, 0.08, 1.52, 0.00, 1.73, 2.57, 0.03, 1.15, 2.22, 1.86, 0.00, 0.00, 0.00, 0.00, 1.92, 0.53, 0.00, 0.00, 0.00, 1.00, 1.00, 1.00, 1.00, 0.00, 1.00, 1.00, 1.00, 0.00, 0.00, 0.00, 0.00, 1.00, 0.00, 0.00, 0.00
2133,  0,  71.067,  0.98,  1, 0.00, 0.00, 1.41, 0.00, 1.75, 2.64, 0.03, 1.06, 2.18, 1.98, 0.00, 0.00, 0.00, 0.00, 1.90, 0.53, 0.00, 0.00, 0.00, 1.00, 1.00, 1.00, 1.00, 0.00, 1.00, 1.00, 1.00, 0.00, 0.00, 0.00, 0.00, 1.00, 0.00, 0.00, 0.00
2134,  0,  71.100,  0.98,  1, 0.00, 0.00, 1.38, 0.00, 1.72, 2.61, 0.01, 0.98, 2.12, 2.09, 0.00, 0.00, 0.00, 0.00, 1.85, 0.61, 0.00, 0.00, 0.00, 1.00, 1.00, 1.00, 1.00, 0.00, 1.00, 1.00, 1.00, 0.00, 0.00, 0.00, 0.00, 1.00, 0.00, 0.00, 0.00
2135,  0,  71.133,  0.98,  1, 0.00, 0.00, 1.41, 0.00, 1.78, 2.65, 0.01, 1.01, 2.13, 2.11, 0.00, 0.00, 0.00, 0.00, 1.84, 0.54, 0.00, 0.00, 0.00, 1.00, 1.00, 1.00, 1.00, 0.00, 1.00, 1.00, 1.00, 0.00, 0.00, 0.00, 0.00, 1.00, 0.00, 0.00, 0.00
2136,  0,  71.167,  0.98,  1, 0.00, 0.03, 1.42, 0.00, 1.85, 2.54, 0.04, 0.98, 2.14, 2.05, 0.02, 0.00, 0.00, 0.00, 1.75, 0.63, 0.00, 0.00, 0.00, 1.00, 1.00, 1.00, 1.00, 0.00, 1.00, 1.00, 1.00, 0.00, 0.00, 0.00, 0.00, 1.00, 0.00, 0.00, 0.00
2137,  0,  71.200,  0.98,  1, 0.00, 0.03, 1.48, 0.00, 1.96, 2.72, 0.11, 1.02, 2.18, 2.09, 0.07, 0.00, 0.00, 0.01, 1.69, 0.70, 0.00, 0.00, 0.00, 1.00, 1.00, 1.00, 1.00, 0.00, 1.00, 1.00, 1.00, 0.00, 0.00, 0.00, 1.00, 1.00, 0.00, 0.00, 0.00
2138,  0,  71.233,  0.98,  1, 0.00, 0.04, 1.41, 0.00, 1.97, 2.65, 0.16, 0.96, 2.15, 2.08, 0.08, 0.00, 0.00, 0.01, 1.68, 0.81, 0.00, 0.00, 0.00, 1.00, 1.00, 1.00, 1.00, 0.00, 1.00, 1.00, 1.00, 0.00, 0.00, 0.00, 1.00, 1.00, 0.00, 0.00, 0.00
2139,  0,  71.267,  0.98,  1, 0.00, 0.01, 1.36, 0.00, 1.92, 2.71, 0.19, 1.09, 2.14, 2.10, 0.06, 0.00, 0.00, 0.00, 1.73, 0.85, 0.00, 0.00, 0.00, 1.00, 1.00, 1.00, 1.00, 0.00, 1.00, 1.00, 1.00, 0.00, 0.00, 0.00, 1.00, 1.00, 0.00, 0.00, 0.00
2140,  0,  71.300,  0.98,  1, 0.00, 0.01, 1.29, 0.00, 1.88, 2.70, 0.15, 1.17, 2.15, 2.10, 0.01, 0.00, 0.00, 0.01, 1.79, 0.80, 0.00, 0.00, 0.00, 1.00, 1.00, 1.00, 1.00, 0.00, 1.00, 1.00, 1.00, 0.00, 0.00, 0.00, 1.00, 1.00, 0.00, 0.00, 0.00
2141,  0,  71.333,  0.98,  1, 0.00, 0.00, 1.27, 0.00, 1.87, 2.76, 0.14, 1.33, 2.14, 2.09, 0.00, 0.00, 0.00, 0.01, 1.79, 0.77, 0.00, 0.00, 0.00, 1.00, 1.00, 1.00, 1.00, 0.00, 1.00, 1.00, 1.00, 0.00, 0.00, 0.00, 1.00, 1.00, 0.00, 0.00, 0.00
2142,  0,  71.367,  0.98,  1, 0.00, 0.00, 1.21, 0.00, 1.85, 2.91, 0.11, 1.33, 2.11, 2.12, 0.00, 0.00, 0.00, 0.02, 1.87, 0.79, 0.00, 0.00, 0.00, 1.00, 1.00, 1.00, 1.00, 0.00, 1.00, 1.00, 1.00, 0.00, 0.00, 0.00, 1.00, 1.00, 0.00, 0.00, 0.00
2143,  0,  71.400,  0.98,  1, 0.00, 0.00, 1.22, 0.00, 1.80, 2.90, 0.09, 1.35, 2.04, 2.17, 0.00, 0.00, 0.00, 0.01, 1.91, 0.82, 0.00, 0.00, 0.00, 1.00, 1.00, 1.00, 1.00, 0.00, 1.00, 1.00, 1.00, 0.00, 0.00, 0.00, 1.00, 1.00, 1.00, 0.00, 0.00
2144,  0,  71.433,  0.98,  1, 0.00, 0.00, 1.32, 0.00, 1.76, 3.00, 0.12, 1.34, 1.98, 2.14, 0.00, 0.00, 0.00, 0.01, 1.98, 0.82, 0.00, 0.00, 0.00, 1.00, 1.00, 1.00, 1.00, 0.00, 1.00, 1.00, 1.00, 0.00, 0.00, 0.00, 1.00, 1.00, 1.00, 0.00, 0.00
2145,  0,  71.467,  0.98,  1, 0.00, 0.00, 1.40, 0.00, 1.73, 2.92, 0.20, 1.36, 1.87, 2.03, 0.00, 0.00, 0.00, 0.00, 1.86, 0.64, 0.00, 0.00, 0.00, 1.00, 1.00, 1.00, 1.00, 0.00, 1.00, 1.00, 1.00, 0.00, 0.00, 0.00, 1.00, 1.00, 1.00, 0.00, 0.00
2146,  0,  71.500,  0.98,  1, 0.00, 0.00, 1.34, 0.00, 1.67, 2.71, 0.25, 1.28, 1.68, 1.91, 0.00, 0.08, 0.00, 0.00, 1.75, 0.38, 0.00, 0.00, 0.00, 1.00, 1.00, 1.00, 1.00, 0.00, 1.00, 1.00, 1.00, 0.00, 0.00, 0.00, 1.00, 1.00, 1.00, 0.00, 0.00
2147,  0,  71.533,  0.98,  1, 0.00, 0.02, 1.29, 0.00, 1.54, 2.53, 0.18, 1.25, 1.53, 1.95, 0.06, 0.14, 0.00, 0.00, 1.63, 0.16, 0.00, 0.00, 0.00, 1.00, 1.00, 1.00, 1.00, 0.00, 1.00, 1.00, 1.00, 0.00, 0.00, 0.00, 1.00, 1.00, 0.00, 0.00, 0.00
2148,  0,  71.567,  0.98,  1, 0.00, 0.02, 1.40, 0.00, 1.40, 2.30, 0.16, 1.09, 1.34, 1.83, 0.17, 0.21, 0.00, 0.00, 1.53, 0.03, 0.00, 0.00, 0.00, 1.00, 1.00, 1.00, 1.00, 0.00, 1.00, 1.00, 1.00, 0.00, 0.00, 0.00, 1.00, 1.00, 0.00, 0.00, 0.00
2149,  0,  71.600,  0.98,  1, 0.00, 0.02, 1.55, 0.00, 1.37, 2.37, 0.20, 1.02, 1.30, 1.76, 0.24, 0.13, 0.00, 0.00, 1.59, 0.00, 0.00, 0.00, 0.00, 1.00, 1.00, 1.00, 1.00, 0.00, 1.00, 1.00, 1.00, 0.00, 0.00, 0.00, 1.00, 1.00, 0.00, 0.00, 0.00
2150,  0,  71.633,  0.98,  1, 0.00, 0.00, 1.68, 0.00, 1.44, 2.38, 0.25, 0.98, 1.33, 1.76, 0.21, 0.07, 0.00, 0.00, 1.73, 0.00, 0.00, 0.00, 0.00, 1.00, 1.00, 1.00, 1.00, 0.00, 1.00, 1.00, 1.00, 0.00, 0.00, 0.00, 1.00, 1.00, 0.00, 0.00, 0.00
2151,  0,  71.667,  0.98,  1, 0.00, 0.00, 1.68, 0.00, 1.53, 2.51, 0.23, 1.13, 1.47, 1.85, 0.09, 0.01, 0.00, 0.00, 1.91, 0.04, 0.00, 0.00, 0.00, 1.00, 1.00, 1.00, 1.00, 0.00, 1.00, 1.00, 1.00, 0.00, 0.00, 0.00, 1.00, 1.00, 0.00, 0.00, 0.00
2152,  0,  71.700,  0.98,  1, 0.00, 0.00, 1.73, 0.00, 1.62, 2.57, 0.16, 1.24, 1.57, 1.91, 0.02, 0.01, 0.00, 0.00, 1.99, 0.06, 0.00, 0.00, 0.00, 1.00, 1.00, 1.00, 1.00, 0.00, 1.00, 1.00, 1.00, 0.00, 0.00, 0.00, 0.00, 1.00, 0.00, 0.00, 0.00
2153,  0,  71.733,  0.98,  1, 0.00, 0.00, 1.66, 0.00, 1.60, 2.62, 0.17, 1.26, 1.55, 1.78, 0.00, 0.00, 0.00, 0.00, 2.04, 0.07, 0.00, 0.00, 0.00, 1.00, 1.00, 1.00, 1.00, 0.00, 1.00, 1.00, 1.00, 0.00, 0.00, 0.00, 0.00, 1.00, 0.00, 0.00, 0.00
2154,  0,  71.767,  0.98,  1, 0.00, 0.00, 1.64, 0.00, 1.57, 2.79, 0.24, 1.28, 1.42, 1.81, 0.00, 0.00, 0.00, 0.00, 1.88, 0.03, 0.01, 0.00, 0.00, 1.00, 1.00, 1.00, 1.00, 0.00, 1.00, 1.00, 1.00, 0.00, 0.00, 0.00, 1.00, 1.00, 0.00, 0.00, 0.00
2155,  0,  71.800,  0.98,  1, 0.00, 0.00, 1.55, 0.00, 1.46, 2.73, 0.29, 1.28, 1.22, 1.78, 0.11, 0.06, 0.00, 0.00, 1.65, 0.02, 0.01, 0.00, 0.00, 1.00, 1.00, 1.00, 1.00, 0.00, 1.00, 1.00, 1.00, 0.00, 0.00, 0.00, 1.00, 1.00, 0.00, 0.00, 0.00
2156,  0,  71.833,  0.98,  1, 0.00, 0.04, 1.63, 0.00, 1.44, 2.71, 0.34, 1.31, 1.08, 1.75, 0.23, 0.06, 0.00, 0.00, 1.48, 0.10, 0.01, 0.00, 0.00, 1.00, 1.00, 1.00, 1.00, 0.00, 1.00, 1.00, 1.00, 0.00, 0.00, 0.00, 1.00, 1.00, 0.00, 0.00, 0.00
2157,  0,  71.867,  0.98,  1, 0.00, 0.04, 1.61, 0.00, 1.41, 2.68, 0.29, 1.36, 1.12, 1.59, 0.32, 0.06, 0.00, 0.00, 1.50, 0.15, 0.07, 0.00, 0.00, 1.00, 1.00, 1.00, 1.00, 0.00, 1.00, 1.00, 1.00, 0.00, 0.00, 0.00, 1.00, 1.00, 0.00, 0.00, 0.00
2158,  0,  71.900,  0.98,  1, 0.00, 0.05, 1.61, 0.00, 1.45, 2.77, 0.31, 1.23, 1.21, 1.63, 0.24, 0.05, 0.00, 0.00, 1.57, 0.17, 0.10, 0.00, 0.00, 1.00, 1.00, 1.00, 1.00, 0.00, 1.00, 1.00, 1.00, 0.00, 0.00, 0.00, 1.00, 1.00, 0.00, 0.00, 0.00
2159,  0,  71.933,  0.98,  1, 0.00, 0.01, 1.51, 0.00, 1.47, 2.82, 0.23, 1.09, 1.33, 1.62, 0.13, 0.05, 0.00, 0.00, 1.64, 0.10, 0.18, 0.00, 0.00, 1.00, 1.00, 1.00, 1.00, 0.00, 1.00, 1.00, 1.00, 0.00, 0.00, 0.00, 1.00, 1.00, 0.00, 0.00, 0.00
2160,  0,  71.967,  0.98,  1, 0.00, 0.01, 1.45, 0.00, 1.62, 2.92, 0.30, 0.98, 1.33, 1.80, 0.04, 0.05, 0.00, 0.00, 1.67, 0.08, 0.11, 0.00, 0.00, 1.00, 1.00, 1.00, 1.00, 0.00, 1.00, 1.00, 1.00, 0.00, 0.00, 0.00, 1.00, 1.00, 0.00, 0.00, 0.00
2161,  0,  72.000,  0.98,  1, 0.00, 0.00, 1.43, 0.00, 1.69, 3.00, 0.38, 1.05, 1.35, 1.92, 0.02, 0.00, 0.00, 0.00, 1.65, 0.07, 0.08, 0.00, 0.00, 1.00, 1.00, 1.00, 1.00, 0.00, 1.00, 1.00, 1.00, 0.00, 0.00, 0.00, 1.00, 1.00, 0.00, 0.00, 0.00
2162,  0,  72.033,  0.98,  1, 0.00, 0.00, 1.42, 0.00, 1.81, 3.17, 0.47, 1.15, 1.37, 2.22, 0.00, 0.00, 0.00, 0.00, 1.61, 0.06, 0.02, 0.00, 0.00, 1.00, 1.00, 1.00, 1.00, 0.00, 1.00, 1.00, 1.00, 0.00, 0.00, 0.00, 1.00, 1.00, 0.00, 0.00, 0.00
2163,  0,  72.067,  0.98,  1, 0.00, 0.00, 1.46, 0.00, 1.83, 3.31, 0.47, 1.12, 1.44, 2.33, 0.00, 0.00, 0.00, 0.00, 1.63, 0.05, 0.02, 0.00, 0.00, 1.00, 1.00, 1.00, 1.00, 0.00, 1.00, 1.00, 1.00, 0.00, 0.00, 0.00, 1.00, 1.00, 0.00, 0.00, 0.00
2164,  0,  72.100,  0.98,  1, 0.00, 0.00, 1.48, 0.00, 1.90, 3.36, 0.44, 1.18, 1.53, 2.44, 0.00, 0.00, 0.00, 0.00, 1.60, 0.12, 0.03, 0.00, 0.00, 1.00, 1.00, 1.00, 1.00, 0.00, 1.00, 1.00, 1.00, 0.00, 0.00, 0.00, 1.00, 1.00, 0.00, 0.00, 0.00
2165,  0,  72.133,  0.98,  1, 0.00, 0.00, 1.54, 0.00, 1.96, 3.36, 0.43, 1.27, 1.58, 2.48, 0.00, 0.00, 0.00, 0.00, 1.67, 0.17, 0.01, 0.00, 0.00, 1.00, 1.00, 1.00, 1.00, 0.00, 1.00, 1.00, 1.00, 0.00, 0.00, 0.00, 1.00, 1.00, 0.00, 0.00, 0.00
2166,  0,  72.167,  0.98,  1, 0.00, 0.00, 1.41, 0.00, 2.01, 3.28, 0.39, 1.53, 1.65, 2.63, 0.00, 0.00, 0.00, 0.00, 1.74, 0.21, 0.01, 0.00, 0.00, 1.00, 1.00, 1.00, 1.00, 0.00, 1.00, 1.00, 1.00, 0.00, 0.00, 0.00, 1.00, 1.00, 0.00, 0.00, 0.00
2167,  0,  72.200,  0.98,  1, 0.00, 0.00, 1.44, 0.00, 2.05, 3.22, 0.38, 1.70, 1.73, 2.66, 0.00, 0.00, 0.00, 0.02, 1.95, 0.39, 0.00, 0.00, 0.00, 1.00, 1.00, 1.00, 1.00, 0.00, 1.00, 1.00, 1.00, 0.00, 0.00, 0.00, 0.00, 1.00, 0.00, 0.00, 0.00
2168,  0,  72.233,  0.98,  1, 0.00, 0.00, 1.35, 0.00, 2.09, 3.22, 0.34, 1.69, 1.78, 2.72, 0.00, 0.00, 0.00, 0.03, 2.04, 0.59, 0.00, 0.00, 0.00, 1.00, 1.00, 1.00, 1.00, 0.00, 1.00, 1.00, 1.00, 0.00, 0.00, 0.00, 0.00, 1.00, 0.00, 0.00, 0.00
2169,  0,  72.267,  0.98,  1, 0.00, 0.00, 1.39, 0.00, 2.13, 3.20, 0.29, 1.57, 1.83, 2.70, 0.00, 0.00, 0.00, 0.08, 2.12, 0.85, 0.00, 0.00, 0.00, 1.00, 1.00, 1.00, 1.00, 0.00, 1.00, 1.00, 1.00, 0.00, 0.00, 0.00, 0.00, 1.00, 0.00, 0.00, 0.00
2170,  0,  72.300,  0.98,  1, 0.00, 0.00, 1.35, 0.00, 2.15, 3.09, 0.29, 1.47, 1.82, 2.70, 0.00, 0.00, 0.00, 0.07, 2.05, 0.83, 0.00, 0.00, 0.00, 1.00, 1.00, 1.00, 1.00, 0.00, 1.00, 1.00, 1.00, 0.00, 0.00, 0.00, 0.00, 1.00, 0.00, 0.00, 0.00
2171,  0,  72.333,  0.98,  1, 0.00, 0.00, 1.31, 0.00, 2.14, 3.30, 0.26, 1.53, 1.89, 2.60, 0.00, 0.00, 0.00, 0.10, 2.07, 0.85, 0.00, 0.00, 0.00, 1.00, 1.00, 1.00, 1.00, 0.00, 1.00, 1.00, 1.00, 0.00, 0.00, 0.00, 0.00, 1.00, 0.00, 0.00, 0.00
2172,  0,  72.367,  0.98,  1, 0.00, 0.00, 1.44, 0.00, 2.11, 3.36, 0.28, 1.77, 1.89, 2.45, 0.00, 0.00, 0.00, 0.06, 1.87, 0.79, 0.00, 0.00, 0.00, 1.00, 1.00, 1.00, 1.00, 0.00, 1.00, 1.00, 1.00, 0.00, 0.00, 0.00, 0.00, 1.00, 0.00, 0.00, 0.00
2173,  0,  72.400,  0.98,  1, 0.00, 0.00, 1.44, 0.00, 2.08, 3.58, 0.18, 1.91, 1.94, 2.34, 0.00, 0.00, 0.00, 0.05, 1.74, 0.89, 0.00, 0.00, 0.00, 1.00, 1.00, 1.00, 1.00, 0.00, 1.00, 1.00, 1.00, 0.00, 0.00, 0.00, 0.00, 1.00, 0.00, 0.00, 0.00
2174,  0,  72.433,  0.98,  1, 0.00, 0.00, 1.42, 0.00, 2.01, 3.28, 0.12, 1.99, 1.98, 2.19, 0.00, 0.00, 0.00, 0.01, 1.52, 0.90, 0.00, 0.00, 0.00, 1.00, 1.00, 1.00, 1.00, 0.00, 1.00, 1.00, 1.00, 0.00, 0.00, 0.00, 0.00, 1.00, 0.00, 0.00, 0.00
2175,  0,  72.467,  0.98,  1, 0.00, 0.00, 1.39, 0.00, 2.03, 3.06, 0.04, 1.90, 2.07, 2.18, 0.00, 0.00, 0.00, 0.00, 1.47, 0.76, 0.00, 0.00, 0.00, 1.00, 1.00, 1.00, 1.00, 0.00, 1.00, 1.00, 1.00, 0.00, 0.00, 0.00, 0.00, 1.00, 0.00, 0.00, 0.00
2176,  0,  72.500,  0.98,  1, 0.00, 0.00, 1.46, 0.00, 2.07, 2.98, 0.00, 1.84, 2.16, 2.24, 0.00, 0.00, 0.00, 0.00, 1.48, 0.62, 0.00, 0.00, 1.00, 1.00, 1.00, 1.00, 1.00, 0.00, 1.00, 1.00, 1.00, 0.00, 0.00, 0.00, 0.00, 1.00, 0.00, 0.00, 0.00
2177,  0,  72.533,  0.98,  1, 0.00, 0.00, 1.63, 0.00, 2.18, 3.09, 0.00, 1.76, 2.18, 2.31, 0.00, 0.00, 0.00, 0.00, 1.48, 0.55, 0.00, 0.00, 1.00, 1.00, 1.00, 1.00, 1.00, 0.00, 1.00, 1.00, 1.00, 0.00, 0.00, 0.00, 0.00, 1.00, 0.00, 0.00, 0.00
2178,  0,  72.567,  0.98,  1, 0.00, 0.00, 1.61, 0.00, 2.23, 3.29, 0.00, 1.66, 2.23, 2.38, 0.00, 0.00, 0.00, 0.00, 1.50, 0.58, 0.00, 0.00, 1.00, 1.00, 1.00, 1.00, 1.00, 0.00, 1.00, 1.00, 1.00, 0.00, 0.00, 0.00, 0.00, 1.00, 0.00, 0.00, 0.00
2179,  0,  72.600,  0.98,  1, 0.00, 0.01, 1.67, 0.00, 2.23, 3.27, 0.00, 1.58, 2.26, 2.34, 0.00, 0.00, 0.00, 0.00, 1.53, 0.63, 0.00, 0.00, 1.00, 1.00, 1.00, 1.00, 1.00, 0.00, 1.00, 1.00, 1.00, 0.00, 0.00, 0.00, 0.00, 1.00, 0.00, 0.00, 0.00
2180,  0,  72.633,  0.98,  1, 0.00, 0.01, 1.55, 0.00, 2.19, 3.19, 0.00, 1.54, 2.30, 2.31, 0.00, 0.00, 0.00, 0.00, 1.56, 0.64, 0.00, 0.00, 1.00, 1.00, 1.00, 1.00, 1.00, 0.00, 1.00, 1.00, 1.00, 0.00, 0.00, 0.00, 0.00, 1.00, 0.00, 0.00, 0.00
2181,  0,  72.667,  0.98,  1, 0.00, 0.01, 1.54, 0.00, 2.17, 3.12, 0.00, 1.53, 2.29, 2.27, 0.00, 0.00, 0.00, 0.00, 1.57, 0.77, 0.00, 0.00, 1.00, 1.00, 1.00, 1.00, 1.00, 0.00, 1.00, 1.00, 1.00, 0.00, 0.00, 0.00, 0.00, 1.00, 0.00, 0.00, 0.00
2182,  0,  72.700,  0.98,  1, 0.00, 0.00, 1.38, 0.00, 2.22, 3.18, 0.00, 1.51, 2.29, 2.13, 0.00, 0.00, 0.00, 0.00, 1.62, 0.70, 0.00, 0.00, 1.00, 1.00, 1.00, 1.00, 1.00, 0.00, 1.00, 1.00, 1.00, 0.00, 0.00, 0.00, 0.00, 1.00, 0.00, 0.00, 0.00
2183,  0,  72.733,  0.98,  1, 0.00, 0.00, 1.46, 0.00, 2.27, 3.33, 0.06, 1.50, 2.23, 2.01, 0.00, 0.00, 0.00, 0.00, 1.72, 0.73, 0.00, 0.00, 0.00, 1.00, 1.00, 1.00, 1.00, 0.00, 1.00, 1.00, 1.00, 0.00, 0.00, 0.00, 0.00, 1.00, 0.00, 0.00, 0.00
2184,  0,  72.767,  0.98,  1, 0.00, 0.00, 1.40, 0.00, 2.29, 3.42, 0.06, 1.54, 2.26, 1.78, 0.00, 0.00, 0.00, 0.00, 1.81, 0.70, 0.00, 0.00, 0.00, 1.00, 1.00, 1.00, 1.00, 0.00, 1.00, 1.00, 1.00, 0.00, 0.00, 0.00, 0.00, 1.00, 0.00, 0.00, 0.00
2185,  0,  72.800,  0.98,  1, 0.00, 0.00, 1.37, 0.00, 2.26, 3.43, 0.06, 1.60, 2.26, 1.72, 0.00, 0.00, 0.00, 0.00, 1.80, 0.78, 0.00, 0.00, 0.00, 1.00, 1.00, 1.00, 1.00, 0.00, 1.00, 1.00, 1.00, 0.00, 0.00, 0.00, 0.00, 1.00, 0.00, 0.00, 0.00
2186,  0,  72.833,  0.98,  1, 0.00, 0.00, 1.27, 0.00, 2.17, 3.30, 0.00, 1.54, 2.27, 1.59, 0.00, 0.00, 0.00, 0.00, 1.78, 0.87, 0.00, 0.00, 0.00, 1.00, 1.00, 1.00, 1.00, 0.00, 1.00, 1.00, 1.00, 0.00, 0.00, 0.00, 0.00, 1.00, 0.00, 0.00, 0.00
2187,  0,  72.867,  0.98,  1, 0.00, 0.00, 1.30, 0.00, 2.05, 3.24, 0.03, 1.47, 2.14, 1.51, 0.00, 0.00, 0.00, 0.00, 1.79, 0.91, 0.00, 0.00, 0.00, 1.00, 1.00, 1.00, 1.00, 0.00, 1.00, 1.00, 1.00, 0.00, 0.00, 0.00, 0.00, 1.00, 0.00, 0.00, 0.00
2188,  0,  72.900,  0.98,  1, 0.00, 0.00, 1.28, 0.00, 1.82, 3.26, 0.03, 1.34, 1.89, 1.49, 0.00, 0.00, 0.00, 0.00, 1.78, 0.95, 0.00, 0.00, 0.00, 1.00, 1.00, 1.00, 1.00, 0.00, 1.00, 1.00, 1.00, 0.00, 0.00, 0.00, 0.00, 1.00, 0.00, 0.00, 0.00
2189,  0,  72.933,  0.98,  1, 0.00, 0.00, 1.29, 0.00, 1.57, 3.19, 0.05, 1.25, 1.52, 1.51, 0.01, 0.00, 0.00, 0.00, 1.65, 0.91, 0.06, 0.00, 0.00, 1.00, 1.00, 1.00, 1.00, 0.00, 1.00, 1.00, 1.00, 0.00, 0.00, 0.00, 0.00, 1.00, 0.00, 0.00, 0.00
2190,  0,  72.967,  0.98,  1, 0.00, 0.00, 1.28, 0.00, 1.27, 3.18, 0.06, 1.13, 1.09, 1.41, 0.01, 0.00, 0.00, 0.00, 1.47, 0.91, 0.09, 0.00, 0.00, 1.00, 1.00, 1.00, 1.00, 0.00, 1.00, 1.00, 1.00, 0.00, 0.00, 0.00, 0.00, 1.00, 0.00, 0.00, 0.00
2191,  0,  73.000,  0.98,  1, 0.01, 0.00, 1.32, 0.01, 0.96, 3.02, 0.06, 1.03, 0.74, 1.13, 0.08, 0.01, 0.00, 0.00, 1.29, 1.07, 0.09, 0.00, 0.00, 1.00, 1.00, 1.00, 1.00, 0.00, 1.00, 1.00, 1.00, 0.00, 0.00, 0.00, 0.00, 1.00, 0.00, 0.00, 0.00
2192,  0,  73.033,  0.98,  1, 0.09, 0.00, 1.28, 0.01, 0.76, 2.99, 0.08, 1.05, 0.59, 0.88, 0.30, 0.06, 0.00, 0.00, 1.23, 1.13, 0.10, 0.00, 0.00, 1.00, 1.00, 1.00, 1.00, 0.00, 1.00, 1.00, 1.00, 0.00, 0.00, 0.00, 0.00, 0.00, 0.00, 0.00, 0.00
2193,  0,  73.067,  0.98,  1, 0.18, 0.00, 1.28, 0.01, 0.62, 2.72, 0.09, 1.03, 0.53, 0.87, 0.40, 0.20, 0.00, 0.00, 1.08, 1.06, 0.27, 0.00, 0.00, 1.00, 1.00, 1.00, 1.00, 0.00, 1.00, 1.00, 1.00, 0.00, 0.00, 0.00, 0.00, 0.00, 0.00, 0.00, 0.00
2194,  0,  73.100,  0.98,  1, 0.18, 0.00, 1.28, 0.00, 0.70, 2.44, 0.11, 1.07, 0.55, 0.99, 0.43, 0.40, 0.00, 0.00, 0.78, 0.82, 0.27, 0.00, 0.00, 1.00, 1.00, 1.00, 1.00, 0.00, 1.00, 1.00, 1.00, 0.00, 0.00, 0.00, 0.00, 0.00, 0.00, 0.00, 0.00
2195,  0,  73.133,  0.98,  1, 0.13, 0.06, 1.18, 0.00, 0.80, 2.15, 0.09, 1.06, 0.64, 1.23, 0.25, 0.48, 0.00, 0.00, 0.48, 0.75, 0.35, 0.00, 0.00, 1.00, 1.00, 1.00, 1.00, 0.00, 1.00, 1.00, 1.00, 0.00, 0.00, 0.00, 0.00, 0.00, 0.00, 0.00, 0.00
2196,  0,  73.167,  0.98,  1, 0.06, 0.10, 1.07, 0.00, 0.98, 2.00, 0.08, 1.07, 0.81, 1.36, 0.15, 0.45, 0.00, 0.00, 0.48, 0.75, 0.16, 0.00, 0.00, 1.00, 1.00, 1.00, 1.00, 0.00, 1.00, 1.00, 1.00, 0.00, 0.00, 0.00, 0.00, 0.00, 0.00, 0.00, 0.00
2197,  0,  73.200,  0.98,  1, 0.06, 0.10, 0.97, 0.00, 1.09, 2.10, 0.12, 1.12, 1.00, 1.50, 0.05, 0.30, 0.00, 0.00, 0.67, 0.81, 0.35, 0.00, 1.00, 1.00, 1.00, 1.00, 1.00, 0.00, 1.00, 1.00, 1.00, 0.00, 0.00, 0.00, 0.00, 0.00, 0.00, 0.00, 0.00
2198,  0,  73.233,  0.98,  1, 0.03, 0.05, 0.97, 0.00, 1.18, 2.18, 0.15, 1.14, 1.10, 1.41, 0.00, 0.23, 0.00, 0.00, 0.98, 0.82, 0.26, 0.00, 1.00, 1.00, 1.00, 1.00, 1.00, 0.00, 1.00, 1.00, 1.00, 0.00, 0.00, 0.00, 0.00, 0.00, 0.00, 0.00, 0.00
2199,  0,  73.267,  0.98,  1, 0.00, 0.00, 1.09, 0.00, 1.23, 2.42, 0.31, 1.33, 1.21, 1.38, 0.01, 0.13, 0.00, 0.00, 1.09, 0.76, 0.38, 0.00, 1.00, 1.00, 1.00, 1.00, 1.00, 0.00, 1.00, 1.00, 1.00, 0.00, 0.00, 0.00, 0.00, 1.00, 0.00, 0.00, 0.00
2200,  0,  73.300,  0.98,  1, 0.00, 0.00, 1.28, 0.00, 1.28, 2.55, 0.40, 1.34, 1.36, 1.40, 0.01, 0.07, 0.00, 0.00, 1.28, 0.75, 0.18, 0.00, 1.00, 1.00, 1.00, 1.00, 1.00, 0.00, 1.00, 1.00, 1.00, 0.00, 0.00, 0.00, 0.00, 1.00, 0.00, 0.00, 0.00
2201,  0,  73.333,  0.98,  1, 0.00, 0.00, 1.45, 0.00, 1.38, 2.82, 0.53, 1.37, 1.58, 1.41, 0.01, 0.00, 0.00, 0.00, 1.37, 0.79, 0.12, 0.00, 1.00, 1.00, 1.00, 1.00, 1.00, 0.00, 1.00, 1.00, 1.00, 0.00, 0.00, 0.00, 0.00, 1.00, 0.00, 0.00, 0.00
2202,  0,  73.367,  0.98,  1, 0.00, 0.00, 1.44, 0.00, 1.52, 2.78, 0.47, 1.27, 1.82, 1.36, 0.00, 0.00, 0.00, 0.00, 1.52, 0.99, 0.00, 0.00, 1.00, 1.00, 1.00, 1.00, 1.00, 0.00, 1.00, 1.00, 1.00, 0.00, 0.00, 0.00, 0.00, 1.00, 0.00, 0.00, 0.00
2203,  0,  73.400,  0.98,  1, 0.00, 0.00, 1.30, 0.00, 1.66, 2.74, 0.39, 1.27, 2.01, 1.31, 0.12, 0.00, 0.00, 0.00, 1.66, 1.19, 0.00, 0.00, 0.00, 1.00, 0.00, 1.00, 1.00, 0.00, 1.00, 1.00, 1.00, 0.00, 0.00, 0.00, 0.00, 1.00, 0.00, 0.00, 0.00
2204,  0,  73.433,  0.98,  1, 0.00, 0.00, 1.26, 0.00, 1.73, 2.59, 0.26, 1.25, 2.15, 1.45, 0.17, 0.00, 0.00, 0.00, 1.66, 1.23, 0.00, 0.00, 0.00, 1.00, 0.00, 1.00, 1.00, 0.00, 1.00, 1.00, 1.00, 0.00, 0.00, 0.00, 0.00, 1.00, 0.00, 0.00, 0.00
2205,  0,  73.467,  0.98,  1, 0.00, 0.00, 1.16, 0.00, 1.73, 2.64, 0.22, 1.30, 2.20, 1.59, 0.22, 0.00, 0.00, 0.02, 1.65, 1.23, 0.00, 0.00, 0.00, 1.00, 0.00, 1.00, 1.00, 0.00, 1.00, 1.00, 1.00, 0.00, 0.00, 0.00, 0.00, 1.00, 0.00, 0.00, 0.00
2206,  0,  73.500,  0.98,  1, 0.00, 0.00, 1.17, 0.00, 1.74, 2.60, 0.23, 1.30, 2.16, 1.61, 0.18, 0.00, 0.00, 0.02, 1.64, 1.09, 0.00, 0.00, 0.00, 1.00, 0.00, 1.00, 1.00, 0.00, 1.00, 1.00, 1.00, 0.00, 0.00, 0.00, 0.00, 1.00, 0.00, 0.00, 0.00
2207,  0,  73.533,  0.98,  1, 0.00, 0.00, 1.11, 0.00, 1.72, 2.70, 0.22, 1.30, 2.19, 1.62, 0.21, 0.00, 0.00, 0.02, 1.69, 1.06, 0.00, 0.00, 0.00, 1.00, 0.00, 1.00, 1.00, 0.00, 1.00, 1.00, 1.00, 0.00, 0.00, 0.00, 0.00, 1.00, 0.00, 0.00, 0.00
2208,  0,  73.567,  0.98,  1, 0.00, 0.00, 1.18, 0.00, 1.76, 2.59, 0.18, 1.21, 2.21, 1.61, 0.16, 0.00, 0.00, 0.00, 1.67, 1.09, 0.00, 0.00, 0.00, 1.00, 0.00, 1.00, 1.00, 0.00, 1.00, 1.00, 1.00, 0.00, 0.00, 0.00, 0.00, 1.00, 0.00, 0.00, 0.00
2209,  0,  73.600,  0.98,  1, 0.00, 0.00, 1.29, 0.00, 1.81, 2.51, 0.11, 1.18, 2.25, 1.76, 0.08, 0.00, 0.00, 0.02, 1.58, 1.05, 0.00, 0.00, 0.00, 1.00, 0.00, 1.00, 1.00, 0.00, 1.00, 1.00, 1.00, 0.00, 0.00, 0.00, 0.00, 1.00, 0.00, 0.00, 0.00
2210,  0,  73.633,  0.98,  1, 0.00, 0.00, 1.37, 0.00, 1.89, 2.52, 0.08, 1.13, 2.21, 1.82, 0.00, 0.00, 0.00, 0.09, 1.47, 1.01, 0.00, 0.00, 0.00, 1.00, 0.00, 1.00, 1.00, 0.00, 1.00, 1.00, 1.00, 0.00, 0.00, 0.00, 0.00, 1.00, 0.00, 0.00, 0.00
2211,  0,  73.667,  0.98,  1, 0.00, 0.00, 1.36, 0.00, 1.95, 2.68, 0.12, 1.21, 2.18, 1.90, 0.00, 0.00, 0.00, 0.15, 1.37, 0.87, 0.00, 0.00, 0.00, 1.00, 0.00, 1.00, 1.00, 0.00, 1.00, 1.00, 1.00, 0.00, 0.00, 0.00, 0.00, 1.00, 0.00, 0.00, 0.00
2212,  0,  73.700,  0.98,  1, 0.00, 0.00, 1.30, 0.00, 1.97, 2.87, 0.12, 1.27, 2.17, 1.85, 0.02, 0.00, 0.00, 0.17, 1.30, 1.00, 0.00, 0.00, 0.00, 1.00, 0.00, 1.00, 1.00, 0.00, 1.00, 1.00, 1.00, 0.00, 0.00, 0.00, 0.00, 1.00, 0.00, 0.00, 0.00
2213,  0,  73.733,  0.98,  1, 0.00, 0.06, 1.17, 0.00, 1.98, 2.77, 0.20, 1.32, 2.14, 1.89, 0.02, 0.00, 0.00, 0.12, 1.28, 1.09, 0.00, 0.00, 0.00, 1.00, 0.00, 1.00, 1.00, 0.00, 1.00, 1.00, 1.00, 0.00, 0.00, 0.00, 0.00, 1.00, 0.00, 0.00, 0.00
2214,  0,  73.767,  0.98,  1, 0.00, 0.08, 1.22, 0.00, 2.03, 2.90, 0.21, 1.36, 2.13, 2.06, 0.02, 0.00, 0.00, 0.08, 1.31, 1.17, 0.00, 0.00, 0.00, 1.00, 0.00, 1.00, 1.00, 0.00, 1.00, 1.00, 1.00, 0.00, 0.00, 0.00, 0.00, 1.00, 0.00, 0.00, 0.00
2215,  0,  73.800,  0.98,  1, 0.00, 0.15, 1.24, 0.00, 2.10, 2.94, 0.24, 1.40, 2.16, 2.20, 0.11, 0.00, 0.00, 0.04, 1.35, 1.04, 0.12, 0.00, 0.00, 1.00, 0.00, 1.00, 1.00, 0.00, 1.00, 1.00, 1.00, 0.00, 0.00, 0.00, 0.00, 1.00, 0.00, 0.00, 1.00
2216,  0,  73.833,  0.98,  1, 0.00, 0.16, 1.37, 0.00, 2.17, 2.93, 0.13, 1.47, 2.25, 2.35, 0.21, 0.00, 0.00, 0.04, 1.44, 0.90, 0.27, 0.00, 0.00, 1.00, 0.00, 1.00, 1.00, 0.00, 1.00, 1.00, 1.00, 0.00, 0.00, 0.00, 0.00, 1.00, 0.00, 0.00, 1.00
2217,  0,  73.867,  0.98,  1, 0.00, 0.14, 1.36, 0.00, 2.13, 2.77, 0.05, 1.45, 2.32, 2.28, 0.30, 0.00, 0.00, 0.04, 1.53, 0.92, 0.27, 0.00, 0.00, 1.00, 0.00, 1.00, 1.00, 0.00, 1.00, 1.00, 1.00, 0.00, 0.00, 0.00, 0.00, 1.00, 0.00, 0.00, 1.00
2218,  0,  73.900,  0.98,  1, 0.00, 0.19, 1.47, 0.00, 2.18, 2.90, 0.02, 1.38, 2.37, 2.26, 0.33, 0.00, 0.00, 0.09, 1.54, 0.94, 0.15, 0.00, 0.00, 1.00, 0.00, 1.00, 1.00, 0.00, 1.00, 1.00, 1.00, 0.00, 0.00, 0.00, 0.00, 1.00, 0.00, 0.00, 1.00
2219,  0,  73.933,  0.98,  1, 0.00, 0.19, 1.58, 0.00, 2.24, 3.17, 0.09, 1.34, 2.34, 2.21, 0.31, 0.00, 0.00, 0.14, 1.56, 0.78, 0.05, 0.00, 1.00, 1.00, 0.00, 1.00, 1.00, 0.00, 1.00, 1.00, 1.00, 0.00, 0.00, 0.00, 0.00, 1.00, 0.00, 0.00, 1.00
2220,  0,  73.967,  0.98,  1, 0.00, 0.38, 1.76, 0.00, 2.29, 3.16, 0.14, 1.26, 2.28, 2.26, 0.22, 0.00, 0.00, 0.18, 1.43, 0.72, 0.26, 0.00, 1.00, 1.00, 0.00, 1.00, 1.00, 0.00, 1.00, 1.00, 1.00, 0.00, 0.00, 0.00, 0.00, 1.00, 0.00, 0.00, 1.00
2221,  0,  74.000,  0.98,  1, 0.00, 0.33, 1.87, 0.00, 2.26, 2.96, 0.13, 1.32, 2.22, 2.19, 0.14, 0.00, 0.00, 0.20, 1.41, 0.70, 0.46, 0.00, 1.00, 1.00, 0.00, 1.00, 1.00, 0.00, 1.00, 1.00, 1.00, 0.00, 0.00, 0.00, 0.00, 1.00, 0.00, 0.00, 1.00
2222,  0,  74.033,  0.98,  1, 0.00, 0.37, 1.89, 0.00, 2.23, 2.91, 0.07, 1.29, 2.21, 2.05, 0.12, 0.00, 0.00, 0.22, 1.40, 0.84, 0.62, 0.00, 1.00, 1.00, 0.00, 1.00, 1.00, 0.00, 1.00, 1.00, 1.00, 0.00, 0.00, 0.00, 0.00, 1.00, 0.00, 0.00, 1.00
2223,  0,  74.067,  0.98,  1, 0.00, 0.21, 1.86, 0.00, 2.21, 2.97, 0.06, 1.37, 2.22, 1.97, 0.26, 0.00, 0.00, 0.24, 1.63, 0.74, 0.74, 0.00, 1.00, 1.00, 0.00, 1.00, 1.00, 0.00, 1.00, 1.00, 1.00, 0.00, 0.00, 0.00, 0.00, 1.00, 0.00, 0.00, 1.00
2224,  0,  74.100,  0.98,  1, 0.00, 0.27, 1.82, 0.00, 2.22, 2.89, 0.06, 1.26, 2.23, 2.01, 0.36, 0.00, 0.00, 0.24, 1.82, 0.62, 0.81, 0.00, 1.00, 1.00, 0.00, 1.00, 1.00, 0.00, 1.00, 1.00, 1.00, 0.00, 0.00, 0.00, 0.00, 1.00, 0.00, 0.00, 1.00
2225,  0,  74.133,  0.98,  1, 0.00, 0.40, 1.74, 0.00, 2.22, 2.81, 0.06, 1.21, 2.22, 2.04, 0.49, 0.00, 0.00, 0.31, 1.85, 0.54, 0.73, 0.00, 1.00, 1.00, 0.00, 1.00, 1.00, 0.00, 1.00, 1.00, 1.00, 0.00, 0.00, 0.00, 0.00, 1.00, 0.00, 0.00, 1.00
2226,  0,  74.167,  0.98,  1, 0.00, 0.49, 1.67, 0.00, 2.25, 2.87, 0.04, 1.11, 2.27, 1.90, 0.51, 0.00, 0.00, 0.34, 1.73, 0.51, 0.42, 0.00, 1.00, 1.00, 0.00, 1.00, 1.00, 0.00, 1.00, 1.00, 1.00, 0.00, 0.00, 0.00, 0.00, 1.00, 0.00, 0.00, 0.00
2227,  0,  74.200,  0.98,  1, 0.00, 0.37, 1.59, 0.00, 2.25, 2.95, 0.02, 1.07, 2.30, 1.57, 0.50, 0.00, 0.00, 0.41, 1.57, 0.53, 0.18, 0.00, 0.00, 1.00, 0.00, 1.00, 1.00, 0.00, 1.00, 1.00, 1.00, 0.00, 0.00, 0.00, 0.00, 1.00, 0.00, 0.00, 0.00
2228,  0,  74.233,  0.98,  1, 0.00, 0.12, 1.50, 0.00, 2.21, 2.85, 0.00, 1.16, 2.37, 1.16, 0.34, 0.00, 0.00, 0.36, 1.50, 0.53, 0.04, 0.00, 0.00, 1.00, 0.00, 1.00, 1.00, 0.00, 1.00, 1.00, 1.00, 0.00, 0.00, 0.00, 0.00, 1.00, 0.00, 0.00, 0.00
2229,  0,  74.267,  0.98,  1, 0.00, 0.00, 1.39, 0.00, 2.16, 2.80, 0.00, 1.27, 2.38, 1.12, 0.24, 0.00, 0.00, 0.28, 1.56, 0.48, 0.08, 0.00, 0.00, 1.00, 0.00, 1.00, 1.00, 0.00, 1.00, 1.00, 1.00, 0.00, 0.00, 0.00, 0.00, 1.00, 0.00, 0.00, 0.00
2230,  0,  74.300,  0.98,  1, 0.00, 0.00, 1.39, 0.00, 2.26, 2.91, 0.00, 1.56, 2.46, 1.46, 0.18, 0.00, 0.00, 0.21, 1.67, 0.50, 0.17, 0.00, 0.00, 1.00, 0.00, 1.00, 1.00, 0.00, 1.00, 1.00, 1.00, 0.00, 0.00, 0.00, 0.00, 1.00, 0.00, 0.00, 0.00
2231,  0,  74.333,  0.98,  1, 0.00, 0.00, 1.43, 0.00, 2.32, 2.94, 0.00, 1.68, 2.48, 1.94, 0.16, 0.00, 0.00, 0.18, 1.69, 0.32, 0.28, 0.00, 0.00, 1.00, 0.00, 1.00, 1.00, 0.00, 1.00, 1.00, 1.00, 0.00, 0.00, 0.00, 0.00, 1.00, 0.00, 0.00, 0.00
2232,  0,  74.367,  0.98,  1, 0.00, 0.00, 1.50, 0.00, 2.51, 2.81, 0.02, 1.83, 2.52, 2.18, 0.09, 0.00, 0.00, 0.23, 1.73, 0.35, 0.21, 0.00, 0.00, 1.00, 0.00, 1.00, 1.00, 0.00, 1.00, 1.00, 1.00, 0.00, 0.00, 0.00, 0.00, 1.00, 0.00, 0.00, 0.00
2233,  0,  74.400,  0.98,  1, 0.00, 0.00, 1.42, 0.00, 2.54, 2.77, 0.02, 1.87, 2.47, 2.28, 0.04, 0.01, 0.00, 0.23, 1.78, 0.29, 0.11, 0.00, 0.00, 1.00, 1.00, 1.00, 1.00, 0.00, 1.00, 1.00, 1.00, 0.00, 0.00, 0.00, 1.00, 1.00, 0.00, 0.00, 0.00
2234,  0,  74.433,  0.98,  1, 0.00, 0.01, 1.39, 0.00, 2.60, 2.98, 0.02, 1.80, 2.42, 2.28, 0.04, 0.01, 0.00, 0.22, 1.93, 0.42, 0.00, 0.00, 0.00, 1.00, 1.00, 1.00, 1.00, 0.00, 1.00, 1.00, 1.00, 0.00, 0.00, 0.00, 1.00, 1.00, 0.00, 0.00, 0.00
2235,  0,  74.467,  0.98,  1, 0.00, 0.01, 1.34, 0.00, 2.57, 3.13, 0.00, 1.74, 2.38, 2.37, 0.04, 0.00, 0.00, 0.22, 2.01, 0.36, 0.00, 0.00, 0.00, 1.00, 1.00, 1.00, 1.00, 0.00, 1.00, 1.00, 1.00, 0.00, 0.00, 0.00, 1.00, 1.00, 0.00, 0.00, 0.00
2236,  0,  74.500,  0.98,  1, 0.00, 0.01, 1.22, 0.00, 2.55, 3.20, 0.01, 1.67, 2.37, 2.35, 0.00, 0.00, 0.00, 0.21, 2.11, 0.32, 0.00, 0.00, 0.00, 1.00, 1.00, 1.00, 1.00, 0.00, 1.00, 1.00, 1.00, 0.00, 0.00, 0.00, 1.00, 1.00, 0.00, 0.00, 0.00
2237,  0,  74.533,  0.98,  1, 0.00, 0.00, 1.10, 0.00, 2.58, 3.16, 0.01, 1.76, 2.39, 2.44, 0.00, 0.00, 0.00, 0.27, 2.14, 0.27, 0.03, 0.00, 0.00, 1.00, 1.00, 1.00, 1.00, 0.00, 1.00, 1.00, 1.00, 0.00, 0.00, 0.00, 1.00, 1.00, 0.00, 0.00, 0.00
2238,  0,  74.567,  0.98,  1, 0.00, 0.00, 0.95, 0.00, 2.54, 3.28, 0.03, 1.78, 2.39, 2.51, 0.00, 0.00, 0.00, 0.31, 2.14, 0.28, 0.03, 0.00, 0.00, 1.00, 1.00, 1.00, 1.00, 0.00, 1.00, 1.00, 1.00, 0.00, 0.00, 0.00, 1.00, 1.00, 0.00, 0.00, 0.00
2239,  0,  74.600,  0.98,  1, 0.00, 0.00, 0.83, 0.00, 2.45, 3.26, 0.04, 1.77, 2.35, 2.58, 0.00, 0.01, 0.00, 0.36, 2.02, 0.31, 0.03, 0.00, 0.00, 1.00, 1.00, 1.00, 1.00, 0.00, 1.00, 1.00, 1.00, 0.00, 0.00, 0.00, 1.00, 1.00, 0.00, 0.00, 0.00
2240,  0,  74.633,  0.98,  1, 0.00, 0.00, 0.74, 0.00, 2.33, 3.12, 0.06, 1.73, 2.26, 2.58, 0.00, 0.01, 0.00, 0.34, 1.96, 0.32, 0.00, 0.00, 0.00, 1.00, 1.00, 1.00, 1.00, 0.00, 1.00, 1.00, 1.00, 0.00, 0.00, 0.00, 1.00, 1.00, 0.00, 0.00, 0.00
2241,  0,  74.667,  0.98,  1, 0.00, 0.00, 0.75, 0.00, 2.23, 3.00, 0.04, 1.70, 2.19, 2.46, 0.00, 0.01, 0.00, 0.34, 1.95, 0.33, 0.00, 0.00, 0.00, 1.00, 1.00, 1.00, 1.00, 0.00, 1.00, 1.00, 1.00, 0.00, 0.00, 0.00, 1.00, 1.00, 0.00, 0.00, 0.00
2242,  0,  74.700,  0.98,  1, 0.00, 0.00, 0.86, 0.00, 2.23, 2.84, 0.03, 1.64, 2.16, 2.37, 0.00, 0.00, 0.00, 0.29, 2.10, 0.26, 0.00, 0.00, 0.00, 1.00, 1.00, 1.00, 1.00, 0.00, 1.00, 1.00, 1.00, 0.00, 0.00, 0.00, 1.00, 1.00, 0.00, 0.00, 0.00
2243,  0,  74.733,  0.98,  1, 0.00, 0.00, 0.89, 0.00, 2.28, 2.93, 0.03, 1.63, 2.16, 2.15, 0.00, 0.00, 0.00, 0.26, 2.16, 0.17, 0.00, 0.00, 0.00, 1.00, 1.00, 1.00, 1.00, 0.00, 1.00, 1.00, 1.00, 0.00, 0.00, 0.00, 1.00, 1.00, 0.00, 0.00, 0.00
2244,  0,  74.767,  0.98,  1, 0.00, 0.00, 0.95, 0.00, 2.35, 2.86, 0.09, 1.66, 2.22, 2.16, 0.00, 0.00, 0.00, 0.22, 2.24, 0.34, 0.00, 0.00, 0.00, 1.00, 1.00, 1.00, 1.00, 0.00, 1.00, 1.00, 1.00, 0.00, 0.00, 0.00, 1.00, 1.00, 0.00, 0.00, 0.00
2245,  0,  74.800,  0.98,  1, 0.00, 0.00, 0.94, 0.00, 2.32, 2.77, 0.22, 1.69, 2.19, 2.11, 0.00, 0.00, 0.00, 0.21, 2.25, 0.57, 0.00, 0.00, 0.00, 1.00, 1.00, 1.00, 1.00, 0.00, 1.00, 1.00, 1.00, 0.00, 0.00, 0.00, 1.00, 1.00, 1.00, 0.00, 0.00
2246,  0,  74.833,  0.98,  1, 0.00, 0.00, 1.02, 0.00, 2.27, 2.59, 0.31, 1.70, 2.17, 2.19, 0.00, 0.00, 0.00, 0.19, 2.41, 0.85, 0.00, 0.00, 0.00, 1.00, 1.00, 1.00, 1.00, 0.00, 1.00, 1.00, 1.00, 0.00, 0.00, 0.00, 1.00, 1.00, 1.00, 0.00, 0.00
2247,  0,  74.867,  0.98,  1, 0.00, 0.00, 1.05, 0.00, 2.20, 2.45, 0.37, 1.69, 2.08, 2.02, 0.00, 0.00, 0.00, 0.13, 2.49, 0.78, 0.00, 0.00, 0.00, 1.00, 1.00, 1.00, 1.00, 0.00, 1.00, 1.00, 1.00, 0.00, 0.00, 0.00, 1.00, 1.00, 1.00, 0.00, 0.00
2248,  0,  74.900,  0.98,  1, 0.00, 0.00, 1.12, 0.00, 2.15, 2.55, 0.28, 1.55, 2.01, 1.93, 0.00, 0.00, 0.00, 0.09, 2.54, 0.72, 0.00, 0.00, 0.00, 1.00, 1.00, 1.00, 1.00, 0.00, 1.00, 1.00, 1.00, 0.00, 0.00, 0.00, 1.00, 1.00, 1.00, 0.00, 0.00
2249,  0,  74.933,  0.98,  1, 0.00, 0.00, 1.06, 0.00, 2.00, 2.48, 0.19, 1.39, 1.88, 1.68, 0.00, 0.00, 0.00, 0.07, 2.42, 0.65, 0.00, 0.00, 0.00, 1.00, 1.00, 1.00, 1.00, 0.00, 1.00, 1.00, 1.00, 0.00, 0.00, 0.00, 1.00, 1.00, 1.00, 0.00, 0.00
2250,  0,  74.967,  0.98,  1, 0.00, 0.00, 1.06, 0.00, 1.84, 2.51, 0.16, 1.16, 1.71, 1.52, 0.00, 0.04, 0.00, 0.08, 2.16, 0.61, 0.00, 0.00, 0.00, 1.00, 1.00, 1.00, 1.00, 0.00, 1.00, 1.00, 1.00, 0.00, 0.00, 0.00, 1.00, 1.00, 1.00, 0.00, 0.00
2251,  0,  75.000,  0.98,  1, 0.00, 0.00, 1.03, 0.00, 1.64, 2.43, 0.23, 1.11, 1.45, 1.33, 0.00, 0.16, 0.00, 0.11, 1.80, 0.62, 0.00, 0.00, 0.00, 1.00, 1.00, 1.00, 1.00, 0.00, 1.00, 1.00, 1.00, 0.00, 0.00, 0.00, 1.00, 1.00, 1.00, 0.00, 0.00
2252,  0,  75.033,  0.98,  1, 0.00, 0.00, 1.11, 0.00, 1.52, 2.62, 0.29, 0.98, 1.15, 1.29, 0.00, 0.43, 0.00, 0.23, 1.26, 0.55, 0.00, 0.00, 0.00, 1.00, 1.00, 1.00, 1.00, 0.00, 1.00, 1.00, 1.00, 0.00, 0.00, 0.00, 1.00, 1.00, 1.00, 0.00, 0.00
2253,  0,  75.067,  0.98,  1, 0.00, 0.00, 1.22, 0.08, 1.40, 2.59, 0.29, 0.92, 0.89, 1.25, 0.00, 0.66, 0.00, 0.32, 0.80, 0.48, 0.00, 0.00, 0.00, 1.00, 1.00, 1.00, 1.00, 0.00, 1.00, 1.00, 1.00, 0.00, 0.00, 0.00, 1.00, 0.00, 0.00, 0.00, 0.00
2254,  0,  75.100,  0.98,  1, 0.00, 0.00, 1.28, 0.08, 1.31, 2.56, 0.20, 0.68, 0.70, 1.23, 0.00, 0.82, 0.00, 0.41, 0.34, 0.35, 0.00, 0.00, 0.00, 1.00, 1.00, 1.00, 1.00, 0.00, 1.00, 1.00, 1.00, 0.00, 0.00, 0.00, 1.00, 0.00, 0.00, 0.00, 0.00
2255,  0,  75.133,  0.98,  1, 0.00, 0.00, 1.39, 0.08, 1.18, 2.28, 0.12, 0.62, 0.55, 1.32, 0.06, 0.92, 0.00, 0.36, 0.19, 0.31, 0.05, 0.00, 0.00, 1.00, 1.00, 1.00, 1.00, 0.00, 1.00, 1.00, 1.00, 1.00, 0.00, 0.00, 1.00, 0.00, 0.00, 0.00, 0.00
2256,  0,  75.167,  0.98,  1, 0.01, 0.00, 1.44, 0.00, 1.10, 2.02, 0.14, 0.36, 0.42, 1.38, 0.19, 0.94, 0.00, 0.25, 0.05, 0.25, 0.52, 0.00, 0.00, 1.00, 1.00, 1.00, 1.00, 0.00, 1.00, 1.00, 1.00, 1.00, 0.00, 0.00, 1.00, 0.00, 0.00, 0.00, 0.00
2257,  0,  75.200,  0.98,  1, 0.02, 0.00, 1.54, 0.00, 0.98, 1.44, 0.25, 0.30, 0.39, 1.57, 0.38, 0.92, 0.00, 0.09, 0.05, 0.16, 1.37, 0.00, 0.00, 1.00, 0.00, 1.00, 1.00, 0.00, 1.00, 1.00, 1.00, 1.00, 0.00, 0.00, 1.00, 0.00, 0.00, 0.00, 1.00
2258,  0,  75.233,  0.98,  1, 0.02, 0.00, 1.55, 0.00, 0.92, 1.14, 0.31, 0.15, 0.45, 1.67, 0.39, 0.87, 0.01, 0.01, 0.00, 0.06, 2.04, 0.00, 0.00, 1.00, 0.00, 1.00, 1.00, 0.00, 1.00, 1.00, 1.00, 1.00, 1.00, 0.00, 1.00, 0.00, 0.00, 0.00, 1.00
2259,  0,  75.267,  0.98,  1, 0.05, 0.00, 1.63, 0.02, 0.95, 1.14, 0.30, 0.28, 0.59, 1.76, 0.27, 0.94, 0.01, 0.00, 0.18, 0.01, 2.12, 0.00, 0.00, 1.00, 0.00, 1.00, 1.00, 0.00, 1.00, 1.00, 1.00, 1.00, 1.00, 0.00, 1.00, 0.00, 0.00, 0.00, 1.00
2260,  0,  75.300,  0.98,  1, 0.11, 0.00, 1.65, 0.02, 1.08, 1.74, 0.27, 0.46, 0.79, 1.79, 0.07, 0.97, 0.01, 0.00, 0.65, 0.11, 1.61, 0.00, 0.00, 1.00, 0.00, 1.00, 1.00, 0.00, 1.00, 1.00, 1.00, 0.00, 1.00, 0.00, 1.00, 0.00, 0.00, 0.00, 1.00
2261,  0,  75.333,  0.98,  1, 0.18, 0.00, 1.64, 0.02, 1.13, 2.09, 0.33, 0.65, 0.95, 1.64, 0.00, 0.80, 0.00, 0.00, 1.27, 0.33, 0.97, 0.00, 0.00, 1.00, 0.00, 0.00, 1.00, 0.00, 1.00, 1.00, 1.00, 0.00, 0.00, 0.00, 1.00, 1.00, 0.00, 0.00, 1.00
2262,  0,  75.367,  0.98,  1, 0.21, 0.00, 1.45, 0.00, 0.98, 2.00, 0.30, 0.76, 0.97, 1.54, 0.00, 0.64, 0.00, 0.00, 1.65, 0.67, 0.42, 0.00, 0.00, 1.00, 1.00, 0.00, 1.00, 0.00, 1.00, 1.00, 1.00, 0.00, 0.00, 0.00, 1.00, 1.00, 1.00, 0.00, 0.00
2263,  0,  75.400,  0.98,  1, 0.15, 0.00, 1.28, 0.00, 0.80, 1.63, 0.25, 0.71, 0.89, 1.42, 0.00, 0.61, 0.00, 0.00, 1.69, 0.87, 0.08, 0.00, 0.00, 1.00, 1.00, 0.00, 1.00, 0.00, 1.00, 1.00, 1.00, 0.00, 0.00, 0.00, 1.00, 1.00, 1.00, 0.00, 0.00
2264,  0,  75.433,  0.98,  1, 0.13, 0.00, 1.11, 0.00, 0.63, 1.36, 0.16, 0.74, 0.82, 1.39, 0.00, 0.70, 0.00, 0.00, 1.49, 1.04, 0.00, 0.00, 0.00, 1.00, 1.00, 0.00, 1.00, 0.00, 1.00, 1.00, 1.00, 0.00, 0.00, 0.00, 1.00, 1.00, 1.00, 0.00, 0.00
2265,  0,  75.467,  0.98,  1, 0.12, 0.00, 1.06, 0.00, 0.60, 1.46, 0.12, 0.66, 0.74, 1.35, 0.00, 0.78, 0.00, 0.00, 1.25, 1.10, 0.00, 0.00, 0.00, 1.00, 1.00, 0.00, 1.00, 0.00, 1.00, 1.00, 1.00, 0.00, 0.00, 0.00, 1.00, 1.00, 1.00, 0.00, 0.00
2266,  0,  75.500,  0.98,  1, 0.23, 0.00, 1.02, 0.00, 0.55, 1.34, 0.08, 0.61, 0.65, 1.30, 0.00, 0.74, 0.00, 0.00, 1.06, 1.19, 0.00, 0.00, 0.00, 1.00, 1.00, 0.00, 1.00, 0.00, 1.00, 1.00, 1.00, 0.00, 0.00, 0.00, 1.00, 1.00, 1.00, 0.00, 0.00
2267,  0,  75.533,  0.98,  1, 0.33, 0.00, 1.04, 0.00, 0.63, 1.38, 0.07, 0.54, 0.58, 1.47, 0.04, 0.68, 0.00, 0.00, 1.09, 1.16, 0.00, 0.00, 0.00, 1.00, 1.00, 0.00, 1.00, 0.00, 1.00, 1.00, 1.00, 0.00, 0.00, 0.00, 1.00, 1.00, 1.00, 0.00, 0.00
2268,  0,  75.567,  0.98,  1, 0.28, 0.00, 1.00, 0.00, 0.63, 1.33, 0.02, 0.48, 0.65, 1.47, 0.04, 0.44, 0.00, 0.00, 1.31, 1.03, 0.00, 0.00, 0.00, 1.00, 1.00, 0.00, 1.00, 0.00, 1.00, 1.00, 1.00, 0.00, 0.00, 0.00, 1.00, 1.00, 1.00, 0.00, 0.00
2269,  0,  75.600,  0.98,  1, 0.18, 0.00, 1.02, 0.00, 0.64, 1.56, 0.02, 0.47, 0.76, 1.43, 0.04, 0.21, 0.00, 0.00, 1.50, 0.88, 0.00, 0.00, 0.00, 1.00, 1.00, 0.00, 1.00, 0.00, 1.00, 1.00, 1.00, 0.00, 0.00, 0.00, 0.00, 1.00, 1.00, 0.00, 0.00
2270,  0,  75.633,  0.98,  1, 0.15, 0.00, 1.09, 0.00, 0.51, 1.38, 0.04, 0.45, 0.88, 1.23, 0.12, 0.03, 0.00, 0.00, 1.54, 0.82, 0.02, 0.00, 0.00, 1.00, 1.00, 0.00, 1.00, 0.00, 1.00, 1.00, 1.00, 0.00, 0.00, 0.00, 0.00, 1.00, 0.00, 0.00, 0.00
2271,  0,  75.667,  0.98,  1, 0.20, 0.02, 1.26, 0.00, 0.51, 1.39, 0.14, 0.42, 0.98, 1.08, 0.19, 0.00, 0.00, 0.00, 1.50, 0.90, 0.02, 0.00, 0.00, 1.00, 1.00, 0.00, 1.00, 0.00, 1.00, 1.00, 1.00, 0.00, 0.00, 0.00, 0.00, 1.00, 0.00, 0.00, 0.00
2272,  0,  75.700,  0.98,  1, 0.29, 0.04, 1.31, 0.00, 0.49, 1.38, 0.24, 0.34, 1.06, 1.03, 0.20, 0.00, 0.00, 0.00, 1.53, 1.03, 0.02, 0.00, 0.00, 1.00, 1.00, 0.00, 1.00, 0.00, 1.00, 1.00, 1.00, 0.00, 0.00, 0.00, 0.00, 1.00, 0.00, 0.00, 0.00
2273,  0,  75.733,  0.98,  1, 0.24, 0.06, 1.36, 0.00, 0.58, 1.49, 0.28, 0.17, 1.12, 1.08, 0.09, 0.00, 0.00, 0.00, 1.50, 1.00, 0.00, 0.00, 0.00, 1.00, 1.00, 0.00, 1.00, 0.00, 1.00, 1.00, 1.00, 0.00, 0.00, 0.00, 0.00, 1.00, 0.00, 0.00, 0.00
2274,  0,  75.767,  0.98,  1, 0.27, 0.15, 1.37, 0.00, 0.51, 1.48, 0.18, 0.08, 1.07, 1.03, 0.12, 0.03, 0.00, 0.00, 1.31, 0.82, 0.00, 0.00, 0.00, 1.00, 1.00, 0.00, 1.00, 0.00, 1.00, 1.00, 1.00, 0.00, 0.00, 0.00, 0.00, 0.00, 0.00, 0.00, 0.00
2275,  0,  75.800,  0.98,  1, 0.24, 0.13, 1.41, 0.00, 0.47, 1.33, 0.09, 0.05, 0.95, 0.85, 0.22, 0.08, 0.00, 0.00, 0.99, 0.51, 0.00, 0.00, 1.00, 1.00, 1.00, 0.00, 1.00, 0.00, 1.00, 1.00, 1.00, 0.00, 0.00, 0.00, 0.00, 0.00, 0.00, 0.00, 0.00
2276,  0,  75.833,  0.98,  1, 0.24, 0.27, 1.37, 0.00, 0.34, 1.31, 0.00, 0.04, 0.79, 0.65, 0.33, 0.16, 0.00, 0.00, 0.65, 0.35, 0.00, 0.00, 1.00, 1.00, 1.00, 0.00, 1.00, 0.00, 1.00, 1.00, 1.00, 0.00, 0.00, 0.00, 0.00, 0.00, 0.00, 0.00, 0.00
2277,  0,  75.867,  0.98,  1, 0.22, 0.24, 1.38, 0.02, 0.27, 1.30, 0.00, 0.04, 0.67, 0.56, 0.32, 0.18, 0.00, 0.00, 0.56, 0.35, 0.00, 0.00, 1.00, 1.00, 0.00, 0.00, 1.00, 0.00, 1.00, 1.00, 1.00, 0.00, 0.00, 0.00, 0.00, 0.00, 0.00, 0.00, 0.00
2278,  0,  75.900,  0.98,  1, 0.29, 0.24, 1.30, 0.02, 0.20, 1.32, 0.00, 0.01, 0.59, 0.57, 0.40, 0.16, 0.00, 0.00, 0.51, 0.53, 0.00, 0.00, 1.00, 1.00, 0.00, 0.00, 1.00, 0.00, 1.00, 1.00, 1.00, 0.00, 0.00, 0.00, 0.00, 0.00, 0.00, 0.00, 0.00
2279,  0,  75.933,  0.98,  1, 0.35, 0.08, 1.37, 0.02, 0.18, 1.23, 0.00, 0.05, 0.50, 0.59, 0.52, 0.13, 0.00, 0.00, 0.45, 0.67, 0.00, 0.00, 1.00, 1.00, 0.00, 0.00, 1.00, 0.00, 1.00, 0.00, 1.00, 0.00, 0.00, 0.00, 0.00, 0.00, 0.00, 0.00, 0.00
2280,  0,  75.967,  0.98,  1, 0.47, 0.06, 1.34, 0.00, 0.16, 1.15, 0.00, 0.05, 0.38, 0.52, 0.72, 0.08, 0.00, 0.00, 0.25, 0.61, 0.00, 0.00, 1.00, 1.00, 0.00, 0.00, 1.00, 0.00, 1.00, 0.00, 1.00, 0.00, 0.00, 0.00, 0.00, 0.00, 0.00, 0.00, 0.00
2281,  0,  76.000,  0.98,  1, 0.46, 0.08, 1.38, 0.12, 0.15, 1.13, 0.00, 0.05, 0.31, 0.46, 0.79, 0.14, 0.00, 0.00, 0.10, 0.54, 0.00, 0.00, 1.00, 1.00, 0.00, 0.00, 1.00, 0.00, 1.00, 0.00, 1.00, 0.00, 0.00, 0.00, 0.00, 0.00, 0.00, 0.00, 0.00
2282,  0,  76.033,  0.98,  1, 0.55, 0.10, 1.36, 0.28, 0.12, 1.29, 0.00, 0.01, 0.37, 0.37, 0.78, 0.09, 0.00, 0.00, 0.10, 0.56, 0.00, 0.00, 1.00, 1.00, 0.00, 0.00, 1.00, 0.00, 1.00, 0.00, 1.00, 0.00, 0.00, 0.00, 0.00, 0.00, 0.00, 0.00, 0.00
2283,  0,  76.067,  0.98,  1, 0.53, 0.04, 1.34, 0.33, 0.15, 1.40, 0.00, 0.01, 0.48, 0.48, 0.69, 0.09, 0.00, 0.00, 0.41, 0.95, 0.00, 0.00, 1.00, 1.00, 0.00, 0.00, 1.00, 0.00, 1.00, 0.00, 1.00, 0.00, 0.00, 0.00, 0.00, 0.00, 0.00, 0.00, 0.00
2284,  0,  76.100,  0.98,  1, 0.53, 0.03, 1.44, 0.27, 0.24, 1.77, 0.00, 0.08, 0.56, 0.42, 0.57, 0.01, 0.00, 0.00, 0.74, 1.27, 0.19, 0.00, 0.00, 1.00, 0.00, 0.00, 1.00, 0.00, 1.00, 0.00, 1.00, 0.00, 0.00, 0.00, 0.00, 0.00, 0.00, 0.00, 0.00
2285,  0,  76.133,  0.98,  1, 0.45, 0.02, 1.39, 0.27, 0.25, 1.59, 0.00, 0.22, 0.61, 0.42, 0.54, 0.00, 0.00, 0.00, 1.07, 1.48, 1.00, 0.00, 0.00, 1.00, 0.00, 0.00, 1.00, 0.00, 1.00, 0.00, 1.00, 0.00, 0.00, 0.00, 0.00, 0.00, 0.00, 0.00, 1.00
2286,  0,  76.167,  0.98,  1, 0.32, 0.02, 1.30, 0.52, 0.25, 1.11, 0.01, 0.37, 0.69, 0.40, 0.50, 0.00, 0.00, 0.00, 1.06, 1.39, 1.92, 0.00, 0.00, 1.00, 0.00, 0.00, 1.00, 0.00, 1.00, 1.00, 1.00, 0.00, 0.00, 0.00, 0.00, 0.00, 0.00, 0.00, 1.00
2287,  0,  76.200,  0.98,  1, 0.28, 0.00, 1.24, 0.69, 0.23, 0.76, 0.01, 0.46, 0.76, 0.51, 0.51, 0.00, 0.00, 0.00, 0.86, 1.24, 2.57, 0.00, 1.00, 1.00, 0.00, 0.00, 1.00, 0.00, 1.00, 1.00, 1.00, 0.00, 0.00, 0.00, 0.00, 0.00, 0.00, 0.00, 1.00
2288,  0,  76.233,  0.98,  1, 0.27, 0.00, 1.32, 0.79, 0.29, 0.87, 0.04, 0.42, 0.68, 0.50, 0.72, 0.04, 0.00, 0.00, 0.46, 0.97, 2.43, 0.00, 1.00, 1.00, 0.00, 0.00, 1.00, 0.00, 1.00, 1.00, 1.00, 0.00, 0.00, 0.00, 0.00, 0.00, 0.00, 0.00, 1.00
2289,  0,  76.267,  0.98,  1, 0.42, 0.04, 1.44, 0.54, 0.39, 1.46, 0.04, 0.34, 0.62, 0.50, 0.81, 0.13, 0.00, 0.00, 0.16, 0.79, 1.80, 0.00, 0.00, 1.00, 0.00, 0.00, 1.00, 0.00, 1.00, 1.00, 1.00, 0.00, 0.00, 0.00, 0.00, 0.00, 0.00, 0.00, 1.00
2290,  0,  76.300,  0.98,  1, 0.39, 0.04, 1.38, 0.30, 0.38, 1.63, 0.03, 0.19, 0.51, 0.46, 0.85, 0.16, 0.00, 0.04, 0.00, 0.70, 1.11, 0.00, 0.00, 1.00, 0.00, 0.00, 1.00, 0.00, 1.00, 1.00, 1.00, 0.00, 0.00, 0.00, 0.00, 0.00, 0.00, 0.00, 1.00
2291,  0,  76.333,  0.98,  1, 0.44, 0.04, 1.22, 0.06, 0.38, 1.66, 0.00, 0.08, 0.54, 0.48, 0.60, 0.12, 0.00, 0.04, 0.00, 0.68, 0.43, 0.00, 1.00, 1.00, 1.00, 0.00, 1.00, 0.00, 1.00, 1.00, 1.00, 0.00, 0.00, 0.00, 0.00, 0.00, 0.00, 0.00, 0.00
2292,  0,  76.367,  0.98,  1, 0.32, 0.02, 1.05, 0.02, 0.28, 1.24, 0.00, 0.00, 0.54, 0.54, 0.47, 0.03, 0.00, 0.04, 0.39, 0.77, 0.14, 0.00, 1.00, 1.00, 1.00, 0.00, 1.00, 0.00, 1.00, 1.00, 1.00, 0.00, 0.00, 0.00, 0.00, 0.00, 0.00, 0.00, 0.00
2293,  0,  76.400,  0.98,  1, 0.37, 0.07, 0.97, 0.02, 0.23, 1.02, 0.00, 0.00, 0.61, 0.62, 0.38, 0.00, 0.00, 0.00, 0.89, 0.95, 0.00, 0.00, 0.00, 1.00, 1.00, 0.00, 1.00, 0.00, 1.00, 1.00, 1.00, 0.00, 0.00, 0.00, 0.00, 0.00, 0.00, 0.00, 0.00
2294,  0,  76.433,  0.98,  1, 0.31, 0.18, 0.98, 0.00, 0.14, 0.87, 0.00, 0.02, 0.58, 0.60, 0.51, 0.00, 0.00, 0.00, 1.21, 1.10, 0.00, 0.00, 0.00, 1.00, 1.00, 0.00, 1.00, 0.00, 1.00, 0.00, 1.00, 0.00, 0.00, 0.00, 0.00, 0.00, 0.00, 0.00, 0.00
2295,  0,  76.467,  0.98,  1, 0.32, 0.22, 1.05, 0.02, 0.13, 1.11, 0.00, 0.02, 0.55, 0.44, 0.68, 0.02, 0.00, 0.00, 0.98, 1.05, 0.00, 0.00, 0.00, 1.00, 1.00, 0.00, 1.00, 0.00, 1.00, 1.00, 1.00, 0.00, 0.00, 0.00, 0.00, 0.00, 0.00, 0.00, 0.00
2296,  0,  76.500,  0.98,  1, 0.34, 0.17, 1.13, 0.02, 0.16, 1.26, 0.00, 0.02, 0.50, 0.38, 0.79, 0.02, 0.00, 0.00, 0.53, 0.98, 0.00, 0.00, 0.00, 1.00, 1.00, 0.00, 1.00, 0.00, 1.00, 0.00, 1.00, 0.00, 0.00, 0.00, 0.00, 0.00, 0.00, 0.00, 0.00
2297,  0,  76.533,  0.98,  1, 0.34, 0.07, 1.15, 0.02, 0.24, 1.37, 0.00, 0.06, 0.51, 0.34, 0.72, 0.03, 0.00, 0.00, 0.42, 0.90, 0.00, 0.00, 0.00, 1.00, 1.00, 0.00, 1.00, 0.00, 1.00, 0.00, 1.00, 0.00, 0.00, 0.00, 0.00, 0.00, 0.00, 0.00, 0.00
2298,  0,  76.567,  0.98,  1, 0.33, 0.00, 1.15, 0.00, 0.35, 1.45, 0.00, 0.11, 0.56, 0.44, 0.57, 0.01, 0.00, 0.00, 0.71, 0.99, 0.00, 0.00, 0.00, 1.00, 1.00, 0.00, 1.00, 0.00, 1.00, 0.00, 1.00, 0.00, 0.00, 0.00, 0.00, 0.00, 0.00, 0.00, 0.00
2299,  0,  76.600,  0.98,  1, 0.28, 0.00, 1.13, 0.06, 0.46, 1.53, 0.00, 0.22, 0.64, 0.57, 0.57, 0.01, 0.00, 0.00, 1.15, 1.04, 0.00, 0.00, 0.00, 1.00, 1.00, 0.00, 1.00, 0.00, 1.00, 0.00, 1.00, 0.00, 0.00, 0.00, 0.00, 0.00, 0.00, 0.00, 0.00
2300,  0,  76.633,  0.98,  1, 0.25, 0.00, 1.20, 0.13, 0.54, 1.61, 0.00, 0.29, 0.73, 0.77, 0.43, 0.02, 0.00, 0.00, 1.39, 1.04, 0.00, 0.00, 0.00, 1.00, 1.00, 0.00, 1.00, 0.00, 1.00, 1.00, 1.00, 0.00, 0.00, 0.00, 0.00, 0.00, 0.00, 0.00, 0.00
2301,  0,  76.667,  0.98,  1, 0.23, 0.01, 1.20, 0.13, 0.62, 1.69, 0.00, 0.36, 0.84, 0.99, 0.33, 0.02, 0.00, 0.00, 1.35, 0.98, 0.00, 0.00, 0.00, 1.00, 1.00, 0.00, 1.00, 0.00, 1.00, 1.00, 1.00, 0.00, 0.00, 0.00, 0.00, 0.00, 0.00, 0.00, 0.00
2302,  0,  76.700,  0.98,  1, 0.21, 0.02, 1.15, 0.07, 0.63, 1.63, 0.00, 0.41, 0.91, 1.07, 0.16, 0.03, 0.00, 0.00, 1.25, 0.93, 0.00, 0.00, 0.00, 1.00, 1.00, 0.00, 1.00, 0.00, 1.00, 0.00, 1.00, 0.00, 0.00, 0.00, 0.00, 1.00, 0.00, 0.00, 0.00
2303,  0,  76.733,  0.98,  1, 0.21, 0.08, 1.07, 0.02, 0.74, 1.65, 0.00, 0.48, 0.99, 1.24, 0.19, 0.07, 0.00, 0.00, 1.20, 0.93, 0.00, 0.00, 1.00, 1.00, 1.00, 0.00, 1.00, 0.00, 1.00, 0.00, 1.00, 0.00, 0.00, 0.00, 0.00, 1.00, 0.00, 0.00, 0.00
2304,  0,  76.767,  0.98,  1, 0.17, 0.16, 1.08, 0.02, 0.77, 1.62, 0.00, 0.50, 0.90, 1.50, 0.14, 0.16, 0.00, 0.00, 1.20, 0.75, 0.00, 0.00, 1.00, 1.00, 1.00, 0.00, 1.00, 0.00, 1.00, 0.00, 1.00, 0.00, 0.00, 0.00, 0.00, 1.00, 0.00, 0.00, 0.00
2305,  0,  76.800,  0.98,  1, 0.13, 0.29, 1.15, 0.02, 0.85, 1.70, 0.00, 0.45, 0.82, 1.81, 0.11, 0.17, 0.00, 0.00, 1.27, 0.55, 0.00, 0.00, 1.00, 1.00, 1.00, 0.00, 1.00, 0.00, 1.00, 0.00, 1.00, 0.00, 0.00, 0.00, 0.00, 1.00, 0.00, 0.00, 0.00
2306,  0,  76.833,  0.98,  1, 0.07, 0.26, 1.17, 0.00, 0.86, 1.89, 0.00, 0.42, 0.76, 1.98, 0.02, 0.11, 0.00, 0.00, 1.50, 0.54, 0.00, 0.00, 1.00, 1.00, 1.00, 0.00, 1.00, 0.00, 1.00, 0.00, 1.00, 0.00, 0.00, 0.00, 0.00, 1.00, 0.00, 0.00, 0.00
2307,  0,  76.867,  0.98,  1, 0.05, 0.17, 1.14, 0.05, 0.89, 2.10, 0.00, 0.39, 0.77, 1.82, 0.03, 0.03, 0.00, 0.00, 1.72, 0.69, 0.00, 0.00, 1.00, 1.00, 1.00, 0.00, 1.00, 0.00, 1.00, 0.00, 1.00, 0.00, 0.00, 0.00, 0.00, 1.00, 0.00, 0.00, 0.00
2308,  0,  76.900,  0.98,  1, 0.03, 0.04, 1.16, 0.08, 0.88, 2.19, 0.00, 0.44, 0.79, 1.58, 0.01, 0.00, 0.00, 0.00, 1.79, 0.89, 0.00, 0.00, 1.00, 1.00, 1.00, 0.00, 1.00, 0.00, 1.00, 0.00, 1.00, 0.00, 0.00, 0.00, 0.00, 1.00, 0.00, 0.00, 0.00
2309,  0,  76.933,  0.98,  1, 0.02, 0.00, 1.09, 0.08, 0.84, 2.15, 0.00, 0.48, 0.75, 1.30, 0.01, 0.00, 0.00, 0.00, 1.65, 1.04, 0.00, 0.00, 1.00, 1.00, 1.00, 0.00, 1.00, 0.00, 1.00, 0.00, 1.00, 0.00, 0.00, 0.00, 0.00, 1.00, 1.00, 0.00, 0.00
2310,  0,  76.967,  0.98,  1, 0.01, 0.00, 1.03, 0.05, 0.76, 1.90, 0.00, 0.54, 0.78, 1.20, 0.00, 0.00, 0.00, 0.00, 1.55, 1.24, 0.00, 0.00, 1.00, 0.00, 1.00, 0.00, 1.00, 0.00, 1.00, 0.00, 1.00, 0.00, 0.00, 0.00, 0.00, 1.00, 1.00, 0.00, 0.00
2311,  0,  77.000,  0.98,  1, 0.00, 0.00, 0.96, 0.09, 0.73, 1.76, 0.00, 0.48, 0.78, 1.21, 0.00, 0.00, 0.00, 0.00, 1.54, 1.36, 0.00, 0.00, 1.00, 0.00, 1.00, 0.00, 1.00, 0.00, 1.00, 0.00, 1.00, 0.00, 0.00, 0.00, 0.00, 1.00, 1.00, 0.00, 0.00
2312,  0,  77.033,  0.98,  1, 0.01, 0.00, 0.99, 0.15, 0.72, 1.68, 0.00, 0.43, 0.80, 1.28, 0.00, 0.00, 0.00, 0.00, 1.63, 1.45, 0.00, 0.00, 1.00, 0.00, 1.00, 0.00, 1.00, 0.00, 1.00, 0.00, 1.00, 0.00, 0.00, 0.00, 0.00, 1.00, 1.00, 0.00, 0.00
2313,  0,  77.067,  0.98,  1, 0.12, 0.00, 1.05, 0.29, 0.71, 1.85, 0.00, 0.43, 0.78, 1.40, 0.00, 0.00, 0.00, 0.00, 1.70, 1.47, 0.00, 1.00, 1.00, 0.00, 1.00, 0.00, 1.00, 0.00, 1.00, 0.00, 1.00, 0.00, 0.00, 0.00, 0.00, 1.00, 1.00, 0.00, 0.00
2314,  0,  77.100,  0.98,  1, 0.17, 0.04, 1.15, 0.25, 0.70, 1.92, 0.00, 0.49, 0.77, 1.53, 0.00, 0.00, 0.00, 0.00, 1.86, 1.32, 0.00, 1.00, 1.00, 0.00, 1.00, 0.00, 1.00, 0.00, 1.00, 1.00, 1.00, 0.00, 0.00, 0.00, 0.00, 1.00, 1.00, 0.00, 0.00
2315,  0,  77.133,  0.98,  1, 0.28, 0.12, 1.29, 0.29, 0.67, 2.06, 0.00, 0.47, 0.83, 1.61, 0.04, 0.00, 0.00, 0.00, 1.83, 1.08, 0.00, 1.00, 1.00, 1.00, 1.00, 0.00, 1.00, 0.00, 1.00, 0.00, 1.00, 0.00, 0.00, 0.00, 0.00, 1.00, 0.00, 0.00, 0.00
2316,  0,  77.167,  0.98,  1, 0.29, 0.38, 1.37, 0.32, 0.64, 1.93, 0.00, 0.43, 0.93, 1.45, 0.17, 0.00, 0.03, 0.00, 1.67, 0.78, 0.00, 1.00, 1.00, 1.00, 1.00, 0.00, 1.00, 0.00, 1.00, 0.00, 1.00, 0.00, 0.00, 0.00, 0.00, 1.00, 0.00, 0.00, 0.00
2317,  0,  77.200,  0.98,  1, 0.34, 0.50, 1.38, 0.47, 0.62, 1.86, 0.00, 0.32, 0.96, 1.42, 0.25, 0.01, 0.03, 0.00, 1.56, 0.81, 0.00, 1.00, 1.00, 1.00, 1.00, 0.00, 1.00, 0.00, 1.00, 0.00, 1.00, 0.00, 0.00, 0.00, 0.00, 1.00, 0.00, 0.00, 0.00
2318,  0,  77.233,  0.98,  1, 0.29, 0.48, 1.23, 0.37, 0.59, 1.67, 0.00, 0.31, 0.83, 1.53, 0.20, 0.06, 0.03, 0.00, 1.55, 0.77, 0.00, 0.00, 1.00, 1.00, 1.00, 0.00, 1.00, 0.00, 1.00, 0.00, 1.00, 0.00, 0.00, 0.00, 1.00, 1.00, 0.00, 0.00, 0.00
2319,  0,  77.267,  0.98,  1, 0.19, 0.24, 1.09, 0.21, 0.53, 1.53, 0.00, 0.31, 0.65, 1.82, 0.07, 0.07, 0.00, 0.00, 1.65, 0.87, 0.00, 0.00, 1.00, 1.00, 1.00, 0.00, 1.00, 0.00, 1.00, 0.00, 1.00, 0.00, 0.00, 0.00, 1.00, 1.00, 0.00, 0.00, 0.00
2320,  0,  77.300,  0.98,  1, 0.12, 0.08, 0.97, 0.03, 0.48, 1.36, 0.00, 0.30, 0.52, 1.96, 0.00, 0.07, 0.00, 0.00, 1.63, 0.79, 0.00, 0.00, 1.00, 1.00, 1.00, 0.00, 1.00, 0.00, 1.00, 0.00, 1.00, 0.00, 0.00, 0.00, 1.00, 1.00, 0.00, 0.00, 0.00
2321,  0,  77.333,  0.98,  1, 0.17, 0.15, 1.05, 0.04, 0.42, 1.22, 0.10, 0.31, 0.40, 2.00, 0.00, 0.03, 0.00, 0.00, 1.60, 0.89, 0.00, 0.00, 1.00, 1.00, 1.00, 0.00, 1.00, 0.00, 1.00, 0.00, 1.00, 0.00, 0.00, 0.00, 1.00, 1.00, 0.00, 0.00, 0.00
2322,  0,  77.367,  0.98,  1, 0.32, 0.21, 1.20, 0.03, 0.35, 1.26, 0.14, 0.24, 0.35, 1.76, 0.21, 0.02, 0.00, 0.00, 1.45, 0.82, 0.00, 0.00, 1.00, 1.00, 1.00, 0.00, 1.00, 0.00, 1.00, 0.00, 1.00, 0.00, 0.00, 0.00, 1.00, 1.00, 0.00, 0.00, 0.00
2323,  0,  77.400,  0.98,  1, 0.52, 0.31, 1.28, 0.13, 0.27, 1.34, 0.14, 0.22, 0.37, 1.38, 0.30, 0.01, 0.00, 0.00, 1.25, 0.72, 0.00, 0.00, 1.00, 1.00, 1.00, 0.00, 1.00, 0.00, 1.00, 0.00, 1.00, 0.00, 0.00, 0.00, 1.00, 1.00, 0.00, 0.00, 0.00
2324,  0,  77.433,  0.98,  1, 0.53, 0.27, 1.35, 0.20, 0.30, 1.40, 0.06, 0.19, 0.44, 1.17, 0.31, 0.00, 0.00, 0.00, 1.14, 0.71, 0.00, 0.00, 1.00, 1.00, 1.00, 0.00, 1.00, 0.00, 1.00, 0.00, 1.00, 0.00, 0.00, 0.00, 1.00, 1.00, 0.00, 0.00, 0.00
2325,  0,  77.467,  0.98,  1, 0.44, 0.19, 1.31, 0.22, 0.43, 1.54, 0.01, 0.29, 0.43, 1.32, 0.11, 0.00, 0.00, 0.00, 1.22, 0.71, 0.00, 0.00, 1.00, 1.00, 1.00, 0.00, 1.00, 0.00, 1.00, 0.00, 1.00, 0.00, 0.00, 0.00, 0.00, 0.00, 0.00, 0.00, 0.00
2326,  0,  77.500,  0.98,  1, 0.38, 0.19, 1.41, 0.25, 0.50, 1.52, 0.07, 0.32, 0.34, 1.70, 0.21, 0.00, 0.00, 0.00, 1.35, 0.78, 0.00, 1.00, 1.00, 1.00, 1.00, 0.00, 1.00, 0.00, 1.00, 0.00, 1.00, 0.00, 0.00, 0.00, 0.00, 0.00, 0.00, 0.00, 0.00
2327,  0,  77.533,  0.98,  1, 0.48, 0.22, 1.48, 0.39, 0.45, 1.37, 0.12, 0.22, 0.32, 1.74, 0.36, 0.00, 0.00, 0.00, 1.27, 0.72, 0.00, 1.00, 1.00, 1.00, 1.00, 0.00, 1.00, 0.00, 1.00, 0.00, 1.00, 0.00, 0.00, 0.00, 0.00, 0.00, 0.00, 0.00, 0.00
2328,  0,  77.567,  0.98,  1, 0.51, 0.36, 1.46, 0.58, 0.40, 1.04, 0.22, 0.07, 0.28, 1.54, 0.41, 0.00, 0.00, 0.00, 1.05, 0.81, 0.00, 1.00, 1.00, 1.00, 1.00, 0.00, 1.00, 0.00, 1.00, 0.00, 1.00, 0.00, 0.00, 0.00, 0.00, 0.00, 0.00, 0.00, 0.00
2329,  0,  77.600,  0.98,  1, 0.47, 0.41, 1.30, 0.63, 0.38, 0.84, 0.26, 0.00, 0.29, 1.18, 0.22, 0.00, 0.00, 0.00, 0.76, 0.83, 0.00, 1.00, 1.00, 1.00, 1.00, 0.00, 1.00, 0.00, 1.00, 0.00, 1.00, 0.00, 0.00, 0.00, 0.00, 0.00, 0.00, 0.00, 0.00
2330,  0,  77.633,  0.98,  1, 0.35, 0.35, 1.07, 0.55, 0.41, 0.68, 0.21, 0.00, 0.25, 1.08, 0.07, 0.00, 0.00, 0.00, 0.73, 0.80, 0.00, 1.00, 1.00, 1.00, 1.00, 0.00, 1.00, 0.00, 1.00, 0.00, 1.00, 0.00, 0.00, 0.00, 0.00, 0.00, 0.00, 0.00, 0.00
2331,  0,  77.667,  0.98,  1, 0.30, 0.24, 0.97, 0.43, 0.42, 0.70, 0.17, 0.00, 0.19, 1.28, 0.01, 0.01, 0.00, 0.00, 0.80, 0.79, 0.00, 1.00, 1.00, 1.00, 1.00, 0.00, 1.00, 0.00, 1.00, 0.00, 1.00, 0.00, 0.00, 0.00, 0.00, 0.00, 0.00, 0.00, 0.00
2332,  0,  77.700,  0.98,  1, 0.29, 0.11, 1.07, 0.39, 0.47, 0.76, 0.13, 0.00, 0.15, 1.57, 0.07, 0.01, 0.00, 0.00, 0.99, 0.81, 0.00, 1.00, 1.00, 1.00, 1.00, 0.00, 1.00, 0.00, 1.00, 0.00, 1.00, 0.00, 0.00, 0.00, 0.00, 0.00, 0.00, 0.00, 0.00
2333,  0,  77.733,  0.98,  1, 0.32, 0.10, 1.15, 0.49, 0.45, 0.82, 0.19, 0.00, 0.16, 1.42, 0.09, 0.01, 0.00, 0.00, 1.22, 0.99, 0.00, 0.00, 1.00, 1.00, 1.00, 0.00, 1.00, 0.00, 1.00, 0.00, 1.00, 0.00, 0.00, 0.00, 0.00, 0.00, 0.00, 0.00, 0.00
2334,  0,  77.767,  0.98,  1, 0.39, 0.13, 1.24, 0.55, 0.40, 0.65, 0.23, 0.00, 0.28, 1.00, 0.09, 0.00, 0.00, 0.00, 1.36, 1.05, 0.00, 0.00, 1.00, 1.00, 1.00, 0.00, 1.00, 0.00, 1.00, 0.00, 1.00, 0.00, 0.00, 0.00, 0.00, 0.00, 0.00, 0.00, 0.00
2335,  0,  77.800,  0.98,  1, 0.38, 0.17, 1.16, 0.70, 0.34, 0.49, 0.24, 0.06, 0.42, 0.51, 0.03, 0.00, 0.00, 0.00, 1.39, 1.10, 0.00, 0.00, 1.00, 1.00, 1.00, 0.00, 1.00, 0.00, 1.00, 0.00, 1.00, 0.00, 0.00, 0.00, 0.00, 0.00, 0.00, 0.00, 0.00
2336,  0,  77.833,  0.98,  1, 0.33, 0.15, 1.21, 0.77, 0.37, 0.50, 0.21, 0.12, 0.52, 0.52, 0.03, 0.00, 0.00, 0.00, 1.19, 1.02, 0.00, 0.00, 1.00, 1.00, 1.00, 0.00, 1.00, 0.00, 1.00, 0.00, 1.00, 0.00, 0.00, 0.00, 0.00, 1.00, 0.00, 0.00, 0.00
2337,  0,  77.867,  0.98,  1, 0.42, 0.27, 1.26, 0.75, 0.43, 0.68, 0.13, 0.15, 0.61, 0.65, 0.03, 0.00, 0.00, 0.00, 1.17, 0.95, 0.08, 1.00, 1.00, 1.00, 1.00, 0.00, 1.00, 0.00, 1.00, 0.00, 1.00, 0.00, 0.00, 0.00, 0.00, 1.00, 0.00, 0.00, 0.00
2338,  0,  77.900,  0.98,  1, 0.32, 0.21, 1.33, 0.60, 0.53, 0.63, 0.06, 0.29, 0.77, 0.75, 0.10, 0.00, 0.00, 0.00, 1.18, 0.94, 0.83, 1.00, 1.00, 1.00, 0.00, 0.00, 1.00, 0.00, 1.00, 0.00, 1.00, 0.00, 0.00, 0.00, 0.00, 1.00, 0.00, 0.00, 0.00
2339,  0,  77.933,  0.93,  1, 0.39, 0.18, 1.33, 0.52, 0.52, 0.43, 0.01, 0.43, 0.93, 0.76, 0.17, 0.00, 0.00, 0.00, 1.26, 0.94, 1.57, 1.00, 1.00, 1.00, 0.00, 0.00, 1.00, 0.00, 1.00, 0.00, 1.00, 0.00, 0.00, 0.00, 0.00, 1.00, 0.00, 0.00, 1.00
2340,  0,  77.967,  0.93,  1, 0.19, 0.00, 1.25, 0.39, 0.49, 0.11, 0.00, 0.55, 1.04, 0.79, 0.24, 0.00, 0.00, 0.00, 1.39, 0.96, 2.39, 1.00, 1.00, 1.00, 0.00, 0.00, 1.00, 0.00, 1.00, 0.00, 1.00, 0.00, 0.00, 0.00, 0.00, 1.00, 0.00, 0.00, 1.00
2341,  0,  78.000,  0.93,  1, 0.18, 0.00, 1.24, 0.26, 0.53, 0.33, 0.00, 0.46, 0.98, 1.07, 0.29, 0.00, 0.00, 0.00, 1.52, 0.96, 2.27, 1.00, 1.00, 1.00, 0.00, 0.00, 1.00, 0.00, 1.00, 0.00, 1.00, 0.00, 0.00, 0.00, 0.00, 1.00, 0.00, 0.00, 1.00
2342,  0,  78.033,  0.93,  1, 0.06, 0.00, 1.23, 0.03, 0.66, 0.74, 0.00, 0.37, 0.89, 1.24, 0.25, 0.00, 0.00, 0.00, 1.75, 0.90, 1.95, 0.00, 1.00, 1.00, 0.00, 0.00, 1.00, 0.00, 1.00, 0.00, 1.00, 0.00, 0.00, 0.00, 0.00, 1.00, 0.00, 0.00, 1.00
2343,  0,  78.067,  0.93,  1, 0.09, 0.00, 1.31, 0.00, 0.75, 1.24, 0.00, 0.35, 0.79, 1.41, 0.36, 0.00, 0.00, 0.00, 1.84, 0.85, 1.33, 0.00, 1.00, 1.00, 0.00, 0.00, 1.00, 0.00, 1.00, 0.00, 1.00, 0.00, 0.00, 0.00, 0.00, 1.00, 0.00, 0.00, 1.00
2344,  0,  78.100,  0.98,  1, 0.16, 0.00, 1.29, 0.00, 0.67, 1.31, 0.00, 0.25, 0.81, 1.29, 0.35, 0.00, 0.00, 0.00, 1.85, 0.77, 0.86, 0.00, 1.00, 1.00, 0.00, 0.00, 1.00, 0.00, 1.00, 0.00, 1.00, 0.00, 0.00, 0.00, 0.00, 1.00, 0.00, 0.00, 1.00
2345,  0,  78.133,  0.98,  1, 0.25, 0.04, 1.41, 0.00, 0.58, 1.26, 0.00, 0.15, 0.84, 1.21, 0.39, 0.00, 0.00, 0.00, 1.72, 0.77, 0.44, 0.00, 1.00, 1.00, 0.00, 0.00, 1.00, 0.00, 1.00, 0.00, 1.00, 0.00, 0.00, 0.00, 0.00, 1.00, 0.00, 0.00, 0.00
2346,  0,  78.167,  0.98,  1, 0.29, 0.06, 1.44, 0.00, 0.58, 1.23, 0.00, 0.02, 0.85, 1.27, 0.23, 0.00, 0.00, 0.00, 1.48, 0.72, 0.16, 0.00, 1.00, 1.00, 0.00, 0.00, 1.00, 0.00, 1.00, 1.00, 1.00, 0.00, 0.00, 0.00, 0.00, 1.00, 0.00, 0.00, 0.00
2347,  0,  78.200,  0.98,  1, 0.27, 0.06, 1.50, 0.00, 0.66, 1.35, 0.00, 0.02, 0.77, 1.55, 0.11, 0.00, 0.00, 0.00, 1.29, 0.65, 0.00, 0.00, 1.00, 1.00, 1.00, 0.00, 1.00, 0.00, 1.00, 1.00, 1.00, 0.00, 0.00, 0.00, 0.00, 1.00, 0.00, 0.00, 0.00
2348,  0,  78.233,  0.98,  1, 0.20, 0.05, 1.44, 0.00, 0.73, 1.56, 0.00, 0.02, 0.64, 1.80, 0.02, 0.00, 0.00, 0.00, 1.22, 0.52, 0.00, 0.00, 1.00, 1.00, 1.00, 0.00, 1.00, 0.00, 1.00, 1.00, 1.00, 0.00, 0.00, 0.00, 0.00, 1.00, 0.00, 0.00, 0.00
2349,  0,  78.267,  0.98,  1, 0.25, 0.19, 1.46, 0.00, 0.69, 1.71, 0.07, 0.01, 0.56, 1.94, 0.00, 0.00, 0.00, 0.00, 1.25, 0.46, 0.00, 0.00, 1.00, 1.00, 1.00, 0.00, 1.00, 0.00, 1.00, 0.00, 1.00, 0.00, 0.00, 0.00, 0.00, 0.00, 0.00, 0.00, 0.00
2350,  0,  78.300,  0.98,  1, 0.37, 0.33, 1.41, 0.00, 0.58, 1.61, 0.12, 0.00, 0.52, 1.67, 0.08, 0.00, 0.00, 0.00, 1.32, 0.51, 0.00, 0.00, 1.00, 1.00, 1.00, 0.00, 1.00, 0.00, 1.00, 0.00, 1.00, 0.00, 0.00, 0.00, 0.00, 1.00, 0.00, 0.00, 0.00
2351,  0,  78.333,  0.98,  1, 0.53, 0.43, 1.39, 0.05, 0.47, 1.45, 0.20, 0.00, 0.55, 1.41, 0.17, 0.00, 0.00, 0.00, 1.24, 0.61, 0.00, 0.00, 1.00, 1.00, 1.00, 0.00, 1.00, 0.00, 1.00, 0.00, 1.00, 0.00, 0.00, 0.00, 0.00, 1.00, 0.00, 0.00, 0.00
2352,  0,  78.367,  0.98,  1, 0.57, 0.39, 1.32, 0.06, 0.48, 1.22, 0.16, 0.00, 0.59, 1.35, 0.18, 0.02, 0.00, 0.00, 1.27, 0.73, 0.00, 0.00, 1.00, 1.00, 1.00, 0.00, 1.00, 0.00, 1.00, 0.00, 1.00, 0.00, 0.00, 0.00, 0.00, 1.00, 0.00, 0.00, 0.00
2353,  0,  78.400,  0.98,  1, 0.47, 0.30, 1.29, 0.09, 0.60, 1.44, 0.18, 0.03, 0.60, 1.75, 0.10, 0.02, 0.00, 0.00, 1.32, 0.90, 0.00, 0.00, 1.00, 1.00, 1.00, 0.00, 1.00, 0.00, 1.00, 0.00, 1.00, 0.00, 0.00, 0.00, 0.00, 1.00, 0.00, 0.00, 0.00
2354,  0,  78.433,  0.98,  1, 0.38, 0.25, 1.32, 0.13, 0.63, 1.51, 0.17, 0.09, 0.56, 2.10, 0.01, 0.02, 0.00, 0.00, 1.60, 0.93, 0.00, 0.00, 1.00, 1.00, 1.00, 0.00, 1.00, 0.00, 1.00, 0.00, 1.00, 0.00, 0.00, 0.00, 0.00, 1.00, 0.00, 0.00, 0.00
2355,  0,  78.467,  0.98,  1, 0.38, 0.26, 1.47, 0.32, 0.55, 1.72, 0.24, 0.13, 0.56, 1.83, 0.09, 0.00, 0.00, 0.00, 1.63, 1.05, 0.00, 0.00, 1.00, 1.00, 1.00, 0.00, 1.00, 0.00, 1.00, 0.00, 1.00, 0.00, 0.00, 0.00, 0.00, 1.00, 0.00, 0.00, 0.00
2356,  0,  78.500,  0.98,  1, 0.41, 0.33, 1.58, 0.53, 0.42, 1.58, 0.28, 0.17, 0.60, 1.39, 0.13, 0.00, 0.00, 0.00, 1.62, 1.05, 0.00, 0.00, 1.00, 1.00, 1.00, 0.00, 1.00, 0.00, 1.00, 0.00, 1.00, 0.00, 0.00, 0.00, 0.00, 1.00, 0.00, 0.00, 0.00
2357,  0,  78.533,  0.98,  1, 0.41, 0.38, 1.45, 0.71, 0.42, 1.71, 0.26, 0.24, 0.64, 1.13, 0.13, 0.00, 0.00, 0.00, 1.55, 1.07, 0.00, 0.00, 1.00, 1.00, 1.00, 0.00, 1.00, 0.00, 1.00, 0.00, 1.00, 0.00, 0.00, 0.00, 0.00, 1.00, 0.00, 0.00, 0.00
2358,  0,  78.567,  0.98,  1, 0.39, 0.30, 1.30, 0.53, 0.46, 1.62, 0.24, 0.36, 0.62, 1.39, 0.04, 0.00, 0.00, 0.00, 1.59, 1.02, 0.00, 0.00, 1.00, 1.00, 1.00, 0.00, 1.00, 0.00, 1.00, 0.00, 1.00, 0.00, 0.00, 0.00, 0.00, 1.00, 0.00, 0.00, 0.00
2359,  0,  78.600,  0.98,  1, 0.39, 0.23, 1.16, 0.32, 0.46, 1.57, 0.21, 0.40, 0.52, 1.67, 0.00, 0.00, 0.00, 0.00, 1.55, 0.86, 0.00, 0.00, 1.00, 1.00, 1.00, 0.00, 1.00, 0.00, 1.00, 0.00, 1.00, 0.00, 0.00, 0.00, 0.00, 1.00, 0.00, 0.00, 0.00
2360,  0,  78.633,  0.98,  1, 0.43, 0.31, 1.19, 0.07, 0.42, 1.32, 0.30, 0.38, 0.37, 1.86, 0.00, 0.05, 0.00, 0.00, 1.41, 0.74, 0.00, 0.00, 1.00, 1.00, 1.00, 0.00, 1.00, 0.00, 1.00, 0.00, 1.00, 0.00, 0.00, 0.00, 0.00, 1.00, 0.00, 0.00, 0.00
2361,  0,  78.667,  0.98,  1, 0.51, 0.54, 1.25, 0.09, 0.37, 1.35, 0.34, 0.32, 0.33, 1.78, 0.19, 0.05, 0.00, 0.00, 1.17, 0.61, 0.00, 0.00, 1.00, 1.00, 1.00, 0.00, 1.00, 0.00, 1.00, 0.00, 1.00, 0.00, 0.00, 0.00, 0.00, 1.00, 0.00, 0.00, 0.00
2362,  0,  78.700,  0.98,  1, 0.51, 0.75, 1.28, 0.06, 0.37, 1.28, 0.31, 0.21, 0.34, 1.67, 0.27, 0.15, 0.00, 0.00, 0.96, 0.57, 0.00, 0.00, 1.00, 1.00, 1.00, 0.00, 1.00, 0.00, 1.00, 0.00, 1.00, 0.00, 0.00, 0.00, 0.00, 0.00, 0.00, 0.00, 0.00
2363,  0,  78.733,  0.98,  1, 0.44, 0.62, 1.22, 0.05, 0.39, 1.39, 0.25, 0.10, 0.40, 1.74, 0.29, 0.17, 0.00, 0.00, 0.88, 0.55, 0.00, 0.00, 1.00, 1.00, 1.00, 0.00, 1.00, 0.00, 1.00, 0.00, 1.00, 0.00, 0.00, 0.00, 1.00, 0.00, 0.00, 0.00, 0.00
2364,  0,  78.767,  0.98,  1, 0.32, 0.51, 1.09, 0.00, 0.46, 1.42, 0.15, 0.02, 0.37, 2.00, 0.10, 0.35, 0.00, 0.00, 0.90, 0.54, 0.00, 0.00, 1.00, 1.00, 1.00, 0.00, 1.00, 0.00, 1.00, 0.00, 1.00, 0.00, 0.00, 0.00, 1.00, 0.00, 0.00, 0.00, 0.00
2365,  0,  78.800,  0.98,  1, 0.33, 0.44, 1.14, 0.00, 0.51, 1.56, 0.10, 0.02, 0.29, 2.23, 0.02, 0.38, 0.00, 0.00, 1.03, 0.69, 0.00, 0.00, 1.00, 1.00, 1.00, 0.00, 1.00, 0.00, 1.00, 0.00, 1.00, 0.00, 0.00, 0.00, 1.00, 0.00, 0.00, 0.00, 0.00
2366,  0,  78.833,  0.98,  1, 0.28, 0.35, 1.26, 0.00, 0.54, 1.48, 0.06, 0.02, 0.22, 2.22, 0.00, 0.48, 0.00, 0.00, 0.99, 0.76, 0.00, 0.00, 1.00, 1.00, 1.00, 0.00, 1.00, 0.00, 1.00, 0.00, 1.00, 0.00, 0.00, 0.00, 1.00, 0.00, 0.00, 0.00, 0.00
2367,  0,  78.867,  0.98,  1, 0.22, 0.18, 1.31, 0.00, 0.53, 1.42, 0.11, 0.01, 0.18, 2.18, 0.00, 0.40, 0.00, 0.00, 0.99, 0.81, 0.00, 0.00, 1.00, 1.00, 1.00, 0.00, 1.00, 0.00, 1.00, 0.00, 1.00, 0.00, 0.00, 0.00, 1.00, 0.00, 0.00, 0.00, 0.00
2368,  0,  78.900,  0.98,  1, 0.18, 0.00, 1.27, 0.00, 0.49, 1.49, 0.13, 0.07, 0.18, 2.13, 0.00, 0.38, 0.00, 0.00, 0.98, 0.72, 0.00, 0.00, 1.00, 1.00, 1.00, 0.00, 1.00, 0.00, 1.00, 0.00, 1.00, 0.00, 0.00, 0.00, 1.00, 0.00, 0.00, 0.00, 0.00
2369,  0,  78.933,  0.98,  1, 0.19, 0.08, 1.24, 0.00, 0.44, 1.63, 0.10, 0.07, 0.16, 2.18, 0.00, 0.38, 0.00, 0.00, 0.96, 0.76, 0.00, 0.00, 0.00, 1.00, 1.00, 0.00, 1.00, 0.00, 1.00, 0.00, 1.00, 0.00, 0.00, 0.00, 1.00, 0.00, 0.00, 0.00, 0.00
2370,  0,  78.967,  0.98,  1, 0.18, 0.16, 1.27, 0.00, 0.39, 1.66, 0.05, 0.08, 0.17, 2.22, 0.00, 0.40, 0.00, 0.00, 0.86, 0.76, 0.00, 0.00, 0.00, 1.00, 1.00, 0.00, 1.00, 0.00, 1.00, 0.00, 1.00, 0.00, 0.00, 0.00, 1.00, 0.00, 0.00, 0.00, 0.00
2371,  0,  79.000,  0.98,  1, 0.15, 0.19, 1.26, 0.00, 0.38, 1.68, 0.02, 0.03, 0.13, 2.16, 0.00, 0.42, 0.00, 0.00, 0.71, 0.76, 0.00, 0.00, 0.00, 1.00, 1.00, 0.00, 1.00, 0.00, 1.00, 0.00, 1.00, 0.00, 0.00, 0.00, 1.00, 0.00, 0.00, 0.00, 0.00
2372,  0,  79.033,  0.98,  1, 0.24, 0.11, 1.27, 0.00, 0.38, 1.76, 0.03, 0.06, 0.12, 2.06, 0.00, 0.41, 0.00, 0.00, 0.64, 0.70, 0.00, 0.00, 1.00, 1.00, 1.00, 0.00, 1.00, 0.00, 1.00, 0.00, 1.00, 0.00, 0.00, 0.00, 1.00, 0.00, 0.00, 0.00, 0.00
2373,  0,  79.067,  0.98,  1, 0.33, 0.04, 1.27, 0.00, 0.36, 1.74, 0.03, 0.11, 0.11, 2.03, 0.00, 0.50, 0.00, 0.00, 0.57, 0.60, 0.00, 0.00, 1.00, 1.00, 1.00, 0.00, 1.00, 0.00, 1.00, 0.00, 1.00, 0.00, 0.00, 0.00, 1.00, 0.00, 0.00, 0.00, 0.00
2374,  0,  79.100,  0.98,  1, 0.33, 0.00, 1.20, 0.00, 0.35, 1.59, 0.02, 0.10, 0.09, 1.96, 0.00, 0.39, 0.00, 0.00, 0.55, 0.67, 0.00, 0.00, 1.00, 1.00, 1.00, 0.00, 1.00, 0.00, 1.00, 0.00, 1.00, 0.00, 0.00, 0.00, 1.00, 0.00, 0.00, 0.00, 0.00
2375,  0,  79.133,  0.98,  1, 0.28, 0.00, 1.13, 0.00, 0.33, 1.38, 0.00, 0.07, 0.06, 1.97, 0.00, 0.35, 0.00, 0.00, 0.52, 0.74, 0.00, 0.00, 1.00, 1.00, 1.00, 0.00, 1.00, 0.00, 1.00, 0.00, 1.00, 0.00, 0.00, 0.00, 1.00, 0.00, 0.00, 0.00, 0.00
2376,  0,  79.167,  0.98,  1, 0.15, 0.00, 0.98, 0.00, 0.30, 1.00, 0.02, 0.01, 0.01, 1.78, 0.00, 0.19, 0.00, 0.00, 0.58, 0.99, 0.00, 0.00, 1.00, 1.00, 1.00, 0.00, 1.00, 0.00, 1.00, 0.00, 1.00, 0.00, 0.00, 0.00, 1.00, 0.00, 0.00, 0.00, 0.00
2377,  0,  79.200,  0.98,  1, 0.11, 0.02, 0.96, 0.00, 0.23, 0.75, 0.02, 0.01, 0.00, 1.78, 0.00, 0.21, 0.00, 0.00, 0.56, 1.05, 0.00, 0.00, 1.00, 1.00, 1.00, 0.00, 1.00, 0.00, 1.00, 0.00, 1.00, 0.00, 0.00, 0.00, 1.00, 0.00, 0.00, 0.00, 0.00
2378,  0,  79.233,  0.98,  1, 0.03, 0.02, 0.98, 0.00, 0.20, 0.45, 0.02, 0.00, 0.00, 1.74, 0.00, 0.17, 0.00, 0.00, 0.58, 1.13, 0.00, 0.00, 1.00, 1.00, 1.00, 0.00, 1.00, 0.00, 1.00, 0.00, 1.00, 0.00, 0.00, 0.00, 1.00, 0.00, 0.00, 0.00, 0.00
2379,  0,  79.267,  0.98,  1, 0.06, 0.02, 1.06, 0.00, 0.17, 0.40, 0.00, 0.00, 0.00, 1.79, 0.00, 0.22, 0.00, 0.00, 0.51, 1.12, 0.00, 0.00, 1.00, 1.00, 1.00, 0.00, 1.00, 0.00, 1.00, 0.00, 1.00, 0.00, 0.00, 0.00, 1.00, 0.00, 0.00, 0.00, 0.00
2380,  0,  79.300,  0.98,  1, 0.05, 0.00, 1.14, 0.00, 0.17, 0.25, 0.00, 0.00, 0.00, 1.82, 0.00, 0.31, 0.00, 0.00, 0.54, 1.16, 0.00, 0.00, 1.00, 1.00, 1.00, 0.00, 1.00, 0.00, 1.00, 0.00, 1.00, 0.00, 0.00, 0.00, 1.00, 0.00, 0.00, 0.00, 0.00
2381,  0,  79.333,  0.98,  1, 0.09, 0.00, 1.17, 0.00, 0.15, 0.26, 0.00, 0.02, 0.00, 1.80, 0.00, 0.41, 0.00, 0.00, 0.51, 1.16, 0.00, 0.00, 1.00, 1.00, 1.00, 0.00, 1.00, 0.00, 1.00, 0.00, 1.00, 0.00, 0.00, 0.00, 1.00, 0.00, 0.00, 0.00, 0.00
2382,  0,  79.367,  0.98,  1, 0.06, 0.00, 1.20, 0.00, 0.17, 0.25, 0.00, 0.03, 0.00, 1.84, 0.00, 0.47, 0.00, 0.00, 0.53, 1.13, 0.00, 0.00, 1.00, 1.00, 1.00, 0.00, 1.00, 0.00, 1.00, 0.00, 1.00, 0.00, 0.00, 0.00, 1.00, 0.00, 0.00, 0.00, 0.00
2383,  0,  79.400,  0.98,  1, 0.05, 0.00, 1.14, 0.00, 0.19, 0.24, 0.00, 0.09, 0.00, 1.84, 0.00, 0.51, 0.00, 0.00, 0.54, 1.06, 0.00, 0.00, 1.00, 1.00, 1.00, 0.00, 1.00, 0.00, 1.00, 0.00, 1.00, 0.00, 0.00, 0.00, 1.00, 0.00, 0.00, 0.00, 0.00
2384,  0,  79.433,  0.98,  1, 0.01, 0.00, 1.09, 0.00, 0.20, 0.18, 0.00, 0.14, 0.00, 1.83, 0.00, 0.54, 0.00, 0.00, 0.54, 1.00, 0.00, 0.00, 1.00, 1.00, 1.00, 0.00, 1.00, 0.00, 1.00, 0.00, 1.00, 0.00, 0.00, 0.00, 1.00, 0.00, 0.00, 0.00, 0.00
2385,  0,  79.467,  0.98,  1, 0.03, 0.00, 1.03, 0.00, 0.20, 0.16, 0.00, 0.16, 0.00, 1.85, 0.00, 0.56, 0.00, 0.00, 0.50, 0.90, 0.00, 0.00, 1.00, 1.00, 1.00, 0.00, 1.00, 0.00, 1.00, 0.00, 1.00, 0.00, 0.00, 0.00, 1.00, 0.00, 0.00, 0.00, 0.00
2386,  0,  79.500,  0.98,  1, 0.03, 0.00, 1.02, 0.00, 0.24, 0.39, 0.03, 0.15, 0.01, 1.92, 0.00, 0.63, 0.00, 0.00, 0.42, 0.91, 0.00, 0.00, 1.00, 1.00, 1.00, 0.00, 1.00, 0.00, 1.00, 0.00, 1.00, 0.00, 0.00, 0.00, 1.00, 0.00, 0.00, 0.00, 0.00
2387,  0,  79.533,  0.98,  1, 0.02, 0.00, 0.99, 0.00, 0.30, 0.61, 0.07, 0.14, 0.04, 1.93, 0.00, 0.66, 0.00, 0.00, 0.34, 0.86, 0.00, 0.00, 1.00, 1.00, 1.00, 0.00, 1.00, 0.00, 1.00, 0.00, 1.00, 0.00, 0.00, 0.00, 1.00, 0.00, 0.00, 0.00, 0.00
2388,  0,  79.567,  0.98,  1, 0.07, 0.05, 1.00, 0.00, 0.30, 0.84, 0.07, 0.22, 0.04, 1.86, 0.00, 0.66, 0.00, 0.00, 0.30, 0.87, 0.00, 0.00, 1.00, 1.00, 1.00, 0.00, 1.00, 0.00, 1.00, 0.00, 1.00, 0.00, 0.00, 0.00, 1.00, 0.00, 0.00, 0.00, 0.00
2389,  0,  79.600,  0.98,  1, 0.15, 0.12, 1.04, 0.00, 0.23, 0.78, 0.03, 0.26, 0.03, 1.74, 0.00, 0.56, 0.00, 0.00, 0.24, 0.78, 0.00, 0.00, 1.00, 1.00, 1.00, 0.00, 1.00, 0.00, 1.00, 0.00, 1.00, 0.00, 0.00, 0.00, 1.00, 0.00, 0.00, 0.00, 0.00
2390,  0,  79.633,  0.98,  1, 0.26, 0.23, 1.07, 0.00, 0.17, 0.76, 0.00, 0.30, 0.00, 1.68, 0.00, 0.46, 0.00, 0.00, 0.23, 0.68, 0.00, 0.00, 1.00, 1.00, 1.00, 0.00, 1.00, 0.00, 1.00, 0.00, 1.00, 0.00, 0.00, 0.00, 1.00, 0.00, 0.00, 0.00, 0.00
2391,  0,  79.667,  0.98,  1, 0.30, 0.27, 1.08, 0.00, 0.15, 0.84, 0.00, 0.25, 0.00, 1.66, 0.00, 0.42, 0.00, 0.00, 0.22, 0.57, 0.00, 0.00, 1.00, 1.00, 1.00, 0.00, 1.00, 0.00, 1.00, 0.00, 1.00, 0.00, 0.00, 0.00, 1.00, 0.00, 0.00, 0.00, 0.00
2392,  0,  79.700,  0.98,  1, 0.30, 0.25, 1.03, 0.00, 0.20, 0.94, 0.01, 0.25, 0.00, 1.63, 0.00, 0.41, 0.03, 0.00, 0.28, 0.51, 0.00, 0.00, 1.00, 1.00, 1.00, 0.00, 1.00, 0.00, 1.00, 0.00, 1.00, 0.00, 0.00, 0.00, 1.00, 0.00, 0.00, 0.00, 0.00
2393,  0,  79.733,  0.98,  1, 0.24, 0.19, 1.02, 0.00, 0.25, 1.02, 0.01, 0.22, 0.00, 1.64, 0.00, 0.35, 0.03, 0.00, 0.34, 0.50, 0.00, 0.00, 1.00, 1.00, 1.00, 0.00, 1.00, 0.00, 1.00, 0.00, 1.00, 0.00, 0.00, 0.00, 1.00, 0.00, 0.00, 0.00, 0.00
2394,  0,  79.767,  0.98,  1, 0.15, 0.12, 1.01, 0.00, 0.28, 0.88, 0.01, 0.24, 0.00, 1.63, 0.00, 0.27, 0.03, 0.00, 0.39, 0.52, 0.00, 0.00, 1.00, 1.00, 1.00, 0.00, 1.00, 0.00, 1.00, 0.00, 1.00, 0.00, 0.00, 0.00, 1.00, 0.00, 0.00, 0.00, 0.00
2395,  0,  79.800,  0.98,  1, 0.10, 0.08, 1.02, 0.00, 0.27, 0.77, 0.00, 0.20, 0.02, 1.62, 0.00, 0.19, 0.00, 0.00, 0.57, 0.61, 0.00, 0.00, 1.00, 1.00, 1.00, 0.00, 1.00, 0.00, 1.00, 0.00, 1.00, 0.00, 0.00, 0.00, 1.00, 0.00, 0.00, 0.00, 0.00
2396,  0,  79.833,  0.98,  1, 0.08, 0.08, 0.98, 0.00, 0.22, 0.62, 0.00, 0.18, 0.06, 1.52, 0.00, 0.15, 0.00, 0.00, 0.85, 0.70, 0.00, 0.00, 1.00, 1.00, 1.00, 0.00, 1.00, 0.00, 1.00, 0.00, 1.00, 0.00, 0.00, 0.00, 1.00, 0.00, 0.00, 0.00, 0.00
2397,  0,  79.867,  0.98,  1, 0.08, 0.06, 0.96, 0.00, 0.18, 0.61, 0.00, 0.24, 0.16, 1.39, 0.00, 0.08, 0.00, 0.00, 1.15, 0.76, 0.00, 0.00, 1.00, 1.00, 1.00, 0.00, 1.00, 0.00, 1.00, 0.00, 1.00, 0.00, 0.00, 0.00, 1.00, 1.00, 0.00, 0.00, 0.00
2398,  0,  79.900,  0.98,  1, 0.07, 0.06, 0.92, 0.00, 0.26, 0.81, 0.00, 0.41, 0.31, 1.32, 0.00, 0.09, 0.00, 0.00, 1.46, 0.78, 0.07, 0.00, 1.00, 1.00, 1.00, 0.00, 1.00, 0.00, 1.00, 0.00, 1.00, 0.00, 0.00, 0.00, 1.00, 1.00, 0.00, 0.00, 0.00
2399,  0,  79.933,  0.98,  1, 0.03, 0.00, 1.05, 0.00, 0.44, 1.06, 0.06, 0.64, 0.51, 1.29, 0.00, 0.06, 0.00, 0.00, 1.64, 0.72, 0.72, 0.00, 1.00, 1.00, 0.00, 0.00, 1.00, 0.00, 1.00, 0.00, 1.00, 0.00, 0.00, 0.00, 1.00, 1.00, 0.00, 0.00, 0.00
2400,  0,  79.967,  0.98,  1, 0.01, 0.00, 1.04, 0.00, 0.61, 0.98, 0.06, 0.79, 0.60, 1.39, 0.00, 0.18, 0.00, 0.00, 1.72, 0.73, 1.58, 0.00, 1.00, 1.00, 0.00, 0.00, 1.00, 0.00, 1.00, 0.00, 1.00, 0.00, 0.00, 0.00, 1.00, 1.00, 0.00, 0.00, 1.00
2401,  0,  80.000,  0.98,  1, 0.00, 0.00, 1.12, 0.00, 0.68, 0.75, 0.13, 0.73, 0.59, 1.44, 0.00, 0.15, 0.00, 0.00, 1.69, 0.74, 2.30, 0.00, 1.00, 1.00, 0.00, 0.00, 1.00, 0.00, 1.00, 0.00, 1.00, 0.00, 0.00, 0.00, 1.00, 1.00, 0.00, 0.00, 1.00
2402,  0,  80.033,  0.98,  1, 0.00, 0.00, 1.10, 0.00, 0.75, 0.62, 0.16, 0.62, 0.53, 1.55, 0.00, 0.17, 0.00, 0.00, 1.68, 0.84, 2.22, 0.00, 1.00, 1.00, 0.00, 0.00, 1.00, 0.00, 1.00, 0.00, 1.00, 0.00, 0.00, 0.00, 1.00, 1.00, 0.00, 0.00, 1.00
2403,  0,  80.067,  0.98,  1, 0.05, 0.00, 1.23, 0.00, 0.78, 0.84, 0.22, 0.56, 0.48, 1.58, 0.00, 0.05, 0.00, 0.00, 1.75, 0.86, 1.76, 0.00, 1.00, 1.00, 0.00, 0.00, 1.00, 0.00, 1.00, 0.00, 1.00, 0.00, 0.00, 0.00, 1.00, 1.00, 0.00, 0.00, 1.00
2404,  0,  80.100,  0.98,  1, 0.08, 0.00, 1.25, 0.00, 0.84, 1.21, 0.17, 0.65, 0.49, 1.69, 0.00, 0.01, 0.00, 0.00, 1.76, 0.88, 1.36, 0.00, 1.00, 1.00, 0.00, 0.00, 1.00, 0.00, 1.00, 0.00, 1.00, 0.00, 0.00, 0.00, 1.00, 1.00, 0.00, 0.00, 1.00
2405,  0,  80.133,  0.98,  1, 0.08, 0.00, 1.26, 0.00, 0.83, 1.46, 0.11, 0.72, 0.51, 1.69, 0.00, 0.00, 0.00, 0.00, 1.86, 0.83, 1.11, 0.00, 1.00, 1.00, 0.00, 0.00, 1.00, 0.00, 1.00, 0.00, 1.00, 0.00, 0.00, 0.00, 1.00, 1.00, 0.00, 0.00, 1.00
2406,  0,  80.167,  0.98,  1, 0.03, 0.00, 1.19, 0.00, 0.88, 1.67, 0.05, 0.70, 0.57, 1.62, 0.00, 0.00, 0.00, 0.00, 2.00, 0.82, 0.88, 0.00, 1.00, 1.00, 0.00, 0.00, 1.00, 0.00, 1.00, 0.00, 1.00, 0.00, 0.00, 0.00, 1.00, 1.00, 0.00, 0.00, 1.00
2407,  0,  80.200,  0.98,  1, 0.05, 0.00, 1.28, 0.00, 0.81, 1.47, 0.03, 0.63, 0.60, 1.46, 0.00, 0.00, 0.00, 0.00, 2.23, 0.77, 0.72, 0.00, 1.00, 1.00, 0.00, 0.00, 1.00, 0.00, 1.00, 0.00, 1.00, 0.00, 0.00, 0.00, 1.00, 1.00, 0.00, 0.00, 1.00
2408,  0,  80.233,  0.98,  1, 0.18, 0.03, 1.31, 0.00, 0.69, 1.40, 0.00, 0.51, 0.65, 1.15, 0.04, 0.00, 0.00, 0.00, 2.29, 0.88, 0.66, 0.00, 1.00, 1.00, 0.00, 0.00, 1.00, 0.00, 1.00, 0.00, 1.00, 0.00, 0.00, 0.00, 1.00, 1.00, 0.00, 0.00, 1.00
2409,  0,  80.267,  0.98,  1, 0.34, 0.10, 1.35, 0.00, 0.55, 1.34, 0.00, 0.40, 0.72, 0.86, 0.04, 0.00, 0.00, 0.00, 2.14, 0.88, 0.72, 0.00, 1.00, 1.00, 0.00, 0.00, 1.00, 0.00, 1.00, 0.00, 1.00, 0.00, 0.00, 0.00, 1.00, 1.00, 0.00, 0.00, 1.00
2410,  0,  80.300,  0.98,  1, 0.38, 0.10, 1.32, 0.00, 0.58, 1.58, 0.00, 0.27, 0.74, 0.80, 0.07, 0.00, 0.04, 0.00, 1.85, 0.93, 1.06, 0.00, 1.00, 1.00, 0.00, 0.00, 1.00, 0.00, 1.00, 0.00, 1.00, 0.00, 0.00, 0.00, 1.00, 1.00, 0.00, 0.00, 1.00
2411,  0,  80.333,  0.98,  1, 0.33, 0.06, 1.24, 0.00, 0.59, 1.31, 0.00, 0.18, 0.63, 0.95, 0.03, 0.00, 0.09, 0.00, 1.50, 0.82, 1.74, 0.00, 1.00, 1.00, 0.00, 0.00, 1.00, 0.00, 1.00, 0.00, 1.00, 0.00, 0.00, 0.00, 1.00, 1.00, 0.00, 0.00, 1.00
2412,  0,  80.367,  0.98,  1, 0.18, 0.00, 1.20, 0.00, 0.45, 0.81, 0.00, 0.18, 0.44, 1.21, 0.18, 0.16, 0.09, 0.00, 1.02, 0.63, 2.44, 0.00, 1.00, 1.00, 0.00, 0.00, 1.00, 0.00, 1.00, 0.00, 1.00, 0.00, 0.00, 0.00, 1.00, 0.00, 0.00, 0.00, 1.00
2413,  0,  80.400,  0.98,  1, 0.14, 0.00, 1.11, 0.00, 0.27, 0.26, 0.00, 0.13, 0.23, 1.29, 0.26, 0.28, 0.05, 0.00, 0.67, 0.45, 2.77, 0.00, 1.00, 1.00, 0.00, 0.00, 1.00, 0.00, 1.00, 0.00, 1.00, 0.00, 0.00, 0.00, 1.00, 0.00, 0.00, 0.00, 1.00
2414,  0,  80.433,  0.98,  1, 0.16, 0.00, 1.16, 0.00, 0.26, 0.29, 0.00, 0.19, 0.09, 1.42, 0.41, 0.45, 0.00, 0.00, 0.50, 0.35, 2.41, 0.00, 1.00, 1.00, 0.00, 0.00, 1.00, 0.00, 1.00, 0.00, 1.00, 0.00, 0.00, 0.00, 1.00, 0.00, 0.00, 0.00, 1.00
2415,  0,  80.467,  0.98,  1, 0.35, 0.00, 1.27, 0.00, 0.36, 0.72, 0.00, 0.18, 0.03, 1.47, 0.44, 0.48, 0.00, 0.00, 0.56, 0.32, 1.75, 0.00, 1.00, 1.00, 0.00, 0.00, 1.00, 0.00, 1.00, 0.00, 1.00, 0.00, 0.00, 0.00, 1.00, 0.00, 0.00, 0.00, 1.00
2416,  0,  80.500,  0.98,  1, 0.43, 0.03, 1.29, 0.00, 0.41, 1.00, 0.00, 0.26, 0.03, 1.44, 0.48, 0.49, 0.00, 0.00, 0.67, 0.25, 1.05, 0.00, 1.00, 1.00, 0.00, 0.00, 1.00, 0.00, 1.00, 0.00, 1.00, 0.00, 0.00, 0.00, 1.00, 0.00, 0.00, 0.00, 1.00
2417,  0,  80.533,  0.98,  1, 0.39, 0.10, 1.33, 0.00, 0.38, 1.06, 0.00, 0.26, 0.04, 1.44, 0.49, 0.49, 0.00, 0.00, 0.74, 0.15, 0.51, 0.00, 1.00, 1.00, 0.00, 0.00, 1.00, 0.00, 1.00, 0.00, 1.00, 0.00, 0.00, 0.00, 1.00, 0.00, 0.00, 0.00, 0.00
2418,  0,  80.567,  0.98,  1, 0.32, 0.24, 1.37, 0.00, 0.38, 0.98, 0.03, 0.24, 0.06, 1.45, 0.45, 0.36, 0.00, 0.00, 0.99, 0.28, 0.22, 0.00, 1.00, 1.00, 1.00, 0.00, 1.00, 0.00, 1.00, 0.00, 1.00, 0.00, 0.00, 0.00, 1.00, 0.00, 0.00, 0.00, 0.00
2419,  0,  80.600,  0.98,  1, 0.31, 0.33, 1.42, 0.00, 0.44, 1.10, 0.07, 0.30, 0.14, 1.49, 0.38, 0.25, 0.00, 0.00, 1.20, 0.38, 0.10, 0.00, 1.00, 1.00, 1.00, 0.00, 1.00, 0.00, 1.00, 0.00, 1.00, 0.00, 0.00, 0.00, 1.00, 0.00, 0.00, 0.00, 0.00
2420,  0,  80.633,  0.98,  1, 0.36, 0.37, 1.41, 0.00, 0.48, 1.26, 0.12, 0.36, 0.23, 1.42, 0.23, 0.08, 0.00, 0.00, 1.47, 0.47, 0.08, 0.00, 1.00, 1.00, 1.00, 0.00, 1.00, 0.00, 1.00, 0.00, 1.00, 0.00, 0.00, 0.00, 1.00, 1.00, 0.00, 0.00, 0.00
2421,  0,  80.667,  0.98,  1, 0.33, 0.23, 1.34, 0.00, 0.52, 1.46, 0.13, 0.46, 0.29, 1.37, 0.09, 0.03, 0.00, 0.00, 1.65, 0.52, 0.08, 0.00, 1.00, 1.00, 1.00, 0.00, 1.00, 0.00, 1.00, 0.00, 1.00, 0.00, 0.00, 0.00, 1.00, 1.00, 0.00, 0.00, 0.00
2422,  0,  80.700,  0.98,  1, 0.25, 0.10, 1.30, 0.00, 0.52, 1.52, 0.14, 0.53, 0.35, 1.39, 0.01, 0.13, 0.00, 0.00, 1.75, 0.62, 0.00, 0.00, 1.00, 1.00, 1.00, 0.00, 1.00, 0.00, 1.00, 0.00, 1.00, 0.00, 0.00, 0.00, 1.00, 1.00, 0.00, 0.00, 0.00
2423,  0,  80.733,  0.98,  1, 0.14, 0.00, 1.29, 0.00, 0.54, 1.64, 0.12, 0.55, 0.44, 1.54, 0.00, 0.21, 0.00, 0.00, 1.85, 0.73, 0.00, 0.00, 1.00, 1.00, 1.00, 0.00, 1.00, 0.00, 1.00, 0.00, 1.00, 0.00, 0.00, 0.00, 1.00, 1.00, 0.00, 0.00, 0.00
2424,  0,  80.767,  0.98,  1, 0.04, 0.00, 1.21, 0.00, 0.50, 1.51, 0.08, 0.50, 0.47, 1.69, 0.00, 0.30, 0.00, 0.00, 1.78, 0.82, 0.05, 0.00, 1.00, 1.00, 1.00, 0.00, 1.00, 0.00, 1.00, 0.00, 1.00, 0.00, 0.00, 0.00, 1.00, 1.00, 0.00, 0.00, 0.00
2425,  0,  80.800,  0.98,  1, 0.03, 0.00, 1.20, 0.00, 0.47, 1.44, 0.02, 0.38, 0.45, 1.81, 0.00, 0.25, 0.00, 0.00, 1.60, 0.82, 0.05, 0.00, 1.00, 1.00, 1.00, 0.00, 1.00, 0.00, 1.00, 0.00, 1.00, 0.00, 0.00, 0.00, 1.00, 1.00, 0.00, 0.00, 0.00
2426,  0,  80.833,  0.98,  1, 0.03, 0.00, 1.16, 0.00, 0.44, 1.27, 0.03, 0.31, 0.37, 1.92, 0.00, 0.29, 0.00, 0.00, 1.28, 0.82, 0.05, 0.00, 1.00, 1.00, 1.00, 0.00, 1.00, 0.00, 1.00, 0.00, 1.00, 0.00, 0.00, 0.00, 1.00, 1.00, 0.00, 0.00, 0.00
2427,  0,  80.867,  0.98,  1, 0.03, 0.00, 1.13, 0.00, 0.40, 1.15, 0.07, 0.28, 0.31, 2.00, 0.00, 0.32, 0.00, 0.00, 1.04, 0.70, 0.03, 0.00, 1.00, 1.00, 1.00, 0.00, 1.00, 0.00, 1.00, 0.00, 1.00, 0.00, 0.00, 0.00, 1.00, 0.00, 0.00, 0.00, 0.00
2428,  0,  80.900,  0.98,  1, 0.00, 0.00, 1.14, 0.00, 0.34, 1.01, 0.07, 0.34, 0.29, 2.04, 0.00, 0.34, 0.00, 0.00, 0.99, 0.69, 0.03, 0.00, 1.00, 1.00, 1.00, 0.00, 1.00, 0.00, 1.00, 0.00, 1.00, 0.00, 0.00, 0.00, 1.00, 0.00, 0.00, 0.00, 0.00
2429,  0,  80.933,  0.98,  1, 0.08, 0.00, 1.25, 0.00, 0.28, 1.03, 0.05, 0.36, 0.34, 1.98, 0.00, 0.33, 0.00, 0.00, 0.91, 0.67, 0.04, 0.00, 1.00, 1.00, 1.00, 0.00, 1.00, 0.00, 1.00, 0.00, 1.00, 0.00, 0.00, 0.00, 1.00, 0.00, 0.00, 0.00, 0.00
2430,  0,  80.967,  0.98,  1, 0.20, 0.00, 1.39, 0.00, 0.30, 1.27, 0.04, 0.35, 0.37, 1.95, 0.00, 0.27, 0.00, 0.00, 0.81, 0.60, 0.02, 0.00, 1.00, 1.00, 1.00, 0.00, 1.00, 0.00, 1.00, 0.00, 1.00, 0.00, 0.00, 0.00, 1.00, 0.00, 0.00, 0.00, 0.00
2431,  0,  81.000,  0.98,  1, 0.29, 0.00, 1.48, 0.00, 0.29, 1.46, 0.05, 0.27, 0.32, 1.93, 0.00, 0.23, 0.00, 0.00, 0.75, 0.46, 0.02, 0.00, 1.00, 1.00, 1.00, 0.00, 1.00, 0.00, 1.00, 0.00, 1.00, 0.00, 0.00, 0.00, 1.00, 0.00, 0.00, 0.00, 0.00
2432,  0,  81.033,  0.98,  1, 0.30, 0.00, 1.44, 0.00, 0.30, 1.50, 0.03, 0.21, 0.25, 1.97, 0.00, 0.24, 0.00, 0.00, 0.73, 0.47, 0.00, 0.00, 1.00, 1.00, 1.00, 0.00, 1.00, 0.00, 1.00, 0.00, 1.00, 0.00, 0.00, 0.00, 1.00, 0.00, 0.00, 0.00, 0.00
2433,  0,  81.067,  0.98,  1, 0.25, 0.03, 1.42, 0.00, 0.27, 1.33, 0.00, 0.16, 0.22, 1.97, 0.00, 0.33, 0.00, 0.00, 0.78, 0.53, 0.03, 0.00, 1.00, 1.00, 1.00, 0.00, 1.00, 0.00, 1.00, 0.00, 1.00, 0.00, 0.00, 0.00, 1.00, 0.00, 0.00, 0.00, 0.00
2434,  0,  81.100,  0.98,  1, 0.26, 0.03, 1.41, 0.00, 0.24, 1.13, 0.00, 0.09, 0.19, 1.90, 0.00, 0.39, 0.04, 0.00, 0.70, 0.56, 0.03, 0.00, 1.00, 1.00, 1.00, 0.00, 1.00, 0.00, 1.00, 0.00, 1.00, 0.00, 0.00, 0.00, 1.00, 0.00, 0.00, 0.00, 0.00
2435,  0,  81.133,  0.98,  1, 0.26, 0.03, 1.39, 0.00, 0.19, 0.85, 0.00, 0.04, 0.14, 1.82, 0.00, 0.40, 0.04, 0.00, 0.68, 0.45, 0.03, 0.00, 1.00, 1.00, 1.00, 0.00, 1.00, 0.00, 1.00, 0.00, 1.00, 0.00, 0.00, 0.00, 1.00, 0.00, 0.00, 0.00, 0.00
2436,  0,  81.167,  0.98,  1, 0.25, 0.00, 1.30, 0.00, 0.10, 0.76, 0.00, 0.00, 0.06, 1.55, 0.00, 0.49, 0.04, 0.00, 0.46, 0.29, 0.00, 0.00, 1.00, 1.00, 1.00, 0.00, 1.00, 0.00, 1.00, 0.00, 1.00, 0.00, 0.00, 0.00, 1.00, 0.00, 0.00, 0.00, 0.00
2437,  0,  81.200,  0.98,  1, 0.18, 0.00, 1.18, 0.00, 0.06, 0.65, 0.00, 0.00, 0.03, 1.38, 0.00, 0.61, 0.00, 0.00, 0.34, 0.17, 0.00, 0.00, 1.00, 1.00, 1.00, 0.00, 1.00, 0.00, 1.00, 0.00, 1.00, 0.00, 0.00, 0.00, 1.00, 0.00, 0.00, 0.00, 0.00
2438,  0,  81.233,  0.98,  1, 0.13, 0.00, 1.08, 0.00, 0.01, 0.59, 0.00, 0.00, 0.00, 1.25, 0.00, 0.66, 0.00, 0.00, 0.24, 0.11, 0.00, 0.00, 0.00, 1.00, 1.00, 0.00, 1.00, 0.00, 0.00, 0.00, 1.00, 0.00, 0.00, 0.00, 1.00, 0.00, 0.00, 0.00, 0.00
2439,  0,  81.267,  0.98,  1, 0.13, 0.00, 1.08, 0.00, 0.00, 0.52, 0.00, 0.00, 0.00, 1.37, 0.00, 0.65, 0.00, 0.00, 0.22, 0.14, 0.00, 0.00, 0.00, 1.00, 1.00, 0.00, 1.00, 0.00, 0.00, 0.00, 1.00, 0.00, 0.00, 0.00, 1.00, 0.00, 0.00, 0.00, 0.00
2440,  0,  81.300,  0.98,  1, 0.15, 0.00, 1.11, 0.00, 0.00, 0.58, 0.00, 0.00, 0.00, 1.45, 0.05, 0.62, 0.00, 0.00, 0.13, 0.16, 0.00, 0.00, 0.00, 1.00, 1.00, 0.00, 1.00, 0.00, 0.00, 0.00, 1.00, 0.00, 0.00, 0.00, 1.00, 0.00, 0.00, 0.00, 0.00
2441,  0,  81.333,  0.98,  1, 0.17, 0.00, 1.19, 0.00, 0.02, 0.77, 0.00, 0.00, 0.00, 1.58, 0.10, 0.66, 0.00, 0.00, 0.01, 0.14, 0.00, 0.00, 0.00, 1.00, 1.00, 0.00, 1.00, 0.00, 0.00, 0.00, 1.00, 0.00, 0.00, 0.00, 1.00, 0.00, 0.00, 0.00, 0.00
2442,  0,  81.367,  0.98,  1, 0.21, 0.00, 1.25, 0.00, 0.03, 0.87, 0.00, 0.00, 0.00, 1.55, 0.10, 0.65, 0.00, 0.00, 0.00, 0.19, 0.00, 0.00, 0.00, 1.00, 1.00, 0.00, 1.00, 0.00, 0.00, 0.00, 1.00, 1.00, 0.00, 0.00, 1.00, 0.00, 0.00, 0.00, 0.00
2443,  0,  81.400,  0.98,  1, 0.25, 0.00, 1.31, 0.00, 0.03, 0.89, 0.00, 0.00, 0.00, 1.61, 0.07, 0.69, 0.00, 0.00, 0.00, 0.20, 0.00, 0.00, 0.00, 1.00, 1.00, 0.00, 1.00, 0.00, 0.00, 0.00, 1.00, 1.00, 0.00, 0.00, 1.00, 0.00, 0.00, 0.00, 0.00
2444,  0,  81.433,  0.98,  1, 0.23, 0.05, 1.32, 0.00, 0.01, 0.89, 0.00, 0.00, 0.00, 1.61, 0.07, 0.72, 0.00, 0.00, 0.00, 0.18, 0.08, 0.00, 1.00, 1.00, 1.00, 0.00, 1.00, 0.00, 0.00, 0.00, 1.00, 1.00, 0.00, 0.00, 1.00, 0.00, 0.00, 0.00, 0.00
2445,  0,  81.467,  0.98,  1, 0.18, 0.05, 1.34, 0.00, 0.00, 0.89, 0.00, 0.00, 0.00, 1.61, 0.11, 0.72, 0.00, 0.00, 0.00, 0.05, 0.12, 0.00, 1.00, 1.00, 1.00, 0.00, 1.00, 0.00, 0.00, 0.00, 1.00, 1.00, 0.00, 0.00, 1.00, 0.00, 0.00, 0.00, 0.00
2446,  0,  81.500,  0.98,  1, 0.11, 0.09, 1.33, 0.00, 0.01, 0.84, 0.00, 0.00, 0.00, 1.72, 0.17, 0.76, 0.00, 0.00, 0.00, 0.02, 0.12, 0.00, 1.00, 1.00, 1.00, 0.00, 1.00, 0.00, 1.00, 0.00, 1.00, 1.00, 0.00, 0.00, 1.00, 0.00, 0.00, 0.00, 0.00
2447,  0,  81.533,  0.98,  1, 0.11, 0.18, 1.35, 0.00, 0.04, 0.80, 0.00, 0.03, 0.00, 1.75, 0.16, 0.76, 0.00, 0.00, 0.00, 0.00, 0.04, 0.00, 1.00, 1.00, 1.00, 0.00, 1.00, 0.00, 1.00, 0.00, 1.00, 1.00, 0.00, 0.00, 1.00, 0.00, 0.00, 0.00, 0.00
2448,  0,  81.567,  0.98,  1, 0.08, 0.18, 1.31, 0.00, 0.08, 0.76, 0.00, 0.03, 0.00, 1.79, 0.16, 0.75, 0.00, 0.00, 0.00, 0.03, 0.08, 0.00, 1.00, 1.00, 1.00, 0.00, 1.00, 0.00, 1.00, 0.00, 1.00, 1.00, 0.00, 0.00, 1.00, 0.00, 0.00, 0.00, 0.00
2449,  0,  81.600,  0.98,  1, 0.07, 0.14, 1.35, 0.00, 0.13, 0.87, 0.00, 0.03, 0.00, 1.63, 0.19, 0.60, 0.00, 0.00, 0.00, 0.07, 0.16, 0.00, 1.00, 1.00, 1.00, 0.00, 1.00, 0.00, 1.00, 0.00, 1.00, 1.00, 0.00, 0.00, 1.00, 0.00, 0.00, 0.00, 0.00
2450,  0,  81.633,  0.98,  1, 0.03, 0.00, 1.38, 0.00, 0.18, 0.90, 0.00, 0.00, 0.00, 1.52, 0.14, 0.55, 0.00, 0.00, 0.00, 0.07, 0.16, 0.00, 1.00, 1.00, 1.00, 0.00, 1.00, 0.00, 1.00, 0.00, 1.00, 1.00, 0.00, 0.00, 1.00, 0.00, 0.00, 0.00, 0.00
2451,  0,  81.667,  0.98,  1, 0.02, 0.00, 1.45, 0.00, 0.19, 0.99, 0.00, 0.00, 0.00, 1.53, 0.10, 0.54, 0.00, 0.00, 0.00, 0.04, 0.08, 0.00, 1.00, 1.00, 1.00, 0.00, 1.00, 0.00, 1.00, 0.00, 1.00, 1.00, 0.00, 0.00, 1.00, 0.00, 0.00, 0.00, 0.00
2452,  0,  81.700,  0.98,  1, 0.05, 0.00, 1.45, 0.00, 0.20, 0.91, 0.00, 0.00, 0.00, 1.51, 0.00, 0.56, 0.00, 0.00, 0.00, 0.00, 0.00, 0.00, 1.00, 1.00, 1.00, 0.00, 1.00, 0.00, 1.00, 0.00, 1.00, 1.00, 0.00, 0.00, 1.00, 0.00, 0.00, 0.00, 0.00
2453,  0,  81.733,  0.98,  1, 0.05, 0.00, 1.45, 0.00, 0.19, 0.84, 0.00, 0.00, 0.00, 1.58, 0.00, 0.52, 0.00, 0.00, 0.00, 0.02, 0.00, 0.00, 1.00, 1.00, 1.00, 0.00, 1.00, 0.00, 1.00, 0.00, 1.00, 1.00, 0.00, 0.00, 1.00, 0.00, 0.00, 0.00, 0.00
2454,  0,  81.767,  0.98,  1, 0.05, 0.00, 1.37, 0.00, 0.19, 0.78, 0.02, 0.00, 0.00, 1.68, 0.00, 0.53, 0.00, 0.00, 0.00, 0.06, 0.00, 0.00, 1.00, 1.00, 1.00, 0.00, 1.00, 0.00, 1.00, 0.00, 1.00, 1.00, 0.00, 0.00, 1.00, 0.00, 0.00, 0.00, 0.00
2455,  0,  81.800,  0.98,  1, 0.00, 0.00, 1.35, 0.00, 0.20, 0.74, 0.04, 0.00, 0.00, 1.83, 0.00, 0.56, 0.00, 0.00, 0.00, 0.07, 0.00, 0.00, 1.00, 1.00, 1.00, 0.00, 1.00, 0.00, 1.00, 0.00, 1.00, 1.00, 0.00, 0.00, 1.00, 0.00, 0.00, 0.00, 0.00
2456,  0,  81.833,  0.98,  1, 0.00, 0.00, 1.30, 0.00, 0.23, 0.74, 0.06, 0.00, 0.00, 1.79, 0.00, 0.55, 0.00, 0.00, 0.00, 0.13, 0.00, 0.00, 1.00, 1.00, 1.00, 0.00, 1.00, 0.00, 1.00, 0.00, 1.00, 1.00, 0.00, 0.00, 1.00, 0.00, 0.00, 0.00, 0.00
2457,  0,  81.867,  0.98,  1, 0.00, 0.00, 1.37, 0.00, 0.26, 0.82, 0.10, 0.02, 0.00, 1.73, 0.00, 0.46, 0.00, 0.00, 0.00, 0.17, 0.02, 0.00, 1.00, 1.00, 1.00, 0.00, 1.00, 0.00, 1.00, 0.00, 1.00, 1.00, 0.00, 0.00, 1.00, 0.00, 0.00, 0.00, 0.00
2458,  0,  81.900,  0.98,  1, 0.00, 0.00, 1.39, 0.00, 0.26, 0.89, 0.10, 0.02, 0.00, 1.68, 0.06, 0.60, 0.00, 0.00, 0.00, 0.29, 0.02, 0.00, 1.00, 1.00, 1.00, 0.00, 1.00, 0.00, 1.00, 0.00, 1.00, 1.00, 0.00, 0.00, 1.00, 0.00, 0.00, 0.00, 0.00
2459,  0,  81.933,  0.98,  1, 0.00, 0.00, 1.34, 0.00, 0.23, 0.86, 0.08, 0.02, 0.00, 1.67, 0.07, 0.75, 0.00, 0.00, 0.00, 0.33, 0.02, 0.00, 1.00, 1.00, 1.00, 0.00, 1.00, 0.00, 1.00, 0.00, 1.00, 1.00, 0.00, 0.00, 1.00, 0.00, 0.00, 0.00, 0.00
2460,  0,  81.967,  0.98,  1, 0.00, 0.00, 1.28, 0.00, 0.20, 0.73, 0.02, 0.00, 0.06, 1.62, 0.11, 0.86, 0.00, 0.00, 0.00, 0.31, 0.00, 0.00, 1.00, 1.00, 1.00, 0.00, 1.00, 0.00, 1.00, 0.00, 1.00, 1.00, 0.00, 0.00, 1.00, 0.00, 0.00, 0.00, 0.00
2461,  0,  82.000,  0.98,  1, 0.00, 0.00, 1.22, 0.00, 0.17, 0.65, 0.00, 0.00, 0.13, 1.61, 0.05, 0.73, 0.00, 0.00, 0.00, 0.21, 0.00, 0.00, 1.00, 1.00, 1.00, 0.00, 1.00, 0.00, 1.00, 0.00, 1.00, 1.00, 0.00, 0.00, 1.00, 0.00, 0.00, 0.00, 0.00
2462,  0,  82.033,  0.98,  1, 0.00, 0.00, 1.23, 0.00, 0.13, 0.66, 0.00, 0.00, 0.20, 1.62, 0.04, 0.63, 0.00, 0.00, 0.00, 0.10, 0.00, 0.00, 1.00, 1.00, 1.00, 0.00, 1.00, 0.00, 1.00, 0.00, 1.00, 1.00, 1.00, 0.00, 1.00, 0.00, 0.00, 0.00, 0.00
2463,  0,  82.067,  0.98,  1, 0.00, 0.02, 1.21, 0.00, 0.09, 0.63, 0.00, 0.00, 0.20, 1.66, 0.00, 0.59, 0.00, 0.00, 0.00, 0.05, 0.00, 0.00, 1.00, 1.00, 1.00, 0.00, 1.00, 0.00, 1.00, 0.00, 1.00, 1.00, 1.00, 0.00, 1.00, 0.00, 0.00, 0.00, 0.00
2464,  0,  82.100,  0.98,  1, 0.00, 0.02, 1.17, 0.00, 0.11, 0.59, 0.00, 0.00, 0.19, 1.70, 0.00, 0.62, 0.00, 0.00, 0.00, 0.02, 0.00, 0.00, 1.00, 1.00, 1.00, 0.00, 1.00, 0.00, 1.00, 0.00, 1.00, 1.00, 1.00, 0.00, 1.00, 0.00, 0.00, 0.00, 0.00
2465,  0,  82.133,  0.98,  1, 0.00, 0.02, 1.17, 0.00, 0.17, 0.71, 0.00, 0.00, 0.21, 1.75, 0.00, 0.64, 0.00, 0.00, 0.00, 0.06, 0.00, 0.00, 1.00, 1.00, 1.00, 0.00, 1.00, 0.00, 1.00, 0.00, 1.00, 1.00, 0.00, 0.00, 1.00, 0.00, 0.00, 0.00, 0.00
2466,  0,  82.167,  0.98,  1, 0.00, 0.00, 1.11, 0.00, 0.20, 0.73, 0.00, 0.00, 0.22, 1.79, 0.00, 0.67, 0.00, 0.00, 0.00, 0.09, 0.00, 0.00, 1.00, 1.00, 1.00, 0.00, 1.00, 0.00, 1.00, 0.00, 1.00, 1.00, 0.00, 0.00, 1.00, 0.00, 0.00, 0.00, 0.00
2467,  0,  82.200,  0.98,  1, 0.00, 0.04, 1.08, 0.00, 0.20, 0.76, 0.00, 0.01, 0.24, 1.75, 0.00, 0.64, 0.00, 0.00, 0.00, 0.10, 0.00, 0.00, 1.00, 1.00, 1.00, 0.00, 1.00, 0.00, 1.00, 0.00, 1.00, 1.00, 0.00, 0.00, 1.00, 0.00, 0.00, 0.00, 0.00
2468,  0,  82.233,  0.98,  1, 0.00, 0.08, 1.04, 0.00, 0.16, 0.68, 0.00, 0.01, 0.20, 1.74, 0.00, 0.62, 0.00, 0.00, 0.00, 0.12, 0.00, 0.00, 1.00, 1.00, 1.00, 0.00, 1.00, 0.00, 1.00, 0.00, 1.00, 1.00, 0.00, 0.00, 1.00, 0.00, 0.00, 0.00, 0.00
2469,  0,  82.267,  0.98,  1, 0.00, 0.13, 1.01, 0.00, 0.15, 0.69, 0.00, 0.01, 0.17, 1.67, 0.03, 0.65, 0.00, 0.00, 0.00, 0.13, 0.00, 0.00, 1.00, 1.00, 1.00, 0.00, 1.00, 0.00, 1.00, 0.00, 1.00, 1.00, 0.00, 0.00, 1.00, 0.00, 0.00, 0.00, 0.00
2470,  0,  82.300,  0.98,  1, 0.00, 0.09, 0.98, 0.00, 0.12, 0.78, 0.00, 0.00, 0.21, 1.61, 0.10, 0.77, 0.00, 0.02, 0.00, 0.20, 0.00, 0.00, 1.00, 1.00, 1.00, 0.00, 1.00, 0.00, 1.00, 0.00, 1.00, 1.00, 0.00, 0.00, 1.00, 0.00, 0.00, 0.00, 0.00
2471,  0,  82.333,  0.98,  1, 0.00, 0.06, 0.98, 0.00, 0.08, 0.78, 0.00, 0.00, 0.26, 1.50, 0.13, 0.88, 0.00, 0.02, 0.00, 0.14, 0.00, 0.00, 1.00, 1.00, 1.00, 0.00, 1.00, 0.00, 1.00, 0.00, 1.00, 1.00, 0.00, 0.00, 1.00, 0.00, 0.00, 0.00, 0.00
2472,  0,  82.367,  0.98,  1, 0.00, 0.00, 1.01, 0.00, 0.04, 0.73, 0.00, 0.00, 0.23, 1.34, 0.11, 0.80, 0.00, 0.02, 0.00, 0.08, 0.00, 0.00, 1.00, 1.00, 1.00, 0.00, 1.00, 0.00, 1.00, 0.00, 1.00, 1.00, 0.00, 0.00, 1.00, 0.00, 0.00, 0.00, 0.00
2473,  0,  82.400,  0.98,  1, 0.02, 0.08, 1.08, 0.00, 0.02, 0.67, 0.00, 0.00, 0.11, 1.21, 0.05, 0.61, 0.00, 0.00, 0.00, 0.00, 0.00, 0.00, 1.00, 1.00, 1.00, 0.00, 1.00, 0.00, 1.00, 0.00, 1.00, 0.00, 0.00, 0.00, 1.00, 0.00, 0.00, 0.00, 0.00
2474,  0,  82.433,  0.98,  1, 0.02, 0.12, 1.08, 0.00, 0.00, 0.64, 0.00, 0.00, 0.00, 1.14, 0.02, 0.46, 0.00, 0.00, 0.04, 0.00, 0.00, 0.00, 1.00, 1.00, 1.00, 0.00, 1.00, 0.00, 1.00, 0.00, 1.00, 0.00, 0.00, 0.00, 1.00, 0.00, 0.00, 0.00, 0.00
2475,  0,  82.467,  0.98,  1, 0.07, 0.30, 1.11, 0.00, 0.00, 0.68, 0.00, 0.00, 0.00, 1.15, 0.04, 0.41, 0.00, 0.00, 0.04, 0.00, 0.00, 0.00, 1.00, 1.00, 1.00, 0.00, 1.00, 0.00, 1.00, 0.00, 1.00, 0.00, 0.00, 0.00, 0.00, 0.00, 0.00, 0.00, 0.00
2476,  0,  82.500,  0.98,  1, 0.07, 0.35, 1.10, 0.00, 0.00, 0.75, 0.00, 0.00, 0.00, 1.22, 0.03, 0.43, 0.00, 0.00, 0.04, 0.02, 0.00, 0.00, 1.00, 1.00, 1.00, 0.00, 1.00, 0.00, 1.00, 0.00, 1.00, 0.00, 0.00, 0.00, 0.00, 0.00, 0.00, 0.00, 0.00
2477,  0,  82.533,  0.98,  1, 0.10, 0.41, 1.21, 0.00, 0.00, 0.80, 0.00, 0.00, 0.00, 1.36, 0.03, 0.38, 0.00, 0.00, 0.00, 0.02, 0.00, 0.00, 1.00, 1.00, 1.00, 0.00, 1.00, 0.00, 1.00, 0.00, 1.00, 0.00, 0.00, 0.00, 0.00, 0.00, 0.00, 0.00, 0.00
2478,  0,  82.567,  0.98,  1, 0.08, 0.34, 1.24, 0.00, 0.00, 0.77, 0.00, 0.00, 0.00, 1.49, 0.00, 0.32, 0.00, 0.00, 0.00, 0.02, 0.00, 0.00, 1.00, 1.00, 1.00, 0.00, 1.00, 0.00, 1.00, 0.00, 1.00, 0.00, 0.00, 0.00, 0.00, 0.00, 0.00, 0.00, 0.00
2479,  0,  82.600,  0.98,  1, 0.09, 0.29, 1.26, 0.00, 0.00, 0.64, 0.00, 0.00, 0.00, 1.46, 0.00, 0.24, 0.00, 0.00, 0.01, 0.00, 0.00, 0.00, 1.00, 1.00, 1.00, 0.00, 1.00, 0.00, 1.00, 0.00, 1.00, 0.00, 0.00, 0.00, 0.00, 0.00, 0.00, 0.00, 0.00
2480,  0,  82.633,  0.98,  1, 0.06, 0.19, 1.19, 0.00, 0.01, 0.54, 0.01, 0.01, 0.00, 1.39, 0.00, 0.24, 0.00, 0.00, 0.06, 0.05, 0.00, 0.00, 1.00, 1.00, 1.00, 0.00, 1.00, 0.00, 1.00, 0.00, 1.00, 0.00, 0.00, 0.00, 1.00, 0.00, 0.00, 0.00, 0.00
2481,  0,  82.667,  0.98,  1, 0.03, 0.08, 1.17, 0.00, 0.03, 0.60, 0.01, 0.01, 0.00, 1.36, 0.00, 0.38, 0.00, 0.00, 0.10, 0.12, 0.00, 0.00, 1.00, 1.00, 1.00, 0.00, 1.00, 0.00, 1.00, 0.00, 1.00, 0.00, 0.00, 0.00, 1.00, 0.00, 0.00, 0.00, 0.00
2482,  0,  82.700,  0.98,  1, 0.01, 0.00, 1.16, 0.00, 0.03, 0.68, 0.01, 0.01, 0.00, 1.31, 0.00, 0.61, 0.00, 0.00, 0.08, 0.18, 0.00, 0.00, 1.00, 1.00, 1.00, 0.00, 1.00, 0.00, 1.00, 0.00, 1.00, 0.00, 0.00, 0.00, 1.00, 0.00, 0.00, 0.00, 0.00
2483,  0,  82.733,  0.98,  1, 0.01, 0.00, 1.18, 0.00, 0.03, 0.82, 0.00, 0.00, 0.00, 1.19, 0.00, 0.81, 0.00, 0.00, 0.04, 0.25, 0.00, 0.00, 1.00, 1.00, 1.00, 0.00, 1.00, 0.00, 0.00, 0.00, 1.00, 0.00, 1.00, 0.00, 1.00, 0.00, 0.00, 0.00, 0.00
2484,  0,  82.767,  0.98,  1, 0.06, 0.09, 1.13, 0.00, 0.01, 0.80, 0.00, 0.00, 0.00, 1.03, 0.00, 1.04, 0.00, 0.02, 0.00, 0.27, 0.00, 0.00, 1.00, 1.00, 1.00, 0.00, 1.00, 0.00, 0.00, 0.00, 1.00, 0.00, 1.00, 0.00, 1.00, 0.00, 0.00, 0.00, 0.00
2485,  0,  82.800,  0.98,  1, 0.06, 0.10, 1.06, 0.00, 0.01, 0.84, 0.00, 0.00, 0.00, 0.97, 0.05, 1.20, 0.00, 0.06, 0.00, 0.32, 0.00, 0.00, 1.00, 1.00, 1.00, 0.00, 1.00, 0.00, 0.00, 0.00, 1.00, 0.00, 1.00, 0.00, 1.00, 0.00, 0.00, 0.00, 0.00
2486,  0,  82.833,  0.98,  1, 0.11, 0.10, 1.01, 0.00, 0.00, 0.79, 0.00, 0.00, 0.00, 1.02, 0.09, 1.32, 0.00, 0.10, 0.00, 0.25, 0.00, 0.00, 1.00, 1.00, 1.00, 0.00, 1.00, 0.00, 0.00, 0.00, 1.00, 0.00, 1.00, 0.00, 1.00, 0.00, 0.00, 0.00, 0.00
2487,  0,  82.867,  0.98,  1, 0.09, 0.01, 1.09, 0.00, 0.00, 0.88, 0.00, 0.00, 0.00, 1.06, 0.10, 1.32, 0.00, 0.13, 0.00, 0.22, 0.00, 0.00, 1.00, 1.00, 1.00, 0.00, 1.00, 0.00, 0.00, 0.00, 1.00, 0.00, 1.00, 0.00, 1.00, 0.00, 0.00, 0.00, 0.00
2488,  0,  82.900,  0.98,  1, 0.13, 0.00, 1.19, 0.00, 0.00, 0.86, 0.00, 0.00, 0.00, 1.04, 0.10, 1.29, 0.00, 0.12, 0.00, 0.22, 0.00, 0.00, 1.00, 1.00, 1.00, 0.00, 1.00, 0.00, 0.00, 0.00, 1.00, 0.00, 1.00, 0.00, 1.00, 0.00, 0.00, 0.00, 0.00
2489,  0,  82.933,  0.98,  1, 0.12, 0.00, 1.30, 0.00, 0.00, 0.94, 0.00, 0.00, 0.00, 0.95, 0.05, 1.23, 0.00, 0.08, 0.00, 0.22, 0.00, 0.00, 1.00, 1.00, 1.00, 0.00, 1.00, 0.00, 0.00, 0.00, 1.00, 0.00, 1.00, 0.00, 1.00, 0.00, 0.00, 0.00, 0.00
2490,  0,  82.967,  0.98,  1, 0.12, 0.04, 1.35, 0.00, 0.00, 0.95, 0.00, 0.00, 0.00, 0.94, 0.05, 1.27, 0.00, 0.06, 0.00, 0.25, 0.00, 0.00, 1.00, 1.00, 1.00, 0.00, 1.00, 0.00, 0.00, 0.00, 1.00, 0.00, 1.00, 0.00, 1.00, 0.00, 0.00, 0.00, 0.00
2491,  0,  83.000,  0.98,  1, 0.14, 0.04, 1.42, 0.00, 0.00, 0.96, 0.00, 0.00, 0.00, 1.06, 0.00, 1.30, 0.00, 0.03, 0.00, 0.22, 0.00, 0.00, 1.00, 1.00, 1.00, 0.00, 1.00, 0.00, 0.00, 0.00, 1.00, 0.00, 1.00, 0.00, 1.00, 0.00, 0.00, 0.00, 0.00
2492,  0,  83.033,  0.98,  1, 0.18, 0.04, 1.47, 0.00, 0.00, 0.79, 0.00, 0.00, 0.00, 1.23, 0.00, 1.29, 0.00, 0.03, 0.00, 0.23, 0.00, 0.00, 1.00, 1.00, 1.00, 0.00, 1.00, 0.00, 0.00, 0.00, 1.00, 0.00, 1.00, 0.00, 1.00, 0.00, 0.00, 0.00, 0.00
2493,  0,  83.067,  0.98,  1, 0.20, 0.06, 1.48, 0.00, 0.00, 0.62, 0.00, 0.00, 0.00, 1.27, 0.00, 1.10, 0.00, 0.01, 0.00, 0.28, 0.00, 0.00, 1.00, 1.00, 1.00, 0.00, 1.00, 0.00, 0.00, 0.00, 1.00, 0.00, 1.00, 0.00, 1.00, 0.00, 0.00, 0.00, 0.00
2494,  0,  83.100,  0.98,  1, 0.14, 0.06, 1.38, 0.00, 0.00, 0.51, 0.00, 0.00, 0.00, 1.20, 0.00, 0.94, 0.00, 0.00, 0.00, 0.28, 0.00, 0.00, 1.00, 1.00, 1.00, 0.00, 1.00, 0.00, 0.00, 0.00, 1.00, 0.00, 1.00, 0.00, 1.00, 0.00, 0.00, 0.00, 0.00
2495,  0,  83.133,  0.98,  1, 0.15, 0.06, 1.24, 0.00, 0.00, 0.63, 0.00, 0.00, 0.00, 1.05, 0.00, 0.95, 0.00, 0.00, 0.00, 0.39, 0.00, 0.00, 1.00, 1.00, 1.00, 0.00, 1.00, 0.00, 0.00, 0.00, 1.00, 0.00, 1.00, 0.00, 1.00, 0.00, 0.00, 0.00, 0.00
2496,  0,  83.167,  0.98,  1, 0.12, 0.00, 1.23, 0.00, 0.06, 0.93, 0.00, 0.00, 0.00, 1.06, 0.00, 1.01, 0.00, 0.00, 0.00, 0.35, 0.38, 0.00, 1.00, 1.00, 1.00, 0.00, 1.00, 0.00, 0.00, 0.00, 1.00, 0.00, 1.00, 0.00, 1.00, 0.00, 0.00, 0.00, 0.00
2497,  0,  83.200,  0.98,  1, 0.13, 0.00, 1.32, 0.00, 0.15, 1.12, 0.00, 0.00, 0.00, 1.10, 0.02, 1.01, 0.00, 0.00, 0.00, 0.34, 0.89, 0.00, 1.00, 1.00, 1.00, 0.00, 1.00, 0.00, 0.00, 0.00, 1.00, 1.00, 1.00, 0.00, 1.00, 0.00, 0.00, 0.00, 1.00
2498,  0,  83.233,  0.98,  1, 0.06, 0.00, 1.36, 0.00, 0.27, 1.28, 0.00, 0.00, 0.00, 1.15, 0.02, 0.97, 0.01, 0.00, 0.00, 0.27, 1.17, 0.00, 1.00, 1.00, 0.00, 0.00, 1.00, 0.00, 0.00, 0.00, 1.00, 1.00, 1.00, 0.00, 1.00, 0.00, 0.00, 0.00, 1.00
2499,  0,  83.267,  0.98,  1, 0.02, 0.00, 1.28, 0.00, 0.29, 1.26, 0.00, 0.00, 0.00, 1.14, 0.07, 0.94, 0.01, 0.00, 0.00, 0.25, 1.01, 0.00, 1.00, 1.00, 0.00, 0.00, 1.00, 0.00, 0.00, 0.00, 1.00, 1.00, 1.00, 0.00, 1.00, 0.00, 0.00, 0.00, 1.00
2500,  0,  83.300,  0.98,  1, 0.02, 0.01, 1.18, 0.00, 0.27, 1.30, 0.00, 0.00, 0.00, 1.10, 0.05, 0.95, 0.01, 0.00, 0.00, 0.16, 0.66, 0.00, 1.00, 1.00, 0.00, 0.00, 1.00, 0.00, 0.00, 0.00, 1.00, 1.00, 1.00, 0.00, 1.00, 0.00, 0.00, 0.00, 1.00
2501,  0,  83.333,  0.98,  1, 0.00, 0.05, 1.12, 0.00, 0.20, 1.18, 0.00, 0.00, 0.00, 1.09, 0.05, 0.90, 0.00, 0.00, 0.00, 0.10, 0.42, 0.00, 1.00, 1.00, 0.00, 0.00, 1.00, 0.00, 0.00, 0.00, 1.00, 0.00, 1.00, 0.00, 1.00, 0.00, 0.00, 0.00, 0.00
2502,  0,  83.367,  0.98,  1, 0.00, 0.08, 1.09, 0.00, 0.16, 1.02, 0.00, 0.00, 0.00, 1.07, 0.00, 0.89, 0.00, 0.00, 0.00, 0.05, 0.28, 0.00, 1.00, 1.00, 0.00, 0.00, 1.00, 0.00, 0.00, 0.00, 1.00, 0.00, 1.00, 0.00, 1.00, 0.00, 0.00, 0.00, 0.00
2503,  0,  83.400,  0.98,  1, 0.00, 0.07, 1.12, 0.00, 0.12, 0.97, 0.00, 0.00, 0.00, 1.11, 0.00, 0.84, 0.00, 0.00, 0.00, 0.13, 0.17, 0.00, 1.00, 1.00, 0.00, 0.00, 1.00, 0.00, 0.00, 0.00, 1.00, 0.00, 1.00, 0.00, 1.00, 0.00, 0.00, 0.00, 0.00
2504,  0,  83.433,  0.98,  1, 0.00, 0.07, 1.17, 0.00, 0.07, 0.91, 0.00, 0.00, 0.00, 1.11, 0.00, 0.90, 0.00, 0.00, 0.00, 0.26, 0.13, 0.00, 1.00, 1.00, 0.00, 0.00, 1.00, 0.00, 0.00, 0.00, 1.00, 0.00, 1.00, 0.00, 1.00, 0.00, 0.00, 0.00, 0.00
2505,  0,  83.467,  0.98,  1, 0.00, 0.04, 1.24, 0.00, 0.03, 0.91, 0.00, 0.00, 0.00, 1.06, 0.00, 0.97, 0.00, 0.00, 0.00, 0.33, 0.08, 0.00, 1.00, 1.00, 0.00, 0.00, 1.00, 0.00, 0.00, 0.00, 1.00, 0.00, 1.00, 0.00, 1.00, 0.00, 0.00, 0.00, 0.00
2506,  0,  83.500,  0.98,  1, 0.05, 0.18, 1.26, 0.00, 0.01, 0.95, 0.00, 0.00, 0.00, 1.02, 0.04, 0.90, 0.00, 0.00, 0.00, 0.24, 0.03, 0.00, 1.00, 1.00, 0.00, 0.00, 1.00, 0.00, 0.00, 0.00, 1.00, 0.00, 1.00, 0.00, 1.00, 0.00, 0.00, 0.00, 0.00
2507,  0,  83.533,  0.98,  1, 0.07, 0.22, 1.30, 0.00, 0.01, 0.93, 0.00, 0.00, 0.00, 0.99, 0.06, 0.78, 0.00, 0.00, 0.00, 0.09, 0.03, 0.00, 1.00, 1.00, 0.00, 0.00, 1.00, 0.00, 0.00, 0.00, 1.00, 0.00, 1.00, 0.00, 1.00, 0.00, 0.00, 0.00, 0.00
2508,  0,  83.567,  0.98,  1, 0.07, 0.26, 1.24, 0.00, 0.00, 0.90, 0.00, 0.00, 0.00, 1.04, 0.09, 0.67, 0.00, 0.00, 0.00, 0.00, 0.00, 0.00, 1.00, 1.00, 0.00, 0.00, 1.00, 0.00, 0.00, 0.00, 1.00, 0.00, 0.00, 0.00, 1.00, 0.00, 0.00, 0.00, 0.00
2509,  0,  83.600,  0.98,  1, 0.02, 0.12, 1.11, 0.00, 0.00, 0.87, 0.00, 0.00, 0.00, 1.01, 0.05, 0.75, 0.00, 0.00, 0.00, 0.00, 0.00, 0.00, 1.00, 1.00, 0.00, 0.00, 1.00, 0.00, 0.00, 0.00, 1.00, 0.00, 0.00, 0.00, 1.00, 0.00, 0.00, 0.00, 0.00
2510,  0,  83.633,  0.98,  1, 0.00, 0.07, 1.03, 0.00, 0.03, 0.91, 0.00, 0.00, 0.00, 1.03, 0.03, 0.78, 0.00, 0.00, 0.00, 0.00, 0.00, 0.00, 1.00, 1.00, 0.00, 0.00, 1.00, 0.00, 0.00, 0.00, 1.00, 0.00, 0.00, 0.00, 1.00, 0.00, 0.00, 0.00, 0.00
2511,  0,  83.667,  0.98,  1, 0.00, 0.08, 0.98, 0.00, 0.05, 0.98, 0.00, 0.00, 0.00, 0.93, 0.00, 0.84, 0.00, 0.00, 0.00, 0.00, 0.00, 0.00, 1.00, 1.00, 0.00, 0.00, 1.00, 0.00, 0.00, 0.00, 1.00, 0.00, 1.00, 0.00, 1.00, 0.00, 0.00, 0.00, 0.00
2512,  0,  83.700,  0.98,  1, 0.01, 0.13, 1.05, 0.00, 0.10, 1.01, 0.00, 0.00, 0.03, 0.93, 0.00, 0.90, 0.00, 0.00, 0.03, 0.00, 0.00, 0.00, 1.00, 1.00, 0.00, 0.00, 1.00, 0.00, 0.00, 0.00, 1.00, 0.00, 0.00, 0.00, 1.00, 0.00, 0.00, 0.00, 0.00
2513,  0,  83.733,  0.98,  1, 0.04, 0.09, 1.05, 0.00, 0.10, 1.02, 0.00, 0.00, 0.03, 0.95, 0.00, 0.93, 0.00, 0.00, 0.19, 0.12, 0.00, 0.00, 1.00, 1.00, 1.00, 0.00, 1.00, 0.00, 0.00, 0.00, 1.00, 0.00, 0.00, 0.00, 1.00, 0.00, 0.00, 0.00, 0.00
2514,  0,  83.767,  0.98,  1, 0.04, 0.05, 1.14, 0.00, 0.11, 1.07, 0.00, 0.01, 0.09, 0.94, 0.00, 0.73, 0.00, 0.00, 0.57, 0.28, 0.00, 0.00, 1.00, 1.00, 1.00, 0.00, 1.00, 0.00, 1.00, 0.00, 1.00, 0.00, 0.00, 0.00, 1.00, 0.00, 0.00, 0.00, 0.00
2515,  0,  83.800,  0.98,  1, 0.04, 0.00, 1.18, 0.00, 0.10, 1.03, 0.03, 0.06, 0.13, 0.89, 0.00, 0.41, 0.00, 0.00, 1.08, 0.61, 0.00, 0.00, 1.00, 1.00, 1.00, 0.00, 1.00, 0.00, 1.00, 0.00, 1.00, 0.00, 0.00, 0.00, 1.00, 1.00, 0.00, 0.00, 0.00
2516,  0,  83.833,  0.98,  1, 0.00, 0.00, 1.21, 0.00, 0.07, 1.06, 0.04, 0.17, 0.21, 0.82, 0.00, 0.16, 0.00, 0.00, 1.50, 0.83, 0.00, 0.00, 1.00, 1.00, 1.00, 0.00, 1.00, 0.00, 1.00, 0.00, 1.00, 0.00, 0.00, 0.00, 1.00, 1.00, 0.00, 0.00, 0.00
2517,  0,  83.867,  0.98,  1, 0.08, 0.00, 1.27, 0.00, 0.13, 1.32, 0.04, 0.27, 0.27, 0.88, 0.00, 0.07, 0.00, 0.00, 1.67, 0.97, 0.15, 0.00, 1.00, 1.00, 1.00, 0.00, 1.00, 0.00, 1.00, 0.00, 1.00, 0.00, 0.00, 0.00, 1.00, 1.00, 0.00, 0.00, 0.00
2518,  0,  83.900,  0.98,  1, 0.10, 0.00, 1.36, 0.02, 0.20, 1.44, 0.01, 0.39, 0.30, 0.92, 0.00, 0.15, 0.03, 0.00, 1.49, 0.93, 0.81, 0.00, 1.00, 1.00, 0.00, 0.00, 1.00, 0.00, 1.00, 0.00, 1.00, 0.00, 0.00, 0.00, 1.00, 1.00, 0.00, 0.00, 0.00
2519,  0,  83.933,  0.98,  1, 0.16, 0.00, 1.50, 0.02, 0.24, 1.36, 0.02, 0.40, 0.31, 1.01, 0.00, 0.17, 0.08, 0.00, 1.34, 0.83, 1.71, 0.00, 1.00, 1.00, 0.00, 0.00, 1.00, 0.00, 1.00, 0.00, 1.00, 0.00, 0.00, 0.00, 1.00, 1.00, 0.00, 0.00, 1.00
2520,  0,  83.967,  0.98,  1, 0.12, 0.00, 1.53, 0.02, 0.31, 1.34, 0.02, 0.42, 0.31, 1.03, 0.00, 0.28, 0.08, 0.00, 1.20, 0.85, 2.12, 0.00, 1.00, 1.00, 0.00, 0.00, 1.00, 0.00, 1.00, 0.00, 1.00, 0.00, 0.00, 0.00, 1.00, 1.00, 0.00, 0.00, 1.00
2521,  0,  84.000,  0.98,  1, 0.16, 0.00, 1.52, 0.00, 0.34, 1.35, 0.02, 0.41, 0.32, 1.10, 0.00, 0.26, 0.05, 0.00, 1.28, 0.93, 1.69, 0.00, 1.00, 1.00, 0.00, 0.00, 1.00, 0.00, 1.00, 0.00, 1.00, 0.00, 0.00, 0.00, 1.00, 1.00, 0.00, 0.00, 1.00
2522,  0,  84.033,  0.98,  1, 0.17, 0.00, 1.48, 0.00, 0.35, 1.62, 0.00, 0.42, 0.31, 1.07, 0.00, 0.29, 0.00, 0.00, 1.27, 0.96, 0.91, 0.00, 1.00, 1.00, 0.00, 0.00, 1.00, 0.00, 1.00, 0.00, 1.00, 0.00, 0.00, 0.00, 1.00, 1.00, 0.00, 0.00, 1.00
2523,  0,  84.067,  0.98,  1, 0.17, 0.00, 1.43, 0.00, 0.29, 1.68, 0.00, 0.39, 0.28, 1.07, 0.04, 0.24, 0.00, 0.00, 1.17, 0.87, 0.42, 0.00, 1.00, 1.00, 0.00, 0.00, 1.00, 0.00, 1.00, 0.00, 1.00, 0.00, 0.00, 0.00, 1.00, 1.00, 0.00, 0.00, 1.00
2524,  0,  84.100,  0.98,  1, 0.16, 0.00, 1.41, 0.00, 0.20, 1.61, 0.00, 0.40, 0.20, 1.04, 0.08, 0.31, 0.00, 0.00, 0.89, 0.65, 0.18, 0.00, 1.00, 1.00, 1.00, 0.00, 1.00, 0.00, 1.00, 0.00, 1.00, 0.00, 0.00, 0.00, 1.00, 1.00, 0.00, 0.00, 0.00
2525,  0,  84.133,  0.98,  1, 0.13, 0.00, 1.39, 0.00, 0.20, 1.66, 0.00, 0.40, 0.18, 1.11, 0.11, 0.54, 0.00, 0.00, 0.59, 0.49, 0.07, 0.00, 0.00, 1.00, 1.00, 0.00, 1.00, 0.00, 1.00, 0.00, 1.00, 0.00, 0.00, 0.00, 1.00, 0.00, 0.00, 0.00, 0.00
2526,  0,  84.167,  0.98,  1, 0.15, 0.00, 1.39, 0.00, 0.18, 1.51, 0.00, 0.49, 0.17, 1.18, 0.14, 0.76, 0.00, 0.00, 0.35, 0.27, 0.04, 0.00, 0.00, 1.00, 1.00, 0.00, 1.00, 0.00, 1.00, 0.00, 1.00, 0.00, 0.00, 0.00, 1.00, 0.00, 0.00, 0.00, 0.00
2527,  0,  84.200,  0.98,  1, 0.14, 0.00, 1.36, 0.00, 0.23, 1.52, 0.00, 0.46, 0.26, 1.32, 0.11, 0.85, 0.00, 0.00, 0.35, 0.19, 0.04, 0.00, 0.00, 1.00, 1.00, 0.00, 1.00, 0.00, 1.00, 0.00, 1.00, 0.00, 0.00, 0.00, 1.00, 0.00, 0.00, 0.00, 0.00
2528,  0,  84.233,  0.98,  1, 0.18, 0.00, 1.38, 0.00, 0.23, 1.32, 0.00, 0.47, 0.28, 1.34, 0.17, 0.74, 0.00, 0.00, 0.51, 0.07, 0.04, 0.00, 0.00, 1.00, 1.00, 0.00, 1.00, 0.00, 1.00, 0.00, 1.00, 0.00, 0.00, 0.00, 1.00, 0.00, 0.00, 0.00, 0.00
2529,  0,  84.267,  0.98,  1, 0.17, 0.00, 1.41, 0.00, 0.21, 1.21, 0.00, 0.45, 0.35, 1.42, 0.20, 0.60, 0.00, 0.00, 0.81, 0.18, 0.00, 0.00, 0.00, 1.00, 1.00, 0.00, 1.00, 0.00, 1.00, 0.00, 1.00, 0.00, 0.00, 0.00, 1.00, 0.00, 0.00, 0.00, 0.00
2530,  0,  84.300,  0.98,  1, 0.12, 0.00, 1.34, 0.00, 0.20, 1.04, 0.00, 0.46, 0.36, 1.29, 0.22, 0.49, 0.00, 0.00, 1.04, 0.30, 0.00, 0.00, 0.00, 1.00, 1.00, 0.00, 1.00, 0.00, 1.00, 0.00, 1.00, 0.00, 0.00, 0.00, 1.00, 0.00, 0.00, 0.00, 0.00
2531,  0,  84.333,  0.98,  1, 0.08, 0.00, 1.30, 0.00, 0.20, 0.94, 0.00, 0.42, 0.34, 1.29, 0.13, 0.42, 0.00, 0.00, 1.20, 0.51, 0.00, 0.00, 0.00, 1.00, 1.00, 0.00, 1.00, 0.00, 1.00, 0.00, 1.00, 0.00, 0.00, 0.00, 1.00, 0.00, 0.00, 0.00, 0.00
2532,  0,  84.367,  0.98,  1, 0.03, 0.00, 1.27, 0.00, 0.28, 1.00, 0.00, 0.27, 0.37, 1.18, 0.03, 0.34, 0.00, 0.00, 1.09, 0.73, 0.00, 0.00, 0.00, 1.00, 1.00, 0.00, 1.00, 0.00, 1.00, 0.00, 1.00, 0.00, 0.00, 0.00, 1.00, 0.00, 0.00, 0.00, 0.00
2533,  0,  84.400,  0.98,  1, 0.03, 0.00, 1.40, 0.00, 0.39, 1.24, 0.02, 0.17, 0.40, 1.37, 0.00, 0.39, 0.00, 0.00, 0.93, 0.83, 0.00, 0.00, 0.00, 1.00, 1.00, 0.00, 1.00, 0.00, 1.00, 0.00, 1.00, 0.00, 0.00, 0.00, 1.00, 0.00, 0.00, 0.00, 0.00
2534,  0,  84.433,  0.98,  1, 0.00, 0.00, 1.43, 0.00, 0.42, 1.36, 0.03, 0.05, 0.42, 1.43, 0.03, 0.42, 0.00, 0.00, 0.79, 0.89, 0.00, 0.00, 0.00, 1.00, 1.00, 0.00, 1.00, 0.00, 1.00, 0.00, 1.00, 0.00, 0.00, 0.00, 1.00, 0.00, 0.00, 0.00, 0.00
2535,  0,  84.467,  0.98,  1, 0.00, 0.00, 1.47, 0.00, 0.44, 1.23, 0.03, 0.08, 0.36, 1.48, 0.08, 0.46, 0.00, 0.00, 0.79, 0.86, 0.06, 0.00, 0.00, 1.00, 1.00, 0.00, 1.00, 0.00, 1.00, 0.00, 1.00, 0.00, 0.00, 0.00, 1.00, 0.00, 0.00, 0.00, 0.00
2536,  0,  84.500,  0.98,  1, 0.00, 0.00, 1.46, 0.00, 0.36, 1.25, 0.02, 0.10, 0.32, 1.31, 0.11, 0.39, 0.00, 0.00, 0.86, 0.96, 0.11, 0.00, 0.00, 1.00, 1.00, 0.00, 1.00, 0.00, 1.00, 0.00, 1.00, 0.00, 0.00, 0.00, 1.00, 0.00, 0.00, 0.00, 0.00
2537,  0,  84.533,  0.98,  1, 0.03, 0.00, 1.41, 0.00, 0.33, 1.18, 0.00, 0.10, 0.24, 1.21, 0.17, 0.45, 0.00, 0.00, 0.77, 1.05, 0.13, 0.00, 0.00, 1.00, 1.00, 0.00, 1.00, 0.00, 1.00, 0.00, 1.00, 0.00, 0.00, 0.00, 1.00, 0.00, 0.00, 0.00, 0.00
2538,  0,  84.567,  0.98,  1, 0.09, 0.00, 1.30, 0.00, 0.24, 1.17, 0.00, 0.06, 0.19, 1.13, 0.12, 0.60, 0.00, 0.00, 0.51, 0.97, 0.09, 0.00, 0.00, 1.00, 1.00, 0.00, 1.00, 0.00, 1.00, 0.00, 1.00, 0.00, 0.00, 0.00, 1.00, 0.00, 0.00, 0.00, 0.00
2539,  0,  84.600,  0.98,  1, 0.16, 0.00, 1.18, 0.00, 0.16, 1.02, 0.00, 0.00, 0.10, 1.18, 0.10, 0.82, 0.00, 0.00, 0.24, 0.76, 0.04, 0.00, 0.00, 1.00, 1.00, 0.00, 1.00, 0.00, 1.00, 0.00, 1.00, 1.00, 1.00, 0.00, 1.00, 0.00, 0.00, 0.00, 0.00
2540,  0,  84.633,  0.98,  1, 0.23, 0.00, 1.22, 0.00, 0.12, 1.01, 0.00, 0.00, 0.05, 1.18, 0.02, 0.98, 0.00, 0.00, 0.05, 0.52, 0.02, 0.00, 0.00, 1.00, 1.00, 0.00, 1.00, 0.00, 1.00, 0.00, 1.00, 1.00, 1.00, 0.00, 1.00, 0.00, 0.00, 0.00, 0.00
2541,  0,  84.667,  0.98,  1, 0.21, 0.00, 1.24, 0.00, 0.10, 0.90, 0.00, 0.00, 0.02, 1.27, 0.03, 1.11, 0.00, 0.00, 0.09, 0.55, 0.00, 0.00, 0.00, 1.00, 1.00, 0.00, 1.00, 0.00, 1.00, 0.00, 1.00, 1.00, 1.00, 0.00, 1.00, 0.00, 0.00, 0.00, 0.00
2542,  0,  84.700,  0.98,  1, 0.18, 0.00, 1.25, 0.00, 0.13, 0.88, 0.00, 0.01, 0.08, 1.14, 0.01, 1.02, 0.00, 0.00, 0.19, 0.66, 0.00, 0.00, 0.00, 1.00, 1.00, 0.00, 1.00, 0.00, 1.00, 0.00, 1.00, 1.00, 1.00, 0.00, 1.00, 0.00, 0.00, 0.00, 0.00
2543,  0,  84.733,  0.98,  1, 0.08, 0.00, 1.21, 0.00, 0.14, 1.00, 0.00, 0.01, 0.18, 1.01, 0.01, 0.80, 0.00, 0.00, 0.54, 0.88, 0.00, 0.00, 0.00, 1.00, 1.00, 0.00, 1.00, 0.00, 1.00, 0.00, 1.00, 0.00, 0.00, 0.00, 1.00, 0.00, 0.00, 0.00, 0.00
2544,  0,  84.767,  0.98,  1, 0.08, 0.00, 1.14, 0.00, 0.13, 1.15, 0.00, 0.02, 0.27, 0.76, 0.12, 0.52, 0.00, 0.00, 0.83, 0.83, 0.00, 0.00, 0.00, 1.00, 1.00, 0.00, 1.00, 0.00, 1.00, 0.00, 1.00, 0.00, 0.00, 0.00, 1.00, 0.00, 0.00, 0.00, 0.00
2545,  0,  84.800,  0.98,  1, 0.07, 0.07, 1.03, 0.00, 0.11, 1.22, 0.00, 0.10, 0.30, 0.74, 0.25, 0.39, 0.00, 0.00, 1.07, 0.78, 0.00, 0.00, 1.00, 1.00, 1.00, 0.00, 1.00, 0.00, 1.00, 0.00, 1.00, 0.00, 0.00, 0.00, 1.00, 1.00, 0.00, 0.00, 0.00
2546,  0,  84.833,  0.98,  1, 0.08, 0.15, 0.94, 0.00, 0.10, 1.35, 0.00, 0.18, 0.34, 0.77, 0.43, 0.35, 0.00, 0.00, 1.14, 0.75, 0.08, 0.00, 1.00, 1.00, 1.00, 0.00, 1.00, 0.00, 1.00, 0.00, 1.00, 0.00, 0.00, 0.00, 1.00, 1.00, 0.00, 0.00, 0.00
2547,  0,  84.867,  0.98,  1, 0.06, 0.16, 0.99, 0.00, 0.13, 1.49, 0.00, 0.19, 0.37, 0.91, 0.37, 0.32, 0.00, 0.00, 1.27, 0.92, 0.09, 0.00, 1.00, 1.00, 1.00, 0.00, 1.00, 0.00, 1.00, 0.00, 1.00, 0.00, 0.00, 0.00, 1.00, 1.00, 0.00, 0.00, 0.00
2548,  0,  84.900,  0.98,  1, 0.06, 0.09, 1.05, 0.00, 0.14, 1.53, 0.00, 0.10, 0.40, 0.92, 0.34, 0.28, 0.00, 0.00, 1.37, 1.03, 0.08, 0.00, 1.00, 1.00, 1.00, 0.00, 1.00, 0.00, 1.00, 0.00, 1.00, 0.00, 0.00, 0.00, 1.00, 1.00, 0.00, 0.00, 0.00
2549,  0,  84.933,  0.98,  1, 0.04, 0.01, 1.08, 0.00, 0.11, 1.32, 0.00, 0.03, 0.40, 0.88, 0.32, 0.25, 0.00, 0.00, 1.29, 1.01, 0.01, 0.00, 1.00, 1.00, 1.00, 0.00, 1.00, 0.00, 1.00, 0.00, 1.00, 0.00, 0.00, 0.00, 1.00, 1.00, 0.00, 0.00, 0.00
2550,  0,  84.967,  0.98,  1, 0.01, 0.00, 1.05, 0.00, 0.11, 1.14, 0.00, 0.07, 0.41, 0.84, 0.36, 0.35, 0.00, 0.00, 1.10, 0.85, 0.03, 0.00, 1.00, 1.00, 1.00, 0.00, 1.00, 0.00, 1.00, 0.00, 1.00, 0.00, 0.00, 0.00, 1.00, 1.00, 0.00, 0.00, 0.00
2551,  0,  85.000,  0.98,  1, 0.00, 0.00, 1.04, 0.00, 0.14, 1.12, 0.00, 0.08, 0.37, 0.94, 0.29, 0.47, 0.00, 0.00, 0.74, 0.62, 0.07, 0.00, 1.00, 1.00, 1.00, 0.00, 1.00, 0.00, 1.00, 0.00, 1.00, 0.00, 0.00, 0.00, 1.00, 0.00, 0.00, 0.00, 0.00
2552,  0,  85.033,  0.98,  1, 0.00, 0.00, 1.05, 0.00, 0.21, 1.19, 0.00, 0.08, 0.29, 1.05, 0.13, 0.64, 0.00, 0.00, 0.46, 0.38, 0.17, 0.00, 1.00, 1.00, 1.00, 0.00, 1.00, 0.00, 1.00, 0.00, 1.00, 0.00, 0.00, 0.00, 1.00, 0.00, 0.00, 0.00, 0.00
2553,  0,  85.067,  0.98,  1, 0.01, 0.00, 1.08, 0.00, 0.27, 1.33, 0.04, 0.03, 0.21, 1.21, 0.03, 0.72, 0.00, 0.00, 0.31, 0.20, 0.14, 0.00, 1.00, 1.00, 1.00, 0.00, 1.00, 0.00, 1.00, 0.00, 1.00, 0.00, 0.00, 0.00, 1.00, 0.00, 0.00, 0.00, 0.00
2554,  0,  85.100,  0.98,  1, 0.06, 0.00, 1.12, 0.00, 0.26, 1.42, 0.09, 0.07, 0.18, 1.15, 0.00, 0.88, 0.00, 0.00, 0.19, 0.23, 0.10, 0.00, 0.00, 1.00, 1.00, 0.00, 1.00, 0.00, 1.00, 0.00, 1.00, 0.00, 0.00, 0.00, 1.00, 0.00, 0.00, 0.00, 0.00
2555,  0,  85.133,  0.98,  1, 0.08, 0.00, 1.14, 0.00, 0.24, 1.52, 0.14, 0.09, 0.20, 1.10, 0.00, 0.86, 0.00, 0.00, 0.11, 0.32, 0.00, 0.00, 0.00, 1.00, 1.00, 0.00, 1.00, 0.00, 1.00, 0.00, 1.00, 0.00, 0.00, 0.00, 1.00, 0.00, 0.00, 0.00, 0.00
2556,  0,  85.167,  0.98,  1, 0.06, 0.01, 1.12, 0.00, 0.16, 1.45, 0.13, 0.07, 0.21, 1.09, 0.00, 0.84, 0.00, 0.00, 0.00, 0.47, 0.00, 0.00, 0.00, 1.00, 1.00, 0.00, 1.00, 0.00, 1.00, 0.00, 1.00, 0.00, 0.00, 0.00, 1.00, 0.00, 0.00, 0.00, 0.00
2557,  0,  85.200,  0.98,  1, 0.04, 0.08, 1.11, 0.00, 0.12, 1.33, 0.12, 0.02, 0.15, 1.25, 0.04, 0.67, 0.00, 0.00, 0.00, 0.47, 0.00, 0.00, 0.00, 1.00, 1.00, 0.00, 1.00, 0.00, 1.00, 0.00, 1.00, 0.00, 0.00, 0.00, 1.00, 0.00, 0.00, 0.00, 0.00
2558,  0,  85.233,  0.98,  1, 0.03, 0.15, 1.10, 0.00, 0.07, 1.18, 0.11, 0.00, 0.09, 1.37, 0.08, 0.61, 0.00, 0.00, 0.00, 0.42, 0.00, 0.00, 0.00, 1.00, 1.00, 0.00, 1.00, 0.00, 1.00, 0.00, 1.00, 0.00, 0.00, 0.00, 1.00, 0.00, 0.00, 0.00, 0.00
2559,  0,  85.267,  0.98,  1, 0.03, 0.23, 1.16, 0.00, 0.07, 1.13, 0.11, 0.01, 0.06, 1.39, 0.15, 0.56, 0.00, 0.00, 0.00, 0.38, 0.00, 0.00, 0.00, 1.00, 1.00, 0.00, 1.00, 0.00, 1.00, 0.00, 1.00, 0.00, 0.00, 0.00, 1.00, 0.00, 0.00, 0.00, 0.00
2560,  0,  85.300,  0.98,  1, 0.03, 0.25, 1.25, 0.00, 0.06, 1.21, 0.08, 0.05, 0.03, 1.38, 0.20, 0.58, 0.00, 0.00, 0.00, 0.37, 0.00, 0.00, 0.00, 1.00, 1.00, 0.00, 1.00, 0.00, 1.00, 0.00, 1.00, 0.00, 0.00, 0.00, 1.00, 0.00, 0.00, 0.00, 0.00
2561,  0,  85.333,  0.98,  1, 0.03, 0.18, 1.26, 0.00, 0.03, 1.18, 0.08, 0.09, 0.01, 1.31, 0.17, 0.63, 0.00, 0.00, 0.00, 0.39, 0.00, 0.00, 0.00, 1.00, 1.00, 0.00, 1.00, 0.00, 1.00, 0.00, 1.00, 0.00, 0.00, 0.00, 1.00, 0.00, 0.00, 0.00, 0.00
2562,  0,  85.367,  0.98,  1, 0.09, 0.09, 1.26, 0.00, 0.01, 1.16, 0.05, 0.10, 0.00, 1.29, 0.10, 0.70, 0.00, 0.00, 0.00, 0.33, 0.00, 0.00, 0.00, 1.00, 1.00, 0.00, 1.00, 0.00, 1.00, 0.00, 1.00, 0.00, 0.00, 0.00, 1.00, 0.00, 0.00, 0.00, 0.00
2563,  0,  85.400,  0.98,  1, 0.06, 0.00, 1.19, 0.00, 0.00, 1.03, 0.03, 0.11, 0.00, 1.26, 0.02, 0.75, 0.00, 0.00, 0.00, 0.36, 0.00, 0.00, 0.00, 1.00, 1.00, 0.00, 1.00, 0.00, 1.00, 0.00, 1.00, 0.00, 0.00, 0.00, 1.00, 0.00, 0.00, 0.00, 0.00
2564,  0,  85.433,  0.98,  1, 0.08, 0.00, 1.19, 0.00, 0.00, 1.03, 0.03, 0.07, 0.00, 1.31, 0.00, 0.74, 0.00, 0.00, 0.00, 0.35, 0.00, 0.00, 0.00, 1.00, 1.00, 0.00, 1.00, 0.00, 1.00, 0.00, 1.00, 0.00, 0.00, 0.00, 1.00, 0.00, 0.00, 0.00, 0.00
2565,  0,  85.467,  0.98,  1, 0.02, 0.00, 1.22, 0.00, 0.03, 1.17, 0.03, 0.06, 0.00, 1.24, 0.00, 0.67, 0.00, 0.00, 0.00, 0.36, 0.02, 0.00, 0.00, 1.00, 1.00, 0.00, 1.00, 0.00, 1.00, 0.00, 1.00, 0.00, 0.00, 0.00, 1.00, 0.00, 0.00, 0.00, 0.00
2566,  0,  85.500,  0.98,  1, 0.02, 0.00, 1.19, 0.00, 0.05, 1.06, 0.06, 0.01, 0.00, 1.18, 0.00, 0.61, 0.09, 0.00, 0.02, 0.36, 0.02, 0.00, 0.00, 1.00, 1.00, 0.00, 1.00, 0.00, 1.00, 0.00, 1.00, 0.00, 0.00, 0.00, 1.00, 0.00, 0.00, 0.00, 0.00
2567,  0,  85.533,  0.98,  1, 0.00, 0.00, 1.16, 0.00, 0.07, 0.96, 0.08, 0.01, 0.00, 1.12, 0.00, 0.49, 0.24, 0.00, 0.12, 0.40, 0.02, 0.00, 0.00, 1.00, 1.00, 0.00, 1.00, 0.00, 1.00, 0.00, 1.00, 0.00, 0.00, 1.00, 1.00, 0.00, 0.00, 0.00, 0.00
2568,  0,  85.567,  0.98,  1, 0.05, 0.10, 1.08, 0.00, 0.04, 0.85, 0.08, 0.00, 0.00, 1.12, 0.00, 0.46, 0.27, 0.00, 0.19, 0.56, 0.00, 0.00, 0.00, 1.00, 1.00, 0.00, 1.00, 0.00, 1.00, 0.00, 1.00, 0.00, 0.00, 1.00, 1.00, 0.00, 0.00, 0.00, 0.00
2569,  0,  85.600,  0.98,  1, 0.05, 0.10, 1.06, 0.00, 0.02, 0.99, 0.04, 0.00, 0.00, 1.16, 0.00, 0.50, 0.20, 0.00, 0.17, 0.64, 0.00, 0.00, 0.00, 1.00, 1.00, 0.00, 1.00, 0.00, 1.00, 0.00, 1.00, 0.00, 0.00, 1.00, 1.00, 0.00, 0.00, 0.00, 0.00
2570,  0,  85.633,  0.98,  1, 0.05, 0.10, 1.10, 0.00, 0.00, 1.16, 0.00, 0.00, 0.00, 1.16, 0.00, 0.63, 0.09, 0.00, 0.08, 0.68, 0.00, 0.00, 0.00, 1.00, 1.00, 0.00, 1.00, 0.00, 1.00, 0.00, 1.00, 0.00, 0.00, 1.00, 1.00, 0.00, 0.00, 0.00, 0.00
2571,  0,  85.667,  0.98,  1, 0.00, 0.00, 1.11, 0.00, 0.02, 1.19, 0.00, 0.00, 0.00, 1.19, 0.00, 0.67, 0.06, 0.00, 0.05, 0.68, 0.00, 0.00, 0.00, 1.00, 1.00, 0.00, 1.00, 0.00, 1.00, 0.00, 1.00, 0.00, 0.00, 1.00, 1.00, 0.00, 0.00, 0.00, 0.00
2572,  0,  85.700,  0.98,  1, 0.01, 0.00, 1.13, 0.00, 0.03, 1.21, 0.00, 0.00, 0.00, 1.20, 0.00, 0.65, 0.04, 0.00, 0.07, 0.65, 0.00, 0.00, 0.00, 1.00, 1.00, 0.00, 1.00, 0.00, 1.00, 0.00, 1.00, 0.00, 0.00, 1.00, 1.00, 0.00, 0.00, 0.00, 0.00
2573,  0,  85.733,  0.98,  1, 0.01, 0.00, 1.10, 0.00, 0.04, 1.28, 0.00, 0.00, 0.00, 1.20, 0.00, 0.59, 0.01, 0.00, 0.10, 0.62, 0.00, 0.00, 0.00, 1.00, 1.00, 0.00, 1.00, 0.00, 1.00, 0.00, 1.00, 0.00, 0.00, 1.00, 1.00, 0.00, 0.00, 0.00, 0.00
2574,  0,  85.767,  0.98,  1, 0.01, 0.00, 1.10, 0.00, 0.02, 1.35, 0.00, 0.00, 0.00, 1.19, 0.00, 0.51, 0.00, 0.00, 0.08, 0.52, 0.01, 0.00, 0.00, 1.00, 1.00, 0.00, 1.00, 0.00, 1.00, 0.00, 1.00, 0.00, 0.00, 1.00, 1.00, 0.00, 0.00, 0.00, 0.00
2575,  0,  85.800,  0.98,  1, 0.00, 0.00, 1.06, 0.00, 0.03, 1.25, 0.00, 0.00, 0.00, 1.22, 0.00, 0.51, 0.00, 0.00, 0.12, 0.51, 0.01, 0.00, 0.00, 1.00, 1.00, 0.00, 1.00, 0.00, 1.00, 0.00, 1.00, 0.00, 0.00, 1.00, 1.00, 0.00, 0.00, 0.00, 0.00
2576,  0,  85.833,  0.98,  1, 0.00, 0.00, 1.09, 0.00, 0.08, 1.10, 0.00, 0.00, 0.00, 1.32, 0.00, 0.47, 0.00, 0.00, 0.21, 0.53, 0.01, 0.00, 0.00, 1.00, 1.00, 0.00, 1.00, 0.00, 1.00, 0.00, 1.00, 0.00, 0.00, 1.00, 1.00, 0.00, 0.00, 0.00, 0.00
2577,  0,  85.867,  0.98,  1, 0.01, 0.00, 1.23, 0.00, 0.13, 1.05, 0.00, 0.00, 0.00, 1.44, 0.00, 0.42, 0.00, 0.00, 0.32, 0.56, 0.00, 0.00, 0.00, 1.00, 1.00, 0.00, 1.00, 0.00, 1.00, 0.00, 1.00, 0.00, 0.00, 1.00, 1.00, 0.00, 0.00, 0.00, 0.00
2578,  0,  85.900,  0.98,  1, 0.02, 0.00, 1.32, 0.00, 0.20, 1.20, 0.00, 0.05, 0.00, 1.34, 0.00, 0.32, 0.00, 0.00, 0.47, 0.57, 0.04, 0.00, 0.00, 1.00, 1.00, 0.00, 1.00, 0.00, 1.00, 0.00, 1.00, 0.00, 0.00, 1.00, 1.00, 0.00, 0.00, 0.00, 0.00
2579,  0,  85.933,  0.98,  1, 0.09, 0.00, 1.39, 0.00, 0.31, 1.39, 0.03, 0.06, 0.04, 1.21, 0.00, 0.25, 0.00, 0.00, 0.60, 0.70, 0.57, 0.00, 0.00, 1.00, 1.00, 0.00, 1.00, 0.00, 1.00, 0.00, 1.00, 0.00, 0.00, 1.00, 1.00, 0.00, 0.00, 0.00, 0.00
2580,  0,  85.967,  0.98,  1, 0.07, 0.00, 1.39, 0.00, 0.42, 1.22, 0.20, 0.08, 0.09, 0.99, 0.00, 0.21, 0.00, 0.00, 0.60, 0.79, 1.43, 0.00, 0.00, 1.00, 0.00, 0.00, 1.00, 0.00, 1.00, 0.00, 1.00, 0.00, 0.00, 1.00, 1.00, 0.00, 0.00, 0.00, 1.00
2581,  0,  86.000,  0.98,  1, 0.07, 0.00, 1.37, 0.00, 0.42, 0.91, 0.31, 0.03, 0.09, 0.83, 0.02, 0.18, 0.00, 0.00, 0.52, 0.83, 2.14, 0.00, 0.00, 1.00, 0.00, 0.00, 1.00, 0.00, 1.00, 0.00, 1.00, 0.00, 0.00, 0.00, 1.00, 0.00, 0.00, 0.00, 1.00
2582,  0,  86.033,  0.98,  1, 0.02, 0.00, 1.37, 0.00, 0.35, 0.67, 0.32, 0.02, 0.05, 0.76, 0.02, 0.20, 0.00, 0.00, 0.27, 0.58, 2.25, 0.00, 0.00, 1.00, 0.00, 0.00, 1.00, 0.00, 1.00, 0.00, 1.00, 0.00, 0.00, 0.00, 1.00, 0.00, 0.00, 0.00, 1.00
2583,  0,  86.067,  0.98,  1, 0.02, 0.00, 1.32, 0.00, 0.30, 0.85, 0.16, 0.00, 0.00, 0.71, 0.02, 0.24, 0.00, 0.00, 0.12, 0.40, 1.75, 0.00, 0.00, 1.00, 0.00, 0.00, 1.00, 0.00, 1.00, 0.00, 1.00, 0.00, 0.00, 0.00, 1.00, 0.00, 0.00, 0.00, 1.00
2584,  0,  86.100,  0.98,  1, 0.11, 0.00, 1.31, 0.00, 0.33, 1.22, 0.05, 0.00, 0.00, 0.83, 0.00, 0.35, 0.00, 0.00, 0.00, 0.22, 1.17, 0.00, 0.00, 1.00, 0.00, 0.00, 1.00, 0.00, 1.00, 0.00, 1.00, 0.00, 0.00, 0.00, 1.00, 0.00, 0.00, 0.00, 1.00
2585,  0,  86.133,  0.98,  1, 0.16, 0.00, 1.19, 0.00, 0.32, 1.38, 0.02, 0.00, 0.00, 0.91, 0.00, 0.43, 0.00, 0.00, 0.14, 0.35, 0.67, 0.00, 0.00, 1.00, 0.00, 0.00, 1.00, 0.00, 1.00, 0.00, 1.00, 0.00, 0.00, 0.00, 0.00, 0.00, 0.00, 0.00, 1.00
2586,  0,  86.167,  0.98,  1, 0.23, 0.00, 1.17, 0.00, 0.36, 1.34, 0.00, 0.08, 0.05, 1.06, 0.00, 0.44, 0.00, 0.00, 0.61, 0.55, 0.30, 0.00, 0.00, 1.00, 0.00, 0.00, 1.00, 0.00, 1.00, 0.00, 1.00, 0.00, 0.00, 0.00, 1.00, 0.00, 0.00, 0.00, 1.00
2587,  0,  86.200,  0.98,  1, 0.14, 0.00, 1.15, 0.00, 0.34, 1.33, 0.00, 0.11, 0.08, 1.02, 0.00, 0.30, 0.00, 0.00, 1.13, 0.81, 0.12, 0.00, 0.00, 1.00, 0.00, 0.00, 1.00, 0.00, 1.00, 0.00, 1.00, 0.00, 0.00, 0.00, 1.00, 1.00, 0.00, 0.00, 1.00
2588,  0,  86.233,  0.98,  1, 0.11, 0.00, 1.16, 0.00, 0.37, 1.38, 0.02, 0.12, 0.08, 0.93, 0.00, 0.22, 0.00, 0.00, 1.52, 0.95, 0.00, 0.00, 0.00, 1.00, 0.00, 0.00, 1.00, 0.00, 1.00, 0.00, 1.00, 0.00, 0.00, 0.00, 1.00, 1.00, 0.00, 0.00, 1.00
2589,  0,  86.267,  0.98,  1, 0.17, 0.00, 1.17, 0.00, 0.41, 1.62, 0.14, 0.17, 0.04, 0.83, 0.00, 0.26, 0.00, 0.00, 1.45, 0.88, 0.36, 0.00, 0.00, 1.00, 1.00, 0.00, 1.00, 0.00, 1.00, 0.00, 1.00, 0.00, 0.00, 0.00, 1.00, 1.00, 0.00, 0.00, 1.00
2590,  0,  86.300,  0.98,  1, 0.28, 0.00, 1.20, 0.00, 0.41, 1.45, 0.22, 0.26, 0.02, 0.80, 0.00, 0.21, 0.00, 0.00, 1.28, 0.77, 1.18, 0.00, 0.00, 1.00, 1.00, 0.00, 1.00, 0.00, 1.00, 0.00, 1.00, 0.00, 0.00, 0.00, 1.00, 1.00, 0.00, 0.00, 1.00
2591,  0,  86.333,  0.98,  1, 0.34, 0.00, 1.24, 0.00, 0.36, 1.04, 0.23, 0.39, 0.05, 0.82, 0.00, 0.17, 0.00, 0.00, 1.13, 0.64, 2.10, 0.00, 0.00, 1.00, 1.00, 0.00, 1.00, 0.00, 1.00, 0.00, 1.00, 0.00, 0.00, 0.00, 1.00, 1.00, 0.00, 0.00, 1.00
2592,  0,  86.367,  0.98,  1, 0.27, 0.00, 1.23, 0.03, 0.30, 0.76, 0.19, 0.35, 0.04, 0.80, 0.00, 0.09, 0.00, 0.00, 1.04, 0.72, 2.71, 0.00, 0.00, 1.00, 1.00, 0.00, 1.00, 0.00, 1.00, 0.00, 1.00, 0.00, 0.00, 0.00, 1.00, 1.00, 0.00, 0.00, 1.00
2593,  0,  86.400,  0.98,  1, 0.21, 0.00, 1.31, 0.10, 0.36, 0.92, 0.21, 0.37, 0.10, 0.85, 0.00, 0.14, 0.00, 0.00, 1.17, 0.74, 2.71, 0.00, 0.00, 1.00, 1.00, 0.00, 1.00, 0.00, 1.00, 0.00, 1.00, 0.00, 0.00, 0.00, 1.00, 1.00, 0.00, 0.00, 1.00
2594,  0,  86.433,  0.98,  1, 0.14, 0.00, 1.44, 0.10, 0.51, 1.42, 0.28, 0.36, 0.15, 0.90, 0.05, 0.16, 0.00, 0.00, 1.39, 0.75, 2.21, 0.00, 0.00, 1.00, 1.00, 0.00, 1.00, 0.00, 1.00, 0.00, 1.00, 0.00, 0.00, 0.00, 1.00, 1.00, 0.00, 0.00, 1.00
2595,  0,  86.467,  0.98,  1, 0.20, 0.00, 1.54, 0.07, 0.62, 1.80, 0.28, 0.39, 0.22, 0.94, 0.11, 0.15, 0.00, 0.00, 1.59, 0.75, 1.52, 0.00, 0.00, 1.00, 1.00, 0.00, 1.00, 0.00, 1.00, 0.00, 1.00, 0.00, 0.00, 0.00, 1.00, 1.00, 0.00, 0.00, 1.00
2596,  0,  86.500,  0.98,  1, 0.17, 0.00, 1.51, 0.00, 0.65, 1.92, 0.23, 0.44, 0.28, 1.02, 0.11, 0.17, 0.00, 0.00, 1.62, 0.89, 0.77, 0.00, 0.00, 1.00, 1.00, 0.00, 1.00, 0.00, 1.00, 0.00, 1.00, 0.00, 0.00, 0.00, 1.00, 1.00, 1.00, 0.00, 0.00
2597,  0,  86.533,  0.98,  1, 0.14, 0.00, 1.28, 0.00, 0.58, 1.79, 0.13, 0.37, 0.31, 1.06, 0.06, 0.25, 0.00, 0.00, 1.61, 1.11, 0.35, 0.00, 0.00, 1.00, 1.00, 0.00, 1.00, 0.00, 1.00, 0.00, 1.00, 0.00, 0.00, 0.00, 1.00, 1.00, 1.00, 0.00, 0.00
2598,  0,  86.567,  0.98,  1, 0.03, 0.00, 1.09, 0.00, 0.53, 1.55, 0.06, 0.27, 0.31, 1.12, 0.00, 0.42, 0.00, 0.00, 1.72, 1.24, 0.16, 0.00, 0.00, 1.00, 1.00, 0.00, 1.00, 0.00, 1.00, 0.00, 1.00, 0.00, 0.00, 0.00, 1.00, 1.00, 1.00, 0.00, 0.00
2599,  0,  86.600,  0.98,  1, 0.02, 0.00, 0.97, 0.00, 0.47, 1.40, 0.02, 0.20, 0.25, 1.13, 0.00, 0.59, 0.00, 0.00, 1.63, 1.26, 0.17, 0.00, 0.00, 1.00, 1.00, 0.00, 1.00, 0.00, 1.00, 0.00, 1.00, 0.00, 0.00, 0.00, 1.00, 1.00, 1.00, 0.00, 0.00
2600,  0,  86.633,  0.98,  1, 0.06, 0.00, 1.03, 0.00, 0.39, 1.32, 0.02, 0.25, 0.14, 1.17, 0.00, 0.69, 0.00, 0.00, 1.43, 1.11, 0.20, 0.00, 0.00, 1.00, 1.00, 0.00, 1.00, 0.00, 1.00, 0.00, 1.00, 0.00, 0.00, 0.00, 1.00, 1.00, 1.00, 0.00, 0.00
2601,  0,  86.667,  0.98,  1, 0.08, 0.00, 1.01, 0.00, 0.28, 1.41, 0.02, 0.35, 0.07, 1.23, 0.00, 0.76, 0.00, 0.00, 1.01, 0.87, 0.15, 0.00, 0.00, 1.00, 1.00, 0.00, 1.00, 0.00, 1.00, 0.00, 1.00, 0.00, 0.00, 0.00, 1.00, 0.00, 0.00, 0.00, 0.00
2602,  0,  86.700,  0.98,  1, 0.10, 0.00, 0.97, 0.00, 0.14, 1.27, 0.00, 0.32, 0.02, 1.14, 0.00, 0.84, 0.00, 0.00, 0.57, 0.76, 0.06, 0.00, 0.00, 1.00, 1.00, 0.00, 1.00, 0.00, 1.00, 0.00, 1.00, 0.00, 0.00, 0.00, 1.00, 0.00, 0.00, 0.00, 0.00
2603,  0,  86.733,  0.98,  1, 0.10, 0.00, 0.83, 0.00, 0.10, 1.11, 0.00, 0.28, 0.00, 1.12, 0.00, 0.90, 0.00, 0.00, 0.20, 0.72, 0.10, 0.00, 0.00, 1.00, 1.00, 0.00, 1.00, 0.00, 1.00, 0.00, 1.00, 0.00, 0.00, 0.00, 1.00, 0.00, 0.00, 0.00, 0.00
2604,  0,  86.767,  0.98,  1, 0.09, 0.00, 0.85, 0.00, 0.11, 0.87, 0.00, 0.17, 0.01, 1.03, 0.00, 0.92, 0.00, 0.00, 0.15, 0.65, 0.06, 0.00, 0.00, 1.00, 1.00, 0.00, 1.00, 0.00, 1.00, 0.00, 1.00, 0.00, 0.00, 0.00, 1.00, 0.00, 0.00, 0.00, 0.00
2605,  0,  86.800,  0.98,  1, 0.08, 0.00, 0.89, 0.00, 0.21, 0.94, 0.00, 0.14, 0.04, 1.13, 0.00, 0.80, 0.00, 0.00, 0.44, 0.39, 0.06, 0.00, 0.00, 1.00, 1.00, 0.00, 1.00, 0.00, 1.00, 0.00, 1.00, 0.00, 0.00, 0.00, 1.00, 0.00, 0.00, 0.00, 0.00
2606,  0,  86.833,  0.98,  1, 0.04, 0.00, 1.01, 0.00, 0.30, 1.14, 0.00, 0.15, 0.08, 1.20, 0.00, 0.61, 0.00, 0.00, 0.84, 0.24, 0.00, 0.00, 0.00, 1.00, 1.00, 0.00, 1.00, 0.00, 1.00, 0.00, 1.00, 0.00, 0.00, 0.00, 1.00, 1.00, 0.00, 0.00, 0.00
2607,  0,  86.867,  0.98,  1, 0.04, 0.00, 1.10, 0.00, 0.38, 1.22, 0.00, 0.21, 0.14, 1.27, 0.00, 0.44, 0.00, 0.00, 1.20, 0.30, 0.00, 0.00, 0.00, 1.00, 1.00, 0.00, 1.00, 0.00, 1.00, 0.00, 1.00, 0.00, 0.00, 0.00, 1.00, 1.00, 0.00, 0.00, 0.00
2608,  0,  86.900,  0.98,  1, 0.01, 0.00, 1.20, 0.00, 0.45, 1.32, 0.02, 0.27, 0.22, 1.30, 0.00, 0.32, 0.00, 0.00, 1.53, 0.52, 0.00, 0.00, 0.00, 1.00, 1.00, 0.00, 1.00, 0.00, 1.00, 0.00, 1.00, 0.00, 0.00, 0.00, 1.00, 1.00, 0.00, 0.00, 0.00
2609,  0,  86.933,  0.98,  1, 0.00, 0.00, 1.23, 0.00, 0.47, 1.45, 0.04, 0.25, 0.28, 1.28, 0.00, 0.33, 0.00, 0.00, 1.81, 0.69, 0.00, 0.00, 0.00, 1.00, 1.00, 0.00, 1.00, 0.00, 1.00, 0.00, 1.00, 0.00, 0.00, 0.00, 1.00, 1.00, 0.00, 0.00, 0.00
2610,  0,  86.967,  0.98,  1, 0.00, 0.00, 1.25, 0.00, 0.45, 1.58, 0.04, 0.17, 0.21, 1.28, 0.00, 0.28, 0.00, 0.00, 1.69, 0.77, 0.02, 0.00, 0.00, 1.00, 1.00, 0.00, 1.00, 0.00, 1.00, 0.00, 1.00, 0.00, 0.00, 0.00, 1.00, 1.00, 0.00, 0.00, 0.00
2611,  0,  87.000,  0.98,  1, 0.00, 0.01, 1.25, 0.00, 0.42, 1.60, 0.02, 0.05, 0.09, 1.30, 0.00, 0.41, 0.00, 0.00, 1.20, 0.67, 0.03, 0.00, 0.00, 1.00, 1.00, 0.00, 1.00, 0.00, 1.00, 0.00, 1.00, 0.00, 0.00, 0.00, 1.00, 1.00, 0.00, 0.00, 0.00
2612,  0,  87.033,  0.98,  1, 0.04, 0.01, 1.17, 0.00, 0.36, 1.50, 0.01, 0.00, 0.00, 1.27, 0.00, 0.51, 0.00, 0.00, 0.53, 0.58, 0.03, 0.00, 0.00, 1.00, 1.00, 0.00, 1.00, 0.00, 1.00, 0.00, 1.00, 0.00, 0.00, 0.00, 1.00, 1.00, 0.00, 0.00, 0.00
2613,  0,  87.067,  0.98,  1, 0.04, 0.01, 1.16, 0.00, 0.37, 1.54, 0.01, 0.00, 0.00, 1.28, 0.00, 0.65, 0.00, 0.00, 0.19, 0.54, 0.01, 0.00, 0.00, 1.00, 1.00, 0.00, 1.00, 0.00, 1.00, 0.00, 1.00, 0.00, 0.00, 0.00, 1.00, 1.00, 0.00, 0.00, 0.00
2614,  0,  87.100,  0.98,  1, 0.08, 0.07, 1.13, 0.00, 0.33, 1.61, 0.00, 0.05, 0.00, 1.17, 0.00, 0.65, 0.00, 0.00, 0.52, 0.59, 0.13, 0.00, 0.00, 1.00, 1.00, 0.00, 1.00, 0.00, 1.00, 0.00, 1.00, 0.00, 0.00, 0.00, 1.00, 1.00, 0.00, 0.00, 0.00
2615,  0,  87.133,  0.98,  1, 0.04, 0.07, 1.17, 0.00, 0.33, 1.84, 0.00, 0.15, 0.00, 1.08, 0.02, 0.48, 0.00, 0.00, 1.13, 0.67, 0.13, 0.00, 0.00, 1.00, 1.00, 0.00, 1.00, 0.00, 1.00, 0.00, 1.00, 0.00, 0.00, 0.00, 1.00, 0.00, 0.00, 0.00, 0.00
2616,  0,  87.167,  0.98,  1, 0.15, 0.17, 1.19, 0.00, 0.27, 1.80, 0.04, 0.18, 0.00, 0.99, 0.03, 0.36, 0.00, 0.00, 1.51, 0.86, 0.13, 0.00, 0.00, 1.00, 1.00, 0.00, 1.00, 0.00, 1.00, 0.00, 1.00, 0.00, 0.00, 0.00, 1.00, 0.00, 0.00, 0.00, 0.00
2617,  0,  87.200,  0.98,  1, 0.29, 0.10, 1.11, 0.00, 0.25, 1.82, 0.04, 0.17, 0.00, 1.06, 0.03, 0.43, 0.00, 0.00, 1.23, 0.98, 0.00, 0.00, 0.00, 1.00, 1.00, 0.00, 1.00, 0.00, 1.00, 0.00, 1.00, 0.00, 0.00, 0.00, 1.00, 0.00, 0.00, 0.00, 0.00
2618,  0,  87.233,  0.98,  1, 0.41, 0.10, 1.02, 0.00, 0.16, 1.62, 0.04, 0.06, 0.00, 1.13, 0.01, 0.57, 0.00, 0.00, 0.71, 1.00, 0.00, 0.00, 0.00, 1.00, 1.00, 0.00, 1.00, 0.00, 1.00, 0.00, 1.00, 0.00, 0.00, 0.00, 1.00, 0.00, 0.00, 0.00, 0.00
2619,  0,  87.267,  0.98,  1, 0.35, 0.00, 0.81, 0.00, 0.09, 1.75, 0.01, 0.04, 0.00, 1.13, 0.00, 0.60, 0.00, 0.00, 0.36, 0.88, 0.00, 0.00, 0.00, 1.00, 1.00, 0.00, 1.00, 0.00, 1.00, 0.00, 1.00, 0.00, 0.00, 0.00, 1.00, 0.00, 0.00, 0.00, 0.00
2620,  0,  87.300,  0.98,  1, 0.24, 0.00, 0.75, 0.00, 0.02, 1.71, 0.00, 0.00, 0.00, 1.08, 0.00, 0.53, 0.00, 0.00, 0.39, 0.79, 0.00, 0.00, 0.00, 1.00, 1.00, 0.00, 1.00, 0.00, 0.00, 0.00, 1.00, 0.00, 0.00, 0.00, 1.00, 0.00, 0.00, 0.00, 0.00
2621,  0,  87.333,  0.98,  1, 0.21, 0.00, 0.72, 0.00, 0.01, 1.67, 0.00, 0.00, 0.00, 1.01, 0.04, 0.51, 0.00, 0.00, 0.52, 0.78, 0.00, 0.00, 0.00, 1.00, 1.00, 0.00, 1.00, 0.00, 0.00, 0.00, 1.00, 0.00, 0.00, 0.00, 1.00, 0.00, 0.00, 0.00, 0.00
2622,  0,  87.367,  0.98,  1, 0.26, 0.06, 0.73, 0.00, 0.00, 1.46, 0.00, 0.00, 0.00, 0.91, 0.04, 0.55, 0.00, 0.00, 0.65, 0.76, 0.00, 0.00, 0.00, 1.00, 1.00, 0.00, 1.00, 0.00, 0.00, 0.00, 1.00, 0.00, 0.00, 0.00, 1.00, 0.00, 0.00, 0.00, 0.00
2623,  0,  87.400,  0.98,  1, 0.29, 0.06, 0.72, 0.00, 0.00, 1.41, 0.00, 0.00, 0.00, 0.86, 0.21, 0.54, 0.00, 0.00, 0.60, 0.72, 0.00, 0.00, 0.00, 1.00, 1.00, 0.00, 1.00, 0.00, 0.00, 0.00, 1.00, 0.00, 0.00, 0.00, 1.00, 0.00, 0.00, 0.00, 0.00
2624,  0,  87.433,  0.98,  1, 0.27, 0.06, 0.75, 0.00, 0.00, 1.21, 0.00, 0.00, 0.00, 0.88, 0.20, 0.50, 0.00, 0.00, 0.51, 0.61, 0.00, 0.00, 0.00, 1.00, 1.00, 0.00, 1.00, 0.00, 0.00, 0.00, 1.00, 0.00, 0.00, 0.00, 1.00, 0.00, 0.00, 0.00, 0.00
2625,  0,  87.467,  0.98,  1, 0.21, 0.00, 0.78, 0.00, 0.00, 1.23, 0.00, 0.00, 0.00, 0.98, 0.20, 0.41, 0.00, 0.00, 0.37, 0.43, 0.00, 0.00, 0.00, 1.00, 1.00, 0.00, 1.00, 0.00, 0.00, 0.00, 1.00, 0.00, 0.00, 0.00, 1.00, 0.00, 0.00, 0.00, 0.00
2626,  0,  87.500,  0.98,  1, 0.16, 0.00, 0.78, 0.00, 0.00, 1.17, 0.00, 0.00, 0.00, 1.03, 0.06, 0.44, 0.00, 0.00, 0.29, 0.34, 0.00, 0.00, 0.00, 1.00, 1.00, 0.00, 1.00, 0.00, 0.00, 0.00, 1.00, 0.00, 0.00, 0.00, 1.00, 0.00, 0.00, 0.00, 0.00
2627,  0,  87.533,  0.98,  1, 0.14, 0.00, 0.74, 0.00, 0.00, 1.19, 0.00, 0.00, 0.00, 1.16, 0.07, 0.47, 0.00, 0.00, 0.21, 0.37, 0.00, 0.00, 0.00, 1.00, 1.00, 0.00, 1.00, 0.00, 0.00, 0.00, 1.00, 0.00, 0.00, 0.00, 1.00, 0.00, 0.00, 0.00, 0.00
2628,  0,  87.567,  0.98,  1, 0.27, 0.17, 0.90, 0.00, 0.02, 1.17, 0.00, 0.00, 0.00, 1.26, 0.29, 0.51, 0.00, 0.00, 0.20, 0.34, 0.00, 0.00, 0.00, 1.00, 1.00, 0.00, 1.00, 0.00, 0.00, 0.00, 1.00, 0.00, 0.00, 0.00, 1.00, 0.00, 0.00, 0.00, 0.00
2629,  0,  87.600,  0.98,  1, 0.40, 0.45, 1.12, 0.00, 0.02, 1.02, 0.00, 0.00, 0.00, 1.12, 0.44, 0.33, 0.00, 0.00, 0.12, 0.24, 0.00, 0.00, 1.00, 1.00, 1.00, 0.00, 1.00, 0.00, 0.00, 0.00, 1.00, 0.00, 0.00, 0.00, 1.00, 0.00, 0.00, 0.00, 0.00
2630,  0,  87.633,  0.98,  1, 0.49, 0.67, 1.26, 0.00, 0.02, 1.00, 0.00, 0.00, 0.00, 1.02, 0.56, 0.23, 0.00, 0.00, 0.10, 0.17, 0.00, 0.00, 1.00, 1.00, 1.00, 0.00, 1.00, 0.00, 0.00, 0.00, 1.00, 0.00, 0.00, 0.00, 0.00, 0.00, 0.00, 0.00, 0.00
2631,  0,  87.667,  0.98,  1, 0.43, 0.56, 1.19, 0.01, 0.00, 0.90, 0.00, 0.00, 0.00, 0.92, 0.47, 0.18, 0.00, 0.00, 0.11, 0.26, 0.00, 0.00, 1.00, 1.00, 1.00, 0.00, 1.00, 0.00, 0.00, 0.00, 1.00, 0.00, 0.00, 0.00, 0.00, 0.00, 0.00, 0.00, 0.00
2632,  0,  87.700,  0.98,  1, 0.48, 0.44, 1.13, 0.01, 0.02, 0.94, 0.00, 0.00, 0.00, 1.09, 0.39, 0.16, 0.00, 0.00, 0.32, 0.32, 0.00, 0.00, 1.00, 1.00, 1.00, 0.00, 1.00, 0.00, 0.00, 0.00, 1.00, 0.00, 0.00, 0.00, 0.00, 0.00, 0.00, 0.00, 0.00
2633,  0,  87.733,  0.98,  1, 0.56, 0.41, 1.16, 0.03, 0.08, 0.93, 0.00, 0.00, 0.00, 1.20, 0.24, 0.08, 0.00, 0.00, 0.66, 0.36, 0.00, 0.00, 1.00, 1.00, 1.00, 0.00, 1.00, 0.00, 1.00, 0.00, 1.00, 0.00, 0.00, 0.00, 0.00, 0.00, 0.00, 0.00, 0.00
2634,  0,  87.767,  0.98,  1, 0.60, 0.47, 1.26, 0.04, 0.14, 0.88, 0.00, 0.00, 0.00, 1.19, 0.11, 0.00, 0.00, 0.00, 1.18, 0.50, 0.00, 0.00, 1.00, 1.00, 1.00, 0.00, 1.00, 0.00, 1.00, 0.00, 1.00, 0.00, 0.00, 0.00, 0.00, 0.00, 0.00, 0.00, 0.00
2635,  0,  87.800,  0.98,  1, 0.63, 0.40, 1.33, 0.09, 0.17, 0.89, 0.00, 0.00, 0.00, 1.01, 0.01, 0.01, 0.00, 0.00, 1.43, 0.70, 0.00, 0.00, 0.00, 1.00, 1.00, 0.00, 1.00, 0.00, 1.00, 0.00, 1.00, 0.00, 0.00, 0.00, 0.00, 0.00, 0.00, 0.00, 0.00
2636,  0,  87.833,  0.98,  1, 0.63, 0.33, 1.37, 0.07, 0.11, 1.00, 0.00, 0.00, 0.00, 0.81, 0.00, 0.01, 0.00, 0.00, 1.51, 0.87, 0.00, 0.00, 0.00, 1.00, 1.00, 0.00, 1.00, 0.00, 1.00, 0.00, 1.00, 0.00, 0.00, 0.00, 0.00, 0.00, 0.00, 0.00, 0.00
2637,  0,  87.867,  0.98,  1, 0.76, 0.39, 1.42, 0.05, 0.07, 1.13, 0.00, 0.00, 0.00, 0.84, 0.00, 0.03, 0.00, 0.00, 1.23, 0.83, 0.08, 0.00, 0.00, 1.00, 1.00, 0.00, 1.00, 0.00, 1.00, 0.00, 1.00, 0.00, 0.00, 0.00, 0.00, 0.00, 0.00, 0.00, 0.00
2638,  0,  87.900,  0.98,  1, 0.71, 0.45, 1.47, 0.01, 0.09, 1.20, 0.11, 0.08, 0.01, 0.93, 0.11, 0.11, 0.00, 0.00, 1.01, 0.79, 0.09, 0.00, 0.00, 1.00, 1.00, 0.00, 1.00, 0.00, 1.00, 0.00, 1.00, 0.00, 0.00, 0.00, 0.00, 0.00, 0.00, 0.00, 0.00
2639,  0,  87.933,  0.98,  1, 0.67, 0.43, 1.58, 0.00, 0.12, 1.12, 0.13, 0.09, 0.05, 0.88, 0.26, 0.15, 0.00, 0.00, 0.68, 0.65, 0.09, 0.00, 1.00, 1.00, 1.00, 0.00, 1.00, 0.00, 1.00, 0.00, 1.00, 0.00, 0.00, 0.00, 0.00, 0.00, 0.00, 0.00, 0.00
2640,  0,  87.967,  0.98,  1, 0.48, 0.41, 1.48, 0.00, 0.17, 1.17, 0.16, 0.09, 0.05, 0.77, 0.37, 0.23, 0.00, 0.00, 0.56, 0.61, 0.03, 0.00, 1.00, 1.00, 1.00, 0.00, 1.00, 0.00, 1.00, 0.00, 1.00, 0.00, 0.00, 0.00, 0.00, 0.00, 0.00, 0.00, 0.00
2641,  0,  88.000,  0.98,  1, 0.37, 0.26, 1.34, 0.00, 0.19, 1.12, 0.05, 0.01, 0.04, 0.81, 0.31, 0.21, 0.00, 0.00, 0.78, 0.65, 0.02, 0.00, 1.00, 1.00, 1.00, 0.00, 1.00, 0.00, 1.00, 0.00, 1.00, 0.00, 0.00, 0.00, 0.00, 0.00, 0.00, 0.00, 0.00
2642,  0,  88.033,  0.98,  1, 0.24, 0.17, 1.21, 0.00, 0.20, 1.34, 0.03, 0.00, 0.00, 0.93, 0.19, 0.19, 0.00, 0.00, 1.25, 0.77, 0.02, 0.00, 1.00, 1.00, 1.00, 0.00, 1.00, 0.00, 1.00, 0.00, 1.00, 0.00, 0.00, 0.00, 0.00, 1.00, 0.00, 0.00, 0.00
2643,  0,  88.067,  0.98,  1, 0.19, 0.01, 1.25, 0.00, 0.16, 1.47, 0.08, 0.00, 0.00, 0.89, 0.12, 0.08, 0.00, 0.00, 1.71, 0.92, 0.01, 0.00, 1.00, 1.00, 1.00, 0.00, 1.00, 0.00, 1.00, 0.00, 1.00, 0.00, 0.00, 0.00, 1.00, 1.00, 0.00, 0.00, 0.00
2644,  0,  88.100,  0.98,  1, 0.18, 0.07, 1.26, 0.00, 0.09, 1.55, 0.12, 0.00, 0.02, 0.76, 0.17, 0.02, 0.00, 0.00, 1.79, 1.08, 0.00, 0.00, 1.00, 1.00, 1.00, 0.00, 1.00, 0.00, 1.00, 0.00, 1.00, 0.00, 0.00, 0.00, 1.00, 1.00, 0.00, 0.00, 0.00
2645,  0,  88.133,  0.98,  1, 0.21, 0.11, 1.17, 0.00, 0.05, 1.41, 0.11, 0.00, 0.09, 0.64, 0.17, 0.05, 0.00, 0.00, 1.65, 1.13, 0.00, 0.00, 1.00, 1.00, 1.00, 0.00, 1.00, 0.00, 1.00, 0.00, 1.00, 0.00, 0.00, 0.00, 1.00, 1.00, 0.00, 0.00, 0.00
2646,  0,  88.167,  0.98,  1, 0.24, 0.15, 1.10, 0.00, 0.04, 1.19, 0.06, 0.00, 0.10, 0.74, 0.14, 0.08, 0.00, 0.00, 1.34, 1.03, 0.01, 0.00, 1.00, 1.00, 1.00, 0.00, 1.00, 0.00, 1.00, 0.00, 1.00, 0.00, 0.00, 0.00, 1.00, 1.00, 0.00, 0.00, 0.00
2647,  0,  88.200,  0.98,  1, 0.21, 0.09, 1.05, 0.00, 0.09, 1.05, 0.04, 0.00, 0.08, 0.94, 0.03, 0.16, 0.00, 0.00, 1.20, 0.71, 0.10, 0.00, 1.00, 1.00, 1.00, 0.00, 1.00, 0.00, 1.00, 0.00, 1.00, 0.00, 0.00, 0.00, 1.00, 0.00, 0.00, 0.00, 0.00
2648,  0,  88.233,  0.98,  1, 0.15, 0.04, 1.09, 0.00, 0.12, 0.95, 0.08, 0.00, 0.01, 1.11, 0.01, 0.13, 0.00, 0.00, 1.17, 0.56, 0.18, 0.00, 1.00, 1.00, 1.00, 0.00, 1.00, 0.00, 1.00, 0.00, 1.00, 0.00, 0.00, 0.00, 1.00, 0.00, 0.00, 0.00, 0.00
2649,  0,  88.267,  0.98,  1, 0.06, 0.00, 1.03, 0.00, 0.18, 0.87, 0.13, 0.02, 0.00, 1.23, 0.00, 0.15, 0.00, 0.00, 1.22, 0.57, 0.28, 0.00, 1.00, 1.00, 1.00, 0.00, 1.00, 0.00, 1.00, 0.00, 1.00, 0.00, 0.00, 0.00, 1.00, 0.00, 0.00, 0.00, 0.00
2650,  0,  88.300,  0.98,  1, 0.15, 0.06, 1.06, 0.00, 0.24, 0.87, 0.16, 0.13, 0.00, 1.29, 0.00, 0.19, 0.00, 0.00, 0.97, 0.70, 0.20, 0.00, 1.00, 1.00, 1.00, 0.00, 1.00, 0.00, 1.00, 0.00, 1.00, 0.00, 0.00, 0.00, 1.00, 0.00, 0.00, 0.00, 0.00
2651,  0,  88.333,  0.98,  1, 0.25, 0.13, 1.18, 0.00, 0.28, 0.93, 0.17, 0.24, 0.00, 1.31, 0.00, 0.28, 0.00, 0.00, 0.77, 0.75, 0.11, 0.00, 1.00, 1.00, 1.00, 0.00, 1.00, 0.00, 1.00, 0.00, 1.00, 0.00, 0.00, 0.00, 1.00, 0.00, 0.00, 0.00, 0.00
2652,  0,  88.367,  0.98,  1, 0.36, 0.19, 1.31, 0.00, 0.30, 0.77, 0.16, 0.25, 0.00, 1.38, 0.00, 0.30, 0.00, 0.00, 0.60, 0.69, 0.01, 0.00, 1.00, 1.00, 1.00, 0.00, 1.00, 0.00, 1.00, 0.00, 1.00, 0.00, 0.00, 0.00, 1.00, 0.00, 0.00, 0.00, 0.00
2653,  0,  88.400,  0.98,  1, 0.33, 0.22, 1.27, 0.00, 0.25, 0.59, 0.12, 0.27, 0.00, 1.38, 0.00, 0.24, 0.00, 0.00, 0.67, 0.67, 0.00, 0.00, 1.00, 1.00, 1.00, 0.00, 1.00, 0.00, 1.00, 0.00, 1.00, 0.00, 0.00, 0.00, 1.00, 0.00, 0.00, 0.00, 0.00
2654,  0,  88.433,  0.98,  1, 0.32, 0.24, 1.16, 0.00, 0.22, 0.44, 0.09, 0.20, 0.00, 1.46, 0.00, 0.25, 0.00, 0.00, 0.66, 0.63, 0.00, 0.00, 1.00, 1.00, 1.00, 0.00, 1.00, 0.00, 1.00, 0.00, 1.00, 0.00, 0.00, 0.00, 1.00, 0.00, 0.00, 0.00, 0.00
2655,  0,  88.467,  0.98,  1, 0.27, 0.26, 1.09, 0.00, 0.18, 0.39, 0.04, 0.17, 0.00, 1.43, 0.00, 0.32, 0.00, 0.00, 0.62, 0.73, 0.00, 0.00, 1.00, 1.00, 1.00, 0.00, 1.00, 0.00, 1.00, 0.00, 1.00, 0.00, 0.00, 0.00, 1.00, 0.00, 0.00, 0.00, 0.00
2656,  0,  88.500,  0.98,  1, 0.22, 0.29, 1.07, 0.00, 0.18, 0.38, 0.04, 0.05, 0.00, 1.51, 0.00, 0.38, 0.00, 0.00, 0.58, 0.76, 0.00, 0.00, 1.00, 1.00, 1.00, 0.00, 1.00, 0.00, 1.00, 0.00, 1.00, 0.00, 0.00, 0.00, 1.00, 0.00, 0.00, 0.00, 0.00
2657,  0,  88.533,  0.98,  1, 0.14, 0.23, 1.19, 0.00, 0.27, 0.59, 0.05, 0.07, 0.00, 1.49, 0.00, 0.42, 0.00, 0.00, 0.57, 0.80, 0.21, 0.00, 1.00, 1.00, 1.00, 0.00, 1.00, 0.00, 1.00, 0.00, 1.00, 0.00, 0.00, 0.00, 1.00, 0.00, 0.00, 0.00, 0.00
2658,  0,  88.567,  0.98,  1, 0.13, 0.14, 1.36, 0.00, 0.37, 0.81, 0.05, 0.15, 0.00, 1.42, 0.00, 0.43, 0.00, 0.00, 0.51, 0.73, 0.85, 0.00, 1.00, 1.00, 1.00, 0.00, 1.00, 0.00, 1.00, 0.00, 1.00, 0.00, 0.00, 0.00, 1.00, 0.00, 0.00, 0.00, 1.00
2659,  0,  88.600,  0.98,  1, 0.18, 0.02, 1.51, 0.00, 0.46, 0.99, 0.06, 0.28, 0.00, 1.34, 0.00, 0.45, 0.00, 0.00, 0.46, 0.67, 1.58, 0.00, 1.00, 1.00, 0.00, 0.00, 1.00, 0.00, 1.00, 0.00, 1.00, 0.00, 0.00, 0.00, 1.00, 0.00, 0.00, 0.00, 1.00
2660,  0,  88.633,  0.98,  1, 0.24, 0.00, 1.58, 0.00, 0.47, 1.04, 0.04, 0.30, 0.00, 1.31, 0.00, 0.42, 0.00, 0.00, 0.39, 0.67, 2.03, 0.00, 1.00, 1.00, 0.00, 0.00, 1.00, 0.00, 1.00, 0.00, 1.00, 0.00, 0.00, 0.00, 1.00, 0.00, 0.00, 0.00, 1.00
2661,  0,  88.667,  0.98,  1, 0.23, 0.00, 1.55, 0.00, 0.48, 1.17, 0.10, 0.33, 0.00, 1.32, 0.00, 0.42, 0.00, 0.00, 0.39, 0.58, 1.74, 0.00, 1.00, 1.00, 0.00, 0.00, 1.00, 0.00, 1.00, 0.00, 1.00, 0.00, 0.00, 0.00, 1.00, 0.00, 0.00, 0.00, 1.00
2662,  0,  88.700,  0.98,  1, 0.15, 0.00, 1.55, 0.00, 0.50, 1.28, 0.10, 0.27, 0.00, 1.34, 0.01, 0.45, 0.00, 0.00, 0.40, 0.60, 1.29, 0.00, 1.00, 1.00, 0.00, 0.00, 1.00, 0.00, 1.00, 0.00, 1.00, 0.00, 0.00, 0.00, 1.00, 0.00, 0.00, 0.00, 1.00
2663,  0,  88.733,  0.98,  1, 0.09, 0.00, 1.49, 0.00, 0.53, 1.16, 0.08, 0.26, 0.00, 1.37, 0.02, 0.53, 0.00, 0.00, 0.37, 0.59, 0.77, 0.00, 1.00, 1.00, 0.00, 0.00, 1.00, 0.00, 1.00, 0.00, 1.00, 0.00, 0.00, 0.00, 1.00, 0.00, 0.00, 0.00, 1.00
2664,  0,  88.767,  0.98,  1, 0.04, 0.00, 1.39, 0.00, 0.45, 0.90, 0.02, 0.26, 0.00, 1.42, 0.03, 0.47, 0.00, 0.00, 0.42, 0.75, 0.60, 0.00, 1.00, 1.00, 0.00, 0.00, 1.00, 0.00, 1.00, 0.00, 1.00, 0.00, 0.00, 0.00, 1.00, 0.00, 0.00, 0.00, 1.00
2665,  0,  88.800,  0.98,  1, 0.03, 0.00, 1.21, 0.00, 0.35, 0.73, 0.00, 0.26, 0.00, 1.40, 0.02, 0.40, 0.00, 0.00, 0.42, 0.81, 0.61, 0.00, 1.00, 1.00, 0.00, 0.00, 1.00, 0.00, 1.00, 0.00, 1.00, 0.00, 0.00, 0.00, 1.00, 0.00, 0.00, 0.00, 0.00
2666,  0,  88.833,  0.98,  1, 0.00, 0.00, 1.07, 0.00, 0.25, 0.70, 0.00, 0.22, 0.00, 1.43, 0.03, 0.32, 0.00, 0.00, 0.54, 0.88, 0.68, 0.00, 1.00, 1.00, 0.00, 0.00, 1.00, 0.00, 1.00, 0.00, 1.00, 1.00, 0.00, 0.00, 1.00, 0.00, 0.00, 0.00, 0.00
2667,  0,  88.867,  0.98,  1, 0.00, 0.00, 0.99, 0.00, 0.22, 0.84, 0.00, 0.10, 0.00, 1.45, 0.05, 0.31, 0.00, 0.00, 0.56, 0.87, 0.56, 0.00, 0.00, 1.00, 0.00, 0.00, 1.00, 0.00, 1.00, 0.00, 1.00, 1.00, 0.00, 0.00, 1.00, 0.00, 0.00, 0.00, 0.00
2668,  0,  88.900,  0.98,  1, 0.00, 0.00, 0.97, 0.00, 0.18, 0.96, 0.00, 0.03, 0.00, 1.51, 0.05, 0.44, 0.00, 0.00, 0.59, 0.88, 0.35, 0.00, 0.00, 1.00, 1.00, 0.00, 1.00, 0.00, 1.00, 0.00, 1.00, 1.00, 0.00, 0.00, 1.00, 0.00, 0.00, 0.00, 0.00
2669,  0,  88.933,  0.98,  1, 0.00, 0.00, 0.92, 0.00, 0.13, 0.95, 0.00, 0.00, 0.00, 1.51, 0.05, 0.50, 0.00, 0.00, 0.60, 0.88, 0.21, 0.00, 1.00, 1.00, 1.00, 0.00, 1.00, 0.00, 1.00, 0.00, 1.00, 1.00, 0.00, 0.00, 1.00, 0.00, 0.00, 0.00, 0.00
2670,  0,  88.967,  0.98,  1, 0.00, 0.00, 0.91, 0.00, 0.12, 0.93, 0.00, 0.00, 0.00, 1.50, 0.05, 0.58, 0.00, 0.00, 0.64, 0.90, 0.22, 0.00, 1.00, 1.00, 1.00, 0.00, 1.00, 0.00, 1.00, 0.00, 1.00, 1.00, 0.00, 0.00, 1.00, 0.00, 0.00, 0.00, 0.00
2671,  0,  89.000,  0.98,  1, 0.02, 0.00, 0.93, 0.00, 0.13, 0.90, 0.00, 0.00, 0.00, 1.50, 0.11, 0.54, 0.00, 0.00, 0.66, 0.90, 0.25, 0.00, 1.00, 1.00, 1.00, 0.00, 1.00, 0.00, 1.00, 0.00, 1.00, 0.00, 0.00, 0.00, 1.00, 0.00, 0.00, 0.00, 0.00
2672,  0,  89.033,  0.98,  1, 0.04, 0.00, 0.97, 0.00, 0.12, 0.89, 0.00, 0.00, 0.00, 1.53, 0.12, 0.52, 0.00, 0.00, 0.63, 0.85, 0.25, 0.00, 1.00, 1.00, 1.00, 0.00, 1.00, 0.00, 1.00, 0.00, 1.00, 0.00, 0.00, 0.00, 1.00, 0.00, 0.00, 0.00, 0.00
2673,  0,  89.067,  0.98,  1, 0.04, 0.00, 0.97, 0.00, 0.11, 0.90, 0.00, 0.00, 0.00, 1.61, 0.10, 0.49, 0.00, 0.00, 0.57, 0.83, 0.35, 0.00, 1.00, 1.00, 1.00, 0.00, 1.00, 0.00, 1.00, 0.00, 1.00, 0.00, 0.00, 0.00, 1.00, 0.00, 0.00, 0.00, 0.00
2674,  0,  89.100,  0.98,  1, 0.03, 0.00, 0.99, 0.00, 0.08, 0.86, 0.00, 0.00, 0.00, 1.60, 0.04, 0.44, 0.00, 0.00, 0.52, 0.86, 0.26, 0.00, 1.00, 1.00, 1.00, 0.00, 1.00, 0.00, 1.00, 0.00, 1.00, 0.00, 0.00, 0.00, 1.00, 0.00, 0.00, 0.00, 0.00
2675,  0,  89.133,  0.98,  1, 0.01, 0.00, 1.00, 0.00, 0.06, 0.88, 0.00, 0.00, 0.00, 1.58, 0.08, 0.41, 0.00, 0.00, 0.48, 0.94, 0.17, 0.00, 1.00, 1.00, 1.00, 0.00, 1.00, 0.00, 1.00, 0.00, 1.00, 0.00, 0.00, 0.00, 1.00, 0.00, 0.00, 0.00, 0.00
2676,  0,  89.167,  0.98,  1, 0.08, 0.00, 1.05, 0.00, 0.03, 0.80, 0.00, 0.00, 0.00, 1.51, 0.07, 0.46, 0.00, 0.00, 0.42, 0.98, 0.03, 0.00, 1.00, 1.00, 1.00, 0.00, 1.00, 0.00, 1.00, 0.00, 1.00, 0.00, 0.00, 0.00, 1.00, 0.00, 0.00, 0.00, 0.00
2677,  0,  89.200,  0.98,  1, 0.15, 0.02, 1.13, 0.00, 0.02, 0.82, 0.00, 0.00, 0.00, 1.49, 0.07, 0.50, 0.00, 0.00, 0.51, 0.97, 0.05, 0.00, 0.00, 1.00, 1.00, 0.00, 1.00, 0.00, 1.00, 0.00, 1.00, 0.00, 0.00, 0.00, 1.00, 0.00, 0.00, 0.00, 0.00
2678,  0,  89.233,  0.98,  1, 0.19, 0.10, 1.23, 0.00, 0.02, 0.79, 0.00, 0.00, 0.00, 1.49, 0.00, 0.54, 0.00, 0.00, 0.61, 1.02, 0.10, 0.00, 0.00, 1.00, 1.00, 0.00, 1.00, 0.00, 1.00, 0.00, 1.00, 0.00, 0.00, 0.00, 1.00, 0.00, 0.00, 0.00, 0.00
2679,  0,  89.267,  0.98,  1, 0.18, 0.10, 1.28, 0.00, 0.02, 0.72, 0.00, 0.00, 0.00, 1.46, 0.00, 0.54, 0.00, 0.00, 0.77, 0.94, 0.17, 0.00, 0.00, 1.00, 1.00, 0.00, 1.00, 0.00, 1.00, 0.00, 1.00, 0.00, 0.00, 0.00, 1.00, 0.00, 0.00, 0.00, 0.00
2680,  0,  89.300,  0.98,  1, 0.25, 0.11, 1.29, 0.00, 0.02, 0.65, 0.00, 0.00, 0.00, 1.30, 0.00, 0.50, 0.00, 0.00, 0.85, 0.88, 0.17, 0.00, 1.00, 1.00, 1.00, 0.00, 1.00, 0.00, 1.00, 0.00, 1.00, 0.00, 0.00, 0.00, 1.00, 0.00, 0.00, 0.00, 0.00
2681,  0,  89.333,  0.98,  1, 0.35, 0.09, 1.31, 0.00, 0.00, 0.69, 0.00, 0.00, 0.00, 1.20, 0.00, 0.48, 0.00, 0.00, 0.91, 0.79, 0.11, 0.00, 1.00, 1.00, 1.00, 0.00, 1.00, 0.00, 1.00, 0.00, 1.00, 0.00, 0.00, 0.00, 1.00, 0.00, 0.00, 0.00, 0.00
2682,  0,  89.367,  0.98,  1, 0.40, 0.10, 1.38, 0.00, 0.03, 0.92, 0.00, 0.00, 0.00, 1.16, 0.00, 0.39, 0.00, 0.00, 0.94, 0.79, 0.08, 0.00, 1.00, 1.00, 1.00, 0.00, 1.00, 0.00, 1.00, 0.00, 1.00, 0.00, 0.00, 0.00, 1.00, 0.00, 0.00, 0.00, 0.00
2683,  0,  89.400,  0.98,  1, 0.35, 0.07, 1.37, 0.00, 0.03, 0.93, 0.00, 0.00, 0.00, 1.26, 0.00, 0.43, 0.00, 0.00, 0.94, 0.79, 0.06, 0.00, 1.00, 1.00, 1.00, 0.00, 1.00, 0.00, 1.00, 0.00, 1.00, 0.00, 0.00, 0.00, 1.00, 0.00, 0.00, 0.00, 0.00
2684,  0,  89.433,  0.98,  1, 0.29, 0.01, 1.29, 0.00, 0.03, 0.78, 0.00, 0.00, 0.00, 1.29, 0.00, 0.45, 0.00, 0.00, 1.00, 0.78, 0.06, 0.00, 1.00, 1.00, 1.00, 0.00, 1.00, 0.00, 1.00, 0.00, 1.00, 0.00, 0.00, 0.00, 1.00, 0.00, 0.00, 0.00, 0.00
2685,  0,  89.467,  0.98,  1, 0.22, 0.00, 1.22, 0.00, 0.00, 0.58, 0.00, 0.00, 0.00, 1.32, 0.00, 0.50, 0.00, 0.00, 0.99, 0.81, 0.00, 0.00, 1.00, 1.00, 1.00, 0.00, 1.00, 0.00, 1.00, 0.00, 1.00, 0.00, 0.00, 0.00, 1.00, 0.00, 0.00, 0.00, 0.00
2686,  0,  89.500,  0.98,  1, 0.21, 0.00, 1.19, 0.00, 0.00, 0.61, 0.01, 0.09, 0.00, 1.29, 0.00, 0.57, 0.00, 0.00, 0.89, 0.79, 0.00, 0.00, 1.00, 1.00, 1.00, 0.00, 1.00, 0.00, 1.00, 0.00, 1.00, 0.00, 0.00, 0.00, 1.00, 0.00, 0.00, 0.00, 0.00
2687,  0,  89.533,  0.98,  1, 0.20, 0.03, 1.22, 0.00, 0.00, 0.80, 0.01, 0.18, 0.00, 1.28, 0.00, 0.62, 0.00, 0.00, 0.82, 0.76, 0.00, 0.00, 1.00, 1.00, 1.00, 0.00, 1.00, 0.00, 1.00, 0.00, 1.00, 0.00, 0.00, 0.00, 1.00, 0.00, 0.00, 0.00, 0.00
2688,  0,  89.567,  0.98,  1, 0.19, 0.03, 1.16, 0.00, 0.07, 1.00, 0.04, 0.19, 0.00, 1.26, 0.00, 0.72, 0.00, 0.00, 0.68, 0.67, 0.01, 0.00, 0.00, 1.00, 1.00, 0.00, 1.00, 0.00, 1.00, 0.00, 1.00, 0.00, 0.00, 0.00, 1.00, 0.00, 0.00, 0.00, 0.00
2689,  0,  89.600,  0.98,  1, 0.16, 0.03, 1.08, 0.00, 0.14, 1.15, 0.06, 0.12, 0.00, 1.37, 0.00, 0.74, 0.00, 0.00, 0.60, 0.58, 0.03, 0.00, 0.00, 1.00, 1.00, 0.00, 1.00, 0.00, 1.00, 0.00, 1.00, 0.00, 0.00, 0.00, 1.00, 0.00, 0.00, 0.00, 0.00
2690,  0,  89.633,  0.98,  1, 0.22, 0.00, 1.05, 0.00, 0.25, 1.34, 0.06, 0.08, 0.00, 1.43, 0.00, 0.82, 0.00, 0.00, 0.51, 0.51, 0.29, 0.00, 0.00, 1.00, 0.00, 0.00, 1.00, 0.00, 1.00, 0.00, 1.00, 0.00, 0.00, 0.00, 1.00, 0.00, 0.00, 0.00, 0.00
2691,  0,  89.667,  0.98,  1, 0.26, 0.00, 1.14, 0.00, 0.34, 1.45, 0.06, 0.13, 0.00, 1.42, 0.00, 0.89, 0.00, 0.00, 0.46, 0.51, 1.04, 0.00, 0.00, 1.00, 0.00, 0.00, 1.00, 0.00, 1.00, 0.00, 1.00, 0.00, 0.00, 0.00, 1.00, 0.00, 0.00, 0.00, 0.00
2692,  0,  89.700,  0.98,  1, 0.24, 0.00, 1.21, 0.00, 0.37, 1.45, 0.08, 0.15, 0.02, 1.31, 0.00, 0.90, 0.00, 0.00, 0.45, 0.52, 1.91, 0.00, 0.00, 1.00, 0.00, 0.00, 1.00, 0.00, 1.00, 0.00, 1.00, 0.00, 0.00, 0.00, 1.00, 0.00, 0.00, 0.00, 1.00
2693,  0,  89.733,  0.98,  1, 0.15, 0.00, 1.31, 0.00, 0.41, 1.47, 0.18, 0.12, 0.02, 1.22, 0.00, 0.84, 0.00, 0.00, 0.40, 0.58, 2.38, 0.00, 0.00, 1.00, 0.00, 0.00, 1.00, 0.00, 1.00, 0.00, 1.00, 0.00, 0.00, 0.00, 1.00, 0.00, 0.00, 0.00, 1.00
2694,  0,  89.767,  0.98,  1, 0.17, 0.00, 1.36, 0.00, 0.40, 1.63, 0.20, 0.11, 0.02, 1.17, 0.00, 0.76, 0.00, 0.00, 0.42, 0.65, 2.08, 0.00, 0.00, 1.00, 0.00, 0.00, 1.00, 0.00, 1.00, 0.00, 1.00, 0.00, 0.00, 0.00, 1.00, 0.00, 0.00, 0.00, 1.00
2695,  0,  89.800,  0.98,  1, 0.18, 0.00, 1.38, 0.00, 0.41, 1.79, 0.25, 0.11, 0.00, 1.17, 0.00, 0.74, 0.00, 0.00, 0.47, 0.70, 1.46, 0.00, 0.00, 1.00, 0.00, 0.00, 1.00, 0.00, 1.00, 0.00, 1.00, 0.00, 0.00, 0.00, 1.00, 0.00, 0.00, 0.00, 1.00
2696,  0,  89.833,  0.98,  1, 0.13, 0.00, 1.30, 0.00, 0.38, 1.73, 0.17, 0.13, 0.00, 1.15, 0.00, 0.73, 0.00, 0.00, 0.49, 0.73, 0.90, 0.00, 0.00, 1.00, 0.00, 0.00, 1.00, 0.00, 1.00, 0.00, 1.00, 0.00, 0.00, 0.00, 1.00, 0.00, 0.00, 0.00, 1.00
2697,  0,  89.867,  0.98,  1, 0.04, 0.00, 1.22, 0.00, 0.36, 1.48, 0.11, 0.14, 0.00, 1.22, 0.00, 0.67, 0.00, 0.00, 0.53, 0.69, 0.61, 0.00, 0.00, 1.00, 0.00, 0.00, 1.00, 0.00, 1.00, 0.00, 1.00, 0.00, 0.00, 0.00, 1.00, 0.00, 0.00, 0.00, 1.00
2698,  0,  89.900,  0.98,  1, 0.06, 0.07, 1.19, 0.00, 0.35, 1.40, 0.05, 0.13, 0.00, 1.26, 0.00, 0.67, 0.00, 0.00, 0.35, 0.63, 0.40, 0.00, 0.00, 1.00, 0.00, 0.00, 1.00, 0.00, 1.00, 0.00, 1.00, 0.00, 0.00, 0.00, 1.00, 0.00, 0.00, 0.00, 1.00
2699,  0,  89.933,  0.98,  1, 0.22, 0.13, 1.28, 0.00, 0.33, 1.46, 0.02, 0.15, 0.03, 1.29, 0.00, 0.69, 0.00, 0.00, 0.28, 0.51, 0.52, 0.00, 0.00, 1.00, 0.00, 0.00, 1.00, 0.00, 1.00, 0.00, 1.00, 0.00, 0.00, 0.00, 1.00, 0.00, 0.00, 0.00, 1.00
2700,  0,  89.967,  0.98,  1, 0.33, 0.13, 1.28, 0.00, 0.36, 1.25, 0.02, 0.15, 0.14, 1.35, 0.00, 0.70, 0.00, 0.00, 0.31, 0.69, 0.99, 0.00, 1.00, 1.00, 0.00, 0.00, 1.00, 0.00, 1.00, 0.00, 1.00, 0.00, 0.00, 0.00, 1.00, 0.00, 0.00, 0.00, 1.00
2701,  0,  90.000,  0.98,  1, 0.41, 0.07, 1.29, 0.00, 0.38, 0.77, 0.00, 0.18, 0.26, 1.51, 0.00, 0.52, 0.00, 0.00, 0.46, 0.73, 1.84, 0.00, 1.00, 1.00, 0.00, 0.00, 1.00, 0.00, 1.00, 0.00, 1.00, 0.00, 0.00, 0.00, 1.00, 0.00, 0.00, 0.00, 1.00
2702,  0,  90.033,  0.98,  1, 0.34, 0.08, 1.20, 0.04, 0.46, 0.55, 0.02, 0.18, 0.30, 1.62, 0.00, 0.41, 0.00, 0.00, 0.60, 0.82, 2.29, 0.00, 1.00, 1.00, 0.00, 0.00, 1.00, 0.00, 1.00, 0.00, 1.00, 0.00, 0.00, 0.00, 1.00, 0.00, 0.00, 0.00, 1.00
2703,  0,  90.067,  0.98,  1, 0.42, 0.18, 1.27, 0.04, 0.49, 0.67, 0.02, 0.12, 0.27, 1.68, 0.00, 0.34, 0.00, 0.00, 0.64, 0.64, 2.14, 0.00, 1.00, 1.00, 1.00, 0.00, 1.00, 0.00, 1.00, 0.00, 1.00, 0.00, 0.00, 0.00, 1.00, 0.00, 0.00, 0.00, 1.00
2704,  0,  90.100,  0.98,  1, 0.46, 0.30, 1.32, 0.04, 0.47, 1.16, 0.02, 0.06, 0.22, 1.58, 0.00, 0.41, 0.00, 0.00, 0.77, 0.76, 1.34, 0.00, 1.00, 1.00, 1.00, 0.00, 1.00, 0.00, 1.00, 0.00, 1.00, 0.00, 0.00, 0.00, 1.00, 0.00, 0.00, 0.00, 1.00
2705,  0,  90.133,  0.98,  1, 0.41, 0.29, 1.34, 0.00, 0.46, 1.18, 0.00, 0.02, 0.23, 1.50, 0.00, 0.39, 0.00, 0.00, 0.74, 0.81, 0.60, 0.00, 0.00, 1.00, 1.00, 0.00, 1.00, 0.00, 1.00, 0.00, 1.00, 0.00, 0.00, 0.00, 1.00, 0.00, 0.00, 0.00, 0.00
2706,  0,  90.167,  0.98,  1, 0.21, 0.23, 1.33, 0.00, 0.38, 1.39, 0.00, 0.02, 0.15, 1.33, 0.00, 0.39, 0.00, 0.00, 0.75, 0.98, 0.13, 0.00, 0.00, 1.00, 1.00, 0.00, 1.00, 0.00, 1.00, 0.00, 1.00, 0.00, 0.00, 0.00, 1.00, 0.00, 0.00, 0.00, 0.00
2707,  0,  90.200,  0.98,  1, 0.04, 0.08, 1.23, 0.00, 0.38, 1.29, 0.00, 0.03, 0.12, 1.31, 0.00, 0.39, 0.00, 0.00, 0.69, 0.99, 0.00, 0.00, 0.00, 1.00, 1.00, 0.00, 1.00, 0.00, 1.00, 0.00, 1.00, 0.00, 0.00, 0.00, 1.00, 0.00, 0.00, 0.00, 0.00
2708,  0,  90.233,  0.98,  1, 0.00, 0.03, 1.06, 0.00, 0.31, 1.13, 0.00, 0.00, 0.06, 1.37, 0.00, 0.50, 0.00, 0.01, 0.60, 0.99, 0.00, 0.00, 0.00, 1.00, 1.00, 0.00, 1.00, 0.00, 1.00, 0.00, 1.00, 0.00, 0.00, 0.00, 1.00, 0.00, 0.00, 0.00, 0.00
2709,  0,  90.267,  0.98,  1, 0.03, 0.00, 0.94, 0.00, 0.28, 0.96, 0.00, 0.06, 0.13, 1.58, 0.00, 0.54, 0.00, 0.01, 0.45, 0.91, 0.00, 0.00, 0.00, 1.00, 1.00, 0.00, 1.00, 0.00, 1.00, 0.00, 1.00, 0.00, 0.00, 0.00, 1.00, 0.00, 0.00, 0.00, 0.00
2710,  0,  90.300,  0.98,  1, 0.15, 0.07, 0.86, 0.00, 0.25, 0.66, 0.00, 0.06, 0.10, 1.63, 0.00, 0.52, 0.16, 0.01, 0.55, 0.81, 0.00, 0.00, 0.00, 1.00, 1.00, 0.00, 1.00, 0.00, 1.00, 0.00, 1.00, 0.00, 0.00, 0.00, 1.00, 0.00, 0.00, 0.00, 0.00
2711,  0,  90.333,  0.98,  1, 0.26, 0.16, 0.88, 0.00, 0.26, 0.81, 0.00, 0.07, 0.07, 1.65, 0.00, 0.42, 0.24, 0.00, 0.64, 0.74, 0.00, 0.00, 0.00, 1.00, 1.00, 0.00, 1.00, 0.00, 1.00, 0.00, 1.00, 0.00, 0.00, 0.00, 1.00, 0.00, 0.00, 0.00, 0.00
2712,  0,  90.367,  0.98,  1, 0.23, 0.16, 0.90, 0.00, 0.21, 0.66, 0.00, 0.01, 0.00, 1.42, 0.00, 0.45, 0.30, 0.00, 0.71, 0.72, 0.00, 0.00, 0.00, 1.00, 1.00, 0.00, 1.00, 0.00, 1.00, 0.00, 1.00, 0.00, 0.00, 0.00, 1.00, 0.00, 0.00, 0.00, 0.00
2713,  0,  90.400,  0.98,  1, 0.11, 0.09, 0.92, 0.00, 0.16, 0.71, 0.00, 0.01, 0.00, 1.29, 0.00, 0.52, 0.21, 0.00, 0.53, 0.74, 0.00, 0.00, 0.00, 1.00, 1.00, 0.00, 1.00, 0.00, 1.00, 0.00, 1.00, 0.00, 0.00, 0.00, 1.00, 0.00, 0.00, 0.00, 0.00
2714,  0,  90.433,  0.98,  1, 0.00, 0.00, 1.03, 0.00, 0.11, 0.69, 0.02, 0.00, 0.00, 1.09, 0.00, 0.53, 0.19, 0.00, 0.50, 0.67, 0.00, 0.00, 0.00, 1.00, 1.00, 0.00, 1.00, 0.00, 1.00, 0.00, 1.00, 0.00, 0.00, 0.00, 1.00, 0.00, 0.00, 0.00, 0.00
2715,  0,  90.467,  0.98,  1, 0.00, 0.00, 1.11, 0.00, 0.09, 0.73, 0.02, 0.00, 0.00, 1.11, 0.00, 0.44, 0.18, 0.00, 0.44, 0.53, 0.00, 0.00, 0.00, 1.00, 1.00, 0.00, 1.00, 0.00, 1.00, 0.00, 1.00, 0.00, 0.00, 0.00, 1.00, 0.00, 0.00, 0.00, 0.00
2716,  0,  90.500,  0.98,  1, 0.05, 0.05, 1.23, 0.00, 0.14, 1.08, 0.09, 0.00, 0.00, 1.13, 0.00, 0.30, 0.24, 0.00, 0.40, 0.36, 0.00, 0.00, 0.00, 1.00, 1.00, 0.00, 1.00, 0.00, 1.00, 0.00, 1.00, 0.00, 0.00, 0.00, 1.00, 0.00, 0.00, 0.00, 0.00
2717,  0,  90.533,  0.98,  1, 0.12, 0.05, 1.26, 0.00, 0.17, 1.07, 0.08, 0.00, 0.00, 1.21, 0.00, 0.21, 0.41, 0.00, 0.22, 0.32, 0.00, 0.00, 0.00, 1.00, 1.00, 0.00, 1.00, 0.00, 1.00, 0.00, 1.00, 0.00, 0.00, 0.00, 1.00, 0.00, 0.00, 0.00, 0.00
2718,  0,  90.567,  0.98,  1, 0.12, 0.05, 1.33, 0.00, 0.20, 1.09, 0.09, 0.00, 0.00, 1.19, 0.00, 0.12, 0.41, 0.00, 0.27, 0.42, 0.00, 0.00, 0.00, 1.00, 1.00, 0.00, 1.00, 0.00, 1.00, 0.00, 1.00, 0.00, 0.00, 0.00, 1.00, 0.00, 0.00, 0.00, 0.00
2719,  0,  90.600,  0.98,  1, 0.12, 0.00, 1.36, 0.00, 0.21, 1.09, 0.09, 0.00, 0.00, 1.21, 0.00, 0.11, 0.37, 0.00, 0.26, 0.49, 0.00, 0.00, 0.00, 1.00, 1.00, 0.00, 1.00, 0.00, 1.00, 0.00, 1.00, 0.00, 0.00, 0.00, 1.00, 0.00, 0.00, 0.00, 0.00
2720,  0,  90.633,  0.98,  1, 0.10, 0.00, 1.35, 0.00, 0.25, 1.21, 0.15, 0.00, 0.03, 1.16, 0.00, 0.19, 0.19, 0.00, 0.33, 0.56, 0.00, 0.00, 0.00, 1.00, 1.00, 0.00, 1.00, 0.00, 1.00, 0.00, 1.00, 0.00, 0.00, 0.00, 1.00, 0.00, 0.00, 0.00, 0.00
2721,  0,  90.667,  0.98,  1, 0.15, 0.00, 1.28, 0.00, 0.33, 1.34, 0.16, 0.00, 0.05, 1.24, 0.00, 0.25, 0.25, 0.00, 0.29, 0.47, 0.00, 0.00, 0.00, 1.00, 1.00, 0.00, 1.00, 0.00, 1.00, 0.00, 1.00, 0.00, 0.00, 0.00, 1.00, 0.00, 0.00, 0.00, 0.00
2722,  0,  90.700,  0.98,  1, 0.10, 0.00, 1.15, 0.00, 0.39, 1.37, 0.12, 0.00, 0.06, 1.17, 0.00, 0.27, 0.24, 0.00, 0.27, 0.40, 0.00, 0.00, 0.00, 1.00, 1.00, 0.00, 1.00, 0.00, 1.00, 0.00, 1.00, 0.00, 0.00, 0.00, 1.00, 0.00, 0.00, 0.00, 0.00
2723,  0,  90.733,  0.98,  1, 0.05, 0.00, 1.07, 0.00, 0.42, 1.48, 0.09, 0.00, 0.02, 1.20, 0.00, 0.23, 0.21, 0.00, 0.19, 0.33, 0.00, 0.00, 0.00, 1.00, 1.00, 0.00, 1.00, 0.00, 1.00, 0.00, 1.00, 0.00, 0.00, 0.00, 1.00, 0.00, 0.00, 0.00, 0.00
2724,  0,  90.767,  0.98,  1, 0.07, 0.00, 1.04, 0.00, 0.39, 1.48, 0.23, 0.00, 0.01, 1.17, 0.00, 0.28, 0.11, 0.00, 0.17, 0.36, 0.00, 0.00, 0.00, 1.00, 1.00, 0.00, 1.00, 0.00, 1.00, 0.00, 1.00, 0.00, 0.00, 0.00, 1.00, 0.00, 0.00, 0.00, 0.00
2725,  0,  90.800,  0.98,  1, 0.13, 0.00, 1.06, 0.00, 0.36, 1.23, 0.31, 0.00, 0.00, 1.20, 0.00, 0.38, 0.04, 0.00, 0.23, 0.51, 0.00, 0.00, 0.00, 1.00, 1.00, 0.00, 1.00, 0.00, 1.00, 0.00, 1.00, 0.00, 0.00, 0.00, 1.00, 0.00, 0.00, 0.00, 0.00
2726,  0,  90.833,  0.98,  1, 0.26, 0.00, 1.19, 0.00, 0.29, 1.07, 0.32, 0.00, 0.02, 1.19, 0.00, 0.46, 0.00, 0.00, 0.23, 0.54, 0.00, 0.00, 0.00, 1.00, 1.00, 0.00, 1.00, 0.00, 1.00, 0.00, 1.00, 0.00, 0.00, 0.00, 1.00, 0.00, 0.00, 0.00, 0.00
2727,  0,  90.867,  0.98,  1, 0.36, 0.00, 1.21, 0.00, 0.24, 1.02, 0.24, 0.00, 0.02, 1.16, 0.00, 0.47, 0.05, 0.00, 0.18, 0.44, 0.00, 0.00, 0.00, 1.00, 1.00, 0.00, 1.00, 0.00, 1.00, 0.00, 1.00, 0.00, 0.00, 0.00, 1.00, 0.00, 0.00, 0.00, 0.00
2728,  0,  90.900,  0.98,  1, 0.47, 0.06, 1.19, 0.00, 0.17, 1.07, 0.13, 0.00, 0.02, 1.22, 0.00, 0.42, 0.10, 0.00, 0.10, 0.35, 0.00, 0.00, 0.00, 1.00, 1.00, 0.00, 1.00, 0.00, 1.00, 0.00, 1.00, 0.00, 0.00, 0.00, 1.00, 0.00, 0.00, 0.00, 0.00
2729,  0,  90.933,  0.98,  1, 0.48, 0.17, 1.07, 0.00, 0.13, 1.02, 0.07, 0.00, 0.03, 1.36, 0.00, 0.43, 0.10, 0.00, 0.10, 0.40, 0.00, 0.00, 0.00, 1.00, 1.00, 0.00, 1.00, 0.00, 1.00, 0.00, 1.00, 0.00, 0.00, 0.00, 1.00, 0.00, 0.00, 0.00, 0.00
2730,  0,  90.967,  0.98,  1, 0.43, 0.30, 1.09, 0.00, 0.14, 0.96, 0.00, 0.00, 0.03, 1.51, 0.00, 0.50, 0.04, 0.00, 0.07, 0.48, 0.00, 0.00, 0.00, 1.00, 1.00, 0.00, 1.00, 0.00, 1.00, 0.00, 1.00, 0.00, 0.00, 0.00, 1.00, 0.00, 0.00, 0.00, 0.00
2731,  0,  91.000,  0.98,  1, 0.39, 0.41, 1.07, 0.00, 0.14, 1.00, 0.00, 0.00, 0.02, 1.61, 0.00, 0.58, 0.00, 0.00, 0.03, 0.53, 0.00, 0.00, 1.00, 1.00, 1.00, 0.00, 1.00, 0.00, 1.00, 0.00, 1.00, 0.00, 0.00, 0.00, 1.00, 0.00, 0.00, 0.00, 0.00
2732,  0,  91.033,  0.98,  1, 0.43, 0.51, 1.18, 0.00, 0.15, 1.00, 0.00, 0.00, 0.05, 1.62, 0.00, 0.61, 0.00, 0.00, 0.09, 0.43, 0.00, 0.00, 1.00, 1.00, 1.00, 0.00, 1.00, 0.00, 0.00, 0.00, 1.00, 0.00, 0.00, 0.00, 1.00, 0.00, 0.00, 0.00, 0.00
2733,  0,  91.067,  0.98,  1, 0.39, 0.54, 1.27, 0.00, 0.18, 1.03, 0.03, 0.00, 0.08, 1.65, 0.00, 0.61, 0.00, 0.00, 0.09, 0.44, 0.00, 0.00, 1.00, 1.00, 1.00, 0.00, 1.00, 0.00, 0.00, 0.00, 1.00, 0.00, 0.00, 0.00, 1.00, 0.00, 0.00, 0.00, 0.00
2734,  0,  91.100,  0.98,  1, 0.29, 0.58, 1.40, 0.00, 0.18, 0.96, 0.05, 0.00, 0.08, 1.60, 0.00, 0.57, 0.00, 0.00, 0.08, 0.32, 0.00, 0.00, 1.00, 1.00, 1.00, 0.00, 1.00, 0.00, 0.00, 0.00, 1.00, 0.00, 0.00, 0.00, 1.00, 0.00, 0.00, 0.00, 0.00
2735,  0,  91.133,  0.98,  1, 0.17, 0.49, 1.45, 0.00, 0.18, 1.01, 0.09, 0.00, 0.04, 1.47, 0.02, 0.59, 0.00, 0.00, 0.00, 0.35, 0.00, 0.00, 1.00, 1.00, 0.00, 0.00, 1.00, 0.00, 0.00, 0.00, 1.00, 0.00, 0.00, 0.00, 1.00, 0.00, 0.00, 0.00, 0.00
2736,  0,  91.167,  0.98,  1, 0.08, 0.33, 1.29, 0.00, 0.18, 1.16, 0.09, 0.00, 0.00, 1.47, 0.02, 0.60, 0.00, 0.00, 0.06, 0.33, 0.00, 0.00, 1.00, 1.00, 1.00, 0.00, 1.00, 0.00, 1.00, 0.00, 1.00, 0.00, 0.00, 0.00, 1.00, 0.00, 0.00, 0.00, 0.00
2737,  0,  91.200,  0.98,  1, 0.06, 0.11, 1.20, 0.00, 0.20, 1.16, 0.09, 0.01, 0.03, 1.45, 0.02, 0.64, 0.00, 0.00, 0.14, 0.36, 0.00, 0.00, 1.00, 1.00, 1.00, 0.00, 1.00, 0.00, 1.00, 0.00, 1.00, 0.00, 0.00, 0.00, 1.00, 0.00, 0.00, 0.00, 0.00
2738,  0,  91.233,  0.98,  1, 0.05, 0.00, 1.13, 0.00, 0.19, 1.10, 0.06, 0.02, 0.03, 1.47, 0.00, 0.61, 0.00, 0.00, 0.22, 0.24, 0.01, 0.00, 1.00, 1.00, 1.00, 0.00, 1.00, 0.00, 0.00, 0.00, 1.00, 0.00, 0.00, 0.00, 1.00, 0.00, 0.00, 0.00, 0.00
2739,  0,  91.267,  0.98,  1, 0.06, 0.00, 1.25, 0.00, 0.13, 0.98, 0.04, 0.02, 0.04, 1.43, 0.00, 0.61, 0.00, 0.00, 0.25, 0.22, 0.08, 0.00, 1.00, 1.00, 1.00, 0.00, 1.00, 0.00, 1.00, 0.00, 1.00, 0.00, 0.00, 0.00, 1.00, 0.00, 0.00, 0.00, 0.00
2740,  0,  91.300,  0.98,  1, 0.09, 0.00, 1.35, 0.00, 0.06, 0.99, 0.02, 0.01, 0.01, 1.46, 0.00, 0.65, 0.00, 0.00, 0.18, 0.24, 0.08, 0.00, 1.00, 1.00, 1.00, 0.00, 1.00, 0.00, 1.00, 0.00, 1.00, 0.00, 0.00, 0.00, 1.00, 0.00, 0.00, 0.00, 0.00
2741,  0,  91.333,  0.98,  1, 0.11, 0.08, 1.40, 0.00, 0.03, 1.08, 0.03, 0.00, 0.00, 1.58, 0.00, 0.69, 0.00, 0.00, 0.12, 0.31, 0.06, 0.00, 1.00, 1.00, 1.00, 0.00, 1.00, 0.00, 1.00, 0.00, 1.00, 0.00, 0.00, 0.00, 1.00, 0.00, 0.00, 0.00, 0.00
2742,  0,  91.367,  0.98,  1, 0.16, 0.17, 1.40, 0.00, 0.01, 1.07, 0.02, 0.00, 0.00, 1.52, 0.00, 0.69, 0.00, 0.00, 0.03, 0.27, 0.00, 0.00, 1.00, 1.00, 1.00, 0.00, 1.00, 0.00, 1.00, 0.00, 1.00, 0.00, 0.00, 0.00, 1.00, 0.00, 0.00, 0.00, 0.00
2743,  0,  91.400,  0.98,  1, 0.24, 0.25, 1.42, 0.00, 0.01, 0.96, 0.02, 0.00, 0.00, 1.44, 0.00, 0.53, 0.00, 0.00, 0.08, 0.23, 0.00, 0.00, 1.00, 1.00, 1.00, 0.00, 1.00, 0.00, 1.00, 0.00, 1.00, 0.00, 0.00, 0.00, 1.00, 0.00, 0.00, 0.00, 0.00
2744,  0,  91.433,  0.98,  1, 0.23, 0.17, 1.40, 0.00, 0.06, 0.92, 0.00, 0.00, 0.00, 1.33, 0.00, 0.44, 0.00, 0.00, 0.06, 0.23, 0.00, 0.00, 1.00, 1.00, 1.00, 0.00, 1.00, 0.00, 1.00, 0.00, 1.00, 0.00, 0.00, 0.00, 1.00, 0.00, 0.00, 0.00, 0.00
2745,  0,  91.467,  0.98,  1, 0.28, 0.17, 1.49, 0.00, 0.09, 1.00, 0.00, 0.00, 0.00, 1.40, 0.00, 0.36, 0.00, 0.00, 0.05, 0.26, 0.28, 0.00, 1.00, 1.00, 1.00, 0.00, 1.00, 0.00, 1.00, 0.00, 1.00, 0.00, 0.00, 0.00, 1.00, 0.00, 0.00, 0.00, 0.00
2746,  0,  91.500,  0.98,  1, 0.18, 0.09, 1.52, 0.00, 0.14, 1.13, 0.00, 0.00, 0.00, 1.49, 0.00, 0.43, 0.00, 0.00, 0.00, 0.27, 0.77, 0.00, 1.00, 1.00, 0.00, 0.00, 1.00, 0.00, 1.00, 0.00, 1.00, 0.00, 0.00, 0.00, 1.00, 0.00, 0.00, 0.00, 1.00
2747,  0,  91.533,  0.98,  1, 0.11, 0.09, 1.55, 0.00, 0.15, 1.08, 0.00, 0.00, 0.00, 1.42, 0.00, 0.40, 0.00, 0.00, 0.00, 0.22, 1.27, 0.00, 1.00, 1.00, 0.00, 0.00, 1.00, 0.00, 1.00, 0.00, 1.00, 0.00, 0.00, 0.00, 1.00, 0.00, 0.00, 0.00, 1.00
2748,  0,  91.567,  0.98,  1, 0.11, 0.02, 1.46, 0.00, 0.27, 1.12, 0.03, 0.02, 0.03, 1.46, 0.00, 0.53, 0.00, 0.00, 0.02, 0.22, 1.05, 0.00, 1.00, 1.00, 0.00, 0.00, 1.00, 0.00, 1.00, 0.00, 1.00, 0.00, 0.00, 0.00, 1.00, 0.00, 0.00, 0.00, 1.00
2749,  0,  91.600,  0.98,  1, 0.15, 0.08, 1.36, 0.00, 0.38, 1.18, 0.03, 0.04, 0.08, 1.46, 0.00, 0.62, 0.00, 0.00, 0.02, 0.26, 0.56, 0.00, 1.00, 1.00, 0.00, 0.00, 1.00, 0.00, 1.00, 0.00, 1.00, 0.00, 0.00, 0.00, 1.00, 0.00, 0.00, 0.00, 1.00
2750,  0,  91.633,  0.98,  1, 0.22, 0.20, 1.31, 0.00, 0.39, 1.24, 0.03, 0.07, 0.12, 1.53, 0.05, 0.73, 0.00, 0.00, 0.02, 0.31, 0.05, 0.00, 1.00, 1.00, 0.00, 0.00, 1.00, 0.00, 0.00, 0.00, 1.00, 0.00, 0.00, 0.00, 1.00, 0.00, 0.00, 0.00, 0.00
2751,  0,  91.667,  0.98,  1, 0.14, 0.25, 1.28, 0.00, 0.29, 1.17, 0.00, 0.05, 0.12, 1.53, 0.06, 0.67, 0.00, 0.00, 0.00, 0.26, 0.00, 0.00, 1.00, 1.00, 0.00, 0.00, 1.00, 0.00, 0.00, 0.00, 1.00, 0.00, 0.00, 0.00, 1.00, 0.00, 0.00, 0.00, 0.00
2752,  0,  91.700,  0.98,  1, 0.20, 0.30, 1.28, 0.00, 0.15, 1.25, 0.00, 0.03, 0.07, 1.46, 0.06, 0.65, 0.03, 0.00, 0.00, 0.20, 0.00, 0.00, 1.00, 1.00, 0.00, 0.00, 1.00, 0.00, 0.00, 0.00, 1.00, 0.00, 0.00, 0.00, 1.00, 0.00, 0.00, 0.00, 0.00
2753,  0,  91.733,  0.98,  1, 0.23, 0.34, 1.26, 0.00, 0.11, 1.46, 0.00, 0.00, 0.04, 1.42, 0.01, 0.69, 0.03, 0.00, 0.00, 0.19, 0.00, 0.00, 1.00, 1.00, 0.00, 0.00, 1.00, 0.00, 0.00, 0.00, 1.00, 0.00, 0.00, 0.00, 1.00, 0.00, 0.00, 0.00, 0.00
2754,  0,  91.767,  0.98,  1, 0.22, 0.42, 1.31, 0.00, 0.05, 1.58, 0.00, 0.00, 0.01, 1.38, 0.00, 0.68, 0.03, 0.00, 0.00, 0.21, 0.00, 0.00, 1.00, 1.00, 0.00, 0.00, 1.00, 0.00, 0.00, 0.00, 1.00, 0.00, 0.00, 0.00, 1.00, 0.00, 0.00, 0.00, 0.00
2755,  0,  91.800,  0.98,  1, 0.17, 0.43, 1.32, 0.00, 0.04, 1.48, 0.00, 0.00, 0.01, 1.37, 0.00, 0.65, 0.01, 0.00, 0.03, 0.24, 0.00, 0.00, 1.00, 1.00, 0.00, 0.00, 1.00, 0.00, 0.00, 0.00, 1.00, 0.00, 0.00, 0.00, 1.00, 0.00, 0.00, 0.00, 0.00
2756,  0,  91.833,  0.98,  1, 0.11, 0.30, 1.19, 0.00, 0.00, 1.33, 0.00, 0.00, 0.00, 1.37, 0.00, 0.52, 0.01, 0.00, 0.03, 0.21, 0.00, 0.00, 1.00, 1.00, 0.00, 0.00, 1.00, 0.00, 0.00, 0.00, 1.00, 0.00, 0.00, 0.00, 1.00, 0.00, 0.00, 0.00, 0.00
2757,  0,  91.867,  0.98,  1, 0.15, 0.25, 1.10, 0.00, 0.00, 1.30, 0.00, 0.00, 0.00, 1.26, 0.00, 0.46, 0.01, 0.00, 0.03, 0.22, 0.00, 0.00, 1.00, 1.00, 0.00, 0.00, 1.00, 0.00, 0.00, 0.00, 1.00, 0.00, 0.00, 0.00, 1.00, 0.00, 0.00, 0.00, 0.00
2758,  0,  91.900,  0.98,  1, 0.13, 0.13, 1.00, 0.00, 0.00, 1.27, 0.00, 0.00, 0.00, 1.26, 0.00, 0.54, 0.01, 0.00, 0.00, 0.16, 0.00, 0.00, 1.00, 1.00, 0.00, 0.00, 1.00, 0.00, 0.00, 0.00, 1.00, 0.00, 0.00, 0.00, 1.00, 0.00, 0.00, 0.00, 0.00
2759,  0,  91.933,  0.98,  1, 0.19, 0.18, 1.08, 0.00, 0.00, 1.19, 0.00, 0.00, 0.00, 1.33, 0.00, 0.62, 0.00, 0.00, 0.00, 0.11, 0.00, 0.00, 1.00, 1.00, 0.00, 0.00, 1.00, 0.00, 0.00, 0.00, 1.00, 0.00, 0.00, 0.00, 1.00, 0.00, 0.00, 0.00, 0.00
2760,  0,  91.967,  0.98,  1, 0.14, 0.21, 0.99, 0.00, 0.01, 1.00, 0.00, 0.00, 0.00, 1.39, 0.00, 0.82, 0.00, 0.00, 0.00, 0.11, 0.00, 0.00, 1.00, 1.00, 0.00, 0.00, 1.00, 0.00, 0.00, 0.00, 1.00, 0.00, 0.00, 0.00, 1.00, 0.00, 0.00, 0.00, 0.00
2761,  0,  92.000,  0.98,  1, 0.21, 0.40, 0.95, 0.00, 0.01, 0.93, 0.00, 0.00, 0.00, 1.40, 0.00, 0.82, 0.00, 0.00, 0.00, 0.17, 0.00, 0.00, 1.00, 1.00, 1.00, 0.00, 1.00, 0.00, 0.00, 0.00, 1.00, 0.00, 0.00, 0.00, 1.00, 0.00, 0.00, 0.00, 0.00
2762,  0,  92.033,  0.98,  1, 0.21, 0.38, 0.91, 0.00, 0.01, 0.91, 0.00, 0.00, 0.00, 1.34, 0.00, 0.96, 0.00, 0.00, 0.00, 0.22, 0.00, 0.00, 1.00, 1.00, 1.00, 0.00, 1.00, 0.00, 0.00, 0.00, 1.00, 0.00, 1.00, 0.00, 1.00, 0.00, 0.00, 0.00, 0.00
2763,  0,  92.067,  0.98,  1, 0.25, 0.30, 0.94, 0.00, 0.00, 1.07, 0.00, 0.00, 0.00, 1.31, 0.00, 0.94, 0.00, 0.00, 0.00, 0.21, 0.00, 0.00, 1.00, 1.00, 1.00, 0.00, 1.00, 0.00, 0.00, 0.00, 1.00, 0.00, 1.00, 0.00, 1.00, 0.00, 0.00, 0.00, 0.00
2764,  0,  92.100,  0.98,  1, 0.16, 0.21, 0.97, 0.00, 0.00, 1.15, 0.00, 0.00, 0.00, 1.29, 0.00, 1.03, 0.00, 0.00, 0.00, 0.26, 0.00, 0.00, 1.00, 1.00, 1.00, 0.00, 1.00, 0.00, 0.00, 0.00, 1.00, 0.00, 1.00, 0.00, 1.00, 0.00, 0.00, 0.00, 0.00
2765,  0,  92.133,  0.98,  1, 0.08, 0.25, 0.98, 0.00, 0.01, 1.19, 0.00, 0.00, 0.00, 1.30, 0.00, 0.97, 0.00, 0.00, 0.03, 0.30, 0.00, 0.00, 1.00, 1.00, 1.00, 0.00, 1.00, 0.00, 0.00, 0.00, 1.00, 0.00, 1.00, 0.00, 1.00, 0.00, 0.00, 0.00, 0.00
2766,  0,  92.167,  0.98,  1, 0.09, 0.21, 1.03, 0.00, 0.10, 1.12, 0.00, 0.00, 0.01, 1.34, 0.00, 0.95, 0.00, 0.00, 0.09, 0.22, 0.35, 0.00, 1.00, 1.00, 1.00, 0.00, 1.00, 0.00, 0.00, 0.00, 1.00, 0.00, 1.00, 0.00, 1.00, 0.00, 0.00, 0.00, 0.00
2767,  0,  92.200,  0.98,  1, 0.11, 0.12, 1.20, 0.00, 0.17, 1.10, 0.00, 0.00, 0.01, 1.36, 0.00, 0.91, 0.00, 0.00, 0.14, 0.11, 0.97, 0.00, 1.00, 1.00, 0.00, 0.00, 1.00, 0.00, 0.00, 0.00, 1.00, 0.00, 1.00, 0.00, 1.00, 0.00, 0.00, 0.00, 1.00
2768,  0,  92.233,  0.98,  1, 0.12, 0.00, 1.38, 0.00, 0.22, 1.21, 0.00, 0.00, 0.01, 1.38, 0.00, 0.84, 0.00, 0.00, 0.13, 0.03, 1.69, 0.00, 1.00, 1.00, 0.00, 0.00, 1.00, 0.00, 0.00, 0.00, 1.00, 0.00, 1.00, 0.00, 1.00, 0.00, 0.00, 0.00, 1.00
2769,  0,  92.267,  0.98,  1, 0.14, 0.00, 1.59, 0.00, 0.23, 1.46, 0.00, 0.00, 0.00, 1.36, 0.00, 0.82, 0.00, 0.00, 0.10, 0.00, 1.73, 0.00, 1.00, 1.00, 0.00, 0.00, 1.00, 0.00, 0.00, 0.00, 1.00, 0.00, 1.00, 0.00, 1.00, 0.00, 0.00, 0.00, 1.00
2770,  0,  92.300,  0.98,  1, 0.12, 0.00, 1.57, 0.00, 0.23, 1.67, 0.00, 0.00, 0.00, 1.34, 0.00, 0.80, 0.00, 0.00, 0.04, 0.04, 1.37, 0.00, 1.00, 1.00, 0.00, 0.00, 1.00, 0.00, 0.00, 0.00, 1.00, 0.00, 1.00, 0.00, 1.00, 0.00, 0.00, 0.00, 1.00
2771,  0,  92.333,  0.98,  1, 0.10, 0.00, 1.57, 0.00, 0.19, 1.86, 0.00, 0.00, 0.00, 1.29, 0.00, 0.88, 0.00, 0.00, 0.02, 0.10, 0.66, 0.00, 1.00, 1.00, 0.00, 0.00, 1.00, 0.00, 0.00, 0.00, 1.00, 0.00, 1.00, 0.00, 1.00, 0.00, 0.00, 0.00, 0.00
2772,  0,  92.367,  0.98,  1, 0.02, 0.00, 1.38, 0.00, 0.08, 1.70, 0.00, 0.00, 0.00, 1.18, 0.00, 0.78, 0.00, 0.00, 0.00, 0.10, 0.27, 0.00, 0.00, 1.00, 0.00, 0.00, 1.00, 0.00, 1.00, 0.00, 1.00, 0.00, 0.00, 0.00, 1.00, 0.00, 0.00, 0.00, 0.00
2773,  0,  92.400,  0.98,  1, 0.01, 0.00, 1.33, 0.00, 0.01, 1.62, 0.00, 0.00, 0.00, 1.14, 0.00, 0.63, 0.00, 0.00, 0.00, 0.07, 0.00, 0.00, 1.00, 1.00, 0.00, 0.00, 1.00, 0.00, 1.00, 0.00, 1.00, 0.00, 0.00, 0.00, 1.00, 0.00, 0.00, 0.00, 0.00
2774,  0,  92.433,  0.98,  1, 0.00, 0.00, 1.24, 0.00, 0.03, 1.37, 0.00, 0.00, 0.00, 1.16, 0.00, 0.44, 0.00, 0.00, 0.01, 0.12, 0.00, 0.00, 1.00, 1.00, 1.00, 0.00, 1.00, 0.00, 1.00, 0.00, 1.00, 0.00, 0.00, 0.00, 1.00, 0.00, 0.00, 0.00, 0.00
2775,  0,  92.467,  0.98,  1, 0.00, 0.00, 1.19, 0.00, 0.06, 1.37, 0.00, 0.00, 0.00, 1.19, 0.00, 0.41, 0.00, 0.00, 0.06, 0.23, 0.00, 0.00, 1.00, 1.00, 1.00, 0.00, 1.00, 0.00, 1.00, 0.00, 1.00, 0.00, 0.00, 0.00, 1.00, 0.00, 0.00, 0.00, 0.00
2776,  0,  92.500,  0.98,  1, 0.00, 0.00, 1.21, 0.00, 0.13, 1.40, 0.00, 0.00, 0.00, 1.12, 0.00, 0.38, 0.00, 0.00, 0.06, 0.25, 0.00, 0.00, 1.00, 1.00, 1.00, 0.00, 1.00, 0.00, 1.00, 0.00, 1.00, 0.00, 0.00, 0.00, 1.00, 0.00, 0.00, 0.00, 0.00
2777,  0,  92.533,  0.98,  1, 0.05, 0.00, 1.17, 0.00, 0.15, 1.48, 0.00, 0.00, 0.00, 1.04, 0.00, 0.39, 0.00, 0.00, 0.05, 0.19, 0.00, 0.00, 1.00, 1.00, 1.00, 0.00, 1.00, 0.00, 1.00, 0.00, 1.00, 0.00, 0.00, 0.00, 1.00, 0.00, 0.00, 0.00, 0.00
2778,  0,  92.567,  0.98,  1, 0.05, 0.00, 1.23, 0.00, 0.16, 1.46, 0.00, 0.00, 0.00, 1.07, 0.00, 0.40, 0.00, 0.00, 0.00, 0.22, 0.00, 0.00, 1.00, 1.00, 1.00, 0.00, 1.00, 0.00, 1.00, 0.00, 1.00, 0.00, 0.00, 0.00, 1.00, 0.00, 0.00, 0.00, 0.00
2779,  0,  92.600,  0.98,  1, 0.06, 0.00, 1.23, 0.00, 0.09, 1.38, 0.00, 0.00, 0.00, 1.17, 0.00, 0.40, 0.00, 0.00, 0.03, 0.36, 0.00, 0.00, 1.00, 1.00, 1.00, 0.00, 1.00, 0.00, 0.00, 0.00, 1.00, 0.00, 0.00, 0.00, 1.00, 0.00, 0.00, 0.00, 0.00
2780,  0,  92.633,  0.98,  1, 0.01, 0.00, 1.22, 0.00, 0.04, 1.38, 0.00, 0.00, 0.00, 1.18, 0.00, 0.40, 0.00, 0.00, 0.04, 0.45, 0.00, 0.00, 1.00, 1.00, 1.00, 0.00, 1.00, 0.00, 0.00, 0.00, 1.00, 0.00, 0.00, 0.00, 1.00, 0.00, 0.00, 0.00, 0.00
2781,  0,  92.667,  0.98,  1, 0.01, 0.00, 1.21, 0.00, 0.00, 1.41, 0.00, 0.00, 0.00, 1.12, 0.00, 0.38, 0.00, 0.00, 0.05, 0.45, 0.00, 0.00, 1.00, 1.00, 1.00, 0.00, 1.00, 0.00, 0.00, 0.00, 1.00, 0.00, 0.00, 0.00, 1.00, 0.00, 0.00, 0.00, 0.00
2782,  0,  92.700,  0.98,  1, 0.00, 0.00, 1.20, 0.00, 0.04, 1.40, 0.00, 0.00, 0.00, 1.14, 0.00, 0.50, 0.00, 0.00, 0.02, 0.38, 0.00, 0.00, 1.00, 1.00, 1.00, 0.00, 1.00, 0.00, 0.00, 0.00, 1.00, 0.00, 0.00, 0.00, 1.00, 0.00, 0.00, 0.00, 0.00
2783,  0,  92.733,  0.98,  1, 0.02, 0.00, 1.24, 0.00, 0.07, 1.35, 0.00, 0.00, 0.00, 1.13, 0.00, 0.64, 0.00, 0.00, 0.01, 0.32, 0.00, 0.00, 1.00, 1.00, 1.00, 0.00, 1.00, 0.00, 0.00, 0.00, 1.00, 0.00, 1.00, 0.00, 1.00, 0.00, 0.00, 0.00, 0.00
2784,  0,  92.767,  0.98,  1, 0.06, 0.04, 1.33, 0.00, 0.07, 1.26, 0.06, 0.00, 0.00, 1.41, 0.00, 0.74, 0.01, 0.00, 0.00, 0.21, 0.00, 0.00, 1.00, 1.00, 1.00, 0.00, 1.00, 0.00, 1.00, 0.00, 1.00, 0.00, 1.00, 0.00, 1.00, 0.00, 0.00, 0.00, 0.00
2785,  0,  92.800,  0.98,  1, 0.09, 0.10, 1.43, 0.00, 0.03, 1.24, 0.11, 0.00, 0.00, 1.57, 0.00, 0.71, 0.01, 0.00, 0.00, 0.11, 0.00, 0.00, 1.00, 1.00, 1.00, 0.00, 1.00, 0.00, 1.00, 0.00, 1.00, 0.00, 1.00, 0.00, 1.00, 0.00, 0.00, 0.00, 0.00
2786,  0,  92.833,  0.98,  1, 0.08, 0.10, 1.52, 0.00, 0.00, 1.13, 0.12, 0.00, 0.00, 1.75, 0.00, 0.60, 0.01, 0.00, 0.00, 0.04, 0.00, 0.00, 1.00, 1.00, 1.00, 0.00, 1.00, 0.00, 1.00, 0.00, 1.00, 0.00, 1.00, 0.00, 1.00, 0.00, 0.00, 0.00, 0.00
2787,  0,  92.867,  0.98,  1, 0.04, 0.07, 1.42, 0.00, 0.00, 1.16, 0.07, 0.00, 0.00, 1.72, 0.00, 0.50, 0.00, 0.00, 0.00, 0.01, 0.00, 0.00, 1.00, 1.00, 0.00, 0.00, 1.00, 0.00, 1.00, 0.00, 1.00, 0.00, 1.00, 0.00, 1.00, 0.00, 0.00, 0.00, 0.00
2788,  0,  92.900,  0.98,  1, 0.00, 0.00, 1.33, 0.00, 0.00, 1.08, 0.03, 0.00, 0.00, 1.73, 0.00, 0.51, 0.00, 0.00, 0.00, 0.00, 0.00, 0.00, 1.00, 1.00, 0.00, 0.00, 1.00, 0.00, 1.00, 0.00, 1.00, 0.00, 1.00, 0.00, 1.00, 0.00, 0.00, 0.00, 0.00
2789,  0,  92.933,  0.98,  1, 0.00, 0.00, 1.28, 0.00, 0.00, 1.09, 0.03, 0.00, 0.00, 1.81, 0.00, 0.54, 0.00, 0.00, 0.00, 0.00, 0.00, 0.00, 1.00, 1.00, 0.00, 0.00, 1.00, 0.00, 1.00, 0.00, 1.00, 0.00, 1.00, 0.00, 1.00, 0.00, 0.00, 0.00, 0.00
2790,  0,  92.967,  0.98,  1, 0.00, 0.00, 1.30, 0.00, 0.00, 1.02, 0.04, 0.00, 0.00, 1.67, 0.00, 0.59, 0.00, 0.00, 0.00, 0.00, 0.00, 0.00, 1.00, 1.00, 0.00, 0.00, 1.00, 0.00, 1.00, 0.00, 1.00, 0.00, 1.00, 0.00, 1.00, 0.00, 0.00, 0.00, 0.00
2791,  0,  93.000,  0.98,  1, 0.04, 0.00, 1.37, 0.00, 0.00, 1.01, 0.06, 0.00, 0.00, 1.58, 0.00, 0.54, 0.00, 0.00, 0.00, 0.00, 0.00, 0.00, 1.00, 1.00, 0.00, 0.00, 1.00, 0.00, 1.00, 0.00, 1.00, 0.00, 1.00, 0.00, 1.00, 0.00, 0.00, 0.00, 0.00
2792,  0,  93.033,  0.98,  1, 0.04, 0.00, 1.35, 0.00, 0.00, 1.03, 0.04, 0.00, 0.00, 1.44, 0.00, 0.45, 0.00, 0.00, 0.00, 0.00, 0.00, 0.00, 1.00, 1.00, 0.00, 0.00, 1.00, 0.00, 1.00, 0.00, 1.00, 1.00, 0.00, 0.00, 1.00, 0.00, 0.00, 0.00, 0.00
2793,  0,  93.067,  0.98,  1, 0.06, 0.04, 1.30, 0.00, 0.00, 1.06, 0.02, 0.00, 0.00, 1.51, 0.00, 0.39, 0.00, 0.00, 0.00, 0.00, 0.00, 0.00, 1.00, 1.00, 0.00, 0.00, 1.00, 0.00, 1.00, 0.00, 1.00, 1.00, 0.00, 0.00, 1.00, 0.00, 0.00, 0.00, 0.00
2794,  0,  93.100,  0.98,  1, 0.03, 0.04, 1.22, 0.00, 0.00, 1.09, 0.00, 0.00, 0.00, 1.49, 0.00, 0.41, 0.00, 0.00, 0.00, 0.00, 0.00, 0.00, 1.00, 1.00, 0.00, 0.00, 1.00, 0.00, 1.00, 0.00, 1.00, 0.00, 0.00, 0.00, 1.00, 0.00, 0.00, 0.00, 0.00
2795,  0,  93.133,  0.98,  1, 0.03, 0.04, 1.21, 0.00, 0.00, 1.04, 0.00, 0.00, 0.00, 1.48, 0.00, 0.44, 0.00, 0.00, 0.00, 0.07, 0.00, 0.00, 1.00, 1.00, 1.00, 0.00, 1.00, 0.00, 1.00, 0.00, 1.00, 0.00, 0.00, 0.00, 1.00, 0.00, 0.00, 0.00, 0.00
2796,  0,  93.167,  0.98,  1, 0.02, 0.00, 1.29, 0.00, 0.05, 1.18, 0.00, 0.00, 0.00, 1.47, 0.00, 0.59, 0.00, 0.00, 0.00, 0.19, 0.00, 0.00, 1.00, 1.00, 1.00, 0.00, 1.00, 0.00, 1.00, 0.00, 1.00, 0.00, 0.00, 0.00, 1.00, 0.00, 0.00, 0.00, 0.00
2797,  0,  93.200,  0.98,  1, 0.00, 0.00, 1.33, 0.00, 0.13, 1.30, 0.00, 0.00, 0.00, 1.52, 0.00, 0.66, 0.00, 0.00, 0.00, 0.30, 0.00, 0.00, 1.00, 1.00, 1.00, 0.00, 1.00, 0.00, 1.00, 0.00, 1.00, 0.00, 1.00, 0.00, 1.00, 0.00, 0.00, 0.00, 0.00
2798,  0,  93.233,  0.98,  1, 0.00, 0.00, 1.35, 0.00, 0.22, 1.45, 0.00, 0.00, 0.00, 1.63, 0.00, 0.82, 0.00, 0.00, 0.00, 0.38, 0.00, 0.00, 1.00, 1.00, 1.00, 0.00, 1.00, 0.00, 1.00, 0.00, 1.00, 0.00, 1.00, 0.00, 1.00, 0.00, 0.00, 0.00, 0.00
2799,  0,  93.267,  0.98,  1, 0.00, 0.00, 1.33, 0.00, 0.23, 1.25, 0.00, 0.00, 0.00, 1.69, 0.00, 0.86, 0.00, 0.00, 0.00, 0.36, 0.00, 0.00, 1.00, 1.00, 1.00, 0.00, 1.00, 0.00, 1.00, 0.00, 1.00, 0.00, 1.00, 0.00, 1.00, 0.00, 0.00, 0.00, 0.00
2800,  0,  93.300,  0.98,  1, 0.00, 0.00, 1.36, 0.00, 0.22, 1.19, 0.00, 0.00, 0.00, 1.63, 0.00, 0.91, 0.00, 0.00, 0.00, 0.36, 0.00, 0.00, 1.00, 1.00, 1.00, 0.00, 1.00, 0.00, 1.00, 0.00, 1.00, 0.00, 1.00, 0.00, 1.00, 0.00, 0.00, 0.00, 0.00
2801,  0,  93.333,  0.98,  1, 0.00, 0.00, 1.39, 0.00, 0.20, 1.14, 0.00, 0.00, 0.00, 1.63, 0.00, 0.90, 0.00, 0.00, 0.00, 0.31, 0.00, 0.00, 1.00, 1.00, 1.00, 0.00, 1.00, 0.00, 1.00, 0.00, 1.00, 0.00, 1.00, 0.00, 1.00, 0.00, 0.00, 0.00, 0.00
2802,  0,  93.367,  0.98,  1, 0.01, 0.00, 1.41, 0.00, 0.20, 1.23, 0.00, 0.00, 0.00, 1.64, 0.00, 0.88, 0.00, 0.00, 0.00, 0.30, 0.00, 0.00, 1.00, 1.00, 1.00, 0.00, 1.00, 0.00, 1.00, 0.00, 1.00, 0.00, 1.00, 0.00, 1.00, 0.00, 0.00, 0.00, 0.00
2803,  0,  93.400,  0.98,  1, 0.02, 0.00, 1.37, 0.00, 0.22, 1.36, 0.03, 0.06, 0.00, 1.65, 0.00, 0.89, 0.00, 0.00, 0.00, 0.31, 0.00, 0.00, 1.00, 1.00, 1.00, 0.00, 1.00, 0.00, 1.00, 0.00, 1.00, 0.00, 1.00, 0.00, 1.00, 0.00, 0.00, 0.00, 0.00
2804,  0,  93.433,  0.98,  1, 0.02, 0.00, 1.34, 0.00, 0.21, 1.33, 0.06, 0.10, 0.00, 1.57, 0.00, 0.92, 0.00, 0.00, 0.00, 0.33, 0.00, 0.00, 1.00, 1.00, 1.00, 0.00, 1.00, 0.00, 1.00, 0.00, 1.00, 0.00, 0.00, 0.00, 1.00, 0.00, 0.00, 0.00, 0.00
2805,  0,  93.467,  0.98,  1, 0.05, 0.00, 1.41, 0.00, 0.24, 1.36, 0.12, 0.16, 0.00, 1.63, 0.00, 0.87, 0.00, 0.00, 0.00, 0.28, 0.00, 0.00, 1.00, 1.00, 1.00, 0.00, 1.00, 0.00, 1.00, 0.00, 1.00, 0.00, 0.00, 0.00, 1.00, 0.00, 0.00, 0.00, 0.00
2806,  0,  93.500,  0.98,  1, 0.10, 0.00, 1.42, 0.00, 0.23, 1.25, 0.10, 0.17, 0.00, 1.63, 0.00, 0.77, 0.00, 0.00, 0.00, 0.15, 0.00, 0.00, 1.00, 1.00, 1.00, 0.00, 1.00, 0.00, 1.00, 0.00, 1.00, 0.00, 0.00, 0.00, 1.00, 0.00, 0.00, 0.00, 0.00
2807,  0,  93.533,  0.98,  1, 0.15, 0.00, 1.41, 0.00, 0.31, 1.28, 0.10, 0.20, 0.00, 1.65, 0.00, 0.70, 0.00, 0.00, 0.00, 0.04, 0.00, 0.00, 1.00, 1.00, 1.00, 0.00, 1.00, 0.00, 1.00, 0.00, 1.00, 0.00, 0.00, 0.00, 1.00, 0.00, 0.00, 0.00, 0.00
2808,  0,  93.567,  0.98,  1, 0.19, 0.00, 1.34, 0.00, 0.36, 1.35, 0.11, 0.23, 0.00, 1.53, 0.00, 0.62, 0.00, 0.00, 0.00, 0.06, 0.00, 0.00, 1.00, 1.00, 1.00, 0.00, 1.00, 0.00, 1.00, 0.00, 1.00, 0.00, 0.00, 0.00, 1.00, 0.00, 0.00, 0.00, 0.00
2809,  0,  93.600,  0.98,  1, 0.24, 0.00, 1.32, 0.00, 0.38, 1.25, 0.18, 0.18, 0.00, 1.49, 0.00, 0.55, 0.00, 0.00, 0.00, 0.13, 0.00, 0.00, 1.00, 1.00, 1.00, 0.00, 1.00, 0.00, 1.00, 0.00, 1.00, 0.00, 0.00, 0.00, 1.00, 0.00, 0.00, 0.00, 0.00
2810,  0,  93.633,  0.98,  1, 0.30, 0.00, 1.30, 0.00, 0.36, 1.13, 0.18, 0.14, 0.00, 1.53, 0.00, 0.54, 0.00, 0.00, 0.00, 0.21, 0.00, 0.00, 1.00, 1.00, 1.00, 0.00, 1.00, 0.00, 1.00, 0.00, 1.00, 0.00, 0.00, 0.00, 1.00, 0.00, 0.00, 0.00, 0.00
2811,  0,  93.667,  0.98,  1, 0.35, 0.00, 1.28, 0.00, 0.33, 1.05, 0.17, 0.05, 0.00, 1.62, 0.00, 0.57, 0.00, 0.00, 0.00, 0.22, 0.00, 0.00, 1.00, 1.00, 1.00, 0.00, 1.00, 0.00, 1.00, 0.00, 1.00, 0.00, 0.00, 0.00, 1.00, 0.00, 0.00, 0.00, 0.00
2812,  0,  93.700,  0.98,  1, 0.41, 0.09, 1.18, 0.00, 0.29, 1.06, 0.17, 0.03, 0.00, 1.74, 0.00, 0.55, 0.00, 0.00, 0.00, 0.18, 0.00, 0.00, 1.00, 1.00, 1.00, 0.00, 1.00, 0.00, 1.00, 0.00, 1.00, 0.00, 0.00, 0.00, 1.00, 0.00, 0.00, 0.00, 0.00
2813,  0,  93.733,  0.98,  1, 0.39, 0.09, 1.18, 0.00, 0.29, 1.15, 0.21, 0.00, 0.00, 1.82, 0.01, 0.51, 0.00, 0.00, 0.00, 0.22, 0.00, 0.00, 1.00, 1.00, 1.00, 0.00, 1.00, 0.00, 1.00, 0.00, 1.00, 0.00, 0.00, 0.00, 1.00, 0.00, 0.00, 0.00, 0.00
2814,  0,  93.767,  0.98,  1, 0.34, 0.17, 1.10, 0.00, 0.32, 1.14, 0.22, 0.00, 0.00, 1.77, 0.01, 0.50, 0.00, 0.00, 0.00, 0.20, 0.00, 0.00, 1.00, 1.00, 1.00, 0.00, 1.00, 0.00, 1.00, 0.00, 1.00, 0.00, 0.00, 0.00, 1.00, 0.00, 0.00, 0.00, 0.00
2815,  0,  93.800,  0.98,  1, 0.28, 0.16, 1.07, 0.00, 0.39, 1.24, 0.21, 0.00, 0.00, 1.68, 0.01, 0.49, 0.00, 0.00, 0.00, 0.17, 0.00, 0.00, 1.00, 1.00, 1.00, 0.00, 1.00, 0.00, 1.00, 0.00, 1.00, 0.00, 0.00, 0.00, 1.00, 0.00, 0.00, 0.00, 0.00
2816,  0,  93.833,  0.98,  1, 0.26, 0.15, 0.98, 0.00, 0.39, 1.27, 0.18, 0.00, 0.00, 1.63, 0.00, 0.49, 0.00, 0.00, 0.00, 0.11, 0.00, 0.00, 1.00, 1.00, 1.00, 0.00, 1.00, 0.00, 1.00, 0.00, 1.00, 0.00, 0.00, 0.00, 1.00, 0.00, 0.00, 0.00, 0.00
2817,  0,  93.867,  0.98,  1, 0.29, 0.20, 1.00, 0.00, 0.33, 1.24, 0.11, 0.01, 0.00, 1.72, 0.00, 0.51, 0.00, 0.00, 0.00, 0.09, 0.00, 0.00, 1.00, 1.00, 1.00, 0.00, 1.00, 0.00, 1.00, 0.00, 1.00, 0.00, 0.00, 0.00, 1.00, 0.00, 0.00, 0.00, 0.00
2818,  0,  93.900,  0.98,  1, 0.31, 0.12, 1.10, 0.00, 0.29, 0.98, 0.15, 0.01, 0.00, 1.67, 0.14, 0.55, 0.00, 0.00, 0.00, 0.19, 0.00, 0.00, 1.00, 1.00, 1.00, 0.00, 1.00, 0.00, 1.00, 0.00, 1.00, 0.00, 0.00, 0.00, 1.00, 0.00, 0.00, 0.00, 0.00
2819,  0,  93.933,  0.98,  1, 0.43, 0.22, 1.28, 0.00, 0.24, 0.77, 0.24, 0.01, 0.02, 1.44, 0.34, 0.48, 0.00, 0.00, 0.00, 0.33, 0.00, 0.00, 1.00, 1.00, 1.00, 0.00, 1.00, 0.00, 1.00, 0.00, 1.00, 0.00, 0.00, 0.00, 1.00, 0.00, 0.00, 0.00, 0.00
2820,  0,  93.967,  0.98,  1, 0.43, 0.10, 1.35, 0.00, 0.18, 0.69, 0.23, 0.00, 0.02, 1.32, 0.34, 0.50, 0.00, 0.00, 0.00, 0.38, 0.00, 0.00, 1.00, 1.00, 1.00, 0.00, 1.00, 0.00, 1.00, 0.00, 1.00, 0.00, 0.00, 0.00, 1.00, 0.00, 0.00, 0.00, 0.00
2821,  0,  94.000,  0.98,  1, 0.44, 0.10, 1.28, 0.00, 0.08, 0.73, 0.12, 0.00, 0.02, 1.31, 0.30, 0.53, 0.00, 0.00, 0.00, 0.43, 0.04, 0.00, 1.00, 1.00, 1.00, 0.00, 1.00, 0.00, 1.00, 0.00, 1.00, 0.00, 0.00, 0.00, 0.00, 0.00, 0.00, 0.00, 0.00
2822,  0,  94.033,  0.98,  1, 0.38, 0.00, 1.18, 0.00, 0.02, 0.94, 0.02, 0.00, 0.00, 1.26, 0.24, 0.53, 0.00, 0.00, 0.00, 0.39, 0.04, 0.00, 1.00, 1.00, 1.00, 0.00, 1.00, 0.00, 0.00, 0.00, 1.00, 0.00, 0.00, 0.00, 0.00, 0.00, 0.00, 0.00, 0.00
2823,  0,  94.067,  0.98,  1, 0.56, 0.09, 1.18, 0.00, 0.00, 0.98, 0.02, 0.00, 0.01, 0.99, 0.44, 0.34, 0.00, 0.00, 0.00, 0.43, 0.04, 0.00, 1.00, 1.00, 1.00, 0.00, 1.00, 0.00, 0.00, 0.00, 1.00, 0.00, 0.00, 0.00, 0.00, 0.00, 0.00, 0.00, 0.00
2824,  0,  94.100,  0.98,  1, 0.73, 0.14, 1.30, 0.09, 0.00, 1.09, 0.02, 0.00, 0.01, 0.80, 0.56, 0.13, 0.00, 0.00, 0.17, 0.51, 0.01, 1.00, 1.00, 1.00, 1.00, 0.00, 1.00, 0.00, 0.00, 0.00, 1.00, 0.00, 0.00, 0.00, 0.00, 0.00, 0.00, 0.00, 0.00
2825,  0,  94.133,  0.98,  1, 0.90, 0.20, 1.38, 0.26, 0.00, 0.87, 0.00, 0.00, 0.01, 0.61, 0.65, 0.03, 0.00, 0.00, 0.41, 0.58, 0.04, 1.00, 1.00, 1.00, 1.00, 0.00, 1.00, 0.00, 0.00, 0.00, 1.00, 0.00, 0.00, 0.00, 0.00, 0.00, 0.00, 0.00, 0.00
2826,  0,  94.167,  0.98,  1, 0.94, 0.10, 1.36, 0.39, 0.00, 0.81, 0.00, 0.00, 0.00, 0.57, 0.64, 0.01, 0.00, 0.00, 0.49, 0.75, 0.04, 1.00, 1.00, 1.00, 1.00, 0.00, 1.00, 0.00, 0.00, 0.00, 0.00, 0.00, 0.00, 0.00, 0.00, 0.00, 0.00, 0.00, 0.00
2827,  0,  94.200,  0.98,  1, 0.89, 0.06, 1.30, 0.55, 0.00, 0.91, 0.00, 0.00, 0.00, 0.42, 0.60, 0.05, 0.00, 0.00, 0.43, 0.82, 0.03, 1.00, 1.00, 1.00, 1.00, 0.00, 1.00, 0.00, 0.00, 0.00, 0.00, 0.00, 0.00, 0.00, 0.00, 0.00, 0.00, 0.00, 0.00
2828,  0,  94.233,  0.98,  1, 0.90, 0.03, 1.15, 0.50, 0.00, 1.05, 0.00, 0.07, 0.00, 0.47, 0.66, 0.13, 0.00, 0.00, 0.39, 0.89, 0.00, 0.00, 1.00, 1.00, 1.00, 0.00, 1.00, 0.00, 0.00, 0.00, 0.00, 0.00, 0.00, 0.00, 0.00, 0.00, 0.00, 0.00, 0.00
2829,  0,  94.267,  0.98,  1, 0.90, 0.09, 1.14, 0.42, 0.00, 1.12, 0.00, 0.07, 0.00, 0.48, 0.74, 0.20, 0.00, 0.00, 0.48, 0.90, 0.02, 0.00, 1.00, 1.00, 1.00, 0.00, 1.00, 0.00, 0.00, 0.00, 0.00, 0.00, 0.00, 0.00, 0.00, 0.00, 0.00, 0.00, 0.00
2830,  0,  94.300,  0.98,  1, 0.94, 0.14, 1.13, 0.37, 0.00, 1.10, 0.01, 0.07, 0.00, 0.55, 0.77, 0.21, 0.00, 0.00, 0.45, 1.01, 0.04, 0.00, 1.00, 1.00, 1.00, 0.00, 1.00, 0.00, 0.00, 0.00, 1.00, 0.00, 0.00, 0.00, 0.00, 0.00, 0.00, 0.00, 0.00
2831,  0,  94.333,  0.98,  1, 0.88, 0.14, 1.19, 0.61, 0.00, 1.29, 0.01, 0.00, 0.00, 0.59, 0.54, 0.12, 0.00, 0.00, 0.25, 1.04, 0.04, 0.00, 1.00, 1.00, 1.00, 0.00, 1.00, 0.00, 0.00, 0.00, 1.00, 0.00, 0.00, 0.00, 0.00, 0.00, 0.00, 0.00, 0.00
2832,  0,  94.367,  0.98,  1, 0.69, 0.07, 1.15, 0.56, 0.00, 1.10, 0.01, 0.01, 0.00, 0.59, 0.37, 0.21, 0.00, 0.00, 0.15, 1.09, 0.02, 0.00, 1.00, 1.00, 1.00, 0.00, 1.00, 0.00, 0.00, 0.00, 1.00, 1.00, 0.00, 0.00, 0.00, 0.00, 0.00, 0.00, 0.00
2833,  0,  94.400,  0.98,  1, 0.52, 0.02, 1.16, 0.40, 0.00, 1.00, 0.00, 0.01, 0.00, 0.74, 0.40, 0.28, 0.00, 0.00, 0.14, 1.00, 0.04, 0.00, 1.00, 1.00, 1.00, 0.00, 1.00, 0.00, 1.00, 0.00, 1.00, 0.00, 0.00, 0.00, 0.00, 0.00, 0.00, 0.00, 0.00
2834,  0,  94.433,  0.98,  1, 0.40, 0.01, 1.13, 0.06, 0.00, 0.63, 0.00, 0.01, 0.00, 0.77, 0.59, 0.38, 0.00, 0.00, 0.22, 1.09, 0.04, 0.00, 1.00, 1.00, 1.00, 0.00, 1.00, 0.00, 1.00, 0.00, 1.00, 0.00, 0.00, 0.00, 0.00, 0.00, 0.00, 0.00, 0.00
2835,  0,  94.467,  0.98,  1, 0.37, 0.01, 1.21, 0.20, 0.01, 0.89, 0.02, 0.00, 0.00, 0.74, 0.64, 0.30, 0.00, 0.00, 0.22, 1.13, 0.04, 0.00, 1.00, 1.00, 1.00, 0.00, 1.00, 0.00, 1.00, 0.00, 1.00, 0.00, 0.00, 0.00, 0.00, 0.00, 0.00, 0.00, 0.00
2836,  0,  94.500,  0.98,  1, 0.38, 0.01, 1.17, 0.18, 0.04, 0.92, 0.02, 0.00, 0.00, 0.61, 0.53, 0.24, 0.00, 0.00, 0.22, 1.20, 0.00, 0.00, 1.00, 1.00, 1.00, 0.00, 1.00, 0.00, 1.00, 0.00, 1.00, 0.00, 0.00, 0.00, 0.00, 0.00, 0.00, 0.00, 0.00
2837,  0,  94.533,  0.98,  1, 0.37, 0.00, 1.19, 0.15, 0.05, 1.07, 0.08, 0.00, 0.00, 0.57, 0.47, 0.18, 0.00, 0.00, 0.28, 1.22, 0.07, 0.00, 1.00, 1.00, 1.00, 0.00, 1.00, 0.00, 1.00, 0.00, 1.00, 0.00, 0.00, 0.00, 0.00, 0.00, 0.00, 0.00, 0.00
2838,  0,  94.567,  0.98,  1, 0.43, 0.05, 1.13, 0.07, 0.06, 1.00, 0.09, 0.00, 0.00, 0.51, 0.47, 0.16, 0.00, 0.00, 0.37, 1.15, 0.09, 0.00, 1.00, 1.00, 1.00, 0.00, 1.00, 0.00, 1.00, 0.00, 1.00, 0.00, 0.00, 0.00, 0.00, 0.00, 0.00, 0.00, 0.00
2839,  0,  94.600,  0.98,  1, 0.48, 0.08, 1.16, 0.10, 0.06, 0.93, 0.09, 0.00, 0.01, 0.52, 0.47, 0.16, 0.00, 0.00, 0.40, 1.08, 0.09, 0.00, 1.00, 1.00, 1.00, 0.00, 1.00, 0.00, 1.00, 0.00, 1.00, 0.00, 0.00, 0.00, 0.00, 0.00, 0.00, 0.00, 0.00
2840,  0,  94.633,  0.98,  1, 0.57, 0.08, 1.09, 0.14, 0.07, 0.76, 0.03, 0.02, 0.03, 0.45, 0.39, 0.24, 0.00, 0.00, 0.40, 1.14, 0.02, 0.00, 1.00, 1.00, 1.00, 0.00, 1.00, 0.00, 1.00, 0.00, 1.00, 0.00, 0.00, 0.00, 0.00, 0.00, 0.00, 0.00, 0.00
2841,  0,  94.667,  0.98,  1, 0.57, 0.03, 1.05, 0.08, 0.06, 0.56, 0.02, 0.10, 0.05, 0.53, 0.40, 0.34, 0.00, 0.00, 0.45, 1.22, 0.10, 0.00, 1.00, 1.00, 1.00, 0.00, 1.00, 0.00, 1.00, 0.00, 1.00, 0.00, 0.00, 0.00, 0.00, 0.00, 0.00, 0.00, 0.00
2842,  0,  94.700,  0.98,  1, 0.65, 0.10, 1.11, 0.07, 0.06, 0.49, 0.05, 0.10, 0.04, 0.53, 0.45, 0.40, 0.00, 0.00, 0.43, 1.17, 0.26, 1.00, 1.00, 1.00, 0.00, 0.00, 1.00, 0.00, 1.00, 0.00, 1.00, 0.00, 0.00, 0.00, 0.00, 0.00, 0.00, 0.00, 0.00
2843,  0,  94.733,  0.98,  1, 0.78, 0.33, 1.33, 0.03, 0.09, 0.63, 0.05, 0.10, 0.12, 0.70, 0.56, 0.36, 0.00, 0.00, 0.33, 0.82, 0.42, 1.00, 1.00, 1.00, 0.00, 0.00, 1.00, 0.00, 1.00, 0.00, 1.00, 0.00, 0.00, 0.00, 0.00, 0.00, 0.00, 0.00, 0.00
2844,  0,  94.767,  0.98,  1, 0.84, 0.36, 1.59, 0.03, 0.15, 0.56, 0.06, 0.02, 0.18, 0.69, 0.62, 0.20, 0.00, 0.00, 0.34, 0.58, 1.00, 1.00, 1.00, 1.00, 0.00, 0.00, 1.00, 0.00, 1.00, 0.00, 1.00, 0.00, 0.00, 0.00, 0.00, 0.00, 0.00, 0.00, 0.00
2845,  0,  94.800,  0.98,  1, 0.79, 0.28, 1.70, 0.10, 0.17, 0.48, 0.08, 0.03, 0.40, 0.65, 0.78, 0.09, 0.00, 0.00, 0.61, 0.67, 1.76, 1.00, 1.00, 1.00, 0.00, 0.00, 1.00, 0.00, 1.00, 0.00, 1.00, 0.00, 0.00, 0.00, 0.00, 0.00, 0.00, 0.00, 1.00
2846,  0,  94.833,  0.98,  1, 0.62, 0.04, 1.70, 0.21, 0.19, 0.36, 0.13, 0.01, 0.57, 0.41, 0.70, 0.00, 0.00, 0.00, 0.96, 0.89, 2.43, 1.00, 1.00, 1.00, 0.00, 0.00, 1.00, 0.00, 1.00, 0.00, 1.00, 0.00, 0.00, 0.00, 0.00, 0.00, 0.00, 0.00, 1.00
2847,  0,  94.867,  0.98,  1, 0.58, 0.00, 1.68, 0.21, 0.24, 0.60, 0.10, 0.01, 0.77, 0.38, 0.50, 0.00, 0.00, 0.00, 1.21, 1.02, 2.36, 1.00, 1.00, 1.00, 0.00, 0.00, 1.00, 0.00, 1.00, 0.00, 1.00, 0.00, 0.00, 0.00, 0.00, 0.00, 0.00, 0.00, 1.00
2848,  0,  94.900,  0.98,  1, 0.53, 0.02, 1.70, 0.11, 0.42, 0.97, 0.05, 0.01, 0.77, 0.53, 0.18, 0.00, 0.00, 0.00, 1.38, 0.87, 1.95, 1.00, 1.00, 1.00, 0.00, 0.00, 1.00, 0.00, 1.00, 0.00, 1.00, 0.00, 0.00, 0.00, 0.00, 1.00, 0.00, 0.00, 1.00
2849,  0,  94.933,  0.98,  1, 0.50, 0.02, 1.69, 0.00, 0.56, 1.43, 0.00, 0.01, 0.74, 0.74, 0.04, 0.00, 0.00, 0.00, 1.63, 0.63, 1.38, 1.00, 1.00, 1.00, 0.00, 0.00, 1.00, 0.00, 1.00, 0.00, 1.00, 0.00, 0.00, 0.00, 0.00, 1.00, 0.00, 0.00, 1.00
2850,  0,  94.967,  0.98,  1, 0.44, 0.02, 1.60, 0.00, 0.59, 1.66, 0.02, 0.04, 0.64, 0.97, 0.06, 0.00, 0.00, 0.00, 1.70, 0.58, 0.97, 1.00, 1.00, 1.00, 0.00, 0.00, 1.00, 0.00, 1.00, 0.00, 1.00, 0.00, 0.00, 0.00, 0.00, 1.00, 0.00, 0.00, 1.00
2851,  0,  95.000,  0.98,  1, 0.42, 0.04, 1.54, 0.00, 0.49, 1.77, 0.04, 0.03, 0.64, 0.98, 0.14, 0.00, 0.00, 0.00, 1.66, 0.68, 0.69, 1.00, 1.00, 1.00, 0.00, 0.00, 1.00, 0.00, 1.00, 0.00, 1.00, 0.00, 0.00, 0.00, 0.00, 1.00, 0.00, 0.00, 0.00
2852,  0,  95.033,  0.98,  1, 0.41, 0.26, 1.60, 0.00, 0.40, 1.69, 0.04, 0.02, 0.66, 0.89, 0.28, 0.00, 0.00, 0.00, 1.65, 0.88, 0.46, 1.00, 1.00, 1.00, 0.00, 0.00, 1.00, 0.00, 1.00, 0.00, 1.00, 0.00, 0.00, 0.00, 0.00, 1.00, 0.00, 0.00, 0.00
2853,  0,  95.067,  0.98,  1, 0.38, 0.41, 1.59, 0.00, 0.40, 1.70, 0.01, 0.05, 0.76, 0.88, 0.32, 0.01, 0.00, 0.00, 1.72, 0.89, 0.26, 0.00, 1.00, 1.00, 0.00, 0.00, 1.00, 0.00, 1.00, 0.00, 1.00, 0.00, 0.00, 0.00, 0.00, 1.00, 0.00, 0.00, 0.00
2854,  0,  95.100,  0.98,  1, 0.33, 0.51, 1.59, 0.00, 0.44, 1.61, 0.00, 0.10, 0.70, 1.16, 0.26, 0.05, 0.00, 0.00, 1.84, 0.83, 0.05, 0.00, 1.00, 1.00, 0.00, 0.00, 1.00, 0.00, 1.00, 0.00, 1.00, 0.00, 0.00, 0.00, 0.00, 1.00, 0.00, 0.00, 0.00
2855,  0,  95.133,  0.98,  1, 0.23, 0.38, 1.46, 0.00, 0.42, 1.48, 0.00, 0.16, 0.65, 1.38, 0.32, 0.12, 0.00, 0.00, 1.63, 0.57, 0.05, 0.00, 1.00, 1.00, 0.00, 0.00, 1.00, 0.00, 1.00, 0.00, 1.00, 0.00, 0.00, 0.00, 0.00, 1.00, 0.00, 0.00, 0.00
2856,  0,  95.167,  0.98,  1, 0.14, 0.36, 1.36, 0.00, 0.29, 1.18, 0.00, 0.11, 0.55, 1.16, 0.41, 0.10, 0.00, 0.00, 1.35, 0.33, 0.05, 0.00, 1.00, 1.00, 0.00, 0.00, 1.00, 0.00, 1.00, 0.00, 1.00, 0.00, 0.00, 0.00, 0.00, 1.00, 0.00, 0.00, 0.00
2857,  0,  95.200,  0.98,  1, 0.07, 0.36, 1.16, 0.00, 0.25, 0.89, 0.00, 0.06, 0.58, 0.82, 0.61, 0.18, 0.00, 0.00, 1.14, 0.07, 0.03, 0.00, 1.00, 1.00, 0.00, 0.00, 1.00, 0.00, 1.00, 0.00, 1.00, 0.00, 0.00, 0.00, 1.00, 1.00, 0.00, 0.00, 0.00
2858,  0,  95.233,  0.98,  1, 0.03, 0.33, 1.15, 0.00, 0.33, 0.69, 0.00, 0.02, 0.55, 0.74, 0.57, 0.22, 0.00, 0.00, 1.25, 0.00, 0.00, 0.00, 1.00, 1.00, 0.00, 0.00, 1.00, 0.00, 1.00, 0.00, 1.00, 0.00, 0.00, 0.00, 0.00, 1.00, 0.00, 0.00, 0.00
2859,  0,  95.267,  0.98,  1, 0.03, 0.22, 1.22, 0.00, 0.48, 0.86, 0.00, 0.03, 0.50, 0.97, 0.51, 0.22, 0.00, 0.00, 1.56, 0.00, 0.00, 0.00, 1.00, 1.00, 0.00, 0.00, 1.00, 0.00, 1.00, 0.00, 1.00, 0.00, 0.00, 0.00, 0.00, 1.00, 0.00, 0.00, 0.00
2860,  0,  95.300,  0.98,  1, 0.04, 0.12, 1.37, 0.00, 0.52, 1.03, 0.00, 0.12, 0.46, 0.97, 0.49, 0.10, 0.00, 0.00, 1.85, 0.01, 0.00, 0.00, 1.00, 1.00, 1.00, 0.00, 1.00, 0.00, 1.00, 0.00, 1.00, 0.00, 0.00, 0.00, 0.00, 1.00, 0.00, 0.00, 0.00
2861,  0,  95.333,  0.98,  1, 0.03, 0.08, 1.40, 0.00, 0.44, 1.17, 0.00, 0.12, 0.50, 0.79, 0.56, 0.01, 0.00, 0.00, 2.07, 0.03, 0.10, 0.00, 1.00, 1.00, 1.00, 0.00, 1.00, 0.00, 1.00, 0.00, 1.00, 0.00, 0.00, 0.00, 0.00, 1.00, 0.00, 0.00, 0.00
2862,  0,  95.367,  0.98,  1, 0.04, 0.11, 1.44, 0.00, 0.33, 1.19, 0.00, 0.11, 0.60, 0.46, 0.64, 0.00, 0.00, 0.00, 2.11, 0.07, 0.10, 0.00, 1.00, 1.00, 1.00, 0.00, 1.00, 0.00, 1.00, 0.00, 1.00, 0.00, 0.00, 0.00, 0.00, 1.00, 0.00, 0.00, 0.00
2863,  0,  95.400,  0.98,  1, 0.03, 0.19, 1.35, 0.00, 0.30, 1.11, 0.00, 0.01, 0.66, 0.31, 0.64, 0.07, 0.00, 0.00, 1.98, 0.07, 0.10, 0.00, 1.00, 1.00, 1.00, 0.00, 1.00, 0.00, 1.00, 0.00, 1.00, 0.00, 0.00, 0.00, 0.00, 1.00, 0.00, 0.00, 0.00
2864,  0,  95.433,  0.98,  1, 0.03, 0.25, 1.23, 0.00, 0.34, 1.06, 0.00, 0.00, 0.64, 0.37, 0.57, 0.15, 0.00, 0.00, 1.82, 0.14, 0.01, 0.00, 1.00, 1.00, 1.00, 0.00, 1.00, 0.00, 1.00, 0.00, 1.00, 0.00, 0.00, 0.00, 0.00, 1.00, 0.00, 0.00, 0.00
2865,  0,  95.467,  0.98,  1, 0.03, 0.28, 1.10, 0.00, 0.46, 1.11, 0.00, 0.03, 0.51, 0.68, 0.39, 0.27, 0.00, 0.00, 1.64, 0.10, 0.01, 0.00, 1.00, 1.00, 1.00, 0.00, 1.00, 0.00, 1.00, 0.00, 1.00, 0.00, 0.00, 0.00, 1.00, 1.00, 0.00, 0.00, 0.00
2866,  0,  95.500,  0.98,  1, 0.00, 0.15, 1.09, 0.00, 0.48, 1.10, 0.00, 0.06, 0.40, 0.97, 0.20, 0.32, 0.00, 0.00, 1.49, 0.10, 0.01, 0.00, 0.00, 1.00, 1.00, 0.00, 1.00, 0.00, 1.00, 0.00, 1.00, 0.00, 0.00, 0.00, 1.00, 1.00, 0.00, 0.00, 0.00
2867,  0,  95.533,  0.98,  1, 0.00, 0.07, 1.12, 0.00, 0.46, 1.20, 0.00, 0.06, 0.31, 1.08, 0.02, 0.34, 0.00, 0.00, 1.39, 0.05, 0.00, 0.00, 0.00, 1.00, 1.00, 0.00, 1.00, 0.00, 1.00, 0.00, 1.00, 0.00, 0.00, 0.00, 1.00, 1.00, 0.00, 0.00, 0.00
2868,  0,  95.567,  0.98,  1, 0.05, 0.13, 1.15, 0.00, 0.36, 1.06, 0.02, 0.09, 0.34, 1.17, 0.00, 0.27, 0.00, 0.00, 1.38, 0.21, 0.00, 0.00, 0.00, 1.00, 1.00, 0.00, 1.00, 0.00, 1.00, 0.00, 1.00, 0.00, 0.00, 0.00, 1.00, 1.00, 0.00, 0.00, 0.00
2869,  0,  95.600,  0.98,  1, 0.16, 0.29, 1.17, 0.00, 0.35, 1.11, 0.04, 0.18, 0.35, 1.25, 0.00, 0.32, 0.00, 0.00, 1.35, 0.45, 0.00, 0.00, 0.00, 1.00, 1.00, 0.00, 1.00, 0.00, 1.00, 0.00, 1.00, 0.00, 0.00, 0.00, 1.00, 1.00, 0.00, 0.00, 0.00
2870,  0,  95.633,  0.98,  1, 0.27, 0.49, 1.18, 0.00, 0.34, 1.05, 0.06, 0.23, 0.32, 1.34, 0.00, 0.47, 0.00, 0.00, 1.21, 0.70, 0.00, 0.00, 0.00, 1.00, 1.00, 0.00, 1.00, 0.00, 1.00, 0.00, 1.00, 0.00, 0.00, 0.00, 1.00, 1.00, 0.00, 0.00, 0.00
2871,  0,  95.667,  0.98,  1, 0.26, 0.48, 1.21, 0.00, 0.29, 0.93, 0.04, 0.21, 0.29, 1.25, 0.03, 0.64, 0.00, 0.00, 1.04, 0.71, 0.00, 0.00, 0.00, 1.00, 0.00, 0.00, 1.00, 0.00, 1.00, 0.00, 1.00, 0.00, 0.00, 0.00, 1.00, 1.00, 0.00, 0.00, 0.00
2872,  0,  95.700,  0.98,  1, 0.21, 0.32, 1.30, 0.00, 0.28, 0.90, 0.04, 0.14, 0.25, 1.17, 0.03, 0.62, 0.00, 0.00, 1.08, 0.66, 0.00, 0.00, 0.00, 1.00, 0.00, 0.00, 1.00, 0.00, 1.00, 0.00, 1.00, 0.00, 0.00, 0.00, 1.00, 1.00, 0.00, 0.00, 0.00
2873,  0,  95.733,  0.98,  1, 0.18, 0.12, 1.29, 0.00, 0.26, 0.92, 0.03, 0.13, 0.28, 1.00, 0.03, 0.42, 0.00, 0.00, 1.34, 0.57, 0.00, 0.00, 0.00, 1.00, 0.00, 0.00, 1.00, 0.00, 1.00, 0.00, 1.00, 0.00, 0.00, 0.00, 1.00, 1.00, 0.00, 0.00, 0.00
2874,  0,  95.767,  0.98,  1, 0.24, 0.00, 1.29, 0.00, 0.32, 1.04, 0.03, 0.09, 0.32, 0.95, 0.00, 0.26, 0.00, 0.00, 1.57, 0.63, 0.00, 0.00, 0.00, 1.00, 0.00, 0.00, 1.00, 0.00, 1.00, 0.00, 1.00, 0.00, 0.00, 0.00, 1.00, 1.00, 0.00, 0.00, 0.00
2875,  0,  95.800,  0.98,  1, 0.25, 0.00, 1.18, 0.00, 0.30, 1.13, 0.00, 0.04, 0.31, 0.91, 0.00, 0.36, 0.00, 0.00, 1.66, 0.59, 0.00, 0.00, 0.00, 1.00, 0.00, 0.00, 1.00, 0.00, 1.00, 0.00, 1.00, 0.00, 0.00, 0.00, 1.00, 1.00, 0.00, 0.00, 0.00
2876,  0,  95.833,  0.98,  1, 0.23, 0.00, 1.17, 0.00, 0.30, 1.18, 0.00, 0.01, 0.29, 1.02, 0.00, 0.53, 0.00, 0.00, 1.56, 0.50, 0.00, 0.00, 0.00, 1.00, 0.00, 0.00, 1.00, 0.00, 1.00, 0.00, 1.00, 0.00, 0.00, 0.00, 1.00, 1.00, 0.00, 0.00, 0.00
2877,  0,  95.867,  0.98,  1, 0.24, 0.00, 1.16, 0.00, 0.27, 1.14, 0.01, 0.06, 0.20, 1.07, 0.00, 0.68, 0.00, 0.00, 1.49, 0.33, 0.00, 0.00, 0.00, 1.00, 1.00, 0.00, 1.00, 0.00, 1.00, 0.00, 1.00, 0.00, 0.00, 0.00, 1.00, 1.00, 0.00, 0.00, 0.00
2878,  0,  95.900,  0.98,  1, 0.23, 0.00, 1.28, 0.00, 0.28, 1.15, 0.07, 0.11, 0.12, 1.02, 0.00, 0.60, 0.00, 0.00, 1.41, 0.27, 0.00, 0.00, 0.00, 1.00, 1.00, 0.00, 1.00, 0.00, 1.00, 0.00, 1.00, 0.00, 0.00, 0.00, 1.00, 1.00, 0.00, 0.00, 0.00
2879,  0,  95.933,  0.98,  1, 0.28, 0.01, 1.32, 0.00, 0.23, 1.17, 0.12, 0.11, 0.04, 0.94, 0.00, 0.56, 0.00, 0.00, 1.25, 0.32, 0.00, 0.00, 1.00, 1.00, 1.00, 0.00, 1.00, 0.00, 1.00, 0.00, 1.00, 0.00, 0.00, 0.00, 1.00, 1.00, 0.00, 0.00, 0.00
2880,  0,  95.967,  0.98,  1, 0.23, 0.14, 1.31, 0.00, 0.18, 1.13, 0.15, 0.07, 0.00, 1.05, 0.00, 0.48, 0.00, 0.00, 0.83, 0.38, 0.00, 0.00, 1.00, 1.00, 1.00, 0.00, 1.00, 0.00, 1.00, 0.00, 1.00, 0.00, 0.00, 0.00, 1.00, 1.00, 0.00, 0.00, 0.00
2881,  0,  96.000,  0.98,  1, 0.27, 0.21, 1.38, 0.00, 0.17, 0.96, 0.09, 0.02, 0.00, 1.11, 0.00, 0.34, 0.00, 0.00, 0.41, 0.29, 0.33, 0.00, 1.00, 1.00, 1.00, 0.00, 1.00, 0.00, 1.00, 0.00, 1.00, 0.00, 0.00, 0.00, 1.00, 0.00, 0.00, 0.00, 0.00
2882,  0,  96.033,  0.98,  1, 0.22, 0.21, 1.42, 0.00, 0.17, 0.67, 0.05, 0.00, 0.00, 1.22, 0.00, 0.15, 0.00, 0.00, 0.06, 0.13, 1.17, 0.00, 1.00, 1.00, 0.00, 0.00, 1.00, 0.00, 1.00, 0.00, 1.00, 0.00, 0.00, 0.00, 1.00, 0.00, 0.00, 0.00, 1.00
2883,  0,  96.067,  0.98,  1, 0.17, 0.07, 1.44, 0.00, 0.16, 0.54, 0.00, 0.00, 0.00, 1.12, 0.00, 0.02, 0.00, 0.00, 0.08, 0.02, 2.02, 0.00, 1.00, 1.00, 0.00, 0.00, 1.00, 0.00, 1.00, 0.00, 1.00, 0.00, 0.00, 0.00, 1.00, 0.00, 0.00, 0.00, 1.00
2884,  0,  96.100,  0.98,  1, 0.14, 0.00, 1.35, 0.00, 0.16, 0.43, 0.00, 0.00, 0.07, 1.13, 0.00, 0.00, 0.00, 0.00, 0.48, 0.16, 2.53, 0.00, 1.00, 1.00, 0.00, 0.00, 1.00, 0.00, 1.00, 0.00, 1.00, 0.00, 0.00, 0.00, 1.00, 0.00, 0.00, 0.00, 1.00
2885,  0,  96.133,  0.98,  1, 0.08, 0.00, 1.39, 0.00, 0.25, 0.52, 0.00, 0.00, 0.21, 1.12, 0.00, 0.00, 0.00, 0.00, 0.98, 0.29, 2.18, 0.00, 1.00, 1.00, 0.00, 0.00, 1.00, 0.00, 1.00, 0.00, 1.00, 0.00, 0.00, 0.00, 1.00, 1.00, 0.00, 0.00, 1.00
2886,  0,  96.167,  0.98,  1, 0.09, 0.04, 1.47, 0.00, 0.37, 0.80, 0.00, 0.00, 0.36, 1.18, 0.00, 0.00, 0.00, 0.00, 1.51, 0.46, 1.69, 0.00, 1.00, 1.00, 0.00, 0.00, 1.00, 0.00, 1.00, 0.00, 1.00, 0.00, 0.00, 0.00, 1.00, 1.00, 0.00, 0.00, 1.00
2887,  0,  96.200,  0.98,  1, 0.03, 0.04, 1.49, 0.00, 0.49, 1.20, 0.03, 0.00, 0.45, 1.17, 0.00, 0.00, 0.00, 0.00, 1.70, 0.49, 1.03, 0.00, 1.00, 1.00, 0.00, 0.00, 1.00, 0.00, 1.00, 0.00, 1.00, 0.00, 0.00, 0.00, 1.00, 1.00, 1.00, 0.00, 1.00
2888,  0,  96.233,  0.98,  1, 0.02, 0.04, 1.44, 0.00, 0.53, 1.42, 0.03, 0.00, 0.49, 1.23, 0.00, 0.00, 0.00, 0.00, 1.84, 0.55, 0.69, 0.00, 1.00, 1.00, 0.00, 0.00, 1.00, 0.00, 1.00, 0.00, 1.00, 0.00, 0.00, 0.00, 1.00, 1.00, 1.00, 0.00, 1.00
2889,  0,  96.267,  0.98,  1, 0.00, 0.00, 1.38, 0.00, 0.49, 1.50, 0.04, 0.03, 0.48, 1.25, 0.00, 0.00, 0.00, 0.00, 1.84, 0.58, 0.33, 0.00, 1.00, 1.00, 0.00, 0.00, 1.00, 0.00, 1.00, 0.00, 1.00, 0.00, 0.00, 0.00, 1.00, 1.00, 1.00, 0.00, 0.00
2890,  0,  96.300,  0.98,  1, 0.00, 0.00, 1.33, 0.00, 0.50, 1.37, 0.09, 0.14, 0.53, 1.30, 0.00, 0.07, 0.00, 0.00, 1.77, 0.67, 0.22, 0.00, 1.00, 1.00, 0.00, 0.00, 1.00, 0.00, 1.00, 0.00, 1.00, 0.00, 0.00, 0.00, 1.00, 1.00, 1.00, 0.00, 0.00
2891,  0,  96.333,  0.98,  1, 0.00, 0.00, 1.27, 0.00, 0.49, 1.35, 0.13, 0.20, 0.59, 1.28, 0.00, 0.19, 0.00, 0.00, 1.62, 0.73, 0.14, 0.00, 1.00, 1.00, 1.00, 0.00, 1.00, 0.00, 1.00, 0.00, 1.00, 0.00, 0.00, 0.00, 1.00, 1.00, 1.00, 0.00, 0.00
2892,  0,  96.367,  0.98,  1, 0.00, 0.00, 1.27, 0.00, 0.52, 1.29, 0.14, 0.17, 0.61, 1.37, 0.00, 0.48, 0.00, 0.00, 1.43, 0.88, 0.21, 0.00, 1.00, 1.00, 1.00, 0.00, 1.00, 0.00, 1.00, 0.00, 1.00, 0.00, 0.00, 0.00, 1.00, 1.00, 1.00, 0.00, 0.00
2893,  0,  96.400,  0.98,  1, 0.00, 0.00, 1.20, 0.00, 0.48, 1.24, 0.11, 0.06, 0.54, 1.54, 0.00, 0.64, 0.00, 0.00, 1.28, 0.95, 0.20, 0.00, 1.00, 1.00, 1.00, 0.00, 1.00, 0.00, 1.00, 0.00, 1.00, 0.00, 0.00, 0.00, 1.00, 1.00, 0.00, 0.00, 0.00
2894,  0,  96.433,  0.98,  1, 0.00, 0.00, 1.20, 0.00, 0.49, 1.15, 0.12, 0.00, 0.43, 1.67, 0.00, 0.76, 0.00, 0.00, 1.10, 0.98, 0.17, 0.00, 1.00, 1.00, 1.00, 0.00, 1.00, 0.00, 1.00, 0.00, 1.00, 0.00, 0.00, 0.00, 1.00, 1.00, 0.00, 0.00, 0.00
2895,  0,  96.467,  0.98,  1, 0.00, 0.00, 1.18, 0.00, 0.48, 1.04, 0.14, 0.00, 0.37, 1.64, 0.00, 0.81, 0.00, 0.00, 0.91, 0.83, 0.12, 0.00, 1.00, 1.00, 1.00, 0.00, 1.00, 0.00, 1.00, 0.00, 1.00, 0.00, 0.00, 0.00, 1.00, 1.00, 0.00, 0.00, 0.00
2896,  0,  96.500,  0.98,  1, 0.00, 0.00, 1.28, 0.00, 0.46, 0.95, 0.17, 0.00, 0.28, 1.61, 0.00, 0.82, 0.00, 0.00, 0.67, 0.59, 0.06, 0.00, 0.00, 1.00, 1.00, 0.00, 1.00, 0.00, 1.00, 0.00, 1.00, 0.00, 0.00, 0.00, 1.00, 0.00, 0.00, 0.00, 0.00
2897,  0,  96.533,  0.98,  1, 0.00, 0.00, 1.34, 0.00, 0.46, 0.95, 0.22, 0.00, 0.21, 1.57, 0.00, 0.87, 0.00, 0.00, 0.52, 0.41, 0.01, 0.00, 0.00, 1.00, 1.00, 0.00, 1.00, 0.00, 1.00, 0.00, 1.00, 0.00, 0.00, 0.00, 1.00, 0.00, 0.00, 0.00, 0.00
2898,  0,  96.567,  0.98,  1, 0.00, 0.02, 1.37, 0.00, 0.43, 1.04, 0.27, 0.00, 0.20, 1.69, 0.00, 0.82, 0.00, 0.00, 0.46, 0.34, 0.03, 0.00, 0.00, 1.00, 1.00, 0.00, 1.00, 0.00, 1.00, 0.00, 1.00, 0.00, 0.00, 0.00, 1.00, 0.00, 0.00, 0.00, 0.00
2899,  0,  96.600,  0.98,  1, 0.00, 0.14, 1.30, 0.00, 0.37, 1.15, 0.24, 0.00, 0.14, 1.71, 0.00, 0.83, 0.00, 0.00, 0.55, 0.49, 0.03, 0.00, 0.00, 1.00, 1.00, 0.00, 1.00, 0.00, 1.00, 0.00, 1.00, 0.00, 0.00, 0.00, 1.00, 0.00, 0.00, 0.00, 0.00
2900,  0,  96.633,  0.98,  1, 0.00, 0.14, 1.21, 0.00, 0.25, 1.17, 0.16, 0.00, 0.08, 1.61, 0.00, 0.81, 0.00, 0.00, 0.48, 0.58, 0.14, 0.00, 0.00, 1.00, 1.00, 0.00, 1.00, 0.00, 1.00, 0.00, 1.00, 0.00, 0.00, 0.00, 1.00, 0.00, 0.00, 0.00, 0.00
2901,  0,  96.667,  0.98,  1, 0.00, 0.18, 1.18, 0.00, 0.18, 1.11, 0.07, 0.00, 0.00, 1.47, 0.00, 0.82, 0.00, 0.00, 0.36, 0.45, 0.12, 0.00, 0.00, 1.00, 1.00, 0.00, 1.00, 0.00, 1.00, 0.00, 1.00, 0.00, 0.00, 0.00, 1.00, 0.00, 0.00, 0.00, 0.00
2902,  0,  96.700,  0.98,  1, 0.03, 0.12, 1.25, 0.00, 0.18, 1.07, 0.03, 0.00, 0.00, 1.36, 0.00, 0.81, 0.00, 0.00, 0.13, 0.26, 0.14, 0.00, 1.00, 1.00, 1.00, 0.00, 1.00, 0.00, 1.00, 0.00, 1.00, 0.00, 0.00, 0.00, 1.00, 0.00, 0.00, 0.00, 0.00
2903,  0,  96.733,  0.98,  1, 0.03, 0.12, 1.23, 0.00, 0.25, 1.14, 0.01, 0.00, 0.00, 1.44, 0.00, 0.82, 0.00, 0.00, 0.03, 0.10, 0.06, 0.00, 1.00, 1.00, 1.00, 0.00, 1.00, 0.00, 1.00, 0.00, 1.00, 0.00, 0.00, 0.00, 1.00, 0.00, 0.00, 0.00, 0.00
2904,  0,  96.767,  0.98,  1, 0.03, 0.05, 1.13, 0.00, 0.26, 1.16, 0.01, 0.00, 0.05, 1.52, 0.00, 0.73, 0.00, 0.00, 0.00, 0.34, 0.14, 0.00, 1.00, 1.00, 1.00, 0.00, 1.00, 0.00, 1.00, 0.00, 1.00, 0.00, 0.00, 0.00, 1.00, 0.00, 0.00, 0.00, 0.00
2905,  0,  96.800,  0.98,  1, 0.00, 0.05, 1.08, 0.00, 0.29, 1.15, 0.00, 0.00, 0.12, 1.55, 0.00, 0.64, 0.00, 0.00, 0.10, 0.46, 0.17, 0.00, 1.00, 1.00, 1.00, 0.00, 1.00, 0.00, 1.00, 0.00, 1.00, 0.00, 0.00, 0.00, 1.00, 0.00, 0.00, 0.00, 0.00
2906,  0,  96.833,  0.98,  1, 0.01, 0.14, 1.12, 0.00, 0.30, 1.16, 0.02, 0.00, 0.14, 1.59, 0.00, 0.53, 0.00, 0.00, 0.25, 0.66, 0.18, 0.00, 1.00, 1.00, 1.00, 0.00, 1.00, 0.00, 0.00, 0.00, 1.00, 0.00, 0.00, 0.00, 1.00, 0.00, 0.00, 0.00, 0.00
2907,  0,  96.867,  0.98,  1, 0.03, 0.20, 1.18, 0.00, 0.35, 1.16, 0.03, 0.00, 0.13, 1.52, 0.00, 0.49, 0.00, 0.00, 0.39, 0.63, 0.16, 0.00, 1.00, 1.00, 1.00, 0.00, 1.00, 0.00, 0.00, 0.00, 1.00, 0.00, 0.00, 0.00, 1.00, 0.00, 0.00, 0.00, 0.00
2908,  0,  96.900,  0.98,  1, 0.03, 0.19, 1.10, 0.00, 0.32, 1.24, 0.05, 0.00, 0.14, 1.59, 0.00, 0.48, 0.00, 0.00, 0.43, 0.66, 0.16, 0.00, 1.00, 1.00, 1.00, 0.00, 1.00, 0.00, 0.00, 0.00, 1.00, 0.00, 0.00, 0.00, 1.00, 0.00, 0.00, 0.00, 0.00
2909,  0,  96.933,  0.98,  1, 0.03, 0.10, 1.05, 0.00, 0.29, 1.17, 0.04, 0.00, 0.21, 1.59, 0.00, 0.39, 0.00, 0.00, 0.52, 0.57, 0.15, 0.00, 1.00, 1.00, 1.00, 0.00, 1.00, 0.00, 0.00, 0.00, 1.00, 0.00, 0.00, 0.00, 1.00, 0.00, 0.00, 0.00, 0.00
2910,  0,  96.967,  0.98,  1, 0.00, 0.05, 1.02, 0.00, 0.26, 1.01, 0.03, 0.00, 0.23, 1.63, 0.00, 0.27, 0.00, 0.00, 0.64, 0.49, 0.14, 0.00, 1.00, 1.00, 1.00, 0.00, 1.00, 0.00, 0.00, 0.00, 1.00, 0.00, 0.00, 0.00, 1.00, 0.00, 0.00, 0.00, 0.00
2911,  0,  97.000,  0.98,  1, 0.00, 0.01, 1.10, 0.00, 0.26, 0.93, 0.04, 0.00, 0.24, 1.55, 0.00, 0.13, 0.00, 0.00, 0.78, 0.46, 0.17, 0.00, 1.00, 1.00, 1.00, 0.00, 1.00, 0.00, 0.00, 0.00, 1.00, 0.00, 0.00, 0.00, 1.00, 0.00, 0.00, 0.00, 0.00
2912,  0,  97.033,  0.98,  1, 0.00, 0.01, 1.06, 0.00, 0.26, 0.84, 0.05, 0.00, 0.20, 1.51, 0.00, 0.07, 0.00, 0.00, 0.78, 0.54, 0.16, 0.00, 1.00, 1.00, 1.00, 0.00, 1.00, 0.00, 0.00, 0.00, 1.00, 0.00, 0.00, 0.00, 1.00, 0.00, 0.00, 0.00, 0.00
2913,  0,  97.067,  0.98,  1, 0.00, 0.00, 0.99, 0.00, 0.25, 0.85, 0.08, 0.00, 0.16, 1.45, 0.00, 0.00, 0.00, 0.00, 0.75, 0.60, 0.20, 0.00, 1.00, 1.00, 1.00, 0.00, 1.00, 0.00, 0.00, 0.00, 1.00, 0.00, 0.00, 0.00, 1.00, 0.00, 0.00, 0.00, 0.00
2914,  0,  97.100,  0.98,  1, 0.00, 0.03, 0.95, 0.00, 0.22, 0.82, 0.07, 0.00, 0.13, 1.42, 0.00, 0.15, 0.00, 0.00, 0.65, 0.69, 0.13, 0.00, 1.00, 1.00, 1.00, 0.00, 1.00, 0.00, 0.00, 0.00, 1.00, 0.00, 0.00, 0.00, 1.00, 0.00, 0.00, 0.00, 0.00
2915,  0,  97.133,  0.98,  1, 0.00, 0.08, 1.01, 0.00, 0.22, 0.88, 0.12, 0.00, 0.12, 1.41, 0.00, 0.31, 0.00, 0.00, 0.62, 0.68, 0.09, 0.00, 1.00, 1.00, 1.00, 0.00, 1.00, 0.00, 0.00, 0.00, 1.00, 0.00, 0.00, 0.00, 1.00, 0.00, 0.00, 0.00, 0.00
2916,  0,  97.167,  0.98,  1, 0.04, 0.08, 1.13, 0.00, 0.19, 1.02, 0.13, 0.00, 0.10, 1.33, 0.00, 0.54, 0.00, 0.00, 0.56, 0.83, 0.00, 0.00, 1.00, 1.00, 1.00, 0.00, 1.00, 0.00, 0.00, 0.00, 1.00, 0.00, 0.00, 0.00, 1.00, 0.00, 0.00, 0.00, 0.00
2917,  0,  97.200,  0.98,  1, 0.07, 0.06, 1.19, 0.00, 0.17, 1.06, 0.14, 0.00, 0.04, 1.33, 0.00, 0.70, 0.00, 0.00, 0.55, 0.89, 0.00, 0.00, 1.00, 1.00, 1.00, 0.00, 1.00, 0.00, 0.00, 0.00, 1.00, 0.00, 0.00, 0.00, 1.00, 0.00, 0.00, 0.00, 0.00
2918,  0,  97.233,  0.98,  1, 0.11, 0.00, 1.24, 0.00, 0.11, 1.08, 0.12, 0.00, 0.01, 1.27, 0.00, 0.79, 0.00, 0.00, 0.53, 1.03, 0.00, 0.00, 1.00, 1.00, 1.00, 0.00, 1.00, 0.00, 0.00, 0.00, 1.00, 0.00, 0.00, 0.00, 1.00, 0.00, 0.00, 0.00, 0.00
2919,  0,  97.267,  0.98,  1, 0.07, 0.00, 1.17, 0.00, 0.07, 0.84, 0.09, 0.00, 0.03, 1.26, 0.00, 0.80, 0.00, 0.00, 0.52, 1.06, 0.00, 0.00, 1.00, 1.00, 1.00, 0.00, 1.00, 0.00, 0.00, 0.00, 1.00, 0.00, 0.00, 0.00, 1.00, 0.00, 0.00, 0.00, 0.00
2920,  0,  97.300,  0.98,  1, 0.04, 0.00, 1.08, 0.00, 0.02, 0.75, 0.05, 0.00, 0.05, 1.23, 0.00, 0.68, 0.00, 0.00, 0.52, 1.09, 0.00, 0.00, 1.00, 1.00, 1.00, 0.00, 1.00, 0.00, 0.00, 0.00, 1.00, 0.00, 0.00, 0.00, 1.00, 0.00, 0.00, 0.00, 0.00
2921,  0,  97.333,  0.98,  1, 0.00, 0.00, 1.05, 0.00, 0.00, 0.73, 0.00, 0.00, 0.04, 1.27, 0.00, 0.60, 0.00, 0.00, 0.50, 0.98, 0.00, 0.00, 1.00, 1.00, 1.00, 0.00, 1.00, 0.00, 0.00, 0.00, 1.00, 0.00, 0.00, 0.00, 1.00, 0.00, 0.00, 0.00, 0.00
2922,  0,  97.367,  0.98,  1, 0.00, 0.00, 1.12, 0.00, 0.00, 0.88, 0.00, 0.00, 0.03, 1.29, 0.00, 0.57, 0.00, 0.00, 0.53, 0.90, 0.00, 0.00, 1.00, 1.00, 1.00, 0.00, 1.00, 0.00, 0.00, 0.00, 1.00, 0.00, 0.00, 0.00, 1.00, 0.00, 0.00, 0.00, 0.00
2923,  0,  97.400,  0.98,  1, 0.00, 0.00, 1.18, 0.00, 0.00, 0.88, 0.00, 0.00, 0.04, 1.32, 0.00, 0.56, 0.00, 0.00, 0.56, 0.85, 0.00, 0.00, 1.00, 1.00, 1.00, 0.00, 1.00, 0.00, 1.00, 0.00, 1.00, 0.00, 0.00, 0.00, 1.00, 0.00, 0.00, 0.00, 0.00
2924,  0,  97.433,  0.98,  1, 0.00, 0.00, 1.22, 0.00, 0.01, 0.91, 0.00, 0.00, 0.08, 1.28, 0.00, 0.57, 0.00, 0.00, 0.60, 0.82, 0.00, 0.00, 1.00, 1.00, 1.00, 0.00, 1.00, 0.00, 1.00, 0.00, 1.00, 0.00, 0.00, 0.00, 1.00, 0.00, 0.00, 0.00, 0.00
2925,  0,  97.467,  0.98,  1, 0.00, 0.00, 1.23, 0.00, 0.02, 0.88, 0.00, 0.00, 0.09, 1.35, 0.00, 0.58, 0.00, 0.00, 0.63, 0.78, 0.00, 0.00, 1.00, 1.00, 1.00, 0.00, 1.00, 0.00, 1.00, 0.00, 1.00, 0.00, 0.00, 0.00, 1.00, 0.00, 0.00, 0.00, 0.00
2926,  0,  97.500,  0.98,  1, 0.00, 0.00, 1.19, 0.00, 0.07, 1.05, 0.00, 0.00, 0.10, 1.38, 0.00, 0.59, 0.00, 0.00, 0.56, 0.81, 0.00, 0.00, 1.00, 1.00, 1.00, 0.00, 1.00, 0.00, 1.00, 0.00, 1.00, 0.00, 0.00, 0.00, 1.00, 0.00, 0.00, 0.00, 0.00
2927,  0,  97.533,  0.98,  1, 0.00, 0.00, 1.12, 0.00, 0.08, 1.09, 0.00, 0.00, 0.10, 1.45, 0.00, 0.58, 0.00, 0.00, 0.51, 0.88, 0.00, 0.00, 1.00, 1.00, 1.00, 0.00, 1.00, 0.00, 1.00, 0.00, 1.00, 0.00, 0.00, 0.00, 1.00, 0.00, 0.00, 0.00, 0.00
2928,  0,  97.567,  0.98,  1, 0.00, 0.00, 1.05, 0.00, 0.10, 1.25, 0.04, 0.00, 0.20, 1.43, 0.00, 0.56, 0.00, 0.00, 0.59, 0.90, 0.00, 0.00, 1.00, 1.00, 1.00, 0.00, 1.00, 0.00, 1.00, 0.00, 1.00, 0.00, 0.00, 0.00, 1.00, 0.00, 0.00, 0.00, 0.00
2929,  0,  97.600,  0.98,  1, 0.00, 0.00, 1.04, 0.00, 0.10, 1.28, 0.07, 0.05, 0.27, 1.39, 0.00, 0.56, 0.00, 0.00, 0.66, 0.86, 0.00, 0.00, 1.00, 1.00, 1.00, 0.00, 1.00, 0.00, 1.00, 0.00, 1.00, 0.00, 0.00, 0.00, 1.00, 0.00, 0.00, 0.00, 0.00
2930,  0,  97.633,  0.98,  1, 0.00, 0.00, 1.03, 0.00, 0.08, 1.25, 0.10, 0.05, 0.33, 1.37, 0.00, 0.57, 0.00, 0.00, 0.71, 0.82, 0.00, 0.00, 1.00, 1.00, 1.00, 0.00, 1.00, 0.00, 1.00, 0.00, 1.00, 0.00, 0.00, 0.00, 1.00, 0.00, 0.00, 0.00, 0.00
2931,  0,  97.667,  0.98,  1, 0.00, 0.00, 1.04, 0.00, 0.05, 1.19, 0.09, 0.05, 0.25, 1.41, 0.00, 0.58, 0.00, 0.00, 0.64, 0.81, 0.00, 0.00, 1.00, 1.00, 1.00, 0.00, 1.00, 0.00, 1.00, 0.00, 1.00, 0.00, 0.00, 0.00, 1.00, 0.00, 0.00, 0.00, 0.00
2932,  0,  97.700,  0.98,  1, 0.00, 0.00, 1.05, 0.00, 0.03, 1.18, 0.07, 0.00, 0.22, 1.43, 0.00, 0.60, 0.00, 0.00, 0.62, 0.81, 0.03, 0.00, 1.00, 1.00, 1.00, 0.00, 1.00, 0.00, 1.00, 0.00, 1.00, 0.00, 0.00, 0.00, 1.00, 0.00, 0.00, 0.00, 0.00
2933,  0,  97.733,  0.98,  1, 0.02, 0.00, 1.07, 0.00, 0.10, 1.22, 0.07, 0.03, 0.20, 1.47, 0.00, 0.61, 0.00, 0.00, 0.57, 0.83, 0.03, 0.00, 1.00, 1.00, 1.00, 0.00, 1.00, 0.00, 1.00, 0.00, 1.00, 0.00, 0.00, 0.00, 1.00, 0.00, 0.00, 0.00, 0.00
2934,  0,  97.767,  0.98,  1, 0.06, 0.00, 1.07, 0.00, 0.16, 1.25, 0.11, 0.10, 0.25, 1.45, 0.00, 0.60, 0.00, 0.00, 0.57, 0.88, 0.03, 0.00, 0.00, 1.00, 1.00, 0.00, 1.00, 0.00, 1.00, 0.00, 1.00, 0.00, 0.00, 0.00, 1.00, 0.00, 0.00, 0.00, 0.00
2935,  0,  97.800,  0.98,  1, 0.07, 0.00, 1.03, 0.00, 0.22, 1.23, 0.15, 0.13, 0.25, 1.41, 0.00, 0.54, 0.00, 0.00, 0.60, 0.92, 0.00, 0.00, 0.00, 1.00, 1.00, 0.00, 1.00, 0.00, 1.00, 0.00, 1.00, 0.00, 0.00, 0.00, 1.00, 0.00, 0.00, 0.00, 0.00
2936,  0,  97.833,  0.98,  1, 0.06, 0.00, 0.93, 0.00, 0.19, 1.13, 0.15, 0.15, 0.25, 1.32, 0.00, 0.48, 0.00, 0.00, 0.64, 0.97, 0.07, 0.00, 0.00, 1.00, 1.00, 0.00, 1.00, 0.00, 1.00, 0.00, 1.00, 0.00, 0.00, 0.00, 1.00, 0.00, 0.00, 0.00, 0.00
2937,  0,  97.867,  0.98,  1, 0.07, 0.00, 0.90, 0.00, 0.22, 1.10, 0.15, 0.12, 0.23, 1.34, 0.00, 0.48, 0.00, 0.00, 0.60, 0.93, 0.15, 0.00, 0.00, 1.00, 1.00, 0.00, 1.00, 0.00, 1.00, 0.00, 1.00, 0.00, 0.00, 0.00, 1.00, 0.00, 0.00, 0.00, 0.00
2938,  0,  97.900,  0.98,  1, 0.13, 0.11, 0.94, 0.02, 0.27, 1.03, 0.25, 0.13, 0.24, 1.42, 0.00, 0.53, 0.00, 0.00, 0.58, 0.82, 0.20, 0.00, 0.00, 1.00, 1.00, 0.00, 1.00, 0.00, 1.00, 0.00, 1.00, 0.00, 0.00, 0.00, 1.00, 0.00, 0.00, 0.00, 0.00
2939,  0,  97.933,  0.98,  1, 0.14, 0.13, 1.06, 0.02, 0.38, 1.10, 0.34, 0.10, 0.28, 1.51, 0.00, 0.57, 0.00, 0.00, 0.62, 0.72, 0.17, 0.00, 1.00, 1.00, 1.00, 0.00, 1.00, 0.00, 1.00, 0.00, 1.00, 0.00, 0.00, 0.00, 1.00, 0.00, 0.00, 0.00, 0.00
2940,  0,  97.967,  0.98,  1, 0.16, 0.22, 1.01, 0.02, 0.33, 1.02, 0.35, 0.13, 0.30, 1.48, 0.02, 0.64, 0.00, 0.00, 0.70, 0.75, 0.09, 0.00, 1.00, 1.00, 1.00, 0.00, 1.00, 0.00, 1.00, 0.00, 1.00, 0.00, 0.00, 0.00, 1.00, 0.00, 0.00, 0.00, 0.00
2941,  0,  98.000,  0.98,  1, 0.20, 0.11, 0.95, 0.00, 0.25, 0.90, 0.20, 0.17, 0.31, 1.51, 0.02, 0.60, 0.00, 0.00, 0.75, 0.84, 0.20, 0.00, 1.00, 1.00, 1.00, 0.00, 1.00, 0.00, 1.00, 0.00, 1.00, 0.00, 0.00, 0.00, 1.00, 0.00, 0.00, 0.00, 0.00
2942,  0,  98.033,  0.98,  1, 0.31, 0.09, 1.01, 0.00, 0.22, 0.79, 0.08, 0.32, 0.34, 1.52, 0.02, 0.58, 0.00, 0.00, 0.71, 0.92, 0.80, 0.00, 1.00, 1.00, 1.00, 0.00, 1.00, 0.00, 1.00, 0.00, 1.00, 0.00, 0.00, 0.00, 1.00, 0.00, 0.00, 0.00, 0.00
2943,  0,  98.067,  0.98,  1, 0.32, 0.00, 1.12, 0.00, 0.27, 0.62, 0.00, 0.44, 0.36, 1.55, 0.00, 0.51, 0.00, 0.00, 0.69, 0.93, 1.76, 0.00, 1.00, 1.00, 0.00, 0.00, 1.00, 0.00, 1.00, 0.00, 1.00, 0.00, 0.00, 0.00, 1.00, 0.00, 0.00, 0.00, 1.00
2944,  0,  98.100,  0.98,  1, 0.27, 0.00, 1.19, 0.00, 0.31, 0.41, 0.02, 0.57, 0.36, 1.51, 0.00, 0.55, 0.00, 0.00, 0.58, 0.95, 2.52, 0.00, 1.00, 1.00, 0.00, 0.00, 1.00, 0.00, 1.00, 0.00, 1.00, 0.00, 0.00, 0.00, 1.00, 0.00, 0.00, 0.00, 1.00
2945,  0,  98.133,  0.98,  1, 0.21, 0.00, 1.22, 0.00, 0.32, 0.33, 0.01, 0.51, 0.31, 1.41, 0.00, 0.56, 0.00, 0.00, 0.50, 0.86, 2.61, 0.00, 0.00, 1.00, 0.00, 0.00, 1.00, 0.00, 1.00, 0.00, 1.00, 0.00, 0.00, 0.00, 1.00, 0.00, 0.00, 0.00, 1.00
2946,  0,  98.167,  0.98,  1, 0.19, 0.00, 1.29, 0.00, 0.40, 0.66, 0.02, 0.49, 0.28, 1.40, 0.00, 0.54, 0.00, 0.00, 0.44, 0.71, 2.17, 0.00, 0.00, 1.00, 0.00, 0.00, 1.00, 0.00, 1.00, 0.00, 1.00, 0.00, 0.00, 0.00, 1.00, 0.00, 0.00, 0.00, 1.00
2947,  0,  98.200,  0.98,  1, 0.20, 0.00, 1.25, 0.00, 0.46, 1.07, 0.01, 0.47, 0.29, 1.40, 0.00, 0.52, 0.00, 0.00, 0.45, 0.54, 1.60, 0.00, 0.00, 1.00, 0.00, 0.00, 1.00, 0.00, 1.00, 0.00, 1.00, 0.00, 0.00, 0.00, 1.00, 0.00, 0.00, 0.00, 1.00
2948,  0,  98.233,  0.98,  1, 0.19, 0.00, 1.14, 0.00, 0.50, 1.34, 0.01, 0.51, 0.27, 1.46, 0.00, 0.49, 0.00, 0.00, 0.48, 0.50, 1.18, 0.00, 0.00, 1.00, 0.00, 0.00, 1.00, 0.00, 1.00, 0.00, 1.00, 0.00, 0.00, 0.00, 1.00, 0.00, 0.00, 0.00, 1.00
2949,  0,  98.267,  0.98,  1, 0.20, 0.00, 1.05, 0.00, 0.44, 1.28, 0.00, 0.50, 0.25, 1.44, 0.00, 0.48, 0.00, 0.00, 0.50, 0.50, 0.88, 0.00, 0.00, 1.00, 0.00, 0.00, 1.00, 0.00, 1.00, 0.00, 1.00, 0.00, 0.00, 0.00, 1.00, 0.00, 0.00, 0.00, 1.00
2950,  0,  98.300,  0.98,  1, 0.12, 0.00, 1.07, 0.00, 0.42, 1.28, 0.00, 0.47, 0.14, 1.33, 0.00, 0.40, 0.00, 0.00, 0.44, 0.51, 0.69, 0.00, 1.00, 1.00, 0.00, 0.00, 1.00, 0.00, 1.00, 0.00, 1.00, 0.00, 0.00, 0.00, 1.00, 0.00, 0.00, 0.00, 0.00
2951,  0,  98.333,  0.98,  1, 0.07, 0.00, 1.12, 0.00, 0.41, 1.24, 0.00, 0.45, 0.10, 1.26, 0.00, 0.35, 0.00, 0.00, 0.39, 0.53, 0.50, 0.00, 1.00, 1.00, 0.00, 0.00, 1.00, 0.00, 1.00, 0.00, 1.00, 0.00, 0.00, 0.00, 1.00, 0.00, 0.00, 0.00, 0.00
2952,  0,  98.367,  0.98,  1, 0.00, 0.00, 1.24, 0.00, 0.36, 1.30, 0.00, 0.35, 0.08, 1.26, 0.00, 0.40, 0.00, 0.00, 0.31, 0.60, 0.37, 0.00, 1.00, 1.00, 0.00, 0.00, 1.00, 0.00, 1.00, 0.00, 1.00, 0.00, 0.00, 0.00, 1.00, 0.00, 0.00, 0.00, 0.00
2953,  0,  98.400,  0.98,  1, 0.00, 0.00, 1.31, 0.00, 0.30, 1.21, 0.02, 0.28, 0.11, 1.30, 0.00, 0.51, 0.00, 0.00, 0.27, 0.65, 0.22, 0.00, 1.00, 1.00, 0.00, 0.00, 1.00, 0.00, 1.00, 0.00, 1.00, 0.00, 0.00, 0.00, 1.00, 0.00, 0.00, 0.00, 0.00
2954,  0,  98.433,  0.98,  1, 0.00, 0.00, 1.43, 0.00, 0.19, 1.14, 0.08, 0.20, 0.10, 1.29, 0.00, 0.61, 0.00, 0.00, 0.24, 0.63, 0.08, 0.00, 1.00, 1.00, 0.00, 0.00, 1.00, 0.00, 1.00, 0.00, 1.00, 0.00, 0.00, 0.00, 1.00, 0.00, 0.00, 0.00, 0.00
2955,  0,  98.467,  0.98,  1, 0.00, 0.00, 1.45, 0.00, 0.18, 1.04, 0.08, 0.17, 0.07, 1.21, 0.00, 0.60, 0.00, 0.00, 0.23, 0.60, 0.00, 0.00, 1.00, 1.00, 0.00, 0.00, 1.00, 0.00, 1.00, 0.00, 1.00, 0.00, 0.00, 0.00, 1.00, 0.00, 0.00, 0.00, 0.00
2956,  0,  98.500,  0.98,  1, 0.00, 0.00, 1.49, 0.00, 0.17, 1.09, 0.08, 0.12, 0.06, 1.25, 0.00, 0.62, 0.00, 0.00, 0.24, 0.65, 0.09, 0.00, 1.00, 1.00, 0.00, 0.00, 1.00, 0.00, 1.00, 0.00, 1.00, 0.00, 0.00, 0.00, 1.00, 0.00, 0.00, 0.00, 0.00
2957,  0,  98.533,  0.98,  1, 0.00, 0.00, 1.46, 0.00, 0.21, 1.20, 0.04, 0.07, 0.06, 1.28, 0.00, 0.66, 0.00, 0.00, 0.25, 0.69, 0.10, 0.00, 1.00, 1.00, 0.00, 0.00, 1.00, 0.00, 1.00, 0.00, 1.00, 0.00, 0.00, 0.00, 1.00, 0.00, 0.00, 0.00, 0.00
2958,  0,  98.567,  0.98,  1, 0.03, 0.00, 1.42, 0.00, 0.23, 1.26, 0.04, 0.03, 0.06, 1.31, 0.00, 0.73, 0.00, 0.00, 0.24, 0.67, 0.10, 0.00, 1.00, 1.00, 0.00, 0.00, 1.00, 0.00, 1.00, 0.00, 1.00, 0.00, 0.00, 0.00, 1.00, 0.00, 0.00, 0.00, 0.00
2959,  0,  98.600,  0.98,  1, 0.08, 0.04, 1.38, 0.00, 0.23, 1.20, 0.02, 0.00, 0.09, 1.31, 0.00, 0.77, 0.00, 0.00, 0.24, 0.61, 0.03, 0.00, 1.00, 1.00, 1.00, 0.00, 1.00, 0.00, 1.00, 0.00, 1.00, 0.00, 0.00, 0.00, 1.00, 0.00, 0.00, 0.00, 0.00
2960,  0,  98.633,  0.98,  1, 0.13, 0.05, 1.34, 0.00, 0.22, 1.10, 0.01, 0.00, 0.12, 1.32, 0.00, 0.73, 0.00, 0.00, 0.26, 0.65, 0.01, 0.00, 1.00, 1.00, 1.00, 0.00, 1.00, 0.00, 1.00, 0.00, 1.00, 0.00, 0.00, 0.00, 1.00, 0.00, 0.00, 0.00, 0.00
2961,  0,  98.667,  0.98,  1, 0.13, 0.05, 1.33, 0.00, 0.21, 0.98, 0.01, 0.00, 0.13, 1.31, 0.00, 0.69, 0.00, 0.00, 0.30, 0.64, 0.01, 0.00, 1.00, 1.00, 1.00, 0.00, 1.00, 0.00, 1.00, 0.00, 1.00, 0.00, 0.00, 0.00, 1.00, 0.00, 0.00, 0.00, 0.00
2962,  0,  98.700,  0.98,  1, 0.08, 0.01, 1.29, 0.00, 0.23, 0.90, 0.03, 0.01, 0.20, 1.35, 0.01, 0.63, 0.00, 0.00, 0.39, 0.74, 0.00, 0.00, 1.00, 1.00, 1.00, 0.00, 1.00, 0.00, 1.00, 0.00, 1.00, 0.00, 0.00, 0.00, 1.00, 0.00, 0.00, 0.00, 0.00
2963,  0,  98.733,  0.98,  1, 0.03, 0.00, 1.21, 0.00, 0.23, 0.77, 0.01, 0.01, 0.25, 1.39, 0.01, 0.62, 0.00, 0.00, 0.50, 0.80, 0.00, 0.00, 1.00, 1.00, 1.00, 0.00, 1.00, 0.00, 1.00, 0.00, 1.00, 0.00, 0.00, 0.00, 1.00, 0.00, 0.00, 0.00, 0.00
2964,  0,  98.767,  0.98,  1, 0.00, 0.00, 1.18, 0.00, 0.26, 0.78, 0.01, 0.08, 0.31, 1.49, 0.01, 0.68, 0.00, 0.00, 0.40, 0.69, 0.00, 0.00, 1.00, 1.00, 1.00, 0.00, 1.00, 0.00, 1.00, 0.00, 1.00, 0.00, 0.00, 0.00, 1.00, 0.00, 0.00, 0.00, 0.00
2965,  0,  98.800,  0.98,  1, 0.00, 0.00, 1.07, 0.00, 0.28, 0.71, 0.00, 0.14, 0.27, 1.43, 0.00, 0.65, 0.00, 0.00, 0.24, 0.49, 0.00, 0.00, 1.00, 1.00, 1.00, 0.00, 1.00, 0.00, 1.00, 0.00, 1.00, 0.00, 0.00, 0.00, 1.00, 0.00, 0.00, 0.00, 0.00
2966,  0,  98.833,  0.98,  1, 0.00, 0.00, 1.04, 0.00, 0.33, 0.72, 0.00, 0.20, 0.24, 1.33, 0.00, 0.66, 0.00, 0.00, 0.05, 0.32, 0.00, 0.00, 1.00, 1.00, 0.00, 0.00, 1.00, 0.00, 1.00, 0.00, 1.00, 0.00, 0.00, 0.00, 1.00, 0.00, 0.00, 0.00, 0.00
2967,  0,  98.867,  0.98,  1, 0.00, 0.00, 0.97, 0.00, 0.37, 0.63, 0.00, 0.21, 0.20, 1.28, 0.00, 0.64, 0.00, 0.00, 0.07, 0.43, 0.00, 0.00, 1.00, 1.00, 0.00, 0.00, 1.00, 0.00, 1.00, 0.00, 1.00, 0.00, 0.00, 0.00, 1.00, 0.00, 0.00, 0.00, 0.00
2968,  0,  98.900,  0.98,  1, 0.00, 0.00, 0.97, 0.00, 0.38, 0.67, 0.00, 0.22, 0.20, 1.29, 0.00, 0.68, 0.00, 0.00, 0.05, 0.50, 0.00, 0.00, 1.00, 1.00, 0.00, 0.00, 1.00, 0.00, 1.00, 0.00, 1.00, 0.00, 0.00, 0.00, 1.00, 0.00, 0.00, 0.00, 0.00
2969,  0,  98.933,  0.98,  1, 0.00, 0.00, 0.99, 0.00, 0.38, 0.65, 0.00, 0.25, 0.20, 1.33, 0.00, 0.69, 0.00, 0.00, 0.04, 0.44, 0.00, 0.00, 1.00, 1.00, 0.00, 0.00, 1.00, 0.00, 1.00, 0.00, 1.00, 0.00, 0.00, 0.00, 1.00, 0.00, 0.00, 0.00, 0.00
2970,  0,  98.967,  0.98,  1, 0.00, 0.00, 0.94, 0.00, 0.35, 0.66, 0.03, 0.25, 0.22, 1.31, 0.00, 0.71, 0.00, 0.00, 0.00, 0.36, 0.00, 0.00, 1.00, 1.00, 1.00, 0.00, 1.00, 0.00, 1.00, 0.00, 1.00, 0.00, 0.00, 0.00, 1.00, 0.00, 0.00, 0.00, 0.00
2971,  0,  99.000,  0.98,  1, 0.00, 0.00, 0.96, 0.00, 0.33, 0.64, 0.06, 0.23, 0.23, 1.39, 0.00, 0.71, 0.00, 0.00, 0.04, 0.31, 0.03, 0.00, 1.00, 1.00, 1.00, 0.00, 1.00, 0.00, 1.00, 0.00, 1.00, 0.00, 0.00, 0.00, 1.00, 0.00, 0.00, 0.00, 0.00
2972,  0,  99.033,  0.98,  1, 0.00, 0.00, 0.94, 0.00, 0.33, 0.73, 0.08, 0.26, 0.27, 1.49, 0.00, 0.72, 0.00, 0.00, 0.08, 0.33, 0.03, 0.00, 1.00, 1.00, 1.00, 0.00, 1.00, 0.00, 1.00, 0.00, 1.00, 0.00, 0.00, 0.00, 1.00, 0.00, 0.00, 0.00, 0.00
2973,  0,  99.067,  0.98,  1, 0.00, 0.00, 0.95, 0.00, 0.32, 0.86, 0.05, 0.22, 0.26, 1.57, 0.00, 0.69, 0.00, 0.00, 0.15, 0.36, 0.11, 0.00, 1.00, 1.00, 1.00, 0.00, 1.00, 0.00, 1.00, 0.00, 1.00, 0.00, 0.00, 0.00, 1.00, 0.00, 0.00, 0.00, 0.00
2974,  0,  99.100,  0.98,  1, 0.00, 0.00, 0.98, 0.00, 0.29, 1.18, 0.02, 0.27, 0.27, 1.54, 0.00, 0.67, 0.00, 0.00, 0.17, 0.33, 0.18, 0.00, 1.00, 1.00, 1.00, 0.00, 1.00, 0.00, 1.00, 0.00, 1.00, 0.00, 0.00, 0.00, 1.00, 0.00, 0.00, 0.00, 0.00
2975,  0,  99.133,  0.98,  1, 0.00, 0.00, 1.02, 0.00, 0.27, 1.40, 0.00, 0.24, 0.26, 1.50, 0.00, 0.58, 0.00, 0.00, 0.17, 0.37, 0.27, 0.00, 1.00, 1.00, 1.00, 0.00, 1.00, 0.00, 1.00, 0.00, 1.00, 0.00, 0.00, 0.00, 1.00, 0.00, 0.00, 0.00, 0.00
2976,  0,  99.167,  0.98,  1, 0.00, 0.00, 1.01, 0.00, 0.25, 1.44, 0.00, 0.26, 0.32, 1.58, 0.00, 0.45, 0.00, 0.00, 0.15, 0.31, 0.32, 0.00, 1.00, 1.00, 1.00, 0.00, 1.00, 0.00, 1.00, 0.00, 1.00, 0.00, 0.00, 0.00, 1.00, 0.00, 0.00, 0.00, 0.00
2977,  0,  99.200,  0.98,  1, 0.05, 0.00, 0.96, 0.00, 0.26, 1.12, 0.01, 0.25, 0.35, 1.66, 0.00, 0.29, 0.00, 0.00, 0.17, 0.33, 0.29, 0.00, 1.00, 1.00, 1.00, 0.00, 1.00, 0.00, 1.00, 0.00, 1.00, 0.00, 0.00, 0.00, 1.00, 0.00, 0.00, 0.00, 0.00
2978,  0,  99.233,  0.98,  1, 0.10, 0.00, 0.97, 0.00, 0.26, 1.01, 0.05, 0.31, 0.36, 1.75, 0.00, 0.26, 0.00, 0.00, 0.19, 0.24, 0.20, 0.00, 1.00, 1.00, 1.00, 0.00, 1.00, 0.00, 1.00, 0.00, 1.00, 0.00, 0.00, 0.00, 1.00, 0.00, 0.00, 0.00, 0.00
2979,  0,  99.267,  0.98,  1, 0.14, 0.00, 1.04, 0.00, 0.30, 0.93, 0.08, 0.38, 0.33, 1.77, 0.00, 0.28, 0.00, 0.00, 0.26, 0.24, 0.08, 0.00, 1.00, 1.00, 1.00, 0.00, 1.00, 0.00, 1.00, 0.00, 1.00, 0.00, 0.00, 0.00, 1.00, 0.00, 0.00, 0.00, 0.00
2980,  0,  99.300,  0.98,  1, 0.17, 0.00, 1.11, 0.00, 0.30, 1.02, 0.08, 0.39, 0.30, 1.77, 0.00, 0.34, 0.00, 0.00, 0.25, 0.17, 0.01, 0.00, 0.00, 1.00, 1.00, 0.00, 1.00, 0.00, 1.00, 0.00, 1.00, 0.00, 0.00, 0.00, 1.00, 0.00, 0.00, 0.00, 0.00
2981,  0,  99.333,  0.98,  1, 0.22, 0.00, 1.14, 0.00, 0.29, 1.03, 0.07, 0.31, 0.27, 1.66, 0.00, 0.39, 0.00, 0.00, 0.38, 0.11, 0.00, 0.00, 0.00, 1.00, 1.00, 0.00, 1.00, 0.00, 1.00, 0.00, 1.00, 0.00, 0.00, 0.00, 1.00, 0.00, 0.00, 0.00, 0.00
2982,  0,  99.367,  0.98,  1, 0.24, 0.00, 1.11, 0.00, 0.30, 1.10, 0.07, 0.27, 0.30, 1.67, 0.00, 0.47, 0.00, 0.00, 0.47, 0.04, 0.00, 0.00, 0.00, 1.00, 1.00, 0.00, 1.00, 0.00, 1.00, 0.00, 1.00, 0.00, 0.00, 0.00, 1.00, 0.00, 0.00, 0.00, 0.00
2983,  0,  99.400,  0.98,  1, 0.28, 0.00, 1.09, 0.00, 0.34, 1.19, 0.11, 0.23, 0.33, 1.67, 0.00, 0.52, 0.00, 0.00, 0.59, 0.00, 0.00, 0.00, 0.00, 1.00, 1.00, 0.00, 1.00, 0.00, 1.00, 0.00, 1.00, 0.00, 0.00, 0.00, 1.00, 0.00, 0.00, 0.00, 0.00
2984,  0,  99.433,  0.98,  1, 0.21, 0.00, 1.04, 0.00, 0.36, 1.27, 0.10, 0.20, 0.35, 1.74, 0.00, 0.58, 0.00, 0.00, 0.59, 0.00, 0.00, 0.00, 0.00, 1.00, 1.00, 0.00, 1.00, 0.00, 1.00, 0.00, 1.00, 0.00, 0.00, 0.00, 1.00, 0.00, 0.00, 0.00, 0.00
2985,  0,  99.467,  0.98,  1, 0.18, 0.00, 1.07, 0.00, 0.35, 1.35, 0.07, 0.12, 0.31, 1.66, 0.00, 0.56, 0.00, 0.00, 0.52, 0.00, 0.00, 0.00, 0.00, 1.00, 1.00, 0.00, 1.00, 0.00, 1.00, 0.00, 1.00, 0.00, 0.00, 0.00, 1.00, 0.00, 0.00, 0.00, 0.00
2986,  0,  99.500,  0.98,  1, 0.12, 0.00, 1.17, 0.00, 0.34, 1.28, 0.08, 0.15, 0.27, 1.64, 0.00, 0.56, 0.00, 0.00, 0.45, 0.15, 0.06, 0.00, 0.00, 1.00, 1.00, 0.00, 1.00, 0.00, 1.00, 0.00, 1.00, 0.00, 0.00, 0.00, 1.00, 0.00, 0.00, 0.00, 0.00
2987,  0,  99.533,  0.98,  1, 0.09, 0.00, 1.25, 0.00, 0.32, 1.18, 0.05, 0.10, 0.22, 1.60, 0.00, 0.52, 0.00, 0.00, 0.39, 0.27, 0.08, 0.00, 0.00, 1.00, 1.00, 0.00, 1.00, 0.00, 1.00, 0.00, 1.00, 0.00, 0.00, 0.00, 1.00, 0.00, 0.00, 0.00, 0.00
2988,  0,  99.567,  0.98,  1, 0.04, 0.00, 1.32, 0.00, 0.30, 1.18, 0.08, 0.10, 0.21, 1.52, 0.00, 0.56, 0.00, 0.00, 0.26, 0.42, 0.08, 0.00, 0.00, 1.00, 1.00, 0.00, 1.00, 0.00, 1.00, 0.00, 1.00, 0.00, 0.00, 0.00, 1.00, 0.00, 0.00, 0.00, 0.00
2989,  0,  99.600,  0.98,  1, 0.00, 0.00, 1.25, 0.00, 0.28, 1.19, 0.04, 0.00, 0.20, 1.43, 0.00, 0.60, 0.00, 0.00, 0.14, 0.41, 0.03, 0.00, 0.00, 1.00, 1.00, 0.00, 1.00, 0.00, 1.00, 0.00, 1.00, 0.00, 0.00, 0.00, 1.00, 0.00, 0.00, 0.00, 0.00
2990,  0,  99.633,  0.98,  1, 0.00, 0.02, 1.24, 0.00, 0.33, 1.35, 0.07, 0.04, 0.20, 1.44, 0.00, 0.73, 0.00, 0.00, 0.02, 0.40, 0.00, 0.00, 0.00, 1.00, 1.00, 0.00, 1.00, 0.00, 1.00, 0.00, 1.00, 0.00, 0.00, 0.00, 1.00, 0.00, 0.00, 0.00, 0.00
2991,  0,  99.667,  0.98,  1, 0.00, 0.03, 1.26, 0.00, 0.38, 1.40, 0.08, 0.09, 0.18, 1.52, 0.00, 0.80, 0.00, 0.00, 0.00, 0.33, 0.00, 0.00, 0.00, 1.00, 1.00, 0.00, 1.00, 0.00, 1.00, 0.00, 1.00, 0.00, 1.00, 0.00, 1.00, 0.00, 0.00, 0.00, 0.00
2992,  0,  99.700,  0.98,  1, 0.00, 0.07, 1.32, 0.00, 0.41, 1.44, 0.11, 0.12, 0.15, 1.60, 0.00, 0.90, 0.00, 0.00, 0.00, 0.32, 0.00, 0.00, 1.00, 1.00, 1.00, 0.00, 1.00, 0.00, 1.00, 0.00, 1.00, 0.00, 1.00, 0.00, 1.00, 0.00, 0.00, 0.00, 0.00
2993,  0,  99.733,  0.98,  1, 0.00, 0.08, 1.40, 0.00, 0.37, 1.43, 0.15, 0.10, 0.10, 1.63, 0.00, 0.86, 0.00, 0.00, 0.00, 0.31, 0.00, 0.00, 1.00, 1.00, 1.00, 0.00, 1.00, 0.00, 1.00, 0.00, 1.00, 0.00, 1.00, 0.00, 1.00, 0.00, 0.00, 0.00, 0.00
2994,  0,  99.767,  0.98,  1, 0.00, 0.09, 1.43, 0.00, 0.33, 1.41, 0.16, 0.04, 0.06, 1.62, 0.00, 0.88, 0.00, 0.00, 0.00, 0.29, 0.00, 0.00, 1.00, 1.00, 1.00, 0.00, 1.00, 0.00, 1.00, 0.00, 1.00, 0.00, 1.00, 0.00, 1.00, 0.00, 0.00, 0.00, 0.00
2995,  0,  99.800,  0.98,  1, 0.00, 0.07, 1.35, 0.00, 0.31, 1.43, 0.12, 0.01, 0.04, 1.63, 0.00, 0.94, 0.00, 0.00, 0.00, 0.24, 0.00, 0.00, 1.00, 1.00, 1.00, 0.00, 1.00, 0.00, 1.00, 0.00, 1.00, 0.00, 1.00, 0.00, 1.00, 0.00, 0.00, 0.00, 0.00
2996,  0,  99.833,  0.98,  1, 0.03, 0.05, 1.28, 0.00, 0.32, 1.37, 0.09, 0.01, 0.03, 1.60, 0.00, 0.97, 0.00, 0.00, 0.00, 0.14, 0.00, 0.00, 0.00, 1.00, 1.00, 0.00, 1.00, 0.00, 1.00, 0.00, 1.00, 0.00, 1.00, 0.00, 1.00, 0.00, 0.00, 0.00, 0.00
2997,  0,  99.867,  0.98,  1, 0.03, 0.04, 1.27, 0.00, 0.34, 1.32, 0.09, 0.01, 0.06, 1.57, 0.00, 0.99, 0.00, 0.00, 0.00, 0.14, 0.00, 0.00, 0.00, 1.00, 1.00, 0.00, 1.00, 0.00, 1.00, 0.00, 1.00, 0.00, 1.00, 0.00, 1.00, 0.00, 0.00, 0.00, 0.00
2998,  0,  99.900,  0.98,  1, 0.03, 0.01, 1.27, 0.00, 0.31, 1.21, 0.13, 0.01, 0.05, 1.59, 0.03, 0.95, 0.00, 0.00, 0.00, 0.09, 0.00, 0.00, 0.00, 1.00, 1.00, 0.00, 1.00, 0.00, 1.00, 0.00, 1.00, 0.00, 1.00, 0.00, 1.00, 0.00, 0.00, 0.00, 0.00
2999,  0,  99.933,  0.98,  1, 0.00, 0.00, 1.22, 0.00, 0.24, 1.08, 0.13, 0.01, 0.04, 1.64, 0.03, 0.92, 0.00, 0.00, 0.00, 0.15, 0.00, 0.00, 0.00, 1.00, 1.00, 0.00, 1.00, 0.00, 1.00, 0.00, 1.00, 0.00, 1.00, 0.00, 1.00, 0.00, 0.00, 0.00, 0.00
3000,  0,  99.967,  0.98,  1, 0.00, 0.00, 1.12, 0.00, 0.18, 1.02, 0.09, 0.09, 0.00, 1.67, 0.05, 0.83, 0.00, 0.00, 0.11, 0.09, 0.00, 0.00, 0.00, 1.00, 1.00, 0.00, 1.00, 0.00, 1.00, 0.00, 1.00, 0.00, 1.00, 0.00, 1.00, 0.00, 0.00, 0.00, 0.00
3001,  0,  100.000,  0.98,  1, 0.00, 0.00, 1.10, 0.00, 0.17, 1.12, 0.06, 0.11, 0.02, 1.63, 0.08, 0.82, 0.00, 0.00, 0.20, 0.07, 0.00, 0.00, 0.00, 1.00, 1.00, 0.00, 1.00, 0.00, 1.00, 0.00, 1.00, 0.00, 1.00, 0.00, 1.00, 0.00, 0.00, 0.00, 0.00
3002,  0,  100.033,  0.98,  1, 0.00, 0.00, 1.09, 0.00, 0.18, 1.17, 0.02, 0.10, 0.04, 1.61, 0.15, 0.80, 0.00, 0.00, 0.26, 0.02, 0.00, 0.00, 0.00, 1.00, 1.00, 0.00, 1.00, 0.00, 1.00, 0.00, 1.00, 0.00, 0.00, 0.00, 1.00, 0.00, 0.00, 0.00, 0.00
3003,  0,  100.067,  0.98,  1, 0.00, 0.00, 1.11, 0.00, 0.20, 1.23, 0.03, 0.02, 0.06, 1.59, 0.17, 0.81, 0.00, 0.00, 0.19, 0.00, 0.00, 0.00, 0.00, 1.00, 1.00, 0.00, 1.00, 0.00, 1.00, 0.00, 1.00, 0.00, 0.00, 0.00, 1.00, 0.00, 0.00, 0.00, 0.00
3004,  0,  100.100,  0.98,  1, 0.00, 0.00, 1.07, 0.00, 0.22, 1.14, 0.01, 0.00, 0.08, 1.57, 0.15, 0.71, 0.00, 0.00, 0.19, 0.00, 0.00, 0.00, 0.00, 1.00, 1.00, 0.00, 1.00, 0.00, 1.00, 0.00, 1.00, 0.00, 0.00, 0.00, 1.00, 0.00, 0.00, 0.00, 0.00
3005,  0,  100.133,  0.98,  1, 0.00, 0.00, 1.09, 0.00, 0.27, 1.11, 0.01, 0.00, 0.09, 1.60, 0.15, 0.69, 0.00, 0.00, 0.20, 0.00, 0.00, 0.00, 0.00, 1.00, 1.00, 0.00, 1.00, 0.00, 1.00, 0.00, 1.00, 0.00, 0.00, 0.00, 1.00, 0.00, 0.00, 0.00, 0.00
3006,  0,  100.167,  0.98,  1, 0.00, 0.00, 1.06, 0.00, 0.32, 1.03, 0.00, 0.00, 0.09, 1.64, 0.16, 0.67, 0.00, 0.00, 0.22, 0.00, 0.00, 0.00, 0.00, 1.00, 1.00, 0.00, 1.00, 0.00, 1.00, 0.00, 1.00, 0.00, 0.00, 0.00, 1.00, 0.00, 0.00, 0.00, 0.00
3007,  0,  100.200,  0.98,  1, 0.00, 0.00, 1.08, 0.00, 0.34, 1.05, 0.00, 0.00, 0.08, 1.68, 0.18, 0.69, 0.00, 0.00, 0.19, 0.00, 0.00, 0.00, 0.00, 1.00, 1.00, 0.00, 1.00, 0.00, 1.00, 0.00, 1.00, 0.00, 0.00, 0.00, 1.00, 0.00, 0.00, 0.00, 0.00
3008,  0,  100.233,  0.98,  1, 0.00, 0.00, 1.03, 0.00, 0.34, 1.04, 0.00, 0.00, 0.07, 1.71, 0.18, 0.71, 0.00, 0.00, 0.19, 0.00, 0.00, 0.00, 0.00, 1.00, 1.00, 0.00, 1.00, 0.00, 1.00, 0.00, 1.00, 0.00, 0.00, 0.00, 1.00, 0.00, 0.00, 0.00, 0.00
3009,  0,  100.267,  0.98,  1, 0.00, 0.00, 1.08, 0.00, 0.35, 1.07, 0.01, 0.00, 0.10, 1.74, 0.15, 0.71, 0.00, 0.00, 0.26, 0.00, 0.00, 0.00, 0.00, 1.00, 1.00, 0.00, 1.00, 0.00, 1.00, 0.00, 1.00, 0.00, 0.00, 0.00, 1.00, 0.00, 0.00, 0.00, 0.00
3010,  0,  100.300,  0.98,  1, 0.00, 0.00, 1.16, 0.00, 0.35, 1.17, 0.01, 0.00, 0.11, 1.70, 0.15, 0.79, 0.00, 0.01, 0.21, 0.00, 0.00, 0.00, 0.00, 1.00, 1.00, 0.00, 1.00, 0.00, 1.00, 0.00, 1.00, 0.00, 0.00, 0.00, 1.00, 0.00, 0.00, 0.00, 0.00
3011,  0,  100.333,  0.98,  1, 0.00, 0.00, 1.20, 0.00, 0.38, 1.24, 0.02, 0.00, 0.14, 1.66, 0.12, 0.80, 0.00, 0.01, 0.14, 0.03, 0.00, 0.00, 0.00, 1.00, 1.00, 0.00, 1.00, 0.00, 1.00, 0.00, 1.00, 0.00, 1.00, 0.00, 1.00, 0.00, 0.00, 0.00, 0.00
3012,  0,  100.367,  0.98,  1, 0.00, 0.00, 1.22, 0.00, 0.39, 1.22, 0.03, 0.02, 0.16, 1.71, 0.17, 0.82, 0.00, 0.06, 0.00, 0.07, 0.00, 0.00, 0.00, 1.00, 1.00, 0.00, 1.00, 0.00, 1.00, 0.00, 1.00, 0.00, 0.00, 0.00, 1.00, 0.00, 0.00, 0.00, 0.00
3013,  0,  100.400,  0.98,  1, 0.00, 0.00, 1.17, 0.00, 0.43, 1.14, 0.05, 0.02, 0.21, 1.79, 0.19, 0.82, 0.00, 0.09, 0.00, 0.10, 0.00, 0.00, 0.00, 1.00, 1.00, 0.00, 1.00, 0.00, 1.00, 0.00, 1.00, 0.00, 0.00, 0.00, 1.00, 0.00, 0.00, 0.00, 0.00
3014,  0,  100.433,  0.98,  1, 0.00, 0.00, 1.18, 0.00, 0.43, 1.06, 0.04, 0.02, 0.24, 1.83, 0.17, 0.85, 0.00, 0.14, 0.00, 0.08, 0.00, 0.00, 0.00, 1.00, 1.00, 0.00, 1.00, 0.00, 1.00, 0.00, 1.00, 0.00, 0.00, 0.00, 1.00, 0.00, 0.00, 0.00, 0.00
3015,  0,  100.467,  0.98,  1, 0.00, 0.01, 1.11, 0.00, 0.44, 1.23, 0.06, 0.00, 0.26, 1.86, 0.14, 0.91, 0.00, 0.14, 0.00, 0.04, 0.05, 0.00, 0.00, 1.00, 1.00, 0.00, 1.00, 0.00, 1.00, 0.00, 1.00, 0.00, 0.00, 0.00, 1.00, 0.00, 0.00, 0.00, 0.00
3016,  0,  100.500,  0.98,  1, 0.00, 0.03, 1.10, 0.00, 0.45, 1.38, 0.11, 0.04, 0.21, 1.91, 0.07, 0.95, 0.00, 0.15, 0.00, 0.07, 0.05, 0.00, 0.00, 1.00, 1.00, 0.00, 1.00, 0.00, 1.00, 0.00, 1.00, 0.00, 1.00, 0.00, 1.00, 0.00, 0.00, 0.00, 0.00
3017,  0,  100.533,  0.98,  1, 0.00, 0.03, 1.07, 0.00, 0.44, 1.63, 0.18, 0.11, 0.15, 1.97, 0.06, 0.97, 0.00, 0.13, 0.00, 0.14, 0.06, 0.00, 0.00, 1.00, 1.00, 0.00, 1.00, 0.00, 1.00, 0.00, 1.00, 0.00, 1.00, 0.00, 1.00, 0.00, 0.00, 0.00, 0.00
3018,  0,  100.567,  0.98,  1, 0.00, 0.04, 1.09, 0.00, 0.40, 1.63, 0.19, 0.13, 0.10, 1.94, 0.02, 1.03, 0.00, 0.15, 0.00, 0.18, 0.01, 0.00, 1.00, 1.00, 1.00, 0.00, 1.00, 0.00, 1.00, 0.00, 1.00, 0.00, 0.00, 0.00, 1.00, 0.00, 0.00, 0.00, 0.00
3019,  0,  100.600,  0.98,  1, 0.00, 0.02, 1.08, 0.00, 0.37, 1.53, 0.19, 0.09, 0.08, 1.89, 0.11, 1.01, 0.00, 0.15, 0.00, 0.19, 0.04, 0.00, 1.00, 1.00, 1.00, 0.00, 1.00, 0.00, 1.00, 0.00, 1.00, 0.00, 0.00, 0.00, 1.00, 0.00, 0.00, 0.00, 0.00
3020,  0,  100.633,  0.98,  1, 0.00, 0.02, 1.09, 0.00, 0.34, 1.35, 0.18, 0.05, 0.10, 1.86, 0.21, 0.97, 0.00, 0.14, 0.00, 0.20, 0.06, 0.00, 1.00, 1.00, 1.00, 0.00, 1.00, 0.00, 1.00, 0.00, 1.00, 0.00, 1.00, 0.00, 1.00, 0.00, 0.00, 0.00, 0.00
3021,  0,  100.667,  0.98,  1, 0.00, 0.00, 1.10, 0.00, 0.38, 1.30, 0.18, 0.03, 0.11, 1.86, 0.28, 0.90, 0.00, 0.11, 0.00, 0.26, 0.06, 0.00, 1.00, 1.00, 1.00, 0.00, 1.00, 0.00, 1.00, 0.00, 1.00, 0.00, 1.00, 0.00, 1.00, 0.00, 0.00, 0.00, 0.00
3022,  0,  100.700,  0.98,  1, 0.00, 0.00, 1.15, 0.00, 0.42, 1.40, 0.20, 0.16, 0.20, 1.80, 0.30, 0.91, 0.00, 0.14, 0.02, 0.24, 0.06, 0.00, 1.00, 1.00, 1.00, 0.00, 1.00, 0.00, 1.00, 0.00, 1.00, 0.00, 1.00, 0.00, 1.00, 0.00, 0.00, 0.00, 0.00
3023,  0,  100.733,  0.98,  1, 0.00, 0.00, 1.18, 0.00, 0.43, 1.44, 0.19, 0.22, 0.25, 1.68, 0.26, 0.95, 0.00, 0.18, 0.10, 0.23, 0.03, 0.00, 1.00, 1.00, 1.00, 0.00, 1.00, 0.00, 1.00, 0.00, 1.00, 0.00, 1.00, 0.00, 1.00, 0.00, 0.00, 0.00, 0.00
3024,  0,  100.767,  0.98,  1, 0.00, 0.00, 1.22, 0.00, 0.40, 1.37, 0.21, 0.20, 0.26, 1.43, 0.19, 0.96, 0.00, 0.18, 0.10, 0.13, 0.03, 0.00, 0.00, 1.00, 1.00, 0.00, 1.00, 0.00, 1.00, 0.00, 1.00, 0.00, 1.00, 0.00, 1.00, 0.00, 0.00, 0.00, 0.00
3025,  0,  100.800,  0.98,  1, 0.00, 0.00, 1.20, 0.00, 0.34, 1.11, 0.18, 0.08, 0.20, 1.26, 0.08, 0.89, 0.00, 0.15, 0.07, 0.11, 0.00, 0.00, 0.00, 1.00, 1.00, 0.00, 1.00, 0.00, 1.00, 0.00, 1.00, 0.00, 1.00, 0.00, 1.00, 0.00, 0.00, 0.00, 0.00
3026,  0,  100.833,  0.98,  1, 0.00, 0.00, 1.19, 0.00, 0.33, 1.07, 0.21, 0.00, 0.18, 1.15, 0.04, 0.76, 0.00, 0.12, 0.00, 0.04, 0.01, 0.00, 0.00, 1.00, 1.00, 0.00, 1.00, 0.00, 1.00, 0.00, 1.00, 0.00, 1.00, 0.00, 1.00, 0.00, 0.00, 0.00, 0.00
3027,  0,  100.867,  0.98,  1, 0.00, 0.00, 1.18, 0.00, 0.32, 1.00, 0.23, 0.00, 0.22, 1.16, 0.04, 0.70, 0.00, 0.13, 0.00, 0.05, 0.01, 0.00, 0.00, 1.00, 1.00, 0.00, 1.00, 0.00, 1.00, 0.00, 1.00, 0.00, 1.00, 0.00, 1.00, 0.00, 0.00, 0.00, 0.00
3028,  0,  100.900,  0.98,  1, 0.00, 0.00, 1.17, 0.00, 0.33, 1.12, 0.25, 0.00, 0.25, 1.18, 0.04, 0.63, 0.00, 0.14, 0.00, 0.02, 0.01, 0.00, 0.00, 1.00, 1.00, 0.00, 1.00, 0.00, 1.00, 0.00, 1.00, 0.00, 1.00, 0.00, 1.00, 0.00, 0.00, 0.00, 0.00
3029,  0,  100.933,  0.98,  1, 0.00, 0.00, 1.10, 0.00, 0.35, 1.04, 0.23, 0.00, 0.26, 1.26, 0.01, 0.67, 0.00, 0.17, 0.00, 0.01, 0.00, 0.00, 0.00, 1.00, 1.00, 0.00, 1.00, 0.00, 1.00, 0.00, 1.00, 0.00, 0.00, 0.00, 1.00, 0.00, 0.00, 0.00, 0.00
3030,  0,  100.967,  0.98,  1, 0.00, 0.00, 1.03, 0.00, 0.40, 1.08, 0.21, 0.00, 0.31, 1.32, 0.03, 0.63, 0.00, 0.18, 0.00, 0.00, 0.00, 0.00, 0.00, 1.00, 1.00, 0.00, 1.00, 0.00, 1.00, 0.00, 1.00, 0.00, 0.00, 0.00, 1.00, 0.00, 0.00, 0.00, 0.00
3031,  0,  101.000,  0.98,  1, 0.00, 0.00, 0.96, 0.00, 0.44, 1.10, 0.19, 0.01, 0.37, 1.42, 0.08, 0.58, 0.00, 0.17, 0.00, 0.00, 0.01, 0.00, 0.00, 1.00, 1.00, 0.00, 1.00, 0.00, 1.00, 0.00, 1.00, 0.00, 0.00, 0.00, 1.00, 0.00, 0.00, 0.00, 0.00
3032,  0,  101.033,  0.98,  1, 0.00, 0.00, 1.01, 0.00, 0.49, 1.23, 0.23, 0.07, 0.44, 1.42, 0.16, 0.57, 0.00, 0.15, 0.00, 0.04, 0.03, 0.00, 0.00, 1.00, 1.00, 0.00, 1.00, 0.00, 1.00, 0.00, 1.00, 0.00, 0.00, 0.00, 1.00, 0.00, 0.00, 0.00, 0.00
3033,  0,  101.067,  0.98,  1, 0.00, 0.00, 1.01, 0.00, 0.57, 1.44, 0.30, 0.26, 0.49, 1.40, 0.20, 0.62, 0.00, 0.16, 0.09, 0.04, 0.03, 0.00, 0.00, 1.00, 1.00, 0.00, 1.00, 0.00, 1.00, 0.00, 1.00, 0.00, 0.00, 0.00, 1.00, 0.00, 0.00, 0.00, 0.00
3034,  0,  101.100,  0.98,  1, 0.00, 0.00, 1.09, 0.00, 0.74, 1.59, 0.31, 0.44, 0.72, 1.36, 0.19, 0.65, 0.00, 0.13, 0.45, 0.04, 0.02, 0.00, 0.00, 1.00, 1.00, 0.00, 1.00, 0.00, 1.00, 0.00, 1.00, 0.00, 0.00, 0.00, 1.00, 0.00, 0.00, 0.00, 0.00
3035,  0,  101.133,  0.98,  1, 0.00, 0.00, 1.20, 0.00, 0.99, 1.82, 0.34, 0.69, 0.99, 1.36, 0.10, 0.51, 0.00, 0.07, 0.91, 0.00, 0.00, 0.00, 0.00, 1.00, 1.00, 1.00, 1.00, 0.00, 1.00, 0.00, 1.00, 0.00, 0.00, 0.00, 1.00, 1.00, 0.00, 0.00, 0.00
3036,  0,  101.167,  0.98,  1, 0.00, 0.00, 1.35, 0.00, 1.17, 2.17, 0.34, 0.80, 1.25, 1.50, 0.05, 0.46, 0.00, 0.00, 1.33, 0.14, 0.00, 0.00, 0.00, 1.00, 1.00, 1.00, 1.00, 0.00, 1.00, 1.00, 1.00, 0.00, 0.00, 0.00, 1.00, 1.00, 0.00, 0.00, 0.00
3037,  0,  101.200,  0.98,  1, 0.00, 0.00, 1.44, 0.00, 1.33, 2.50, 0.38, 1.02, 1.42, 1.70, 0.00, 0.35, 0.00, 0.00, 1.53, 0.26, 0.00, 0.00, 0.00, 1.00, 1.00, 1.00, 1.00, 0.00, 1.00, 1.00, 1.00, 0.00, 0.00, 0.00, 1.00, 1.00, 0.00, 0.00, 0.00
3038,  0,  101.233,  0.98,  1, 0.00, 0.00, 1.40, 0.02, 1.34, 2.68, 0.32, 1.12, 1.51, 1.90, 0.00, 0.36, 0.00, 0.00, 1.73, 0.35, 0.00, 0.00, 0.00, 1.00, 1.00, 1.00, 1.00, 0.00, 1.00, 1.00, 1.00, 0.00, 0.00, 0.00, 1.00, 1.00, 0.00, 0.00, 0.00
3039,  0,  101.267,  0.98,  1, 0.00, 0.00, 1.32, 0.02, 1.34, 2.53, 0.21, 1.19, 1.62, 1.85, 0.00, 0.28, 0.00, 0.00, 1.85, 0.31, 0.00, 0.00, 0.00, 1.00, 1.00, 1.00, 1.00, 0.00, 1.00, 1.00, 1.00, 0.00, 0.00, 0.00, 1.00, 1.00, 1.00, 0.00, 0.00
3040,  0,  101.300,  0.98,  1, 0.00, 0.00, 1.18, 0.05, 1.32, 2.46, 0.09, 1.12, 1.61, 1.74, 0.00, 0.22, 0.00, 0.00, 1.93, 0.24, 0.00, 0.00, 0.00, 1.00, 1.00, 1.00, 1.00, 0.00, 1.00, 1.00, 1.00, 0.00, 0.00, 0.00, 1.00, 1.00, 1.00, 0.00, 0.00
3041,  0,  101.333,  0.98,  1, 0.00, 0.00, 1.15, 0.08, 1.37, 2.40, 0.06, 1.07, 1.61, 1.61, 0.00, 0.17, 0.00, 0.00, 1.88, 0.30, 0.00, 0.00, 0.00, 1.00, 1.00, 1.00, 1.00, 0.00, 1.00, 1.00, 1.00, 0.00, 0.00, 0.00, 0.00, 1.00, 1.00, 0.00, 0.00
3042,  0,  101.367,  0.98,  1, 0.00, 0.00, 1.20, 0.16, 1.39, 2.44, 0.04, 1.05, 1.55, 1.55, 0.00, 0.06, 0.00, 0.00, 1.90, 0.31, 0.00, 0.00, 0.00, 1.00, 1.00, 1.00, 1.00, 0.00, 1.00, 1.00, 1.00, 0.00, 0.00, 0.00, 0.00, 1.00, 1.00, 0.00, 0.00
3043,  0,  101.400,  0.98,  1, 0.00, 0.00, 1.30, 0.29, 1.39, 2.41, 0.05, 1.03, 1.53, 1.55, 0.00, 0.04, 0.00, 0.02, 1.92, 0.48, 0.00, 0.00, 0.00, 1.00, 1.00, 1.00, 1.00, 0.00, 1.00, 1.00, 1.00, 0.00, 0.00, 0.00, 0.00, 1.00, 1.00, 0.00, 0.00
3044,  0,  101.433,  0.98,  1, 0.00, 0.00, 1.34, 0.40, 1.37, 2.21, 0.02, 0.99, 1.57, 1.50, 0.00, 0.00, 0.00, 0.04, 2.05, 0.58, 0.00, 0.00, 0.00, 1.00, 1.00, 1.00, 1.00, 0.00, 1.00, 1.00, 1.00, 0.00, 0.00, 0.00, 0.00, 1.00, 1.00, 0.00, 0.00
3045,  0,  101.467,  0.98,  1, 0.00, 0.00, 1.32, 0.45, 1.41, 2.00, 0.02, 1.02, 1.65, 1.62, 0.00, 0.02, 0.00, 0.13, 2.09, 0.71, 0.00, 0.00, 0.00, 1.00, 1.00, 1.00, 1.00, 0.00, 1.00, 1.00, 1.00, 0.00, 0.00, 0.00, 0.00, 1.00, 1.00, 0.00, 0.00
3046,  0,  101.500,  0.98,  1, 0.00, 0.00, 1.32, 0.28, 1.44, 1.97, 0.01, 1.10, 1.72, 1.66, 0.00, 0.02, 0.00, 0.19, 2.31, 0.82, 0.00, 0.00, 0.00, 1.00, 1.00, 1.00, 1.00, 0.00, 1.00, 1.00, 1.00, 0.00, 0.00, 0.00, 0.00, 1.00, 1.00, 0.00, 0.00
3047,  0,  101.533,  0.98,  1, 0.00, 0.00, 1.26, 0.12, 1.46, 2.02, 0.00, 1.14, 1.74, 1.82, 0.00, 0.02, 0.00, 0.25, 2.42, 0.91, 0.00, 0.00, 0.00, 1.00, 1.00, 1.00, 1.00, 0.00, 1.00, 1.00, 1.00, 0.00, 0.00, 0.00, 0.00, 1.00, 1.00, 0.00, 0.00
3048,  0,  101.567,  0.98,  1, 0.00, 0.00, 1.22, 0.03, 1.41, 2.08, 0.00, 1.13, 1.66, 1.73, 0.00, 0.13, 0.00, 0.27, 2.58, 1.02, 0.00, 0.00, 0.00, 1.00, 1.00, 1.00, 1.00, 0.00, 1.00, 1.00, 1.00, 0.00, 0.00, 0.00, 0.00, 1.00, 1.00, 0.00, 0.00
3049,  0,  101.600,  0.98,  1, 0.00, 0.00, 1.18, 0.04, 1.48, 2.05, 0.00, 1.11, 1.69, 1.75, 0.00, 0.25, 0.00, 0.32, 2.48, 0.99, 0.00, 0.00, 0.00, 1.00, 1.00, 1.00, 1.00, 0.00, 1.00, 1.00, 1.00, 0.00, 0.00, 0.00, 0.00, 1.00, 1.00, 0.00, 0.00
3050,  0,  101.633,  0.98,  1, 0.00, 0.00, 1.19, 0.04, 1.53, 2.19, 0.00, 1.12, 1.70, 1.79, 0.00, 0.29, 0.05, 0.34, 2.44, 0.75, 0.00, 0.00, 0.00, 1.00, 1.00, 1.00, 1.00, 0.00, 1.00, 1.00, 1.00, 0.00, 0.00, 0.00, 0.00, 1.00, 1.00, 0.00, 0.00
3051,  0,  101.667,  0.98,  1, 0.00, 0.06, 1.24, 0.01, 1.61, 2.20, 0.00, 1.13, 1.83, 1.91, 0.00, 0.19, 0.06, 0.29, 2.39, 0.52, 0.00, 0.00, 0.00, 1.00, 1.00, 1.00, 1.00, 0.00, 1.00, 1.00, 1.00, 0.00, 0.00, 0.00, 1.00, 1.00, 1.00, 0.00, 0.00
3052,  0,  101.700,  0.98,  1, 0.02, 0.11, 1.29, 0.07, 1.61, 2.32, 0.00, 1.18, 1.90, 1.91, 0.00, 0.07, 0.06, 0.22, 2.34, 0.28, 0.00, 0.00, 0.00, 1.00, 1.00, 1.00, 1.00, 0.00, 1.00, 1.00, 1.00, 0.00, 0.00, 0.00, 1.00, 1.00, 1.00, 0.00, 0.00
3053,  0,  101.733,  0.98,  1, 0.02, 0.11, 1.39, 0.07, 1.63, 2.47, 0.00, 1.31, 2.03, 1.76, 0.00, 0.03, 0.00, 0.13, 2.25, 0.19, 0.00, 0.00, 0.00, 1.00, 1.00, 1.00, 1.00, 0.00, 1.00, 1.00, 1.00, 0.00, 0.00, 0.00, 1.00, 1.00, 1.00, 0.00, 0.00
3054,  0,  101.767,  0.98,  1, 0.02, 0.05, 1.39, 0.07, 1.65, 2.65, 0.00, 1.36, 2.12, 1.69, 0.00, 0.00, 0.00, 0.07, 2.17, 0.20, 0.00, 0.00, 0.00, 1.00, 1.00, 1.00, 1.00, 0.00, 1.00, 1.00, 1.00, 0.00, 0.00, 0.00, 1.00, 1.00, 1.00, 0.00, 0.00
3055,  0,  101.800,  0.98,  1, 0.00, 0.00, 1.40, 0.00, 1.71, 2.76, 0.00, 1.32, 2.16, 1.74, 0.00, 0.00, 0.00, 0.06, 2.09, 0.23, 0.00, 0.00, 0.00, 1.00, 1.00, 1.00, 1.00, 0.00, 1.00, 1.00, 1.00, 0.00, 0.00, 0.00, 1.00, 1.00, 1.00, 0.00, 0.00
3056,  0,  101.833,  0.98,  1, 0.00, 0.00, 1.35, 0.00, 1.78, 2.75, 0.00, 1.10, 2.15, 1.91, 0.00, 0.00, 0.00, 0.09, 2.07, 0.38, 0.00, 0.00, 0.00, 1.00, 1.00, 1.00, 1.00, 0.00, 1.00, 1.00, 1.00, 0.00, 0.00, 0.00, 1.00, 1.00, 1.00, 0.00, 0.00
3057,  0,  101.867,  0.98,  1, 0.00, 0.00, 1.38, 0.00, 1.88, 2.79, 0.00, 1.04, 2.18, 1.94, 0.00, 0.00, 0.00, 0.10, 2.07, 0.41, 0.00, 0.00, 0.00, 1.00, 1.00, 1.00, 1.00, 0.00, 1.00, 1.00, 1.00, 0.00, 0.00, 0.00, 1.00, 1.00, 1.00, 0.00, 0.00
3058,  0,  101.900,  0.98,  1, 0.00, 0.00, 1.32, 0.00, 1.88, 2.77, 0.00, 1.00, 2.19, 1.94, 0.00, 0.00, 0.00, 0.13, 2.14, 0.58, 0.00, 0.00, 0.00, 1.00, 1.00, 1.00, 1.00, 0.00, 1.00, 1.00, 1.00, 0.00, 0.00, 0.00, 1.00, 1.00, 1.00, 0.00, 0.00
3059,  0,  101.933,  0.98,  1, 0.00, 0.00, 1.28, 0.00, 1.89, 2.77, 0.00, 1.14, 2.23, 1.84, 0.00, 0.00, 0.05, 0.18, 2.14, 0.69, 0.00, 0.00, 0.00, 1.00, 1.00, 1.00, 1.00, 0.00, 1.00, 1.00, 1.00, 0.00, 0.00, 0.00, 1.00, 1.00, 1.00, 0.00, 0.00
3060,  0,  101.967,  0.98,  1, 0.00, 0.00, 1.29, 0.06, 1.87, 2.91, 0.00, 1.18, 2.18, 1.73, 0.00, 0.03, 0.05, 0.25, 2.12, 0.67, 0.00, 0.00, 0.00, 1.00, 1.00, 1.00, 1.00, 0.00, 1.00, 1.00, 1.00, 0.00, 0.00, 0.00, 1.00, 1.00, 1.00, 0.00, 0.00
3061,  0,  102.000,  0.98,  1, 0.00, 0.00, 1.23, 0.06, 1.92, 3.03, 0.00, 1.22, 2.14, 1.66, 0.00, 0.03, 0.05, 0.24, 2.08, 0.50, 0.00, 0.00, 0.00, 1.00, 1.00, 1.00, 1.00, 0.00, 1.00, 1.00, 1.00, 0.00, 0.00, 0.00, 0.00, 1.00, 1.00, 0.00, 0.00
3062,  0,  102.033,  0.98,  1, 0.00, 0.00, 1.16, 0.06, 1.95, 3.23, 0.00, 1.15, 2.05, 1.57, 0.00, 0.03, 0.01, 0.26, 2.03, 0.24, 0.00, 0.00, 0.00, 1.00, 1.00, 1.00, 1.00, 0.00, 1.00, 1.00, 1.00, 0.00, 0.00, 0.00, 0.00, 1.00, 1.00, 0.00, 0.00
3063,  0,  102.067,  0.98,  1, 0.00, 0.00, 1.05, 0.00, 2.00, 3.26, 0.00, 1.17, 2.13, 1.66, 0.00, 0.00, 0.01, 0.26, 1.99, 0.18, 0.00, 0.00, 0.00, 1.00, 1.00, 1.00, 1.00, 0.00, 1.00, 1.00, 1.00, 0.00, 0.00, 0.00, 0.00, 1.00, 1.00, 0.00, 0.00
3064,  0,  102.100,  0.98,  1, 0.00, 0.00, 1.09, 0.00, 2.03, 3.31, 0.00, 1.17, 2.16, 1.58, 0.00, 0.00, 0.01, 0.30, 2.01, 0.20, 0.00, 0.00, 0.00, 1.00, 1.00, 1.00, 1.00, 0.00, 1.00, 1.00, 1.00, 0.00, 0.00, 0.00, 0.00, 1.00, 1.00, 0.00, 0.00
3065,  0,  102.133,  0.98,  1, 0.00, 0.00, 1.11, 0.00, 2.05, 3.20, 0.00, 1.24, 2.22, 1.63, 0.00, 0.00, 0.06, 0.29, 2.00, 0.22, 0.00, 0.00, 0.00, 1.00, 1.00, 1.00, 1.00, 0.00, 1.00, 1.00, 1.00, 0.00, 0.00, 0.00, 0.00, 1.00, 1.00, 0.00, 1.00
3066,  0,  102.167,  0.98,  1, 0.00, 0.00, 1.16, 0.00, 2.02, 3.14, 0.00, 1.23, 2.16, 1.62, 0.00, 0.00, 0.13, 0.28, 1.96, 0.13, 0.00, 0.00, 0.00, 1.00, 1.00, 1.00, 1.00, 0.00, 1.00, 1.00, 1.00, 0.00, 0.00, 0.00, 0.00, 1.00, 1.00, 0.00, 1.00
3067,  0,  102.200,  0.98,  1, 0.00, 0.00, 1.15, 0.00, 2.02, 3.12, 0.00, 1.32, 2.20, 1.66, 0.00, 0.00, 0.20, 0.25, 1.94, 0.08, 0.00, 0.00, 0.00, 1.00, 1.00, 1.00, 1.00, 0.00, 1.00, 1.00, 1.00, 0.00, 0.00, 0.00, 0.00, 1.00, 1.00, 0.00, 1.00
3068,  0,  102.233,  0.98,  1, 0.00, 0.00, 1.17, 0.00, 2.02, 3.15, 0.00, 1.37, 2.20, 1.64, 0.00, 0.00, 0.19, 0.23, 2.07, 0.17, 0.00, 0.00, 0.00, 1.00, 1.00, 1.00, 1.00, 0.00, 1.00, 1.00, 1.00, 0.00, 0.00, 0.00, 0.00, 1.00, 1.00, 0.00, 1.00
3069,  0,  102.267,  0.98,  1, 0.00, 0.00, 1.23, 0.00, 2.05, 3.19, 0.00, 1.39, 2.22, 1.62, 0.00, 0.00, 0.13, 0.27, 2.24, 0.39, 0.00, 0.00, 0.00, 1.00, 1.00, 1.00, 1.00, 0.00, 1.00, 1.00, 1.00, 0.00, 0.00, 0.00, 0.00, 1.00, 1.00, 0.00, 1.00
3070,  0,  102.300,  0.98,  1, 0.00, 0.00, 1.39, 0.00, 2.06, 3.27, 0.00, 1.38, 2.21, 1.66, 0.00, 0.00, 0.09, 0.33, 2.31, 0.50, 0.00, 0.00, 0.00, 1.00, 1.00, 1.00, 1.00, 0.00, 1.00, 1.00, 1.00, 0.00, 0.00, 0.00, 0.00, 1.00, 1.00, 0.00, 1.00
3071,  0,  102.333,  0.98,  1, 0.00, 0.00, 1.44, 0.00, 2.11, 3.31, 0.00, 1.39, 2.24, 1.84, 0.00, 0.00, 0.05, 0.38, 2.17, 0.55, 0.00, 0.00, 0.00, 1.00, 1.00, 1.00, 1.00, 0.00, 1.00, 1.00, 1.00, 0.00, 0.00, 0.00, 0.00, 1.00, 1.00, 0.00, 1.00
3072,  0,  102.367,  0.98,  1, 0.00, 0.00, 1.35, 0.00, 2.12, 3.21, 0.00, 1.26, 2.25, 1.77, 0.00, 0.04, 0.05, 0.41, 2.05, 0.65, 0.00, 0.00, 0.00, 1.00, 1.00, 1.00, 1.00, 0.00, 1.00, 1.00, 1.00, 0.00, 0.00, 0.00, 0.00, 1.00, 1.00, 0.00, 1.00
3073,  0,  102.400,  0.98,  1, 0.00, 0.00, 1.19, 0.00, 2.16, 2.87, 0.00, 1.16, 2.27, 1.72, 0.00, 0.04, 0.01, 0.42, 1.94, 0.68, 0.00, 0.00, 0.00, 1.00, 1.00, 1.00, 1.00, 0.00, 1.00, 1.00, 1.00, 0.00, 0.00, 0.00, 0.00, 1.00, 1.00, 0.00, 1.00
3074,  0,  102.433,  0.98,  1, 0.00, 0.00, 1.10, 0.00, 2.18, 2.82, 0.00, 1.02, 2.25, 1.62, 0.00, 0.04, 0.01, 0.39, 1.99, 0.76, 0.00, 0.00, 0.00, 1.00, 1.00, 1.00, 1.00, 0.00, 1.00, 1.00, 1.00, 0.00, 0.00, 0.00, 0.00, 1.00, 1.00, 0.00, 1.00
3075,  0,  102.467,  0.98,  1, 0.00, 0.00, 1.13, 0.00, 2.23, 2.80, 0.00, 1.03, 2.24, 1.73, 0.00, 0.00, 0.12, 0.32, 2.02, 0.61, 0.00, 0.00, 0.00, 1.00, 1.00, 1.00, 1.00, 0.00, 1.00, 1.00, 1.00, 0.00, 0.00, 0.00, 0.00, 1.00, 1.00, 0.00, 0.00
3076,  0,  102.500,  0.98,  1, 0.00, 0.00, 1.25, 0.00, 2.25, 2.92, 0.00, 1.00, 2.22, 1.76, 0.00, 0.00, 0.16, 0.25, 2.05, 0.61, 0.00, 0.00, 0.00, 1.00, 1.00, 1.00, 1.00, 0.00, 1.00, 1.00, 1.00, 0.00, 0.00, 0.00, 0.00, 1.00, 1.00, 0.00, 0.00
3077,  0,  102.533,  0.98,  1, 0.00, 0.00, 1.39, 0.00, 2.18, 2.64, 0.00, 0.98, 2.22, 1.78, 0.00, 0.00, 0.15, 0.16, 2.00, 0.53, 0.00, 0.00, 0.00, 1.00, 1.00, 1.00, 1.00, 0.00, 1.00, 1.00, 1.00, 0.00, 0.00, 0.00, 0.00, 1.00, 1.00, 0.00, 0.00
3078,  0,  102.567,  0.98,  1, 0.00, 0.00, 1.47, 0.00, 2.14, 2.48, 0.00, 0.95, 2.24, 1.87, 0.00, 0.00, 0.04, 0.07, 1.82, 0.46, 0.00, 0.00, 0.00, 1.00, 1.00, 1.00, 1.00, 0.00, 1.00, 1.00, 1.00, 0.00, 0.00, 0.00, 0.00, 1.00, 1.00, 0.00, 0.00
3079,  0,  102.600,  0.98,  1, 0.00, 0.00, 1.43, 0.00, 2.08, 2.25, 0.00, 0.92, 2.23, 1.94, 0.00, 0.00, 0.00, 0.02, 1.72, 0.38, 0.00, 0.00, 0.00, 1.00, 1.00, 1.00, 1.00, 0.00, 1.00, 1.00, 1.00, 0.00, 0.00, 0.00, 0.00, 1.00, 1.00, 0.00, 0.00
3080,  0,  102.633,  0.98,  1, 0.00, 0.00, 1.47, 0.00, 2.06, 2.18, 0.00, 0.88, 2.26, 1.91, 0.00, 0.00, 0.01, 0.00, 1.66, 0.29, 0.00, 0.00, 0.00, 1.00, 1.00, 1.00, 1.00, 0.00, 1.00, 1.00, 1.00, 0.00, 0.00, 0.00, 0.00, 1.00, 1.00, 0.00, 0.00
3081,  0,  102.667,  0.98,  1, 0.00, 0.03, 1.50, 0.00, 2.04, 2.33, 0.00, 0.85, 2.31, 1.86, 0.00, 0.01, 0.01, 0.00, 1.66, 0.19, 0.00, 0.00, 0.00, 1.00, 1.00, 1.00, 1.00, 0.00, 1.00, 1.00, 1.00, 0.00, 0.00, 0.00, 0.00, 1.00, 0.00, 0.00, 0.00
3082,  0,  102.700,  0.98,  1, 0.00, 0.03, 1.49, 0.00, 1.92, 2.32, 0.00, 0.87, 2.34, 1.76, 0.00, 0.04, 0.01, 0.00, 1.63, 0.06, 0.00, 0.00, 0.00, 1.00, 1.00, 1.00, 1.00, 0.00, 1.00, 1.00, 1.00, 0.00, 0.00, 0.00, 0.00, 1.00, 0.00, 0.00, 0.00
3083,  0,  102.733,  0.98,  1, 0.00, 0.03, 1.35, 0.00, 1.82, 2.37, 0.00, 0.85, 2.37, 1.74, 0.00, 0.04, 0.00, 0.00, 1.60, 0.00, 0.00, 0.00, 0.00, 1.00, 1.00, 1.00, 1.00, 0.00, 1.00, 1.00, 1.00, 0.00, 0.00, 0.00, 0.00, 1.00, 0.00, 0.00, 0.00
3084,  0,  102.767,  0.98,  1, 0.00, 0.00, 1.29, 0.00, 1.69, 2.01, 0.00, 0.80, 2.28, 1.49, 0.00, 0.08, 0.04, 0.00, 1.58, 0.00, 0.00, 0.00, 0.00, 1.00, 1.00, 1.00, 1.00, 0.00, 1.00, 1.00, 1.00, 0.00, 0.00, 0.00, 0.00, 1.00, 0.00, 0.00, 0.00
3085,  0,  102.800,  0.98,  1, 0.00, 0.00, 1.33, 0.00, 1.59, 1.80, 0.00, 0.70, 2.21, 1.39, 0.00, 0.06, 0.04, 0.00, 1.55, 0.00, 0.00, 0.00, 0.00, 1.00, 1.00, 1.00, 1.00, 0.00, 1.00, 1.00, 1.00, 0.00, 0.00, 0.00, 0.00, 1.00, 0.00, 0.00, 0.00
3086,  0,  102.833,  0.98,  1, 0.00, 0.00, 1.43, 0.00, 1.49, 1.60, 0.00, 0.59, 2.14, 1.20, 0.00, 0.06, 0.04, 0.00, 1.56, 0.00, 0.00, 0.00, 0.00, 1.00, 1.00, 1.00, 1.00, 0.00, 1.00, 1.00, 1.00, 0.00, 0.00, 0.00, 0.00, 1.00, 0.00, 0.00, 0.00
3087,  0,  102.867,  0.98,  1, 0.00, 0.00, 1.42, 0.00, 1.50, 1.68, 0.00, 0.55, 2.15, 1.30, 0.00, 0.01, 0.00, 0.00, 1.60, 0.00, 0.00, 0.00, 0.00, 1.00, 1.00, 1.00, 1.00, 0.00, 1.00, 1.00, 1.00, 0.00, 0.00, 0.00, 0.00, 1.00, 0.00, 0.00, 0.00
3088,  0,  102.900,  0.98,  1, 0.00, 0.00, 1.46, 0.00, 1.59, 1.94, 0.00, 0.57, 2.17, 1.41, 0.00, 0.00, 0.00, 0.00, 1.58, 0.00, 0.00, 0.00, 0.00, 1.00, 1.00, 1.00, 1.00, 0.00, 1.00, 1.00, 1.00, 0.00, 0.00, 0.00, 0.00, 1.00, 0.00, 0.00, 0.00
3089,  0,  102.933,  0.98,  1, 0.00, 0.00, 1.45, 0.00, 1.74, 2.33, 0.00, 0.65, 2.24, 1.55, 0.00, 0.00, 0.00, 0.00, 1.62, 0.00, 0.00, 0.00, 0.00, 1.00, 1.00, 1.00, 1.00, 0.00, 1.00, 1.00, 1.00, 0.00, 0.00, 0.00, 0.00, 1.00, 0.00, 0.00, 0.00
3090,  0,  102.967,  0.98,  1, 0.00, 0.00, 1.52, 0.00, 1.81, 2.43, 0.00, 0.69, 2.29, 1.60, 0.00, 0.00, 0.00, 0.00, 1.65, 0.00, 0.00, 0.00, 0.00, 1.00, 1.00, 1.00, 1.00, 0.00, 1.00, 1.00, 1.00, 0.00, 0.00, 0.00, 0.00, 1.00, 0.00, 0.00, 0.00
3091,  0,  103.000,  0.98,  1, 0.00, 0.00, 1.50, 0.00, 1.87, 2.59, 0.00, 0.65, 2.31, 1.57, 0.00, 0.00, 0.00, 0.00, 1.76, 0.00, 0.00, 0.00, 0.00, 1.00, 1.00, 1.00, 1.00, 0.00, 1.00, 1.00, 1.00, 0.00, 0.00, 0.00, 0.00, 1.00, 1.00, 0.00, 0.00
3092,  0,  103.033,  0.98,  1, 0.00, 0.00, 1.41, 0.00, 1.91, 2.59, 0.00, 0.66, 2.30, 1.58, 0.00, 0.00, 0.00, 0.02, 1.78, 0.00, 0.00, 0.00, 0.00, 1.00, 1.00, 1.00, 1.00, 0.00, 1.00, 1.00, 1.00, 0.00, 0.00, 0.00, 0.00, 1.00, 1.00, 0.00, 0.00
3093,  0,  103.067,  0.98,  1, 0.00, 0.00, 1.36, 0.01, 1.96, 2.77, 0.00, 0.64, 2.30, 1.59, 0.00, 0.00, 0.00, 0.07, 1.82, 0.00, 0.00, 0.00, 0.00, 1.00, 1.00, 1.00, 1.00, 0.00, 1.00, 1.00, 1.00, 0.00, 0.00, 0.00, 0.00, 1.00, 1.00, 0.00, 0.00
3094,  0,  103.100,  0.98,  1, 0.00, 0.00, 1.34, 0.01, 2.02, 2.73, 0.00, 0.79, 2.34, 1.59, 0.00, 0.00, 0.00, 0.10, 1.87, 0.03, 0.00, 0.00, 0.00, 1.00, 1.00, 1.00, 1.00, 0.00, 1.00, 1.00, 1.00, 0.00, 0.00, 0.00, 0.00, 1.00, 1.00, 0.00, 0.00
3095,  0,  103.133,  0.98,  1, 0.00, 0.00, 1.28, 0.02, 2.05, 2.68, 0.00, 0.89, 2.38, 1.51, 0.00, 0.00, 0.00, 0.12, 1.92, 0.13, 0.00, 0.00, 0.00, 1.00, 1.00, 1.00, 1.00, 0.00, 1.00, 1.00, 1.00, 0.00, 0.00, 0.00, 1.00, 1.00, 1.00, 0.00, 0.00
3096,  0,  103.167,  0.98,  1, 0.00, 0.00, 1.24, 0.02, 1.98, 2.55, 0.00, 0.98, 2.42, 1.58, 0.00, 0.00, 0.00, 0.14, 1.87, 0.25, 0.00, 0.00, 0.00, 1.00, 1.00, 1.00, 1.00, 0.00, 1.00, 1.00, 1.00, 0.00, 0.00, 0.00, 1.00, 1.00, 1.00, 0.00, 0.00
3097,  0,  103.200,  0.98,  1, 0.00, 0.00, 1.21, 0.06, 1.95, 2.64, 0.00, 0.93, 2.43, 1.64, 0.00, 0.00, 0.00, 0.16, 1.79, 0.30, 0.00, 0.00, 0.00, 1.00, 1.00, 1.00, 1.00, 0.00, 1.00, 1.00, 1.00, 0.00, 0.00, 0.00, 1.00, 1.00, 1.00, 0.00, 0.00
3098,  0,  103.233,  0.98,  1, 0.00, 0.00, 1.17, 0.07, 1.91, 2.56, 0.00, 0.94, 2.42, 1.83, 0.00, 0.00, 0.00, 0.19, 1.81, 0.28, 0.00, 0.00, 0.00, 1.00, 1.00, 1.00, 1.00, 0.00, 1.00, 1.00, 1.00, 0.00, 0.00, 0.00, 1.00, 1.00, 1.00, 0.00, 0.00
3099,  0,  103.267,  0.98,  1, 0.00, 0.00, 1.09, 0.18, 2.00, 2.85, 0.00, 1.03, 2.41, 1.91, 0.00, 0.00, 0.00, 0.20, 1.93, 0.31, 0.00, 0.00, 0.00, 1.00, 1.00, 1.00, 1.00, 0.00, 1.00, 1.00, 1.00, 0.00, 0.00, 0.00, 1.00, 1.00, 1.00, 0.00, 0.00
3100,  0,  103.300,  0.98,  1, 0.00, 0.00, 1.01, 0.14, 2.07, 2.86, 0.00, 1.13, 2.40, 1.98, 0.00, 0.00, 0.00, 0.21, 2.03, 0.38, 0.00, 0.00, 0.00, 1.00, 1.00, 1.00, 1.00, 0.00, 1.00, 1.00, 1.00, 0.00, 0.00, 0.00, 0.00, 1.00, 1.00, 0.00, 0.00
3101,  0,  103.333,  0.98,  1, 0.00, 0.00, 1.15, 0.13, 2.15, 3.00, 0.00, 1.18, 2.36, 2.01, 0.00, 0.00, 0.00, 0.26, 2.03, 0.54, 0.00, 0.00, 0.00, 1.00, 1.00, 1.00, 1.00, 0.00, 1.00, 1.00, 1.00, 0.00, 0.00, 0.00, 0.00, 1.00, 1.00, 0.00, 0.00
3102,  0,  103.367,  0.98,  1, 0.00, 0.00, 1.24, 0.14, 2.19, 3.10, 0.00, 1.23, 2.30, 2.02, 0.00, 0.00, 0.00, 0.33, 2.01, 0.63, 0.00, 0.00, 0.00, 1.00, 1.00, 1.00, 1.00, 0.00, 1.00, 1.00, 1.00, 0.00, 0.00, 0.00, 0.00, 1.00, 1.00, 0.00, 0.00
3103,  0,  103.400,  0.98,  1, 0.00, 0.00, 1.25, 0.26, 2.19, 3.24, 0.00, 1.31, 2.27, 1.98, 0.00, 0.00, 0.08, 0.40, 2.01, 0.71, 0.00, 0.00, 0.00, 1.00, 1.00, 1.00, 1.00, 0.00, 1.00, 1.00, 1.00, 0.00, 0.00, 0.00, 0.00, 1.00, 1.00, 0.00, 0.00
3104,  0,  103.433,  0.98,  1, 0.00, 0.00, 1.16, 0.32, 2.17, 3.36, 0.00, 1.40, 2.25, 1.92, 0.00, 0.00, 0.10, 0.45, 2.05, 0.73, 0.00, 0.00, 0.00, 1.00, 1.00, 1.00, 1.00, 0.00, 1.00, 1.00, 1.00, 0.00, 0.00, 0.00, 0.00, 1.00, 1.00, 0.00, 0.00
3105,  0,  103.467,  0.98,  1, 0.00, 0.00, 1.14, 0.24, 2.14, 3.15, 0.00, 1.44, 2.27, 1.81, 0.00, 0.00, 0.10, 0.47, 2.13, 0.78, 0.00, 0.00, 0.00, 1.00, 1.00, 1.00, 1.00, 0.00, 1.00, 1.00, 1.00, 0.00, 0.00, 0.00, 0.00, 1.00, 1.00, 0.00, 0.00
3106,  0,  103.500,  0.98,  1, 0.00, 0.00, 1.29, 0.16, 2.16, 3.06, 0.00, 1.36, 2.28, 1.71, 0.00, 0.08, 0.02, 0.44, 2.25, 0.78, 0.25, 0.00, 0.00, 1.00, 1.00, 1.00, 1.00, 0.00, 1.00, 1.00, 1.00, 0.00, 0.00, 0.00, 0.00, 1.00, 1.00, 0.00, 0.00
3107,  0,  103.533,  0.98,  1, 0.00, 0.00, 1.49, 0.17, 2.05, 2.67, 0.00, 1.28, 2.33, 1.67, 0.00, 0.08, 0.00, 0.37, 2.40, 0.69, 0.85, 0.00, 0.00, 1.00, 1.00, 1.00, 1.00, 0.00, 1.00, 1.00, 1.00, 0.00, 0.00, 0.00, 1.00, 1.00, 1.00, 0.00, 1.00
3108,  0,  103.567,  0.93,  1, 0.00, 0.00, 1.54, 0.22, 1.92, 2.53, 0.00, 1.18, 2.30, 1.61, 0.00, 0.15, 0.02, 0.31, 2.42, 0.53, 1.52, 0.00, 0.00, 1.00, 1.00, 1.00, 1.00, 0.00, 1.00, 1.00, 1.00, 0.00, 0.00, 0.00, 1.00, 1.00, 1.00, 0.00, 1.00
3109,  0,  103.600,  0.93,  1, 0.00, 0.00, 1.45, 0.34, 1.76, 2.22, 0.00, 1.19, 2.26, 1.58, 0.00, 0.20, 0.06, 0.27, 2.40, 0.35, 2.04, 0.00, 0.00, 1.00, 1.00, 1.00, 1.00, 0.00, 1.00, 1.00, 1.00, 0.00, 0.00, 0.00, 1.00, 1.00, 1.00, 0.00, 1.00
3110,  0,  103.633,  0.93,  1, 0.00, 0.00, 1.38, 0.26, 1.81, 2.32, 0.00, 1.20, 2.20, 1.49, 0.00, 0.38, 0.06, 0.30, 2.29, 0.30, 2.06, 0.00, 0.00, 1.00, 1.00, 1.00, 1.00, 0.00, 1.00, 1.00, 1.00, 0.00, 0.00, 0.00, 1.00, 1.00, 1.00, 0.00, 1.00
3111,  0,  103.667,  0.93,  1, 0.00, 0.00, 1.35, 0.18, 1.85, 2.21, 0.00, 1.26, 2.16, 1.47, 0.00, 0.47, 0.10, 0.24, 2.22, 0.31, 1.99, 0.00, 0.00, 1.00, 1.00, 1.00, 1.00, 0.00, 1.00, 1.00, 1.00, 0.00, 0.00, 0.00, 1.00, 1.00, 1.00, 0.00, 1.00
3112,  0,  103.700,  0.98,  1, 0.00, 0.00, 1.44, 0.02, 1.94, 2.37, 0.00, 1.27, 2.12, 1.54, 0.00, 0.50, 0.11, 0.25, 2.21, 0.31, 1.59, 0.00, 0.00, 1.00, 0.00, 1.00, 1.00, 0.00, 1.00, 1.00, 1.00, 0.00, 0.00, 0.00, 1.00, 1.00, 1.00, 0.00, 1.00
3113,  0,  103.733,  0.98,  1, 0.00, 0.00, 1.53, 0.00, 2.00, 2.53, 0.00, 1.21, 2.05, 1.57, 0.00, 0.47, 0.19, 0.21, 2.27, 0.21, 1.16, 0.00, 0.00, 1.00, 0.00, 1.00, 1.00, 0.00, 1.00, 1.00, 1.00, 0.00, 0.00, 0.00, 1.00, 1.00, 1.00, 0.00, 1.00
3114,  0,  103.767,  0.98,  1, 0.00, 0.00, 1.64, 0.00, 2.08, 2.91, 0.00, 1.18, 2.03, 1.55, 0.00, 0.43, 0.36, 0.25, 2.37, 0.19, 0.73, 0.00, 0.00, 1.00, 0.00, 1.00, 1.00, 0.00, 1.00, 1.00, 1.00, 0.00, 0.00, 0.00, 1.00, 1.00, 1.00, 0.00, 1.00
3115,  0,  103.800,  0.98,  1, 0.00, 0.00, 1.71, 0.00, 2.11, 3.10, 0.00, 1.17, 2.01, 1.66, 0.00, 0.43, 0.44, 0.28, 2.39, 0.20, 0.44, 0.00, 0.00, 1.00, 0.00, 1.00, 1.00, 0.00, 1.00, 1.00, 1.00, 0.00, 0.00, 0.00, 1.00, 1.00, 1.00, 0.00, 1.00
3116,  0,  103.833,  0.98,  1, 0.00, 0.00, 1.57, 0.00, 2.12, 3.21, 0.00, 1.19, 2.01, 1.71, 0.00, 0.35, 0.47, 0.38, 2.41, 0.24, 0.25, 0.00, 0.00, 1.00, 0.00, 1.00, 1.00, 0.00, 1.00, 1.00, 1.00, 0.00, 0.00, 0.00, 1.00, 1.00, 1.00, 0.00, 1.00
3117,  0,  103.867,  0.98,  1, 0.00, 0.00, 1.52, 0.00, 2.16, 3.21, 0.00, 1.21, 2.00, 1.82, 0.00, 0.32, 0.33, 0.44, 2.41, 0.19, 0.19, 0.00, 0.00, 1.00, 1.00, 1.00, 1.00, 0.00, 1.00, 1.00, 1.00, 0.00, 0.00, 0.00, 1.00, 1.00, 1.00, 0.00, 1.00
3118,  0,  103.900,  0.98,  1, 0.00, 0.00, 1.41, 0.00, 2.12, 3.22, 0.00, 1.20, 2.01, 1.62, 0.00, 0.20, 0.25, 0.42, 2.44, 0.30, 0.12, 0.00, 0.00, 1.00, 1.00, 1.00, 1.00, 0.00, 1.00, 1.00, 1.00, 0.00, 0.00, 0.00, 1.00, 1.00, 1.00, 0.00, 1.00
3119,  0,  103.933,  0.98,  1, 0.00, 0.00, 1.45, 0.00, 2.11, 3.30, 0.00, 1.21, 2.02, 1.49, 0.00, 0.22, 0.24, 0.36, 2.39, 0.41, 0.20, 0.00, 0.00, 1.00, 1.00, 1.00, 1.00, 0.00, 1.00, 1.00, 1.00, 0.00, 0.00, 0.00, 1.00, 1.00, 1.00, 0.00, 1.00
3120,  0,  103.967,  0.98,  1, 0.00, 0.00, 1.44, 0.00, 2.01, 3.25, 0.00, 1.27, 1.99, 1.44, 0.00, 0.21, 0.27, 0.35, 2.30, 0.45, 0.11, 0.00, 0.00, 1.00, 1.00, 1.00, 1.00, 0.00, 1.00, 1.00, 1.00, 0.00, 0.00, 0.00, 1.00, 1.00, 1.00, 0.00, 1.00
3121,  0,  104.000,  0.98,  1, 0.00, 0.00, 1.46, 0.00, 1.98, 3.21, 0.00, 1.28, 1.93, 1.56, 0.00, 0.16, 0.31, 0.39, 2.22, 0.42, 0.15, 0.00, 0.00, 1.00, 1.00, 1.00, 1.00, 0.00, 1.00, 1.00, 1.00, 0.00, 0.00, 0.00, 1.00, 1.00, 1.00, 0.00, 1.00
3122,  0,  104.033,  0.98,  1, 0.00, 0.00, 1.43, 0.00, 1.94, 3.15, 0.00, 1.30, 1.86, 1.75, 0.00, 0.11, 0.37, 0.40, 2.24, 0.46, 0.13, 0.00, 0.00, 1.00, 1.00, 1.00, 1.00, 0.00, 1.00, 1.00, 1.00, 0.00, 0.00, 0.00, 1.00, 1.00, 1.00, 0.00, 1.00
3123,  0,  104.067,  0.98,  1, 0.00, 0.00, 1.45, 0.00, 1.98, 3.16, 0.00, 1.31, 1.90, 1.89, 0.00, 0.04, 0.39, 0.38, 2.25, 0.48, 0.13, 0.00, 0.00, 1.00, 1.00, 1.00, 1.00, 0.00, 1.00, 1.00, 1.00, 0.00, 0.00, 0.00, 1.00, 1.00, 1.00, 0.00, 1.00
3124,  0,  104.100,  0.98,  1, 0.00, 0.00, 1.40, 0.00, 1.98, 3.07, 0.00, 1.29, 1.94, 1.93, 0.00, 0.04, 0.41, 0.33, 2.27, 0.40, 0.09, 0.00, 0.00, 1.00, 1.00, 1.00, 1.00, 0.00, 1.00, 1.00, 1.00, 0.00, 0.00, 0.00, 1.00, 1.00, 1.00, 0.00, 1.00
3125,  0,  104.133,  0.98,  1, 0.00, 0.00, 1.38, 0.00, 1.98, 3.07, 0.00, 1.24, 1.99, 1.92, 0.00, 0.00, 0.44, 0.29, 2.24, 0.28, 0.06, 0.00, 0.00, 1.00, 1.00, 1.00, 1.00, 0.00, 1.00, 1.00, 1.00, 0.00, 0.00, 0.00, 1.00, 1.00, 1.00, 0.00, 1.00
3126,  0,  104.167,  0.98,  1, 0.00, 0.00, 1.37, 0.00, 1.93, 2.98, 0.00, 1.13, 1.97, 1.80, 0.00, 0.01, 0.40, 0.28, 2.28, 0.20, 0.06, 0.00, 0.00, 1.00, 1.00, 1.00, 1.00, 0.00, 1.00, 1.00, 1.00, 0.00, 0.00, 0.00, 1.00, 1.00, 1.00, 0.00, 1.00
3127,  0,  104.200,  0.98,  1, 0.00, 0.00, 1.31, 0.00, 1.94, 3.09, 0.00, 1.07, 1.92, 1.78, 0.00, 0.03, 0.40, 0.30, 2.23, 0.26, 0.08, 0.00, 0.00, 1.00, 1.00, 1.00, 1.00, 0.00, 1.00, 1.00, 1.00, 0.00, 0.00, 0.00, 1.00, 1.00, 1.00, 0.00, 1.00
3128,  0,  104.233,  0.98,  1, 0.00, 0.00, 1.27, 0.00, 1.98, 3.04, 0.00, 1.11, 1.89, 1.83, 0.00, 0.03, 0.35, 0.33, 2.16, 0.36, 0.06, 0.00, 0.00, 1.00, 1.00, 1.00, 1.00, 0.00, 1.00, 1.00, 1.00, 0.00, 0.00, 0.00, 1.00, 1.00, 1.00, 0.00, 1.00
3129,  0,  104.267,  0.98,  1, 0.00, 0.00, 1.25, 0.00, 2.02, 3.11, 0.00, 1.08, 1.86, 1.97, 0.00, 0.02, 0.44, 0.35, 2.10, 0.41, 0.06, 0.00, 0.00, 1.00, 1.00, 1.00, 1.00, 0.00, 1.00, 1.00, 1.00, 0.00, 0.00, 0.00, 1.00, 1.00, 1.00, 0.00, 1.00
3130,  0,  104.300,  0.98,  1, 0.00, 0.00, 1.36, 0.00, 2.04, 2.99, 0.00, 1.14, 1.92, 1.88, 0.00, 0.03, 0.43, 0.30, 2.08, 0.40, 0.00, 0.00, 0.00, 1.00, 1.00, 1.00, 1.00, 0.00, 1.00, 1.00, 1.00, 0.00, 0.00, 0.00, 1.00, 1.00, 1.00, 0.00, 1.00
3131,  0,  104.333,  0.98,  1, 0.00, 0.00, 1.39, 0.00, 2.05, 2.90, 0.00, 1.11, 1.96, 1.84, 0.00, 0.02, 0.39, 0.27, 2.12, 0.46, 0.00, 0.00, 0.00, 1.00, 1.00, 1.00, 1.00, 0.00, 1.00, 1.00, 1.00, 0.00, 0.00, 0.00, 1.00, 1.00, 1.00, 0.00, 1.00
3132,  0,  104.367,  0.98,  1, 0.00, 0.00, 1.38, 0.00, 2.04, 2.87, 0.00, 1.26, 2.06, 1.78, 0.00, 0.05, 0.28, 0.20, 2.21, 0.50, 0.00, 0.00, 0.00, 1.00, 1.00, 1.00, 1.00, 0.00, 1.00, 1.00, 1.00, 0.00, 0.00, 0.00, 1.00, 1.00, 1.00, 0.00, 1.00
3133,  0,  104.400,  0.98,  1, 0.00, 0.00, 1.28, 0.00, 2.02, 2.98, 0.00, 1.35, 2.08, 1.95, 0.00, 0.09, 0.19, 0.19, 2.25, 0.53, 0.00, 0.00, 0.00, 1.00, 1.00, 1.00, 1.00, 0.00, 1.00, 1.00, 1.00, 0.00, 0.00, 0.00, 1.00, 1.00, 1.00, 0.00, 1.00
3134,  0,  104.433,  0.98,  1, 0.00, 0.00, 1.33, 0.00, 1.97, 3.13, 0.00, 1.47, 2.09, 2.00, 0.00, 0.19, 0.09, 0.18, 2.25, 0.45, 0.00, 0.00, 0.00, 1.00, 1.00, 1.00, 1.00, 0.00, 1.00, 1.00, 1.00, 0.00, 0.00, 0.00, 1.00, 1.00, 1.00, 0.00, 1.00
3135,  0,  104.467,  0.98,  1, 0.00, 0.00, 1.33, 0.00, 1.92, 3.07, 0.00, 1.50, 2.03, 2.04, 0.00, 0.24, 0.04, 0.21, 2.18, 0.40, 0.00, 0.00, 0.00, 1.00, 1.00, 1.00, 1.00, 0.00, 1.00, 1.00, 1.00, 0.00, 0.00, 0.00, 1.00, 1.00, 1.00, 0.00, 1.00
3136,  0,  104.500,  0.98,  1, 0.00, 0.00, 1.34, 0.00, 1.89, 3.05, 0.00, 1.50, 2.01, 2.15, 0.00, 0.31, 0.06, 0.23, 2.16, 0.41, 0.00, 0.00, 0.00, 1.00, 1.00, 1.00, 1.00, 0.00, 1.00, 1.00, 1.00, 0.00, 0.00, 0.00, 1.00, 1.00, 1.00, 0.00, 1.00
3137,  0,  104.533,  0.98,  1, 0.00, 0.00, 1.29, 0.00, 1.92, 3.08, 0.00, 1.49, 2.01, 2.26, 0.00, 0.32, 0.12, 0.23, 2.09, 0.32, 0.00, 0.00, 0.00, 1.00, 1.00, 1.00, 1.00, 0.00, 1.00, 1.00, 1.00, 0.00, 0.00, 0.00, 1.00, 1.00, 1.00, 0.00, 1.00
3138,  0,  104.567,  0.98,  1, 0.00, 0.00, 1.26, 0.00, 1.97, 3.10, 0.00, 1.46, 1.99, 2.34, 0.00, 0.30, 0.15, 0.24, 2.05, 0.36, 0.00, 0.00, 0.00, 1.00, 1.00, 1.00, 1.00, 0.00, 1.00, 1.00, 1.00, 0.00, 0.00, 0.00, 1.00, 1.00, 1.00, 0.00, 1.00
3139,  0,  104.600,  0.98,  1, 0.00, 0.00, 1.32, 0.00, 2.00, 3.03, 0.00, 1.44, 1.92, 2.30, 0.00, 0.17, 0.18, 0.22, 2.03, 0.26, 0.00, 0.00, 0.00, 1.00, 1.00, 1.00, 1.00, 0.00, 1.00, 1.00, 1.00, 0.00, 0.00, 0.00, 1.00, 1.00, 1.00, 0.00, 1.00
3140,  0,  104.633,  0.98,  1, 0.00, 0.00, 1.32, 0.00, 1.93, 2.70, 0.00, 1.42, 1.82, 2.24, 0.00, 0.06, 0.24, 0.21, 2.08, 0.28, 0.02, 0.00, 0.00, 1.00, 1.00, 1.00, 1.00, 0.00, 1.00, 1.00, 1.00, 0.00, 0.00, 0.00, 1.00, 1.00, 1.00, 0.00, 1.00
3141,  0,  104.667,  0.98,  1, 0.00, 0.00, 1.28, 0.00, 1.86, 2.51, 0.00, 1.42, 1.74, 2.23, 0.00, 0.00, 0.30, 0.18, 2.06, 0.29, 0.02, 0.00, 0.00, 1.00, 1.00, 1.00, 1.00, 0.00, 1.00, 1.00, 1.00, 0.00, 0.00, 0.00, 1.00, 1.00, 1.00, 0.00, 1.00
3142,  0,  104.700,  0.98,  1, 0.00, 0.00, 1.28, 0.00, 1.85, 2.55, 0.06, 1.44, 1.71, 2.17, 0.00, 0.03, 0.31, 0.24, 1.98, 0.41, 0.02, 0.00, 0.00, 1.00, 1.00, 1.00, 1.00, 0.00, 1.00, 1.00, 1.00, 0.00, 0.00, 0.00, 1.00, 1.00, 1.00, 0.00, 0.00
3143,  0,  104.733,  0.98,  1, 0.00, 0.00, 1.30, 0.00, 1.87, 2.70, 0.16, 1.48, 1.73, 2.25, 0.00, 0.09, 0.35, 0.26, 1.87, 0.50, 0.00, 0.00, 0.00, 1.00, 1.00, 1.00, 1.00, 0.00, 1.00, 1.00, 1.00, 0.00, 0.00, 0.00, 1.00, 1.00, 1.00, 0.00, 0.00
3144,  0,  104.767,  0.98,  1, 0.00, 0.00, 1.33, 0.00, 1.92, 2.76, 0.18, 1.42, 1.82, 2.20, 0.00, 0.29, 0.33, 0.32, 1.88, 0.61, 0.00, 0.00, 0.00, 1.00, 1.00, 1.00, 1.00, 0.00, 1.00, 1.00, 1.00, 0.00, 0.00, 0.00, 1.00, 1.00, 1.00, 0.00, 0.00
3145,  0,  104.800,  0.98,  1, 0.00, 0.00, 1.27, 0.00, 1.91, 2.64, 0.12, 1.34, 1.89, 2.31, 0.00, 0.43, 0.34, 0.28, 1.84, 0.60, 0.00, 0.00, 0.00, 1.00, 1.00, 1.00, 1.00, 0.00, 1.00, 1.00, 1.00, 0.00, 0.00, 0.00, 1.00, 1.00, 1.00, 0.00, 0.00
3146,  0,  104.833,  0.98,  1, 0.00, 0.00, 1.22, 0.00, 1.91, 2.62, 0.02, 1.22, 1.91, 2.34, 0.00, 0.49, 0.21, 0.30, 1.94, 0.58, 0.00, 0.00, 0.00, 1.00, 1.00, 1.00, 1.00, 0.00, 1.00, 1.00, 1.00, 0.00, 0.00, 0.00, 1.00, 1.00, 1.00, 0.00, 0.00
3147,  0,  104.867,  0.98,  1, 0.00, 0.00, 1.25, 0.01, 1.80, 2.55, 0.00, 1.19, 1.88, 2.46, 0.00, 0.51, 0.18, 0.25, 1.93, 0.43, 0.00, 0.00, 0.00, 1.00, 1.00, 1.00, 1.00, 0.00, 1.00, 1.00, 1.00, 0.00, 0.00, 0.00, 1.00, 1.00, 1.00, 0.00, 0.00
3148,  0,  104.900,  0.98,  1, 0.00, 0.00, 1.31, 0.03, 1.70, 2.42, 0.00, 1.07, 1.84, 2.43, 0.00, 0.44, 0.25, 0.17, 2.02, 0.28, 0.55, 0.00, 0.00, 1.00, 1.00, 1.00, 1.00, 0.00, 1.00, 1.00, 1.00, 0.00, 0.00, 0.00, 1.00, 1.00, 1.00, 0.00, 0.00
3149,  0,  104.933,  0.98,  1, 0.00, 0.00, 1.23, 0.10, 1.60, 2.09, 0.00, 0.98, 1.85, 2.34, 0.00, 0.41, 0.27, 0.06, 1.94, 0.17, 1.28, 0.00, 0.00, 1.00, 1.00, 1.00, 1.00, 0.00, 1.00, 1.00, 1.00, 0.00, 0.00, 0.00, 1.00, 1.00, 0.00, 0.00, 1.00
3150,  0,  104.967,  0.98,  1, 0.00, 0.00, 1.23, 0.08, 1.64, 2.06, 0.00, 0.82, 1.81, 2.23, 0.00, 0.27, 0.20, 0.01, 1.95, 0.11, 2.01, 0.00, 0.00, 1.00, 1.00, 1.00, 1.00, 0.00, 1.00, 1.00, 1.00, 0.00, 0.00, 0.00, 1.00, 1.00, 0.00, 0.00, 1.00
3151,  0,  105.000,  0.98,  1, 0.00, 0.00, 1.32, 0.07, 1.66, 2.00, 0.00, 0.79, 1.81, 2.19, 0.00, 0.21, 0.09, 0.03, 1.96, 0.19, 1.98, 0.00, 0.00, 1.00, 1.00, 1.00, 1.00, 0.00, 1.00, 1.00, 1.00, 0.00, 0.00, 0.00, 1.00, 1.00, 0.00, 0.00, 1.00
3152,  0,  105.033,  0.98,  1, 0.00, 0.00, 1.44, 0.00, 1.70, 2.11, 0.00, 0.68, 1.80, 2.22, 0.00, 0.28, 0.13, 0.04, 1.87, 0.14, 1.52, 0.00, 0.00, 1.00, 1.00, 1.00, 1.00, 0.00, 1.00, 1.00, 1.00, 0.00, 0.00, 0.00, 1.00, 1.00, 0.00, 0.00, 1.00
3153,  0,  105.067,  0.98,  1, 0.00, 0.00, 1.43, 0.00, 1.64, 2.06, 0.00, 0.60, 1.79, 2.21, 0.00, 0.37, 0.28, 0.03, 1.77, 0.17, 1.12, 0.00, 0.00, 1.00, 1.00, 1.00, 1.00, 0.00, 1.00, 1.00, 1.00, 0.00, 0.00, 0.00, 1.00, 1.00, 0.00, 0.00, 1.00
3154,  0,  105.100,  0.98,  1, 0.00, 0.00, 1.33, 0.00, 1.59, 2.03, 0.00, 0.49, 1.70, 2.20, 0.00, 0.47, 0.35, 0.01, 1.54, 0.22, 0.75, 0.00, 0.00, 1.00, 1.00, 1.00, 1.00, 0.00, 1.00, 1.00, 1.00, 0.00, 0.00, 0.00, 1.00, 1.00, 0.00, 0.00, 1.00
3155,  0,  105.133,  0.98,  1, 0.00, 0.00, 1.30, 0.04, 1.51, 2.03, 0.00, 0.46, 1.58, 2.06, 0.00, 0.48, 0.37, 0.00, 1.52, 0.36, 0.62, 0.00, 0.00, 1.00, 1.00, 1.00, 1.00, 0.00, 1.00, 1.00, 1.00, 0.00, 0.00, 0.00, 1.00, 1.00, 0.00, 0.00, 1.00
3156,  0,  105.167,  0.98,  1, 0.00, 0.00, 1.36, 0.04, 1.40, 2.04, 0.00, 0.32, 1.40, 1.88, 0.00, 0.53, 0.33, 0.02, 1.36, 0.48, 0.33, 0.00, 0.00, 1.00, 1.00, 1.00, 1.00, 0.00, 1.00, 1.00, 1.00, 0.00, 0.00, 0.00, 1.00, 1.00, 0.00, 0.00, 1.00
3157,  0,  105.200,  0.98,  1, 0.00, 0.00, 1.41, 0.04, 1.25, 2.15, 0.04, 0.24, 1.25, 1.82, 0.00, 0.63, 0.40, 0.03, 1.33, 0.54, 0.18, 0.00, 0.00, 1.00, 1.00, 1.00, 1.00, 0.00, 1.00, 1.00, 1.00, 0.00, 0.00, 0.00, 1.00, 1.00, 0.00, 0.00, 1.00
3158,  0,  105.233,  0.98,  1, 0.00, 0.00, 1.45, 0.00, 1.09, 2.19, 0.07, 0.18, 1.09, 1.82, 0.00, 0.69, 0.31, 0.03, 1.18, 0.56, 0.04, 0.00, 0.00, 1.00, 1.00, 1.00, 1.00, 0.00, 1.00, 1.00, 1.00, 0.00, 0.00, 0.00, 1.00, 1.00, 0.00, 0.00, 1.00
3159,  0,  105.267,  0.98,  1, 0.00, 0.00, 1.41, 0.00, 0.95, 2.27, 0.07, 0.26, 0.96, 1.82, 0.00, 0.70, 0.20, 0.01, 1.17, 0.50, 0.01, 0.00, 0.00, 1.00, 1.00, 1.00, 1.00, 0.00, 1.00, 1.00, 1.00, 0.00, 1.00, 0.00, 1.00, 1.00, 0.00, 0.00, 1.00
3160,  0,  105.300,  0.98,  1, 0.00, 0.00, 1.36, 0.00, 0.83, 2.24, 0.03, 0.20, 0.80, 1.75, 0.00, 0.66, 0.09, 0.00, 1.01, 0.44, 0.05, 0.00, 0.00, 1.00, 1.00, 1.00, 1.00, 0.00, 1.00, 1.00, 1.00, 0.00, 1.00, 0.00, 1.00, 1.00, 0.00, 0.00, 0.00
3161,  0,  105.333,  0.98,  1, 0.00, 0.00, 1.26, 0.00, 0.71, 2.17, 0.00, 0.09, 0.58, 1.62, 0.00, 0.63, 0.12, 0.02, 0.89, 0.49, 0.05, 0.00, 0.00, 1.00, 1.00, 0.00, 1.00, 0.00, 1.00, 1.00, 1.00, 0.00, 1.00, 0.00, 1.00, 0.00, 0.00, 0.00, 0.00
3162,  0,  105.367,  0.98,  1, 0.00, 0.02, 1.22, 0.00, 0.60, 1.91, 0.00, 0.00, 0.42, 1.62, 0.00, 0.62, 0.16, 0.04, 0.69, 0.56, 0.15, 0.00, 0.00, 1.00, 1.00, 0.00, 1.00, 0.00, 1.00, 0.00, 1.00, 0.00, 1.00, 0.00, 1.00, 0.00, 0.00, 0.00, 0.00
3163,  0,  105.400,  0.98,  1, 0.01, 0.03, 1.20, 0.00, 0.51, 1.79, 0.00, 0.00, 0.28, 1.58, 0.00, 0.69, 0.11, 0.06, 0.57, 0.56, 0.21, 0.00, 0.00, 1.00, 1.00, 0.00, 1.00, 0.00, 1.00, 0.00, 1.00, 0.00, 1.00, 0.00, 1.00, 0.00, 0.00, 0.00, 0.00
3164,  0,  105.433,  0.98,  1, 0.03, 0.08, 1.27, 0.00, 0.46, 1.74, 0.00, 0.00, 0.21, 1.55, 0.00, 0.80, 0.05, 0.05, 0.46, 0.50, 0.26, 0.00, 0.00, 1.00, 1.00, 0.00, 1.00, 0.00, 1.00, 0.00, 1.00, 0.00, 1.00, 0.00, 1.00, 0.00, 0.00, 0.00, 0.00
3165,  0,  105.467,  0.98,  1, 0.03, 0.06, 1.33, 0.00, 0.44, 1.85, 0.00, 0.00, 0.14, 1.51, 0.00, 0.89, 0.00, 0.05, 0.37, 0.37, 0.22, 0.00, 0.00, 1.00, 1.00, 0.00, 1.00, 0.00, 1.00, 0.00, 1.00, 0.00, 1.00, 0.00, 1.00, 0.00, 0.00, 0.00, 0.00
3166,  0,  105.500,  0.98,  1, 0.03, 0.05, 1.30, 0.00, 0.37, 1.81, 0.00, 0.00, 0.11, 1.46, 0.00, 0.95, 0.00, 0.05, 0.26, 0.26, 0.12, 0.00, 0.00, 1.00, 1.00, 0.00, 1.00, 0.00, 1.00, 0.00, 1.00, 1.00, 1.00, 0.00, 1.00, 0.00, 0.00, 0.00, 0.00
3167,  0,  105.533,  0.98,  1, 0.05, 0.00, 1.21, 0.00, 0.29, 1.61, 0.00, 0.00, 0.07, 1.43, 0.00, 1.01, 0.00, 0.06, 0.10, 0.14, 0.07, 0.00, 0.00, 1.00, 1.00, 0.00, 1.00, 0.00, 1.00, 0.00, 1.00, 1.00, 1.00, 0.00, 1.00, 0.00, 0.00, 0.00, 0.00
3168,  0,  105.567,  0.98,  1, 0.05, 0.00, 1.13, 0.00, 0.25, 1.51, 0.00, 0.00, 0.06, 1.48, 0.00, 1.05, 0.02, 0.12, 0.03, 0.13, 0.00, 0.00, 0.00, 1.00, 1.00, 0.00, 1.00, 0.00, 1.00, 0.00, 1.00, 1.00, 1.00, 0.00, 1.00, 0.00, 0.00, 0.00, 0.00
3169,  0,  105.600,  0.98,  1, 0.05, 0.00, 1.09, 0.04, 0.27, 1.46, 0.00, 0.00, 0.02, 1.49, 0.01, 1.07, 0.02, 0.16, 0.08, 0.11, 0.00, 0.00, 0.00, 1.00, 1.00, 0.00, 1.00, 0.00, 1.00, 0.00, 1.00, 1.00, 1.00, 0.00, 1.00, 0.00, 0.00, 0.00, 0.00
3170,  0,  105.633,  0.98,  1, 0.04, 0.00, 1.13, 0.09, 0.33, 1.53, 0.00, 0.00, 0.02, 1.61, 0.01, 1.03, 0.02, 0.20, 0.13, 0.08, 0.00, 0.00, 0.00, 1.00, 1.00, 0.00, 1.00, 0.00, 1.00, 0.00, 1.00, 1.00, 1.00, 0.00, 1.00, 0.00, 0.00, 0.00, 0.00
3171,  0,  105.667,  0.98,  1, 0.08, 0.01, 1.18, 0.12, 0.33, 1.49, 0.00, 0.00, 0.00, 1.62, 0.03, 1.05, 0.00, 0.18, 0.12, 0.02, 0.00, 0.00, 0.00, 1.00, 1.00, 0.00, 1.00, 0.00, 1.00, 0.00, 1.00, 1.00, 1.00, 0.00, 1.00, 0.00, 0.00, 0.00, 0.00
3172,  0,  105.700,  0.98,  1, 0.13, 0.01, 1.22, 0.08, 0.29, 1.45, 0.00, 0.00, 0.00, 1.69, 0.02, 1.06, 0.00, 0.18, 0.06, 0.00, 0.00, 0.00, 0.00, 1.00, 1.00, 0.00, 1.00, 0.00, 1.00, 0.00, 1.00, 1.00, 1.00, 0.00, 1.00, 0.00, 0.00, 0.00, 0.00
3173,  0,  105.733,  0.98,  1, 0.12, 0.01, 1.26, 0.03, 0.28, 1.32, 0.00, 0.00, 0.00, 1.66, 0.09, 1.06, 0.00, 0.17, 0.01, 0.00, 0.00, 0.00, 0.00, 1.00, 1.00, 0.00, 1.00, 0.00, 1.00, 0.00, 1.00, 1.00, 1.00, 0.00, 1.00, 0.00, 0.00, 0.00, 0.00
3174,  0,  105.767,  0.98,  1, 0.15, 0.00, 1.23, 0.00, 0.27, 1.29, 0.00, 0.00, 0.00, 1.60, 0.16, 1.03, 0.00, 0.15, 0.03, 0.00, 0.00, 0.00, 0.00, 1.00, 1.00, 0.00, 1.00, 0.00, 1.00, 0.00, 1.00, 1.00, 1.00, 0.00, 1.00, 0.00, 0.00, 0.00, 0.00
3175,  0,  105.800,  0.98,  1, 0.13, 0.00, 1.20, 0.02, 0.26, 1.28, 0.00, 0.00, 0.00, 1.53, 0.23, 1.03, 0.00, 0.13, 0.03, 0.00, 0.00, 0.00, 0.00, 1.00, 1.00, 0.00, 1.00, 0.00, 1.00, 0.00, 1.00, 1.00, 1.00, 0.00, 1.00, 0.00, 0.00, 0.00, 0.00
3176,  0,  105.833,  0.98,  1, 0.15, 0.00, 1.17, 0.02, 0.24, 1.46, 0.00, 0.00, 0.00, 1.54, 0.21, 1.04, 0.01, 0.13, 0.02, 0.00, 0.00, 0.00, 0.00, 1.00, 1.00, 0.00, 1.00, 0.00, 1.00, 0.00, 1.00, 1.00, 1.00, 0.00, 1.00, 0.00, 0.00, 0.00, 0.00
3177,  0,  105.867,  0.98,  1, 0.11, 0.00, 1.09, 0.02, 0.22, 1.35, 0.00, 0.00, 0.00, 1.53, 0.21, 1.02, 0.01, 0.11, 0.06, 0.00, 0.00, 0.00, 0.00, 1.00, 1.00, 0.00, 1.00, 0.00, 1.00, 0.00, 1.00, 1.00, 1.00, 0.00, 1.00, 0.00, 0.00, 0.00, 0.00
3178,  0,  105.900,  0.98,  1, 0.09, 0.00, 1.04, 0.00, 0.20, 1.24, 0.00, 0.00, 0.00, 1.54, 0.21, 1.26, 0.01, 0.10, 0.06, 0.00, 0.00, 0.00, 0.00, 1.00, 1.00, 0.00, 1.00, 0.00, 1.00, 0.00, 1.00, 1.00, 1.00, 0.00, 1.00, 0.00, 0.00, 0.00, 0.00
3179,  0,  105.933,  0.98,  1, 0.05, 0.00, 1.02, 0.00, 0.15, 1.02, 0.00, 0.00, 0.00, 1.48, 0.27, 1.45, 0.00, 0.08, 0.06, 0.00, 0.00, 0.00, 0.00, 1.00, 1.00, 0.00, 1.00, 0.00, 1.00, 0.00, 1.00, 1.00, 1.00, 0.00, 1.00, 0.00, 0.00, 0.00, 0.00
3180,  0,  105.967,  0.98,  1, 0.02, 0.00, 1.00, 0.00, 0.11, 0.97, 0.00, 0.00, 0.03, 1.46, 0.23, 1.53, 0.00, 0.07, 0.00, 0.00, 0.06, 0.00, 0.00, 1.00, 1.00, 0.00, 1.00, 0.00, 1.00, 0.00, 1.00, 1.00, 1.00, 0.00, 1.00, 0.00, 0.00, 0.00, 0.00
3181,  0,  106.000,  0.98,  1, 0.01, 0.00, 1.00, 0.00, 0.12, 1.01, 0.00, 0.00, 0.07, 1.42, 0.27, 1.33, 0.06, 0.06, 0.00, 0.00, 0.13, 0.00, 0.00, 1.00, 1.00, 0.00, 1.00, 0.00, 1.00, 0.00, 1.00, 1.00, 1.00, 0.00, 1.00, 0.00, 0.00, 0.00, 0.00
3182,  0,  106.033,  0.98,  1, 0.00, 0.00, 0.95, 0.01, 0.15, 1.18, 0.00, 0.00, 0.10, 1.37, 0.25, 1.19, 0.06, 0.07, 0.00, 0.00, 0.21, 0.00, 0.00, 1.00, 1.00, 0.00, 1.00, 0.00, 1.00, 0.00, 1.00, 1.00, 1.00, 0.00, 1.00, 0.00, 0.00, 0.00, 0.00
3183,  0,  106.067,  0.98,  1, 0.00, 0.00, 1.02, 0.01, 0.17, 1.32, 0.00, 0.00, 0.09, 1.34, 0.31, 1.20, 0.06, 0.09, 0.00, 0.00, 0.16, 0.00, 0.00, 1.00, 1.00, 0.00, 1.00, 0.00, 1.00, 0.00, 1.00, 1.00, 1.00, 0.00, 1.00, 0.00, 0.00, 0.00, 0.00
3184,  0,  106.100,  0.98,  1, 0.02, 0.06, 1.05, 0.01, 0.15, 1.39, 0.00, 0.00, 0.07, 1.31, 0.27, 1.22, 0.00, 0.09, 0.00, 0.00, 0.10, 0.00, 0.00, 1.00, 1.00, 0.00, 1.00, 0.00, 1.00, 0.00, 1.00, 1.00, 1.00, 0.00, 1.00, 0.00, 0.00, 0.00, 0.00
3185,  0,  106.133,  0.98,  1, 0.08, 0.12, 1.17, 0.00, 0.13, 1.34, 0.00, 0.00, 0.04, 1.35, 0.21, 1.22, 0.00, 0.09, 0.00, 0.00, 0.01, 0.00, 0.00, 1.00, 1.00, 0.00, 1.00, 0.00, 1.00, 0.00, 1.00, 1.00, 1.00, 0.00, 1.00, 0.00, 0.00, 0.00, 0.00
3186,  0,  106.167,  0.98,  1, 0.14, 0.16, 1.30, 0.00, 0.13, 1.33, 0.00, 0.00, 0.04, 1.50, 0.16, 1.14, 0.06, 0.11, 0.00, 0.00, 0.00, 0.00, 0.00, 1.00, 1.00, 0.00, 1.00, 0.00, 1.00, 0.00, 1.00, 1.00, 1.00, 0.00, 1.00, 0.00, 0.00, 0.00, 0.00
3187,  0,  106.200,  0.98,  1, 0.17, 0.14, 1.42, 0.00, 0.16, 1.32, 0.00, 0.00, 0.06, 1.64, 0.19, 1.11, 0.15, 0.11, 0.00, 0.00, 0.00, 0.00, 0.00, 1.00, 1.00, 0.00, 1.00, 0.00, 1.00, 0.00, 1.00, 1.00, 1.00, 0.00, 1.00, 0.00, 0.00, 0.00, 0.00
3188,  0,  106.233,  0.98,  1, 0.10, 0.10, 1.45, 0.00, 0.22, 1.36, 0.00, 0.00, 0.10, 1.78, 0.26, 1.08, 0.15, 0.14, 0.00, 0.00, 0.00, 0.00, 0.00, 1.00, 1.00, 0.00, 1.00, 0.00, 1.00, 0.00, 1.00, 1.00, 1.00, 0.00, 1.00, 0.00, 0.00, 0.00, 0.00
3189,  0,  106.267,  0.98,  1, 0.04, 0.10, 1.44, 0.02, 0.25, 1.47, 0.00, 0.00, 0.12, 1.80, 0.34, 1.15, 0.18, 0.15, 0.00, 0.00, 0.00, 0.00, 0.00, 1.00, 1.00, 0.00, 1.00, 0.00, 1.00, 0.00, 1.00, 1.00, 1.00, 0.00, 1.00, 0.00, 0.00, 0.00, 0.00
3190,  0,  106.300,  0.98,  1, 0.06, 0.13, 1.38, 0.02, 0.28, 1.50, 0.00, 0.00, 0.10, 1.74, 0.33, 1.12, 0.09, 0.19, 0.00, 0.00, 0.00, 0.00, 0.00, 1.00, 1.00, 0.00, 1.00, 0.00, 1.00, 0.00, 1.00, 1.00, 1.00, 0.00, 1.00, 0.00, 0.00, 0.00, 0.00
3191,  0,  106.333,  0.98,  1, 0.16, 0.27, 1.27, 0.02, 0.33, 1.53, 0.00, 0.00, 0.05, 1.66, 0.38, 1.20, 0.09, 0.22, 0.00, 0.00, 0.00, 0.00, 0.00, 1.00, 1.00, 0.00, 1.00, 0.00, 1.00, 0.00, 1.00, 1.00, 1.00, 0.00, 1.00, 0.00, 0.00, 0.00, 0.00
3192,  0,  106.367,  0.98,  1, 0.26, 0.25, 1.16, 0.00, 0.38, 1.55, 0.00, 0.00, 0.04, 1.61, 0.30, 1.16, 0.00, 0.21, 0.00, 0.00, 0.00, 0.00, 0.00, 1.00, 1.00, 0.00, 1.00, 0.00, 1.00, 0.00, 1.00, 1.00, 1.00, 0.00, 1.00, 0.00, 0.00, 0.00, 0.00
3193,  0,  106.400,  0.98,  1, 0.27, 0.17, 1.14, 0.00, 0.41, 1.70, 0.00, 0.00, 0.03, 1.60, 0.24, 1.14, 0.00, 0.17, 0.00, 0.00, 0.00, 0.00, 0.00, 1.00, 1.00, 0.00, 1.00, 0.00, 1.00, 0.00, 1.00, 1.00, 1.00, 0.00, 1.00, 0.00, 0.00, 0.00, 0.00
3194,  0,  106.433,  0.98,  1, 0.24, 0.03, 1.15, 0.02, 0.41, 1.77, 0.00, 0.00, 0.05, 1.54, 0.09, 1.07, 0.03, 0.12, 0.00, 0.00, 0.00, 0.00, 0.00, 1.00, 1.00, 0.00, 1.00, 0.00, 1.00, 0.00, 1.00, 1.00, 1.00, 0.00, 1.00, 0.00, 0.00, 0.00, 0.00
3195,  0,  106.467,  0.98,  1, 0.20, 0.01, 1.12, 0.02, 0.43, 1.75, 0.00, 0.00, 0.05, 1.48, 0.05, 1.02, 0.07, 0.10, 0.00, 0.00, 0.00, 0.00, 0.00, 1.00, 1.00, 0.00, 1.00, 0.00, 1.00, 0.00, 1.00, 1.00, 1.00, 0.00, 1.00, 0.00, 0.00, 0.00, 0.00
3196,  0,  106.500,  0.98,  1, 0.17, 0.04, 1.02, 0.07, 0.46, 1.75, 0.00, 0.00, 0.09, 1.43, 0.01, 1.01, 0.09, 0.06, 0.00, 0.00, 0.00, 0.00, 0.00, 1.00, 1.00, 0.00, 1.00, 0.00, 1.00, 0.00, 1.00, 1.00, 1.00, 0.00, 1.00, 0.00, 0.00, 0.00, 0.00
3197,  0,  106.533,  0.98,  1, 0.14, 0.03, 0.95, 0.07, 0.44, 1.69, 0.00, 0.00, 0.09, 1.38, 0.04, 0.94, 0.07, 0.06, 0.00, 0.00, 0.00, 0.00, 0.00, 1.00, 1.00, 0.00, 1.00, 0.00, 1.00, 0.00, 1.00, 1.00, 1.00, 0.00, 1.00, 0.00, 0.00, 0.00, 0.00
3198,  0,  106.567,  0.98,  1, 0.12, 0.04, 0.92, 0.10, 0.42, 1.65, 0.00, 0.00, 0.08, 1.36, 0.12, 0.92, 0.04, 0.07, 0.00, 0.00, 0.00, 0.00, 0.00, 1.00, 1.00, 0.00, 1.00, 0.00, 1.00, 0.00, 1.00, 1.00, 1.00, 0.00, 1.00, 0.00, 0.00, 0.00, 0.00
3199,  0,  106.600,  0.98,  1, 0.11, 0.01, 0.97, 0.14, 0.40, 1.65, 0.00, 0.00, 0.04, 1.32, 0.17, 0.90, 0.03, 0.08, 0.00, 0.00, 0.00, 0.00, 0.00, 1.00, 1.00, 0.00, 1.00, 0.00, 1.00, 0.00, 1.00, 1.00, 1.00, 0.00, 1.00, 0.00, 0.00, 0.00, 0.00
3200,  0,  106.633,  0.98,  1, 0.15, 0.01, 1.03, 0.13, 0.40, 1.73, 0.00, 0.00, 0.03, 1.29, 0.17, 0.90, 0.02, 0.05, 0.00, 0.00, 0.00, 0.00, 0.00, 1.00, 1.00, 0.00, 1.00, 0.00, 1.00, 0.00, 1.00, 1.00, 1.00, 0.00, 1.00, 0.00, 0.00, 0.00, 0.00
3201,  0,  106.667,  0.98,  1, 0.17, 0.00, 1.06, 0.09, 0.39, 1.76, 0.00, 0.00, 0.01, 1.29, 0.10, 0.91, 0.04, 0.02, 0.00, 0.00, 0.00, 0.00, 0.00, 1.00, 1.00, 0.00, 1.00, 0.00, 1.00, 0.00, 1.00, 1.00, 1.00, 0.00, 1.00, 0.00, 0.00, 0.00, 0.00
3202,  0,  106.700,  0.98,  1, 0.13, 0.00, 1.02, 0.00, 0.36, 1.56, 0.00, 0.00, 0.04, 1.46, 0.05, 0.91, 0.05, 0.08, 0.00, 0.00, 0.00, 0.00, 0.00, 1.00, 1.00, 0.00, 1.00, 0.00, 1.00, 0.00, 1.00, 1.00, 1.00, 0.00, 1.00, 0.00, 0.00, 0.00, 0.00
3203,  0,  106.733,  0.98,  1, 0.07, 0.00, 1.01, 0.00, 0.32, 1.32, 0.00, 0.00, 0.10, 1.61, 0.01, 0.92, 0.09, 0.17, 0.01, 0.00, 0.00, 0.00, 0.00, 1.00, 1.00, 0.00, 1.00, 0.00, 1.00, 0.00, 1.00, 1.00, 1.00, 0.00, 1.00, 0.00, 0.00, 0.00, 0.00
3204,  0,  106.767,  0.98,  1, 0.00, 0.00, 1.13, 0.00, 0.32, 1.25, 0.00, 0.00, 0.15, 1.70, 0.00, 0.97, 0.08, 0.25, 0.01, 0.00, 0.05, 0.00, 0.00, 1.00, 1.00, 0.00, 1.00, 0.00, 1.00, 0.00, 1.00, 1.00, 1.00, 0.00, 1.00, 0.00, 0.00, 0.00, 0.00
3205,  0,  106.800,  0.98,  1, 0.00, 0.00, 1.29, 0.01, 0.31, 1.41, 0.00, 0.00, 0.16, 1.64, 0.08, 1.03, 0.09, 0.26, 0.01, 0.00, 0.11, 0.00, 0.00, 1.00, 1.00, 0.00, 1.00, 0.00, 1.00, 0.00, 1.00, 1.00, 1.00, 0.00, 1.00, 0.00, 0.00, 0.00, 0.00
3206,  0,  106.833,  0.98,  1, 0.02, 0.00, 1.39, 0.01, 0.30, 1.76, 0.00, 0.00, 0.17, 1.55, 0.10, 1.07, 0.05, 0.22, 0.00, 0.00, 0.11, 0.00, 0.00, 1.00, 1.00, 0.00, 1.00, 0.00, 1.00, 0.00, 1.00, 1.00, 1.00, 0.00, 1.00, 0.00, 0.00, 0.00, 0.00
3207,  0,  106.867,  0.98,  1, 0.03, 0.00, 1.31, 0.01, 0.22, 1.79, 0.00, 0.00, 0.15, 1.46, 0.10, 1.07, 0.07, 0.20, 0.00, 0.00, 0.06, 0.00, 0.00, 1.00, 1.00, 0.00, 1.00, 0.00, 1.00, 0.00, 1.00, 1.00, 1.00, 0.00, 1.00, 0.00, 0.00, 0.00, 0.00
3208,  0,  106.900,  0.98,  1, 0.03, 0.00, 1.22, 0.00, 0.20, 1.75, 0.00, 0.00, 0.14, 1.47, 0.04, 1.07, 0.07, 0.19, 0.00, 0.00, 0.00, 0.00, 0.00, 1.00, 1.00, 0.00, 1.00, 0.00, 1.00, 0.00, 1.00, 1.00, 1.00, 0.00, 1.00, 0.00, 0.00, 0.00, 0.00
3209,  0,  106.933,  0.98,  1, 0.01, 0.00, 1.21, 0.00, 0.17, 1.55, 0.00, 0.00, 0.10, 1.53, 0.02, 1.07, 0.07, 0.20, 0.00, 0.00, 0.00, 0.00, 0.00, 1.00, 1.00, 0.00, 1.00, 0.00, 1.00, 0.00, 1.00, 1.00, 1.00, 0.00, 1.00, 0.00, 0.00, 0.00, 0.00
3210,  0,  106.967,  0.98,  1, 0.00, 0.00, 1.23, 0.00, 0.18, 1.53, 0.00, 0.00, 0.10, 1.58, 0.02, 1.09, 0.04, 0.20, 0.00, 0.00, 0.03, 0.00, 0.00, 1.00, 1.00, 0.00, 1.00, 0.00, 1.00, 0.00, 1.00, 1.00, 1.00, 0.00, 1.00, 0.00, 0.00, 0.00, 0.00
3211,  0,  107.000,  0.98,  1, 0.00, 0.00, 1.31, 0.00, 0.16, 1.49, 0.00, 0.00, 0.08, 1.57, 0.00, 1.12, 0.02, 0.20, 0.00, 0.00, 0.03, 0.00, 0.00, 1.00, 1.00, 0.00, 1.00, 0.00, 1.00, 0.00, 1.00, 1.00, 1.00, 0.00, 1.00, 0.00, 0.00, 0.00, 0.00
3212,  0,  107.033,  0.98,  1, 0.00, 0.00, 1.35, 0.00, 0.18, 1.50, 0.00, 0.00, 0.09, 1.60, 0.05, 1.20, 0.02, 0.22, 0.00, 0.00, 0.03, 0.00, 0.00, 1.00, 1.00, 0.00, 1.00, 0.00, 1.00, 0.00, 1.00, 1.00, 1.00, 0.00, 1.00, 0.00, 0.00, 0.00, 0.00
3213,  0,  107.067,  0.98,  1, 0.00, 0.00, 1.38, 0.00, 0.21, 1.48, 0.00, 0.00, 0.08, 1.64, 0.10, 1.23, 0.00, 0.22, 0.03, 0.00, 0.00, 0.00, 0.00, 1.00, 1.00, 0.00, 1.00, 0.00, 1.00, 0.00, 1.00, 1.00, 1.00, 0.00, 1.00, 0.00, 0.00, 0.00, 0.00
3214,  0,  107.100,  0.98,  1, 0.00, 0.00, 1.31, 0.00, 0.25, 1.38, 0.00, 0.00, 0.13, 1.66, 0.17, 1.21, 0.00, 0.21, 0.03, 0.00, 0.00, 0.00, 0.00, 1.00, 1.00, 0.00, 1.00, 0.00, 1.00, 0.00, 1.00, 1.00, 1.00, 0.00, 1.00, 0.00, 0.00, 0.00, 0.00
3215,  0,  107.133,  0.98,  1, 0.00, 0.00, 1.25, 0.01, 0.32, 1.33, 0.00, 0.00, 0.21, 1.66, 0.15, 1.18, 0.00, 0.21, 0.03, 0.00, 0.00, 0.00, 0.00, 1.00, 1.00, 0.00, 1.00, 0.00, 1.00, 0.00, 1.00, 1.00, 1.00, 0.00, 1.00, 0.00, 0.00, 0.00, 0.00
3216,  0,  107.167,  0.98,  1, 0.00, 0.04, 1.25, 0.01, 0.43, 1.29, 0.00, 0.00, 0.28, 1.54, 0.16, 1.26, 0.00, 0.26, 0.00, 0.00, 0.00, 0.00, 0.00, 1.00, 1.00, 0.00, 1.00, 0.00, 1.00, 0.00, 1.00, 1.00, 1.00, 0.00, 1.00, 0.00, 0.00, 0.00, 0.00
3217,  0,  107.200,  0.98,  1, 0.00, 0.04, 1.27, 0.01, 0.49, 1.33, 0.00, 0.00, 0.29, 1.39, 0.16, 1.33, 0.00, 0.28, 0.00, 0.00, 0.00, 0.00, 0.00, 1.00, 1.00, 0.00, 1.00, 0.00, 1.00, 0.00, 1.00, 1.00, 1.00, 0.00, 1.00, 0.00, 0.00, 0.00, 0.00
3218,  0,  107.233,  0.98,  1, 0.00, 0.04, 1.26, 0.00, 0.52, 1.37, 0.00, 0.00, 0.31, 1.24, 0.25, 1.36, 0.00, 0.30, 0.00, 0.00, 0.00, 0.00, 0.00, 1.00, 1.00, 0.00, 1.00, 0.00, 1.00, 0.00, 1.00, 1.00, 1.00, 0.00, 1.00, 0.00, 0.00, 0.00, 0.00
3219,  0,  107.267,  0.98,  1, 0.00, 0.00, 1.22, 0.00, 0.52, 1.41, 0.00, 0.05, 0.34, 1.18, 0.35, 1.31, 0.00, 0.27, 0.00, 0.00, 0.00, 0.00, 0.00, 1.00, 1.00, 0.00, 1.00, 0.00, 1.00, 1.00, 1.00, 1.00, 1.00, 0.00, 1.00, 0.00, 0.00, 0.00, 0.00
3220,  0,  107.300,  0.98,  1, 0.00, 0.00, 1.29, 0.00, 0.52, 1.43, 0.00, 0.09, 0.37, 1.13, 0.36, 1.27, 0.00, 0.24, 0.00, 0.00, 0.00, 0.00, 0.00, 1.00, 1.00, 0.00, 1.00, 0.00, 1.00, 1.00, 1.00, 1.00, 1.00, 0.00, 1.00, 0.00, 0.00, 0.00, 0.00
3221,  0,  107.333,  0.98,  1, 0.00, 0.00, 1.42, 0.00, 0.52, 1.41, 0.00, 0.13, 0.36, 1.10, 0.31, 1.17, 0.00, 0.21, 0.00, 0.00, 0.00, 0.00, 0.00, 1.00, 1.00, 0.00, 1.00, 0.00, 1.00, 1.00, 1.00, 1.00, 1.00, 0.00, 1.00, 0.00, 0.00, 0.00, 0.00
3222,  0,  107.367,  0.98,  1, 0.00, 0.00, 1.46, 0.00, 0.51, 1.33, 0.00, 0.10, 0.36, 1.11, 0.23, 1.05, 0.00, 0.21, 0.00, 0.00, 0.00, 0.00, 0.00, 1.00, 1.00, 0.00, 1.00, 0.00, 1.00, 1.00, 1.00, 1.00, 1.00, 0.00, 1.00, 0.00, 0.00, 0.00, 0.00
3223,  0,  107.400,  0.98,  1, 0.00, 0.00, 1.46, 0.00, 0.51, 1.30, 0.00, 0.09, 0.36, 1.13, 0.18, 0.94, 0.00, 0.22, 0.00, 0.00, 0.00, 0.00, 0.00, 1.00, 1.00, 0.00, 1.00, 0.00, 1.00, 1.00, 1.00, 1.00, 1.00, 0.00, 1.00, 0.00, 0.00, 0.00, 0.00
3224,  0,  107.433,  0.98,  1, 0.00, 0.00, 1.47, 0.00, 0.50, 1.35, 0.00, 0.05, 0.37, 1.12, 0.18, 0.93, 0.00, 0.23, 0.00, 0.00, 0.00, 0.00, 0.00, 1.00, 1.00, 0.00, 1.00, 0.00, 1.00, 0.00, 1.00, 1.00, 1.00, 0.00, 1.00, 0.00, 0.00, 0.00, 0.00
3225,  0,  107.467,  0.98,  1, 0.00, 0.00, 1.51, 0.00, 0.52, 1.48, 0.00, 0.08, 0.36, 1.09, 0.15, 0.95, 0.00, 0.22, 0.00, 0.00, 0.00, 0.00, 0.00, 1.00, 1.00, 0.00, 1.00, 0.00, 1.00, 0.00, 1.00, 1.00, 1.00, 0.00, 1.00, 0.00, 0.00, 0.00, 0.00
3226,  0,  107.500,  0.98,  1, 0.00, 0.00, 1.45, 0.00, 0.50, 1.56, 0.01, 0.18, 0.33, 1.08, 0.20, 1.03, 0.00, 0.22, 0.00, 0.00, 0.00, 0.00, 0.00, 1.00, 1.00, 0.00, 1.00, 0.00, 1.00, 0.00, 1.00, 1.00, 1.00, 0.00, 1.00, 0.00, 0.00, 0.00, 0.00
3227,  0,  107.533,  0.98,  1, 0.00, 0.00, 1.35, 0.00, 0.51, 1.51, 0.03, 0.26, 0.30, 1.11, 0.19, 1.02, 0.00, 0.17, 0.03, 0.00, 0.00, 0.00, 0.00, 1.00, 1.00, 0.00, 1.00, 0.00, 1.00, 0.00, 1.00, 1.00, 1.00, 0.00, 1.00, 0.00, 0.00, 0.00, 0.00
3228,  0,  107.567,  0.98,  1, 0.08, 0.00, 1.39, 0.00, 0.44, 1.43, 0.03, 0.23, 0.31, 1.27, 0.20, 1.06, 0.00, 0.11, 0.05, 0.00, 0.00, 0.00, 0.00, 1.00, 1.00, 0.00, 1.00, 0.00, 1.00, 0.00, 1.00, 1.00, 1.00, 0.00, 1.00, 0.00, 0.00, 0.00, 0.00
3229,  0,  107.600,  0.98,  1, 0.11, 0.00, 1.47, 0.00, 0.41, 1.29, 0.01, 0.11, 0.34, 1.36, 0.14, 1.07, 0.00, 0.05, 0.05, 0.00, 0.00, 0.00, 0.00, 1.00, 1.00, 0.00, 1.00, 0.00, 1.00, 0.00, 1.00, 1.00, 1.00, 0.00, 1.00, 0.00, 0.00, 0.00, 0.00
3230,  0,  107.633,  0.98,  1, 0.11, 0.01, 1.49, 0.00, 0.39, 1.26, 0.00, 0.03, 0.36, 1.51, 0.14, 1.15, 0.00, 0.03, 0.07, 0.00, 0.00, 0.00, 0.00, 1.00, 1.00, 0.00, 1.00, 0.00, 1.00, 0.00, 1.00, 0.00, 1.00, 0.00, 1.00, 0.00, 0.00, 0.00, 0.00
3231,  0,  107.667,  0.98,  1, 0.03, 0.02, 1.50, 0.00, 0.49, 1.34, 0.00, 0.06, 0.35, 1.59, 0.20, 1.08, 0.00, 0.04, 0.08, 0.00, 0.00, 0.00, 0.00, 1.00, 1.00, 0.00, 1.00, 0.00, 1.00, 0.00, 1.00, 0.00, 1.00, 0.00, 1.00, 0.00, 0.00, 0.00, 0.00
3232,  0,  107.700,  0.98,  1, 0.02, 0.02, 1.55, 0.00, 0.57, 1.48, 0.00, 0.08, 0.34, 1.67, 0.23, 1.02, 0.00, 0.05, 0.08, 0.00, 0.00, 0.00, 0.00, 1.00, 1.00, 0.00, 1.00, 0.00, 1.00, 0.00, 1.00, 0.00, 1.00, 0.00, 1.00, 0.00, 0.00, 0.00, 0.00
3233,  0,  107.733,  0.98,  1, 0.02, 0.01, 1.62, 0.00, 0.60, 1.49, 0.00, 0.09, 0.32, 1.69, 0.17, 0.96, 0.00, 0.08, 0.05, 0.00, 0.00, 0.00, 0.00, 1.00, 1.00, 0.00, 1.00, 0.00, 1.00, 0.00, 1.00, 0.00, 1.00, 0.00, 1.00, 0.00, 0.00, 0.00, 0.00
3234,  0,  107.767,  0.98,  1, 0.05, 0.03, 1.61, 0.00, 0.58, 1.45, 0.00, 0.06, 0.31, 1.73, 0.08, 1.00, 0.00, 0.07, 0.05, 0.00, 0.00, 0.00, 0.00, 1.00, 1.00, 0.00, 1.00, 0.00, 1.00, 0.00, 1.00, 0.00, 1.00, 0.00, 1.00, 0.00, 0.00, 0.00, 0.00
3235,  0,  107.800,  0.98,  1, 0.03, 0.03, 1.58, 0.00, 0.57, 1.30, 0.00, 0.03, 0.31, 1.77, 0.00, 1.00, 0.00, 0.05, 0.11, 0.00, 0.00, 0.00, 0.00, 1.00, 1.00, 0.00, 1.00, 0.00, 1.00, 0.00, 1.00, 0.00, 1.00, 0.00, 1.00, 0.00, 0.00, 0.00, 0.00
3236,  0,  107.833,  0.98,  1, 0.05, 0.08, 1.57, 0.00, 0.59, 1.25, 0.00, 0.03, 0.33, 1.80, 0.00, 1.01, 0.00, 0.02, 0.19, 0.00, 0.00, 0.00, 0.00, 1.00, 1.00, 0.00, 1.00, 0.00, 1.00, 0.00, 1.00, 0.00, 1.00, 0.00, 1.00, 0.00, 0.00, 0.00, 0.00
3237,  0,  107.867,  0.98,  1, 0.07, 0.06, 1.57, 0.00, 0.62, 1.36, 0.00, 0.10, 0.37, 1.75, 0.00, 0.99, 0.00, 0.00, 0.22, 0.00, 0.00, 0.00, 0.00, 1.00, 1.00, 0.00, 1.00, 0.00, 1.00, 0.00, 1.00, 0.00, 1.00, 0.00, 1.00, 0.00, 0.00, 0.00, 0.00
3238,  0,  107.900,  0.98,  1, 0.09, 0.06, 1.47, 0.04, 0.65, 1.63, 0.00, 0.25, 0.55, 1.67, 0.00, 0.92, 0.00, 0.00, 0.57, 0.00, 0.00, 0.00, 0.00, 1.00, 1.00, 0.00, 1.00, 0.00, 1.00, 0.00, 1.00, 0.00, 1.00, 0.00, 1.00, 0.00, 0.00, 0.00, 0.00
3239,  0,  107.933,  0.98,  1, 0.07, 0.00, 1.38, 0.07, 0.69, 1.90, 0.00, 0.35, 0.79, 1.58, 0.00, 0.74, 0.00, 0.00, 1.03, 0.18, 0.00, 0.00, 0.00, 1.00, 1.00, 0.00, 1.00, 0.00, 1.00, 1.00, 1.00, 0.00, 0.00, 0.00, 1.00, 1.00, 0.00, 0.00, 0.00
3240,  0,  107.967,  0.98,  1, 0.04, 0.00, 1.34, 0.07, 0.69, 2.00, 0.00, 0.42, 1.00, 1.46, 0.00, 0.56, 0.00, 0.00, 1.62, 0.42, 0.00, 0.00, 0.00, 1.00, 1.00, 0.00, 1.00, 0.00, 1.00, 1.00, 1.00, 0.00, 0.00, 0.00, 1.00, 1.00, 1.00, 0.00, 0.00
3241,  0,  108.000,  0.98,  1, 0.16, 0.00, 1.46, 0.03, 0.72, 1.97, 0.01, 0.45, 1.06, 1.38, 0.00, 0.44, 0.00, 0.00, 1.89, 0.64, 0.50, 0.00, 0.00, 1.00, 1.00, 0.00, 1.00, 0.00, 1.00, 1.00, 1.00, 0.00, 0.00, 0.00, 1.00, 1.00, 1.00, 0.00, 0.00
3242,  0,  108.033,  0.98,  1, 0.18, 0.00, 1.54, 0.00, 0.68, 1.59, 0.02, 0.52, 1.09, 1.36, 0.00, 0.40, 0.00, 0.00, 1.98, 0.66, 1.31, 0.00, 0.00, 1.00, 1.00, 0.00, 1.00, 0.00, 1.00, 1.00, 1.00, 0.00, 0.00, 0.00, 1.00, 1.00, 1.00, 0.00, 1.00
3243,  0,  108.067,  0.98,  1, 0.30, 0.00, 1.53, 0.06, 0.59, 1.01, 0.02, 0.56, 1.11, 1.39, 0.00, 0.41, 0.00, 0.00, 1.84, 0.48, 2.15, 0.00, 0.00, 1.00, 1.00, 0.00, 1.00, 0.00, 1.00, 1.00, 1.00, 0.00, 0.00, 0.00, 1.00, 1.00, 1.00, 0.00, 1.00
3244,  0,  108.100,  0.98,  1, 0.23, 0.00, 1.48, 0.21, 0.44, 0.75, 0.01, 0.50, 1.00, 1.39, 0.00, 0.50, 0.00, 0.00, 1.45, 0.25, 2.59, 0.00, 0.00, 1.00, 1.00, 0.00, 1.00, 0.00, 1.00, 1.00, 1.00, 0.00, 0.00, 0.00, 1.00, 1.00, 1.00, 0.00, 1.00
3245,  0,  108.133,  0.98,  1, 0.23, 0.00, 1.45, 0.25, 0.38, 0.87, 0.00, 0.38, 0.81, 1.35, 0.04, 0.66, 0.00, 0.00, 0.88, 0.05, 2.57, 0.00, 0.00, 1.00, 1.00, 0.00, 1.00, 0.00, 1.00, 1.00, 1.00, 0.00, 0.00, 0.00, 1.00, 0.00, 0.00, 0.00, 1.00
3246,  0,  108.167,  0.98,  1, 0.09, 0.00, 1.42, 0.18, 0.44, 1.37, 0.00, 0.26, 0.60, 1.27, 0.04, 0.74, 0.00, 0.00, 0.37, 0.00, 2.27, 0.00, 0.00, 1.00, 1.00, 0.00, 1.00, 0.00, 1.00, 1.00, 1.00, 0.00, 1.00, 0.00, 1.00, 0.00, 0.00, 0.00, 1.00
3247,  0,  108.200,  0.98,  1, 0.02, 0.00, 1.42, 0.05, 0.54, 1.70, 0.00, 0.19, 0.47, 1.25, 0.13, 0.77, 0.01, 0.00, 0.07, 0.00, 1.88, 0.00, 0.00, 1.00, 0.00, 0.00, 1.00, 0.00, 1.00, 1.00, 1.00, 0.00, 1.00, 0.00, 1.00, 0.00, 0.00, 0.00, 1.00
3248,  0,  108.233,  0.98,  1, 0.03, 0.00, 1.40, 0.01, 0.59, 1.94, 0.00, 0.13, 0.35, 1.37, 0.17, 0.87, 0.04, 0.01, 0.03, 0.00, 1.47, 0.00, 0.00, 1.00, 1.00, 0.00, 1.00, 0.00, 1.00, 1.00, 1.00, 0.00, 1.00, 0.00, 1.00, 0.00, 0.00, 0.00, 1.00
3249,  0,  108.267,  0.98,  1, 0.10, 0.00, 1.45, 0.01, 0.56, 1.85, 0.00, 0.11, 0.25, 1.46, 0.22, 0.99, 0.04, 0.01, 0.07, 0.00, 1.14, 0.00, 0.00, 1.00, 1.00, 0.00, 1.00, 0.00, 1.00, 0.00, 1.00, 0.00, 1.00, 0.00, 1.00, 0.00, 0.00, 0.00, 1.00
3250,  0,  108.300,  0.98,  1, 0.10, 0.00, 1.44, 0.00, 0.50, 1.74, 0.02, 0.21, 0.24, 1.49, 0.13, 1.09, 0.15, 0.01, 0.09, 0.00, 0.71, 0.00, 0.00, 1.00, 0.00, 0.00, 1.00, 0.00, 1.00, 0.00, 1.00, 0.00, 1.00, 0.00, 1.00, 0.00, 0.00, 0.00, 1.00
3251,  0,  108.333,  0.98,  1, 0.10, 0.00, 1.46, 0.00, 0.50, 1.84, 0.02, 0.30, 0.28, 1.42, 0.04, 1.06, 0.29, 0.00, 0.07, 0.00, 0.42, 0.00, 0.00, 1.00, 1.00, 0.00, 1.00, 0.00, 1.00, 0.00, 1.00, 0.00, 1.00, 0.00, 1.00, 0.00, 0.00, 0.00, 0.00
3252,  0,  108.367,  0.98,  1, 0.03, 0.00, 1.38, 0.00, 0.51, 1.78, 0.02, 0.33, 0.33, 1.30, 0.11, 1.05, 0.47, 0.00, 0.07, 0.00, 0.25, 0.00, 0.00, 1.00, 1.00, 0.00, 1.00, 0.00, 1.00, 0.00, 1.00, 0.00, 1.00, 0.00, 1.00, 0.00, 0.00, 0.00, 0.00
3253,  0,  108.400,  0.98,  1, 0.03, 0.00, 1.29, 0.00, 0.54, 1.57, 0.00, 0.26, 0.29, 1.23, 0.19, 1.05, 0.52, 0.00, 0.07, 0.00, 0.12, 0.00, 0.00, 1.00, 1.00, 0.00, 1.00, 0.00, 1.00, 0.00, 1.00, 0.00, 1.00, 0.00, 1.00, 0.00, 0.00, 0.00, 0.00
3254,  0,  108.433,  0.98,  1, 0.00, 0.00, 1.30, 0.00, 0.55, 1.42, 0.01, 0.16, 0.22, 1.13, 0.23, 1.05, 0.52, 0.00, 0.11, 0.00, 0.04, 0.00, 0.00, 1.00, 1.00, 0.00, 1.00, 0.00, 1.00, 0.00, 1.00, 0.00, 1.00, 0.00, 1.00, 0.00, 0.00, 0.00, 0.00
3255,  0,  108.467,  0.98,  1, 0.00, 0.00, 1.31, 0.00, 0.58, 1.38, 0.01, 0.15, 0.23, 1.18, 0.12, 1.04, 0.54, 0.00, 0.15, 0.00, 0.00, 0.00, 0.00, 1.00, 1.00, 0.00, 1.00, 0.00, 1.00, 0.00, 1.00, 0.00, 1.00, 0.00, 1.00, 0.00, 0.00, 0.00, 0.00
3256,  0,  108.500,  0.98,  1, 0.01, 0.00, 1.46, 0.00, 0.64, 1.56, 0.05, 0.15, 0.32, 1.21, 0.04, 1.05, 0.48, 0.00, 0.38, 0.00, 0.02, 0.00, 0.00, 1.00, 1.00, 0.00, 1.00, 0.00, 1.00, 0.00, 1.00, 0.00, 1.00, 0.00, 1.00, 0.00, 0.00, 0.00, 0.00
3257,  0,  108.533,  0.98,  1, 0.01, 0.00, 1.52, 0.00, 0.71, 1.54, 0.04, 0.23, 0.45, 1.29, 0.00, 0.97, 0.36, 0.00, 0.78, 0.03, 0.06, 0.00, 0.00, 1.00, 1.00, 0.00, 1.00, 0.00, 1.00, 0.00, 1.00, 0.00, 1.00, 0.00, 1.00, 0.00, 0.00, 0.00, 0.00
3258,  0,  108.567,  0.98,  1, 0.08, 0.00, 1.61, 0.00, 0.73, 1.74, 0.04, 0.22, 0.57, 1.32, 0.00, 0.83, 0.19, 0.00, 1.21, 0.13, 0.41, 0.00, 0.00, 1.00, 1.00, 0.00, 1.00, 0.00, 1.00, 0.00, 1.00, 0.00, 1.00, 0.00, 1.00, 1.00, 0.00, 0.00, 1.00
3259,  0,  108.600,  0.98,  1, 0.12, 0.00, 1.52, 0.00, 0.67, 1.54, 0.01, 0.30, 0.67, 1.28, 0.00, 0.63, 0.14, 0.00, 1.48, 0.21, 1.12, 0.00, 0.00, 1.00, 0.00, 0.00, 1.00, 0.00, 1.00, 0.00, 1.00, 0.00, 1.00, 0.00, 1.00, 1.00, 0.00, 0.00, 1.00
3260,  0,  108.633,  0.98,  1, 0.14, 0.00, 1.37, 0.05, 0.50, 1.16, 0.00, 0.34, 0.72, 1.17, 0.00, 0.53, 0.16, 0.00, 1.40, 0.19, 1.84, 0.00, 0.00, 1.00, 0.00, 0.00, 1.00, 0.00, 1.00, 0.00, 1.00, 0.00, 1.00, 0.00, 1.00, 1.00, 0.00, 0.00, 1.00
3261,  0,  108.667,  0.98,  1, 0.17, 0.00, 1.30, 0.20, 0.36, 0.71, 0.06, 0.37, 0.66, 1.12, 0.00, 0.51, 0.30, 0.00, 1.25, 0.14, 2.35, 0.00, 0.00, 1.00, 0.00, 0.00, 1.00, 0.00, 1.00, 0.00, 1.00, 0.00, 1.00, 0.00, 1.00, 1.00, 0.00, 0.00, 1.00
3262,  0,  108.700,  0.98,  1, 0.12, 0.00, 1.36, 0.29, 0.35, 0.52, 0.10, 0.35, 0.56, 1.12, 0.00, 0.66, 0.31, 0.00, 0.99, 0.06, 2.48, 0.00, 0.00, 1.00, 0.00, 0.00, 1.00, 0.00, 1.00, 0.00, 1.00, 0.00, 0.00, 0.00, 1.00, 1.00, 0.00, 0.00, 1.00
3263,  0,  108.733,  0.98,  1, 0.11, 0.00, 1.57, 0.26, 0.48, 0.81, 0.15, 0.32, 0.45, 1.18, 0.00, 0.80, 0.24, 0.00, 0.92, 0.05, 2.50, 0.00, 0.00, 1.00, 0.00, 0.00, 1.00, 0.00, 1.00, 0.00, 1.00, 0.00, 0.00, 0.00, 1.00, 1.00, 0.00, 0.00, 1.00
3264,  0,  108.767,  0.98,  1, 0.10, 0.00, 1.68, 0.11, 0.70, 1.22, 0.15, 0.35, 0.50, 1.17, 0.00, 0.81, 0.08, 0.00, 1.01, 0.00, 1.97, 0.00, 0.00, 1.00, 0.00, 0.00, 1.00, 0.00, 1.00, 1.00, 1.00, 0.00, 0.00, 0.00, 1.00, 1.00, 0.00, 0.00, 1.00
3265,  0,  108.800,  0.98,  1, 0.10, 0.00, 1.69, 0.02, 0.82, 1.60, 0.12, 0.26, 0.55, 1.30, 0.00, 0.72, 0.00, 0.00, 1.25, 0.00, 1.31, 0.00, 0.00, 1.00, 0.00, 0.00, 1.00, 0.00, 1.00, 1.00, 1.00, 0.00, 0.00, 0.00, 1.00, 1.00, 0.00, 0.00, 1.00
3266,  0,  108.833,  0.98,  1, 0.10, 0.00, 1.55, 0.00, 0.90, 1.90, 0.06, 0.33, 0.66, 1.41, 0.00, 0.57, 0.00, 0.00, 1.56, 0.00, 0.66, 0.00, 0.00, 1.00, 0.00, 1.00, 1.00, 0.00, 1.00, 1.00, 1.00, 0.00, 0.00, 0.00, 1.00, 1.00, 0.00, 0.00, 1.00
3267,  0,  108.867,  0.98,  1, 0.00, 0.00, 1.48, 0.00, 0.88, 2.12, 0.05, 0.39, 0.72, 1.48, 0.00, 0.51, 0.00, 0.00, 1.73, 0.05, 0.44, 0.00, 0.00, 1.00, 0.00, 1.00, 1.00, 0.00, 1.00, 1.00, 1.00, 0.00, 0.00, 0.00, 1.00, 1.00, 0.00, 0.00, 1.00
3268,  0,  108.900,  0.98,  1, 0.00, 0.00, 1.37, 0.00, 0.90, 2.26, 0.05, 0.50, 0.83, 1.55, 0.00, 0.38, 0.00, 0.00, 1.76, 0.05, 0.26, 0.00, 0.00, 1.00, 1.00, 1.00, 1.00, 0.00, 1.00, 1.00, 1.00, 0.00, 0.00, 0.00, 1.00, 1.00, 0.00, 0.00, 1.00
3269,  0,  108.933,  0.98,  1, 0.00, 0.00, 1.39, 0.00, 0.95, 2.36, 0.05, 0.56, 0.96, 1.56, 0.00, 0.33, 0.00, 0.00, 1.82, 0.12, 0.22, 0.00, 0.00, 1.00, 1.00, 1.00, 1.00, 0.00, 1.00, 1.00, 1.00, 0.00, 0.00, 0.00, 1.00, 1.00, 1.00, 0.00, 1.00
3270,  0,  108.967,  0.98,  1, 0.00, 0.00, 1.29, 0.00, 1.05, 2.28, 0.00, 0.64, 1.06, 1.70, 0.00, 0.28, 0.00, 0.00, 1.90, 0.27, 0.11, 0.00, 0.00, 1.00, 1.00, 1.00, 1.00, 0.00, 1.00, 1.00, 1.00, 0.00, 0.00, 0.00, 1.00, 1.00, 1.00, 0.00, 0.00
3271,  0,  109.000,  0.98,  1, 0.00, 0.00, 1.30, 0.00, 1.13, 2.32, 0.00, 0.79, 1.14, 1.76, 0.00, 0.19, 0.00, 0.00, 2.04, 0.49, 0.09, 0.00, 0.00, 1.00, 1.00, 1.00, 1.00, 0.00, 1.00, 1.00, 1.00, 0.00, 0.00, 0.00, 1.00, 1.00, 1.00, 0.00, 0.00
3272,  0,  109.033,  0.98,  1, 0.00, 0.00, 1.31, 0.00, 1.20, 2.38, 0.00, 0.98, 1.25, 1.88, 0.00, 0.09, 0.00, 0.00, 2.11, 0.65, 0.00, 0.00, 0.00, 1.00, 1.00, 1.00, 1.00, 0.00, 1.00, 1.00, 1.00, 0.00, 0.00, 0.00, 1.00, 1.00, 1.00, 0.00, 0.00
3273,  0,  109.067,  0.98,  1, 0.00, 0.00, 1.28, 0.00, 1.24, 2.49, 0.00, 1.12, 1.38, 1.98, 0.00, 0.05, 0.00, 0.00, 2.07, 0.73, 0.00, 0.00, 0.00, 1.00, 1.00, 1.00, 1.00, 0.00, 1.00, 1.00, 1.00, 0.00, 0.00, 0.00, 1.00, 1.00, 1.00, 0.00, 0.00
3274,  0,  109.100,  0.98,  1, 0.00, 0.00, 1.34, 0.00, 1.23, 2.42, 0.00, 1.13, 1.42, 2.07, 0.00, 0.13, 0.00, 0.00, 2.05, 0.87, 0.00, 0.00, 0.00, 1.00, 1.00, 1.00, 1.00, 0.00, 1.00, 1.00, 1.00, 0.00, 0.00, 0.00, 1.00, 1.00, 1.00, 0.00, 0.00
3275,  0,  109.133,  0.98,  1, 0.00, 0.00, 1.27, 0.00, 1.12, 2.08, 0.02, 0.98, 1.34, 2.10, 0.00, 0.24, 0.01, 0.00, 1.84, 0.83, 0.00, 0.00, 0.00, 1.00, 1.00, 1.00, 1.00, 0.00, 1.00, 1.00, 1.00, 0.00, 0.00, 0.00, 1.00, 1.00, 1.00, 0.00, 0.00
3276,  0,  109.167,  0.98,  1, 0.00, 0.00, 1.32, 0.00, 1.02, 1.99, 0.02, 0.76, 1.16, 1.96, 0.00, 0.38, 0.01, 0.00, 1.50, 0.67, 0.00, 0.00, 0.00, 1.00, 1.00, 1.00, 1.00, 0.00, 1.00, 1.00, 1.00, 0.00, 0.00, 0.00, 1.00, 1.00, 1.00, 0.00, 0.00
3277,  0,  109.200,  0.98,  1, 0.00, 0.00, 1.36, 0.00, 0.93, 1.99, 0.02, 0.60, 0.96, 1.94, 0.00, 0.54, 0.01, 0.03, 1.10, 0.37, 0.00, 0.00, 0.00, 1.00, 1.00, 1.00, 1.00, 0.00, 1.00, 1.00, 1.00, 0.00, 0.00, 0.00, 1.00, 1.00, 0.00, 0.00, 0.00
3278,  0,  109.233,  0.98,  1, 0.00, 0.00, 1.47, 0.00, 0.91, 2.09, 0.00, 0.52, 0.82, 1.87, 0.00, 0.67, 0.00, 0.07, 0.84, 0.24, 0.01, 0.00, 0.00, 1.00, 1.00, 1.00, 1.00, 0.00, 1.00, 1.00, 1.00, 0.00, 0.00, 0.00, 1.00, 1.00, 0.00, 0.00, 0.00
3279,  0,  109.267,  0.98,  1, 0.00, 0.00, 1.43, 0.00, 0.87, 1.96, 0.00, 0.54, 0.79, 1.91, 0.00, 0.63, 0.03, 0.07, 0.79, 0.20, 0.05, 0.00, 0.00, 1.00, 1.00, 1.00, 1.00, 0.00, 1.00, 1.00, 1.00, 0.00, 0.00, 0.00, 1.00, 1.00, 0.00, 0.00, 0.00
3280,  0,  109.300,  0.98,  1, 0.00, 0.00, 1.38, 0.00, 0.94, 2.00, 0.01, 0.62, 0.86, 1.79, 0.00, 0.37, 0.03, 0.04, 1.00, 0.26, 0.05, 0.00, 0.00, 1.00, 1.00, 1.00, 1.00, 0.00, 1.00, 1.00, 1.00, 0.00, 0.00, 0.00, 1.00, 1.00, 0.00, 0.00, 0.00
3281,  0,  109.333,  0.98,  1, 0.00, 0.00, 1.30, 0.00, 1.05, 1.98, 0.04, 0.73, 0.97, 1.89, 0.00, 0.16, 0.03, 0.01, 1.25, 0.35, 0.10, 0.00, 0.00, 1.00, 1.00, 1.00, 1.00, 0.00, 1.00, 1.00, 1.00, 0.00, 0.00, 0.00, 1.00, 1.00, 0.00, 0.00, 0.00
3282,  0,  109.367,  0.98,  1, 0.00, 0.00, 1.38, 0.00, 1.17, 2.10, 0.09, 0.85, 1.08, 2.03, 0.00, 0.13, 0.00, 0.00, 1.48, 0.45, 0.10, 0.00, 0.00, 1.00, 1.00, 1.00, 1.00, 0.00, 1.00, 1.00, 1.00, 0.00, 0.00, 0.00, 1.00, 1.00, 0.00, 0.00, 0.00
3283,  0,  109.400,  0.98,  1, 0.00, 0.00, 1.34, 0.00, 1.24, 2.25, 0.13, 0.93, 1.15, 2.25, 0.00, 0.18, 0.00, 0.00, 1.53, 0.60, 0.22, 0.00, 0.00, 1.00, 1.00, 1.00, 1.00, 0.00, 1.00, 1.00, 1.00, 0.00, 0.00, 0.00, 1.00, 1.00, 0.00, 0.00, 0.00
3284,  0,  109.433,  0.98,  1, 0.00, 0.00, 1.35, 0.00, 1.22, 2.46, 0.14, 0.98, 1.23, 2.29, 0.00, 0.21, 0.00, 0.02, 1.54, 0.64, 0.18, 0.00, 0.00, 1.00, 1.00, 1.00, 1.00, 0.00, 1.00, 1.00, 1.00, 0.00, 0.00, 0.00, 1.00, 1.00, 1.00, 0.00, 0.00
3285,  0,  109.467,  0.98,  1, 0.00, 0.00, 1.31, 0.00, 1.27, 2.60, 0.15, 0.93, 1.24, 2.28, 0.00, 0.19, 0.00, 0.05, 1.51, 0.60, 0.15, 0.00, 0.00, 1.00, 1.00, 1.00, 1.00, 0.00, 1.00, 1.00, 1.00, 0.00, 0.00, 0.00, 1.00, 1.00, 1.00, 0.00, 0.00
3286,  0,  109.500,  0.98,  1, 0.00, 0.00, 1.28, 0.00, 1.28, 2.62, 0.10, 0.92, 1.33, 2.26, 0.00, 0.33, 0.00, 0.07, 1.63, 0.60, 0.12, 0.00, 0.00, 1.00, 1.00, 1.00, 1.00, 0.00, 1.00, 1.00, 1.00, 0.00, 0.00, 0.00, 1.00, 1.00, 1.00, 0.00, 0.00
3287,  0,  109.533,  0.98,  1, 0.00, 0.00, 1.25, 0.00, 1.35, 2.65, 0.05, 0.94, 1.37, 2.31, 0.00, 0.40, 0.00, 0.04, 1.71, 0.59, 0.08, 0.00, 0.00, 1.00, 1.00, 1.00, 1.00, 0.00, 1.00, 1.00, 1.00, 0.00, 0.00, 0.00, 1.00, 1.00, 1.00, 0.00, 0.00
3288,  0,  109.567,  0.98,  1, 0.00, 0.00, 1.28, 0.00, 1.42, 2.64, 0.00, 1.07, 1.51, 2.38, 0.00, 0.40, 0.00, 0.01, 1.84, 0.68, 0.09, 0.00, 0.00, 1.00, 1.00, 1.00, 1.00, 0.00, 1.00, 1.00, 1.00, 0.00, 0.00, 0.00, 1.00, 1.00, 1.00, 0.00, 0.00
3289,  0,  109.600,  0.98,  1, 0.00, 0.00, 1.26, 0.00, 1.50, 2.63, 0.00, 1.09, 1.53, 2.34, 0.00, 0.25, 0.00, 0.00, 1.91, 0.56, 0.03, 0.00, 0.00, 1.00, 1.00, 1.00, 1.00, 0.00, 1.00, 1.00, 1.00, 0.00, 0.00, 0.00, 1.00, 1.00, 1.00, 0.00, 0.00
3290,  0,  109.633,  0.98,  1, 0.00, 0.00, 1.23, 0.05, 1.47, 2.61, 0.00, 1.03, 1.52, 2.19, 0.00, 0.20, 0.00, 0.00, 2.01, 0.54, 0.15, 0.00, 0.00, 1.00, 1.00, 1.00, 1.00, 0.00, 1.00, 1.00, 1.00, 0.00, 0.00, 0.00, 1.00, 1.00, 1.00, 0.00, 0.00
3291,  0,  109.667,  0.98,  1, 0.00, 0.00, 1.14, 0.06, 1.35, 2.62, 0.00, 0.99, 1.43, 2.22, 0.00, 0.20, 0.00, 0.00, 1.96, 0.41, 0.33, 0.00, 0.00, 1.00, 1.00, 1.00, 1.00, 0.00, 1.00, 1.00, 1.00, 0.00, 0.00, 0.00, 1.00, 1.00, 1.00, 0.00, 0.00
3292,  0,  109.700,  0.98,  1, 0.00, 0.00, 1.15, 0.06, 1.20, 2.70, 0.00, 0.92, 1.27, 2.18, 0.00, 0.25, 0.00, 0.00, 1.70, 0.35, 0.58, 0.00, 0.00, 1.00, 1.00, 1.00, 1.00, 0.00, 1.00, 1.00, 1.00, 0.00, 0.00, 0.00, 1.00, 1.00, 0.00, 0.00, 0.00
3293,  0,  109.733,  0.98,  1, 0.01, 0.00, 1.20, 0.01, 1.05, 2.61, 0.00, 0.82, 1.06, 2.26, 0.01, 0.24, 0.00, 0.00, 1.42, 0.33, 0.68, 0.00, 0.00, 1.00, 1.00, 1.00, 1.00, 0.00, 1.00, 1.00, 1.00, 0.00, 0.00, 0.00, 1.00, 1.00, 0.00, 0.00, 0.00
3294,  0,  109.767,  0.98,  1, 0.02, 0.00, 1.28, 0.00, 0.90, 2.29, 0.00, 0.65, 0.82, 2.12, 0.11, 0.37, 0.00, 0.00, 1.17, 0.30, 0.75, 0.00, 0.00, 1.00, 1.00, 1.00, 1.00, 0.00, 1.00, 1.00, 1.00, 0.00, 0.00, 0.00, 1.00, 1.00, 0.00, 0.00, 0.00
3295,  0,  109.800,  0.98,  1, 0.02, 0.00, 1.25, 0.06, 0.80, 1.97, 0.00, 0.49, 0.70, 2.03, 0.11, 0.48, 0.00, 0.00, 0.98, 0.26, 0.74, 0.00, 0.00, 1.00, 1.00, 1.00, 1.00, 0.00, 1.00, 1.00, 1.00, 0.00, 0.00, 0.00, 1.00, 0.00, 0.00, 0.00, 0.00
3296,  0,  109.833,  0.98,  1, 0.03, 0.00, 1.24, 0.06, 0.78, 1.83, 0.00, 0.39, 0.59, 1.83, 0.10, 0.61, 0.00, 0.00, 0.76, 0.16, 0.69, 0.00, 0.00, 1.00, 1.00, 1.00, 1.00, 0.00, 1.00, 1.00, 1.00, 0.00, 0.00, 0.00, 1.00, 0.00, 0.00, 0.00, 0.00
3297,  0,  109.867,  0.98,  1, 0.08, 0.00, 1.23, 0.05, 0.78, 1.80, 0.00, 0.32, 0.49, 1.81, 0.07, 0.56, 0.00, 0.00, 0.56, 0.09, 0.58, 0.00, 0.00, 1.00, 1.00, 0.00, 1.00, 0.00, 1.00, 0.00, 1.00, 0.00, 0.00, 0.00, 1.00, 0.00, 0.00, 0.00, 0.00
3298,  0,  109.900,  0.98,  1, 0.17, 0.00, 1.39, 0.00, 0.80, 1.53, 0.00, 0.47, 0.49, 1.71, 0.32, 0.59, 0.00, 0.00, 0.45, 0.12, 0.42, 0.00, 0.00, 1.00, 1.00, 0.00, 1.00, 0.00, 1.00, 0.00, 1.00, 0.00, 0.00, 0.00, 1.00, 0.00, 0.00, 0.00, 0.00
3299,  0,  109.933,  0.98,  1, 0.27, 0.00, 1.41, 0.03, 0.75, 1.22, 0.00, 0.63, 0.55, 1.54, 0.55, 0.55, 0.00, 0.00, 0.47, 0.22, 0.39, 0.00, 0.00, 1.00, 1.00, 0.00, 1.00, 0.00, 1.00, 0.00, 1.00, 0.00, 0.00, 0.00, 1.00, 0.00, 0.00, 0.00, 0.00
3300,  0,  109.967,  0.98,  1, 0.28, 0.12, 1.39, 0.03, 0.77, 0.98, 0.02, 0.63, 0.60, 1.25, 0.69, 0.55, 0.00, 0.00, 0.48, 0.29, 0.49, 0.00, 0.00, 1.00, 1.00, 0.00, 1.00, 0.00, 1.00, 0.00, 1.00, 0.00, 0.00, 0.00, 1.00, 0.00, 0.00, 0.00, 0.00
3301,  0,  110.000,  0.98,  1, 0.35, 0.33, 1.40, 0.03, 0.72, 1.10, 0.09, 0.52, 0.54, 1.10, 0.73, 0.40, 0.00, 0.00, 0.57, 0.32, 0.64, 0.00, 1.00, 1.00, 1.00, 0.00, 1.00, 0.00, 1.00, 0.00, 1.00, 1.00, 0.00, 0.00, 1.00, 0.00, 0.00, 0.00, 1.00
3302,  0,  110.033,  0.98,  1, 0.40, 0.37, 1.58, 0.00, 0.73, 0.86, 0.23, 0.61, 0.48, 1.14, 0.76, 0.29, 0.00, 0.00, 0.58, 0.18, 1.48, 0.00, 1.00, 1.00, 1.00, 0.00, 1.00, 0.00, 1.00, 0.00, 1.00, 1.00, 0.00, 0.00, 1.00, 0.00, 0.00, 0.00, 1.00
3303,  0,  110.067,  0.98,  1, 0.42, 0.26, 1.68, 0.10, 0.55, 0.64, 0.30, 0.62, 0.43, 0.99, 0.90, 0.27, 0.00, 0.00, 0.59, 0.12, 2.32, 0.00, 1.00, 1.00, 1.00, 0.00, 1.00, 0.00, 1.00, 0.00, 1.00, 1.00, 0.00, 0.00, 0.00, 0.00, 0.00, 0.00, 1.00
3304,  0,  110.100,  0.93,  1, 0.31, 0.04, 1.62, 0.24, 0.45, 0.17, 0.31, 0.57, 0.47, 0.90, 0.91, 0.29, 0.00, 0.00, 0.50, 0.00, 3.08, 0.00, 1.00, 1.00, 1.00, 0.00, 1.00, 0.00, 1.00, 0.00, 1.00, 0.00, 0.00, 0.00, 0.00, 0.00, 0.00, 0.00, 1.00
3305,  0,  110.133,  0.98,  1, 0.20, 0.01, 1.50, 0.28, 0.37, 0.24, 0.25, 0.37, 0.48, 0.76, 0.89, 0.35, 0.00, 0.00, 0.37, 0.00, 2.95, 0.00, 1.00, 1.00, 1.00, 0.00, 1.00, 0.00, 1.00, 0.00, 1.00, 0.00, 0.00, 0.00, 0.00, 0.00, 0.00, 0.00, 1.00
3306,  0,  110.167,  0.98,  1, 0.17, 0.00, 1.52, 0.17, 0.40, 0.59, 0.19, 0.45, 0.48, 0.72, 0.75, 0.23, 0.00, 0.00, 0.41, 0.07, 2.54, 0.00, 0.00, 1.00, 1.00, 0.00, 1.00, 0.00, 1.00, 0.00, 1.00, 1.00, 0.00, 0.00, 0.00, 0.00, 0.00, 0.00, 1.00
3307,  0,  110.200,  0.98,  1, 0.18, 0.00, 1.52, 0.04, 0.41, 1.12, 0.14, 0.47, 0.37, 0.58, 0.53, 0.26, 0.00, 0.00, 0.62, 0.34, 2.12, 0.00, 0.00, 1.00, 1.00, 0.00, 1.00, 0.00, 1.00, 0.00, 1.00, 0.00, 0.00, 0.00, 0.00, 0.00, 0.00, 0.00, 1.00
3308,  0,  110.233,  0.98,  1, 0.34, 0.05, 1.49, 0.00, 0.37, 1.57, 0.07, 0.64, 0.31, 0.49, 0.50, 0.26, 0.00, 0.00, 0.76, 0.50, 1.51, 0.00, 0.00, 1.00, 1.00, 0.00, 1.00, 0.00, 1.00, 0.00, 1.00, 0.00, 0.00, 0.00, 0.00, 0.00, 0.00, 0.00, 1.00
3309,  0,  110.267,  0.98,  1, 0.42, 0.05, 1.39, 0.00, 0.35, 1.72, 0.03, 0.64, 0.29, 0.47, 0.37, 0.42, 0.00, 0.00, 0.68, 0.64, 0.99, 0.00, 0.00, 1.00, 1.00, 0.00, 1.00, 0.00, 1.00, 0.00, 1.00, 0.00, 0.00, 0.00, 0.00, 0.00, 0.00, 0.00, 1.00
3310,  0,  110.300,  0.98,  1, 0.53, 0.14, 1.37, 0.00, 0.39, 1.72, 0.05, 0.67, 0.30, 0.37, 0.31, 0.63, 0.00, 0.00, 0.45, 0.54, 0.71, 0.00, 0.00, 1.00, 1.00, 0.00, 1.00, 0.00, 1.00, 0.00, 1.00, 0.00, 1.00, 0.00, 0.00, 0.00, 0.00, 0.00, 1.00
3311,  0,  110.333,  0.98,  1, 0.49, 0.27, 1.41, 0.00, 0.45, 1.69, 0.10, 0.48, 0.26, 0.42, 0.25, 0.83, 0.00, 0.00, 0.29, 0.44, 0.62, 0.00, 0.00, 1.00, 1.00, 0.00, 1.00, 0.00, 1.00, 0.00, 1.00, 0.00, 1.00, 0.00, 1.00, 0.00, 0.00, 0.00, 0.00
3312,  0,  110.367,  0.98,  1, 0.40, 0.27, 1.29, 0.00, 0.43, 1.50, 0.14, 0.38, 0.21, 0.58, 0.20, 1.00, 0.00, 0.00, 0.17, 0.28, 0.51, 0.00, 0.00, 1.00, 1.00, 0.00, 1.00, 0.00, 1.00, 0.00, 1.00, 0.00, 1.00, 0.00, 1.00, 0.00, 0.00, 0.00, 0.00
3313,  0,  110.400,  0.98,  1, 0.27, 0.27, 1.25, 0.00, 0.38, 1.37, 0.09, 0.30, 0.23, 0.94, 0.18, 1.07, 0.00, 0.00, 0.18, 0.17, 0.26, 0.00, 0.00, 1.00, 1.00, 0.00, 1.00, 0.00, 1.00, 0.00, 1.00, 0.00, 1.00, 0.00, 1.00, 0.00, 0.00, 0.00, 0.00
3314,  0,  110.433,  0.98,  1, 0.09, 0.08, 1.08, 0.00, 0.34, 1.09, 0.10, 0.29, 0.28, 1.14, 0.03, 1.10, 0.00, 0.00, 0.29, 0.24, 0.11, 0.00, 0.00, 1.00, 1.00, 0.00, 1.00, 0.00, 1.00, 0.00, 1.00, 1.00, 1.00, 0.00, 1.00, 0.00, 0.00, 0.00, 0.00
3315,  0,  110.467,  0.98,  1, 0.04, 0.08, 1.20, 0.00, 0.37, 1.06, 0.06, 0.34, 0.31, 1.22, 0.09, 1.03, 0.00, 0.00, 0.54, 0.28, 0.19, 0.00, 0.00, 1.00, 1.00, 0.00, 1.00, 0.00, 1.00, 0.00, 1.00, 1.00, 1.00, 0.00, 1.00, 0.00, 0.00, 0.00, 0.00
3316,  0,  110.500,  0.98,  1, 0.08, 0.03, 1.23, 0.00, 0.41, 1.25, 0.11, 0.42, 0.26, 1.08, 0.16, 0.96, 0.00, 0.00, 0.61, 0.24, 0.17, 0.00, 0.00, 1.00, 1.00, 0.00, 1.00, 0.00, 1.00, 0.00, 1.00, 1.00, 1.00, 0.00, 1.00, 0.00, 0.00, 0.00, 0.00
3317,  0,  110.533,  0.98,  1, 0.25, 0.14, 1.31, 0.00, 0.42, 1.30, 0.12, 0.52, 0.19, 1.04, 0.27, 0.97, 0.00, 0.00, 0.67, 0.18, 0.16, 0.00, 0.00, 1.00, 1.00, 0.00, 1.00, 0.00, 1.00, 0.00, 1.00, 1.00, 1.00, 0.00, 1.00, 0.00, 0.00, 0.00, 0.00
3318,  0,  110.567,  0.98,  1, 0.41, 0.25, 1.31, 0.00, 0.45, 1.40, 0.16, 0.62, 0.17, 0.99, 0.29, 0.94, 0.00, 0.00, 0.73, 0.17, 0.09, 0.00, 0.00, 1.00, 1.00, 0.00, 1.00, 0.00, 1.00, 0.00, 1.00, 0.00, 1.00, 0.00, 1.00, 0.00, 0.00, 0.00, 0.00
3319,  0,  110.600,  0.98,  1, 0.45, 0.22, 1.24, 0.00, 0.36, 1.23, 0.14, 0.59, 0.17, 1.03, 0.22, 0.93, 0.00, 0.00, 0.83, 0.38, 0.09, 0.00, 0.00, 1.00, 1.00, 0.00, 1.00, 0.00, 1.00, 0.00, 1.00, 1.00, 1.00, 0.00, 1.00, 0.00, 0.00, 0.00, 0.00
3320,  0,  110.633,  0.98,  1, 0.41, 0.17, 1.19, 0.00, 0.29, 1.29, 0.10, 0.52, 0.17, 0.84, 0.17, 0.90, 0.00, 0.00, 0.86, 0.49, 0.16, 0.00, 0.00, 1.00, 1.00, 0.00, 1.00, 0.00, 1.00, 0.00, 1.00, 0.00, 1.00, 0.00, 1.00, 0.00, 0.00, 0.00, 0.00
3321,  0,  110.667,  0.98,  1, 0.35, 0.09, 1.10, 0.00, 0.18, 1.38, 0.06, 0.38, 0.11, 0.67, 0.17, 0.99, 0.00, 0.00, 0.69, 0.49, 0.22, 0.00, 0.00, 1.00, 1.00, 0.00, 1.00, 0.00, 1.00, 0.00, 1.00, 0.00, 1.00, 0.00, 1.00, 0.00, 0.00, 0.00, 0.00
3322,  0,  110.700,  0.98,  1, 0.36, 0.09, 1.03, 0.00, 0.18, 1.50, 0.03, 0.24, 0.14, 0.54, 0.17, 0.98, 0.00, 0.00, 0.64, 0.45, 0.24, 0.00, 0.00, 1.00, 1.00, 0.00, 1.00, 0.00, 1.00, 0.00, 1.00, 0.00, 1.00, 0.00, 1.00, 0.00, 0.00, 0.00, 0.00
3323,  0,  110.733,  0.98,  1, 0.37, 0.04, 0.97, 0.00, 0.14, 1.64, 0.00, 0.12, 0.16, 0.56, 0.09, 0.95, 0.00, 0.00, 0.67, 0.54, 0.23, 0.00, 0.00, 1.00, 1.00, 0.00, 1.00, 0.00, 1.00, 0.00, 1.00, 0.00, 1.00, 0.00, 1.00, 0.00, 0.00, 0.00, 0.00
3324,  0,  110.767,  0.98,  1, 0.34, 0.00, 1.04, 0.00, 0.10, 1.33, 0.00, 0.00, 0.22, 0.45, 0.00, 0.73, 0.00, 0.00, 0.88, 0.63, 0.20, 0.00, 0.00, 1.00, 1.00, 0.00, 1.00, 0.00, 1.00, 0.00, 1.00, 0.00, 1.00, 0.00, 1.00, 0.00, 0.00, 0.00, 0.00
3325,  0,  110.800,  0.98,  1, 0.25, 0.00, 1.14, 0.00, 0.04, 1.13, 0.00, 0.00, 0.25, 0.43, 0.00, 0.66, 0.00, 0.00, 0.90, 0.72, 0.23, 0.00, 0.00, 1.00, 1.00, 0.00, 1.00, 0.00, 1.00, 0.00, 1.00, 0.00, 1.00, 0.00, 1.00, 0.00, 0.00, 0.00, 0.00
3326,  0,  110.833,  0.98,  1, 0.23, 0.00, 1.24, 0.00, 0.01, 1.08, 0.00, 0.00, 0.35, 0.33, 0.00, 0.52, 0.00, 0.00, 0.84, 0.62, 0.19, 0.00, 0.00, 1.00, 1.00, 0.00, 1.00, 0.00, 1.00, 1.00, 1.00, 0.00, 0.00, 0.00, 1.00, 0.00, 0.00, 0.00, 0.00
3327,  0,  110.867,  0.98,  1, 0.28, 0.00, 1.29, 0.00, 0.04, 1.20, 0.00, 0.00, 0.41, 0.48, 0.00, 0.48, 0.00, 0.00, 0.84, 0.64, 0.14, 0.00, 0.00, 1.00, 1.00, 0.00, 1.00, 0.00, 1.00, 1.00, 1.00, 0.00, 0.00, 0.00, 1.00, 0.00, 0.00, 0.00, 0.00
3328,  0,  110.900,  0.98,  1, 0.37, 0.00, 1.32, 0.05, 0.20, 1.38, 0.00, 0.12, 0.48, 0.64, 0.00, 0.37, 0.00, 0.00, 0.96, 0.39, 0.13, 0.00, 0.00, 1.00, 1.00, 0.00, 1.00, 0.00, 1.00, 1.00, 1.00, 0.00, 0.00, 0.00, 1.00, 0.00, 0.00, 0.00, 0.00
3329,  0,  110.933,  0.98,  1, 0.32, 0.00, 1.41, 0.05, 0.42, 1.46, 0.00, 0.29, 0.61, 0.90, 0.00, 0.32, 0.00, 0.00, 1.16, 0.25, 0.27, 0.00, 0.00, 1.00, 1.00, 0.00, 1.00, 0.00, 1.00, 1.00, 1.00, 0.00, 0.00, 0.00, 1.00, 1.00, 0.00, 0.00, 0.00
3330,  0,  110.967,  0.98,  1, 0.27, 0.00, 1.40, 0.05, 0.63, 1.56, 0.00, 0.63, 0.82, 1.15, 0.00, 0.24, 0.00, 0.00, 1.29, 0.18, 0.30, 0.00, 0.00, 1.00, 1.00, 0.00, 1.00, 0.00, 1.00, 1.00, 1.00, 0.00, 0.00, 0.00, 1.00, 1.00, 0.00, 0.00, 0.00
3331,  0,  111.000,  0.98,  1, 0.15, 0.00, 1.48, 0.00, 0.79, 1.57, 0.04, 0.87, 0.99, 1.37, 0.00, 0.17, 0.00, 0.00, 1.37, 0.15, 0.30, 0.00, 0.00, 1.00, 1.00, 0.00, 1.00, 0.00, 1.00, 1.00, 1.00, 0.00, 0.00, 0.00, 1.00, 1.00, 0.00, 0.00, 0.00
3332,  0,  111.033,  0.98,  1, 0.09, 0.00, 1.46, 0.00, 0.94, 1.68, 0.04, 1.01, 1.10, 1.54, 0.00, 0.14, 0.00, 0.00, 1.40, 0.17, 0.14, 0.00, 0.00, 1.00, 1.00, 1.00, 1.00, 0.00, 1.00, 1.00, 1.00, 0.00, 0.00, 0.00, 1.00, 1.00, 0.00, 0.00, 0.00
3333,  0,  111.067,  0.98,  1, 0.02, 0.00, 1.43, 0.00, 1.06, 1.95, 0.08, 1.02, 1.16, 1.70, 0.00, 0.21, 0.00, 0.00, 1.33, 0.14, 0.11, 0.00, 0.00, 1.00, 1.00, 1.00, 1.00, 0.00, 1.00, 1.00, 1.00, 0.00, 0.00, 0.00, 1.00, 1.00, 0.00, 0.00, 0.00
3334,  0,  111.100,  0.98,  1, 0.01, 0.00, 1.41, 0.05, 1.14, 2.08, 0.05, 1.02, 1.21, 1.82, 0.00, 0.24, 0.00, 0.00, 1.44, 0.33, 0.18, 0.00, 0.00, 1.00, 1.00, 1.00, 1.00, 0.00, 1.00, 1.00, 1.00, 0.00, 0.00, 0.00, 1.00, 1.00, 0.00, 0.00, 0.00
3335,  0,  111.133,  0.98,  1, 0.00, 0.00, 1.31, 0.05, 1.17, 2.15, 0.05, 1.03, 1.22, 1.90, 0.00, 0.23, 0.00, 0.00, 1.59, 0.55, 0.27, 0.00, 0.00, 1.00, 1.00, 1.00, 1.00, 0.00, 1.00, 1.00, 1.00, 0.00, 0.00, 0.00, 1.00, 1.00, 0.00, 0.00, 0.00
3336,  0,  111.167,  0.98,  1, 0.00, 0.00, 1.25, 0.06, 1.11, 1.97, 0.01, 0.83, 1.27, 1.66, 0.00, 0.14, 0.00, 0.00, 1.85, 0.70, 0.27, 0.00, 0.00, 1.00, 1.00, 1.00, 1.00, 0.00, 1.00, 1.00, 1.00, 0.00, 0.00, 0.00, 1.00, 1.00, 1.00, 0.00, 0.00
3337,  0,  111.200,  0.98,  1, 0.00, 0.00, 1.22, 0.06, 0.96, 1.90, 0.00, 0.60, 1.31, 1.38, 0.00, 0.05, 0.00, 0.00, 1.84, 0.71, 0.11, 0.00, 0.00, 1.00, 1.00, 1.00, 1.00, 0.00, 1.00, 1.00, 1.00, 0.00, 0.00, 0.00, 0.00, 1.00, 1.00, 0.00, 0.00
3338,  0,  111.233,  0.98,  1, 0.00, 0.00, 1.26, 0.06, 0.79, 1.73, 0.00, 0.42, 1.37, 1.04, 0.00, 0.00, 0.00, 0.00, 1.79, 0.72, 0.02, 0.00, 0.00, 1.00, 1.00, 1.00, 1.00, 0.00, 1.00, 1.00, 1.00, 0.00, 0.00, 0.00, 0.00, 1.00, 1.00, 0.00, 0.00
3339,  0,  111.267,  0.98,  1, 0.00, 0.00, 1.27, 0.06, 0.80, 1.86, 0.00, 0.39, 1.36, 1.11, 0.00, 0.00, 0.00, 0.00, 1.69, 0.71, 0.00, 0.00, 0.00, 1.00, 1.00, 1.00, 1.00, 0.00, 1.00, 1.00, 1.00, 0.00, 0.00, 0.00, 0.00, 1.00, 1.00, 0.00, 0.00
3340,  0,  111.300,  0.98,  1, 0.00, 0.00, 1.27, 0.00, 0.83, 1.95, 0.00, 0.42, 1.27, 1.26, 0.06, 0.09, 0.00, 0.00, 1.60, 0.73, 0.01, 0.00, 0.00, 1.00, 1.00, 1.00, 1.00, 0.00, 1.00, 1.00, 1.00, 0.00, 0.00, 0.00, 0.00, 1.00, 0.00, 0.00, 0.00
3341,  0,  111.333,  0.98,  1, 0.00, 0.00, 1.34, 0.00, 0.88, 1.95, 0.00, 0.36, 1.12, 1.40, 0.11, 0.18, 0.00, 0.00, 1.55, 0.49, 0.04, 0.00, 0.00, 1.00, 1.00, 0.00, 1.00, 0.00, 1.00, 0.00, 1.00, 0.00, 0.00, 0.00, 0.00, 1.00, 0.00, 0.00, 0.00
3342,  0,  111.367,  0.98,  1, 0.00, 0.00, 1.38, 0.00, 0.78, 1.69, 0.00, 0.30, 0.90, 1.33, 0.13, 0.21, 0.00, 0.00, 1.40, 0.27, 0.11, 0.00, 0.00, 1.00, 1.00, 0.00, 1.00, 0.00, 1.00, 0.00, 1.00, 0.00, 0.00, 0.00, 0.00, 1.00, 0.00, 0.00, 0.00
3343,  0,  111.400,  0.98,  1, 0.00, 0.00, 1.31, 0.02, 0.73, 1.45, 0.00, 0.21, 0.77, 1.21, 0.08, 0.16, 0.00, 0.00, 1.38, 0.05, 0.19, 0.00, 0.00, 1.00, 1.00, 0.00, 1.00, 0.00, 1.00, 0.00, 1.00, 0.00, 0.00, 0.00, 0.00, 1.00, 0.00, 0.00, 0.00
3344,  0,  111.433,  0.98,  1, 0.03, 0.11, 1.25, 0.02, 0.62, 1.32, 0.00, 0.27, 0.68, 1.18, 0.19, 0.14, 0.00, 0.00, 1.36, 0.06, 0.30, 0.00, 0.00, 1.00, 1.00, 0.00, 1.00, 0.00, 1.00, 0.00, 1.00, 0.00, 0.00, 0.00, 0.00, 1.00, 0.00, 0.00, 0.00
3345,  0,  111.467,  0.98,  1, 0.06, 0.25, 1.25, 0.02, 0.52, 1.28, 0.00, 0.21, 0.70, 1.05, 0.43, 0.14, 0.00, 0.00, 1.43, 0.13, 0.28, 0.00, 0.00, 1.00, 1.00, 0.00, 1.00, 0.00, 1.00, 0.00, 1.00, 0.00, 0.00, 0.00, 0.00, 1.00, 0.00, 0.00, 0.00
3346,  0,  111.500,  0.98,  1, 0.15, 0.31, 1.31, 0.00, 0.43, 1.20, 0.02, 0.14, 0.79, 0.86, 0.49, 0.14, 0.00, 0.00, 1.44, 0.28, 0.18, 0.00, 0.00, 1.00, 1.00, 0.00, 1.00, 0.00, 1.00, 0.00, 1.00, 0.00, 0.00, 0.00, 0.00, 1.00, 0.00, 0.00, 0.00
3347,  0,  111.533,  0.98,  1, 0.18, 0.25, 1.33, 0.01, 0.42, 1.03, 0.02, 0.00, 0.90, 0.67, 0.42, 0.08, 0.00, 0.00, 1.45, 0.35, 0.07, 0.00, 0.00, 1.00, 1.00, 0.00, 1.00, 0.00, 1.00, 0.00, 1.00, 0.00, 0.00, 0.00, 0.00, 1.00, 0.00, 0.00, 0.00
3348,  0,  111.567,  0.98,  1, 0.18, 0.38, 1.23, 0.03, 0.46, 1.15, 0.02, 0.00, 0.88, 0.55, 0.28, 0.08, 0.00, 0.00, 1.28, 0.28, 0.10, 0.00, 0.00, 1.00, 1.00, 0.00, 1.00, 0.00, 1.00, 0.00, 1.00, 0.00, 0.00, 0.00, 0.00, 1.00, 0.00, 0.00, 0.00
3349,  0,  111.600,  0.98,  1, 0.18, 0.46, 1.09, 0.03, 0.50, 1.25, 0.00, 0.00, 0.74, 0.54, 0.38, 0.16, 0.00, 0.00, 1.27, 0.16, 0.19, 0.00, 0.00, 1.00, 1.00, 0.00, 1.00, 0.00, 1.00, 0.00, 1.00, 0.00, 0.00, 0.00, 0.00, 0.00, 0.00, 0.00, 0.00
3350,  0,  111.633,  0.98,  1, 0.15, 0.55, 1.16, 0.02, 0.55, 1.44, 0.07, 0.00, 0.53, 0.59, 0.39, 0.16, 0.00, 0.00, 1.13, 0.16, 0.36, 0.00, 0.00, 1.00, 1.00, 0.00, 1.00, 0.00, 1.00, 0.00, 1.00, 0.00, 0.00, 0.00, 0.00, 0.00, 0.00, 0.00, 0.00
3351,  0,  111.667,  0.98,  1, 0.16, 0.46, 1.33, 0.06, 0.53, 1.25, 0.10, 0.00, 0.47, 0.70, 0.40, 0.13, 0.00, 0.00, 1.04, 0.25, 0.47, 0.00, 0.00, 1.00, 1.00, 0.00, 1.00, 0.00, 1.00, 0.00, 1.00, 0.00, 0.00, 0.00, 0.00, 0.00, 0.00, 0.00, 0.00
3352,  0,  111.700,  0.98,  1, 0.22, 0.50, 1.60, 0.06, 0.47, 1.27, 0.14, 0.00, 0.46, 0.82, 0.28, 0.01, 0.00, 0.00, 0.82, 0.33, 0.49, 0.00, 1.00, 1.00, 1.00, 0.00, 1.00, 0.00, 1.00, 0.00, 1.00, 0.00, 0.00, 0.00, 0.00, 0.00, 0.00, 0.00, 0.00
3353,  0,  111.733,  0.98,  1, 0.32, 0.54, 1.58, 0.06, 0.42, 1.32, 0.06, 0.00, 0.54, 0.71, 0.22, 0.01, 0.00, 0.00, 0.66, 0.38, 0.29, 0.00, 1.00, 1.00, 1.00, 0.00, 1.00, 0.00, 1.00, 0.00, 1.00, 0.00, 0.00, 0.00, 0.00, 0.00, 0.00, 0.00, 0.00
3354,  0,  111.767,  0.98,  1, 0.41, 0.41, 1.61, 0.00, 0.41, 1.45, 0.04, 0.00, 0.55, 0.65, 0.16, 0.00, 0.00, 0.00, 0.66, 0.59, 0.23, 0.00, 1.00, 1.00, 1.00, 0.00, 1.00, 0.00, 1.00, 0.00, 1.00, 0.00, 0.00, 0.00, 0.00, 0.00, 0.00, 0.00, 0.00
3355,  0,  111.800,  0.98,  1, 0.35, 0.35, 1.51, 0.01, 0.41, 1.44, 0.00, 0.00, 0.60, 0.65, 0.15, 0.00, 0.00, 0.00, 0.76, 0.76, 0.20, 0.00, 1.00, 1.00, 1.00, 0.00, 1.00, 0.00, 1.00, 0.00, 1.00, 0.00, 0.00, 0.00, 0.00, 0.00, 0.00, 0.00, 0.00
3356,  0,  111.833,  0.98,  1, 0.27, 0.21, 1.51, 0.01, 0.39, 1.05, 0.00, 0.00, 0.60, 0.64, 0.14, 0.00, 0.00, 0.00, 0.86, 0.74, 0.34, 0.00, 1.00, 1.00, 1.00, 0.00, 1.00, 0.00, 1.00, 0.00, 1.00, 0.00, 0.00, 0.00, 0.00, 0.00, 0.00, 0.00, 0.00
3357,  0,  111.867,  0.98,  1, 0.28, 0.36, 1.57, 0.01, 0.41, 0.92, 0.00, 0.03, 0.64, 0.65, 0.16, 0.00, 0.00, 0.00, 0.86, 0.49, 0.34, 0.00, 1.00, 1.00, 0.00, 0.00, 1.00, 0.00, 1.00, 0.00, 1.00, 0.00, 0.00, 0.00, 0.00, 0.00, 0.00, 0.00, 0.00
3358,  0,  111.900,  0.98,  1, 0.26, 0.37, 1.68, 0.00, 0.46, 0.82, 0.00, 0.03, 0.62, 0.47, 0.16, 0.00, 0.00, 0.00, 0.80, 0.39, 0.44, 0.00, 1.00, 1.00, 0.00, 0.00, 1.00, 0.00, 1.00, 0.00, 1.00, 0.00, 0.00, 0.00, 0.00, 0.00, 0.00, 0.00, 0.00
3359,  0,  111.933,  0.98,  1, 0.26, 0.33, 1.76, 0.00, 0.51, 0.95, 0.00, 0.03, 0.60, 0.42, 0.15, 0.03, 0.00, 0.00, 0.72, 0.41, 0.39, 0.00, 1.00, 1.00, 0.00, 0.00, 1.00, 0.00, 1.00, 0.00, 1.00, 0.00, 0.00, 0.00, 0.00, 0.00, 0.00, 0.00, 0.00
3360,  0,  111.967,  0.98,  1, 0.14, 0.14, 1.69, 0.00, 0.54, 0.83, 0.00, 0.04, 0.66, 0.46, 0.20, 0.14, 0.00, 0.00, 0.65, 0.52, 0.45, 0.00, 1.00, 1.00, 0.00, 0.00, 1.00, 0.00, 1.00, 0.00, 1.00, 0.00, 0.00, 0.00, 0.00, 0.00, 0.00, 0.00, 0.00
3361,  0,  112.000,  0.98,  1, 0.11, 0.00, 1.61, 0.00, 0.53, 0.74, 0.00, 0.05, 0.70, 0.52, 0.37, 0.16, 0.00, 0.00, 0.59, 0.50, 0.43, 0.00, 1.00, 1.00, 0.00, 0.00, 1.00, 0.00, 1.00, 0.00, 1.00, 0.00, 0.00, 0.00, 0.00, 0.00, 0.00, 0.00, 0.00
3362,  0,  112.033,  0.98,  1, 0.17, 0.13, 1.60, 0.00, 0.54, 0.91, 0.00, 0.05, 0.68, 0.64, 0.45, 0.19, 0.00, 0.00, 0.51, 0.56, 0.47, 0.00, 1.00, 1.00, 0.00, 0.00, 1.00, 0.00, 1.00, 0.00, 1.00, 0.00, 0.00, 0.00, 0.00, 0.00, 0.00, 0.00, 0.00
3363,  0,  112.067,  0.98,  1, 0.28, 0.27, 1.60, 0.00, 0.54, 1.06, 0.00, 0.01, 0.56, 0.59, 0.44, 0.17, 0.00, 0.00, 0.53, 0.55, 0.41, 0.00, 1.00, 1.00, 0.00, 0.00, 1.00, 0.00, 1.00, 0.00, 1.00, 0.00, 0.00, 0.00, 0.00, 0.00, 0.00, 0.00, 0.00
3364,  0,  112.100,  0.98,  1, 0.33, 0.33, 1.65, 0.00, 0.56, 1.24, 0.00, 0.00, 0.48, 0.56, 0.46, 0.17, 0.00, 0.00, 0.53, 0.55, 0.45, 0.00, 1.00, 1.00, 0.00, 0.00, 1.00, 0.00, 1.00, 0.00, 1.00, 0.00, 0.00, 0.00, 0.00, 0.00, 0.00, 0.00, 0.00
3365,  0,  112.133,  0.98,  1, 0.31, 0.20, 1.70, 0.00, 0.58, 1.39, 0.00, 0.00, 0.46, 0.59, 0.62, 0.11, 0.00, 0.00, 0.59, 0.44, 0.49, 0.00, 1.00, 1.00, 0.00, 0.00, 1.00, 0.00, 1.00, 0.00, 1.00, 0.00, 0.00, 0.00, 0.00, 0.00, 0.00, 0.00, 0.00
3366,  0,  112.167,  0.98,  1, 0.21, 0.12, 1.64, 0.00, 0.59, 1.45, 0.00, 0.01, 0.44, 0.83, 0.69, 0.02, 0.00, 0.00, 0.59, 0.39, 0.55, 0.00, 1.00, 1.00, 0.00, 0.00, 1.00, 0.00, 1.00, 0.00, 1.00, 0.00, 0.00, 0.00, 0.00, 0.00, 0.00, 0.00, 0.00
3367,  0,  112.200,  0.98,  1, 0.23, 0.13, 1.61, 0.00, 0.62, 1.54, 0.01, 0.06, 0.48, 0.99, 0.58, 0.00, 0.00, 0.00, 0.66, 0.40, 0.61, 0.00, 1.00, 1.00, 0.00, 0.00, 1.00, 0.00, 1.00, 0.00, 1.00, 0.00, 0.00, 0.00, 0.00, 0.00, 0.00, 0.00, 0.00
3368,  0,  112.233,  0.98,  1, 0.22, 0.22, 1.48, 0.00, 0.68, 1.47, 0.06, 0.11, 0.54, 1.06, 0.42, 0.00, 0.00, 0.00, 0.64, 0.48, 0.60, 0.00, 1.00, 1.00, 0.00, 0.00, 1.00, 0.00, 1.00, 0.00, 1.00, 0.00, 0.00, 0.00, 0.00, 1.00, 0.00, 0.00, 0.00
3369,  0,  112.267,  0.98,  1, 0.24, 0.17, 1.47, 0.00, 0.78, 1.49, 0.05, 0.12, 0.66, 1.05, 0.27, 0.00, 0.00, 0.00, 0.78, 0.63, 0.61, 0.00, 1.00, 1.00, 0.00, 0.00, 1.00, 0.00, 1.00, 0.00, 1.00, 0.00, 0.00, 0.00, 0.00, 1.00, 0.00, 0.00, 0.00
3370,  0,  112.300,  0.98,  1, 0.23, 0.22, 1.34, 0.00, 0.87, 1.34, 0.04, 0.25, 0.88, 1.20, 0.21, 0.00, 0.00, 0.00, 1.06, 0.90, 0.42, 0.00, 1.00, 1.00, 0.00, 0.00, 1.00, 0.00, 1.00, 0.00, 1.00, 0.00, 0.00, 0.00, 0.00, 1.00, 0.00, 0.00, 0.00
3371,  0,  112.333,  0.98,  1, 0.25, 0.30, 1.32, 0.00, 0.92, 1.27, 0.00, 0.33, 1.03, 1.36, 0.12, 0.00, 0.00, 0.00, 1.41, 1.17, 0.39, 0.00, 1.00, 1.00, 0.00, 0.00, 1.00, 0.00, 1.00, 0.00, 1.00, 0.00, 0.00, 0.00, 0.00, 1.00, 0.00, 0.00, 0.00
3372,  0,  112.367,  0.98,  1, 0.20, 0.42, 1.35, 0.00, 0.89, 1.23, 0.00, 0.31, 1.11, 1.35, 0.15, 0.00, 0.00, 0.00, 1.58, 1.34, 0.35, 0.00, 1.00, 1.00, 0.00, 0.00, 1.00, 0.00, 1.00, 0.00, 1.00, 0.00, 0.00, 0.00, 0.00, 1.00, 0.00, 0.00, 0.00
3373,  0,  112.400,  0.98,  1, 0.10, 0.35, 1.44, 0.00, 0.82, 1.37, 0.00, 0.13, 1.06, 1.33, 0.14, 0.00, 0.00, 0.00, 1.47, 1.35, 0.27, 0.00, 1.00, 1.00, 0.00, 0.00, 1.00, 0.00, 1.00, 0.00, 1.00, 0.00, 0.00, 0.00, 0.00, 1.00, 0.00, 0.00, 0.00
3374,  0,  112.433,  0.98,  1, 0.04, 0.26, 1.51, 0.00, 0.74, 1.46, 0.00, 0.09, 1.04, 1.34, 0.21, 0.00, 0.00, 0.00, 1.41, 1.31, 0.28, 0.00, 1.00, 1.00, 0.00, 0.00, 1.00, 0.00, 1.00, 0.00, 1.00, 0.00, 0.00, 0.00, 0.00, 1.00, 0.00, 0.00, 0.00
3375,  0,  112.467,  0.98,  1, 0.04, 0.25, 1.56, 0.00, 0.73, 1.66, 0.00, 0.11, 1.01, 1.42, 0.19, 0.00, 0.00, 0.00, 1.35, 1.23, 0.28, 0.00, 1.00, 1.00, 0.00, 0.00, 1.00, 0.00, 1.00, 0.00, 1.00, 0.00, 0.00, 0.00, 0.00, 1.00, 0.00, 0.00, 0.00
3376,  0,  112.500,  0.98,  1, 0.14, 0.23, 1.62, 0.00, 0.73, 1.59, 0.00, 0.11, 0.89, 1.31, 0.14, 0.00, 0.00, 0.00, 1.24, 1.15, 0.39, 0.00, 1.00, 1.00, 0.00, 0.00, 1.00, 0.00, 1.00, 0.00, 1.00, 0.00, 0.00, 0.00, 0.00, 1.00, 0.00, 0.00, 0.00
3377,  0,  112.533,  0.98,  1, 0.24, 0.23, 1.57, 0.00, 0.66, 1.56, 0.00, 0.03, 0.72, 1.18, 0.17, 0.00, 0.00, 0.00, 0.99, 0.97, 0.30, 0.00, 1.00, 1.00, 0.00, 0.00, 1.00, 0.00, 1.00, 0.00, 1.00, 0.00, 0.00, 0.00, 0.00, 1.00, 0.00, 0.00, 0.00
3378,  0,  112.567,  0.98,  1, 0.43, 0.27, 1.50, 0.00, 0.54, 1.38, 0.00, 0.00, 0.60, 1.12, 0.21, 0.00, 0.00, 0.00, 0.74, 1.01, 0.25, 0.00, 1.00, 1.00, 0.00, 0.00, 1.00, 0.00, 1.00, 0.00, 1.00, 0.00, 0.00, 0.00, 0.00, 0.00, 0.00, 0.00, 0.00
3379,  0,  112.600,  0.98,  1, 0.47, 0.39, 1.34, 0.00, 0.41, 1.40, 0.00, 0.00, 0.47, 1.07, 0.42, 0.00, 0.00, 0.00, 0.57, 0.96, 0.15, 0.00, 1.00, 1.00, 0.00, 0.00, 1.00, 0.00, 1.00, 0.00, 1.00, 0.00, 0.00, 0.00, 0.00, 0.00, 0.00, 0.00, 0.00
3380,  0,  112.633,  0.98,  1, 0.51, 0.45, 1.29, 0.00, 0.28, 1.21, 0.00, 0.00, 0.38, 0.89, 0.50, 0.00, 0.00, 0.00, 0.52, 1.07, 0.17, 0.00, 1.00, 1.00, 0.00, 0.00, 1.00, 0.00, 1.00, 0.00, 1.00, 0.00, 0.00, 0.00, 0.00, 0.00, 0.00, 0.00, 0.00
3381,  0,  112.667,  0.98,  1, 0.49, 0.36, 1.24, 0.00, 0.21, 1.28, 0.00, 0.00, 0.31, 0.80, 0.63, 0.00, 0.00, 0.00, 0.59, 1.03, 0.09, 0.00, 1.00, 1.00, 0.00, 0.00, 1.00, 0.00, 1.00, 0.00, 1.00, 0.00, 0.00, 0.00, 0.00, 0.00, 0.00, 0.00, 0.00
3382,  0,  112.700,  0.98,  1, 0.54, 0.41, 1.26, 0.00, 0.14, 1.09, 0.00, 0.00, 0.21, 0.83, 0.57, 0.00, 0.00, 0.00, 0.55, 1.07, 0.07, 0.00, 1.00, 1.00, 0.00, 0.00, 1.00, 0.00, 1.00, 0.00, 1.00, 0.00, 0.00, 0.00, 0.00, 0.00, 0.00, 0.00, 0.00
3383,  0,  112.733,  0.98,  1, 0.53, 0.56, 1.25, 0.00, 0.19, 1.06, 0.00, 0.00, 0.18, 1.02, 0.60, 0.00, 0.00, 0.00, 0.57, 0.96, 0.00, 0.00, 1.00, 1.00, 0.00, 0.00, 1.00, 0.00, 0.00, 0.00, 1.00, 0.00, 0.00, 0.00, 0.00, 0.00, 0.00, 0.00, 0.00
3384,  0,  112.767,  0.98,  1, 0.50, 0.74, 1.34, 0.00, 0.18, 0.94, 0.00, 0.00, 0.21, 1.09, 0.58, 0.00, 0.00, 0.00, 0.55, 0.88, 0.05, 0.00, 1.00, 1.00, 0.00, 0.00, 1.00, 0.00, 0.00, 0.00, 1.00, 0.00, 0.00, 0.00, 0.00, 0.00, 0.00, 0.00, 0.00
3385,  0,  112.800,  0.98,  1, 0.37, 0.65, 1.44, 0.00, 0.20, 1.08, 0.00, 0.00, 0.31, 0.96, 0.57, 0.00, 0.00, 0.00, 0.72, 0.80, 0.14, 0.00, 1.00, 1.00, 0.00, 0.00, 1.00, 0.00, 0.00, 0.00, 1.00, 0.00, 0.00, 0.00, 0.00, 0.00, 0.00, 0.00, 0.00
3386,  0,  112.833,  0.98,  1, 0.20, 0.45, 1.53, 0.00, 0.20, 1.23, 0.00, 0.00, 0.40, 0.75, 0.38, 0.00, 0.00, 0.00, 0.94, 0.97, 0.24, 0.00, 1.00, 1.00, 0.00, 0.00, 1.00, 0.00, 0.00, 0.00, 1.00, 0.00, 0.00, 0.00, 0.00, 0.00, 0.00, 0.00, 0.00
3387,  0,  112.867,  0.98,  1, 0.18, 0.36, 1.58, 0.00, 0.31, 1.57, 0.00, 0.00, 0.48, 0.57, 0.28, 0.00, 0.00, 0.00, 1.26, 1.16, 0.65, 0.00, 1.00, 1.00, 0.00, 0.00, 1.00, 0.00, 1.00, 0.00, 1.00, 0.00, 0.00, 0.00, 0.00, 0.00, 0.00, 0.00, 0.00
3388,  0,  112.900,  0.98,  1, 0.20, 0.33, 1.71, 0.06, 0.41, 1.64, 0.01, 0.00, 0.55, 0.61, 0.26, 0.00, 0.00, 0.00, 1.49, 1.36, 1.26, 0.00, 1.00, 1.00, 0.00, 0.00, 1.00, 0.00, 1.00, 0.00, 1.00, 0.00, 0.00, 0.00, 0.00, 1.00, 0.00, 0.00, 1.00
3389,  0,  112.933,  0.98,  1, 0.29, 0.22, 1.86, 0.15, 0.48, 1.57, 0.03, 0.00, 0.57, 0.72, 0.37, 0.00, 0.00, 0.00, 1.61, 1.44, 1.96, 0.00, 0.00, 1.00, 0.00, 0.00, 1.00, 0.00, 1.00, 0.00, 1.00, 0.00, 0.00, 0.00, 0.00, 1.00, 0.00, 0.00, 1.00
3390,  0,  112.967,  0.98,  1, 0.29, 0.08, 1.89, 0.20, 0.45, 1.17, 0.08, 0.00, 0.49, 0.67, 0.30, 0.00, 0.00, 0.00, 1.53, 1.38, 2.53, 0.00, 1.00, 1.00, 0.00, 0.00, 1.00, 0.00, 1.00, 0.00, 1.00, 0.00, 0.00, 0.00, 0.00, 1.00, 0.00, 0.00, 1.00
3391,  0,  113.000,  0.98,  1, 0.29, 0.00, 1.89, 0.25, 0.45, 0.95, 0.12, 0.00, 0.49, 0.71, 0.22, 0.00, 0.00, 0.00, 1.36, 1.30, 2.81, 0.00, 1.00, 1.00, 0.00, 0.00, 1.00, 0.00, 1.00, 0.00, 1.00, 0.00, 0.00, 0.00, 0.00, 1.00, 0.00, 0.00, 1.00
3392,  0,  113.033,  0.98,  1, 0.31, 0.09, 1.83, 0.34, 0.46, 1.01, 0.15, 0.00, 0.50, 0.73, 0.25, 0.00, 0.00, 0.00, 1.07, 1.13, 2.94, 0.00, 1.00, 1.00, 0.00, 0.00, 1.00, 0.00, 1.00, 0.00, 1.00, 0.00, 0.00, 0.00, 0.00, 0.00, 0.00, 0.00, 1.00
3393,  0,  113.067,  0.98,  1, 0.40, 0.25, 1.90, 0.36, 0.47, 1.09, 0.11, 0.00, 0.46, 0.89, 0.27, 0.00, 0.00, 0.00, 0.73, 0.89, 2.72, 0.00, 1.00, 1.00, 0.00, 0.00, 1.00, 0.00, 1.00, 0.00, 1.00, 0.00, 0.00, 0.00, 0.00, 0.00, 0.00, 0.00, 1.00
3394,  0,  113.100,  0.98,  1, 0.47, 0.38, 1.88, 0.25, 0.49, 1.19, 0.06, 0.00, 0.33, 1.00, 0.37, 0.00, 0.00, 0.00, 0.37, 0.70, 2.29, 0.00, 1.00, 1.00, 0.00, 0.00, 1.00, 0.00, 1.00, 0.00, 1.00, 0.00, 0.00, 0.00, 0.00, 0.00, 0.00, 0.00, 1.00
3395,  0,  113.133,  0.98,  1, 0.57, 0.47, 1.72, 0.07, 0.45, 1.07, 0.00, 0.00, 0.25, 1.13, 0.33, 0.00, 0.00, 0.00, 0.13, 0.62, 1.86, 0.00, 1.00, 1.00, 0.00, 0.00, 1.00, 0.00, 0.00, 0.00, 1.00, 0.00, 0.00, 0.00, 0.00, 0.00, 0.00, 0.00, 1.00
3396,  0,  113.167,  0.98,  1, 0.55, 0.60, 1.65, 0.00, 0.32, 0.90, 0.00, 0.00, 0.15, 1.12, 0.40, 0.03, 0.00, 0.00, 0.00, 0.51, 1.54, 0.00, 1.00, 1.00, 0.00, 0.00, 1.00, 0.00, 0.00, 0.00, 1.00, 0.00, 0.00, 0.00, 0.00, 0.00, 0.00, 0.00, 1.00
3397,  0,  113.200,  0.98,  1, 0.57, 0.68, 1.58, 0.00, 0.18, 0.68, 0.00, 0.00, 0.09, 1.23, 0.32, 0.10, 0.00, 0.00, 0.00, 0.43, 1.30, 0.00, 1.00, 1.00, 0.00, 0.00, 1.00, 0.00, 0.00, 0.00, 1.00, 0.00, 0.00, 0.00, 0.00, 0.00, 0.00, 0.00, 1.00
3398,  0,  113.233,  0.98,  1, 0.53, 0.63, 1.71, 0.00, 0.13, 0.53, 0.00, 0.00, 0.04, 1.20, 0.36, 0.11, 0.00, 0.00, 0.00, 0.24, 1.12, 0.00, 1.00, 1.00, 0.00, 0.00, 1.00, 0.00, 0.00, 0.00, 1.00, 0.00, 0.00, 0.00, 0.00, 0.00, 0.00, 0.00, 1.00
3399,  0,  113.267,  0.98,  1, 0.50, 0.54, 1.71, 0.00, 0.24, 0.49, 0.00, 0.00, 0.05, 1.37, 0.41, 0.16, 0.00, 0.00, 0.01, 0.18, 0.80, 0.00, 1.00, 1.00, 0.00, 0.00, 1.00, 0.00, 0.00, 0.00, 1.00, 0.00, 0.00, 0.00, 0.00, 0.00, 0.00, 0.00, 1.00
3400,  0,  113.300,  0.98,  1, 0.49, 0.53, 1.68, 0.00, 0.31, 0.40, 0.00, 0.00, 0.14, 1.16, 0.50, 0.08, 0.00, 0.00, 0.10, 0.06, 0.60, 0.00, 1.00, 1.00, 0.00, 0.00, 1.00, 0.00, 0.00, 0.00, 1.00, 0.00, 0.00, 0.00, 0.00, 0.00, 0.00, 0.00, 1.00
3401,  0,  113.333,  0.98,  1, 0.43, 0.65, 1.76, 0.00, 0.43, 0.59, 0.00, 0.00, 0.31, 1.22, 0.45, 0.09, 0.00, 0.00, 0.28, 0.00, 0.28, 0.00, 1.00, 1.00, 0.00, 0.00, 1.00, 0.00, 0.00, 0.00, 1.00, 0.00, 0.00, 0.00, 0.00, 0.00, 0.00, 0.00, 0.00
3402,  0,  113.367,  0.98,  1, 0.38, 0.77, 1.77, 0.00, 0.60, 0.83, 0.00, 0.00, 0.53, 1.11, 0.49, 0.03, 0.00, 0.00, 0.44, 0.00, 0.20, 0.00, 1.00, 1.00, 0.00, 0.00, 1.00, 0.00, 1.00, 0.00, 1.00, 0.00, 0.00, 0.00, 0.00, 0.00, 0.00, 0.00, 0.00
3403,  0,  113.400,  0.98,  1, 0.22, 0.80, 1.81, 0.00, 0.71, 1.07, 0.00, 0.00, 0.64, 1.27, 0.50, 0.03, 0.00, 0.00, 0.55, 0.00, 0.22, 0.00, 1.00, 1.00, 0.00, 0.00, 1.00, 0.00, 1.00, 0.00, 1.00, 0.00, 0.00, 0.00, 0.00, 0.00, 0.00, 0.00, 0.00
3404,  0,  113.433,  0.98,  1, 0.13, 0.82, 1.67, 0.00, 0.73, 0.84, 0.00, 0.00, 0.68, 1.14, 0.55, 0.04, 0.00, 0.00, 0.61, 0.00, 0.32, 0.00, 1.00, 1.00, 0.00, 0.00, 1.00, 0.00, 1.00, 0.00, 1.00, 0.00, 0.00, 0.00, 0.00, 0.00, 0.00, 0.00, 0.00
3405,  0,  113.467,  0.98,  1, 0.03, 0.66, 1.61, 0.00, 0.66, 0.77, 0.00, 0.00, 0.68, 1.00, 0.45, 0.04, 0.00, 0.00, 0.63, 0.00, 0.32, 0.00, 1.00, 1.00, 0.00, 0.00, 1.00, 0.00, 1.00, 0.00, 1.00, 0.00, 0.00, 0.00, 0.00, 0.00, 0.00, 0.00, 0.00
3406,  0,  113.500,  0.98,  1, 0.05, 0.61, 1.61, 0.00, 0.60, 0.79, 0.00, 0.00, 0.70, 0.87, 0.40, 0.03, 0.00, 0.00, 0.62, 0.07, 0.25, 0.00, 1.00, 1.00, 0.00, 0.00, 1.00, 0.00, 1.00, 0.00, 1.00, 0.00, 0.00, 0.00, 0.00, 0.00, 0.00, 0.00, 0.00
3407,  0,  113.533,  0.98,  1, 0.03, 0.64, 1.64, 0.00, 0.51, 0.99, 0.00, 0.00, 0.66, 0.86, 0.36, 0.01, 0.00, 0.00, 0.61, 0.20, 0.25, 0.00, 1.00, 1.00, 0.00, 0.00, 1.00, 0.00, 1.00, 0.00, 1.00, 0.00, 0.00, 0.00, 0.00, 0.00, 0.00, 0.00, 0.00
3408,  0,  113.567,  0.98,  1, 0.05, 0.65, 1.58, 0.00, 0.55, 0.90, 0.05, 0.03, 0.67, 1.03, 0.33, 0.10, 0.00, 0.00, 0.51, 0.24, 0.35, 0.00, 1.00, 1.00, 0.00, 0.00, 1.00, 0.00, 1.00, 0.00, 1.00, 0.00, 0.00, 0.00, 0.00, 0.00, 0.00, 0.00, 0.00
3409,  0,  113.600,  0.98,  1, 0.02, 0.53, 1.57, 0.00, 0.61, 0.82, 0.13, 0.05, 0.69, 1.10, 0.28, 0.14, 0.00, 0.00, 0.49, 0.26, 0.40, 0.00, 1.00, 1.00, 0.00, 0.00, 1.00, 0.00, 1.00, 0.00, 1.00, 0.00, 0.00, 0.00, 0.00, 0.00, 0.00, 0.00, 0.00
3410,  0,  113.633,  0.98,  1, 0.03, 0.26, 1.54, 0.00, 0.62, 0.86, 0.15, 0.05, 0.74, 1.09, 0.23, 0.16, 0.00, 0.00, 0.35, 0.25, 0.40, 0.00, 1.00, 1.00, 0.00, 0.00, 1.00, 0.00, 1.00, 0.00, 1.00, 0.00, 0.00, 0.00, 0.00, 0.00, 0.00, 0.00, 0.00
3411,  0,  113.667,  0.98,  1, 0.08, 0.20, 1.59, 0.00, 0.50, 1.03, 0.11, 0.02, 0.67, 0.95, 0.21, 0.09, 0.00, 0.00, 0.37, 0.42, 0.24, 0.00, 1.00, 1.00, 0.00, 0.00, 1.00, 0.00, 1.00, 0.00, 1.00, 0.00, 0.00, 0.00, 0.00, 0.00, 0.00, 0.00, 0.00
3412,  0,  113.700,  0.98,  1, 0.08, 0.19, 1.50, 0.00, 0.36, 1.13, 0.03, 0.00, 0.46, 0.91, 0.29, 0.15, 0.00, 0.00, 0.24, 0.56, 0.24, 0.00, 1.00, 1.00, 0.00, 0.00, 1.00, 0.00, 1.00, 0.00, 1.00, 0.00, 0.00, 0.00, 0.00, 0.00, 0.00, 0.00, 0.00
3413,  0,  113.733,  0.98,  1, 0.07, 0.14, 1.35, 0.00, 0.23, 1.05, 0.01, 0.00, 0.27, 0.86, 0.32, 0.20, 0.00, 0.00, 0.16, 0.62, 0.18, 0.00, 1.00, 1.00, 0.00, 0.00, 1.00, 0.00, 1.00, 0.00, 1.00, 0.00, 0.00, 0.00, 0.00, 0.00, 0.00, 0.00, 0.00
3414,  0,  113.767,  0.98,  1, 0.13, 0.09, 1.23, 0.00, 0.15, 1.03, 0.00, 0.00, 0.14, 0.80, 0.32, 0.24, 0.00, 0.00, 0.04, 0.65, 0.15, 0.00, 1.00, 1.00, 0.00, 0.00, 1.00, 0.00, 1.00, 0.00, 1.00, 0.00, 0.00, 0.00, 0.00, 0.00, 0.00, 0.00, 0.00
3415,  0,  113.800,  0.98,  1, 0.30, 0.25, 1.31, 0.00, 0.14, 1.04, 0.00, 0.00, 0.10, 0.72, 0.24, 0.23, 0.00, 0.00, 0.00, 0.54, 0.07, 0.00, 0.00, 1.00, 0.00, 0.00, 1.00, 0.00, 1.00, 0.00, 1.00, 0.00, 0.00, 0.00, 0.00, 0.00, 0.00, 0.00, 0.00
3416,  0,  113.833,  0.98,  1, 0.41, 0.39, 1.38, 0.00, 0.21, 1.23, 0.00, 0.00, 0.13, 0.63, 0.27, 0.20, 0.00, 0.00, 0.00, 0.57, 0.00, 0.00, 1.00, 1.00, 0.00, 0.00, 1.00, 0.00, 1.00, 0.00, 1.00, 0.00, 0.00, 0.00, 0.00, 0.00, 0.00, 0.00, 0.00
3417,  0,  113.867,  0.98,  1, 0.34, 0.40, 1.36, 0.00, 0.18, 1.05, 0.00, 0.00, 0.22, 0.55, 0.20, 0.12, 0.00, 0.00, 0.21, 0.57, 0.00, 0.00, 1.00, 1.00, 0.00, 0.00, 1.00, 0.00, 1.00, 0.00, 1.00, 0.00, 0.00, 0.00, 0.00, 0.00, 0.00, 0.00, 0.00
3418,  0,  113.900,  0.98,  1, 0.20, 0.43, 1.18, 0.00, 0.25, 1.11, 0.00, 0.00, 0.44, 0.45, 0.15, 0.04, 0.00, 0.00, 0.54, 0.75, 0.00, 0.00, 1.00, 1.00, 0.00, 0.00, 1.00, 0.00, 1.00, 0.00, 1.00, 0.00, 0.00, 0.00, 0.00, 0.00, 0.00, 0.00, 0.00
3419,  0,  113.933,  0.98,  1, 0.17, 0.57, 1.13, 0.00, 0.29, 1.05, 0.00, 0.00, 0.55, 0.38, 0.03, 0.00, 0.00, 0.00, 0.81, 0.74, 0.00, 0.00, 1.00, 1.00, 0.00, 0.00, 1.00, 0.00, 1.00, 0.00, 1.00, 0.00, 0.00, 0.00, 0.00, 0.00, 0.00, 0.00, 0.00
3420,  0,  113.967,  0.98,  1, 0.11, 0.56, 1.14, 0.00, 0.41, 1.21, 0.00, 0.05, 0.64, 0.36, 0.03, 0.02, 0.00, 0.00, 0.96, 0.72, 0.00, 0.00, 0.00, 1.00, 1.00, 0.00, 1.00, 0.00, 1.00, 0.00, 1.00, 0.00, 0.00, 0.00, 0.00, 0.00, 0.00, 0.00, 0.00
3421,  0,  114.000,  0.98,  1, 0.09, 0.33, 1.23, 0.00, 0.43, 1.24, 0.00, 0.11, 0.62, 0.49, 0.00, 0.02, 0.00, 0.00, 0.97, 0.57, 0.00, 0.00, 0.00, 1.00, 1.00, 0.00, 1.00, 0.00, 1.00, 0.00, 1.00, 0.00, 0.00, 0.00, 0.00, 0.00, 0.00, 0.00, 0.00
3422,  0,  114.033,  0.98,  1, 0.02, 0.14, 1.31, 0.00, 0.43, 1.26, 0.00, 0.12, 0.65, 0.52, 0.00, 0.02, 0.00, 0.00, 1.13, 0.61, 0.00, 0.00, 0.00, 1.00, 1.00, 0.00, 1.00, 0.00, 1.00, 0.00, 1.00, 0.00, 0.00, 0.00, 0.00, 0.00, 0.00, 0.00, 0.00
3423,  0,  114.067,  0.98,  1, 0.02, 0.09, 1.41, 0.00, 0.43, 1.21, 0.00, 0.07, 0.60, 0.69, 0.00, 0.00, 0.00, 0.00, 1.25, 0.60, 0.00, 0.00, 0.00, 1.00, 1.00, 0.00, 1.00, 0.00, 1.00, 0.00, 1.00, 0.00, 0.00, 0.00, 0.00, 0.00, 0.00, 0.00, 0.00
3424,  0,  114.100,  0.98,  1, 0.01, 0.09, 1.39, 0.00, 0.39, 1.11, 0.00, 0.01, 0.53, 0.74, 0.00, 0.00, 0.00, 0.00, 1.35, 0.62, 0.00, 0.00, 0.00, 1.00, 1.00, 0.00, 1.00, 0.00, 1.00, 0.00, 1.00, 0.00, 0.00, 0.00, 0.00, 0.00, 0.00, 0.00, 0.00
3425,  0,  114.133,  0.98,  1, 0.01, 0.00, 1.37, 0.00, 0.39, 1.09, 0.00, 0.00, 0.50, 0.97, 0.00, 0.00, 0.00, 0.00, 1.38, 0.51, 0.00, 0.00, 0.00, 1.00, 1.00, 0.00, 1.00, 0.00, 1.00, 0.00, 1.00, 0.00, 0.00, 0.00, 0.00, 0.00, 0.00, 0.00, 0.00
3426,  0,  114.167,  0.98,  1, 0.01, 0.00, 1.39, 0.00, 0.38, 1.14, 0.00, 0.00, 0.50, 1.05, 0.00, 0.00, 0.00, 0.00, 1.34, 0.49, 0.00, 0.00, 0.00, 1.00, 1.00, 0.00, 1.00, 0.00, 1.00, 0.00, 1.00, 0.00, 0.00, 0.00, 0.00, 1.00, 0.00, 0.00, 0.00
3427,  0,  114.200,  0.98,  1, 0.00, 0.00, 1.46, 0.00, 0.37, 1.26, 0.00, 0.00, 0.48, 1.12, 0.00, 0.00, 0.00, 0.00, 1.41, 0.52, 0.00, 0.00, 0.00, 1.00, 1.00, 0.00, 1.00, 0.00, 1.00, 0.00, 1.00, 0.00, 0.00, 0.00, 0.00, 1.00, 0.00, 0.00, 0.00
3428,  0,  114.233,  0.98,  1, 0.00, 0.00, 1.40, 0.00, 0.32, 1.28, 0.00, 0.00, 0.43, 1.13, 0.00, 0.00, 0.00, 0.00, 1.42, 0.60, 0.00, 0.00, 0.00, 1.00, 1.00, 0.00, 1.00, 0.00, 1.00, 0.00, 1.00, 0.00, 0.00, 0.00, 0.00, 1.00, 0.00, 0.00, 0.00
3429,  0,  114.267,  0.98,  1, 0.00, 0.00, 1.36, 0.00, 0.32, 1.31, 0.00, 0.00, 0.40, 1.16, 0.00, 0.00, 0.00, 0.00, 1.49, 0.66, 0.00, 0.00, 0.00, 1.00, 1.00, 0.00, 1.00, 0.00, 1.00, 0.00, 1.00, 0.00, 0.00, 0.00, 1.00, 1.00, 0.00, 0.00, 0.00
3430,  0,  114.300,  0.98,  1, 0.05, 0.13, 1.36, 0.00, 0.28, 1.28, 0.00, 0.00, 0.43, 1.01, 0.00, 0.05, 0.00, 0.00, 1.44, 0.62, 0.03, 0.00, 0.00, 1.00, 1.00, 0.00, 1.00, 0.00, 1.00, 0.00, 1.00, 0.00, 0.00, 0.00, 1.00, 1.00, 0.00, 0.00, 0.00
3431,  0,  114.333,  0.98,  1, 0.05, 0.15, 1.39, 0.00, 0.27, 1.43, 0.00, 0.00, 0.42, 0.94, 0.00, 0.07, 0.00, 0.00, 1.39, 0.56, 0.17, 0.00, 0.00, 1.00, 1.00, 0.00, 1.00, 0.00, 1.00, 0.00, 1.00, 0.00, 0.00, 0.00, 0.00, 1.00, 0.00, 0.00, 0.00
3432,  0,  114.367,  0.98,  1, 0.05, 0.15, 1.38, 0.00, 0.34, 1.56, 0.00, 0.02, 0.42, 0.71, 0.00, 0.13, 0.00, 0.00, 1.26, 0.52, 0.21, 0.00, 0.00, 1.00, 1.00, 0.00, 1.00, 0.00, 1.00, 0.00, 1.00, 0.00, 0.00, 0.00, 0.00, 1.00, 0.00, 0.00, 0.00
3433,  0,  114.400,  0.98,  1, 0.00, 0.02, 1.40, 0.00, 0.43, 1.63, 0.00, 0.05, 0.43, 0.76, 0.00, 0.10, 0.00, 0.00, 1.24, 0.56, 0.31, 0.00, 0.00, 1.00, 1.00, 0.00, 1.00, 0.00, 1.00, 0.00, 1.00, 0.00, 0.00, 0.00, 0.00, 1.00, 0.00, 0.00, 0.00
3434,  0,  114.433,  0.98,  1, 0.00, 0.00, 1.54, 0.00, 0.51, 1.56, 0.00, 0.05, 0.46, 0.73, 0.00, 0.09, 0.00, 0.00, 1.27, 0.55, 0.30, 0.00, 0.00, 1.00, 1.00, 0.00, 1.00, 0.00, 1.00, 0.00, 1.00, 0.00, 0.00, 0.00, 0.00, 1.00, 0.00, 0.00, 0.00
3435,  0,  114.467,  0.98,  1, 0.00, 0.00, 1.62, 0.00, 0.50, 1.50, 0.00, 0.03, 0.49, 0.91, 0.00, 0.03, 0.00, 0.00, 1.26, 0.48, 0.40, 0.00, 0.00, 1.00, 1.00, 0.00, 1.00, 0.00, 1.00, 0.00, 1.00, 0.00, 0.00, 0.00, 0.00, 1.00, 0.00, 0.00, 0.00
3436,  0,  114.500,  0.98,  1, 0.00, 0.00, 1.54, 0.00, 0.53, 1.48, 0.00, 0.00, 0.50, 0.97, 0.00, 0.05, 0.00, 0.00, 1.25, 0.42, 0.40, 0.00, 0.00, 1.00, 1.00, 0.00, 1.00, 0.00, 1.00, 0.00, 1.00, 0.00, 0.00, 0.00, 0.00, 1.00, 0.00, 0.00, 0.00
3437,  0,  114.533,  0.98,  1, 0.00, 0.00, 1.36, 0.03, 0.54, 1.45, 0.00, 0.00, 0.54, 1.10, 0.00, 0.05, 0.00, 0.00, 1.24, 0.40, 0.44, 0.00, 0.00, 1.00, 1.00, 0.00, 1.00, 0.00, 1.00, 0.00, 1.00, 0.00, 0.00, 0.00, 0.00, 1.00, 0.00, 0.00, 0.00
3438,  0,  114.567,  0.98,  1, 0.00, 0.00, 1.38, 0.03, 0.56, 1.44, 0.00, 0.05, 0.56, 1.17, 0.00, 0.10, 0.00, 0.00, 1.23, 0.41, 0.43, 0.00, 0.00, 1.00, 1.00, 0.00, 1.00, 0.00, 1.00, 0.00, 1.00, 0.00, 0.00, 0.00, 0.00, 1.00, 0.00, 0.00, 0.00
3439,  0,  114.600,  0.98,  1, 0.00, 0.00, 1.35, 0.05, 0.53, 1.42, 0.00, 0.08, 0.54, 1.21, 0.00, 0.05, 0.00, 0.00, 1.20, 0.44, 0.37, 0.00, 0.00, 1.00, 1.00, 0.00, 1.00, 0.00, 1.00, 0.00, 1.00, 0.00, 0.00, 0.00, 0.00, 1.00, 0.00, 0.00, 0.00
3440,  0,  114.633,  0.98,  1, 0.00, 0.00, 1.39, 0.04, 0.54, 1.43, 0.00, 0.08, 0.49, 1.19, 0.00, 0.14, 0.00, 0.00, 1.13, 0.47, 0.40, 0.00, 0.00, 1.00, 1.00, 0.00, 1.00, 0.00, 1.00, 0.00, 1.00, 0.00, 0.00, 0.00, 0.00, 1.00, 0.00, 0.00, 0.00
3441,  0,  114.667,  0.98,  1, 0.00, 0.00, 1.26, 0.06, 0.50, 1.38, 0.00, 0.06, 0.52, 1.26, 0.00, 0.13, 0.00, 0.00, 1.14, 0.46, 0.32, 0.00, 0.00, 1.00, 1.00, 0.00, 1.00, 0.00, 1.00, 0.00, 1.00, 0.00, 0.00, 0.00, 0.00, 1.00, 0.00, 0.00, 0.00
3442,  0,  114.700,  0.98,  1, 0.00, 0.00, 1.25, 0.03, 0.57, 1.40, 0.00, 0.06, 0.56, 1.48, 0.00, 0.15, 0.00, 0.00, 1.23, 0.56, 0.28, 0.00, 0.00, 1.00, 1.00, 0.00, 1.00, 0.00, 1.00, 0.00, 1.00, 0.00, 0.00, 0.00, 0.00, 1.00, 0.00, 0.00, 0.00
3443,  0,  114.733,  0.98,  1, 0.00, 0.00, 1.19, 0.01, 0.62, 1.47, 0.00, 0.12, 0.61, 1.60, 0.00, 0.05, 0.00, 0.00, 1.29, 0.58, 0.20, 0.00, 0.00, 1.00, 1.00, 0.00, 1.00, 0.00, 1.00, 0.00, 1.00, 0.00, 0.00, 0.00, 0.00, 1.00, 0.00, 0.00, 0.00
3444,  0,  114.767,  0.98,  1, 0.00, 0.00, 1.25, 0.00, 0.70, 1.57, 0.01, 0.18, 0.62, 1.68, 0.00, 0.02, 0.00, 0.00, 1.36, 0.84, 0.13, 0.00, 0.00, 1.00, 1.00, 0.00, 1.00, 0.00, 1.00, 0.00, 1.00, 0.00, 0.00, 0.00, 0.00, 1.00, 0.00, 0.00, 0.00
3445,  0,  114.800,  0.98,  1, 0.00, 0.00, 1.29, 0.00, 0.75, 1.62, 0.03, 0.31, 0.69, 1.66, 0.00, 0.00, 0.00, 0.00, 1.29, 0.79, 0.10, 0.00, 0.00, 1.00, 1.00, 0.00, 1.00, 0.00, 1.00, 0.00, 1.00, 0.00, 0.00, 0.00, 0.00, 1.00, 0.00, 0.00, 0.00
3446,  0,  114.833,  0.98,  1, 0.00, 0.00, 1.31, 0.00, 0.79, 1.47, 0.04, 0.38, 0.77, 1.73, 0.00, 0.00, 0.00, 0.00, 1.28, 0.82, 0.00, 0.00, 0.00, 1.00, 1.00, 0.00, 1.00, 0.00, 1.00, 0.00, 1.00, 0.00, 0.00, 0.00, 0.00, 1.00, 0.00, 0.00, 0.00
3447,  0,  114.867,  0.98,  1, 0.00, 0.00, 1.29, 0.00, 0.79, 1.47, 0.02, 0.39, 0.82, 1.79, 0.00, 0.00, 0.00, 0.00, 1.26, 0.63, 0.00, 0.00, 0.00, 1.00, 1.00, 0.00, 1.00, 0.00, 1.00, 0.00, 1.00, 0.00, 0.00, 0.00, 0.00, 1.00, 0.00, 0.00, 0.00
3448,  0,  114.900,  0.98,  1, 0.00, 0.00, 1.31, 0.00, 0.75, 1.43, 0.00, 0.34, 0.87, 1.90, 0.00, 0.08, 0.00, 0.00, 1.26, 0.63, 0.00, 0.00, 0.00, 1.00, 1.00, 0.00, 1.00, 0.00, 1.00, 0.00, 1.00, 0.00, 0.00, 0.00, 0.00, 1.00, 0.00, 0.00, 0.00
3449,  0,  114.933,  0.98,  1, 0.00, 0.00, 1.36, 0.00, 0.78, 1.54, 0.00, 0.39, 0.96, 1.94, 0.00, 0.08, 0.00, 0.00, 1.28, 0.61, 0.00, 0.00, 0.00, 1.00, 1.00, 1.00, 1.00, 0.00, 1.00, 0.00, 1.00, 0.00, 0.00, 0.00, 0.00, 1.00, 0.00, 0.00, 0.00
3450,  0,  114.967,  0.98,  1, 0.00, 0.00, 1.45, 0.00, 0.88, 1.57, 0.00, 0.48, 1.07, 1.98, 0.00, 0.08, 0.00, 0.00, 1.27, 0.57, 0.00, 0.00, 0.00, 1.00, 1.00, 1.00, 1.00, 0.00, 1.00, 1.00, 1.00, 0.00, 0.00, 0.00, 0.00, 1.00, 0.00, 0.00, 0.00
3451,  0,  115.000,  0.98,  1, 0.00, 0.00, 1.50, 0.00, 0.96, 1.72, 0.00, 0.58, 1.17, 1.99, 0.00, 0.00, 0.00, 0.00, 1.37, 0.55, 0.00, 0.00, 0.00, 1.00, 1.00, 1.00, 1.00, 0.00, 1.00, 1.00, 1.00, 0.00, 0.00, 0.00, 0.00, 1.00, 0.00, 0.00, 0.00
3452,  0,  115.033,  0.98,  1, 0.00, 0.00, 1.54, 0.00, 0.99, 1.82, 0.00, 0.59, 1.21, 2.00, 0.00, 0.00, 0.00, 0.00, 1.42, 0.51, 0.00, 0.00, 0.00, 1.00, 1.00, 1.00, 1.00, 0.00, 1.00, 1.00, 1.00, 0.00, 0.00, 0.00, 0.00, 1.00, 0.00, 0.00, 0.00
3453,  0,  115.067,  0.98,  1, 0.00, 0.00, 1.40, 0.00, 0.95, 1.99, 0.00, 0.58, 1.29, 2.06, 0.00, 0.00, 0.00, 0.00, 1.45, 0.58, 0.00, 0.00, 0.00, 1.00, 1.00, 1.00, 1.00, 0.00, 1.00, 1.00, 1.00, 0.00, 0.00, 0.00, 0.00, 1.00, 0.00, 0.00, 0.00
3454,  0,  115.100,  0.98,  1, 0.00, 0.00, 1.27, 0.00, 0.97, 1.91, 0.00, 0.66, 1.38, 2.00, 0.05, 0.00, 0.00, 0.02, 1.51, 0.50, 0.03, 0.00, 0.00, 1.00, 1.00, 1.00, 1.00, 0.00, 1.00, 1.00, 1.00, 0.00, 0.00, 0.00, 0.00, 1.00, 0.00, 0.00, 0.00
3455,  0,  115.133,  0.98,  1, 0.00, 0.00, 1.18, 0.00, 1.06, 1.84, 0.00, 0.76, 1.49, 2.03, 0.05, 0.04, 0.00, 0.02, 1.49, 0.47, 0.03, 0.00, 0.00, 1.00, 1.00, 1.00, 1.00, 0.00, 1.00, 1.00, 1.00, 0.00, 0.00, 0.00, 0.00, 1.00, 0.00, 0.00, 0.00
3456,  0,  115.167,  0.98,  1, 0.00, 0.00, 1.19, 0.00, 1.20, 1.75, 0.04, 0.76, 1.51, 1.91, 0.05, 0.12, 0.00, 0.04, 1.57, 0.42, 0.03, 0.00, 0.00, 1.00, 1.00, 1.00, 1.00, 0.00, 1.00, 1.00, 1.00, 0.00, 0.00, 0.00, 0.00, 1.00, 0.00, 0.00, 0.00
3457,  0,  115.200,  0.98,  1, 0.00, 0.05, 1.22, 0.00, 1.30, 1.87, 0.04, 0.70, 1.55, 1.94, 0.00, 0.19, 0.03, 0.04, 1.57, 0.59, 0.00, 0.00, 0.00, 1.00, 1.00, 1.00, 1.00, 0.00, 1.00, 1.00, 1.00, 0.00, 0.00, 0.00, 0.00, 1.00, 0.00, 0.00, 0.00
3458,  0,  115.233,  0.98,  1, 0.00, 0.05, 1.16, 0.00, 1.38, 2.00, 0.05, 0.64, 1.57, 1.99, 0.00, 0.16, 0.03, 0.06, 1.66, 0.64, 0.00, 0.00, 0.00, 1.00, 1.00, 1.00, 1.00, 0.00, 1.00, 1.00, 1.00, 0.00, 0.00, 0.00, 0.00, 1.00, 0.00, 0.00, 0.00
3459,  0,  115.267,  0.98,  1, 0.00, 0.05, 1.15, 0.00, 1.46, 2.13, 0.01, 0.67, 1.63, 2.11, 0.00, 0.08, 0.03, 0.05, 1.69, 0.56, 0.00, 0.00, 0.00, 1.00, 1.00, 1.00, 1.00, 0.00, 1.00, 1.00, 1.00, 0.00, 0.00, 0.00, 0.00, 1.00, 0.00, 0.00, 0.00
3460,  0,  115.300,  0.98,  1, 0.00, 0.00, 1.21, 0.00, 1.52, 2.19, 0.01, 0.66, 1.63, 2.25, 0.00, 0.01, 0.06, 0.07, 1.67, 0.48, 0.00, 0.00, 0.00, 1.00, 1.00, 1.00, 1.00, 0.00, 1.00, 1.00, 1.00, 0.00, 0.00, 0.00, 0.00, 1.00, 0.00, 0.00, 0.00
3461,  0,  115.333,  0.98,  1, 0.00, 0.00, 1.17, 0.00, 1.55, 2.18, 0.00, 0.62, 1.64, 2.28, 0.00, 0.00, 0.06, 0.06, 1.70, 0.55, 0.00, 0.00, 0.00, 1.00, 1.00, 1.00, 1.00, 0.00, 1.00, 1.00, 1.00, 0.00, 0.00, 0.00, 0.00, 1.00, 0.00, 0.00, 0.00
3462,  0,  115.367,  0.98,  1, 0.00, 0.00, 1.00, 0.00, 1.58, 2.20, 0.00, 0.62, 1.63, 2.32, 0.00, 0.00, 0.06, 0.04, 1.77, 0.66, 0.00, 0.00, 0.00, 1.00, 1.00, 1.00, 1.00, 0.00, 1.00, 1.00, 1.00, 0.00, 0.00, 0.00, 0.00, 1.00, 0.00, 0.00, 0.00
3463,  0,  115.400,  0.98,  1, 0.00, 0.00, 0.83, 0.00, 1.60, 2.36, 0.00, 0.64, 1.67, 2.31, 0.00, 0.00, 0.00, 0.02, 1.81, 0.60, 0.00, 0.00, 0.00, 1.00, 1.00, 1.00, 1.00, 0.00, 1.00, 1.00, 1.00, 0.00, 0.00, 0.00, 0.00, 1.00, 0.00, 0.00, 0.00
3464,  0,  115.433,  0.98,  1, 0.00, 0.00, 0.86, 0.00, 1.59, 2.44, 0.00, 0.65, 1.73, 2.24, 0.00, 0.00, 0.00, 0.02, 1.94, 0.53, 0.00, 0.00, 0.00, 1.00, 1.00, 1.00, 1.00, 0.00, 1.00, 1.00, 1.00, 0.00, 0.00, 0.00, 0.00, 1.00, 0.00, 0.00, 0.00
3465,  0,  115.467,  0.98,  1, 0.00, 0.00, 0.97, 0.00, 1.58, 2.52, 0.00, 0.74, 1.79, 2.22, 0.00, 0.00, 0.00, 0.02, 1.92, 0.43, 0.00, 0.00, 0.00, 1.00, 1.00, 1.00, 1.00, 0.00, 1.00, 1.00, 1.00, 0.00, 0.00, 0.00, 0.00, 1.00, 0.00, 0.00, 0.00
3466,  0,  115.500,  0.98,  1, 0.00, 0.02, 1.09, 0.00, 1.61, 2.37, 0.00, 0.89, 1.88, 2.21, 0.00, 0.00, 0.00, 0.06, 1.87, 0.41, 0.00, 0.00, 0.00, 1.00, 1.00, 1.00, 1.00, 0.00, 1.00, 1.00, 1.00, 0.00, 0.00, 0.00, 0.00, 1.00, 0.00, 0.00, 0.00
3467,  0,  115.533,  0.98,  1, 0.00, 0.02, 1.20, 0.00, 1.69, 2.45, 0.00, 1.06, 1.89, 2.27, 0.00, 0.00, 0.00, 0.10, 1.74, 0.31, 0.00, 0.00, 0.00, 1.00, 1.00, 1.00, 1.00, 0.00, 1.00, 1.00, 1.00, 0.00, 0.00, 0.00, 0.00, 1.00, 0.00, 0.00, 0.00
3468,  0,  115.567,  0.98,  1, 0.00, 0.02, 1.32, 0.00, 1.70, 2.58, 0.00, 1.17, 1.94, 2.25, 0.00, 0.00, 0.00, 0.15, 1.71, 0.33, 0.00, 0.00, 0.00, 1.00, 1.00, 1.00, 1.00, 0.00, 1.00, 1.00, 1.00, 0.00, 0.00, 0.00, 0.00, 1.00, 0.00, 0.00, 0.00
3469,  0,  115.600,  0.98,  1, 0.00, 0.00, 1.34, 0.00, 1.75, 2.83, 0.00, 1.24, 1.98, 2.24, 0.00, 0.00, 0.00, 0.19, 1.80, 0.42, 0.00, 0.00, 0.00, 1.00, 1.00, 1.00, 1.00, 0.00, 1.00, 1.00, 1.00, 0.00, 0.00, 0.00, 1.00, 1.00, 1.00, 0.00, 0.00
3470,  0,  115.633,  0.98,  1, 0.00, 0.00, 1.27, 0.00, 1.77, 2.91, 0.00, 1.40, 2.04, 2.35, 0.00, 0.00, 0.00, 0.21, 1.86, 0.52, 0.00, 0.00, 0.00, 1.00, 1.00, 1.00, 1.00, 0.00, 1.00, 1.00, 1.00, 0.00, 0.00, 0.00, 1.00, 1.00, 1.00, 0.00, 0.00
3471,  0,  115.667,  0.98,  1, 0.00, 0.00, 1.30, 0.00, 1.84, 3.06, 0.00, 1.53, 2.04, 2.46, 0.00, 0.00, 0.00, 0.28, 1.92, 0.55, 0.00, 0.00, 0.00, 1.00, 1.00, 1.00, 1.00, 0.00, 1.00, 1.00, 1.00, 0.00, 0.00, 0.00, 1.00, 1.00, 1.00, 0.00, 0.00
3472,  0,  115.700,  0.98,  1, 0.00, 0.00, 1.28, 0.00, 1.84, 3.03, 0.00, 1.66, 2.02, 2.53, 0.00, 0.00, 0.00, 0.28, 1.96, 0.52, 0.00, 0.00, 0.00, 1.00, 1.00, 1.00, 1.00, 0.00, 1.00, 1.00, 1.00, 0.00, 0.00, 0.00, 1.00, 1.00, 1.00, 0.00, 0.00
3473,  0,  115.733,  0.98,  1, 0.00, 0.00, 1.32, 0.00, 1.87, 3.05, 0.00, 1.63, 2.00, 2.50, 0.00, 0.00, 0.00, 0.29, 1.96, 0.44, 0.00, 0.00, 0.00, 1.00, 1.00, 1.00, 1.00, 0.00, 1.00, 1.00, 1.00, 0.00, 0.00, 0.00, 1.00, 1.00, 1.00, 0.00, 0.00
3474,  0,  115.767,  0.98,  1, 0.00, 0.00, 1.22, 0.00, 1.88, 2.82, 0.00, 1.63, 2.04, 2.49, 0.00, 0.02, 0.00, 0.26, 2.03, 0.41, 0.00, 0.00, 0.00, 1.00, 1.00, 1.00, 1.00, 0.00, 1.00, 1.00, 1.00, 0.00, 0.00, 0.00, 1.00, 1.00, 1.00, 0.00, 0.00
3475,  0,  115.800,  0.98,  1, 0.00, 0.00, 1.25, 0.00, 1.94, 2.88, 0.00, 1.52, 2.06, 2.48, 0.00, 0.02, 0.00, 0.27, 2.10, 0.39, 0.00, 0.00, 0.00, 1.00, 1.00, 1.00, 1.00, 0.00, 1.00, 1.00, 1.00, 0.00, 0.00, 0.00, 1.00, 1.00, 1.00, 0.00, 1.00
3476,  0,  115.833,  0.98,  1, 0.00, 0.00, 1.28, 0.00, 2.00, 2.97, 0.00, 1.61, 2.10, 2.50, 0.00, 0.02, 0.00, 0.26, 2.22, 0.50, 0.00, 0.00, 0.00, 1.00, 1.00, 1.00, 1.00, 0.00, 1.00, 1.00, 1.00, 0.00, 0.00, 0.00, 1.00, 1.00, 1.00, 0.00, 1.00
3477,  0,  115.867,  0.98,  1, 0.00, 0.00, 1.34, 0.00, 2.09, 3.14, 0.00, 1.65, 2.09, 2.56, 0.00, 0.04, 0.00, 0.27, 2.08, 0.47, 0.00, 0.00, 0.00, 1.00, 1.00, 1.00, 1.00, 0.00, 1.00, 1.00, 1.00, 0.00, 0.00, 0.00, 1.00, 1.00, 1.00, 0.00, 1.00
3478,  0,  115.900,  0.98,  1, 0.00, 0.00, 1.29, 0.00, 2.12, 3.33, 0.00, 1.71, 2.10, 2.54, 0.00, 0.04, 0.00, 0.26, 1.98, 0.48, 0.00, 0.00, 0.00, 1.00, 1.00, 1.00, 1.00, 0.00, 1.00, 1.00, 1.00, 0.00, 0.00, 0.00, 1.00, 1.00, 1.00, 0.00, 1.00
3479,  0,  115.933,  0.98,  1, 0.00, 0.00, 1.29, 0.00, 2.14, 3.35, 0.00, 1.63, 2.07, 2.51, 0.00, 0.16, 0.00, 0.23, 1.80, 0.50, 0.00, 0.00, 0.00, 1.00, 1.00, 1.00, 1.00, 0.00, 1.00, 1.00, 1.00, 0.00, 0.00, 0.00, 1.00, 1.00, 1.00, 0.00, 1.00
3480,  0,  115.967,  0.98,  1, 0.00, 0.00, 1.33, 0.00, 2.11, 3.32, 0.00, 1.59, 2.13, 2.34, 0.00, 0.14, 0.00, 0.20, 1.78, 0.54, 0.00, 0.00, 0.00, 1.00, 1.00, 1.00, 1.00, 0.00, 1.00, 1.00, 1.00, 0.00, 0.00, 0.00, 1.00, 1.00, 1.00, 0.00, 1.00
3481,  0,  116.000,  0.98,  1, 0.00, 0.00, 1.40, 0.00, 2.11, 3.16, 0.00, 1.56, 2.16, 2.22, 0.00, 0.17, 0.00, 0.22, 1.65, 0.57, 0.00, 0.00, 0.00, 1.00, 1.00, 1.00, 1.00, 0.00, 1.00, 1.00, 1.00, 0.00, 0.00, 0.00, 1.00, 1.00, 1.00, 0.00, 1.00
3482,  0,  116.033,  0.98,  1, 0.00, 0.00, 1.47, 0.00, 2.15, 3.28, 0.00, 1.59, 2.22, 2.07, 0.00, 0.05, 0.00, 0.28, 1.62, 0.55, 0.00, 0.00, 0.00, 1.00, 1.00, 1.00, 1.00, 0.00, 1.00, 1.00, 1.00, 0.00, 0.00, 0.00, 1.00, 1.00, 1.00, 0.00, 1.00
3483,  0,  116.067,  0.98,  1, 0.00, 0.00, 1.46, 0.00, 2.17, 3.32, 0.00, 1.60, 2.22, 2.06, 0.00, 0.03, 0.00, 0.29, 1.67, 0.59, 0.00, 0.00, 0.00, 1.00, 1.00, 1.00, 1.00, 0.00, 1.00, 1.00, 1.00, 0.00, 0.00, 0.00, 1.00, 1.00, 1.00, 0.00, 1.00
3484,  0,  116.100,  0.98,  1, 0.00, 0.00, 1.46, 0.00, 2.14, 3.37, 0.00, 1.60, 2.21, 2.05, 0.00, 0.00, 0.00, 0.31, 1.81, 0.62, 0.00, 0.00, 0.00, 1.00, 1.00, 1.00, 1.00, 0.00, 1.00, 1.00, 1.00, 0.00, 0.00, 0.00, 1.00, 1.00, 1.00, 0.00, 1.00
3485,  0,  116.133,  0.98,  1, 0.00, 0.00, 1.46, 0.02, 2.05, 3.31, 0.00, 1.59, 2.20, 2.16, 0.00, 0.00, 0.00, 0.29, 1.87, 0.63, 0.00, 0.00, 0.00, 1.00, 1.00, 1.00, 1.00, 0.00, 1.00, 1.00, 1.00, 0.00, 0.00, 0.00, 1.00, 1.00, 1.00, 0.00, 1.00
3486,  0,  116.167,  0.98,  1, 0.00, 0.00, 1.48, 0.02, 2.04, 3.29, 0.00, 1.59, 2.19, 2.21, 0.00, 0.00, 0.00, 0.28, 1.92, 0.57, 0.00, 0.00, 0.00, 1.00, 1.00, 1.00, 1.00, 0.00, 1.00, 1.00, 1.00, 0.00, 0.00, 0.00, 1.00, 1.00, 1.00, 0.00, 1.00
3487,  0,  116.200,  0.98,  1, 0.00, 0.00, 1.51, 0.02, 2.07, 3.16, 0.00, 1.63, 2.20, 2.32, 0.00, 0.00, 0.00, 0.24, 1.99, 0.50, 0.00, 0.00, 0.00, 1.00, 1.00, 1.00, 1.00, 0.00, 1.00, 1.00, 1.00, 0.00, 0.00, 0.00, 1.00, 1.00, 1.00, 0.00, 1.00
3488,  0,  116.233,  0.98,  1, 0.00, 0.00, 1.39, 0.00, 2.11, 3.06, 0.00, 1.60, 2.23, 2.32, 0.00, 0.00, 0.00, 0.23, 2.07, 0.40, 0.00, 0.00, 0.00, 1.00, 1.00, 1.00, 1.00, 0.00, 1.00, 1.00, 1.00, 0.00, 0.00, 0.00, 1.00, 1.00, 1.00, 0.00, 1.00
3489,  0,  116.267,  0.98,  1, 0.00, 0.00, 1.29, 0.00, 2.16, 3.05, 0.00, 1.59, 2.23, 2.32, 0.00, 0.00, 0.00, 0.23, 2.16, 0.41, 0.00, 0.00, 0.00, 1.00, 1.00, 1.00, 1.00, 0.00, 1.00, 1.00, 1.00, 0.00, 0.00, 0.00, 1.00, 1.00, 1.00, 0.00, 1.00
3490,  0,  116.300,  0.98,  1, 0.00, 0.00, 1.15, 0.00, 2.23, 3.19, 0.00, 1.55, 2.21, 2.29, 0.00, 0.00, 0.00, 0.20, 2.13, 0.50, 0.00, 0.00, 0.00, 1.00, 1.00, 1.00, 1.00, 0.00, 1.00, 1.00, 1.00, 0.00, 0.00, 0.00, 0.00, 1.00, 1.00, 0.00, 1.00
3491,  0,  116.333,  0.98,  1, 0.00, 0.00, 1.16, 0.00, 2.24, 3.25, 0.00, 1.53, 2.17, 2.30, 0.00, 0.00, 0.00, 0.16, 2.14, 0.51, 0.00, 0.00, 0.00, 1.00, 1.00, 1.00, 1.00, 0.00, 1.00, 1.00, 1.00, 0.00, 0.00, 0.00, 0.00, 1.00, 1.00, 0.00, 1.00
3492,  0,  116.367,  0.98,  1, 0.00, 0.00, 1.26, 0.00, 2.14, 3.21, 0.00, 1.47, 2.13, 2.22, 0.00, 0.00, 0.00, 0.08, 2.10, 0.46, 0.02, 0.00, 0.00, 1.00, 1.00, 1.00, 1.00, 0.00, 1.00, 1.00, 1.00, 0.00, 0.00, 0.00, 0.00, 1.00, 1.00, 0.00, 1.00
3493,  0,  116.400,  0.98,  1, 0.00, 0.00, 1.40, 0.00, 2.08, 3.23, 0.00, 1.44, 2.12, 2.12, 0.00, 0.00, 0.00, 0.05, 2.11, 0.35, 0.04, 0.00, 0.00, 1.00, 1.00, 1.00, 1.00, 0.00, 1.00, 1.00, 1.00, 0.00, 0.00, 0.00, 0.00, 1.00, 1.00, 0.00, 1.00
3494,  0,  116.433,  0.98,  1, 0.00, 0.00, 1.55, 0.00, 2.07, 3.22, 0.00, 1.41, 2.11, 2.15, 0.00, 0.00, 0.00, 0.03, 2.13, 0.33, 0.04, 0.00, 0.00, 1.00, 1.00, 1.00, 1.00, 0.00, 1.00, 1.00, 1.00, 0.00, 0.00, 0.00, 0.00, 1.00, 1.00, 0.00, 1.00
3495,  0,  116.467,  0.98,  1, 0.00, 0.00, 1.61, 0.00, 2.13, 3.28, 0.00, 1.43, 2.13, 2.24, 0.00, 0.00, 0.00, 0.05, 2.15, 0.40, 0.03, 0.00, 0.00, 1.00, 1.00, 1.00, 1.00, 0.00, 1.00, 1.00, 1.00, 0.00, 0.00, 0.00, 0.00, 1.00, 1.00, 0.00, 1.00
3496,  0,  116.500,  0.98,  1, 0.00, 0.00, 1.61, 0.00, 2.11, 3.31, 0.00, 1.37, 2.10, 2.35, 0.00, 0.00, 0.00, 0.07, 2.18, 0.50, 0.00, 0.00, 0.00, 1.00, 1.00, 1.00, 1.00, 0.00, 1.00, 1.00, 1.00, 0.00, 0.00, 0.00, 0.00, 1.00, 1.00, 0.00, 1.00
3497,  0,  116.533,  0.98,  1, 0.00, 0.00, 1.59, 0.00, 2.08, 3.39, 0.00, 1.29, 2.10, 2.27, 0.00, 0.00, 0.00, 0.06, 2.16, 0.54, 0.00, 0.00, 0.00, 1.00, 1.00, 1.00, 1.00, 0.00, 1.00, 1.00, 1.00, 0.00, 0.00, 0.00, 0.00, 1.00, 1.00, 0.00, 1.00
3498,  0,  116.567,  0.98,  1, 0.00, 0.00, 1.59, 0.00, 2.06, 3.38, 0.00, 1.27, 2.09, 2.27, 0.00, 0.00, 0.00, 0.06, 2.19, 0.50, 0.01, 0.00, 0.00, 1.00, 1.00, 1.00, 1.00, 0.00, 1.00, 1.00, 1.00, 0.00, 0.00, 0.00, 0.00, 1.00, 1.00, 0.00, 1.00
3499,  0,  116.600,  0.98,  1, 0.00, 0.00, 1.61, 0.00, 2.07, 3.32, 0.00, 1.27, 2.12, 2.28, 0.00, 0.03, 0.00, 0.07, 2.17, 0.45, 0.01, 0.00, 0.00, 1.00, 1.00, 1.00, 1.00, 0.00, 1.00, 1.00, 1.00, 0.00, 0.00, 0.00, 0.00, 1.00, 1.00, 0.00, 1.00
3500,  0,  116.633,  0.98,  1, 0.00, 0.00, 1.61, 0.00, 2.10, 3.30, 0.00, 1.33, 2.13, 2.23, 0.00, 0.03, 0.00, 0.09, 2.23, 0.41, 0.01, 0.00, 0.00, 1.00, 1.00, 1.00, 1.00, 0.00, 1.00, 1.00, 1.00, 0.00, 0.00, 0.00, 0.00, 1.00, 1.00, 0.00, 1.00
3501,  0,  116.667,  0.98,  1, 0.00, 0.00, 1.58, 0.00, 2.09, 3.37, 0.00, 1.35, 2.14, 2.25, 0.00, 0.03, 0.00, 0.09, 2.17, 0.42, 0.00, 0.00, 0.00, 1.00, 1.00, 1.00, 1.00, 0.00, 1.00, 1.00, 1.00, 0.00, 0.00, 0.00, 0.00, 1.00, 1.00, 0.00, 1.00
3502,  0,  116.700,  0.98,  1, 0.00, 0.00, 1.46, 0.00, 2.07, 3.18, 0.00, 1.30, 2.14, 2.14, 0.00, 0.00, 0.00, 0.07, 2.27, 0.51, 0.00, 0.00, 0.00, 1.00, 1.00, 1.00, 1.00, 0.00, 1.00, 1.00, 1.00, 0.00, 0.00, 0.00, 0.00, 1.00, 1.00, 0.00, 1.00
3503,  0,  116.733,  0.98,  1, 0.00, 0.00, 1.43, 0.00, 2.07, 3.02, 0.00, 1.24, 2.16, 2.16, 0.00, 0.00, 0.00, 0.09, 2.23, 0.53, 0.00, 0.00, 0.00, 1.00, 1.00, 1.00, 1.00, 0.00, 1.00, 1.00, 1.00, 0.00, 0.00, 0.00, 0.00, 1.00, 1.00, 0.00, 1.00
3504,  0,  116.767,  0.98,  1, 0.00, 0.00, 1.37, 0.00, 2.11, 2.97, 0.00, 1.13, 2.22, 1.92, 0.00, 0.00, 0.01, 0.06, 2.27, 0.52, 0.00, 0.00, 0.00, 1.00, 1.00, 1.00, 1.00, 0.00, 1.00, 1.00, 1.00, 0.00, 0.00, 0.00, 0.00, 1.00, 1.00, 0.00, 1.00
3505,  0,  116.800,  0.98,  1, 0.00, 0.00, 1.47, 0.00, 2.20, 3.26, 0.00, 1.14, 2.30, 1.84, 0.00, 0.00, 0.01, 0.09, 2.17, 0.49, 0.00, 0.00, 0.00, 1.00, 1.00, 1.00, 1.00, 0.00, 1.00, 1.00, 1.00, 0.00, 0.00, 0.00, 0.00, 1.00, 1.00, 0.00, 1.00
3506,  0,  116.833,  0.98,  1, 0.00, 0.00, 1.56, 0.00, 2.24, 3.39, 0.00, 1.11, 2.32, 1.74, 0.00, 0.00, 0.01, 0.06, 2.15, 0.52, 0.00, 0.00, 0.00, 1.00, 1.00, 1.00, 1.00, 0.00, 1.00, 1.00, 1.00, 0.00, 0.00, 0.00, 0.00, 1.00, 1.00, 0.00, 1.00
3507,  0,  116.867,  0.98,  1, 0.00, 0.00, 1.52, 0.00, 2.26, 3.44, 0.00, 1.17, 2.34, 1.82, 0.00, 0.00, 0.00, 0.08, 2.14, 0.51, 0.00, 0.00, 0.00, 1.00, 1.00, 1.00, 1.00, 0.00, 1.00, 1.00, 1.00, 0.00, 0.00, 0.00, 0.00, 1.00, 1.00, 0.00, 1.00
3508,  0,  116.900,  0.98,  1, 0.00, 0.00, 1.51, 0.00, 2.24, 3.39, 0.00, 1.20, 2.31, 1.87, 0.00, 0.00, 0.00, 0.04, 2.15, 0.45, 0.00, 0.00, 0.00, 1.00, 1.00, 1.00, 1.00, 0.00, 1.00, 1.00, 1.00, 0.00, 0.00, 0.00, 0.00, 1.00, 1.00, 0.00, 1.00
3509,  0,  116.933,  0.98,  1, 0.00, 0.00, 1.40, 0.00, 2.25, 3.48, 0.00, 1.24, 2.31, 1.91, 0.00, 0.00, 0.02, 0.04, 2.13, 0.35, 0.00, 0.00, 0.00, 1.00, 1.00, 1.00, 1.00, 0.00, 1.00, 1.00, 1.00, 0.00, 0.00, 0.00, 0.00, 1.00, 1.00, 0.00, 1.00
3510,  0,  116.967,  0.98,  1, 0.00, 0.00, 1.40, 0.14, 2.27, 3.47, 0.00, 1.26, 2.26, 1.85, 0.00, 0.00, 0.02, 0.03, 2.11, 0.31, 0.00, 0.00, 0.00, 1.00, 1.00, 1.00, 1.00, 0.00, 1.00, 1.00, 1.00, 0.00, 0.00, 0.00, 0.00, 1.00, 1.00, 0.00, 0.00
3511,  0,  117.000,  0.98,  1, 0.00, 0.00, 1.34, 0.22, 2.27, 3.42, 0.00, 1.20, 2.23, 1.75, 0.00, 0.00, 0.01, 0.06, 2.03, 0.26, 0.00, 0.00, 0.00, 1.00, 1.00, 1.00, 1.00, 0.00, 1.00, 1.00, 1.00, 0.00, 0.00, 0.00, 0.00, 1.00, 1.00, 0.00, 0.00
3512,  0,  117.033,  0.98,  1, 0.00, 0.00, 1.31, 0.29, 2.20, 3.21, 0.00, 1.20, 2.24, 1.70, 0.00, 0.00, 0.00, 0.08, 2.04, 0.26, 0.00, 0.00, 0.00, 1.00, 1.00, 1.00, 1.00, 0.00, 1.00, 1.00, 1.00, 0.00, 0.00, 0.00, 0.00, 1.00, 1.00, 0.00, 0.00
3513,  0,  117.067,  0.98,  1, 0.00, 0.00, 1.37, 0.14, 2.14, 3.08, 0.00, 1.14, 2.25, 1.70, 0.00, 0.00, 0.04, 0.08, 2.05, 0.25, 0.00, 0.00, 0.00, 1.00, 1.00, 1.00, 1.00, 0.00, 1.00, 1.00, 1.00, 0.00, 0.00, 0.00, 0.00, 1.00, 1.00, 0.00, 0.00
3514,  0,  117.100,  0.98,  1, 0.00, 0.00, 1.33, 0.10, 2.10, 2.96, 0.00, 1.11, 2.26, 1.74, 0.00, 0.00, 0.04, 0.06, 2.06, 0.26, 0.00, 0.00, 0.00, 1.00, 1.00, 1.00, 1.00, 0.00, 1.00, 1.00, 1.00, 0.00, 0.00, 0.00, 0.00, 1.00, 1.00, 0.00, 0.00
3515,  0,  117.133,  0.98,  1, 0.00, 0.00, 1.29, 0.03, 2.05, 2.99, 0.00, 1.07, 2.25, 1.86, 0.00, 0.00, 0.04, 0.07, 1.97, 0.25, 0.00, 0.00, 0.00, 1.00, 1.00, 1.00, 1.00, 0.00, 1.00, 1.00, 1.00, 0.00, 0.00, 0.00, 0.00, 1.00, 1.00, 0.00, 0.00
3516,  0,  117.167,  0.98,  1, 0.00, 0.00, 1.35, 0.03, 2.04, 2.90, 0.00, 1.12, 2.26, 1.92, 0.00, 0.00, 0.00, 0.11, 1.96, 0.29, 0.00, 0.00, 0.00, 1.00, 1.00, 1.00, 1.00, 0.00, 1.00, 1.00, 1.00, 0.00, 0.00, 0.00, 1.00, 1.00, 1.00, 0.00, 1.00
3517,  0,  117.200,  0.98,  1, 0.00, 0.00, 1.43, 0.00, 2.08, 2.92, 0.00, 1.26, 2.25, 1.97, 0.00, 0.00, 0.00, 0.14, 1.90, 0.28, 0.00, 0.00, 0.00, 1.00, 1.00, 1.00, 1.00, 0.00, 1.00, 1.00, 1.00, 0.00, 0.00, 0.00, 1.00, 1.00, 1.00, 0.00, 1.00
3518,  0,  117.233,  0.98,  1, 0.00, 0.00, 1.57, 0.00, 2.13, 2.97, 0.00, 1.35, 2.18, 1.91, 0.00, 0.00, 0.00, 0.11, 2.01, 0.28, 0.00, 0.00, 0.00, 1.00, 1.00, 1.00, 1.00, 0.00, 1.00, 1.00, 1.00, 0.00, 0.00, 0.00, 1.00, 1.00, 1.00, 0.00, 1.00
3519,  0,  117.267,  0.98,  1, 0.00, 0.00, 1.52, 0.00, 2.05, 3.22, 0.00, 1.36, 2.08, 1.85, 0.00, 0.00, 0.00, 0.05, 2.01, 0.34, 0.00, 0.00, 0.00, 1.00, 1.00, 1.00, 1.00, 0.00, 1.00, 1.00, 1.00, 0.00, 0.00, 0.00, 1.00, 1.00, 1.00, 0.00, 1.00
3520,  0,  117.300,  0.98,  1, 0.00, 0.00, 1.59, 0.00, 1.90, 3.36, 0.00, 1.20, 1.93, 1.80, 0.00, 0.00, 0.00, 0.01, 2.16, 0.52, 0.00, 0.00, 0.00, 1.00, 1.00, 1.00, 1.00, 0.00, 1.00, 1.00, 1.00, 0.00, 0.00, 0.00, 1.00, 1.00, 1.00, 0.00, 1.00
3521,  0,  117.333,  0.98,  1, 0.00, 0.00, 1.58, 0.03, 1.78, 3.40, 0.00, 1.06, 1.83, 1.71, 0.00, 0.00, 0.00, 0.00, 2.07, 0.64, 0.00, 0.00, 0.00, 1.00, 1.00, 1.00, 1.00, 0.00, 1.00, 1.00, 1.00, 0.00, 0.00, 0.00, 1.00, 1.00, 1.00, 0.00, 1.00
3522,  0,  117.367,  0.98,  1, 0.00, 0.00, 1.58, 0.03, 1.73, 3.33, 0.00, 0.94, 1.78, 1.68, 0.00, 0.00, 0.00, 0.00, 2.08, 0.59, 0.00, 0.00, 0.00, 1.00, 1.00, 1.00, 1.00, 0.00, 1.00, 1.00, 1.00, 0.00, 0.00, 0.00, 1.00, 1.00, 1.00, 0.00, 1.00
3523,  0,  117.400,  0.98,  1, 0.00, 0.00, 1.48, 0.03, 1.69, 3.24, 0.00, 0.99, 1.79, 1.55, 0.00, 0.00, 0.00, 0.00, 2.04, 0.46, 0.00, 0.00, 0.00, 1.00, 1.00, 1.00, 1.00, 0.00, 1.00, 1.00, 1.00, 0.00, 0.00, 0.00, 1.00, 1.00, 1.00, 0.00, 1.00
3524,  0,  117.433,  0.98,  1, 0.00, 0.00, 1.43, 0.01, 1.65, 3.14, 0.00, 1.02, 1.77, 1.55, 0.00, 0.00, 0.00, 0.00, 2.09, 0.40, 0.00, 0.00, 0.00, 1.00, 1.00, 1.00, 1.00, 0.00, 1.00, 1.00, 1.00, 0.00, 0.00, 0.00, 1.00, 1.00, 1.00, 0.00, 1.00
3525,  0,  117.467,  0.98,  1, 0.00, 0.00, 1.44, 0.01, 1.60, 3.11, 0.00, 1.07, 1.67, 1.54, 0.00, 0.00, 0.00, 0.00, 2.09, 0.48, 0.00, 0.00, 0.00, 1.00, 1.00, 1.00, 1.00, 0.00, 1.00, 1.00, 1.00, 0.00, 0.00, 0.00, 1.00, 1.00, 1.00, 0.00, 1.00
3526,  0,  117.500,  0.98,  1, 0.00, 0.00, 1.46, 0.01, 1.63, 2.92, 0.00, 1.09, 1.55, 1.59, 0.00, 0.00, 0.00, 0.00, 2.08, 0.49, 0.00, 0.00, 0.00, 1.00, 1.00, 1.00, 1.00, 0.00, 1.00, 1.00, 1.00, 0.00, 0.00, 0.00, 1.00, 1.00, 1.00, 0.00, 1.00
3527,  0,  117.533,  0.98,  1, 0.00, 0.00, 1.52, 0.00, 1.64, 2.84, 0.00, 1.07, 1.46, 1.55, 0.00, 0.00, 0.00, 0.00, 2.04, 0.46, 0.00, 0.00, 0.00, 1.00, 1.00, 1.00, 1.00, 0.00, 1.00, 1.00, 1.00, 0.00, 0.00, 0.00, 1.00, 1.00, 1.00, 0.00, 1.00
3528,  0,  117.567,  0.98,  1, 0.00, 0.00, 1.46, 0.00, 1.61, 2.70, 0.01, 0.90, 1.44, 1.33, 0.00, 0.05, 0.00, 0.00, 2.02, 0.36, 0.00, 0.00, 0.00, 1.00, 1.00, 1.00, 1.00, 0.00, 1.00, 1.00, 1.00, 0.00, 0.00, 0.00, 1.00, 1.00, 1.00, 0.00, 1.00
3529,  0,  117.600,  0.98,  1, 0.00, 0.00, 1.54, 0.00, 1.60, 2.84, 0.01, 0.82, 1.47, 1.20, 0.00, 0.05, 0.03, 0.00, 2.05, 0.36, 0.00, 0.00, 0.00, 1.00, 1.00, 1.00, 1.00, 0.00, 1.00, 1.00, 1.00, 0.00, 0.00, 0.00, 1.00, 1.00, 1.00, 0.00, 1.00
3530,  0,  117.633,  0.98,  1, 0.00, 0.00, 1.61, 0.00, 1.61, 3.08, 0.04, 0.86, 1.49, 1.05, 0.00, 0.08, 0.07, 0.00, 2.14, 0.33, 0.00, 0.00, 0.00, 1.00, 1.00, 1.00, 1.00, 0.00, 1.00, 1.00, 1.00, 0.00, 0.00, 0.00, 1.00, 1.00, 1.00, 0.00, 1.00
3531,  0,  117.667,  0.98,  1, 0.00, 0.00, 1.69, 0.00, 1.67, 3.17, 0.02, 1.03, 1.50, 1.06, 0.00, 0.10, 0.08, 0.00, 2.17, 0.22, 0.00, 0.00, 0.00, 1.00, 1.00, 1.00, 1.00, 0.00, 1.00, 1.00, 1.00, 0.00, 0.00, 0.00, 1.00, 1.00, 1.00, 0.00, 1.00
3532,  0,  117.700,  0.98,  1, 0.00, 0.00, 1.74, 0.00, 1.63, 3.14, 0.02, 1.09, 1.46, 1.05, 0.00, 0.21, 0.09, 0.00, 2.18, 0.09, 0.00, 0.00, 0.00, 1.00, 1.00, 1.00, 1.00, 0.00, 1.00, 1.00, 1.00, 0.00, 0.00, 0.00, 1.00, 1.00, 1.00, 0.00, 1.00
3533,  0,  117.733,  0.98,  1, 0.00, 0.00, 1.73, 0.01, 1.63, 2.89, 0.00, 1.04, 1.48, 1.13, 0.00, 0.18, 0.05, 0.00, 2.17, 0.01, 0.11, 0.00, 0.00, 1.00, 1.00, 1.00, 1.00, 0.00, 1.00, 1.00, 1.00, 0.00, 0.00, 0.00, 1.00, 1.00, 1.00, 0.00, 1.00
3534,  0,  117.767,  0.98,  1, 0.00, 0.00, 1.76, 0.01, 1.67, 2.88, 0.02, 0.95, 1.51, 1.19, 0.00, 0.14, 0.21, 0.00, 2.20, 0.00, 0.21, 0.00, 0.00, 1.00, 1.00, 1.00, 1.00, 0.00, 1.00, 1.00, 1.00, 0.00, 0.00, 0.00, 1.00, 1.00, 1.00, 0.00, 1.00
3535,  0,  117.800,  0.98,  1, 0.00, 0.00, 1.69, 0.01, 1.84, 2.93, 0.03, 0.94, 1.66, 1.31, 0.00, 0.03, 0.26, 0.00, 2.21, 0.02, 0.23, 0.00, 0.00, 1.00, 1.00, 1.00, 1.00, 0.00, 1.00, 1.00, 1.00, 0.00, 0.00, 0.00, 1.00, 1.00, 1.00, 0.00, 1.00
3536,  0,  117.833,  0.98,  1, 0.00, 0.00, 1.59, 0.00, 1.97, 2.95, 0.03, 0.96, 1.83, 1.39, 0.00, 0.02, 0.36, 0.00, 2.19, 0.05, 0.16, 0.00, 0.00, 1.00, 1.00, 1.00, 1.00, 0.00, 1.00, 1.00, 1.00, 0.00, 0.00, 0.00, 1.00, 1.00, 1.00, 0.00, 1.00
3537,  0,  117.867,  0.98,  1, 0.00, 0.00, 1.50, 0.00, 2.10, 2.96, 0.00, 1.00, 2.01, 1.46, 0.00, 0.00, 0.29, 0.00, 2.13, 0.05, 0.06, 0.00, 0.00, 1.00, 1.00, 1.00, 1.00, 0.00, 1.00, 1.00, 1.00, 0.00, 0.00, 0.00, 1.00, 1.00, 1.00, 0.00, 1.00
3538,  0,  117.900,  0.98,  1, 0.00, 0.00, 1.52, 0.00, 2.15, 3.04, 0.00, 1.00, 2.14, 1.47, 0.00, 0.00, 0.33, 0.00, 1.98, 0.04, 0.04, 0.00, 0.00, 1.00, 1.00, 1.00, 1.00, 0.00, 1.00, 1.00, 1.00, 0.00, 0.00, 0.00, 1.00, 1.00, 1.00, 0.00, 1.00
3539,  0,  117.933,  0.98,  1, 0.00, 0.00, 1.45, 0.00, 2.18, 2.98, 0.00, 0.94, 2.24, 1.54, 0.00, 0.00, 0.27, 0.00, 1.91, 0.00, 0.05, 0.00, 0.00, 1.00, 1.00, 1.00, 1.00, 0.00, 1.00, 1.00, 1.00, 0.00, 0.00, 0.00, 0.00, 1.00, 1.00, 0.00, 1.00
3540,  0,  117.967,  0.98,  1, 0.00, 0.02, 1.48, 0.00, 2.17, 2.66, 0.00, 0.92, 2.28, 1.59, 0.00, 0.03, 0.27, 0.00, 1.72, 0.00, 0.06, 0.00, 0.00, 1.00, 1.00, 1.00, 1.00, 0.00, 1.00, 1.00, 1.00, 0.00, 0.00, 0.00, 0.00, 1.00, 1.00, 0.00, 1.00
3541,  0,  118.000,  0.98,  1, 0.00, 0.12, 1.49, 0.00, 2.18, 2.26, 0.00, 0.86, 2.32, 1.66, 0.00, 0.10, 0.23, 0.00, 1.64, 0.00, 0.13, 0.00, 0.00, 1.00, 1.00, 1.00, 1.00, 0.00, 1.00, 1.00, 1.00, 0.00, 0.00, 0.00, 0.00, 1.00, 1.00, 0.00, 1.00
3542,  0,  118.033,  0.98,  1, 0.00, 0.17, 1.68, 0.00, 2.18, 2.15, 0.01, 0.98, 2.32, 1.62, 0.00, 0.11, 0.29, 0.00, 1.51, 0.00, 0.08, 0.00, 0.00, 1.00, 1.00, 1.00, 1.00, 0.00, 1.00, 1.00, 1.00, 0.00, 0.00, 0.00, 0.00, 1.00, 0.00, 0.00, 1.00
3543,  0,  118.067,  0.98,  1, 0.00, 0.20, 1.71, 0.00, 2.15, 2.15, 0.03, 1.04, 2.32, 1.65, 0.00, 0.13, 0.27, 0.00, 1.57, 0.00, 0.14, 0.00, 0.00, 1.00, 1.00, 1.00, 1.00, 0.00, 1.00, 1.00, 1.00, 0.00, 0.00, 0.00, 0.00, 1.00, 0.00, 0.00, 1.00
3544,  0,  118.100,  0.98,  1, 0.00, 0.28, 1.71, 0.00, 2.10, 2.29, 0.03, 1.00, 2.31, 1.72, 0.00, 0.10, 0.21, 0.00, 1.67, 0.00, 0.13, 0.00, 0.00, 1.00, 1.00, 1.00, 1.00, 0.00, 1.00, 1.00, 1.00, 0.00, 0.00, 0.00, 0.00, 1.00, 0.00, 0.00, 1.00
3545,  0,  118.133,  0.98,  1, 0.00, 0.38, 1.60, 0.00, 2.04, 2.39, 0.02, 0.96, 2.29, 1.87, 0.00, 0.14, 0.12, 0.00, 1.71, 0.00, 0.26, 0.00, 0.00, 1.00, 1.00, 1.00, 1.00, 0.00, 1.00, 1.00, 1.00, 0.00, 0.00, 0.00, 0.00, 1.00, 0.00, 0.00, 1.00
3546,  0,  118.167,  0.98,  1, 0.00, 0.43, 1.57, 0.00, 2.06, 2.56, 0.00, 0.90, 2.27, 1.97, 0.00, 0.10, 0.05, 0.00, 1.72, 0.00, 0.22, 0.00, 0.00, 1.00, 1.00, 1.00, 1.00, 0.00, 1.00, 1.00, 1.00, 0.00, 0.00, 0.00, 0.00, 1.00, 0.00, 0.00, 1.00
3547,  0,  118.200,  0.98,  1, 0.00, 0.32, 1.65, 0.00, 2.14, 2.65, 0.00, 0.92, 2.30, 2.00, 0.00, 0.08, 0.03, 0.00, 1.57, 0.00, 0.16, 0.00, 0.00, 1.00, 1.00, 1.00, 1.00, 0.00, 1.00, 1.00, 1.00, 0.00, 0.00, 0.00, 0.00, 1.00, 0.00, 0.00, 1.00
3548,  0,  118.233,  0.98,  1, 0.00, 0.36, 1.67, 0.00, 2.20, 2.64, 0.00, 0.83, 2.34, 2.03, 0.00, 0.07, 0.05, 0.00, 1.62, 0.00, 0.03, 0.00, 0.00, 1.00, 1.00, 1.00, 1.00, 0.00, 1.00, 1.00, 1.00, 0.00, 0.00, 0.00, 0.00, 1.00, 0.00, 0.00, 1.00
3549,  0,  118.267,  0.98,  1, 0.00, 0.48, 1.71, 0.00, 2.20, 2.54, 0.00, 0.71, 2.38, 2.09, 0.00, 0.09, 0.06, 0.00, 1.61, 0.00, 0.01, 0.00, 0.00, 1.00, 1.00, 1.00, 1.00, 0.00, 1.00, 1.00, 1.00, 0.00, 0.00, 0.00, 0.00, 1.00, 0.00, 0.00, 1.00
3550,  0,  118.300,  0.98,  1, 0.00, 0.57, 1.61, 0.00, 2.16, 2.22, 0.00, 0.65, 2.45, 2.18, 0.00, 0.12, 0.14, 0.00, 1.73, 0.00, 0.01, 0.00, 0.00, 1.00, 1.00, 1.00, 1.00, 0.00, 1.00, 1.00, 1.00, 0.00, 0.00, 0.00, 0.00, 1.00, 0.00, 0.00, 1.00
3551,  0,  118.333,  0.98,  1, 0.00, 0.47, 1.61, 0.00, 2.15, 2.19, 0.07, 0.67, 2.53, 2.18, 0.00, 0.10, 0.11, 0.00, 1.72, 0.00, 0.11, 0.00, 0.00, 1.00, 1.00, 1.00, 1.00, 0.00, 1.00, 1.00, 1.00, 0.00, 0.00, 0.00, 0.00, 1.00, 0.00, 0.00, 1.00
3552,  0,  118.367,  0.98,  1, 0.00, 0.23, 1.50, 0.00, 2.20, 2.23, 0.10, 0.74, 2.55, 2.03, 0.00, 0.10, 0.09, 0.00, 1.68, 0.00, 0.24, 0.00, 0.00, 1.00, 1.00, 1.00, 1.00, 0.00, 1.00, 1.00, 1.00, 0.00, 0.00, 0.00, 0.00, 1.00, 0.00, 0.00, 1.00
3553,  0,  118.400,  0.98,  1, 0.00, 0.14, 1.50, 0.00, 2.22, 2.48, 0.13, 0.79, 2.54, 1.92, 0.00, 0.13, 0.01, 0.00, 1.66, 0.00, 0.41, 0.00, 0.00, 1.00, 1.00, 1.00, 1.00, 0.00, 1.00, 1.00, 1.00, 0.00, 0.00, 0.00, 0.00, 1.00, 0.00, 0.00, 1.00
3554,  0,  118.433,  0.98,  1, 0.00, 0.06, 1.40, 0.00, 2.22, 2.58, 0.13, 0.83, 2.50, 1.87, 0.00, 0.30, 0.00, 0.00, 1.62, 0.00, 0.49, 0.00, 0.00, 1.00, 1.00, 1.00, 1.00, 0.00, 1.00, 1.00, 1.00, 0.00, 0.00, 0.00, 0.00, 1.00, 0.00, 0.00, 1.00
3555,  0,  118.467,  0.98,  1, 0.00, 0.12, 1.40, 0.00, 2.22, 2.67, 0.18, 0.88, 2.51, 2.01, 0.00, 0.42, 0.00, 0.00, 1.61, 0.00, 0.42, 0.00, 0.00, 1.00, 1.00, 1.00, 1.00, 0.00, 1.00, 1.00, 1.00, 0.00, 0.00, 0.00, 0.00, 1.00, 0.00, 0.00, 1.00
3556,  0,  118.500,  0.98,  1, 0.00, 0.12, 1.27, 0.00, 2.18, 2.63, 0.15, 1.02, 2.48, 1.98, 0.00, 0.47, 0.00, 0.00, 1.45, 0.00, 0.44, 0.00, 0.00, 1.00, 1.00, 1.00, 1.00, 0.00, 1.00, 1.00, 1.00, 0.00, 0.00, 0.00, 0.00, 1.00, 0.00, 0.00, 1.00
3557,  0,  118.533,  0.98,  1, 0.00, 0.16, 1.27, 0.00, 2.17, 2.45, 0.10, 1.07, 2.49, 1.93, 0.00, 0.39, 0.00, 0.00, 1.40, 0.00, 0.29, 0.00, 0.00, 1.00, 1.00, 1.00, 1.00, 0.00, 1.00, 1.00, 1.00, 0.00, 0.00, 0.00, 0.00, 1.00, 0.00, 0.00, 1.00
3558,  0,  118.567,  0.98,  1, 0.00, 0.16, 1.18, 0.00, 2.10, 2.28, 0.10, 1.06, 2.49, 1.83, 0.00, 0.41, 0.00, 0.00, 1.33, 0.00, 0.23, 0.00, 0.00, 1.00, 1.00, 1.00, 1.00, 0.00, 1.00, 1.00, 1.00, 0.00, 0.00, 0.00, 0.00, 1.00, 0.00, 0.00, 1.00
3559,  0,  118.600,  0.98,  1, 0.00, 0.17, 1.35, 0.00, 2.09, 2.29, 0.21, 0.93, 2.44, 1.89, 0.00, 0.31, 0.00, 0.00, 1.30, 0.00, 0.03, 0.00, 0.00, 1.00, 1.00, 1.00, 1.00, 0.00, 1.00, 1.00, 1.00, 0.00, 0.00, 0.00, 0.00, 1.00, 0.00, 0.00, 1.00
3560,  0,  118.633,  0.98,  1, 0.00, 0.15, 1.52, 0.00, 2.06, 2.27, 0.26, 0.79, 2.37, 1.88, 0.00, 0.29, 0.00, 0.00, 1.21, 0.00, 0.04, 0.00, 1.00, 1.00, 1.00, 1.00, 1.00, 0.00, 1.00, 1.00, 1.00, 0.00, 0.00, 0.00, 0.00, 1.00, 0.00, 0.00, 1.00
3561,  0,  118.667,  0.98,  1, 0.00, 0.09, 1.78, 0.00, 2.11, 2.26, 0.26, 0.86, 2.36, 1.90, 0.04, 0.13, 0.00, 0.00, 1.08, 0.00, 0.09, 0.00, 1.00, 1.00, 1.00, 1.00, 1.00, 0.00, 1.00, 1.00, 1.00, 0.00, 0.00, 0.00, 0.00, 1.00, 0.00, 0.00, 1.00
3562,  0,  118.700,  0.98,  1, 0.00, 0.02, 1.89, 0.00, 2.11, 2.18, 0.25, 0.93, 2.40, 1.74, 0.04, 0.09, 0.00, 0.00, 1.00, 0.00, 0.09, 0.00, 1.00, 1.00, 1.00, 1.00, 1.00, 0.00, 1.00, 1.00, 1.00, 0.00, 0.00, 0.00, 0.00, 1.00, 0.00, 0.00, 1.00
3563,  0,  118.733,  0.98,  1, 0.00, 0.00, 1.96, 0.00, 2.18, 2.30, 0.27, 1.07, 2.44, 1.69, 0.04, 0.01, 0.00, 0.00, 0.99, 0.00, 0.05, 0.00, 1.00, 1.00, 1.00, 1.00, 1.00, 0.00, 1.00, 1.00, 1.00, 0.00, 0.00, 0.00, 1.00, 1.00, 0.00, 0.00, 1.00
3564,  0,  118.767,  0.98,  1, 0.00, 0.00, 2.06, 0.00, 2.22, 2.21, 0.31, 1.09, 2.47, 1.69, 0.00, 0.03, 0.00, 0.00, 1.10, 0.00, 0.12, 0.00, 1.00, 1.00, 1.00, 1.00, 1.00, 0.00, 1.00, 1.00, 1.00, 0.00, 0.00, 0.00, 1.00, 1.00, 0.00, 0.00, 1.00
3565,  0,  118.800,  0.98,  1, 0.00, 0.00, 2.14, 0.00, 2.26, 2.18, 0.38, 1.15, 2.50, 1.75, 0.00, 0.06, 0.00, 0.00, 1.19, 0.00, 0.18, 0.00, 0.00, 1.00, 1.00, 1.00, 1.00, 1.00, 1.00, 1.00, 1.00, 0.00, 0.00, 0.00, 1.00, 1.00, 0.00, 0.00, 1.00
3566,  0,  118.833,  0.98,  1, 0.00, 0.00, 2.17, 0.00, 2.30, 2.10, 0.47, 1.23, 2.53, 1.73, 0.00, 0.07, 0.00, 0.00, 1.23, 0.00, 0.18, 0.00, 0.00, 1.00, 1.00, 1.00, 1.00, 1.00, 1.00, 1.00, 1.00, 0.00, 0.00, 0.00, 1.00, 1.00, 1.00, 0.00, 1.00
3567,  0,  118.867,  0.98,  1, 0.00, 0.00, 2.18, 0.00, 2.35, 2.29, 0.50, 1.27, 2.57, 1.76, 0.00, 0.08, 0.00, 0.00, 1.26, 0.00, 0.06, 0.00, 0.00, 1.00, 1.00, 1.00, 1.00, 1.00, 1.00, 1.00, 1.00, 0.00, 0.00, 0.00, 1.00, 1.00, 1.00, 0.00, 1.00
3568,  0,  118.900,  0.98,  1, 0.00, 0.00, 2.25, 0.00, 2.40, 2.39, 0.48, 1.26, 2.61, 1.84, 0.00, 0.05, 0.00, 0.00, 1.29, 0.00, 0.01, 0.00, 0.00, 1.00, 1.00, 1.00, 1.00, 1.00, 1.00, 1.00, 1.00, 0.00, 0.00, 0.00, 1.00, 1.00, 1.00, 0.00, 1.00
3569,  0,  118.933,  0.98,  1, 0.00, 0.00, 2.36, 0.00, 2.43, 2.48, 0.46, 1.26, 2.66, 1.89, 0.00, 0.03, 0.00, 0.00, 1.29, 0.00, 0.11, 0.00, 0.00, 1.00, 1.00, 1.00, 1.00, 1.00, 1.00, 1.00, 1.00, 0.00, 0.00, 0.00, 1.00, 1.00, 1.00, 0.00, 1.00
3570,  0,  118.967,  0.98,  1, 0.00, 0.00, 2.39, 0.00, 2.43, 2.30, 0.38, 1.34, 2.70, 1.83, 0.00, 0.00, 0.00, 0.00, 1.31, 0.00, 0.10, 0.00, 0.00, 1.00, 1.00, 1.00, 1.00, 1.00, 1.00, 1.00, 1.00, 0.00, 0.00, 0.00, 1.00, 1.00, 1.00, 0.00, 1.00
3571,  0,  119.000,  0.98,  1, 0.00, 0.00, 2.30, 0.00, 2.44, 2.21, 0.36, 1.37, 2.72, 1.76, 0.00, 0.00, 0.00, 0.00, 1.37, 0.00, 0.18, 0.00, 0.00, 1.00, 1.00, 1.00, 1.00, 1.00, 1.00, 1.00, 1.00, 0.00, 0.00, 0.00, 1.00, 1.00, 1.00, 0.00, 1.00
3572,  0,  119.033,  0.98,  1, 0.00, 0.00, 2.22, 0.00, 2.41, 2.08, 0.31, 1.32, 2.67, 1.70, 0.00, 0.00, 0.00, 0.00, 1.46, 0.00, 0.23, 0.00, 0.00, 1.00, 1.00, 1.00, 1.00, 1.00, 1.00, 1.00, 1.00, 0.00, 0.00, 0.00, 1.00, 1.00, 1.00, 0.00, 1.00
3573,  0,  119.067,  0.98,  1, 0.00, 0.00, 2.01, 0.00, 2.40, 2.01, 0.32, 1.17, 2.61, 1.63, 0.00, 0.00, 0.00, 0.00, 1.52, 0.00, 0.32, 0.00, 0.00, 1.00, 1.00, 1.00, 1.00, 1.00, 1.00, 1.00, 1.00, 0.00, 0.00, 0.00, 1.00, 1.00, 1.00, 0.00, 1.00
3574,  0,  119.100,  0.98,  1, 0.00, 0.00, 1.65, 0.00, 2.40, 1.98, 0.22, 1.21, 2.58, 1.64, 0.00, 0.00, 0.00, 0.00, 1.49, 0.00, 0.32, 0.00, 0.00, 1.00, 1.00, 1.00, 1.00, 1.00, 1.00, 1.00, 1.00, 0.00, 0.00, 0.00, 1.00, 1.00, 1.00, 0.00, 1.00
3575,  0,  119.133,  0.98,  1, 0.00, 0.00, 1.31, 0.00, 2.44, 2.06, 0.21, 1.27, 2.60, 1.68, 0.00, 0.00, 0.00, 0.00, 1.55, 0.00, 0.29, 0.00, 0.00, 1.00, 1.00, 1.00, 1.00, 1.00, 1.00, 1.00, 1.00, 0.00, 0.00, 0.00, 0.00, 1.00, 1.00, 0.00, 1.00
3576,  0,  119.167,  0.98,  1, 0.00, 0.00, 1.11, 0.00, 2.43, 2.37, 0.13, 1.39, 2.62, 1.85, 0.00, 0.00, 0.00, 0.03, 1.54, 0.03, 0.33, 0.00, 0.00, 1.00, 1.00, 1.00, 1.00, 1.00, 1.00, 1.00, 1.00, 0.00, 0.00, 0.00, 0.00, 1.00, 1.00, 0.00, 1.00
3577,  0,  119.200,  0.98,  1, 0.00, 0.00, 1.01, 0.00, 2.41, 2.47, 0.09, 1.36, 2.59, 1.86, 0.00, 0.00, 0.00, 0.03, 1.56, 0.15, 0.39, 0.00, 0.00, 1.00, 1.00, 1.00, 1.00, 1.00, 1.00, 1.00, 1.00, 0.00, 0.00, 0.00, 0.00, 1.00, 1.00, 0.00, 1.00
3578,  0,  119.233,  0.98,  1, 0.00, 0.00, 0.86, 0.00, 2.41, 2.43, 0.00, 1.37, 2.58, 1.86, 0.00, 0.00, 0.00, 0.03, 1.55, 0.29, 0.41, 0.00, 0.00, 1.00, 1.00, 1.00, 1.00, 0.00, 1.00, 1.00, 1.00, 0.00, 0.00, 0.00, 0.00, 1.00, 1.00, 0.00, 1.00
3579,  0,  119.267,  0.98,  1, 0.00, 0.00, 0.77, 0.00, 2.39, 2.47, 0.01, 1.31, 2.49, 1.66, 0.00, 0.00, 0.00, 0.00, 1.62, 0.41, 0.44, 0.00, 0.00, 1.00, 1.00, 1.00, 1.00, 0.00, 1.00, 1.00, 1.00, 0.00, 0.00, 0.00, 0.00, 1.00, 1.00, 0.00, 1.00
3580,  0,  119.300,  0.98,  1, 0.00, 0.00, 0.78, 0.00, 2.41, 2.69, 0.01, 1.30, 2.46, 1.46, 0.00, 0.00, 0.00, 0.00, 1.65, 0.53, 0.46, 0.00, 0.00, 1.00, 1.00, 1.00, 1.00, 0.00, 1.00, 1.00, 1.00, 0.00, 0.00, 0.00, 0.00, 1.00, 1.00, 0.00, 1.00
3581,  0,  119.333,  0.98,  1, 0.00, 0.00, 0.77, 0.00, 2.39, 2.74, 0.01, 1.35, 2.44, 1.30, 0.00, 0.00, 0.00, 0.00, 1.70, 0.51, 0.58, 0.00, 0.00, 1.00, 1.00, 1.00, 1.00, 0.00, 1.00, 1.00, 1.00, 0.00, 0.00, 0.00, 0.00, 1.00, 1.00, 0.00, 1.00
3582,  0,  119.367,  0.98,  1, 0.00, 0.00, 0.65, 0.00, 2.36, 2.47, 0.00, 1.36, 2.48, 1.25, 0.05, 0.00, 0.00, 0.00, 1.66, 0.48, 0.55, 0.00, 0.00, 1.00, 1.00, 1.00, 1.00, 0.00, 1.00, 1.00, 1.00, 0.00, 0.00, 0.00, 0.00, 1.00, 1.00, 0.00, 1.00
3583,  0,  119.400,  0.98,  1, 0.00, 0.00, 0.43, 0.00, 2.34, 2.29, 0.00, 1.37, 2.46, 1.33, 0.05, 0.00, 0.00, 0.01, 1.66, 0.41, 0.48, 0.00, 0.00, 1.00, 1.00, 1.00, 1.00, 0.00, 1.00, 1.00, 1.00, 0.00, 0.00, 0.00, 0.00, 1.00, 1.00, 0.00, 1.00
3584,  0,  119.433,  0.98,  1, 0.00, 0.00, 0.43, 0.00, 2.38, 2.47, 0.00, 1.30, 2.43, 1.51, 0.05, 0.00, 0.00, 0.08, 1.56, 0.35, 0.33, 0.00, 0.00, 1.00, 1.00, 1.00, 1.00, 0.00, 1.00, 1.00, 1.00, 0.00, 0.00, 0.00, 0.00, 1.00, 1.00, 0.00, 1.00
3585,  0,  119.467,  0.98,  1, 0.00, 0.00, 0.74, 0.00, 2.47, 2.78, 0.00, 1.40, 2.38, 1.87, 0.02, 0.00, 0.00, 0.13, 1.67, 0.35, 0.35, 0.00, 0.00, 1.00, 1.00, 1.00, 1.00, 0.00, 1.00, 1.00, 1.00, 0.00, 0.00, 0.00, 0.00, 1.00, 0.00, 0.00, 1.00
3586,  0,  119.500,  0.98,  1, 0.00, 0.00, 1.16, 0.00, 2.48, 2.88, 0.00, 1.50, 2.33, 2.18, 0.28, 0.00, 0.00, 0.23, 1.89, 0.35, 0.29, 0.00, 0.00, 1.00, 1.00, 1.00, 1.00, 0.00, 1.00, 1.00, 1.00, 0.00, 0.00, 0.00, 0.00, 1.00, 0.00, 0.00, 1.00
3587,  0,  119.533,  0.98,  1, 0.00, 0.00, 1.42, 0.00, 2.42, 2.86, 0.01, 1.53, 2.30, 2.20, 0.51, 0.00, 0.00, 0.26, 2.07, 0.47, 0.20, 0.00, 0.00, 1.00, 1.00, 1.00, 1.00, 0.00, 1.00, 1.00, 1.00, 0.00, 0.00, 0.00, 0.00, 1.00, 0.00, 0.00, 1.00
3588,  0,  119.567,  0.98,  1, 0.00, 0.00, 1.42, 0.00, 2.28, 2.59, 0.01, 1.46, 2.37, 2.04, 0.50, 0.00, 0.00, 0.37, 1.99, 0.57, 0.04, 0.00, 0.00, 1.00, 1.00, 1.00, 1.00, 0.00, 1.00, 1.00, 1.00, 0.00, 0.00, 0.00, 0.00, 1.00, 0.00, 0.00, 1.00
3589,  0,  119.600,  0.98,  1, 0.00, 0.00, 1.29, 0.00, 2.20, 2.49, 0.01, 1.52, 2.41, 1.81, 0.23, 0.00, 0.00, 0.37, 1.97, 0.67, 0.01, 0.00, 0.00, 1.00, 1.00, 1.00, 1.00, 0.00, 1.00, 1.00, 1.00, 0.00, 0.00, 0.00, 0.00, 1.00, 0.00, 0.00, 1.00
3590,  0,  119.633,  0.98,  1, 0.00, 0.00, 1.17, 0.00, 2.19, 2.39, 0.00, 1.68, 2.48, 1.88, 0.00, 0.00, 0.00, 0.37, 2.06, 0.74, 0.00, 0.00, 0.00, 1.00, 1.00, 1.00, 1.00, 0.00, 1.00, 1.00, 1.00, 0.00, 0.00, 0.00, 0.00, 1.00, 0.00, 0.00, 1.00
3591,  0,  119.667,  0.98,  1, 0.00, 0.00, 1.13, 0.00, 2.29, 2.57, 0.00, 1.76, 2.42, 1.82, 0.00, 0.00, 0.00, 0.29, 2.32, 0.75, 0.00, 0.00, 0.00, 1.00, 1.00, 1.00, 1.00, 0.00, 1.00, 1.00, 1.00, 0.00, 0.00, 0.00, 0.00, 1.00, 0.00, 0.00, 1.00
3592,  0,  119.700,  0.98,  1, 0.00, 0.00, 1.20, 0.00, 2.33, 2.61, 0.00, 1.78, 2.39, 1.91, 0.00, 0.00, 0.00, 0.29, 2.45, 0.73, 0.00, 0.00, 0.00, 0.00, 1.00, 1.00, 1.00, 0.00, 1.00, 1.00, 1.00, 0.00, 0.00, 0.00, 0.00, 1.00, 0.00, 0.00, 1.00
3593,  0,  119.733,  0.98,  1, 0.00, 0.00, 1.23, 0.00, 2.35, 2.60, 0.00, 1.76, 2.30, 1.88, 0.00, 0.00, 0.00, 0.32, 2.53, 0.69, 0.00, 0.00, 0.00, 0.00, 1.00, 1.00, 1.00, 0.00, 1.00, 1.00, 1.00, 0.00, 0.00, 0.00, 0.00, 1.00, 0.00, 0.00, 1.00
3594,  0,  119.767,  0.98,  1, 0.00, 0.00, 1.21, 0.00, 2.30, 2.54, 0.00, 1.81, 2.28, 1.85, 0.00, 0.00, 0.01, 0.29, 2.64, 0.71, 0.17, 0.00, 0.00, 1.00, 1.00, 1.00, 1.00, 0.00, 1.00, 1.00, 1.00, 0.00, 0.00, 0.00, 0.00, 1.00, 0.00, 0.00, 1.00
3595,  0,  119.800,  0.98,  1, 0.00, 0.00, 1.25, 0.00, 2.21, 2.27, 0.00, 1.85, 2.29, 1.63, 0.00, 0.00, 0.07, 0.20, 2.58, 0.69, 0.73, 0.00, 0.00, 1.00, 1.00, 1.00, 1.00, 0.00, 1.00, 1.00, 1.00, 0.00, 0.00, 0.00, 0.00, 1.00, 0.00, 0.00, 1.00
3596,  0,  119.833,  0.98,  1, 0.00, 0.00, 1.25, 0.14, 2.06, 1.87, 0.00, 1.83, 2.30, 1.44, 0.02, 0.00, 0.13, 0.06, 2.49, 0.55, 1.45, 0.00, 0.00, 1.00, 1.00, 1.00, 1.00, 0.00, 1.00, 1.00, 1.00, 0.00, 0.00, 0.00, 0.00, 1.00, 0.00, 0.00, 1.00
3597,  0,  119.867,  0.98,  1, 0.00, 0.00, 1.29, 0.21, 1.95, 1.49, 0.00, 1.80, 2.28, 1.17, 0.02, 0.00, 0.11, 0.01, 2.44, 0.28, 1.96, 0.00, 0.00, 1.00, 1.00, 1.00, 1.00, 0.00, 1.00, 1.00, 1.00, 0.00, 0.00, 0.00, 0.00, 1.00, 0.00, 0.00, 1.00
3598,  0,  119.900,  0.93,  1, 0.00, 0.00, 1.19, 0.38, 1.91, 1.28, 0.00, 1.79, 2.24, 1.32, 0.06, 0.06, 0.23, 0.00, 2.56, 0.08, 2.17, 0.00, 0.00, 1.00, 1.00, 1.00, 1.00, 0.00, 1.00, 1.00, 1.00, 0.00, 0.00, 0.00, 0.00, 1.00, 0.00, 0.00, 1.00
3599,  0,  119.933,  0.93,  1, 0.00, 0.00, 1.22, 0.30, 1.96, 1.28, 0.00, 1.81, 2.21, 1.41, 0.04, 0.06, 0.34, 0.00, 2.71, 0.03, 2.19, 0.00, 0.00, 1.00, 1.00, 1.00, 1.00, 0.00, 1.00, 1.00, 1.00, 0.00, 0.00, 0.00, 0.00, 1.00, 0.00, 0.00, 1.00
3600,  0,  119.967,  0.98,  1, 0.00, 0.00, 1.27, 0.22, 2.01, 1.45, 0.00, 1.92, 2.23, 1.44, 0.10, 0.06, 0.34, 0.00, 2.66, 0.03, 2.21, 0.00, 0.00, 1.00, 1.00, 1.00, 1.00, 0.00, 1.00, 1.00, 1.00, 0.00, 0.00, 0.00, 0.00, 1.00, 0.00, 0.00, 1.00
3601,  0,  120.000,  0.98,  1, 0.00, 0.00, 1.40, 0.08, 2.08, 1.89, 0.01, 1.84, 2.25, 1.30, 0.06, 0.00, 0.16, 0.00, 2.55, 0.07, 2.00, 0.00, 0.00, 1.00, 1.00, 1.00, 1.00, 0.00, 1.00, 1.00, 1.00, 0.00, 0.00, 0.00, 0.00, 1.00, 0.00, 0.00, 1.00
3602,  0,  120.033,  0.98,  1, 0.00, 0.00, 1.54, 0.07, 2.13, 2.25, 0.02, 1.83, 2.26, 1.21, 0.06, 0.00, 0.04, 0.02, 2.48, 0.03, 1.75, 0.00, 0.00, 1.00, 1.00, 1.00, 1.00, 0.00, 1.00, 1.00, 1.00, 0.00, 0.00, 0.00, 0.00, 1.00, 0.00, 0.00, 1.00
3603,  0,  120.067,  0.98,  1, 0.00, 0.00, 1.65, 0.07, 2.18, 2.63, 0.02, 1.80, 2.20, 1.45, 0.02, 0.00, 0.10, 0.05, 2.56, 0.06, 1.56, 0.00, 0.00, 1.00, 1.00, 1.00, 1.00, 0.00, 1.00, 1.00, 1.00, 0.00, 0.00, 0.00, 0.00, 1.00, 0.00, 0.00, 1.00
3604,  0,  120.100,  0.98,  1, 0.00, 0.00, 1.72, 0.04, 2.23, 2.71, 0.05, 1.89, 2.16, 1.56, 0.07, 0.00, 0.14, 0.12, 2.59, 0.11, 1.46, 0.00, 0.00, 1.00, 1.00, 1.00, 1.00, 0.00, 1.00, 1.00, 1.00, 0.00, 0.00, 0.00, 0.00, 1.00, 0.00, 0.00, 1.00
3605,  0,  120.133,  0.98,  1, 0.00, 0.00, 1.66, 0.00, 2.25, 2.81, 0.05, 1.99, 2.18, 1.53, 0.08, 0.00, 0.10, 0.10, 2.57, 0.24, 1.23, 0.00, 0.00, 1.00, 1.00, 1.00, 1.00, 0.00, 1.00, 1.00, 1.00, 0.00, 0.00, 0.00, 0.00, 1.00, 0.00, 0.00, 1.00
3606,  0,  120.167,  0.98,  1, 0.00, 0.00, 1.54, 0.00, 2.23, 2.72, 0.06, 1.98, 2.22, 1.46, 0.14, 0.00, 0.04, 0.07, 2.54, 0.30, 0.96, 0.00, 0.00, 1.00, 1.00, 1.00, 1.00, 0.00, 1.00, 1.00, 1.00, 0.00, 0.00, 0.00, 0.00, 1.00, 0.00, 0.00, 1.00
3607,  0,  120.200,  0.98,  1, 0.00, 0.00, 1.44, 0.00, 2.21, 2.69, 0.03, 2.03, 2.28, 1.36, 0.17, 0.00, 0.00, 0.04, 2.61, 0.39, 0.72, 0.00, 0.00, 1.00, 1.00, 1.00, 1.00, 0.00, 1.00, 1.00, 1.00, 0.00, 0.00, 0.00, 0.00, 1.00, 0.00, 0.00, 1.00
3608,  0,  120.233,  0.98,  1, 0.00, 0.00, 1.44, 0.00, 2.22, 2.68, 0.02, 1.99, 2.30, 1.40, 0.28, 0.00, 0.00, 0.04, 2.68, 0.36, 0.64, 0.00, 0.00, 1.00, 1.00, 1.00, 1.00, 0.00, 1.00, 1.00, 1.00, 0.00, 0.00, 0.00, 0.00, 1.00, 0.00, 0.00, 1.00
3609,  0,  120.267,  0.98,  1, 0.00, 0.00, 1.48, 0.00, 2.24, 2.58, 0.00, 2.11, 2.31, 1.39, 0.22, 0.00, 0.00, 0.04, 2.66, 0.34, 0.64, 0.00, 0.00, 1.00, 1.00, 1.00, 1.00, 0.00, 1.00, 1.00, 1.00, 0.00, 0.00, 0.00, 0.00, 1.00, 0.00, 0.00, 1.00
3610,  0,  120.300,  0.98,  1, 0.00, 0.00, 1.48, 0.00, 2.25, 2.55, 0.00, 2.06, 2.28, 1.45, 0.17, 0.00, 0.06, 0.00, 2.52, 0.17, 0.47, 0.00, 0.00, 1.00, 1.00, 1.00, 1.00, 0.00, 1.00, 1.00, 1.00, 0.00, 0.00, 0.00, 0.00, 1.00, 0.00, 0.00, 1.00
3611,  0,  120.333,  0.98,  1, 0.00, 0.00, 1.40, 0.00, 2.25, 2.52, 0.00, 2.06, 2.21, 1.34, 0.12, 0.00, 0.08, 0.00, 2.43, 0.06, 0.33, 0.00, 0.00, 1.00, 1.00, 1.00, 1.00, 0.00, 1.00, 1.00, 1.00, 0.00, 0.00, 0.00, 0.00, 1.00, 0.00, 0.00, 1.00
3612,  0,  120.367,  0.98,  1, 0.00, 0.00, 1.35, 0.00, 2.18, 2.45, 0.00, 1.77, 2.15, 1.23, 0.10, 0.02, 0.12, 0.00, 2.28, 0.02, 0.22, 0.00, 0.00, 1.00, 1.00, 1.00, 1.00, 0.00, 1.00, 1.00, 1.00, 0.00, 0.00, 0.00, 0.00, 1.00, 0.00, 0.00, 1.00
3613,  0,  120.400,  0.98,  1, 0.00, 0.00, 1.31, 0.00, 2.03, 2.34, 0.00, 1.55, 2.13, 1.15, 0.07, 0.02, 0.11, 0.00, 2.23, 0.02, 0.24, 0.00, 0.00, 1.00, 1.00, 1.00, 1.00, 0.00, 1.00, 1.00, 1.00, 0.00, 0.00, 0.00, 0.00, 1.00, 0.00, 0.00, 1.00
3614,  0,  120.433,  0.98,  1, 0.00, 0.00, 1.30, 0.00, 1.92, 2.20, 0.00, 1.36, 2.11, 1.25, 0.00, 0.02, 0.12, 0.00, 2.14, 0.02, 0.26, 0.00, 0.00, 1.00, 1.00, 1.00, 1.00, 0.00, 1.00, 1.00, 1.00, 0.00, 0.00, 0.00, 0.00, 1.00, 0.00, 0.00, 1.00
3615,  0,  120.467,  0.98,  1, 0.00, 0.00, 1.18, 0.00, 1.89, 2.24, 0.00, 1.34, 2.11, 1.38, 0.00, 0.00, 0.13, 0.00, 2.21, 0.07, 0.26, 0.00, 0.00, 1.00, 1.00, 1.00, 1.00, 0.00, 1.00, 1.00, 1.00, 0.00, 0.00, 0.00, 1.00, 1.00, 0.00, 0.00, 1.00
3616,  0,  120.500,  0.98,  1, 0.00, 0.00, 1.12, 0.00, 1.88, 2.29, 0.00, 1.28, 2.08, 1.40, 0.00, 0.00, 0.11, 0.00, 2.30, 0.14, 0.36, 0.00, 0.00, 1.00, 1.00, 1.00, 1.00, 0.00, 1.00, 1.00, 1.00, 0.00, 0.00, 0.00, 1.00, 1.00, 0.00, 0.00, 1.00
3617,  0,  120.533,  0.98,  1, 0.00, 0.00, 1.06, 0.00, 1.84, 2.33, 0.00, 1.16, 2.01, 1.49, 0.00, 0.00, 0.08, 0.00, 2.39, 0.14, 0.36, 0.00, 0.00, 0.00, 1.00, 1.00, 1.00, 0.00, 1.00, 1.00, 1.00, 0.00, 0.00, 0.00, 1.00, 1.00, 0.00, 0.00, 1.00
3618,  0,  120.567,  0.98,  1, 0.00, 0.00, 1.03, 0.00, 1.81, 2.19, 0.00, 1.13, 1.96, 1.55, 0.00, 0.03, 0.05, 0.00, 2.32, 0.08, 0.30, 0.00, 0.00, 0.00, 1.00, 1.00, 1.00, 0.00, 1.00, 1.00, 1.00, 0.00, 0.00, 0.00, 1.00, 1.00, 0.00, 0.00, 1.00
3619,  0,  120.600,  0.98,  1, 0.00, 0.00, 1.04, 0.01, 1.80, 2.14, 0.03, 1.15, 1.86, 1.56, 0.00, 0.11, 0.03, 0.00, 2.15, 0.00, 0.25, 0.00, 0.00, 0.00, 1.00, 1.00, 1.00, 0.00, 1.00, 1.00, 1.00, 0.00, 0.00, 0.00, 1.00, 1.00, 0.00, 0.00, 1.00
3620,  0,  120.633,  0.98,  1, 0.07, 0.00, 1.06, 0.01, 1.74, 2.11, 0.07, 1.16, 1.76, 1.46, 0.00, 0.16, 0.02, 0.00, 2.07, 0.00, 0.20, 0.00, 0.00, 1.00, 1.00, 1.00, 1.00, 0.00, 1.00, 1.00, 1.00, 0.00, 0.00, 0.00, 1.00, 1.00, 0.00, 0.00, 1.00
3621,  0,  120.667,  0.98,  1, 0.12, 0.00, 1.20, 0.01, 1.62, 2.27, 0.07, 0.98, 1.58, 1.25, 0.00, 0.30, 0.01, 0.00, 2.05, 0.00, 0.12, 0.00, 0.00, 1.00, 1.00, 1.00, 1.00, 0.00, 1.00, 1.00, 1.00, 0.00, 0.00, 0.00, 1.00, 1.00, 0.00, 0.00, 1.00
3622,  0,  120.700,  0.98,  1, 0.12, 0.00, 1.32, 0.00, 1.51, 2.30, 0.04, 0.88, 1.53, 1.30, 0.00, 0.36, 0.00, 0.00, 1.99, 0.00, 0.01, 0.00, 0.00, 1.00, 1.00, 1.00, 1.00, 0.00, 1.00, 1.00, 1.00, 0.00, 0.00, 0.00, 1.00, 1.00, 0.00, 0.00, 1.00
3623,  0,  120.733,  0.98,  1, 0.07, 0.00, 1.36, 0.04, 1.48, 2.30, 0.00, 0.81, 1.48, 1.34, 0.00, 0.46, 0.06, 0.00, 1.96, 0.00, 0.06, 0.00, 0.00, 1.00, 1.00, 1.00, 1.00, 0.00, 1.00, 1.00, 1.00, 0.00, 0.00, 0.00, 1.00, 1.00, 0.00, 0.00, 1.00
3624,  0,  120.767,  0.98,  1, 0.02, 0.00, 1.39, 0.04, 1.41, 2.24, 0.00, 0.82, 1.44, 1.39, 0.00, 0.40, 0.06, 0.00, 1.84, 0.00, 0.06, 0.00, 0.00, 1.00, 1.00, 1.00, 1.00, 0.00, 1.00, 1.00, 1.00, 0.00, 0.00, 0.00, 1.00, 1.00, 0.00, 0.00, 1.00
3625,  0,  120.800,  0.98,  1, 0.02, 0.00, 1.48, 0.04, 1.34, 2.35, 0.00, 0.81, 1.31, 1.33, 0.00, 0.33, 0.06, 0.00, 1.84, 0.00, 0.06, 0.00, 0.00, 1.00, 1.00, 1.00, 1.00, 0.00, 1.00, 1.00, 1.00, 0.00, 0.00, 0.00, 1.00, 1.00, 0.00, 0.00, 1.00
3626,  0,  120.833,  0.98,  1, 0.01, 0.03, 1.51, 0.00, 1.26, 2.43, 0.00, 0.77, 1.25, 1.30, 0.00, 0.32, 0.02, 0.00, 1.71, 0.00, 0.00, 0.00, 0.00, 1.00, 1.00, 1.00, 1.00, 0.00, 1.00, 1.00, 1.00, 0.00, 0.00, 0.00, 1.00, 1.00, 0.00, 0.00, 1.00
3627,  0,  120.867,  0.98,  1, 0.04, 0.13, 1.51, 0.00, 1.28, 2.46, 0.00, 0.79, 1.26, 1.41, 0.00, 0.31, 0.04, 0.00, 1.70, 0.00, 0.00, 0.00, 0.00, 1.00, 1.00, 1.00, 1.00, 0.00, 1.00, 1.00, 1.00, 0.00, 0.00, 0.00, 1.00, 1.00, 0.00, 0.00, 1.00
3628,  0,  120.900,  0.98,  1, 0.06, 0.18, 1.41, 0.00, 1.27, 2.45, 0.01, 0.76, 1.27, 1.50, 0.00, 0.33, 0.04, 0.00, 1.66, 0.00, 0.02, 0.00, 0.00, 1.00, 1.00, 1.00, 1.00, 0.00, 1.00, 1.00, 1.00, 0.00, 0.00, 0.00, 1.00, 1.00, 0.00, 0.00, 1.00
3629,  0,  120.933,  0.98,  1, 0.08, 0.28, 1.46, 0.00, 1.27, 2.52, 0.01, 0.80, 1.30, 1.61, 0.00, 0.33, 0.03, 0.00, 1.65, 0.03, 0.02, 0.00, 0.00, 1.00, 1.00, 1.00, 1.00, 0.00, 1.00, 1.00, 1.00, 0.00, 0.00, 0.00, 1.00, 1.00, 0.00, 0.00, 1.00
3630,  0,  120.967,  0.98,  1, 0.08, 0.22, 1.47, 0.00, 1.24, 2.55, 0.01, 0.83, 1.27, 1.62, 0.00, 0.43, 0.06, 0.00, 1.62, 0.03, 0.05, 0.00, 0.00, 1.00, 1.00, 1.00, 1.00, 0.00, 1.00, 1.00, 1.00, 0.00, 0.00, 0.00, 1.00, 1.00, 0.00, 0.00, 1.00
3631,  0,  121.000,  0.98,  1, 0.10, 0.17, 1.54, 0.00, 1.29, 2.51, 0.01, 0.88, 1.27, 1.69, 0.00, 0.52, 0.10, 0.00, 1.65, 0.03, 0.02, 0.00, 0.00, 1.00, 1.00, 1.00, 1.00, 0.00, 1.00, 1.00, 1.00, 0.00, 0.00, 0.00, 1.00, 1.00, 0.00, 0.00, 1.00
3632,  0,  121.033,  0.98,  1, 0.12, 0.08, 1.51, 0.00, 1.35, 2.48, 0.01, 0.91, 1.25, 1.80, 0.00, 0.60, 0.15, 0.00, 1.68, 0.00, 0.08, 0.00, 0.00, 1.00, 1.00, 1.00, 1.00, 0.00, 1.00, 1.00, 1.00, 0.00, 0.00, 0.00, 1.00, 1.00, 0.00, 0.00, 1.00
3633,  0,  121.067,  0.98,  1, 0.17, 0.04, 1.55, 0.00, 1.37, 2.59, 0.06, 0.94, 1.26, 1.93, 0.00, 0.63, 0.20, 0.00, 1.67, 0.00, 0.16, 0.00, 0.00, 1.00, 1.00, 1.00, 1.00, 0.00, 1.00, 1.00, 1.00, 0.00, 0.00, 0.00, 1.00, 1.00, 0.00, 0.00, 1.00
3634,  0,  121.100,  0.98,  1, 0.14, 0.06, 1.41, 0.00, 1.37, 2.68, 0.04, 0.97, 1.30, 1.91, 0.00, 0.76, 0.38, 0.09, 1.62, 0.00, 0.16, 0.00, 0.00, 1.00, 1.00, 1.00, 1.00, 0.00, 1.00, 1.00, 1.00, 0.00, 0.00, 0.00, 1.00, 1.00, 0.00, 0.00, 1.00
3635,  0,  121.133,  0.98,  1, 0.08, 0.02, 1.39, 0.03, 1.38, 2.70, 0.04, 1.08, 1.30, 1.83, 0.00, 0.72, 0.55, 0.12, 1.64, 0.00, 0.10, 0.00, 0.00, 1.00, 1.00, 1.00, 1.00, 0.00, 1.00, 1.00, 1.00, 0.00, 0.00, 0.00, 1.00, 1.00, 0.00, 0.00, 1.00
3636,  0,  121.167,  0.98,  1, 0.00, 0.02, 1.27, 0.03, 1.43, 2.41, 0.00, 1.24, 1.34, 1.60, 0.00, 0.71, 0.50, 0.12, 1.78, 0.03, 0.09, 0.00, 0.00, 1.00, 1.00, 1.00, 1.00, 0.00, 1.00, 1.00, 1.00, 0.00, 0.00, 0.00, 1.00, 1.00, 1.00, 0.00, 1.00
3637,  0,  121.200,  0.98,  1, 0.00, 0.00, 1.29, 0.03, 1.48, 2.23, 0.00, 1.30, 1.32, 1.55, 0.00, 0.54, 0.32, 0.03, 1.89, 0.19, 0.14, 0.00, 0.00, 1.00, 1.00, 1.00, 1.00, 0.00, 1.00, 1.00, 1.00, 0.00, 0.00, 0.00, 1.00, 1.00, 1.00, 0.00, 1.00
3638,  0,  121.233,  0.98,  1, 0.00, 0.00, 1.32, 0.00, 1.50, 2.22, 0.00, 1.29, 1.35, 1.53, 0.00, 0.50, 0.16, 0.00, 2.01, 0.36, 0.22, 0.00, 0.00, 1.00, 1.00, 1.00, 1.00, 0.00, 1.00, 1.00, 1.00, 0.00, 0.00, 0.00, 1.00, 1.00, 1.00, 0.00, 1.00
3639,  0,  121.267,  0.98,  1, 0.00, 0.00, 1.42, 0.00, 1.52, 2.53, 0.00, 1.25, 1.36, 1.68, 0.00, 0.41, 0.27, 0.00, 2.02, 0.50, 0.14, 0.00, 0.00, 1.00, 1.00, 1.00, 1.00, 0.00, 1.00, 1.00, 1.00, 0.00, 0.00, 0.00, 1.00, 1.00, 1.00, 0.00, 1.00
3640,  0,  121.300,  0.98,  1, 0.00, 0.00, 1.50, 0.00, 1.56, 2.59, 0.00, 1.30, 1.40, 1.77, 0.00, 0.39, 0.32, 0.01, 2.04, 0.49, 0.09, 0.00, 0.00, 1.00, 1.00, 1.00, 1.00, 0.00, 1.00, 1.00, 1.00, 0.00, 0.00, 0.00, 1.00, 1.00, 1.00, 0.00, 1.00
3641,  0,  121.333,  0.98,  1, 0.00, 0.00, 1.51, 0.00, 1.60, 2.65, 0.00, 1.28, 1.41, 1.80, 0.00, 0.41, 0.35, 0.06, 2.01, 0.48, 0.01, 0.00, 0.00, 1.00, 1.00, 1.00, 1.00, 0.00, 1.00, 1.00, 1.00, 0.00, 0.00, 0.00, 1.00, 1.00, 1.00, 0.00, 1.00
3642,  0,  121.367,  0.98,  1, 0.00, 0.00, 1.43, 0.00, 1.58, 2.49, 0.00, 1.26, 1.44, 1.74, 0.00, 0.38, 0.29, 0.09, 2.04, 0.52, 0.00, 0.00, 0.00, 1.00, 1.00, 1.00, 1.00, 0.00, 1.00, 1.00, 1.00, 0.00, 0.00, 0.00, 1.00, 1.00, 1.00, 0.00, 1.00
3643,  0,  121.400,  0.98,  1, 0.00, 0.00, 1.40, 0.00, 1.52, 2.46, 0.00, 1.20, 1.41, 1.62, 0.00, 0.34, 0.31, 0.08, 2.11, 0.57, 0.00, 0.00, 0.00, 1.00, 1.00, 1.00, 1.00, 0.00, 1.00, 1.00, 1.00, 0.00, 0.00, 0.00, 1.00, 1.00, 1.00, 0.00, 0.00
3644,  0,  121.433,  0.98,  1, 0.01, 0.00, 1.40, 0.00, 1.48, 2.45, 0.00, 1.19, 1.41, 1.49, 0.00, 0.25, 0.23, 0.03, 2.12, 0.63, 0.00, 0.00, 0.00, 1.00, 1.00, 1.00, 1.00, 0.00, 1.00, 1.00, 1.00, 0.00, 0.00, 0.00, 1.00, 1.00, 1.00, 0.00, 0.00
3645,  0,  121.467,  0.98,  1, 0.03, 0.00, 1.40, 0.00, 1.48, 2.60, 0.00, 1.15, 1.39, 1.42, 0.00, 0.25, 0.13, 0.01, 2.07, 0.56, 0.00, 0.00, 0.00, 1.00, 1.00, 1.00, 1.00, 0.00, 1.00, 1.00, 1.00, 0.00, 0.00, 0.00, 1.00, 1.00, 1.00, 0.00, 0.00
3646,  0,  121.500,  0.98,  1, 0.09, 0.00, 1.40, 0.00, 1.41, 2.69, 0.00, 1.16, 1.31, 1.34, 0.00, 0.26, 0.07, 0.01, 1.98, 0.42, 0.00, 0.00, 0.00, 1.00, 1.00, 1.00, 1.00, 0.00, 1.00, 1.00, 1.00, 0.00, 0.00, 0.00, 1.00, 1.00, 1.00, 0.00, 0.00
3647,  0,  121.533,  0.98,  1, 0.19, 0.00, 1.37, 0.00, 1.33, 2.71, 0.00, 1.19, 1.24, 1.26, 0.00, 0.31, 0.05, 0.00, 1.87, 0.23, 0.00, 0.00, 0.00, 1.00, 1.00, 1.00, 1.00, 0.00, 1.00, 1.00, 1.00, 0.00, 0.00, 0.00, 1.00, 1.00, 1.00, 0.00, 0.00
3648,  0,  121.567,  0.98,  1, 0.17, 0.00, 1.43, 0.00, 1.27, 2.78, 0.06, 1.16, 1.17, 1.16, 0.00, 0.45, 0.05, 0.01, 1.77, 0.28, 0.13, 0.00, 0.00, 1.00, 1.00, 1.00, 1.00, 0.00, 1.00, 1.00, 1.00, 0.00, 0.00, 0.00, 1.00, 1.00, 1.00, 0.00, 0.00
3649,  0,  121.600,  0.98,  1, 0.10, 0.00, 1.47, 0.00, 1.32, 2.80, 0.11, 1.08, 1.16, 1.19, 0.00, 0.54, 0.00, 0.01, 1.68, 0.36, 0.21, 0.00, 0.00, 1.00, 1.00, 1.00, 1.00, 0.00, 1.00, 1.00, 1.00, 0.00, 0.00, 0.00, 1.00, 1.00, 1.00, 0.00, 1.00
3650,  0,  121.633,  0.98,  1, 0.00, 0.00, 1.50, 0.00, 1.34, 2.73, 0.12, 0.96, 1.14, 1.20, 0.00, 0.58, 0.09, 0.02, 1.74, 0.47, 0.24, 0.00, 0.00, 1.00, 1.00, 1.00, 1.00, 0.00, 1.00, 1.00, 1.00, 0.00, 0.00, 0.00, 1.00, 1.00, 1.00, 0.00, 1.00
3651,  0,  121.667,  0.98,  1, 0.00, 0.00, 1.53, 0.00, 1.36, 2.58, 0.07, 0.93, 1.20, 1.38, 0.00, 0.53, 0.18, 0.01, 1.73, 0.39, 0.11, 0.00, 0.00, 1.00, 1.00, 1.00, 1.00, 0.00, 1.00, 1.00, 1.00, 0.00, 0.00, 0.00, 1.00, 1.00, 1.00, 0.00, 1.00
3652,  0,  121.700,  0.98,  1, 0.00, 0.00, 1.56, 0.00, 1.37, 2.51, 0.01, 0.99, 1.30, 1.52, 0.00, 0.48, 0.28, 0.04, 1.81, 0.36, 0.03, 0.00, 0.00, 1.00, 1.00, 1.00, 1.00, 0.00, 1.00, 1.00, 1.00, 0.00, 0.00, 0.00, 1.00, 1.00, 1.00, 0.00, 1.00
3653,  0,  121.733,  0.98,  1, 0.00, 0.00, 1.59, 0.00, 1.46, 2.64, 0.00, 1.13, 1.36, 1.69, 0.00, 0.44, 0.24, 0.08, 1.84, 0.47, 0.00, 0.00, 0.00, 1.00, 1.00, 1.00, 1.00, 0.00, 1.00, 1.00, 1.00, 0.00, 0.00, 0.00, 1.00, 1.00, 1.00, 0.00, 1.00
3654,  0,  121.767,  0.98,  1, 0.00, 0.00, 1.56, 0.00, 1.49, 2.80, 0.00, 1.15, 1.38, 1.74, 0.00, 0.38, 0.15, 0.14, 1.93, 0.54, 0.00, 0.00, 0.00, 1.00, 1.00, 1.00, 1.00, 0.00, 1.00, 1.00, 1.00, 0.00, 0.00, 0.00, 1.00, 1.00, 1.00, 0.00, 1.00
3655,  0,  121.800,  0.98,  1, 0.00, 0.00, 1.54, 0.00, 1.53, 2.99, 0.03, 1.10, 1.35, 1.74, 0.00, 0.35, 0.05, 0.15, 1.96, 0.58, 0.00, 0.00, 0.00, 1.00, 1.00, 1.00, 1.00, 0.00, 1.00, 1.00, 1.00, 0.00, 0.00, 0.00, 1.00, 1.00, 1.00, 0.00, 1.00
3656,  0,  121.833,  0.98,  1, 0.02, 0.00, 1.55, 0.00, 1.51, 2.92, 0.03, 1.02, 1.36, 1.73, 0.00, 0.42, 0.04, 0.13, 1.96, 0.42, 0.00, 0.00, 0.00, 1.00, 1.00, 1.00, 1.00, 0.00, 1.00, 1.00, 1.00, 0.00, 0.00, 0.00, 1.00, 1.00, 1.00, 0.00, 1.00
3657,  0,  121.867,  0.98,  1, 0.02, 0.00, 1.54, 0.00, 1.52, 2.81, 0.03, 1.03, 1.37, 1.72, 0.00, 0.42, 0.14, 0.13, 1.95, 0.31, 0.00, 0.00, 0.00, 1.00, 1.00, 1.00, 1.00, 0.00, 1.00, 1.00, 1.00, 0.00, 0.00, 0.00, 1.00, 1.00, 1.00, 0.00, 0.00
3658,  0,  121.900,  0.98,  1, 0.02, 0.00, 1.52, 0.00, 1.56, 2.87, 0.00, 1.10, 1.43, 1.66, 0.00, 0.49, 0.22, 0.15, 1.94, 0.33, 0.00, 0.00, 0.00, 1.00, 1.00, 1.00, 1.00, 0.00, 1.00, 1.00, 1.00, 0.00, 0.00, 0.00, 1.00, 1.00, 1.00, 0.00, 0.00
3659,  0,  121.933,  0.98,  1, 0.00, 0.00, 1.42, 0.00, 1.59, 2.99, 0.00, 1.18, 1.52, 1.67, 0.00, 0.43, 0.23, 0.21, 1.98, 0.40, 0.00, 0.00, 0.00, 1.00, 1.00, 1.00, 1.00, 0.00, 1.00, 1.00, 1.00, 0.00, 0.00, 0.00, 1.00, 1.00, 1.00, 0.00, 0.00
3660,  0,  121.967,  0.98,  1, 0.00, 0.00, 1.35, 0.00, 1.68, 3.10, 0.00, 1.23, 1.63, 1.59, 0.00, 0.35, 0.24, 0.21, 1.93, 0.43, 0.00, 0.00, 0.00, 1.00, 1.00, 1.00, 1.00, 0.00, 1.00, 1.00, 1.00, 0.00, 0.00, 0.00, 1.00, 1.00, 1.00, 0.00, 0.00
3661,  0,  122.000,  0.98,  1, 0.00, 0.00, 1.26, 0.00, 1.76, 3.06, 0.00, 1.18, 1.72, 1.75, 0.00, 0.22, 0.28, 0.23, 1.87, 0.32, 0.00, 0.00, 0.00, 0.00, 1.00, 1.00, 1.00, 0.00, 1.00, 1.00, 1.00, 0.00, 0.00, 0.00, 1.00, 1.00, 1.00, 0.00, 1.00
3662,  0,  122.033,  0.98,  1, 0.00, 0.00, 1.18, 0.00, 1.80, 3.03, 0.00, 1.17, 1.75, 1.82, 0.00, 0.12, 0.29, 0.20, 1.79, 0.29, 0.00, 0.00, 0.00, 0.00, 1.00, 1.00, 1.00, 0.00, 1.00, 1.00, 1.00, 0.00, 0.00, 0.00, 1.00, 1.00, 1.00, 0.00, 1.00
3663,  0,  122.067,  0.98,  1, 0.00, 0.00, 1.16, 0.00, 1.81, 2.93, 0.00, 1.18, 1.78, 1.92, 0.00, 0.08, 0.26, 0.20, 1.86, 0.38, 0.00, 0.00, 0.00, 0.00, 1.00, 1.00, 1.00, 0.00, 1.00, 1.00, 1.00, 0.00, 0.00, 0.00, 1.00, 1.00, 1.00, 0.00, 1.00
3664,  0,  122.100,  0.98,  1, 0.00, 0.00, 1.21, 0.00, 1.82, 2.84, 0.00, 1.32, 1.84, 1.96, 0.00, 0.12, 0.27, 0.20, 1.95, 0.47, 0.00, 0.00, 0.00, 0.00, 1.00, 1.00, 1.00, 0.00, 1.00, 1.00, 1.00, 0.00, 0.00, 0.00, 1.00, 1.00, 1.00, 0.00, 1.00
3665,  0,  122.133,  0.98,  1, 0.00, 0.00, 1.33, 0.00, 1.85, 2.80, 0.00, 1.38, 1.88, 2.06, 0.00, 0.20, 0.31, 0.20, 2.01, 0.59, 0.00, 0.00, 0.00, 0.00, 1.00, 1.00, 1.00, 0.00, 1.00, 1.00, 1.00, 0.00, 0.00, 0.00, 1.00, 1.00, 1.00, 0.00, 1.00
3666,  0,  122.167,  0.98,  1, 0.00, 0.00, 1.40, 0.00, 1.86, 2.84, 0.00, 1.51, 1.92, 2.13, 0.00, 0.38, 0.36, 0.18, 2.07, 0.61, 0.00, 0.00, 0.00, 1.00, 1.00, 1.00, 1.00, 0.00, 1.00, 1.00, 1.00, 0.00, 0.00, 0.00, 1.00, 1.00, 1.00, 0.00, 1.00
3667,  0,  122.200,  0.98,  1, 0.00, 0.00, 1.35, 0.00, 1.84, 2.75, 0.00, 1.56, 1.90, 2.10, 0.00, 0.42, 0.34, 0.14, 2.06, 0.72, 0.00, 0.00, 0.00, 1.00, 1.00, 1.00, 1.00, 0.00, 1.00, 1.00, 1.00, 0.00, 0.00, 0.00, 1.00, 1.00, 1.00, 0.00, 1.00
3668,  0,  122.233,  0.98,  1, 0.00, 0.00, 1.33, 0.00, 1.83, 2.63, 0.00, 1.61, 1.90, 1.97, 0.00, 0.48, 0.31, 0.11, 2.08, 0.66, 0.00, 0.00, 0.00, 1.00, 1.00, 1.00, 1.00, 0.00, 1.00, 1.00, 1.00, 0.00, 0.00, 0.00, 1.00, 1.00, 1.00, 0.00, 1.00
3669,  0,  122.267,  0.98,  1, 0.00, 0.00, 1.33, 0.00, 1.73, 2.55, 0.00, 1.47, 1.78, 1.83, 0.00, 0.42, 0.19, 0.10, 1.92, 0.55, 0.00, 0.00, 0.00, 1.00, 1.00, 1.00, 1.00, 0.00, 1.00, 1.00, 1.00, 0.00, 0.00, 0.00, 1.00, 1.00, 1.00, 0.00, 1.00
3670,  0,  122.300,  0.98,  1, 0.00, 0.00, 1.39, 0.00, 1.63, 2.72, 0.00, 1.26, 1.53, 1.69, 0.00, 0.47, 0.11, 0.08, 1.67, 0.30, 0.00, 0.00, 0.00, 1.00, 1.00, 1.00, 1.00, 0.00, 1.00, 1.00, 1.00, 0.00, 0.00, 0.00, 1.00, 1.00, 1.00, 0.00, 1.00
3671,  0,  122.333,  0.98,  1, 0.00, 0.00, 1.46, 0.00, 1.46, 2.86, 0.00, 1.06, 1.20, 1.50, 0.00, 0.52, 0.04, 0.05, 1.35, 0.10, 0.00, 0.00, 0.00, 1.00, 1.00, 1.00, 1.00, 0.00, 1.00, 1.00, 1.00, 0.00, 0.00, 0.00, 1.00, 1.00, 1.00, 0.00, 1.00
3672,  0,  122.367,  0.98,  1, 0.00, 0.00, 1.55, 0.00, 1.35, 2.84, 0.07, 0.99, 0.99, 1.45, 0.00, 0.68, 0.18, 0.12, 1.02, 0.06, 0.00, 0.00, 0.00, 1.00, 1.00, 1.00, 1.00, 0.00, 1.00, 1.00, 1.00, 0.00, 0.00, 0.00, 1.00, 1.00, 1.00, 0.00, 1.00
3673,  0,  122.400,  0.98,  1, 0.00, 0.00, 1.63, 0.00, 1.25, 2.63, 0.13, 0.96, 0.91, 1.39, 0.00, 0.77, 0.27, 0.20, 0.79, 0.06, 0.00, 0.00, 0.00, 1.00, 1.00, 1.00, 1.00, 0.00, 1.00, 1.00, 1.00, 0.00, 1.00, 0.00, 1.00, 0.00, 0.00, 0.00, 0.00
3674,  0,  122.433,  0.98,  1, 0.00, 0.00, 1.64, 0.00, 1.23, 2.41, 0.19, 0.91, 0.90, 1.49, 0.00, 0.82, 0.42, 0.27, 0.57, 0.06, 0.00, 0.00, 0.00, 1.00, 1.00, 1.00, 1.00, 0.00, 1.00, 1.00, 1.00, 0.00, 1.00, 0.00, 1.00, 0.00, 0.00, 0.00, 0.00
3675,  0,  122.467,  0.98,  1, 0.01, 0.00, 1.63, 0.00, 1.22, 2.48, 0.25, 0.89, 0.84, 1.46, 0.00, 0.80, 0.43, 0.25, 0.64, 0.00, 0.00, 0.00, 0.00, 1.00, 1.00, 1.00, 1.00, 0.00, 1.00, 1.00, 1.00, 0.00, 1.00, 0.00, 1.00, 0.00, 0.00, 0.00, 0.00
3676,  0,  122.500,  0.98,  1, 0.01, 0.00, 1.63, 0.00, 1.17, 2.45, 0.25, 0.97, 0.84, 1.56, 0.00, 0.75, 0.53, 0.20, 0.76, 0.00, 0.00, 0.00, 0.00, 1.00, 1.00, 1.00, 1.00, 0.00, 1.00, 1.00, 1.00, 0.00, 1.00, 0.00, 1.00, 0.00, 0.00, 0.00, 0.00
3677,  0,  122.533,  0.98,  1, 0.01, 0.00, 1.56, 0.00, 1.08, 2.36, 0.20, 0.99, 0.84, 1.68, 0.00, 0.71, 0.49, 0.15, 0.99, 0.00, 0.00, 0.00, 0.00, 1.00, 1.00, 1.00, 1.00, 0.00, 1.00, 1.00, 1.00, 0.00, 1.00, 0.00, 1.00, 0.00, 0.00, 0.00, 0.00
3678,  0,  122.567,  0.98,  1, 0.00, 0.00, 1.53, 0.00, 1.00, 2.13, 0.16, 1.00, 0.89, 1.81, 0.00, 0.69, 0.39, 0.10, 1.14, 0.00, 0.03, 0.00, 0.00, 1.00, 1.00, 1.00, 1.00, 0.00, 1.00, 1.00, 1.00, 0.00, 1.00, 0.00, 1.00, 1.00, 0.00, 0.00, 0.00
3679,  0,  122.600,  0.98,  1, 0.00, 0.00, 1.50, 0.00, 1.00, 2.04, 0.12, 0.88, 0.94, 1.92, 0.00, 0.69, 0.23, 0.07, 1.23, 0.00, 0.06, 0.00, 0.00, 1.00, 1.00, 1.00, 1.00, 0.00, 1.00, 1.00, 1.00, 0.00, 1.00, 0.00, 1.00, 1.00, 0.00, 0.00, 0.00
3680,  0,  122.633,  0.98,  1, 0.00, 0.00, 1.53, 0.00, 1.04, 2.27, 0.13, 0.89, 0.99, 1.91, 0.00, 0.66, 0.22, 0.06, 1.26, 0.02, 0.06, 0.00, 0.00, 1.00, 1.00, 1.00, 1.00, 0.00, 1.00, 1.00, 1.00, 0.00, 1.00, 0.00, 1.00, 1.00, 1.00, 0.00, 0.00
3681,  0,  122.667,  0.98,  1, 0.00, 0.00, 1.54, 0.00, 1.07, 2.43, 0.05, 0.85, 1.04, 1.91, 0.00, 0.63, 0.25, 0.08, 1.32, 0.02, 0.03, 0.00, 0.00, 1.00, 1.00, 1.00, 1.00, 0.00, 1.00, 1.00, 1.00, 0.00, 1.00, 0.00, 1.00, 1.00, 1.00, 0.00, 0.00
3682,  0,  122.700,  0.98,  1, 0.00, 0.00, 1.51, 0.00, 1.09, 2.47, 0.03, 0.95, 1.06, 1.86, 0.00, 0.63, 0.25, 0.09, 1.41, 0.02, 0.00, 0.00, 0.00, 1.00, 1.00, 1.00, 1.00, 0.00, 1.00, 1.00, 1.00, 0.00, 1.00, 0.00, 1.00, 1.00, 1.00, 0.00, 0.00
3683,  0,  122.733,  0.98,  1, 0.00, 0.00, 1.49, 0.00, 1.08, 2.38, 0.00, 0.97, 1.10, 1.83, 0.00, 0.51, 0.23, 0.09, 1.53, 0.03, 0.00, 0.00, 0.00, 1.00, 1.00, 1.00, 1.00, 0.00, 1.00, 1.00, 1.00, 0.00, 1.00, 0.00, 1.00, 1.00, 1.00, 0.00, 0.00
3684,  0,  122.767,  0.98,  1, 0.00, 0.00, 1.41, 0.00, 1.15, 2.37, 0.00, 0.90, 1.13, 1.86, 0.00, 0.39, 0.40, 0.05, 1.63, 0.14, 0.01, 0.00, 0.00, 1.00, 1.00, 1.00, 1.00, 0.00, 1.00, 1.00, 1.00, 0.00, 0.00, 0.00, 1.00, 1.00, 1.00, 0.00, 0.00
3685,  0,  122.800,  0.98,  1, 0.00, 0.00, 1.42, 0.00, 1.24, 2.55, 0.00, 0.81, 1.13, 1.82, 0.00, 0.23, 0.57, 0.03, 1.84, 0.30, 0.07, 0.00, 0.00, 1.00, 1.00, 1.00, 1.00, 0.00, 1.00, 1.00, 1.00, 0.00, 0.00, 0.00, 1.00, 1.00, 1.00, 0.00, 0.00
3686,  0,  122.833,  0.98,  1, 0.00, 0.00, 1.42, 0.00, 1.28, 2.49, 0.00, 0.79, 1.15, 1.72, 0.00, 0.13, 0.60, 0.00, 2.05, 0.47, 0.65, 0.00, 0.00, 1.00, 1.00, 1.00, 1.00, 0.00, 1.00, 1.00, 1.00, 0.00, 0.00, 0.00, 1.00, 1.00, 1.00, 0.00, 1.00
3687,  0,  122.867,  0.98,  1, 0.00, 0.00, 1.39, 0.06, 1.19, 2.12, 0.00, 0.87, 1.18, 1.59, 0.00, 0.05, 0.49, 0.00, 2.16, 0.56, 1.43, 0.00, 0.00, 1.00, 1.00, 1.00, 1.00, 0.00, 1.00, 1.00, 1.00, 0.00, 0.00, 0.00, 1.00, 1.00, 1.00, 0.00, 1.00
3688,  0,  122.900,  0.98,  1, 0.00, 0.00, 1.23, 0.08, 1.06, 1.61, 0.00, 0.82, 1.22, 1.50, 0.00, 0.00, 0.36, 0.00, 2.08, 0.60, 2.20, 0.00, 0.00, 1.00, 1.00, 1.00, 1.00, 0.00, 1.00, 1.00, 1.00, 0.00, 0.00, 0.00, 1.00, 1.00, 1.00, 0.00, 1.00
3689,  0,  122.933,  0.98,  1, 0.00, 0.00, 1.17, 0.18, 1.04, 1.44, 0.00, 0.73, 1.18, 1.48, 0.00, 0.00, 0.52, 0.00, 1.86, 0.52, 2.37, 0.00, 0.00, 1.00, 1.00, 1.00, 1.00, 0.00, 1.00, 1.00, 1.00, 0.00, 0.00, 0.00, 1.00, 1.00, 1.00, 0.00, 1.00
3690,  0,  122.967,  0.98,  1, 0.00, 0.00, 1.24, 0.12, 1.15, 1.71, 0.00, 0.70, 1.15, 1.39, 0.00, 0.00, 0.62, 0.00, 1.72, 0.44, 2.11, 0.00, 0.00, 1.00, 0.00, 1.00, 1.00, 0.00, 1.00, 1.00, 1.00, 0.00, 0.00, 0.00, 1.00, 1.00, 1.00, 0.00, 1.00
3691,  0,  123.000,  0.98,  1, 0.00, 0.00, 1.44, 0.10, 1.23, 2.21, 0.00, 0.76, 1.16, 1.44, 0.00, 0.00, 0.67, 0.00, 1.69, 0.31, 1.61, 0.00, 0.00, 1.00, 0.00, 1.00, 1.00, 0.00, 1.00, 1.00, 1.00, 0.00, 0.00, 0.00, 1.00, 1.00, 1.00, 0.00, 1.00
3692,  0,  123.033,  0.98,  1, 0.00, 0.00, 1.53, 0.00, 1.21, 2.55, 0.00, 0.84, 1.26, 1.57, 0.00, 0.00, 0.62, 0.00, 1.70, 0.35, 1.08, 0.00, 0.00, 1.00, 1.00, 1.00, 1.00, 0.00, 1.00, 1.00, 1.00, 0.00, 0.00, 0.00, 1.00, 1.00, 1.00, 0.00, 1.00
3693,  0,  123.067,  0.98,  1, 0.00, 0.00, 1.52, 0.00, 1.20, 2.72, 0.00, 0.86, 1.32, 1.70, 0.00, 0.00, 0.52, 0.00, 1.72, 0.34, 0.57, 0.00, 0.00, 1.00, 1.00, 1.00, 1.00, 0.00, 1.00, 1.00, 1.00, 0.00, 0.00, 0.00, 1.00, 1.00, 1.00, 0.00, 1.00
3694,  0,  123.100,  0.98,  1, 0.00, 0.00, 1.47, 0.00, 1.21, 2.74, 0.00, 0.92, 1.32, 1.78, 0.00, 0.00, 0.62, 0.00, 1.69, 0.35, 0.24, 0.00, 0.00, 1.00, 1.00, 1.00, 1.00, 0.00, 1.00, 1.00, 1.00, 0.00, 0.00, 0.00, 1.00, 1.00, 1.00, 0.00, 1.00
3695,  0,  123.133,  0.98,  1, 0.00, 0.00, 1.44, 0.00, 1.24, 2.74, 0.00, 0.85, 1.24, 1.67, 0.00, 0.00, 0.61, 0.00, 1.64, 0.23, 0.02, 0.00, 0.00, 1.00, 1.00, 1.00, 1.00, 0.00, 1.00, 1.00, 1.00, 0.00, 0.00, 0.00, 1.00, 1.00, 1.00, 0.00, 1.00
3696,  0,  123.167,  0.98,  1, 0.00, 0.00, 1.44, 0.00, 1.21, 2.74, 0.00, 0.90, 1.15, 1.45, 0.00, 0.06, 0.57, 0.00, 1.49, 0.13, 0.00, 0.00, 0.00, 1.00, 1.00, 1.00, 1.00, 0.00, 1.00, 1.00, 1.00, 0.00, 0.00, 0.00, 1.00, 1.00, 1.00, 0.00, 1.00
3697,  0,  123.200,  0.98,  1, 0.00, 0.00, 1.34, 0.00, 1.13, 2.68, 0.00, 0.85, 1.05, 1.20, 0.00, 0.13, 0.45, 0.00, 1.34, 0.04, 0.00, 0.00, 0.00, 1.00, 1.00, 1.00, 1.00, 0.00, 1.00, 1.00, 1.00, 0.00, 0.00, 0.00, 1.00, 1.00, 1.00, 0.00, 1.00
3698,  0,  123.233,  0.98,  1, 0.00, 0.00, 1.28, 0.00, 1.11, 2.72, 0.00, 0.94, 0.96, 1.11, 0.00, 0.23, 0.44, 0.00, 1.27, 0.01, 0.00, 0.00, 0.00, 1.00, 1.00, 1.00, 1.00, 0.00, 1.00, 1.00, 1.00, 0.00, 0.00, 0.00, 1.00, 1.00, 1.00, 0.00, 1.00
3699,  0,  123.267,  0.98,  1, 0.00, 0.00, 1.23, 0.00, 1.10, 2.61, 0.00, 0.96, 0.92, 1.22, 0.00, 0.26, 0.49, 0.00, 1.29, 0.03, 0.00, 0.00, 0.00, 1.00, 1.00, 1.00, 1.00, 0.00, 1.00, 1.00, 1.00, 0.00, 0.00, 0.00, 1.00, 1.00, 1.00, 0.00, 1.00
3700,  0,  123.300,  0.98,  1, 0.00, 0.00, 1.26, 0.00, 1.16, 2.61, 0.00, 1.07, 0.95, 1.33, 0.00, 0.25, 0.51, 0.00, 1.37, 0.08, 0.00, 0.00, 0.00, 1.00, 1.00, 1.00, 1.00, 0.00, 1.00, 1.00, 1.00, 0.00, 0.00, 0.00, 1.00, 1.00, 1.00, 0.00, 0.00
3701,  0,  123.333,  0.98,  1, 0.00, 0.00, 1.32, 0.00, 1.17, 2.50, 0.00, 1.15, 0.99, 1.34, 0.00, 0.20, 0.45, 0.00, 1.40, 0.16, 0.00, 0.00, 0.00, 1.00, 1.00, 1.00, 1.00, 0.00, 1.00, 1.00, 1.00, 0.00, 0.00, 0.00, 1.00, 1.00, 1.00, 0.00, 0.00
3702,  0,  123.367,  0.98,  1, 0.00, 0.00, 1.33, 0.00, 1.17, 2.38, 0.00, 1.14, 1.06, 1.39, 0.00, 0.16, 0.46, 0.00, 1.45, 0.22, 0.00, 0.00, 0.00, 1.00, 1.00, 1.00, 1.00, 0.00, 1.00, 1.00, 1.00, 0.00, 0.00, 0.00, 1.00, 1.00, 1.00, 0.00, 0.00
3703,  0,  123.400,  0.98,  1, 0.00, 0.02, 1.41, 0.00, 1.12, 2.19, 0.00, 1.15, 1.08, 1.37, 0.00, 0.13, 0.43, 0.00, 1.48, 0.21, 0.00, 0.00, 0.00, 1.00, 1.00, 1.00, 1.00, 0.00, 1.00, 1.00, 1.00, 0.00, 0.00, 0.00, 1.00, 1.00, 1.00, 0.00, 0.00
3704,  0,  123.433,  0.98,  1, 0.00, 0.02, 1.39, 0.00, 1.07, 2.11, 0.00, 1.03, 1.08, 1.29, 0.00, 0.13, 0.43, 0.00, 1.46, 0.18, 0.00, 0.00, 0.00, 1.00, 1.00, 1.00, 1.00, 0.00, 1.00, 1.00, 1.00, 0.00, 0.00, 0.00, 1.00, 1.00, 1.00, 0.00, 0.00
3705,  0,  123.467,  0.98,  1, 0.00, 0.07, 1.43, 0.00, 1.04, 2.23, 0.00, 0.92, 1.04, 1.22, 0.00, 0.14, 0.39, 0.00, 1.41, 0.09, 0.00, 0.00, 0.00, 1.00, 1.00, 1.00, 1.00, 0.00, 1.00, 1.00, 1.00, 0.00, 0.00, 0.00, 1.00, 1.00, 1.00, 0.00, 0.00
3706,  0,  123.500,  0.98,  1, 0.00, 0.05, 1.39, 0.00, 1.07, 2.41, 0.00, 0.75, 1.06, 1.26, 0.00, 0.20, 0.30, 0.00, 1.36, 0.19, 0.00, 0.00, 0.00, 1.00, 1.00, 1.00, 1.00, 0.00, 1.00, 1.00, 1.00, 0.00, 0.00, 0.00, 1.00, 1.00, 1.00, 0.00, 0.00
3707,  0,  123.533,  0.98,  1, 0.00, 0.05, 1.42, 0.00, 1.07, 2.47, 0.00, 0.71, 1.06, 1.51, 0.00, 0.25, 0.17, 0.00, 1.39, 0.30, 0.00, 0.00, 0.00, 1.00, 1.00, 1.00, 1.00, 0.00, 1.00, 1.00, 1.00, 0.00, 0.00, 0.00, 1.00, 1.00, 1.00, 0.00, 1.00
3708,  0,  123.567,  0.98,  1, 0.00, 0.00, 1.39, 0.00, 1.06, 2.56, 0.00, 0.69, 1.13, 1.54, 0.00, 0.33, 0.03, 0.00, 1.43, 0.35, 0.00, 0.00, 0.00, 1.00, 1.00, 1.00, 1.00, 0.00, 1.00, 1.00, 1.00, 0.00, 0.00, 0.00, 1.00, 1.00, 1.00, 0.00, 1.00
3709,  0,  123.600,  0.98,  1, 0.00, 0.00, 1.41, 0.00, 1.02, 2.63, 0.00, 0.67, 1.11, 1.45, 0.00, 0.30, 0.02, 0.00, 1.42, 0.24, 0.00, 0.00, 0.00, 1.00, 1.00, 1.00, 1.00, 0.00, 1.00, 1.00, 1.00, 0.00, 0.00, 0.00, 1.00, 1.00, 1.00, 0.00, 1.00
3710,  0,  123.633,  0.98,  1, 0.00, 0.00, 1.38, 0.00, 1.07, 2.62, 0.00, 0.66, 1.09, 1.30, 0.00, 0.32, 0.04, 0.00, 1.41, 0.19, 0.00, 0.00, 0.00, 1.00, 1.00, 1.00, 1.00, 0.00, 1.00, 1.00, 1.00, 0.00, 0.00, 0.00, 1.00, 1.00, 1.00, 0.00, 0.00
3711,  0,  123.667,  0.98,  1, 0.00, 0.00, 1.37, 0.00, 1.10, 2.57, 0.00, 0.61, 0.98, 1.26, 0.00, 0.37, 0.04, 0.00, 1.39, 0.22, 0.00, 0.00, 0.00, 1.00, 1.00, 1.00, 1.00, 0.00, 1.00, 1.00, 1.00, 0.00, 0.00, 0.00, 1.00, 1.00, 1.00, 0.00, 0.00
3712,  0,  123.700,  0.98,  1, 0.00, 0.00, 1.38, 0.00, 1.15, 2.55, 0.00, 0.61, 0.95, 1.30, 0.00, 0.54, 0.03, 0.00, 1.39, 0.27, 0.00, 0.00, 0.00, 1.00, 1.00, 1.00, 1.00, 0.00, 1.00, 1.00, 1.00, 0.00, 0.00, 0.00, 1.00, 1.00, 1.00, 0.00, 0.00
3713,  0,  123.733,  0.98,  1, 0.00, 0.00, 1.43, 0.00, 1.09, 2.58, 0.00, 0.57, 0.89, 1.27, 0.00, 0.60, 0.06, 0.00, 1.35, 0.32, 0.00, 0.00, 0.00, 1.00, 1.00, 1.00, 1.00, 0.00, 1.00, 1.00, 1.00, 0.00, 0.00, 0.00, 1.00, 1.00, 1.00, 0.00, 0.00
3714,  0,  123.767,  0.98,  1, 0.00, 0.00, 1.49, 0.00, 1.05, 2.54, 0.00, 0.62, 0.88, 1.29, 0.00, 0.65, 0.06, 0.01, 1.22, 0.32, 0.00, 0.00, 0.00, 1.00, 1.00, 1.00, 1.00, 0.00, 1.00, 1.00, 1.00, 0.00, 0.00, 0.00, 1.00, 1.00, 1.00, 0.00, 0.00
3715,  0,  123.800,  0.98,  1, 0.00, 0.00, 1.52, 0.00, 1.01, 2.46, 0.00, 0.66, 0.82, 1.24, 0.00, 0.60, 0.07, 0.01, 1.17, 0.37, 0.00, 0.00, 0.00, 1.00, 1.00, 1.00, 1.00, 0.00, 1.00, 1.00, 1.00, 0.00, 0.00, 0.00, 1.00, 1.00, 1.00, 0.00, 0.00
3716,  0,  123.833,  0.98,  1, 0.00, 0.00, 1.52, 0.00, 1.05, 2.51, 0.00, 0.65, 0.80, 1.22, 0.00, 0.56, 0.02, 0.01, 1.22, 0.38, 0.00, 0.00, 0.00, 1.00, 1.00, 1.00, 1.00, 0.00, 1.00, 1.00, 1.00, 0.00, 0.00, 0.00, 1.00, 1.00, 1.00, 0.00, 0.00
3717,  0,  123.867,  0.98,  1, 0.00, 0.00, 1.49, 0.00, 1.04, 2.46, 0.00, 0.67, 0.82, 1.13, 0.00, 0.51, 0.04, 0.00, 1.31, 0.43, 0.00, 0.00, 0.00, 1.00, 1.00, 1.00, 1.00, 0.00, 1.00, 1.00, 1.00, 0.00, 0.00, 0.00, 1.00, 1.00, 1.00, 0.00, 0.00
3718,  0,  123.900,  0.98,  1, 0.00, 0.00, 1.39, 0.00, 1.05, 2.33, 0.00, 0.77, 0.90, 1.31, 0.00, 0.61, 0.05, 0.00, 1.30, 0.45, 0.00, 0.00, 0.00, 1.00, 1.00, 1.00, 1.00, 0.00, 1.00, 1.00, 1.00, 0.00, 0.00, 0.00, 1.00, 1.00, 1.00, 0.00, 0.00
3719,  0,  123.933,  0.98,  1, 0.00, 0.00, 1.31, 0.01, 1.10, 2.24, 0.00, 0.91, 1.07, 1.46, 0.00, 0.63, 0.10, 0.00, 1.35, 0.51, 0.00, 0.00, 0.00, 1.00, 1.00, 1.00, 1.00, 0.00, 1.00, 1.00, 1.00, 0.00, 0.00, 0.00, 1.00, 1.00, 1.00, 0.00, 0.00
3720,  0,  123.967,  0.98,  1, 0.00, 0.00, 1.23, 0.01, 1.17, 2.34, 0.00, 0.99, 1.25, 1.60, 0.00, 0.47, 0.21, 0.00, 1.46, 0.48, 0.00, 0.00, 0.00, 1.00, 1.00, 1.00, 1.00, 0.00, 1.00, 1.00, 1.00, 0.00, 0.00, 0.00, 1.00, 1.00, 1.00, 0.00, 0.00
3721,  0,  124.000,  0.98,  1, 0.00, 0.00, 1.21, 0.01, 1.21, 2.40, 0.00, 0.93, 1.44, 1.55, 0.00, 0.23, 0.26, 0.00, 1.60, 0.35, 0.00, 0.00, 0.00, 1.00, 1.00, 1.00, 1.00, 0.00, 1.00, 1.00, 1.00, 0.00, 0.00, 0.00, 1.00, 1.00, 1.00, 0.00, 0.00
3722,  0,  124.033,  0.98,  1, 0.00, 0.00, 1.25, 0.05, 1.22, 2.40, 0.00, 1.02, 1.52, 1.54, 0.00, 0.10, 0.33, 0.00, 1.64, 0.22, 0.00, 0.00, 0.00, 1.00, 1.00, 1.00, 1.00, 0.00, 1.00, 1.00, 1.00, 0.00, 0.00, 0.00, 1.00, 1.00, 1.00, 0.00, 0.00
3723,  0,  124.067,  0.98,  1, 0.00, 0.00, 1.34, 0.07, 1.33, 2.34, 0.00, 1.17, 1.59, 1.73, 0.00, 0.16, 0.38, 0.02, 1.64, 0.22, 0.00, 0.00, 0.00, 1.00, 1.00, 1.00, 1.00, 0.00, 1.00, 1.00, 1.00, 0.00, 0.00, 0.00, 1.00, 1.00, 1.00, 0.00, 0.00
3724,  0,  124.100,  0.98,  1, 0.00, 0.00, 1.45, 0.07, 1.42, 2.25, 0.00, 1.35, 1.56, 1.96, 0.00, 0.22, 0.41, 0.05, 1.64, 0.29, 0.00, 0.00, 0.00, 1.00, 1.00, 1.00, 1.00, 0.00, 1.00, 1.00, 1.00, 0.00, 0.00, 0.00, 1.00, 1.00, 1.00, 0.00, 0.00
3725,  0,  124.133,  0.98,  1, 0.00, 0.00, 1.42, 0.02, 1.49, 2.30, 0.00, 1.43, 1.56, 2.02, 0.00, 0.27, 0.40, 0.10, 1.58, 0.26, 0.00, 0.00, 0.00, 1.00, 1.00, 1.00, 1.00, 0.00, 1.00, 1.00, 1.00, 0.00, 0.00, 0.00, 1.00, 1.00, 1.00, 0.00, 1.00
3726,  0,  124.167,  0.98,  1, 0.00, 0.00, 1.37, 0.00, 1.50, 2.35, 0.00, 1.38, 1.50, 1.98, 0.00, 0.35, 0.41, 0.13, 1.48, 0.21, 0.00, 0.00, 0.00, 1.00, 1.00, 1.00, 1.00, 0.00, 1.00, 1.00, 1.00, 0.00, 0.00, 0.00, 1.00, 1.00, 1.00, 0.00, 1.00
3727,  0,  124.200,  0.98,  1, 0.00, 0.00, 1.32, 0.00, 1.55, 2.53, 0.00, 1.37, 1.48, 1.89, 0.00, 0.33, 0.56, 0.13, 1.46, 0.11, 0.00, 0.00, 0.00, 1.00, 1.00, 1.00, 1.00, 0.00, 1.00, 1.00, 1.00, 0.00, 0.00, 0.00, 1.00, 1.00, 1.00, 0.00, 0.00
3728,  0,  124.233,  0.98,  1, 0.00, 0.00, 1.27, 0.00, 1.53, 2.46, 0.00, 1.31, 1.48, 1.91, 0.00, 0.33, 0.71, 0.13, 1.44, 0.15, 0.00, 0.00, 0.00, 1.00, 1.00, 1.00, 1.00, 0.00, 1.00, 1.00, 1.00, 0.00, 0.00, 0.00, 1.00, 1.00, 1.00, 0.00, 0.00
3729,  0,  124.267,  0.98,  1, 0.00, 0.00, 1.30, 0.00, 1.50, 2.45, 0.00, 1.35, 1.51, 1.93, 0.00, 0.31, 0.70, 0.14, 1.49, 0.11, 0.00, 0.00, 0.00, 1.00, 1.00, 1.00, 1.00, 0.00, 1.00, 1.00, 1.00, 0.00, 0.00, 0.00, 1.00, 1.00, 1.00, 0.00, 0.00
3730,  0,  124.300,  0.98,  1, 0.00, 0.00, 1.27, 0.04, 1.46, 2.36, 0.00, 1.28, 1.51, 1.96, 0.00, 0.31, 0.63, 0.14, 1.49, 0.31, 0.00, 0.00, 0.00, 1.00, 1.00, 1.00, 1.00, 0.00, 1.00, 1.00, 1.00, 0.00, 0.00, 0.00, 1.00, 1.00, 1.00, 0.00, 0.00
3731,  0,  124.333,  0.98,  1, 0.00, 0.00, 1.33, 0.04, 1.47, 2.41, 0.00, 1.28, 1.53, 2.05, 0.00, 0.33, 0.47, 0.13, 1.52, 0.39, 0.00, 0.00, 0.00, 1.00, 1.00, 1.00, 1.00, 0.00, 1.00, 1.00, 1.00, 0.00, 0.00, 0.00, 1.00, 1.00, 1.00, 0.00, 0.00
3732,  0,  124.367,  0.98,  1, 0.00, 0.00, 1.36, 0.06, 1.55, 2.36, 0.00, 1.27, 1.58, 2.07, 0.00, 0.42, 0.47, 0.08, 1.52, 0.49, 0.00, 0.00, 0.00, 1.00, 1.00, 1.00, 1.00, 0.00, 1.00, 1.00, 1.00, 0.00, 0.00, 0.00, 1.00, 1.00, 1.00, 0.00, 0.00
3733,  0,  124.400,  0.98,  1, 0.00, 0.00, 1.45, 0.03, 1.60, 2.49, 0.00, 1.32, 1.64, 2.12, 0.00, 0.56, 0.46, 0.09, 1.52, 0.34, 0.00, 0.00, 0.00, 1.00, 1.00, 1.00, 1.00, 0.00, 1.00, 1.00, 1.00, 0.00, 0.00, 0.00, 1.00, 1.00, 1.00, 0.00, 0.00
3734,  0,  124.433,  0.98,  1, 0.00, 0.00, 1.50, 0.04, 1.62, 2.65, 0.00, 1.30, 1.69, 2.12, 0.00, 0.59, 0.45, 0.07, 1.50, 0.26, 0.00, 0.00, 0.00, 1.00, 1.00, 1.00, 1.00, 0.00, 1.00, 1.00, 1.00, 0.00, 0.00, 0.00, 1.00, 1.00, 1.00, 0.00, 0.00
3735,  0,  124.467,  0.98,  1, 0.00, 0.00, 1.54, 0.01, 1.62, 2.77, 0.00, 1.24, 1.69, 2.05, 0.00, 0.48, 0.38, 0.11, 1.43, 0.15, 0.00, 0.00, 0.00, 1.00, 1.00, 1.00, 1.00, 0.00, 1.00, 1.00, 1.00, 0.00, 0.00, 0.00, 1.00, 1.00, 1.00, 0.00, 0.00
3736,  0,  124.500,  0.98,  1, 0.00, 0.00, 1.57, 0.01, 1.61, 2.77, 0.00, 1.18, 1.72, 1.93, 0.00, 0.36, 0.37, 0.12, 1.35, 0.13, 0.00, 0.00, 0.00, 1.00, 1.00, 1.00, 1.00, 0.00, 1.00, 1.00, 1.00, 0.00, 0.00, 0.00, 1.00, 1.00, 1.00, 0.00, 0.00
3737,  0,  124.533,  0.98,  1, 0.00, 0.00, 1.52, 0.02, 1.57, 2.65, 0.00, 1.12, 1.72, 1.81, 0.00, 0.26, 0.42, 0.14, 1.29, 0.08, 0.00, 0.00, 0.00, 1.00, 1.00, 1.00, 1.00, 0.00, 1.00, 1.00, 1.00, 0.00, 0.00, 0.00, 1.00, 1.00, 1.00, 0.00, 0.00
3738,  0,  124.567,  0.98,  1, 0.00, 0.00, 1.45, 0.09, 1.53, 2.66, 0.00, 1.13, 1.74, 1.81, 0.00, 0.28, 0.42, 0.18, 1.28, 0.07, 0.00, 0.00, 0.00, 1.00, 1.00, 1.00, 1.00, 0.00, 1.00, 1.00, 1.00, 0.00, 0.00, 0.00, 1.00, 1.00, 1.00, 0.00, 0.00
3739,  0,  124.600,  0.98,  1, 0.00, 0.00, 1.34, 0.16, 1.48, 2.58, 0.00, 1.14, 1.75, 1.85, 0.00, 0.27, 0.40, 0.19, 1.28, 0.04, 0.00, 0.00, 0.00, 1.00, 1.00, 1.00, 1.00, 0.00, 1.00, 1.00, 1.00, 0.00, 0.00, 0.00, 1.00, 1.00, 1.00, 0.00, 0.00
3740,  0,  124.633,  0.98,  1, 0.00, 0.00, 1.31, 0.20, 1.47, 2.54, 0.00, 1.16, 1.77, 1.89, 0.00, 0.28, 0.39, 0.20, 1.34, 0.03, 0.00, 0.00, 0.00, 1.00, 1.00, 1.00, 1.00, 0.00, 1.00, 1.00, 1.00, 0.00, 0.00, 0.00, 1.00, 1.00, 1.00, 0.00, 0.00
3741,  0,  124.667,  0.98,  1, 0.00, 0.00, 1.25, 0.31, 1.46, 2.48, 0.00, 1.13, 1.74, 1.91, 0.00, 0.26, 0.45, 0.17, 1.40, 0.07, 0.00, 0.00, 0.00, 1.00, 1.00, 1.00, 1.00, 0.00, 1.00, 1.00, 1.00, 0.00, 0.00, 0.00, 1.00, 1.00, 1.00, 0.00, 0.00
3742,  0,  124.700,  0.98,  1, 0.00, 0.00, 1.21, 0.24, 1.49, 2.46, 0.00, 1.14, 1.70, 1.94, 0.00, 0.23, 0.46, 0.15, 1.51, 0.20, 0.00, 0.00, 0.00, 1.00, 1.00, 1.00, 1.00, 0.00, 1.00, 1.00, 1.00, 0.00, 0.00, 0.00, 1.00, 1.00, 1.00, 0.00, 0.00
3743,  0,  124.733,  0.98,  1, 0.00, 0.00, 1.17, 0.20, 1.54, 2.46, 0.00, 1.13, 1.70, 1.96, 0.00, 0.19, 0.38, 0.13, 1.50, 0.33, 0.00, 0.00, 0.00, 1.00, 1.00, 1.00, 1.00, 0.00, 1.00, 1.00, 1.00, 0.00, 0.00, 0.00, 1.00, 1.00, 1.00, 0.00, 0.00
3744,  0,  124.767,  0.98,  1, 0.00, 0.00, 1.22, 0.04, 1.59, 2.50, 0.00, 1.24, 1.72, 1.96, 0.00, 0.19, 0.29, 0.12, 1.54, 0.53, 0.00, 0.00, 0.00, 1.00, 1.00, 1.00, 1.00, 0.00, 1.00, 1.00, 1.00, 0.00, 0.00, 0.00, 1.00, 1.00, 1.00, 0.00, 0.00
3745,  0,  124.800,  0.98,  1, 0.00, 0.00, 1.23, 0.03, 1.63, 2.59, 0.00, 1.30, 1.73, 1.95, 0.00, 0.24, 0.24, 0.13, 1.58, 0.65, 0.00, 0.00, 0.00, 1.00, 1.00, 1.00, 1.00, 0.00, 1.00, 1.00, 1.00, 0.00, 0.00, 0.00, 1.00, 1.00, 1.00, 0.00, 0.00
3746,  0,  124.833,  0.98,  1, 0.00, 0.00, 1.29, 0.01, 1.67, 2.71, 0.00, 1.40, 1.70, 1.96, 0.00, 0.25, 0.27, 0.14, 1.72, 0.76, 0.00, 0.00, 0.00, 1.00, 1.00, 1.00, 1.00, 0.00, 1.00, 1.00, 1.00, 0.00, 0.00, 0.00, 1.00, 1.00, 1.00, 0.00, 0.00
3747,  0,  124.867,  0.98,  1, 0.00, 0.00, 1.24, 0.00, 1.68, 2.69, 0.00, 1.41, 1.67, 2.02, 0.00, 0.22, 0.28, 0.14, 1.79, 0.74, 0.00, 0.00, 0.00, 1.00, 1.00, 1.00, 1.00, 0.00, 1.00, 1.00, 1.00, 0.00, 0.00, 0.00, 1.00, 1.00, 1.00, 0.00, 0.00
3748,  0,  124.900,  0.98,  1, 0.00, 0.00, 1.28, 0.00, 1.73, 2.66, 0.00, 1.41, 1.68, 2.07, 0.00, 0.18, 0.30, 0.16, 1.76, 0.70, 0.00, 0.00, 0.00, 1.00, 1.00, 1.00, 1.00, 0.00, 1.00, 1.00, 1.00, 0.00, 0.00, 0.00, 1.00, 1.00, 1.00, 0.00, 0.00
3749,  0,  124.933,  0.98,  1, 0.00, 0.00, 1.25, 0.00, 1.75, 2.61, 0.00, 1.42, 1.70, 2.11, 0.00, 0.18, 0.27, 0.14, 1.63, 0.56, 0.15, 0.00, 0.00, 1.00, 1.00, 1.00, 1.00, 0.00, 1.00, 1.00, 1.00, 0.00, 0.00, 0.00, 1.00, 1.00, 1.00, 0.00, 1.00
3750,  0,  124.967,  0.98,  1, 0.00, 0.00, 1.31, 0.00, 1.76, 2.66, 0.00, 1.41, 1.68, 2.11, 0.00, 0.18, 0.22, 0.15, 1.53, 0.47, 0.34, 0.00, 0.00, 1.00, 1.00, 1.00, 1.00, 0.00, 1.00, 1.00, 1.00, 0.00, 0.00, 0.00, 1.00, 1.00, 1.00, 0.00, 1.00
3751,  0,  125.000,  0.98,  1, 0.00, 0.00, 1.32, 0.00, 1.73, 2.71, 0.00, 1.39, 1.66, 2.12, 0.00, 0.17, 0.20, 0.09, 1.49, 0.39, 0.88, 0.00, 0.00, 1.00, 1.00, 1.00, 1.00, 0.00, 1.00, 1.00, 1.00, 0.00, 0.00, 0.00, 1.00, 1.00, 1.00, 0.00, 1.00
3752,  0,  125.033,  0.98,  1, 0.00, 0.00, 1.34, 0.01, 1.63, 2.31, 0.00, 1.34, 1.66, 2.08, 0.00, 0.18, 0.26, 0.06, 1.58, 0.40, 1.73, 0.00, 0.00, 1.00, 1.00, 1.00, 1.00, 0.00, 1.00, 1.00, 1.00, 0.00, 0.00, 0.00, 1.00, 1.00, 1.00, 0.00, 1.00
3753,  0,  125.067,  0.98,  1, 0.00, 0.00, 1.28, 0.01, 1.55, 1.89, 0.00, 1.29, 1.65, 2.05, 0.00, 0.16, 0.35, 0.00, 1.70, 0.39, 2.44, 0.00, 0.00, 1.00, 1.00, 1.00, 1.00, 0.00, 1.00, 1.00, 1.00, 0.00, 0.00, 0.00, 1.00, 1.00, 1.00, 0.00, 1.00
3754,  0,  125.100,  0.98,  1, 0.00, 0.00, 1.25, 0.01, 1.45, 1.46, 0.00, 1.30, 1.69, 1.95, 0.00, 0.18, 0.45, 0.00, 1.77, 0.39, 2.84, 0.00, 0.00, 1.00, 1.00, 1.00, 1.00, 0.00, 1.00, 1.00, 1.00, 0.00, 0.00, 0.00, 1.00, 1.00, 1.00, 0.00, 1.00
3755,  0,  125.133,  0.98,  1, 0.00, 0.00, 1.29, 0.09, 1.52, 1.57, 0.00, 1.30, 1.74, 1.87, 0.00, 0.19, 0.43, 0.00, 1.76, 0.37, 2.59, 0.00, 0.00, 1.00, 1.00, 1.00, 1.00, 0.00, 1.00, 1.00, 1.00, 0.00, 0.00, 0.00, 1.00, 1.00, 1.00, 0.00, 1.00
3756,  0,  125.167,  0.98,  1, 0.00, 0.00, 1.37, 0.09, 1.64, 1.91, 0.00, 1.35, 1.77, 1.92, 0.00, 0.23, 0.39, 0.00, 1.64, 0.28, 2.26, 0.00, 0.00, 1.00, 1.00, 1.00, 1.00, 0.00, 1.00, 1.00, 1.00, 0.00, 0.00, 0.00, 1.00, 1.00, 1.00, 0.00, 1.00
3757,  0,  125.200,  0.98,  1, 0.00, 0.00, 1.38, 0.09, 1.78, 2.38, 0.00, 1.43, 1.74, 2.06, 0.00, 0.16, 0.27, 0.02, 1.58, 0.22, 1.66, 0.00, 0.00, 1.00, 1.00, 1.00, 1.00, 0.00, 1.00, 1.00, 1.00, 0.00, 0.00, 0.00, 1.00, 1.00, 1.00, 0.00, 1.00
3758,  0,  125.233,  0.98,  1, 0.00, 0.00, 1.38, 0.00, 1.84, 2.73, 0.00, 1.52, 1.69, 2.24, 0.00, 0.12, 0.26, 0.05, 1.49, 0.17, 1.08, 0.00, 0.00, 1.00, 1.00, 1.00, 1.00, 0.00, 1.00, 1.00, 1.00, 0.00, 0.00, 0.00, 1.00, 1.00, 1.00, 0.00, 1.00
3759,  0,  125.267,  0.98,  1, 0.00, 0.00, 1.42, 0.00, 1.86, 2.76, 0.00, 1.59, 1.70, 2.30, 0.00, 0.07, 0.22, 0.07, 1.48, 0.20, 0.65, 0.00, 0.00, 1.00, 1.00, 1.00, 1.00, 0.00, 1.00, 1.00, 1.00, 0.00, 0.00, 0.00, 1.00, 1.00, 1.00, 0.00, 1.00
3760,  0,  125.300,  0.98,  1, 0.00, 0.00, 1.50, 0.00, 1.83, 2.74, 0.00, 1.61, 1.72, 2.34, 0.00, 0.09, 0.23, 0.12, 1.52, 0.28, 0.34, 0.00, 0.00, 1.00, 1.00, 1.00, 1.00, 0.00, 1.00, 1.00, 1.00, 0.00, 0.00, 0.00, 1.00, 1.00, 1.00, 0.00, 1.00
3761,  0,  125.333,  0.98,  1, 0.00, 0.00, 1.43, 0.00, 1.78, 2.64, 0.00, 1.58, 1.68, 2.32, 0.00, 0.14, 0.20, 0.16, 1.57, 0.42, 0.17, 0.00, 0.00, 1.00, 1.00, 1.00, 1.00, 0.00, 1.00, 1.00, 1.00, 0.00, 0.00, 0.00, 1.00, 1.00, 1.00, 0.00, 1.00
3762,  0,  125.367,  0.98,  1, 0.00, 0.00, 1.29, 0.00, 1.73, 2.66, 0.00, 1.57, 1.67, 2.26, 0.00, 0.22, 0.23, 0.21, 1.61, 0.47, 0.03, 0.00, 0.00, 1.00, 1.00, 1.00, 1.00, 0.00, 1.00, 1.00, 1.00, 0.00, 0.00, 0.00, 1.00, 1.00, 1.00, 0.00, 1.00
3763,  0,  125.400,  0.98,  1, 0.00, 0.00, 1.17, 0.00, 1.71, 2.61, 0.00, 1.48, 1.62, 2.16, 0.00, 0.18, 0.29, 0.20, 1.60, 0.44, 0.00, 0.00, 0.00, 1.00, 1.00, 1.00, 1.00, 0.00, 1.00, 1.00, 1.00, 0.00, 0.00, 0.00, 1.00, 1.00, 1.00, 0.00, 1.00
3764,  0,  125.433,  0.98,  1, 0.00, 0.00, 1.20, 0.00, 1.72, 2.64, 0.00, 1.49, 1.61, 2.17, 0.00, 0.17, 0.35, 0.19, 1.68, 0.40, 0.04, 0.00, 0.00, 1.00, 1.00, 1.00, 1.00, 0.00, 1.00, 1.00, 1.00, 0.00, 0.00, 0.00, 1.00, 1.00, 1.00, 0.00, 1.00
3765,  0,  125.467,  0.98,  1, 0.00, 0.00, 1.30, 0.00, 1.75, 2.65, 0.00, 1.49, 1.63, 2.24, 0.00, 0.12, 0.32, 0.19, 1.73, 0.46, 0.04, 0.00, 0.00, 1.00, 1.00, 1.00, 1.00, 0.00, 1.00, 1.00, 1.00, 0.00, 0.00, 0.00, 1.00, 1.00, 1.00, 0.00, 1.00
3766,  0,  125.500,  0.98,  1, 0.00, 0.00, 1.35, 0.00, 1.81, 2.69, 0.00, 1.51, 1.66, 2.22, 0.00, 0.28, 0.26, 0.25, 1.78, 0.52, 0.04, 0.00, 0.00, 1.00, 1.00, 1.00, 1.00, 0.00, 1.00, 1.00, 1.00, 0.00, 0.00, 0.00, 1.00, 1.00, 1.00, 0.00, 1.00
3767,  0,  125.533,  0.98,  1, 0.00, 0.00, 1.33, 0.00, 1.84, 2.68, 0.00, 1.49, 1.68, 2.13, 0.00, 0.40, 0.22, 0.28, 1.69, 0.55, 0.00, 0.00, 0.00, 1.00, 1.00, 1.00, 1.00, 0.00, 1.00, 1.00, 1.00, 0.00, 0.00, 0.00, 1.00, 1.00, 1.00, 0.00, 1.00
3768,  0,  125.567,  0.98,  1, 0.00, 0.00, 1.24, 0.00, 1.80, 2.70, 0.00, 1.45, 1.67, 1.98, 0.00, 0.46, 0.32, 0.30, 1.62, 0.60, 0.00, 0.00, 0.00, 1.00, 1.00, 1.00, 1.00, 0.00, 1.00, 1.00, 1.00, 0.00, 0.00, 0.00, 1.00, 1.00, 1.00, 0.00, 1.00
3769,  0,  125.600,  0.98,  1, 0.00, 0.00, 1.19, 0.00, 1.75, 2.80, 0.00, 1.47, 1.68, 1.95, 0.00, 0.35, 0.46, 0.29, 1.55, 0.59, 0.06, 0.00, 0.00, 1.00, 1.00, 1.00, 1.00, 0.00, 1.00, 1.00, 1.00, 0.00, 0.00, 0.00, 1.00, 1.00, 1.00, 0.00, 1.00
3770,  0,  125.633,  0.98,  1, 0.00, 0.00, 1.19, 0.00, 1.71, 2.96, 0.00, 1.50, 1.71, 1.94, 0.00, 0.27, 0.59, 0.28, 1.56, 0.60, 0.06, 0.00, 0.00, 1.00, 1.00, 1.00, 1.00, 0.00, 1.00, 1.00, 1.00, 0.00, 0.00, 0.00, 1.00, 1.00, 1.00, 0.00, 1.00
3771,  0,  125.667,  0.98,  1, 0.00, 0.00, 1.27, 0.00, 1.74, 2.97, 0.00, 1.61, 1.74, 1.97, 0.00, 0.28, 0.58, 0.28, 1.58, 0.52, 0.06, 0.00, 0.00, 1.00, 1.00, 1.00, 1.00, 0.00, 1.00, 1.00, 1.00, 0.00, 0.00, 0.00, 1.00, 1.00, 1.00, 0.00, 1.00
3772,  0,  125.700,  0.98,  1, 0.00, 0.00, 1.36, 0.00, 1.78, 3.01, 0.00, 1.67, 1.76, 2.05, 0.00, 0.35, 0.54, 0.30, 1.59, 0.59, 0.00, 0.00, 0.00, 1.00, 1.00, 1.00, 1.00, 0.00, 1.00, 1.00, 1.00, 0.00, 0.00, 0.00, 1.00, 1.00, 1.00, 0.00, 1.00
3773,  0,  125.733,  0.98,  1, 0.00, 0.00, 1.40, 0.00, 1.79, 3.02, 0.00, 1.69, 1.77, 2.10, 0.00, 0.41, 0.50, 0.32, 1.56, 0.64, 0.00, 0.00, 0.00, 1.00, 1.00, 1.00, 1.00, 0.00, 1.00, 1.00, 1.00, 0.00, 0.00, 0.00, 1.00, 1.00, 1.00, 0.00, 1.00
3774,  0,  125.767,  0.98,  1, 0.00, 0.00, 1.37, 0.00, 1.75, 2.99, 0.00, 1.67, 1.73, 2.12, 0.00, 0.45, 0.48, 0.31, 1.52, 0.68, 0.00, 0.00, 0.00, 1.00, 1.00, 1.00, 1.00, 0.00, 1.00, 1.00, 1.00, 0.00, 0.00, 0.00, 1.00, 1.00, 1.00, 0.00, 1.00
3775,  0,  125.800,  0.98,  1, 0.00, 0.00, 1.32, 0.00, 1.72, 2.93, 0.00, 1.67, 1.70, 2.09, 0.00, 0.47, 0.47, 0.28, 1.48, 0.58, 0.00, 0.00, 0.00, 1.00, 1.00, 1.00, 1.00, 0.00, 1.00, 1.00, 1.00, 0.00, 0.00, 0.00, 1.00, 1.00, 1.00, 0.00, 1.00
3776,  0,  125.833,  0.98,  1, 0.00, 0.00, 1.30, 0.00, 1.69, 2.83, 0.00, 1.65, 1.66, 2.07, 0.00, 0.47, 0.45, 0.26, 1.45, 0.52, 0.00, 0.00, 0.00, 1.00, 1.00, 1.00, 1.00, 0.00, 1.00, 1.00, 1.00, 0.00, 0.00, 0.00, 1.00, 1.00, 1.00, 0.00, 1.00
3777,  0,  125.867,  0.98,  1, 0.00, 0.00, 1.33, 0.00, 1.69, 2.67, 0.00, 1.61, 1.64, 2.05, 0.00, 0.46, 0.45, 0.24, 1.43, 0.48, 0.00, 0.00, 0.00, 1.00, 1.00, 1.00, 1.00, 0.00, 1.00, 1.00, 1.00, 0.00, 0.00, 0.00, 1.00, 1.00, 1.00, 0.00, 1.00
3778,  0,  125.900,  0.98,  1, 0.00, 0.00, 1.45, 0.00, 1.64, 2.66, 0.00, 1.54, 1.64, 1.98, 0.00, 0.45, 0.29, 0.21, 1.51, 0.66, 0.00, 0.00, 0.00, 1.00, 1.00, 1.00, 1.00, 0.00, 1.00, 1.00, 1.00, 0.00, 0.00, 0.00, 1.00, 1.00, 1.00, 0.00, 1.00
3779,  0,  125.933,  0.98,  1, 0.00, 0.00, 1.53, 0.00, 1.60, 2.75, 0.00, 1.49, 1.64, 1.94, 0.00, 0.49, 0.21, 0.17, 1.61, 0.75, 0.00, 0.00, 0.00, 1.00, 1.00, 1.00, 1.00, 0.00, 1.00, 1.00, 1.00, 0.00, 0.00, 0.00, 1.00, 1.00, 1.00, 0.00, 1.00
3780,  0,  125.967,  0.98,  1, 0.00, 0.00, 1.51, 0.00, 1.52, 2.92, 0.00, 1.39, 1.63, 1.86, 0.00, 0.48, 0.08, 0.09, 1.70, 0.95, 0.00, 0.00, 0.00, 1.00, 1.00, 1.00, 1.00, 0.00, 1.00, 1.00, 1.00, 0.00, 0.00, 0.00, 1.00, 1.00, 1.00, 0.00, 1.00
3781,  0,  126.000,  0.98,  1, 0.00, 0.00, 1.47, 0.00, 1.46, 2.97, 0.01, 1.31, 1.53, 1.75, 0.00, 0.36, 0.08, 0.05, 1.77, 0.90, 0.00, 0.00, 0.00, 1.00, 1.00, 1.00, 1.00, 0.00, 1.00, 1.00, 1.00, 0.00, 0.00, 0.00, 1.00, 1.00, 1.00, 0.00, 1.00
3782,  0,  126.033,  0.98,  1, 0.00, 0.00, 1.39, 0.00, 1.35, 2.85, 0.01, 1.26, 1.45, 1.54, 0.00, 0.19, 0.02, 0.00, 1.81, 0.94, 0.00, 0.00, 0.00, 1.00, 1.00, 1.00, 1.00, 0.00, 1.00, 1.00, 1.00, 0.00, 0.00, 0.00, 1.00, 1.00, 1.00, 0.00, 1.00
3783,  0,  126.067,  0.98,  1, 0.02, 0.00, 1.41, 0.00, 1.21, 2.82, 0.01, 1.17, 1.29, 1.28, 0.00, 0.15, 0.00, 0.00, 1.77, 0.98, 0.00, 0.00, 0.00, 1.00, 1.00, 1.00, 1.00, 0.00, 1.00, 1.00, 1.00, 0.00, 0.00, 0.00, 1.00, 1.00, 1.00, 0.00, 1.00
3784,  0,  126.100,  0.98,  1, 0.16, 0.08, 1.46, 0.00, 0.96, 2.66, 0.00, 1.03, 1.04, 1.23, 0.03, 0.38, 0.00, 0.00, 1.43, 0.96, 0.00, 0.00, 0.00, 1.00, 1.00, 1.00, 1.00, 0.00, 1.00, 1.00, 1.00, 0.00, 0.00, 0.00, 1.00, 1.00, 1.00, 0.00, 1.00
3785,  0,  126.133,  0.98,  1, 0.31, 0.16, 1.52, 0.00, 0.70, 2.53, 0.00, 0.82, 0.66, 1.06, 0.20, 0.75, 0.00, 0.00, 0.82, 0.86, 0.38, 0.00, 0.00, 1.00, 1.00, 1.00, 1.00, 0.00, 1.00, 0.00, 1.00, 0.00, 1.00, 0.00, 1.00, 0.00, 1.00, 0.00, 1.00
3786,  0,  126.167,  0.98,  1, 0.37, 0.16, 1.57, 0.04, 0.47, 2.08, 0.00, 0.80, 0.37, 0.96, 0.31, 0.95, 0.00, 0.00, 0.36, 0.65, 1.16, 0.00, 0.00, 1.00, 1.00, 0.00, 1.00, 0.00, 1.00, 0.00, 1.00, 1.00, 1.00, 0.00, 1.00, 0.00, 1.00, 0.00, 1.00
3787,  0,  126.200,  0.98,  1, 0.36, 0.08, 1.46, 0.16, 0.35, 1.61, 0.00, 0.82, 0.30, 0.84, 0.33, 0.90, 0.00, 0.00, 0.35, 0.73, 2.01, 0.00, 0.00, 1.00, 1.00, 0.00, 1.00, 0.00, 1.00, 0.00, 1.00, 1.00, 1.00, 0.00, 1.00, 0.00, 1.00, 0.00, 1.00
3788,  0,  126.233,  0.98,  1, 0.31, 0.00, 1.41, 0.27, 0.26, 1.01, 0.00, 0.86, 0.36, 0.85, 0.17, 0.75, 0.00, 0.00, 0.63, 0.85, 2.56, 0.00, 0.00, 1.00, 1.00, 0.00, 1.00, 0.00, 1.00, 0.00, 1.00, 1.00, 1.00, 0.00, 1.00, 0.00, 1.00, 0.00, 1.00
3789,  0,  126.267,  0.98,  1, 0.26, 0.00, 1.28, 0.36, 0.18, 0.79, 0.00, 0.79, 0.46, 0.81, 0.06, 0.72, 0.00, 0.00, 0.69, 0.92, 2.77, 0.00, 0.00, 1.00, 1.00, 0.00, 1.00, 0.00, 1.00, 0.00, 1.00, 1.00, 1.00, 0.00, 1.00, 0.00, 0.00, 0.00, 1.00
3790,  0,  126.300,  0.98,  1, 0.13, 0.00, 1.28, 0.32, 0.13, 0.66, 0.00, 0.74, 0.44, 0.75, 0.03, 0.80, 0.00, 0.00, 0.42, 0.58, 2.93, 0.00, 0.00, 1.00, 1.00, 0.00, 1.00, 0.00, 1.00, 0.00, 1.00, 1.00, 1.00, 0.00, 1.00, 0.00, 0.00, 0.00, 1.00
3791,  0,  126.333,  0.98,  1, 0.03, 0.00, 1.33, 0.32, 0.18, 0.79, 0.00, 0.68, 0.41, 0.76, 0.07, 0.97, 0.03, 0.00, 0.14, 0.25, 2.95, 0.00, 0.00, 1.00, 1.00, 0.00, 1.00, 0.00, 1.00, 0.00, 1.00, 1.00, 1.00, 0.00, 1.00, 0.00, 1.00, 0.00, 1.00
3792,  0,  126.367,  0.98,  1, 0.00, 0.00, 1.46, 0.19, 0.36, 0.98, 0.00, 0.64, 0.42, 0.88, 0.07, 1.05, 0.19, 0.00, 0.06, 0.00, 2.69, 0.00, 0.00, 1.00, 1.00, 0.00, 1.00, 0.00, 1.00, 0.00, 1.00, 1.00, 1.00, 0.00, 1.00, 0.00, 1.00, 0.00, 1.00
3793,  0,  126.400,  0.98,  1, 0.00, 0.00, 1.54, 0.11, 0.61, 1.48, 0.00, 0.65, 0.51, 0.97, 0.04, 1.02, 0.32, 0.00, 0.40, 0.24, 2.15, 0.00, 0.00, 1.00, 1.00, 1.00, 1.00, 0.00, 1.00, 0.00, 1.00, 0.00, 1.00, 0.00, 1.00, 0.00, 1.00, 0.00, 1.00
3794,  0,  126.433,  0.98,  1, 0.00, 0.00, 1.60, 0.00, 0.88, 2.12, 0.00, 0.83, 0.77, 0.93, 0.00, 0.74, 0.30, 0.00, 0.97, 0.63, 1.39, 0.00, 0.00, 1.00, 1.00, 1.00, 1.00, 0.00, 1.00, 0.00, 1.00, 0.00, 1.00, 0.00, 1.00, 1.00, 1.00, 0.00, 1.00
3795,  0,  126.467,  0.98,  1, 0.00, 0.00, 1.75, 0.00, 1.05, 2.68, 0.00, 1.01, 0.93, 0.89, 0.00, 0.56, 0.13, 0.00, 1.62, 1.03, 0.79, 0.00, 0.00, 1.00, 1.00, 1.00, 1.00, 0.00, 1.00, 0.00, 1.00, 0.00, 1.00, 0.00, 1.00, 1.00, 1.00, 0.00, 1.00
3796,  0,  126.500,  0.98,  1, 0.00, 0.00, 1.78, 0.00, 1.10, 2.68, 0.00, 1.02, 0.98, 0.91, 0.00, 0.56, 0.05, 0.00, 1.83, 1.17, 0.33, 0.00, 0.00, 1.00, 1.00, 1.00, 1.00, 0.00, 1.00, 0.00, 1.00, 0.00, 1.00, 0.00, 1.00, 1.00, 1.00, 0.00, 1.00
3797,  0,  126.533,  0.98,  1, 0.00, 0.00, 1.76, 0.00, 1.04, 2.45, 0.00, 0.79, 0.72, 1.01, 0.00, 0.82, 0.22, 0.06, 1.45, 1.05, 0.22, 0.00, 0.00, 1.00, 1.00, 1.00, 1.00, 0.00, 1.00, 0.00, 1.00, 0.00, 1.00, 0.00, 1.00, 1.00, 1.00, 0.00, 1.00
3798,  0,  126.567,  0.98,  1, 0.02, 0.05, 1.62, 0.00, 0.85, 2.03, 0.00, 0.55, 0.47, 1.18, 0.00, 1.07, 0.39, 0.07, 0.88, 0.70, 0.10, 0.00, 0.00, 1.00, 1.00, 1.00, 1.00, 0.00, 1.00, 0.00, 1.00, 0.00, 1.00, 0.00, 1.00, 0.00, 1.00, 0.00, 1.00
3799,  0,  126.600,  0.98,  1, 0.04, 0.05, 1.62, 0.00, 0.70, 1.78, 0.00, 0.42, 0.32, 1.23, 0.00, 1.10, 0.56, 0.06, 0.59, 0.55, 0.11, 0.00, 0.00, 1.00, 1.00, 1.00, 1.00, 0.00, 1.00, 0.00, 1.00, 0.00, 1.00, 0.00, 1.00, 0.00, 1.00, 0.00, 0.00
3800,  0,  126.633,  0.98,  1, 0.08, 0.05, 1.59, 0.00, 0.63, 1.76, 0.00, 0.51, 0.39, 1.17, 0.00, 0.95, 0.55, 0.01, 0.72, 0.59, 0.01, 0.00, 0.00, 1.00, 1.00, 1.00, 1.00, 0.00, 1.00, 0.00, 1.00, 0.00, 1.00, 0.00, 1.00, 0.00, 1.00, 0.00, 0.00
3801,  0,  126.667,  0.98,  1, 0.14, 0.00, 1.56, 0.01, 0.65, 1.78, 0.00, 0.59, 0.49, 1.03, 0.00, 0.83, 0.45, 0.00, 1.06, 0.89, 0.01, 0.00, 0.00, 1.00, 1.00, 1.00, 1.00, 0.00, 1.00, 0.00, 1.00, 1.00, 1.00, 0.00, 1.00, 0.00, 1.00, 0.00, 0.00
3802,  0,  126.700,  0.98,  1, 0.13, 0.00, 1.46, 0.01, 0.66, 1.90, 0.00, 0.68, 0.60, 0.98, 0.00, 0.75, 0.37, 0.00, 1.23, 0.97, 0.03, 0.00, 0.00, 1.00, 1.00, 1.00, 1.00, 0.00, 1.00, 0.00, 1.00, 1.00, 1.00, 0.00, 1.00, 0.00, 1.00, 0.00, 0.00
3803,  0,  126.733,  0.98,  1, 0.10, 0.00, 1.40, 0.01, 0.67, 1.89, 0.00, 0.73, 0.60, 1.10, 0.00, 0.85, 0.35, 0.00, 1.29, 0.97, 0.11, 0.00, 0.00, 1.00, 1.00, 1.00, 1.00, 0.00, 1.00, 0.00, 1.00, 1.00, 1.00, 0.00, 1.00, 0.00, 1.00, 0.00, 0.00
3804,  0,  126.767,  0.98,  1, 0.08, 0.00, 1.37, 0.00, 0.66, 2.03, 0.00, 0.78, 0.59, 1.14, 0.00, 0.99, 0.28, 0.00, 1.06, 0.80, 0.20, 0.00, 0.00, 1.00, 1.00, 1.00, 1.00, 0.00, 1.00, 0.00, 1.00, 1.00, 1.00, 0.00, 1.00, 0.00, 1.00, 0.00, 0.00
3805,  0,  126.800,  0.98,  1, 0.08, 0.00, 1.43, 0.00, 0.63, 2.05, 0.00, 0.73, 0.54, 1.05, 0.07, 1.17, 0.14, 0.00, 0.82, 0.58, 0.17, 0.00, 0.00, 1.00, 1.00, 1.00, 1.00, 0.00, 1.00, 0.00, 1.00, 1.00, 1.00, 0.00, 1.00, 0.00, 0.00, 0.00, 0.00
3806,  0,  126.833,  0.98,  1, 0.12, 0.00, 1.45, 0.00, 0.55, 2.05, 0.00, 0.62, 0.52, 0.99, 0.14, 1.22, 0.00, 0.00, 0.63, 0.48, 0.09, 0.00, 0.00, 1.00, 1.00, 1.00, 1.00, 0.00, 1.00, 0.00, 1.00, 1.00, 1.00, 0.00, 1.00, 0.00, 0.00, 0.00, 0.00
3807,  0,  126.867,  0.98,  1, 0.06, 0.00, 1.41, 0.00, 0.49, 1.97, 0.00, 0.53, 0.54, 1.03, 0.20, 1.21, 0.00, 0.00, 0.67, 0.57, 0.06, 0.00, 0.00, 1.00, 1.00, 0.00, 1.00, 0.00, 1.00, 1.00, 1.00, 1.00, 1.00, 0.00, 1.00, 0.00, 0.00, 0.00, 0.00
3808,  0,  126.900,  0.98,  1, 0.05, 0.00, 1.33, 0.00, 0.47, 1.92, 0.00, 0.52, 0.59, 1.08, 0.16, 1.04, 0.00, 0.00, 0.78, 0.79, 0.11, 0.00, 0.00, 1.00, 1.00, 0.00, 1.00, 0.00, 1.00, 1.00, 1.00, 1.00, 1.00, 0.00, 1.00, 0.00, 0.00, 0.00, 0.00
3809,  0,  126.933,  0.98,  1, 0.01, 0.00, 1.25, 0.00, 0.50, 1.91, 0.00, 0.60, 0.67, 1.10, 0.09, 1.02, 0.00, 0.00, 0.82, 0.82, 0.16, 0.00, 0.00, 1.00, 1.00, 0.00, 1.00, 0.00, 1.00, 1.00, 1.00, 1.00, 1.00, 0.00, 1.00, 0.00, 0.00, 0.00, 0.00
3810,  0,  126.967,  0.98,  1, 0.00, 0.00, 1.23, 0.00, 0.53, 1.88, 0.00, 0.63, 0.65, 1.10, 0.02, 1.05, 0.00, 0.01, 0.62, 0.55, 0.23, 0.00, 0.00, 1.00, 1.00, 0.00, 1.00, 0.00, 1.00, 1.00, 1.00, 1.00, 1.00, 0.00, 1.00, 0.00, 0.00, 0.00, 0.00
3811,  0,  127.000,  0.98,  1, 0.00, 0.00, 1.27, 0.00, 0.60, 2.09, 0.00, 0.61, 0.58, 1.17, 0.00, 1.19, 0.00, 0.03, 0.43, 0.27, 0.26, 0.00, 0.00, 1.00, 1.00, 0.00, 1.00, 0.00, 1.00, 1.00, 1.00, 0.00, 1.00, 0.00, 1.00, 0.00, 0.00, 0.00, 0.00
3812,  0,  127.033,  0.98,  1, 0.01, 0.00, 1.34, 0.00, 0.69, 2.26, 0.00, 0.59, 0.56, 1.17, 0.00, 1.22, 0.00, 0.06, 0.46, 0.15, 0.24, 0.00, 0.00, 1.00, 1.00, 1.00, 1.00, 0.00, 1.00, 1.00, 1.00, 0.00, 1.00, 0.00, 1.00, 0.00, 0.00, 0.00, 0.00
3813,  0,  127.067,  0.98,  1, 0.01, 0.00, 1.44, 0.00, 0.86, 2.47, 0.00, 0.68, 0.62, 1.29, 0.00, 1.06, 0.00, 0.06, 0.66, 0.30, 0.22, 0.00, 0.00, 1.00, 1.00, 1.00, 1.00, 0.00, 1.00, 1.00, 1.00, 0.00, 1.00, 0.00, 1.00, 0.00, 0.00, 0.00, 0.00
3814,  0,  127.100,  0.98,  1, 0.01, 0.00, 1.40, 0.00, 0.99, 2.51, 0.00, 0.82, 0.74, 1.41, 0.00, 0.85, 0.14, 0.06, 0.90, 0.43, 0.21, 0.00, 0.00, 1.00, 1.00, 1.00, 1.00, 0.00, 1.00, 1.00, 1.00, 0.00, 1.00, 0.00, 1.00, 0.00, 0.00, 0.00, 0.00
3815,  0,  127.133,  0.98,  1, 0.00, 0.00, 1.51, 0.00, 1.04, 2.49, 0.01, 0.88, 0.80, 1.57, 0.00, 0.65, 0.20, 0.04, 0.99, 0.44, 0.27, 0.00, 0.00, 1.00, 1.00, 1.00, 1.00, 0.00, 1.00, 1.00, 1.00, 0.00, 1.00, 0.00, 1.00, 1.00, 1.00, 0.00, 0.00
3816,  0,  127.167,  0.98,  1, 0.00, 0.00, 1.54, 0.03, 1.04, 2.56, 0.02, 0.77, 0.86, 1.58, 0.00, 0.61, 0.42, 0.04, 1.19, 0.52, 0.17, 0.00, 0.00, 1.00, 1.00, 1.00, 1.00, 0.00, 1.00, 1.00, 1.00, 0.00, 1.00, 0.00, 1.00, 1.00, 1.00, 0.00, 0.00
3817,  0,  127.200,  0.98,  1, 0.00, 0.00, 1.68, 0.03, 1.05, 2.57, 0.02, 0.63, 0.91, 1.59, 0.00, 0.57, 0.36, 0.03, 1.21, 0.45, 0.10, 0.00, 0.00, 1.00, 1.00, 1.00, 1.00, 0.00, 1.00, 1.00, 1.00, 0.00, 1.00, 0.00, 1.00, 1.00, 1.00, 0.00, 0.00
3818,  0,  127.233,  0.98,  1, 0.00, 0.00, 1.63, 0.03, 1.06, 2.71, 0.01, 0.54, 0.95, 1.58, 0.00, 0.64, 0.34, 0.11, 1.19, 0.43, 0.07, 0.00, 0.00, 1.00, 1.00, 1.00, 1.00, 0.00, 1.00, 1.00, 1.00, 0.00, 0.00, 0.00, 1.00, 1.00, 1.00, 0.00, 0.00
3819,  0,  127.267,  0.98,  1, 0.00, 0.00, 1.55, 0.00, 1.02, 2.67, 0.00, 0.63, 0.89, 1.57, 0.00, 0.70, 0.15, 0.18, 1.05, 0.33, 0.11, 0.00, 0.00, 1.00, 1.00, 1.00, 1.00, 0.00, 1.00, 1.00, 1.00, 0.00, 1.00, 0.00, 1.00, 1.00, 1.00, 0.00, 0.00
3820,  0,  127.300,  0.98,  1, 0.00, 0.00, 1.46, 0.00, 0.92, 2.60, 0.00, 0.60, 0.77, 1.46, 0.00, 0.73, 0.10, 0.23, 0.97, 0.34, 0.10, 0.00, 0.00, 1.00, 1.00, 1.00, 1.00, 0.00, 1.00, 1.00, 1.00, 0.00, 1.00, 0.00, 1.00, 1.00, 1.00, 0.00, 0.00
3821,  0,  127.333,  0.98,  1, 0.00, 0.00, 1.34, 0.00, 0.86, 2.42, 0.00, 0.56, 0.66, 1.38, 0.00, 0.75, 0.14, 0.25, 0.81, 0.41, 0.03, 0.00, 0.00, 1.00, 1.00, 1.00, 1.00, 0.00, 1.00, 1.00, 1.00, 0.00, 1.00, 0.00, 1.00, 0.00, 1.00, 0.00, 0.00
3822,  0,  127.367,  0.98,  1, 0.00, 0.00, 1.27, 0.00, 0.82, 2.33, 0.00, 0.43, 0.59, 1.47, 0.00, 0.76, 0.13, 0.30, 0.57, 0.45, 0.03, 0.00, 0.00, 1.00, 1.00, 1.00, 1.00, 0.00, 1.00, 1.00, 1.00, 0.00, 1.00, 0.00, 1.00, 0.00, 1.00, 0.00, 0.00
3823,  0,  127.400,  0.98,  1, 0.00, 0.00, 1.17, 0.00, 0.87, 2.24, 0.00, 0.41, 0.53, 1.62, 0.00, 0.89, 0.11, 0.37, 0.30, 0.42, 0.15, 0.00, 0.00, 1.00, 1.00, 1.00, 1.00, 0.00, 1.00, 1.00, 1.00, 0.00, 1.00, 0.00, 1.00, 0.00, 1.00, 0.00, 0.00
3824,  0,  127.433,  0.98,  1, 0.00, 0.00, 1.15, 0.00, 0.88, 2.28, 0.00, 0.36, 0.47, 1.66, 0.00, 1.01, 0.03, 0.39, 0.15, 0.27, 0.25, 0.00, 0.00, 1.00, 1.00, 1.00, 1.00, 0.00, 1.00, 1.00, 1.00, 1.00, 1.00, 0.00, 1.00, 0.00, 0.00, 0.00, 0.00
3825,  0,  127.467,  0.98,  1, 0.00, 0.00, 1.15, 0.00, 0.91, 2.28, 0.00, 0.43, 0.46, 1.57, 0.00, 1.06, 0.00, 0.40, 0.04, 0.18, 0.32, 0.00, 0.00, 1.00, 1.00, 1.00, 1.00, 0.00, 1.00, 1.00, 1.00, 1.00, 1.00, 0.00, 1.00, 0.00, 0.00, 0.00, 0.00
3826,  0,  127.500,  0.98,  1, 0.00, 0.00, 1.18, 0.00, 0.87, 2.27, 0.00, 0.41, 0.44, 1.37, 0.00, 1.17, 0.00, 0.36, 0.04, 0.19, 0.23, 0.00, 0.00, 1.00, 1.00, 1.00, 1.00, 0.00, 1.00, 1.00, 1.00, 1.00, 1.00, 0.00, 1.00, 0.00, 0.00, 0.00, 0.00
3827,  0,  127.533,  0.98,  1, 0.00, 0.00, 1.18, 0.00, 0.84, 2.21, 0.01, 0.37, 0.40, 1.21, 0.00, 1.22, 0.08, 0.33, 0.00, 0.25, 0.18, 0.00, 0.00, 1.00, 1.00, 1.00, 1.00, 0.00, 1.00, 1.00, 1.00, 1.00, 1.00, 0.00, 1.00, 0.00, 0.00, 0.00, 0.00
3828,  0,  127.567,  0.98,  1, 0.00, 0.00, 1.21, 0.00, 0.73, 2.03, 0.01, 0.40, 0.40, 1.14, 0.00, 1.24, 0.08, 0.28, 0.02, 0.35, 0.19, 0.00, 0.00, 1.00, 1.00, 1.00, 1.00, 0.00, 1.00, 1.00, 1.00, 1.00, 1.00, 0.00, 1.00, 0.00, 0.00, 0.00, 0.00
3829,  0,  127.600,  0.98,  1, 0.00, 0.00, 1.17, 0.02, 0.70, 2.01, 0.01, 0.54, 0.42, 1.16, 0.00, 1.19, 0.08, 0.28, 0.04, 0.35, 0.23, 0.00, 0.00, 1.00, 1.00, 1.00, 1.00, 0.00, 1.00, 1.00, 1.00, 1.00, 1.00, 0.00, 1.00, 0.00, 0.00, 0.00, 0.00
3830,  0,  127.633,  0.98,  1, 0.00, 0.00, 1.24, 0.02, 0.65, 1.85, 0.00, 0.66, 0.48, 1.24, 0.00, 1.13, 0.00, 0.30, 0.07, 0.41, 0.20, 0.00, 0.00, 1.00, 1.00, 1.00, 1.00, 0.00, 1.00, 1.00, 1.00, 1.00, 1.00, 0.00, 1.00, 0.00, 0.00, 0.00, 0.00
3831,  0,  127.667,  0.98,  1, 0.00, 0.00, 1.26, 0.02, 0.67, 2.03, 0.00, 0.69, 0.51, 1.31, 0.00, 1.20, 0.00, 0.36, 0.05, 0.38, 0.10, 0.00, 0.00, 1.00, 1.00, 1.00, 1.00, 0.00, 1.00, 1.00, 1.00, 1.00, 1.00, 0.00, 1.00, 0.00, 0.00, 0.00, 0.00
3832,  0,  127.700,  0.98,  1, 0.00, 0.00, 1.27, 0.01, 0.67, 2.14, 0.00, 0.66, 0.52, 1.37, 0.00, 1.19, 0.00, 0.39, 0.03, 0.42, 0.03, 0.00, 0.00, 1.00, 1.00, 1.00, 1.00, 0.00, 1.00, 1.00, 1.00, 1.00, 1.00, 0.00, 1.00, 0.00, 0.00, 0.00, 0.00
3833,  0,  127.733,  0.98,  1, 0.00, 0.00, 1.23, 0.01, 0.68, 2.33, 0.00, 0.67, 0.53, 1.48, 0.00, 1.21, 0.05, 0.42, 0.00, 0.43, 0.03, 0.00, 0.00, 1.00, 1.00, 1.00, 1.00, 0.00, 1.00, 1.00, 1.00, 1.00, 1.00, 0.00, 1.00, 0.00, 0.00, 0.00, 0.00
3834,  0,  127.767,  0.98,  1, 0.00, 0.00, 1.19, 0.01, 0.69, 2.22, 0.00, 0.61, 0.49, 1.52, 0.00, 1.20, 0.07, 0.40, 0.00, 0.46, 0.03, 0.00, 0.00, 1.00, 1.00, 1.00, 1.00, 0.00, 1.00, 1.00, 1.00, 1.00, 1.00, 0.00, 1.00, 0.00, 0.00, 0.00, 0.00
3835,  0,  127.800,  0.98,  1, 0.03, 0.00, 1.18, 0.00, 0.72, 2.17, 0.00, 0.62, 0.50, 1.62, 0.00, 1.25, 0.11, 0.37, 0.00, 0.38, 0.03, 0.00, 0.00, 1.00, 1.00, 1.00, 1.00, 0.00, 1.00, 1.00, 1.00, 1.00, 1.00, 0.00, 1.00, 0.00, 0.00, 0.00, 0.00
3836,  0,  127.833,  0.98,  1, 0.04, 0.00, 1.25, 0.00, 0.77, 2.17, 0.00, 0.64, 0.50, 1.65, 0.00, 1.30, 0.13, 0.36, 0.00, 0.33, 0.00, 0.00, 0.00, 1.00, 1.00, 1.00, 1.00, 0.00, 1.00, 1.00, 1.00, 1.00, 1.00, 0.00, 1.00, 0.00, 0.00, 0.00, 0.00
3837,  0,  127.867,  0.98,  1, 0.04, 0.00, 1.30, 0.00, 0.81, 2.19, 0.00, 0.75, 0.52, 1.74, 0.00, 1.36, 0.20, 0.35, 0.00, 0.27, 0.00, 0.00, 0.00, 1.00, 1.00, 1.00, 1.00, 0.00, 1.00, 1.00, 1.00, 1.00, 1.00, 0.00, 1.00, 0.00, 0.00, 0.00, 0.00
3838,  0,  127.900,  0.98,  1, 0.01, 0.00, 1.39, 0.00, 0.80, 2.08, 0.00, 0.71, 0.46, 1.83, 0.00, 1.35, 0.29, 0.36, 0.00, 0.28, 0.14, 0.00, 0.00, 1.00, 1.00, 1.00, 1.00, 0.00, 1.00, 1.00, 1.00, 1.00, 1.00, 0.00, 1.00, 0.00, 0.00, 0.00, 0.00
3839,  0,  127.933,  0.98,  1, 0.00, 0.00, 1.36, 0.00, 0.79, 1.95, 0.00, 0.67, 0.42, 1.83, 0.00, 1.29, 0.35, 0.36, 0.00, 0.28, 0.14, 0.00, 0.00, 1.00, 1.00, 1.00, 1.00, 0.00, 1.00, 1.00, 1.00, 1.00, 1.00, 0.00, 1.00, 0.00, 0.00, 0.00, 0.00
3840,  0,  127.967,  0.98,  1, 0.01, 0.00, 1.40, 0.00, 0.75, 2.06, 0.00, 0.62, 0.37, 1.64, 0.00, 1.18, 0.30, 0.36, 0.00, 0.33, 0.28, 0.00, 0.00, 1.00, 1.00, 1.00, 1.00, 0.00, 1.00, 1.00, 1.00, 1.00, 1.00, 0.00, 1.00, 0.00, 0.00, 0.00, 0.00
3841,  0,  128.000,  0.98,  1, 0.01, 0.00, 1.39, 0.00, 0.74, 1.90, 0.00, 0.67, 0.39, 1.45, 0.00, 1.10, 0.18, 0.35, 0.00, 0.46, 0.24, 0.00, 0.00, 1.00, 1.00, 1.00, 1.00, 0.00, 1.00, 1.00, 1.00, 1.00, 1.00, 0.00, 1.00, 0.00, 0.00, 0.00, 0.00
3842,  0,  128.033,  0.98,  1, 0.01, 0.00, 1.45, 0.00, 0.74, 1.85, 0.00, 0.74, 0.41, 1.34, 0.00, 1.06, 0.06, 0.38, 0.00, 0.54, 0.24, 0.00, 0.00, 1.00, 1.00, 1.00, 1.00, 0.00, 1.00, 1.00, 1.00, 1.00, 1.00, 0.00, 1.00, 0.00, 0.00, 0.00, 0.00
3843,  0,  128.067,  0.98,  1, 0.00, 0.00, 1.48, 0.00, 0.80, 1.80, 0.00, 0.71, 0.45, 1.41, 0.00, 1.04, 0.02, 0.48, 0.00, 0.54, 0.18, 0.00, 0.00, 1.00, 1.00, 1.00, 1.00, 0.00, 1.00, 1.00, 1.00, 1.00, 1.00, 0.00, 1.00, 0.00, 0.00, 0.00, 0.00
3844,  0,  128.100,  0.98,  1, 0.00, 0.00, 1.50, 0.00, 0.87, 1.98, 0.00, 0.63, 0.53, 1.58, 0.00, 1.02, 0.07, 0.55, 0.00, 0.50, 0.09, 0.00, 0.00, 1.00, 1.00, 1.00, 1.00, 0.00, 1.00, 1.00, 1.00, 1.00, 1.00, 0.00, 1.00, 0.00, 0.00, 0.00, 0.00
3845,  0,  128.133,  0.98,  1, 0.00, 0.00, 1.43, 0.00, 0.88, 2.04, 0.00, 0.56, 0.55, 1.66, 0.03, 0.94, 0.22, 0.56, 0.00, 0.36, 0.17, 0.00, 0.00, 1.00, 1.00, 1.00, 1.00, 0.00, 1.00, 1.00, 1.00, 1.00, 1.00, 0.00, 1.00, 0.00, 0.00, 0.00, 0.00
3846,  0,  128.167,  0.98,  1, 0.03, 0.00, 1.43, 0.00, 0.89, 2.04, 0.00, 0.50, 0.61, 1.66, 0.03, 0.87, 0.40, 0.49, 0.00, 0.30, 0.09, 0.00, 0.00, 1.00, 1.00, 1.00, 1.00, 0.00, 1.00, 1.00, 1.00, 0.00, 1.00, 0.00, 1.00, 0.00, 0.00, 0.00, 0.00
3847,  0,  128.200,  0.98,  1, 0.04, 0.00, 1.46, 0.00, 0.91, 2.06, 0.00, 0.43, 0.58, 1.52, 0.03, 0.82, 0.58, 0.43, 0.03, 0.14, 0.08, 0.00, 0.00, 1.00, 1.00, 1.00, 1.00, 0.00, 1.00, 1.00, 1.00, 0.00, 1.00, 0.00, 1.00, 0.00, 0.00, 0.00, 0.00
3848,  0,  128.233,  0.98,  1, 0.06, 0.02, 1.55, 0.00, 0.96, 2.07, 0.00, 0.37, 0.58, 1.51, 0.00, 0.79, 0.63, 0.41, 0.03, 0.09, 0.00, 0.00, 0.00, 1.00, 1.00, 1.00, 1.00, 0.00, 1.00, 1.00, 1.00, 0.00, 1.00, 0.00, 1.00, 0.00, 0.00, 0.00, 0.00
3849,  0,  128.267,  0.98,  1, 0.03, 0.02, 1.58, 0.00, 1.04, 2.10, 0.00, 0.42, 0.54, 1.49, 0.00, 0.74, 0.73, 0.41, 0.06, 0.00, 0.00, 0.00, 0.00, 1.00, 1.00, 1.00, 1.00, 0.00, 1.00, 1.00, 1.00, 0.00, 1.00, 0.00, 1.00, 0.00, 0.00, 0.00, 0.00
3850,  0,  128.300,  0.98,  1, 0.02, 0.02, 1.64, 0.00, 1.02, 2.12, 0.00, 0.46, 0.58, 1.54, 0.00, 0.79, 0.71, 0.42, 0.04, 0.00, 0.00, 0.00, 0.00, 1.00, 1.00, 1.00, 1.00, 0.00, 1.00, 1.00, 1.00, 0.00, 1.00, 0.00, 1.00, 0.00, 0.00, 0.00, 0.00
3851,  0,  128.333,  0.98,  1, 0.00, 0.00, 1.61, 0.00, 0.99, 2.11, 0.00, 0.50, 0.64, 1.54, 0.00, 0.79, 0.62, 0.41, 0.07, 0.03, 0.12, 0.00, 0.00, 1.00, 1.00, 1.00, 1.00, 0.00, 1.00, 1.00, 1.00, 0.00, 1.00, 0.00, 1.00, 0.00, 0.00, 0.00, 0.00
3852,  0,  128.367,  0.98,  1, 0.00, 0.00, 1.54, 0.00, 1.00, 2.04, 0.00, 0.47, 0.80, 1.72, 0.00, 0.95, 0.39, 0.52, 0.05, 0.03, 0.12, 0.00, 0.00, 1.00, 1.00, 1.00, 1.00, 0.00, 1.00, 1.00, 1.00, 0.00, 1.00, 0.00, 1.00, 0.00, 0.00, 0.00, 0.00
3853,  0,  128.400,  0.98,  1, 0.00, 0.00, 1.51, 0.00, 1.10, 2.13, 0.00, 0.52, 0.93, 1.75, 0.00, 0.97, 0.25, 0.54, 0.12, 0.03, 0.12, 0.00, 0.00, 1.00, 1.00, 1.00, 1.00, 0.00, 1.00, 1.00, 1.00, 0.00, 1.00, 0.00, 1.00, 0.00, 0.00, 0.00, 0.00
3854,  0,  128.433,  0.98,  1, 0.00, 0.00, 1.42, 0.00, 1.30, 2.29, 0.00, 0.59, 1.08, 1.81, 0.00, 0.94, 0.32, 0.53, 0.41, 0.00, 0.00, 0.00, 0.00, 1.00, 1.00, 1.00, 1.00, 0.00, 1.00, 1.00, 1.00, 0.00, 1.00, 0.00, 1.00, 0.00, 0.00, 0.00, 0.00
3855,  0,  128.467,  0.98,  1, 0.00, 0.00, 1.37, 0.00, 1.41, 2.43, 0.00, 0.74, 1.23, 1.84, 0.00, 0.69, 0.36, 0.36, 0.93, 0.10, 0.10, 0.00, 0.00, 1.00, 1.00, 1.00, 1.00, 0.00, 1.00, 1.00, 1.00, 0.00, 1.00, 0.00, 1.00, 1.00, 1.00, 0.00, 0.00
3856,  0,  128.500,  0.98,  1, 0.00, 0.00, 1.23, 0.00, 1.48, 2.45, 0.00, 0.93, 1.39, 1.89, 0.00, 0.49, 0.31, 0.30, 1.44, 0.29, 0.19, 0.00, 0.00, 1.00, 1.00, 1.00, 1.00, 0.00, 1.00, 1.00, 1.00, 0.00, 0.00, 0.00, 1.00, 1.00, 1.00, 0.00, 0.00
3857,  0,  128.533,  0.98,  1, 0.00, 0.00, 1.11, 0.00, 1.49, 2.40, 0.00, 1.16, 1.53, 1.91, 0.00, 0.36, 0.10, 0.29, 1.74, 0.62, 0.19, 0.00, 0.00, 0.00, 1.00, 1.00, 1.00, 0.00, 1.00, 1.00, 1.00, 0.00, 0.00, 0.00, 1.00, 1.00, 1.00, 0.00, 0.00
3858,  0,  128.567,  0.98,  1, 0.00, 0.00, 0.97, 0.00, 1.52, 2.31, 0.00, 1.36, 1.59, 1.82, 0.00, 0.37, 0.02, 0.33, 1.85, 0.76, 0.15, 0.00, 0.00, 0.00, 1.00, 1.00, 1.00, 0.00, 1.00, 1.00, 1.00, 0.00, 0.00, 0.00, 1.00, 1.00, 1.00, 0.00, 0.00
3859,  0,  128.600,  0.98,  1, 0.00, 0.00, 0.89, 0.00, 1.60, 2.28, 0.00, 1.52, 1.64, 1.85, 0.00, 0.44, 0.07, 0.39, 1.95, 0.89, 0.06, 0.00, 0.00, 0.00, 1.00, 1.00, 1.00, 0.00, 1.00, 1.00, 1.00, 0.00, 0.00, 0.00, 1.00, 1.00, 1.00, 0.00, 0.00
3860,  0,  128.633,  0.98,  1, 0.00, 0.00, 0.96, 0.00, 1.59, 2.11, 0.00, 1.55, 1.66, 1.74, 0.00, 0.45, 0.07, 0.38, 2.09, 0.83, 0.17, 0.00, 0.00, 0.00, 1.00, 1.00, 1.00, 0.00, 1.00, 1.00, 1.00, 0.00, 0.00, 0.00, 1.00, 1.00, 1.00, 0.00, 1.00
3861,  0,  128.667,  0.98,  1, 0.00, 0.00, 1.04, 0.00, 1.55, 1.83, 0.00, 1.43, 1.66, 1.56, 0.00, 0.31, 0.13, 0.32, 2.12, 0.73, 0.13, 0.00, 0.00, 1.00, 1.00, 1.00, 1.00, 0.00, 1.00, 1.00, 1.00, 0.00, 0.00, 0.00, 1.00, 1.00, 1.00, 0.00, 1.00
3862,  0,  128.700,  0.98,  1, 0.00, 0.00, 1.08, 0.00, 1.50, 1.80, 0.00, 1.33, 1.69, 1.30, 0.00, 0.23, 0.07, 0.17, 2.07, 0.41, 0.13, 0.00, 0.00, 1.00, 1.00, 1.00, 1.00, 0.00, 1.00, 1.00, 1.00, 0.00, 0.00, 0.00, 1.00, 1.00, 1.00, 0.00, 1.00
3863,  0,  128.733,  0.98,  1, 0.00, 0.00, 1.13, 0.00, 1.47, 1.87, 0.00, 1.32, 1.71, 1.17, 0.00, 0.29, 0.07, 0.06, 1.88, 0.13, 0.02, 0.00, 0.00, 1.00, 1.00, 1.00, 1.00, 0.00, 1.00, 1.00, 1.00, 0.00, 0.00, 0.00, 1.00, 1.00, 1.00, 0.00, 1.00
3864,  0,  128.767,  0.98,  1, 0.00, 0.00, 1.18, 0.00, 1.50, 2.00, 0.00, 1.51, 1.78, 1.12, 0.00, 0.33, 0.00, 0.03, 1.68, 0.01, 0.00, 0.00, 0.00, 1.00, 1.00, 1.00, 1.00, 0.00, 1.00, 1.00, 1.00, 0.00, 0.00, 0.00, 1.00, 1.00, 0.00, 0.00, 1.00
3865,  0,  128.800,  0.98,  1, 0.00, 0.00, 1.23, 0.00, 1.53, 1.93, 0.00, 1.62, 1.81, 1.12, 0.00, 0.28, 0.00, 0.03, 1.51, 0.01, 0.00, 0.00, 0.00, 1.00, 1.00, 1.00, 1.00, 0.00, 1.00, 1.00, 1.00, 0.00, 0.00, 0.00, 1.00, 1.00, 0.00, 0.00, 1.00
3866,  0,  128.833,  0.98,  1, 0.00, 0.00, 1.19, 0.00, 1.57, 1.90, 0.00, 1.67, 1.90, 1.18, 0.00, 0.14, 0.00, 0.03, 1.44, 0.01, 0.02, 0.00, 0.00, 1.00, 1.00, 1.00, 1.00, 0.00, 1.00, 1.00, 1.00, 0.00, 0.00, 0.00, 1.00, 1.00, 0.00, 0.00, 1.00
3867,  0,  128.867,  0.98,  1, 0.00, 0.00, 1.17, 0.00, 1.59, 1.84, 0.00, 1.56, 1.92, 1.27, 0.00, 0.14, 0.00, 0.01, 1.47, 0.00, 0.02, 0.00, 0.00, 1.00, 1.00, 1.00, 1.00, 0.00, 1.00, 1.00, 1.00, 0.00, 0.00, 0.00, 1.00, 1.00, 0.00, 0.00, 1.00
3868,  0,  128.900,  0.98,  1, 0.01, 0.00, 1.20, 0.00, 1.62, 1.86, 0.00, 1.53, 1.96, 1.38, 0.00, 0.14, 0.00, 0.01, 1.51, 0.00, 0.02, 0.00, 0.00, 1.00, 1.00, 1.00, 1.00, 0.00, 1.00, 1.00, 1.00, 0.00, 0.00, 0.00, 1.00, 1.00, 0.00, 0.00, 1.00
3869,  0,  128.933,  0.98,  1, 0.01, 0.00, 1.22, 0.00, 1.71, 1.84, 0.00, 1.48, 1.99, 1.50, 0.00, 0.14, 0.00, 0.01, 1.49, 0.00, 0.00, 0.00, 0.00, 1.00, 1.00, 1.00, 1.00, 0.00, 1.00, 1.00, 1.00, 0.00, 0.00, 0.00, 1.00, 1.00, 0.00, 0.00, 1.00
3870,  0,  128.967,  0.98,  1, 0.02, 0.00, 1.27, 0.00, 1.78, 2.15, 0.00, 1.48, 2.08, 1.56, 0.00, 0.17, 0.00, 0.01, 1.52, 0.02, 0.00, 0.00, 0.00, 1.00, 1.00, 1.00, 1.00, 0.00, 1.00, 1.00, 1.00, 0.00, 0.00, 0.00, 1.00, 1.00, 0.00, 0.00, 1.00
3871,  0,  129.000,  0.98,  1, 0.02, 0.00, 1.29, 0.00, 1.89, 2.23, 0.00, 1.45, 2.11, 1.58, 0.00, 0.21, 0.00, 0.00, 1.57, 0.07, 0.00, 0.00, 0.00, 1.00, 1.00, 1.00, 1.00, 0.00, 1.00, 1.00, 1.00, 0.00, 0.00, 0.00, 1.00, 1.00, 0.00, 0.00, 1.00
3872,  0,  129.033,  0.98,  1, 0.02, 0.00, 1.41, 0.00, 1.95, 2.55, 0.00, 1.41, 2.11, 1.51, 0.00, 0.22, 0.00, 0.00, 1.68, 0.07, 0.00, 0.00, 0.00, 1.00, 1.00, 1.00, 1.00, 0.00, 1.00, 1.00, 1.00, 0.00, 0.00, 0.00, 1.00, 1.00, 0.00, 0.00, 1.00
3873,  0,  129.067,  0.98,  1, 0.00, 0.00, 1.41, 0.00, 2.00, 2.50, 0.00, 1.46, 2.10, 1.46, 0.00, 0.21, 0.00, 0.02, 1.73, 0.09, 0.00, 0.00, 0.00, 1.00, 1.00, 1.00, 1.00, 0.00, 1.00, 1.00, 1.00, 0.00, 0.00, 0.00, 1.00, 1.00, 0.00, 0.00, 1.00
3874,  0,  129.100,  0.98,  1, 0.00, 0.00, 1.46, 0.00, 1.98, 2.68, 0.00, 1.43, 2.12, 1.49, 0.00, 0.19, 0.09, 0.04, 1.69, 0.04, 0.00, 0.00, 0.00, 1.00, 1.00, 1.00, 1.00, 0.00, 1.00, 1.00, 1.00, 0.00, 0.00, 0.00, 1.00, 1.00, 0.00, 0.00, 1.00
3875,  0,  129.133,  0.98,  1, 0.00, 0.00, 1.48, 0.00, 1.97, 2.64, 0.02, 1.44, 2.15, 1.56, 0.00, 0.20, 0.16, 0.04, 1.78, 0.09, 0.00, 0.00, 0.00, 1.00, 1.00, 1.00, 1.00, 0.00, 1.00, 1.00, 1.00, 0.00, 0.00, 0.00, 1.00, 1.00, 0.00, 0.00, 1.00
3876,  0,  129.167,  0.98,  1, 0.00, 0.00, 1.47, 0.00, 1.95, 2.62, 0.04, 1.34, 2.14, 1.70, 0.00, 0.13, 0.38, 0.02, 1.78, 0.05, 0.00, 0.00, 0.00, 1.00, 1.00, 1.00, 1.00, 0.00, 1.00, 1.00, 1.00, 0.00, 0.00, 0.00, 1.00, 1.00, 0.00, 0.00, 1.00
3877,  0,  129.200,  0.98,  1, 0.00, 0.00, 1.49, 0.00, 1.96, 2.55, 0.08, 1.25, 2.08, 1.78, 0.00, 0.07, 0.51, 0.00, 1.80, 0.05, 0.00, 0.00, 0.00, 1.00, 1.00, 1.00, 1.00, 0.00, 1.00, 1.00, 1.00, 0.00, 0.00, 0.00, 0.00, 1.00, 0.00, 0.00, 1.00
3878,  0,  129.233,  0.98,  1, 0.00, 0.00, 1.39, 0.00, 1.98, 2.62, 0.13, 1.17, 2.02, 1.90, 0.00, 0.04, 0.66, 0.00, 1.67, 0.04, 0.00, 0.00, 0.00, 1.00, 1.00, 1.00, 1.00, 0.00, 1.00, 1.00, 1.00, 0.00, 0.00, 0.00, 0.00, 1.00, 0.00, 0.00, 1.00
3879,  0,  129.267,  0.98,  1, 0.00, 0.00, 1.34, 0.00, 2.01, 2.84, 0.18, 1.09, 2.03, 1.96, 0.00, 0.04, 0.60, 0.00, 1.56, 0.04, 0.00, 0.00, 0.00, 1.00, 1.00, 1.00, 1.00, 0.00, 1.00, 1.00, 1.00, 0.00, 0.00, 0.00, 0.00, 1.00, 0.00, 0.00, 1.00
3880,  0,  129.300,  0.98,  1, 0.00, 0.00, 1.21, 0.00, 2.03, 2.89, 0.14, 1.14, 2.06, 1.98, 0.00, 0.03, 0.59, 0.00, 1.52, 0.04, 0.00, 0.00, 0.00, 1.00, 1.00, 1.00, 1.00, 0.00, 1.00, 1.00, 1.00, 0.00, 0.00, 0.00, 0.00, 1.00, 0.00, 0.00, 1.00
3881,  0,  129.333,  0.98,  1, 0.00, 0.00, 1.20, 0.00, 2.01, 2.90, 0.07, 1.10, 2.08, 1.89, 0.00, 0.01, 0.55, 0.00, 1.51, 0.06, 0.00, 0.00, 0.00, 1.00, 1.00, 1.00, 1.00, 0.00, 1.00, 1.00, 1.00, 0.00, 0.00, 0.00, 0.00, 1.00, 0.00, 0.00, 1.00
3882,  0,  129.367,  0.98,  1, 0.00, 0.00, 1.18, 0.00, 2.00, 2.93, 0.01, 1.14, 2.09, 1.86, 0.00, 0.01, 0.51, 0.00, 1.65, 0.14, 0.00, 0.00, 0.00, 1.00, 1.00, 1.00, 1.00, 0.00, 1.00, 1.00, 1.00, 0.00, 0.00, 0.00, 0.00, 1.00, 0.00, 0.00, 1.00
3883,  0,  129.400,  0.98,  1, 0.00, 0.00, 1.24, 0.00, 2.01, 2.98, 0.01, 1.11, 2.06, 1.89, 0.00, 0.03, 0.47, 0.02, 1.65, 0.20, 0.00, 0.00, 0.00, 1.00, 1.00, 1.00, 1.00, 0.00, 1.00, 1.00, 1.00, 0.00, 0.00, 0.00, 0.00, 1.00, 0.00, 0.00, 1.00
3884,  0,  129.433,  0.98,  1, 0.00, 0.00, 1.28, 0.00, 2.03, 2.99, 0.01, 1.19, 2.03, 1.96, 0.00, 0.07, 0.53, 0.04, 1.69, 0.23, 0.00, 0.00, 0.00, 1.00, 1.00, 1.00, 1.00, 0.00, 1.00, 1.00, 1.00, 0.00, 0.00, 0.00, 0.00, 1.00, 0.00, 0.00, 1.00
3885,  0,  129.467,  0.98,  1, 0.00, 0.00, 1.41, 0.00, 2.06, 2.96, 0.00, 1.29, 2.01, 1.94, 0.00, 0.08, 0.59, 0.04, 1.70, 0.28, 0.00, 0.00, 0.00, 1.00, 1.00, 1.00, 1.00, 0.00, 1.00, 1.00, 1.00, 0.00, 0.00, 0.00, 0.00, 1.00, 0.00, 0.00, 1.00
3886,  0,  129.500,  0.98,  1, 0.00, 0.00, 1.49, 0.00, 2.10, 3.11, 0.00, 1.37, 2.06, 1.84, 0.00, 0.05, 0.66, 0.02, 1.79, 0.42, 0.00, 0.00, 0.00, 1.00, 1.00, 1.00, 1.00, 0.00, 1.00, 1.00, 1.00, 0.00, 0.00, 0.00, 1.00, 1.00, 1.00, 0.00, 1.00
3887,  0,  129.533,  0.98,  1, 0.00, 0.00, 1.49, 0.00, 2.11, 3.21, 0.00, 1.36, 2.11, 1.81, 0.00, 0.01, 0.69, 0.00, 1.89, 0.47, 0.00, 0.00, 0.00, 1.00, 1.00, 1.00, 1.00, 0.00, 1.00, 1.00, 1.00, 0.00, 0.00, 0.00, 1.00, 1.00, 1.00, 0.00, 1.00
3888,  0,  129.567,  0.98,  1, 0.00, 0.00, 1.49, 0.00, 2.14, 3.29, 0.00, 1.36, 2.22, 1.80, 0.00, 0.09, 0.62, 0.01, 1.85, 0.44, 0.00, 0.00, 0.00, 1.00, 1.00, 1.00, 1.00, 0.00, 1.00, 1.00, 1.00, 0.00, 0.00, 0.00, 1.00, 1.00, 1.00, 0.00, 1.00
3889,  0,  129.600,  0.98,  1, 0.00, 0.00, 1.40, 0.00, 2.16, 3.33, 0.00, 1.33, 2.28, 1.82, 0.00, 0.13, 0.51, 0.01, 1.78, 0.26, 0.00, 0.00, 0.00, 1.00, 1.00, 1.00, 1.00, 0.00, 1.00, 1.00, 1.00, 0.00, 0.00, 0.00, 0.00, 1.00, 1.00, 0.00, 1.00
3890,  0,  129.633,  0.98,  1, 0.00, 0.00, 1.34, 0.00, 2.16, 3.35, 0.03, 1.32, 2.32, 1.79, 0.00, 0.24, 0.37, 0.05, 1.68, 0.25, 0.00, 0.00, 0.00, 1.00, 1.00, 1.00, 1.00, 0.00, 1.00, 1.00, 1.00, 0.00, 0.00, 0.00, 0.00, 1.00, 1.00, 0.00, 1.00
3891,  0,  129.667,  0.98,  1, 0.00, 0.00, 1.27, 0.00, 2.09, 3.25, 0.03, 1.24, 2.34, 1.73, 0.00, 0.18, 0.36, 0.06, 1.67, 0.29, 0.00, 0.00, 0.00, 1.00, 1.00, 1.00, 1.00, 0.00, 1.00, 1.00, 1.00, 0.00, 0.00, 0.00, 1.00, 1.00, 1.00, 0.00, 1.00
3892,  0,  129.700,  0.98,  1, 0.00, 0.00, 1.28, 0.00, 1.94, 2.96, 0.03, 1.26, 2.35, 1.65, 0.00, 0.27, 0.31, 0.10, 1.77, 0.44, 0.00, 0.00, 0.00, 1.00, 1.00, 1.00, 1.00, 0.00, 1.00, 1.00, 1.00, 0.00, 0.00, 0.00, 1.00, 1.00, 1.00, 0.00, 1.00
3893,  0,  129.733,  0.98,  1, 0.00, 0.00, 1.43, 0.00, 1.86, 2.75, 0.00, 1.24, 2.39, 1.58, 0.00, 0.31, 0.29, 0.13, 1.93, 0.43, 0.00, 0.00, 0.00, 1.00, 1.00, 1.00, 1.00, 0.00, 1.00, 1.00, 1.00, 0.00, 0.00, 0.00, 1.00, 1.00, 1.00, 0.00, 1.00
3894,  0,  129.767,  0.98,  1, 0.00, 0.02, 1.55, 0.00, 1.88, 2.84, 0.00, 1.26, 2.34, 1.52, 0.00, 0.49, 0.34, 0.17, 2.02, 0.38, 0.00, 0.00, 0.00, 1.00, 1.00, 1.00, 1.00, 0.00, 1.00, 1.00, 1.00, 0.00, 0.00, 0.00, 1.00, 1.00, 1.00, 0.00, 1.00
3895,  0,  129.800,  0.98,  1, 0.00, 0.02, 1.61, 0.00, 1.94, 2.87, 0.00, 1.24, 2.32, 1.53, 0.00, 0.51, 0.39, 0.24, 2.10, 0.38, 0.00, 0.00, 0.00, 1.00, 1.00, 1.00, 1.00, 0.00, 1.00, 1.00, 1.00, 0.00, 0.00, 0.00, 1.00, 1.00, 1.00, 0.00, 1.00
3896,  0,  129.833,  0.98,  1, 0.00, 0.02, 1.55, 0.00, 1.98, 2.94, 0.00, 1.21, 2.25, 1.49, 0.00, 0.60, 0.33, 0.28, 2.14, 0.44, 0.00, 0.00, 0.00, 1.00, 1.00, 1.00, 1.00, 0.00, 1.00, 1.00, 1.00, 0.00, 0.00, 0.00, 1.00, 1.00, 1.00, 0.00, 1.00
3897,  0,  129.867,  0.98,  1, 0.00, 0.00, 1.50, 0.00, 2.01, 2.93, 0.00, 1.22, 2.18, 1.54, 0.00, 0.56, 0.33, 0.39, 2.21, 0.52, 0.00, 0.00, 0.00, 1.00, 1.00, 1.00, 1.00, 0.00, 1.00, 1.00, 1.00, 0.00, 0.00, 0.00, 1.00, 1.00, 1.00, 0.00, 1.00
3898,  0,  129.900,  0.98,  1, 0.00, 0.00, 1.58, 0.00, 2.00, 2.96, 0.00, 1.18, 2.05, 1.42, 0.00, 0.57, 0.31, 0.44, 2.29, 0.49, 0.00, 0.00, 0.00, 1.00, 1.00, 1.00, 1.00, 0.00, 1.00, 1.00, 1.00, 0.00, 0.00, 0.00, 1.00, 1.00, 1.00, 0.00, 1.00
3899,  0,  129.933,  0.98,  1, 0.00, 0.00, 1.60, 0.00, 2.01, 2.94, 0.00, 1.22, 2.00, 1.39, 0.00, 0.50, 0.31, 0.50, 2.35, 0.48, 0.00, 0.00, 0.00, 1.00, 1.00, 1.00, 1.00, 0.00, 1.00, 1.00, 1.00, 0.00, 0.00, 0.00, 1.00, 1.00, 1.00, 0.00, 1.00
3900,  0,  129.967,  0.98,  1, 0.00, 0.00, 1.60, 0.00, 1.96, 2.70, 0.00, 1.02, 1.90, 1.28, 0.00, 0.47, 0.26, 0.46, 2.32, 0.53, 0.00, 0.00, 0.00, 1.00, 1.00, 1.00, 1.00, 0.00, 1.00, 1.00, 1.00, 0.00, 0.00, 0.00, 1.00, 1.00, 1.00, 0.00, 1.00
3901,  0,  130.000,  0.98,  1, 0.00, 0.00, 1.42, 0.00, 1.99, 2.46, 0.00, 0.91, 1.88, 1.38, 0.00, 0.43, 0.20, 0.40, 2.32, 0.62, 0.00, 0.00, 0.00, 1.00, 1.00, 1.00, 1.00, 0.00, 1.00, 1.00, 1.00, 0.00, 0.00, 0.00, 1.00, 1.00, 1.00, 0.00, 1.00
3902,  0,  130.033,  0.98,  1, 0.00, 0.00, 1.38, 0.00, 1.97, 2.30, 0.00, 0.85, 1.85, 1.48, 0.00, 0.45, 0.31, 0.33, 2.28, 0.68, 0.00, 0.00, 0.00, 1.00, 1.00, 1.00, 1.00, 0.00, 1.00, 1.00, 1.00, 0.00, 0.00, 0.00, 0.00, 1.00, 1.00, 0.00, 1.00
3903,  0,  130.067,  0.98,  1, 0.00, 0.00, 1.30, 0.00, 1.98, 2.14, 0.00, 1.04, 1.86, 1.60, 0.00, 0.46, 0.30, 0.29, 2.35, 0.62, 0.00, 0.00, 0.00, 1.00, 1.00, 1.00, 1.00, 0.00, 1.00, 1.00, 1.00, 0.00, 1.00, 0.00, 0.00, 1.00, 1.00, 0.00, 1.00
3904,  0,  130.100,  0.98,  1, 0.05, 0.00, 1.36, 0.00, 1.96, 2.10, 0.00, 1.17, 1.88, 1.62, 0.00, 0.59, 0.39, 0.28, 2.20, 0.65, 0.00, 0.00, 0.00, 1.00, 1.00, 1.00, 1.00, 0.00, 1.00, 1.00, 1.00, 0.00, 1.00, 0.00, 0.00, 1.00, 1.00, 0.00, 1.00
3905,  0,  130.133,  0.98,  1, 0.08, 0.00, 1.31, 0.00, 1.97, 2.01, 0.00, 1.24, 1.87, 1.61, 0.00, 0.66, 0.37, 0.30, 2.13, 0.55, 0.00, 0.00, 0.00, 1.00, 1.00, 1.00, 1.00, 0.00, 1.00, 1.00, 1.00, 0.00, 1.00, 0.00, 0.00, 1.00, 1.00, 0.00, 1.00
3906,  0,  130.167,  0.98,  1, 0.08, 0.00, 1.39, 0.00, 2.00, 2.11, 0.00, 1.25, 1.84, 1.66, 0.00, 0.73, 0.43, 0.31, 2.07, 0.56, 0.00, 0.00, 0.00, 1.00, 1.00, 1.00, 1.00, 0.00, 1.00, 1.00, 1.00, 0.00, 1.00, 0.00, 1.00, 1.00, 1.00, 0.00, 1.00
3907,  0,  130.200,  0.98,  1, 0.09, 0.00, 1.45, 0.00, 2.00, 2.27, 0.01, 1.29, 1.79, 1.79, 0.00, 0.69, 0.48, 0.29, 2.15, 0.41, 0.00, 0.00, 0.00, 1.00, 1.00, 1.00, 1.00, 0.00, 1.00, 1.00, 1.00, 0.00, 1.00, 0.00, 1.00, 1.00, 1.00, 0.00, 1.00
3908,  0,  130.233,  0.98,  1, 0.06, 0.00, 1.59, 0.00, 1.98, 2.53, 0.01, 1.31, 1.79, 1.80, 0.00, 0.50, 0.46, 0.21, 2.18, 0.35, 0.00, 0.00, 0.00, 1.00, 1.00, 1.00, 1.00, 0.00, 1.00, 1.00, 1.00, 0.00, 0.00, 0.00, 1.00, 1.00, 1.00, 0.00, 1.00
3909,  0,  130.267,  0.98,  1, 0.06, 0.00, 1.62, 0.02, 1.96, 2.74, 0.01, 1.31, 1.81, 1.83, 0.00, 0.36, 0.50, 0.18, 2.20, 0.19, 0.00, 0.00, 0.00, 1.00, 1.00, 1.00, 1.00, 0.00, 1.00, 1.00, 1.00, 0.00, 0.00, 0.00, 1.00, 1.00, 1.00, 0.00, 1.00
3910,  0,  130.300,  0.98,  1, 0.00, 0.00, 1.53, 0.05, 1.99, 2.81, 0.01, 1.36, 1.85, 1.68, 0.00, 0.24, 0.51, 0.12, 2.15, 0.09, 0.00, 0.00, 0.00, 1.00, 1.00, 1.00, 1.00, 0.00, 1.00, 1.00, 1.00, 0.00, 0.00, 0.00, 1.00, 1.00, 1.00, 0.00, 1.00
3911,  0,  130.333,  0.98,  1, 0.00, 0.00, 1.41, 0.05, 2.00, 2.86, 0.01, 1.38, 1.86, 1.65, 0.00, 0.18, 0.60, 0.09, 2.07, 0.03, 0.00, 0.00, 0.00, 1.00, 1.00, 1.00, 1.00, 0.00, 1.00, 1.00, 1.00, 0.00, 0.00, 0.00, 1.00, 1.00, 1.00, 0.00, 1.00
3912,  0,  130.367,  0.98,  1, 0.00, 0.00, 1.28, 0.03, 1.97, 2.76, 0.01, 1.33, 1.81, 1.57, 0.00, 0.20, 0.60, 0.04, 2.05, 0.02, 0.01, 0.00, 0.00, 1.00, 1.00, 1.00, 1.00, 0.00, 1.00, 1.00, 1.00, 0.00, 0.00, 0.00, 1.00, 1.00, 1.00, 0.00, 1.00
3913,  0,  130.400,  0.98,  1, 0.00, 0.00, 1.25, 0.00, 1.90, 2.59, 0.00, 1.28, 1.74, 1.68, 0.00, 0.16, 0.62, 0.03, 2.13, 0.02, 0.23, 0.00, 0.00, 1.00, 1.00, 1.00, 1.00, 0.00, 1.00, 1.00, 1.00, 0.00, 0.00, 0.00, 1.00, 1.00, 1.00, 0.00, 1.00
3914,  0,  130.433,  0.98,  1, 0.00, 0.00, 1.28, 0.00, 1.84, 2.27, 0.00, 1.19, 1.68, 1.78, 0.00, 0.27, 0.65, 0.01, 2.24, 0.00, 0.56, 0.00, 0.00, 1.00, 1.00, 1.00, 1.00, 0.00, 1.00, 1.00, 1.00, 0.00, 0.00, 0.00, 1.00, 1.00, 1.00, 0.00, 1.00
3915,  0,  130.467,  0.98,  1, 0.00, 0.00, 1.32, 0.03, 1.78, 2.00, 0.00, 1.24, 1.70, 1.81, 0.00, 0.28, 0.63, 0.01, 2.18, 0.00, 0.99, 0.00, 0.00, 1.00, 1.00, 1.00, 1.00, 0.00, 1.00, 1.00, 1.00, 0.00, 0.00, 0.00, 1.00, 1.00, 1.00, 0.00, 1.00
3916,  0,  130.500,  0.98,  1, 0.00, 0.00, 1.47, 0.04, 1.75, 1.82, 0.00, 1.24, 1.70, 1.79, 0.00, 0.26, 0.63, 0.00, 2.15, 0.00, 1.23, 0.00, 0.00, 1.00, 1.00, 1.00, 1.00, 0.00, 1.00, 1.00, 1.00, 0.00, 0.00, 0.00, 1.00, 1.00, 1.00, 0.00, 1.00
3917,  0,  130.533,  0.98,  1, 0.00, 0.00, 1.50, 0.08, 1.70, 1.73, 0.00, 1.33, 1.72, 1.70, 0.00, 0.25, 0.62, 0.00, 2.13, 0.00, 1.34, 0.00, 0.00, 1.00, 1.00, 1.00, 1.00, 0.00, 1.00, 1.00, 1.00, 0.00, 0.00, 0.00, 1.00, 1.00, 1.00, 0.00, 1.00
3918,  0,  130.567,  0.98,  1, 0.00, 0.00, 1.48, 0.09, 1.66, 1.59, 0.00, 1.36, 1.74, 1.80, 0.00, 0.26, 0.71, 0.00, 2.18, 0.00, 1.35, 0.00, 0.00, 1.00, 1.00, 1.00, 1.00, 0.00, 1.00, 1.00, 1.00, 0.00, 0.00, 0.00, 1.00, 1.00, 1.00, 0.00, 1.00
3919,  0,  130.600,  0.98,  1, 0.01, 0.00, 1.36, 0.09, 1.66, 1.50, 0.00, 1.52, 1.80, 2.03, 0.00, 0.39, 0.74, 0.00, 2.17, 0.00, 1.33, 0.00, 0.00, 1.00, 1.00, 1.00, 1.00, 0.00, 1.00, 1.00, 1.00, 0.00, 0.00, 0.00, 1.00, 1.00, 1.00, 0.00, 1.00
3920,  0,  130.633,  0.98,  1, 0.01, 0.00, 1.37, 0.08, 1.71, 1.47, 0.00, 1.57, 1.83, 2.27, 0.00, 0.50, 0.80, 0.00, 2.20, 0.05, 1.41, 0.00, 0.00, 1.00, 1.00, 1.00, 1.00, 0.00, 1.00, 1.00, 1.00, 0.00, 0.00, 0.00, 1.00, 1.00, 1.00, 0.00, 1.00
3921,  0,  130.667,  0.98,  1, 0.01, 0.00, 1.40, 0.05, 1.82, 1.66, 0.00, 1.64, 1.83, 2.47, 0.00, 0.64, 0.77, 0.03, 2.20, 0.05, 1.32, 0.00, 0.00, 1.00, 1.00, 1.00, 1.00, 0.00, 1.00, 1.00, 1.00, 0.00, 1.00, 0.00, 1.00, 1.00, 1.00, 0.00, 1.00
3922,  0,  130.700,  0.98,  1, 0.00, 0.00, 1.60, 0.04, 1.99, 2.04, 0.00, 1.48, 1.80, 2.42, 0.00, 0.79, 0.73, 0.09, 2.21, 0.20, 1.11, 0.00, 0.00, 1.00, 1.00, 1.00, 1.00, 0.00, 1.00, 1.00, 1.00, 0.00, 1.00, 0.00, 1.00, 1.00, 1.00, 0.00, 1.00
3923,  0,  130.733,  0.98,  1, 0.00, 0.00, 1.67, 0.01, 2.12, 2.44, 0.00, 1.40, 1.81, 2.32, 0.00, 0.80, 0.69, 0.18, 2.10, 0.31, 0.74, 0.00, 0.00, 1.00, 1.00, 1.00, 1.00, 0.00, 1.00, 1.00, 1.00, 0.00, 1.00, 0.00, 1.00, 1.00, 1.00, 0.00, 1.00
3924,  0,  130.767,  0.98,  1, 0.00, 0.00, 1.73, 0.00, 2.18, 2.66, 0.02, 1.29, 1.77, 2.02, 0.00, 0.79, 0.72, 0.29, 2.05, 0.48, 0.49, 0.00, 0.00, 1.00, 1.00, 1.00, 1.00, 0.00, 1.00, 1.00, 1.00, 0.00, 1.00, 0.00, 1.00, 1.00, 1.00, 0.00, 1.00
3925,  0,  130.800,  0.98,  1, 0.00, 0.00, 1.66, 0.00, 2.17, 2.76, 0.02, 1.28, 1.72, 1.89, 0.00, 0.71, 0.78, 0.36, 2.03, 0.54, 0.28, 0.00, 0.00, 1.00, 1.00, 1.00, 1.00, 0.00, 1.00, 1.00, 1.00, 0.00, 1.00, 0.00, 1.00, 1.00, 1.00, 0.00, 1.00
3926,  0,  130.833,  0.98,  1, 0.00, 0.00, 1.61, 0.00, 2.20, 2.72, 0.02, 1.25, 1.68, 1.80, 0.00, 0.74, 0.81, 0.42, 2.10, 0.59, 0.14, 0.00, 0.00, 1.00, 1.00, 1.00, 1.00, 0.00, 1.00, 1.00, 1.00, 0.00, 1.00, 0.00, 1.00, 1.00, 1.00, 0.00, 1.00
3927,  0,  130.867,  0.98,  1, 0.00, 0.00, 1.51, 0.00, 2.19, 2.68, 0.00, 1.17, 1.67, 1.85, 0.00, 0.76, 0.80, 0.43, 2.06, 0.55, 0.13, 0.00, 0.00, 1.00, 1.00, 1.00, 1.00, 0.00, 1.00, 1.00, 1.00, 0.00, 1.00, 0.00, 1.00, 1.00, 1.00, 0.00, 1.00
3928,  0,  130.900,  0.98,  1, 0.00, 0.00, 1.41, 0.00, 2.18, 2.60, 0.00, 1.12, 1.70, 1.81, 0.00, 0.76, 0.78, 0.44, 2.06, 0.51, 0.17, 0.00, 0.00, 1.00, 1.00, 1.00, 1.00, 0.00, 1.00, 1.00, 1.00, 0.00, 1.00, 0.00, 1.00, 1.00, 1.00, 0.00, 1.00
3929,  0,  130.933,  0.98,  1, 0.00, 0.00, 1.37, 0.00, 2.14, 2.60, 0.00, 1.10, 1.73, 1.83, 0.00, 0.73, 0.81, 0.44, 2.05, 0.48, 0.16, 0.00, 0.00, 1.00, 1.00, 1.00, 1.00, 0.00, 1.00, 1.00, 1.00, 0.00, 0.00, 0.00, 1.00, 1.00, 1.00, 0.00, 1.00
3930,  0,  130.967,  0.98,  1, 0.00, 0.00, 1.50, 0.00, 2.17, 2.76, 0.00, 1.13, 1.75, 1.86, 0.00, 0.64, 0.91, 0.41, 2.07, 0.47, 0.08, 0.00, 0.00, 1.00, 1.00, 1.00, 1.00, 0.00, 1.00, 1.00, 1.00, 0.00, 0.00, 0.00, 1.00, 1.00, 1.00, 0.00, 1.00
3931,  0,  131.000,  0.98,  1, 0.00, 0.00, 1.56, 0.00, 2.15, 2.82, 0.00, 1.18, 1.74, 1.90, 0.00, 0.51, 0.94, 0.41, 2.02, 0.51, 0.00, 0.00, 0.00, 1.00, 1.00, 1.00, 1.00, 0.00, 1.00, 1.00, 1.00, 0.00, 0.00, 0.00, 1.00, 1.00, 1.00, 0.00, 1.00
3932,  0,  131.033,  0.98,  1, 0.00, 0.00, 1.56, 0.03, 2.11, 2.95, 0.00, 1.27, 1.73, 1.97, 0.00, 0.40, 0.94, 0.42, 2.02, 0.55, 0.00, 0.00, 0.00, 1.00, 1.00, 1.00, 1.00, 0.00, 1.00, 1.00, 1.00, 0.00, 0.00, 0.00, 1.00, 1.00, 1.00, 0.00, 1.00
3933,  0,  131.067,  0.98,  1, 0.00, 0.00, 1.49, 0.05, 2.08, 2.98, 0.00, 1.38, 1.73, 1.98, 0.00, 0.31, 0.89, 0.43, 2.04, 0.61, 0.00, 0.00, 0.00, 1.00, 1.00, 1.00, 1.00, 0.00, 1.00, 1.00, 1.00, 0.00, 0.00, 0.00, 1.00, 1.00, 1.00, 0.00, 1.00
3934,  0,  131.100,  0.98,  1, 0.00, 0.00, 1.50, 0.08, 2.05, 2.99, 0.00, 1.35, 1.77, 1.95, 0.00, 0.36, 0.90, 0.45, 2.07, 0.62, 0.00, 0.00, 0.00, 1.00, 1.00, 1.00, 1.00, 0.00, 1.00, 1.00, 1.00, 0.00, 0.00, 0.00, 1.00, 1.00, 1.00, 0.00, 1.00
3935,  0,  131.133,  0.98,  1, 0.00, 0.00, 1.43, 0.04, 2.04, 2.91, 0.00, 1.29, 1.78, 1.92, 0.00, 0.42, 0.87, 0.41, 2.07, 0.42, 0.00, 0.00, 0.00, 1.00, 1.00, 1.00, 1.00, 0.00, 1.00, 1.00, 1.00, 0.00, 0.00, 0.00, 1.00, 1.00, 1.00, 0.00, 1.00
3936,  0,  131.167,  0.98,  1, 0.00, 0.05, 1.42, 0.03, 1.98, 2.81, 0.00, 1.10, 1.77, 1.80, 0.00, 0.57, 0.85, 0.39, 2.00, 0.44, 0.00, 0.00, 0.00, 1.00, 1.00, 1.00, 1.00, 0.00, 1.00, 1.00, 1.00, 0.00, 0.00, 0.00, 1.00, 1.00, 1.00, 0.00, 1.00
3937,  0,  131.200,  0.98,  1, 0.00, 0.05, 1.38, 0.00, 1.99, 2.73, 0.00, 1.04, 1.74, 1.82, 0.00, 0.61, 0.88, 0.35, 1.89, 0.44, 0.00, 0.00, 0.00, 1.00, 1.00, 1.00, 1.00, 0.00, 1.00, 1.00, 1.00, 0.00, 0.00, 0.00, 1.00, 1.00, 1.00, 0.00, 1.00
3938,  0,  131.233,  0.98,  1, 0.00, 0.05, 1.49, 0.00, 1.97, 2.74, 0.00, 0.99, 1.70, 1.86, 0.00, 0.64, 0.86, 0.36, 1.83, 0.69, 0.00, 0.00, 0.00, 1.00, 1.00, 1.00, 1.00, 0.00, 1.00, 1.00, 1.00, 0.00, 0.00, 0.00, 1.00, 1.00, 1.00, 0.00, 1.00
3939,  0,  131.267,  0.98,  1, 0.00, 0.00, 1.54, 0.00, 1.97, 2.76, 0.00, 1.07, 1.74, 2.08, 0.00, 0.60, 0.82, 0.35, 1.87, 0.73, 0.00, 0.00, 0.00, 1.00, 1.00, 1.00, 1.00, 0.00, 1.00, 1.00, 1.00, 0.00, 0.00, 0.00, 1.00, 1.00, 1.00, 0.00, 1.00
3940,  0,  131.300,  0.98,  1, 0.00, 0.00, 1.61, 0.00, 1.88, 2.85, 0.00, 1.15, 1.75, 2.13, 0.00, 0.59, 0.67, 0.37, 1.94, 0.68, 0.00, 0.00, 0.00, 1.00, 1.00, 1.00, 1.00, 0.00, 1.00, 1.00, 1.00, 0.00, 0.00, 0.00, 1.00, 1.00, 1.00, 0.00, 1.00
3941,  0,  131.333,  0.98,  1, 0.00, 0.00, 1.63, 0.00, 1.84, 2.72, 0.00, 1.21, 1.75, 2.13, 0.00, 0.68, 0.63, 0.40, 2.01, 0.62, 0.00, 1.00, 0.00, 1.00, 1.00, 1.00, 1.00, 0.00, 1.00, 1.00, 1.00, 0.00, 0.00, 0.00, 1.00, 1.00, 1.00, 0.00, 1.00
3942,  0,  131.367,  0.98,  1, 0.00, 0.00, 1.59, 0.00, 1.81, 2.67, 0.00, 1.24, 1.73, 2.02, 0.00, 0.68, 0.63, 0.38, 2.01, 0.62, 0.00, 1.00, 0.00, 1.00, 1.00, 1.00, 1.00, 0.00, 1.00, 1.00, 1.00, 0.00, 1.00, 0.00, 1.00, 1.00, 1.00, 0.00, 1.00
3943,  0,  131.400,  0.98,  1, 0.00, 0.00, 1.54, 0.00, 1.80, 2.63, 0.00, 1.19, 1.64, 1.89, 0.00, 0.73, 0.57, 0.33, 2.00, 0.58, 0.00, 1.00, 0.00, 1.00, 1.00, 1.00, 1.00, 0.00, 1.00, 1.00, 1.00, 0.00, 1.00, 0.00, 1.00, 1.00, 1.00, 0.00, 1.00
3944,  0,  131.433,  0.98,  1, 0.00, 0.00, 1.45, 0.00, 1.74, 2.72, 0.00, 1.11, 1.58, 1.67, 0.00, 0.67, 0.43, 0.25, 1.95, 0.49, 0.00, 1.00, 0.00, 1.00, 1.00, 1.00, 1.00, 0.00, 1.00, 1.00, 1.00, 0.00, 1.00, 0.00, 1.00, 1.00, 1.00, 0.00, 1.00
3945,  0,  131.467,  0.98,  1, 0.00, 0.00, 1.42, 0.00, 1.64, 2.66, 0.00, 1.06, 1.48, 1.50, 0.00, 0.64, 0.31, 0.20, 1.94, 0.46, 0.00, 1.00, 0.00, 1.00, 1.00, 1.00, 1.00, 0.00, 1.00, 1.00, 1.00, 0.00, 1.00, 0.00, 1.00, 1.00, 1.00, 0.00, 1.00
3946,  0,  131.500,  0.98,  1, 0.00, 0.00, 1.41, 0.00, 1.53, 2.67, 0.00, 1.05, 1.39, 1.26, 0.00, 0.58, 0.23, 0.15, 1.79, 0.56, 0.00, 0.00, 0.00, 1.00, 1.00, 1.00, 1.00, 0.00, 1.00, 1.00, 1.00, 0.00, 1.00, 0.00, 1.00, 1.00, 1.00, 0.00, 1.00
3947,  0,  131.533,  0.98,  1, 0.00, 0.00, 1.43, 0.08, 1.41, 2.68, 0.00, 1.07, 1.21, 1.07, 0.00, 0.63, 0.26, 0.11, 1.59, 0.71, 0.00, 0.00, 0.00, 1.00, 1.00, 1.00, 1.00, 0.00, 1.00, 1.00, 1.00, 0.00, 1.00, 0.00, 1.00, 1.00, 1.00, 0.00, 1.00
3948,  0,  131.567,  0.98,  1, 0.00, 0.00, 1.50, 0.08, 1.27, 2.67, 0.00, 0.90, 1.00, 0.95, 0.00, 0.70, 0.33, 0.06, 1.37, 0.73, 0.00, 0.00, 0.00, 1.00, 1.00, 1.00, 1.00, 0.00, 1.00, 0.00, 1.00, 0.00, 1.00, 0.00, 1.00, 1.00, 1.00, 0.00, 1.00
3949,  0,  131.600,  0.98,  1, 0.00, 0.00, 1.46, 0.16, 1.17, 2.67, 0.00, 0.76, 0.79, 0.94, 0.00, 0.76, 0.29, 0.03, 1.25, 0.72, 0.00, 0.00, 0.00, 0.00, 1.00, 1.00, 1.00, 0.00, 1.00, 0.00, 1.00, 0.00, 1.00, 0.00, 1.00, 1.00, 1.00, 0.00, 1.00
3950,  0,  131.633,  0.98,  1, 0.00, 0.00, 1.46, 0.16, 1.08, 2.64, 0.00, 0.57, 0.63, 0.86, 0.00, 0.75, 0.23, 0.00, 1.14, 0.58, 0.00, 0.00, 0.00, 0.00, 1.00, 1.00, 1.00, 0.00, 1.00, 0.00, 1.00, 0.00, 1.00, 0.00, 1.00, 1.00, 1.00, 0.00, 1.00
3951,  0,  131.667,  0.98,  1, 0.00, 0.00, 1.35, 0.23, 1.01, 2.67, 0.00, 0.54, 0.46, 0.76, 0.00, 0.87, 0.13, 0.02, 0.97, 0.49, 0.00, 0.00, 0.00, 0.00, 1.00, 1.00, 1.00, 0.00, 1.00, 0.00, 1.00, 0.00, 1.00, 0.00, 1.00, 0.00, 1.00, 0.00, 1.00
3952,  0,  131.700,  0.98,  1, 0.00, 0.00, 1.29, 0.29, 0.97, 2.56, 0.00, 0.51, 0.34, 0.61, 0.01, 0.94, 0.21, 0.07, 0.66, 0.32, 0.00, 0.00, 0.00, 0.00, 1.00, 1.00, 1.00, 0.00, 1.00, 0.00, 1.00, 0.00, 1.00, 0.00, 1.00, 0.00, 1.00, 0.00, 1.00
3953,  0,  131.733,  0.98,  1, 0.00, 0.00, 1.22, 0.43, 0.94, 2.47, 0.00, 0.48, 0.25, 0.56, 0.02, 1.05, 0.30, 0.14, 0.48, 0.18, 0.00, 0.00, 0.00, 0.00, 1.00, 1.00, 1.00, 0.00, 1.00, 0.00, 1.00, 1.00, 1.00, 0.00, 1.00, 0.00, 1.00, 0.00, 0.00
3954,  0,  131.767,  0.98,  1, 0.00, 0.00, 1.21, 0.58, 0.92, 2.44, 0.00, 0.41, 0.26, 0.54, 0.02, 1.10, 0.26, 0.18, 0.37, 0.04, 0.00, 0.00, 0.00, 0.00, 1.00, 1.00, 1.00, 0.00, 1.00, 0.00, 1.00, 1.00, 1.00, 0.00, 1.00, 0.00, 0.00, 0.00, 0.00
3955,  0,  131.800,  0.98,  1, 0.00, 0.00, 1.21, 0.60, 0.87, 2.38, 0.00, 0.39, 0.23, 0.67, 0.01, 1.14, 0.20, 0.17, 0.36, 0.00, 0.00, 0.00, 0.00, 0.00, 1.00, 1.00, 1.00, 0.00, 1.00, 0.00, 1.00, 1.00, 1.00, 0.00, 1.00, 0.00, 0.00, 0.00, 0.00
3956,  0,  131.833,  0.98,  1, 0.03, 0.00, 1.24, 0.50, 0.86, 2.45, 0.00, 0.43, 0.20, 0.79, 0.00, 1.22, 0.12, 0.13, 0.34, 0.00, 0.04, 0.00, 0.00, 0.00, 1.00, 1.00, 1.00, 0.00, 1.00, 0.00, 1.00, 1.00, 1.00, 0.00, 1.00, 0.00, 0.00, 0.00, 0.00
3957,  0,  131.867,  0.98,  1, 0.03, 0.00, 1.26, 0.46, 0.85, 2.58, 0.00, 0.49, 0.12, 0.85, 0.00, 1.23, 0.11, 0.16, 0.26, 0.00, 0.04, 0.00, 0.00, 0.00, 1.00, 1.00, 1.00, 0.00, 1.00, 0.00, 1.00, 1.00, 1.00, 0.00, 1.00, 0.00, 0.00, 0.00, 0.00
3958,  0,  131.900,  0.98,  1, 0.03, 0.00, 1.26, 0.43, 0.86, 2.63, 0.00, 0.44, 0.08, 0.88, 0.00, 1.31, 0.18, 0.21, 0.31, 0.00, 0.04, 0.00, 0.00, 1.00, 1.00, 1.00, 1.00, 0.00, 1.00, 0.00, 1.00, 1.00, 1.00, 0.00, 1.00, 0.00, 0.00, 0.00, 1.00
3959,  0,  131.933,  0.98,  1, 0.00, 0.00, 1.22, 0.44, 0.85, 2.54, 0.00, 0.40, 0.05, 0.83, 0.00, 1.31, 0.17, 0.26, 0.29, 0.00, 0.00, 0.00, 0.00, 1.00, 1.00, 1.00, 1.00, 0.00, 1.00, 0.00, 1.00, 1.00, 1.00, 0.00, 1.00, 0.00, 0.00, 0.00, 1.00
3960,  0,  131.967,  0.98,  1, 0.00, 0.00, 1.30, 0.37, 0.85, 2.42, 0.00, 0.39, 0.04, 0.79, 0.00, 1.29, 0.13, 0.28, 0.34, 0.08, 0.00, 0.00, 0.00, 1.00, 1.00, 1.00, 1.00, 0.00, 1.00, 0.00, 1.00, 1.00, 1.00, 0.00, 1.00, 0.00, 0.00, 0.00, 1.00
3961,  0,  132.000,  0.98,  1, 0.00, 0.00, 1.38, 0.28, 0.80, 2.35, 0.00, 0.47, 0.04, 0.67, 0.00, 1.30, 0.06, 0.30, 0.28, 0.15, 0.00, 0.00, 0.00, 1.00, 1.00, 1.00, 1.00, 0.00, 1.00, 0.00, 1.00, 1.00, 1.00, 0.00, 1.00, 0.00, 0.00, 0.00, 1.00
3962,  0,  132.033,  0.98,  1, 0.01, 0.00, 1.44, 0.27, 0.76, 2.41, 0.00, 0.43, 0.05, 0.58, 0.00, 1.34, 0.07, 0.33, 0.21, 0.20, 0.00, 0.00, 0.00, 1.00, 1.00, 1.00, 1.00, 0.00, 1.00, 0.00, 1.00, 1.00, 1.00, 0.00, 1.00, 0.00, 0.00, 0.00, 1.00
3963,  0,  132.067,  0.98,  1, 0.03, 0.00, 1.43, 0.33, 0.73, 2.47, 0.00, 0.37, 0.06, 0.57, 0.06, 1.38, 0.13, 0.30, 0.15, 0.16, 0.00, 0.00, 0.00, 1.00, 1.00, 1.00, 1.00, 0.00, 1.00, 0.00, 1.00, 1.00, 1.00, 0.00, 1.00, 0.00, 0.00, 0.00, 1.00
3964,  0,  132.100,  0.98,  1, 0.05, 0.00, 1.54, 0.46, 0.76, 2.65, 0.00, 0.30, 0.06, 0.61, 0.06, 1.37, 0.16, 0.28, 0.16, 0.09, 0.00, 0.00, 0.00, 1.00, 1.00, 1.00, 1.00, 0.00, 1.00, 0.00, 1.00, 1.00, 1.00, 0.00, 1.00, 0.00, 0.00, 0.00, 0.00
3965,  0,  132.133,  0.98,  1, 0.04, 0.00, 1.67, 0.46, 0.79, 2.77, 0.00, 0.39, 0.10, 0.72, 0.06, 1.27, 0.16, 0.29, 0.15, 0.05, 0.00, 0.00, 0.00, 1.00, 1.00, 1.00, 1.00, 0.00, 1.00, 0.00, 1.00, 1.00, 1.00, 0.00, 1.00, 0.00, 0.00, 0.00, 0.00
3966,  0,  132.167,  0.98,  1, 0.02, 0.00, 1.74, 0.43, 0.81, 2.84, 0.00, 0.43, 0.13, 0.83, 0.09, 1.21, 0.17, 0.32, 0.16, 0.02, 0.00, 0.00, 0.00, 1.00, 1.00, 1.00, 1.00, 0.00, 1.00, 0.00, 1.00, 1.00, 1.00, 0.00, 1.00, 0.00, 0.00, 0.00, 0.00
3967,  0,  132.200,  0.98,  1, 0.03, 0.00, 1.72, 0.41, 0.81, 2.91, 0.00, 0.36, 0.16, 0.94, 0.14, 1.22, 0.18, 0.33, 0.18, 0.01, 0.00, 0.00, 0.00, 1.00, 1.00, 1.00, 1.00, 0.00, 1.00, 0.00, 1.00, 1.00, 1.00, 0.00, 1.00, 0.00, 0.00, 0.00, 0.00
3968,  0,  132.233,  0.98,  1, 0.07, 0.00, 1.65, 0.35, 0.81, 2.88, 0.00, 0.27, 0.16, 0.93, 0.14, 1.25, 0.20, 0.30, 0.22, 0.00, 0.00, 0.00, 0.00, 1.00, 1.00, 1.00, 1.00, 0.00, 1.00, 0.00, 1.00, 1.00, 1.00, 0.00, 1.00, 0.00, 0.00, 0.00, 0.00
3969,  0,  132.267,  0.98,  1, 0.08, 0.00, 1.60, 0.33, 0.82, 2.84, 0.00, 0.27, 0.18, 0.91, 0.06, 1.23, 0.23, 0.27, 0.23, 0.00, 0.00, 0.00, 0.00, 1.00, 1.00, 1.00, 1.00, 0.00, 1.00, 0.00, 1.00, 1.00, 1.00, 0.00, 1.00, 0.00, 0.00, 0.00, 0.00
3970,  0,  132.300,  0.98,  1, 0.05, 0.00, 1.51, 0.29, 0.84, 2.73, 0.00, 0.33, 0.26, 0.95, 0.01, 1.19, 0.28, 0.21, 0.15, 0.00, 0.00, 0.00, 0.00, 1.00, 1.00, 1.00, 1.00, 0.00, 1.00, 0.00, 1.00, 1.00, 1.00, 0.00, 1.00, 0.00, 0.00, 0.00, 0.00
3971,  0,  132.333,  0.98,  1, 0.01, 0.00, 1.42, 0.35, 0.88, 2.63, 0.00, 0.41, 0.34, 1.09, 0.08, 1.20, 0.34, 0.19, 0.11, 0.00, 0.00, 0.00, 0.00, 1.00, 1.00, 1.00, 1.00, 0.00, 1.00, 0.00, 1.00, 1.00, 1.00, 0.00, 1.00, 0.00, 0.00, 0.00, 0.00
3972,  0,  132.367,  0.98,  1, 0.00, 0.00, 1.38, 0.31, 0.83, 2.41, 0.00, 0.29, 0.37, 1.09, 0.08, 1.09, 0.26, 0.16, 0.10, 0.09, 0.00, 0.00, 0.00, 1.00, 1.00, 1.00, 1.00, 0.00, 1.00, 0.00, 1.00, 1.00, 1.00, 0.00, 1.00, 0.00, 0.00, 0.00, 0.00
3973,  0,  132.400,  0.98,  1, 0.00, 0.00, 1.34, 0.28, 0.83, 2.27, 0.00, 0.28, 0.39, 1.10, 0.08, 0.97, 0.14, 0.19, 0.10, 0.09, 0.00, 0.00, 0.00, 1.00, 1.00, 1.00, 1.00, 0.00, 1.00, 0.00, 1.00, 1.00, 1.00, 0.00, 1.00, 0.00, 0.00, 0.00, 0.00
3974,  0,  132.433,  0.98,  1, 0.00, 0.00, 1.41, 0.22, 0.79, 2.29, 0.00, 0.24, 0.38, 0.99, 0.00, 0.76, 0.02, 0.21, 0.06, 0.09, 0.00, 0.00, 0.00, 1.00, 1.00, 1.00, 1.00, 0.00, 1.00, 0.00, 1.00, 1.00, 1.00, 0.00, 1.00, 0.00, 0.00, 0.00, 0.00
3975,  0,  132.467,  0.98,  1, 0.00, 0.00, 1.43, 0.24, 0.82, 2.47, 0.00, 0.35, 0.40, 1.03, 0.00, 0.74, 0.00, 0.27, 0.00, 0.00, 0.00, 0.00, 0.00, 1.00, 1.00, 1.00, 1.00, 0.00, 1.00, 0.00, 1.00, 1.00, 1.00, 0.00, 1.00, 0.00, 0.00, 0.00, 0.00
3976,  0,  132.500,  0.98,  1, 0.00, 0.00, 1.48, 0.25, 0.81, 2.59, 0.00, 0.41, 0.36, 1.04, 0.00, 0.70, 0.00, 0.28, 0.00, 0.00, 0.00, 0.00, 0.00, 1.00, 1.00, 1.00, 1.00, 0.00, 1.00, 0.00, 1.00, 1.00, 1.00, 0.00, 1.00, 0.00, 0.00, 0.00, 1.00
3977,  0,  132.533,  0.98,  1, 0.00, 0.00, 1.43, 0.26, 0.84, 2.59, 0.00, 0.43, 0.31, 1.11, 0.00, 0.79, 0.00, 0.29, 0.00, 0.00, 0.00, 0.00, 0.00, 1.00, 1.00, 1.00, 1.00, 0.00, 1.00, 0.00, 1.00, 1.00, 1.00, 0.00, 1.00, 0.00, 0.00, 0.00, 1.00
3978,  0,  132.567,  0.98,  1, 0.03, 0.00, 1.46, 0.30, 0.85, 2.51, 0.00, 0.46, 0.26, 1.15, 0.00, 0.84, 0.00, 0.31, 0.00, 0.00, 0.00, 0.00, 0.00, 1.00, 1.00, 1.00, 1.00, 0.00, 1.00, 0.00, 1.00, 1.00, 1.00, 0.00, 1.00, 0.00, 0.00, 0.00, 1.00
3979,  0,  132.600,  0.98,  1, 0.09, 0.00, 1.44, 0.36, 0.82, 2.49, 0.00, 0.47, 0.26, 1.19, 0.00, 0.90, 0.00, 0.34, 0.00, 0.00, 0.00, 0.00, 0.00, 1.00, 1.00, 1.00, 1.00, 0.00, 1.00, 0.00, 1.00, 1.00, 1.00, 0.00, 1.00, 0.00, 0.00, 0.00, 0.00
3980,  0,  132.633,  0.98,  1, 0.14, 0.00, 1.54, 0.43, 0.78, 2.58, 0.00, 0.50, 0.26, 1.21, 0.00, 0.89, 0.07, 0.35, 0.00, 0.00, 0.00, 0.00, 0.00, 1.00, 1.00, 1.00, 1.00, 0.00, 1.00, 0.00, 1.00, 1.00, 1.00, 0.00, 1.00, 0.00, 0.00, 0.00, 0.00
3981,  0,  132.667,  0.98,  1, 0.11, 0.00, 1.59, 0.45, 0.80, 2.64, 0.00, 0.51, 0.28, 1.22, 0.00, 0.92, 0.07, 0.33, 0.00, 0.00, 0.00, 0.00, 0.00, 1.00, 1.00, 1.00, 1.00, 0.00, 1.00, 0.00, 1.00, 1.00, 1.00, 0.00, 1.00, 0.00, 0.00, 0.00, 0.00
3982,  0,  132.700,  0.98,  1, 0.05, 0.02, 1.55, 0.40, 0.81, 2.54, 0.00, 0.42, 0.28, 1.14, 0.00, 0.99, 0.08, 0.36, 0.00, 0.00, 0.00, 0.00, 0.00, 1.00, 1.00, 1.00, 1.00, 0.00, 1.00, 0.00, 1.00, 1.00, 1.00, 0.00, 1.00, 0.00, 0.00, 0.00, 0.00
3983,  0,  132.733,  0.98,  1, 0.00, 0.13, 1.45, 0.32, 0.80, 2.40, 0.00, 0.33, 0.26, 1.06, 0.00, 1.09, 0.06, 0.39, 0.00, 0.00, 0.00, 0.00, 0.00, 1.00, 1.00, 1.00, 1.00, 0.00, 1.00, 0.00, 1.00, 1.00, 1.00, 0.00, 1.00, 0.00, 0.00, 0.00, 0.00
3984,  0,  132.767,  0.98,  1, 0.00, 0.12, 1.40, 0.34, 0.80, 2.22, 0.00, 0.27, 0.30, 1.02, 0.00, 1.16, 0.06, 0.40, 0.00, 0.00, 0.00, 0.00, 0.00, 1.00, 1.00, 1.00, 1.00, 0.00, 1.00, 0.00, 1.00, 1.00, 1.00, 0.00, 1.00, 0.00, 0.00, 0.00, 0.00
3985,  0,  132.800,  0.98,  1, 0.00, 0.11, 1.39, 0.31, 0.80, 2.20, 0.00, 0.29, 0.33, 1.11, 0.00, 1.25, 0.04, 0.37, 0.00, 0.00, 0.00, 0.00, 0.00, 1.00, 1.00, 1.00, 1.00, 0.00, 1.00, 0.00, 1.00, 1.00, 1.00, 0.00, 1.00, 0.00, 0.00, 0.00, 0.00
3986,  0,  132.833,  0.98,  1, 0.02, 0.00, 1.45, 0.37, 0.80, 2.12, 0.00, 0.33, 0.35, 1.22, 0.02, 1.22, 0.05, 0.33, 0.00, 0.00, 0.00, 0.00, 0.00, 1.00, 1.00, 1.00, 1.00, 0.00, 1.00, 0.00, 1.00, 1.00, 1.00, 0.00, 1.00, 0.00, 0.00, 0.00, 0.00
3987,  0,  132.867,  0.98,  1, 0.02, 0.00, 1.39, 0.39, 0.79, 2.18, 0.00, 0.36, 0.33, 1.30, 0.02, 1.20, 0.08, 0.35, 0.00, 0.00, 0.00, 0.00, 0.00, 1.00, 1.00, 1.00, 1.00, 0.00, 1.00, 0.00, 1.00, 1.00, 1.00, 0.00, 1.00, 0.00, 0.00, 0.00, 0.00
3988,  0,  132.900,  0.98,  1, 0.02, 0.00, 1.41, 0.41, 0.77, 2.09, 0.00, 0.32, 0.34, 1.31, 0.02, 1.15, 0.15, 0.35, 0.01, 0.00, 0.00, 0.00, 0.00, 1.00, 1.00, 1.00, 1.00, 0.00, 1.00, 0.00, 1.00, 1.00, 1.00, 0.00, 1.00, 0.00, 0.00, 0.00, 0.00
3989,  0,  132.933,  0.98,  1, 0.00, 0.00, 1.37, 0.34, 0.77, 1.92, 0.00, 0.30, 0.39, 1.36, 0.00, 1.17, 0.17, 0.37, 0.01, 0.02, 0.00, 0.00, 0.00, 1.00, 1.00, 1.00, 1.00, 0.00, 1.00, 0.00, 1.00, 1.00, 1.00, 0.00, 1.00, 0.00, 0.00, 0.00, 0.00
3990,  0,  132.967,  0.98,  1, 0.00, 0.00, 1.35, 0.22, 0.75, 1.89, 0.00, 0.26, 0.41, 1.36, 0.00, 1.19, 0.22, 0.37, 0.02, 0.05, 0.00, 0.00, 0.00, 1.00, 1.00, 1.00, 1.00, 0.00, 1.00, 0.00, 1.00, 1.00, 1.00, 0.00, 1.00, 0.00, 0.00, 0.00, 0.00
3991,  0,  133.000,  0.98,  1, 0.00, 0.00, 1.33, 0.24, 0.77, 1.99, 0.00, 0.31, 0.44, 1.36, 0.00, 1.16, 0.23, 0.37, 0.00, 0.05, 0.00, 0.00, 0.00, 1.00, 1.00, 1.00, 1.00, 0.00, 1.00, 0.00, 1.00, 1.00, 1.00, 0.00, 1.00, 0.00, 0.00, 0.00, 0.00
3992,  0,  133.033,  0.98,  1, 0.00, 0.00, 1.26, 0.28, 0.79, 2.22, 0.00, 0.29, 0.43, 1.35, 0.00, 1.08, 0.30, 0.38, 0.01, 0.04, 0.00, 0.00, 0.00, 1.00, 1.00, 1.00, 1.00, 0.00, 1.00, 0.00, 1.00, 1.00, 1.00, 0.00, 1.00, 0.00, 0.00, 0.00, 0.00
3993,  0,  133.067,  0.98,  1, 0.00, 0.00, 1.21, 0.34, 0.82, 2.28, 0.00, 0.26, 0.44, 1.37, 0.00, 0.99, 0.39, 0.38, 0.08, 0.00, 0.00, 0.00, 0.00, 1.00, 1.00, 1.00, 1.00, 0.00, 1.00, 0.00, 1.00, 1.00, 1.00, 0.00, 1.00, 0.00, 0.00, 0.00, 0.00
3994,  0,  133.100,  0.98,  1, 0.00, 0.00, 1.21, 0.39, 0.91, 2.34, 0.00, 0.35, 0.45, 1.54, 0.00, 1.02, 0.47, 0.45, 0.08, 0.00, 0.00, 0.00, 0.00, 1.00, 1.00, 1.00, 1.00, 0.00, 1.00, 0.00, 1.00, 1.00, 1.00, 0.00, 1.00, 0.00, 0.00, 0.00, 0.00
3995,  0,  133.133,  0.98,  1, 0.00, 0.00, 1.27, 0.37, 0.99, 2.39, 0.00, 0.49, 0.45, 1.62, 0.00, 1.13, 0.50, 0.46, 0.17, 0.04, 0.00, 0.00, 0.00, 1.00, 1.00, 1.00, 1.00, 0.00, 1.00, 0.00, 1.00, 1.00, 1.00, 0.00, 1.00, 0.00, 0.00, 0.00, 0.00
3996,  0,  133.167,  0.98,  1, 0.00, 0.00, 1.38, 0.39, 1.09, 2.43, 0.00, 0.66, 0.56, 1.58, 0.00, 1.10, 0.37, 0.44, 0.32, 0.16, 0.00, 0.00, 0.00, 1.00, 1.00, 1.00, 1.00, 0.00, 1.00, 0.00, 1.00, 1.00, 1.00, 0.00, 1.00, 0.00, 0.00, 0.00, 0.00
3997,  0,  133.200,  0.98,  1, 0.00, 0.00, 1.45, 0.39, 1.12, 2.54, 0.00, 0.65, 0.72, 1.51, 0.00, 0.94, 0.32, 0.28, 0.65, 0.35, 0.47, 0.00, 0.00, 1.00, 1.00, 1.00, 1.00, 0.00, 1.00, 0.00, 1.00, 0.00, 1.00, 0.00, 1.00, 0.00, 1.00, 0.00, 0.00
3998,  0,  133.233,  0.98,  1, 0.00, 0.00, 1.47, 0.45, 1.09, 2.15, 0.00, 0.65, 0.95, 1.55, 0.00, 0.67, 0.28, 0.13, 0.99, 0.46, 1.16, 0.00, 0.00, 1.00, 1.00, 1.00, 1.00, 0.00, 1.00, 0.00, 1.00, 0.00, 1.00, 0.00, 1.00, 0.00, 1.00, 0.00, 1.00
3999,  0,  133.267,  0.98,  1, 0.00, 0.00, 1.46, 0.50, 1.16, 1.93, 0.00, 0.69, 1.09, 1.72, 0.00, 0.55, 0.45, 0.02, 1.36, 0.53, 1.83, 0.00, 0.00, 1.00, 1.00, 1.00, 1.00, 0.00, 1.00, 1.00, 1.00, 0.00, 1.00, 0.00, 1.00, 1.00, 1.00, 0.00, 1.00
4000,  0,  133.300,  0.98,  1, 0.00, 0.00, 1.44, 0.43, 1.23, 1.85, 0.00, 0.78, 1.19, 1.77, 0.00, 0.38, 0.40, 0.00, 1.67, 0.53, 1.72, 0.00, 0.00, 1.00, 1.00, 1.00, 1.00, 0.00, 1.00, 1.00, 1.00, 0.00, 0.00, 0.00, 1.00, 1.00, 1.00, 0.00, 1.00
4001,  0,  133.333,  0.98,  1, 0.00, 0.00, 1.51, 0.28, 1.40, 2.41, 0.00, 0.85, 1.23, 1.66, 0.00, 0.27, 0.27, 0.00, 1.94, 0.62, 1.14, 0.00, 0.00, 1.00, 1.00, 1.00, 1.00, 0.00, 1.00, 1.00, 1.00, 0.00, 0.00, 0.00, 1.00, 1.00, 1.00, 0.00, 1.00
4002,  0,  133.367,  0.98,  1, 0.00, 0.00, 1.55, 0.09, 1.38, 2.59, 0.00, 0.85, 1.23, 1.61, 0.00, 0.28, 0.07, 0.00, 2.02, 0.67, 0.50, 0.00, 0.00, 1.00, 1.00, 1.00, 1.00, 0.00, 1.00, 1.00, 1.00, 0.00, 0.00, 0.00, 1.00, 1.00, 1.00, 0.00, 1.00
4003,  0,  133.400,  0.98,  1, 0.00, 0.00, 1.54, 0.01, 1.28, 2.56, 0.00, 0.80, 1.12, 1.46, 0.00, 0.46, 0.16, 0.00, 1.98, 0.77, 0.14, 0.00, 0.00, 1.00, 1.00, 1.00, 1.00, 0.00, 1.00, 1.00, 1.00, 0.00, 0.00, 0.00, 1.00, 1.00, 1.00, 0.00, 1.00
4004,  0,  133.433,  0.98,  1, 0.00, 0.00, 1.45, 0.01, 1.04, 2.27, 0.00, 0.67, 0.85, 1.50, 0.00, 0.76, 0.25, 0.05, 1.53, 0.83, 0.03, 0.00, 0.00, 1.00, 1.00, 1.00, 1.00, 0.00, 1.00, 1.00, 1.00, 0.00, 1.00, 0.00, 1.00, 1.00, 1.00, 0.00, 1.00
4005,  0,  133.467,  0.98,  1, 0.07, 0.00, 1.42, 0.02, 0.82, 2.13, 0.00, 0.61, 0.55, 1.41, 0.01, 1.04, 0.30, 0.07, 0.94, 0.79, 0.00, 0.00, 0.00, 1.00, 1.00, 1.00, 1.00, 0.00, 1.00, 0.00, 1.00, 1.00, 1.00, 0.00, 1.00, 0.00, 1.00, 0.00, 1.00
4006,  0,  133.500,  0.98,  1, 0.09, 0.00, 1.41, 0.02, 0.62, 1.87, 0.00, 0.52, 0.30, 1.23, 0.08, 1.22, 0.30, 0.07, 0.48, 0.61, 0.00, 0.00, 0.00, 1.00, 1.00, 1.00, 1.00, 0.00, 1.00, 0.00, 1.00, 1.00, 1.00, 0.00, 1.00, 0.00, 1.00, 0.00, 1.00
4007,  0,  133.533,  0.98,  1, 0.09, 0.00, 1.47, 0.02, 0.51, 1.80, 0.00, 0.38, 0.21, 0.91, 0.14, 1.33, 0.32, 0.02, 0.39, 0.49, 0.00, 0.00, 0.00, 1.00, 1.00, 1.00, 1.00, 0.00, 1.00, 0.00, 1.00, 1.00, 1.00, 0.00, 1.00, 0.00, 1.00, 0.00, 1.00
4008,  0,  133.567,  0.98,  1, 0.02, 0.00, 1.46, 0.00, 0.50, 1.92, 0.00, 0.27, 0.23, 0.57, 0.16, 1.33, 0.30, 0.01, 0.62, 0.64, 0.00, 0.00, 0.00, 1.00, 1.00, 1.00, 1.00, 0.00, 1.00, 0.00, 1.00, 1.00, 1.00, 0.00, 1.00, 0.00, 1.00, 0.00, 1.00
4009,  0,  133.600,  0.98,  1, 0.01, 0.00, 1.43, 0.00, 0.61, 2.23, 0.00, 0.17, 0.33, 0.37, 0.09, 1.28, 0.15, 0.01, 0.88, 0.84, 0.00, 0.00, 0.00, 1.00, 1.00, 1.00, 1.00, 0.00, 1.00, 0.00, 1.00, 1.00, 1.00, 0.00, 1.00, 1.00, 1.00, 0.00, 1.00
4010,  0,  133.633,  0.98,  1, 0.00, 0.00, 1.38, 0.00, 0.71, 2.39, 0.00, 0.20, 0.43, 0.26, 0.02, 1.22, 0.03, 0.01, 1.08, 0.98, 0.00, 0.00, 0.00, 1.00, 1.00, 1.00, 1.00, 0.00, 1.00, 0.00, 1.00, 1.00, 1.00, 0.00, 1.00, 1.00, 1.00, 0.00, 0.00
4011,  0,  133.667,  0.98,  1, 0.00, 0.00, 1.37, 0.00, 0.75, 2.40, 0.00, 0.15, 0.43, 0.28, 0.01, 1.21, 0.01, 0.00, 1.06, 0.92, 0.00, 0.00, 0.00, 1.00, 1.00, 1.00, 1.00, 0.00, 1.00, 0.00, 1.00, 1.00, 1.00, 0.00, 1.00, 1.00, 1.00, 0.00, 0.00
4012,  0,  133.700,  0.98,  1, 0.00, 0.00, 1.35, 0.00, 0.72, 2.32, 0.00, 0.20, 0.37, 0.37, 0.01, 1.22, 0.00, 0.00, 0.94, 0.85, 0.00, 0.00, 0.00, 1.00, 1.00, 1.00, 1.00, 0.00, 1.00, 0.00, 1.00, 1.00, 1.00, 0.00, 1.00, 1.00, 1.00, 0.00, 0.00
4013,  0,  133.733,  0.98,  1, 0.00, 0.00, 1.39, 0.00, 0.70, 2.35, 0.00, 0.22, 0.41, 0.51, 0.01, 1.09, 0.07, 0.00, 0.86, 0.64, 0.00, 0.00, 0.00, 1.00, 1.00, 1.00, 1.00, 0.00, 1.00, 0.00, 1.00, 1.00, 1.00, 0.00, 1.00, 1.00, 1.00, 0.00, 0.00
4014,  0,  133.767,  0.98,  1, 0.00, 0.00, 1.35, 0.00, 0.71, 2.35, 0.00, 0.28, 0.49, 0.62, 0.00, 0.98, 0.16, 0.00, 0.88, 0.50, 0.00, 0.00, 0.00, 1.00, 1.00, 1.00, 1.00, 0.00, 1.00, 0.00, 1.00, 1.00, 1.00, 0.00, 1.00, 1.00, 1.00, 0.00, 0.00
4015,  0,  133.800,  0.98,  1, 0.00, 0.00, 1.30, 0.00, 0.71, 2.45, 0.00, 0.27, 0.56, 0.64, 0.00, 0.89, 0.17, 0.00, 0.89, 0.44, 0.00, 0.00, 0.00, 1.00, 1.00, 1.00, 1.00, 0.00, 1.00, 0.00, 1.00, 1.00, 1.00, 0.00, 1.00, 1.00, 1.00, 0.00, 0.00
4016,  0,  133.833,  0.98,  1, 0.00, 0.00, 1.26, 0.00, 0.70, 2.45, 0.00, 0.24, 0.57, 0.66, 0.00, 0.90, 0.10, 0.00, 0.91, 0.47, 0.00, 0.00, 0.00, 1.00, 1.00, 1.00, 1.00, 0.00, 1.00, 0.00, 1.00, 1.00, 1.00, 0.00, 1.00, 1.00, 1.00, 0.00, 0.00
4017,  0,  133.867,  0.98,  1, 0.00, 0.00, 1.28, 0.00, 0.70, 2.45, 0.00, 0.23, 0.55, 0.66, 0.00, 0.86, 0.02, 0.00, 0.99, 0.45, 0.00, 0.00, 0.00, 1.00, 1.00, 1.00, 1.00, 0.00, 1.00, 0.00, 1.00, 1.00, 1.00, 0.00, 1.00, 1.00, 1.00, 0.00, 0.00
4018,  0,  133.900,  0.98,  1, 0.07, 0.00, 1.43, 0.00, 0.73, 2.31, 0.00, 0.27, 0.53, 0.72, 0.00, 0.84, 0.24, 0.00, 1.01, 0.43, 0.00, 0.00, 0.00, 1.00, 1.00, 1.00, 1.00, 0.00, 1.00, 0.00, 1.00, 1.00, 1.00, 0.00, 1.00, 1.00, 1.00, 0.00, 0.00
4019,  0,  133.933,  0.98,  1, 0.14, 0.00, 1.55, 0.00, 0.75, 2.28, 0.00, 0.32, 0.49, 0.75, 0.00, 0.87, 0.38, 0.00, 0.90, 0.32, 0.00, 0.00, 0.00, 1.00, 1.00, 1.00, 1.00, 0.00, 1.00, 0.00, 1.00, 1.00, 1.00, 0.00, 1.00, 1.00, 1.00, 0.00, 0.00
4020,  0,  133.967,  0.98,  1, 0.14, 0.00, 1.55, 0.03, 0.72, 2.06, 0.00, 0.37, 0.44, 0.77, 0.00, 0.96, 0.42, 0.00, 0.68, 0.32, 0.00, 0.00, 0.00, 1.00, 1.00, 1.00, 1.00, 0.00, 1.00, 0.00, 1.00, 1.00, 1.00, 0.00, 1.00, 1.00, 1.00, 0.00, 0.00
4021,  0,  134.000,  0.98,  1, 0.07, 0.00, 1.48, 0.08, 0.65, 2.02, 0.00, 0.33, 0.45, 0.80, 0.00, 1.01, 0.33, 0.00, 0.61, 0.38, 0.00, 0.00, 0.00, 1.00, 1.00, 1.00, 1.00, 0.00, 1.00, 0.00, 1.00, 1.00, 1.00, 0.00, 1.00, 1.00, 1.00, 0.00, 0.00
4022,  0,  134.033,  0.98,  1, 0.00, 0.00, 1.44, 0.13, 0.65, 2.02, 0.00, 0.37, 0.51, 0.68, 0.00, 0.90, 0.24, 0.00, 0.88, 0.62, 0.00, 0.00, 0.00, 1.00, 1.00, 1.00, 1.00, 0.00, 1.00, 1.00, 1.00, 1.00, 1.00, 0.00, 1.00, 1.00, 1.00, 0.00, 0.00
4023,  0,  134.067,  0.98,  1, 0.04, 0.00, 1.52, 0.20, 0.66, 2.11, 0.00, 0.43, 0.70, 0.61, 0.00, 0.67, 0.24, 0.00, 1.39, 0.82, 0.00, 0.00, 0.00, 1.00, 1.00, 1.00, 1.00, 0.00, 1.00, 1.00, 1.00, 0.00, 0.00, 0.00, 1.00, 1.00, 1.00, 0.00, 0.00
4024,  0,  134.100,  0.98,  1, 0.07, 0.00, 1.60, 0.24, 0.69, 2.12, 0.00, 0.50, 0.86, 0.64, 0.00, 0.45, 0.15, 0.00, 1.85, 0.92, 0.00, 0.00, 0.00, 1.00, 1.00, 1.00, 1.00, 0.00, 1.00, 1.00, 1.00, 0.00, 0.00, 0.00, 1.00, 1.00, 1.00, 0.00, 0.00
4025,  0,  134.133,  0.98,  1, 0.08, 0.00, 1.57, 0.28, 0.71, 2.08, 0.00, 0.53, 0.90, 0.83, 0.00, 0.42, 0.19, 0.00, 1.95, 0.89, 0.00, 0.00, 0.00, 1.00, 1.00, 1.00, 1.00, 0.00, 1.00, 1.00, 1.00, 0.00, 0.00, 0.00, 1.00, 1.00, 1.00, 0.00, 0.00
4026,  0,  134.167,  0.98,  1, 0.04, 0.00, 1.51, 0.33, 0.76, 2.10, 0.00, 0.47, 0.77, 1.01, 0.00, 0.54, 0.36, 0.00, 1.66, 0.77, 0.00, 0.00, 0.00, 1.00, 1.00, 1.00, 1.00, 0.00, 1.00, 1.00, 1.00, 0.00, 0.00, 0.00, 1.00, 1.00, 1.00, 0.00, 0.00
4027,  0,  134.200,  0.98,  1, 0.01, 0.00, 1.48, 0.34, 0.76, 2.20, 0.00, 0.45, 0.61, 1.09, 0.00, 0.72, 0.48, 0.00, 1.29, 0.60, 0.00, 0.00, 0.00, 1.00, 1.00, 1.00, 1.00, 0.00, 1.00, 1.00, 1.00, 0.00, 0.00, 0.00, 1.00, 1.00, 1.00, 0.00, 0.00
4028,  0,  134.233,  0.98,  1, 0.02, 0.00, 1.49, 0.33, 0.78, 2.19, 0.00, 0.40, 0.57, 1.15, 0.00, 0.85, 0.51, 0.00, 1.05, 0.51, 0.00, 0.00, 0.00, 1.00, 1.00, 1.00, 1.00, 0.00, 1.00, 1.00, 1.00, 0.00, 1.00, 0.00, 1.00, 1.00, 1.00, 0.00, 0.00
4029,  0,  134.267,  0.98,  1, 0.02, 0.00, 1.55, 0.36, 0.78, 2.21, 0.00, 0.45, 0.60, 1.25, 0.00, 0.77, 0.47, 0.00, 1.05, 0.45, 0.00, 0.00, 0.00, 1.00, 1.00, 1.00, 1.00, 0.00, 1.00, 1.00, 1.00, 0.00, 1.00, 0.00, 1.00, 1.00, 1.00, 0.00, 0.00
4030,  0,  134.300,  0.98,  1, 0.02, 0.00, 1.53, 0.29, 0.85, 2.17, 0.00, 0.44, 0.65, 1.31, 0.00, 0.78, 0.42, 0.00, 1.14, 0.37, 0.00, 0.00, 0.00, 1.00, 1.00, 1.00, 1.00, 0.00, 1.00, 1.00, 1.00, 0.00, 1.00, 0.00, 1.00, 1.00, 1.00, 0.00, 0.00
4031,  0,  134.333,  0.98,  1, 0.00, 0.00, 1.47, 0.32, 0.88, 2.08, 0.00, 0.53, 0.70, 1.41, 0.00, 0.82, 0.43, 0.00, 1.17, 0.34, 0.00, 0.00, 0.00, 1.00, 1.00, 1.00, 1.00, 0.00, 1.00, 1.00, 1.00, 0.00, 1.00, 0.00, 1.00, 1.00, 1.00, 0.00, 0.00
4032,  0,  134.367,  0.98,  1, 0.00, 0.00, 1.43, 0.15, 0.91, 1.98, 0.00, 0.55, 0.74, 1.18, 0.00, 0.88, 0.33, 0.00, 1.26, 0.37, 0.00, 0.00, 0.00, 1.00, 1.00, 1.00, 1.00, 0.00, 1.00, 1.00, 1.00, 0.00, 1.00, 0.00, 1.00, 1.00, 1.00, 0.00, 0.00
4033,  0,  134.400,  0.98,  1, 0.00, 0.00, 1.47, 0.11, 0.95, 2.01, 0.00, 0.58, 0.78, 0.99, 0.00, 0.76, 0.29, 0.00, 1.31, 0.46, 0.00, 0.00, 0.00, 1.00, 1.00, 1.00, 1.00, 0.00, 1.00, 1.00, 1.00, 0.00, 1.00, 0.00, 1.00, 1.00, 1.00, 0.00, 0.00
4034,  0,  134.433,  0.98,  1, 0.00, 0.00, 1.55, 0.00, 0.97, 2.14, 0.00, 0.57, 0.74, 0.80, 0.00, 0.65, 0.22, 0.00, 1.41, 0.47, 0.00, 0.00, 0.00, 1.00, 1.00, 1.00, 1.00, 0.00, 1.00, 1.00, 1.00, 0.00, 1.00, 0.00, 1.00, 1.00, 1.00, 0.00, 0.00
4035,  0,  134.467,  0.98,  1, 0.00, 0.00, 1.62, 0.00, 1.00, 2.26, 0.00, 0.57, 0.76, 0.88, 0.00, 0.63, 0.19, 0.00, 1.41, 0.43, 0.00, 0.00, 0.00, 1.00, 1.00, 1.00, 1.00, 0.00, 1.00, 1.00, 1.00, 0.00, 0.00, 0.00, 1.00, 1.00, 1.00, 0.00, 0.00
4036,  0,  134.500,  0.98,  1, 0.00, 0.00, 1.62, 0.00, 1.00, 2.23, 0.00, 0.58, 0.77, 0.90, 0.00, 0.67, 0.21, 0.00, 1.41, 0.42, 0.00, 0.00, 0.00, 1.00, 1.00, 1.00, 1.00, 0.00, 1.00, 1.00, 1.00, 0.00, 0.00, 0.00, 1.00, 1.00, 1.00, 0.00, 0.00
4037,  0,  134.533,  0.98,  1, 0.00, 0.00, 1.63, 0.00, 1.02, 2.28, 0.00, 0.58, 0.81, 0.92, 0.00, 0.67, 0.30, 0.00, 1.35, 0.47, 0.00, 0.00, 0.00, 1.00, 1.00, 1.00, 1.00, 0.00, 1.00, 1.00, 1.00, 0.00, 0.00, 0.00, 1.00, 1.00, 1.00, 0.00, 0.00
4038,  0,  134.567,  0.98,  1, 0.00, 0.00, 1.52, 0.00, 1.03, 2.22, 0.00, 0.51, 0.80, 0.93, 0.00, 0.68, 0.36, 0.00, 1.29, 0.52, 0.00, 0.00, 0.00, 1.00, 1.00, 1.00, 1.00, 0.00, 1.00, 1.00, 1.00, 0.00, 0.00, 0.00, 1.00, 1.00, 1.00, 0.00, 0.00
4039,  0,  134.600,  0.98,  1, 0.00, 0.00, 1.48, 0.00, 0.97, 2.15, 0.00, 0.41, 0.78, 0.98, 0.00, 0.62, 0.37, 0.00, 1.25, 0.52, 0.00, 0.00, 0.00, 1.00, 1.00, 1.00, 1.00, 0.00, 1.00, 1.00, 1.00, 0.00, 0.00, 0.00, 1.00, 1.00, 1.00, 0.00, 0.00
4040,  0,  134.633,  0.98,  1, 0.00, 0.00, 1.50, 0.00, 0.92, 2.15, 0.00, 0.35, 0.79, 1.06, 0.00, 0.61, 0.24, 0.00, 1.23, 0.49, 0.00, 0.00, 0.00, 1.00, 1.00, 1.00, 1.00, 0.00, 1.00, 1.00, 1.00, 0.00, 0.00, 0.00, 1.00, 1.00, 1.00, 0.00, 0.00
4041,  0,  134.667,  0.98,  1, 0.00, 0.00, 1.59, 0.00, 0.90, 2.28, 0.00, 0.42, 0.84, 1.05, 0.00, 0.55, 0.25, 0.00, 1.31, 0.48, 0.00, 0.00, 0.00, 1.00, 1.00, 1.00, 1.00, 0.00, 1.00, 1.00, 1.00, 0.00, 0.00, 0.00, 1.00, 1.00, 1.00, 0.00, 0.00
4042,  0,  134.700,  0.98,  1, 0.00, 0.00, 1.49, 0.00, 0.87, 2.37, 0.00, 0.52, 0.86, 1.08, 0.00, 0.56, 0.17, 0.00, 1.35, 0.64, 0.00, 0.00, 0.00, 1.00, 1.00, 1.00, 1.00, 0.00, 1.00, 1.00, 1.00, 0.00, 0.00, 0.00, 1.00, 1.00, 1.00, 0.00, 0.00
4043,  0,  134.733,  0.98,  1, 0.00, 0.00, 1.37, 0.00, 0.85, 2.31, 0.00, 0.58, 0.85, 1.04, 0.00, 0.54, 0.25, 0.00, 1.46, 0.77, 0.00, 0.00, 0.00, 1.00, 1.00, 1.00, 1.00, 0.00, 1.00, 1.00, 1.00, 0.00, 0.00, 0.00, 1.00, 1.00, 1.00, 0.00, 0.00
4044,  0,  134.767,  0.98,  1, 0.00, 0.00, 1.29, 0.00, 0.75, 2.07, 0.00, 0.48, 0.78, 1.06, 0.00, 0.62, 0.19, 0.00, 1.40, 0.77, 0.00, 0.00, 0.00, 1.00, 1.00, 1.00, 1.00, 0.00, 1.00, 1.00, 1.00, 0.00, 0.00, 0.00, 1.00, 1.00, 1.00, 0.00, 0.00
4045,  0,  134.800,  0.98,  1, 0.00, 0.00, 1.37, 0.00, 0.75, 1.94, 0.00, 0.44, 0.79, 1.06, 0.00, 0.64, 0.17, 0.00, 1.36, 0.58, 0.42, 0.00, 0.00, 1.00, 1.00, 1.00, 1.00, 0.00, 1.00, 1.00, 1.00, 0.00, 0.00, 0.00, 1.00, 1.00, 1.00, 0.00, 1.00
4046,  0,  134.833,  0.98,  1, 0.03, 0.00, 1.46, 0.00, 0.68, 1.58, 0.00, 0.38, 0.86, 1.11, 0.00, 0.62, 0.09, 0.00, 1.20, 0.29, 1.05, 0.00, 0.00, 1.00, 1.00, 1.00, 1.00, 0.00, 1.00, 1.00, 1.00, 0.00, 0.00, 0.00, 1.00, 1.00, 1.00, 0.00, 1.00
4047,  0,  134.867,  0.98,  1, 0.03, 0.00, 1.53, 0.00, 0.70, 1.54, 0.00, 0.37, 0.97, 1.17, 0.00, 0.52, 0.17, 0.00, 1.15, 0.17, 1.63, 0.00, 0.00, 1.00, 1.00, 1.00, 1.00, 0.00, 1.00, 1.00, 1.00, 0.00, 0.00, 0.00, 1.00, 1.00, 1.00, 0.00, 1.00
4048,  0,  134.900,  0.98,  1, 0.03, 0.00, 1.58, 0.00, 0.78, 1.63, 0.00, 0.36, 1.00, 1.25, 0.00, 0.43, 0.29, 0.00, 1.11, 0.16, 1.76, 0.00, 0.00, 1.00, 1.00, 1.00, 1.00, 0.00, 1.00, 1.00, 1.00, 0.00, 0.00, 0.00, 1.00, 1.00, 1.00, 0.00, 1.00
4049,  0,  134.933,  0.98,  1, 0.00, 0.00, 1.61, 0.00, 0.93, 2.00, 0.00, 0.35, 0.98, 1.29, 0.00, 0.32, 0.40, 0.00, 1.19, 0.24, 1.42, 0.00, 0.00, 1.00, 1.00, 1.00, 1.00, 0.00, 1.00, 1.00, 1.00, 0.00, 0.00, 0.00, 1.00, 1.00, 1.00, 0.00, 1.00
4050,  0,  134.967,  0.98,  1, 0.00, 0.00, 1.55, 0.00, 1.07, 2.23, 0.00, 0.40, 0.96, 1.37, 0.00, 0.30, 0.45, 0.00, 1.19, 0.29, 0.91, 0.00, 0.00, 1.00, 1.00, 1.00, 1.00, 0.00, 1.00, 1.00, 1.00, 0.00, 0.00, 0.00, 1.00, 1.00, 1.00, 0.00, 1.00
4051,  0,  135.000,  0.98,  1, 0.00, 0.00, 1.46, 0.00, 1.04, 2.19, 0.00, 0.48, 0.94, 1.35, 0.00, 0.31, 0.39, 0.00, 1.24, 0.34, 0.36, 0.00, 0.00, 1.00, 1.00, 1.00, 1.00, 0.00, 1.00, 1.00, 1.00, 0.00, 0.00, 0.00, 1.00, 1.00, 1.00, 0.00, 1.00
4052,  0,  135.033,  0.98,  1, 0.00, 0.00, 1.38, 0.00, 0.99, 2.05, 0.00, 0.48, 0.95, 1.30, 0.00, 0.45, 0.35, 0.00, 1.19, 0.36, 0.07, 0.00, 0.00, 1.00, 0.00, 1.00, 1.00, 0.00, 1.00, 1.00, 1.00, 0.00, 0.00, 0.00, 1.00, 1.00, 1.00, 0.00, 1.00
4053,  0,  135.067,  0.98,  1, 0.00, 0.00, 1.39, 0.00, 0.91, 1.95, 0.00, 0.46, 0.91, 1.23, 0.00, 0.49, 0.40, 0.00, 1.14, 0.36, 0.00, 0.00, 0.00, 1.00, 0.00, 1.00, 1.00, 0.00, 1.00, 1.00, 1.00, 0.00, 0.00, 0.00, 1.00, 1.00, 1.00, 0.00, 0.00
4054,  0,  135.100,  0.98,  1, 0.01, 0.00, 1.33, 0.00, 0.87, 1.95, 0.00, 0.33, 0.74, 1.24, 0.00, 0.59, 0.40, 0.00, 1.04, 0.29, 0.00, 0.00, 0.00, 1.00, 1.00, 1.00, 1.00, 0.00, 1.00, 1.00, 1.00, 0.00, 0.00, 0.00, 1.00, 1.00, 1.00, 0.00, 0.00
4055,  0,  135.133,  0.98,  1, 0.01, 0.00, 1.20, 0.00, 0.80, 1.92, 0.00, 0.26, 0.57, 1.30, 0.00, 0.64, 0.32, 0.00, 0.86, 0.26, 0.00, 0.00, 0.00, 1.00, 1.00, 1.00, 1.00, 0.00, 1.00, 0.00, 1.00, 0.00, 0.00, 0.00, 1.00, 1.00, 1.00, 0.00, 0.00
4056,  0,  135.167,  0.98,  1, 0.01, 0.00, 1.16, 0.00, 0.71, 1.69, 0.00, 0.15, 0.40, 1.22, 0.00, 0.82, 0.12, 0.00, 0.68, 0.24, 0.00, 0.00, 0.00, 1.00, 1.00, 1.00, 1.00, 0.00, 1.00, 0.00, 1.00, 0.00, 1.00, 0.00, 1.00, 0.00, 1.00, 0.00, 0.00
4057,  0,  135.200,  0.98,  1, 0.00, 0.00, 1.19, 0.00, 0.63, 1.46, 0.00, 0.08, 0.37, 1.16, 0.00, 0.93, 0.16, 0.02, 0.43, 0.32, 0.00, 0.00, 0.00, 1.00, 1.00, 1.00, 1.00, 0.00, 1.00, 0.00, 1.00, 0.00, 1.00, 0.00, 1.00, 0.00, 1.00, 0.00, 0.00
4058,  0,  135.233,  0.98,  1, 0.00, 0.00, 1.27, 0.00, 0.58, 1.41, 0.00, 0.02, 0.26, 0.93, 0.00, 0.96, 0.11, 0.05, 0.28, 0.42, 0.00, 0.00, 0.00, 1.00, 1.00, 0.00, 1.00, 0.00, 1.00, 0.00, 1.00, 1.00, 1.00, 0.00, 1.00, 0.00, 1.00, 0.00, 0.00
4059,  0,  135.267,  0.98,  1, 0.00, 0.00, 1.20, 0.00, 0.52, 1.43, 0.00, 0.01, 0.23, 0.98, 0.00, 0.95, 0.11, 0.12, 0.15, 0.48, 0.00, 0.00, 0.00, 1.00, 1.00, 0.00, 1.00, 0.00, 1.00, 0.00, 1.00, 1.00, 1.00, 0.00, 1.00, 0.00, 0.00, 0.00, 0.00
4060,  0,  135.300,  0.98,  1, 0.00, 0.00, 1.18, 0.00, 0.44, 1.54, 0.00, 0.01, 0.17, 0.99, 0.00, 0.96, 0.02, 0.21, 0.09, 0.44, 0.00, 0.00, 0.00, 1.00, 1.00, 0.00, 1.00, 0.00, 1.00, 0.00, 1.00, 1.00, 1.00, 0.00, 1.00, 0.00, 0.00, 0.00, 0.00
4061,  0,  135.333,  0.98,  1, 0.00, 0.00, 1.19, 0.00, 0.40, 1.58, 0.00, 0.02, 0.20, 1.07, 0.01, 0.96, 0.06, 0.25, 0.14, 0.40, 0.00, 0.00, 0.00, 1.00, 1.00, 0.00, 1.00, 0.00, 1.00, 0.00, 1.00, 1.00, 1.00, 0.00, 1.00, 0.00, 0.00, 0.00, 0.00
4062,  0,  135.367,  0.98,  1, 0.01, 0.00, 1.16, 0.00, 0.34, 1.59, 0.00, 0.01, 0.19, 1.08, 0.01, 1.02, 0.06, 0.25, 0.12, 0.37, 0.00, 0.00, 0.00, 1.00, 1.00, 0.00, 1.00, 0.00, 1.00, 0.00, 1.00, 1.00, 1.00, 0.00, 1.00, 0.00, 0.00, 0.00, 0.00
4063,  0,  135.400,  0.98,  1, 0.01, 0.00, 1.16, 0.01, 0.38, 1.64, 0.00, 0.08, 0.20, 1.08, 0.01, 1.00, 0.06, 0.22, 0.20, 0.33, 0.00, 0.00, 0.00, 1.00, 1.00, 0.00, 1.00, 0.00, 1.00, 0.00, 1.00, 1.00, 1.00, 0.00, 1.00, 0.00, 0.00, 0.00, 0.00
4064,  0,  135.433,  0.98,  1, 0.01, 0.00, 1.13, 0.01, 0.40, 1.71, 0.00, 0.11, 0.21, 1.20, 0.00, 1.11, 0.03, 0.21, 0.18, 0.35, 0.00, 0.00, 0.00, 1.00, 1.00, 0.00, 1.00, 0.00, 1.00, 0.00, 1.00, 1.00, 1.00, 0.00, 1.00, 0.00, 0.00, 0.00, 0.00
4065,  0,  135.467,  0.98,  1, 0.00, 0.00, 1.23, 0.01, 0.45, 1.91, 0.00, 0.11, 0.20, 1.23, 0.09, 1.11, 0.14, 0.20, 0.19, 0.28, 0.00, 0.00, 0.00, 1.00, 1.00, 0.00, 1.00, 0.00, 1.00, 0.00, 1.00, 1.00, 1.00, 0.00, 1.00, 0.00, 0.00, 0.00, 0.00
4066,  0,  135.500,  0.98,  1, 0.00, 0.00, 1.33, 0.00, 0.44, 1.89, 0.00, 0.04, 0.23, 1.35, 0.13, 1.23, 0.28, 0.16, 0.11, 0.20, 0.00, 0.00, 0.00, 1.00, 1.00, 0.00, 1.00, 0.00, 1.00, 0.00, 1.00, 1.00, 1.00, 0.00, 1.00, 0.00, 0.00, 0.00, 0.00
4067,  0,  135.533,  0.98,  1, 0.00, 0.00, 1.33, 0.00, 0.46, 1.76, 0.00, 0.00, 0.28, 1.43, 0.13, 1.19, 0.39, 0.11, 0.04, 0.05, 0.00, 0.00, 0.00, 1.00, 1.00, 0.00, 1.00, 0.00, 1.00, 0.00, 1.00, 1.00, 1.00, 0.00, 1.00, 0.00, 0.00, 0.00, 0.00
4068,  0,  135.567,  0.98,  1, 0.00, 0.00, 1.32, 0.00, 0.46, 1.70, 0.00, 0.03, 0.34, 1.47, 0.04, 1.31, 0.37, 0.10, 0.00, 0.05, 0.00, 0.00, 0.00, 1.00, 1.00, 0.00, 1.00, 0.00, 1.00, 0.00, 1.00, 1.00, 1.00, 0.00, 1.00, 0.00, 0.00, 0.00, 0.00
4069,  0,  135.600,  0.98,  1, 0.00, 0.00, 1.27, 0.06, 0.46, 1.69, 0.00, 0.05, 0.36, 1.46, 0.00, 1.32, 0.34, 0.11, 0.00, 0.09, 0.00, 0.00, 0.00, 1.00, 1.00, 0.00, 1.00, 0.00, 1.00, 0.00, 1.00, 1.00, 1.00, 0.00, 1.00, 0.00, 0.00, 0.00, 0.00
4070,  0,  135.633,  0.98,  1, 0.00, 0.00, 1.41, 0.06, 0.43, 1.64, 0.00, 0.05, 0.35, 1.35, 0.00, 1.37, 0.31, 0.15, 0.00, 0.09, 0.00, 0.00, 0.00, 1.00, 1.00, 0.00, 1.00, 0.00, 1.00, 0.00, 1.00, 1.00, 1.00, 0.00, 1.00, 0.00, 0.00, 0.00, 0.00
4071,  0,  135.667,  0.98,  1, 0.00, 0.00, 1.43, 0.07, 0.41, 1.43, 0.00, 0.02, 0.32, 1.29, 0.00, 1.29, 0.33, 0.17, 0.00, 0.05, 0.03, 0.00, 0.00, 1.00, 1.00, 0.00, 1.00, 0.00, 1.00, 0.00, 1.00, 1.00, 1.00, 0.00, 1.00, 0.00, 0.00, 0.00, 0.00
4072,  0,  135.700,  0.98,  1, 0.00, 0.00, 1.47, 0.05, 0.38, 1.45, 0.00, 0.00, 0.24, 1.35, 0.00, 1.26, 0.33, 0.17, 0.00, 0.08, 0.14, 0.00, 0.00, 1.00, 1.00, 0.00, 1.00, 0.00, 1.00, 0.00, 1.00, 1.00, 1.00, 0.00, 1.00, 0.00, 0.00, 0.00, 0.00
4073,  0,  135.733,  0.98,  1, 0.03, 0.00, 1.45, 0.19, 0.39, 1.43, 0.00, 0.00, 0.17, 1.47, 0.00, 1.28, 0.40, 0.17, 0.00, 0.13, 0.21, 0.00, 0.00, 1.00, 1.00, 0.00, 1.00, 0.00, 1.00, 0.00, 1.00, 1.00, 1.00, 0.00, 1.00, 0.00, 0.00, 0.00, 0.00
4074,  0,  135.767,  0.98,  1, 0.05, 0.00, 1.52, 0.25, 0.41, 1.48, 0.00, 0.00, 0.14, 1.56, 0.00, 1.33, 0.47, 0.13, 0.00, 0.28, 0.34, 0.00, 0.00, 1.00, 1.00, 0.00, 1.00, 0.00, 1.00, 0.00, 1.00, 1.00, 1.00, 0.00, 1.00, 0.00, 0.00, 0.00, 0.00
4075,  0,  135.800,  0.98,  1, 0.05, 0.00, 1.54, 0.23, 0.43, 1.33, 0.00, 0.00, 0.17, 1.52, 0.00, 1.35, 0.49, 0.11, 0.00, 0.37, 0.29, 0.00, 0.00, 1.00, 1.00, 0.00, 1.00, 0.00, 1.00, 0.00, 1.00, 1.00, 1.00, 0.00, 1.00, 0.00, 0.00, 0.00, 0.00
4076,  0,  135.833,  0.98,  1, 0.02, 0.00, 1.53, 0.11, 0.44, 1.38, 0.00, 0.02, 0.19, 1.45, 0.00, 1.32, 0.49, 0.08, 0.00, 0.46, 0.22, 0.00, 0.00, 1.00, 1.00, 0.00, 1.00, 0.00, 1.00, 0.00, 1.00, 1.00, 1.00, 0.00, 1.00, 0.00, 0.00, 0.00, 0.00
4077,  0,  135.867,  0.98,  1, 0.01, 0.00, 1.51, 0.13, 0.42, 1.42, 0.00, 0.05, 0.20, 1.34, 0.00, 1.21, 0.39, 0.09, 0.00, 0.50, 0.06, 0.00, 0.00, 1.00, 1.00, 0.00, 1.00, 0.00, 1.00, 0.00, 1.00, 1.00, 1.00, 0.00, 1.00, 0.00, 0.00, 0.00, 0.00
4078,  0,  135.900,  0.98,  1, 0.01, 0.00, 1.39, 0.11, 0.38, 1.42, 0.00, 0.16, 0.19, 1.15, 0.02, 1.23, 0.25, 0.12, 0.00, 0.53, 0.00, 0.00, 0.00, 1.00, 1.00, 0.00, 1.00, 0.00, 1.00, 0.00, 1.00, 1.00, 1.00, 0.00, 1.00, 0.00, 0.00, 0.00, 0.00
4079,  0,  135.933,  0.98,  1, 0.06, 0.00, 1.35, 0.09, 0.34, 1.41, 0.00, 0.25, 0.19, 0.98, 0.06, 1.30, 0.08, 0.15, 0.00, 0.57, 0.00, 0.00, 0.00, 1.00, 1.00, 0.00, 1.00, 0.00, 1.00, 0.00, 1.00, 1.00, 1.00, 0.00, 1.00, 0.00, 0.00, 0.00, 0.00
4080,  0,  135.967,  0.98,  1, 0.05, 0.00, 1.30, 0.00, 0.28, 1.34, 0.00, 0.28, 0.18, 0.80, 0.06, 1.37, 0.00, 0.15, 0.00, 0.56, 0.01, 0.00, 0.00, 1.00, 1.00, 0.00, 1.00, 0.00, 1.00, 0.00, 1.00, 1.00, 1.00, 0.00, 1.00, 0.00, 0.00, 0.00, 0.00
4081,  0,  136.000,  0.98,  1, 0.05, 0.00, 1.36, 0.00, 0.27, 1.42, 0.00, 0.28, 0.19, 0.71, 0.04, 1.28, 0.00, 0.10, 0.00, 0.50, 0.01, 0.00, 0.00, 1.00, 1.00, 0.00, 1.00, 0.00, 1.00, 0.00, 1.00, 1.00, 1.00, 0.00, 1.00, 0.00, 0.00, 0.00, 0.00
4082,  0,  136.033,  0.98,  1, 0.00, 0.00, 1.36, 0.00, 0.24, 1.48, 0.00, 0.33, 0.17, 0.54, 0.00, 1.17, 0.00, 0.08, 0.00, 0.59, 0.01, 0.00, 0.00, 1.00, 1.00, 0.00, 1.00, 0.00, 1.00, 0.00, 1.00, 1.00, 1.00, 0.00, 1.00, 0.00, 0.00, 0.00, 0.00
4083,  0,  136.067,  0.98,  1, 0.00, 0.00, 1.34, 0.07, 0.25, 1.52, 0.00, 0.33, 0.18, 0.56, 0.07, 1.06, 0.00, 0.09, 0.00, 0.66, 0.00, 0.00, 0.00, 1.00, 1.00, 0.00, 1.00, 0.00, 1.00, 0.00, 1.00, 1.00, 1.00, 0.00, 1.00, 0.00, 1.00, 0.00, 0.00
4084,  0,  136.100,  0.98,  1, 0.05, 0.00, 1.31, 0.22, 0.28, 1.54, 0.00, 0.35, 0.15, 0.50, 0.19, 1.02, 0.00, 0.14, 0.00, 0.80, 0.00, 0.00, 0.00, 1.00, 1.00, 0.00, 1.00, 0.00, 1.00, 0.00, 1.00, 1.00, 1.00, 0.00, 1.00, 0.00, 1.00, 0.00, 0.00
4085,  0,  136.133,  0.98,  1, 0.12, 0.00, 1.22, 0.25, 0.27, 1.48, 0.00, 0.29, 0.12, 0.54, 0.30, 1.05, 0.00, 0.14, 0.00, 0.83, 0.00, 0.00, 0.00, 1.00, 1.00, 0.00, 1.00, 0.00, 1.00, 0.00, 1.00, 1.00, 1.00, 0.00, 1.00, 0.00, 1.00, 0.00, 0.00
4086,  0,  136.167,  0.98,  1, 0.16, 0.00, 1.18, 0.28, 0.23, 1.45, 0.00, 0.26, 0.06, 0.46, 0.33, 1.11, 0.00, 0.12, 0.00, 0.89, 0.00, 0.00, 0.00, 1.00, 1.00, 0.00, 1.00, 0.00, 1.00, 0.00, 1.00, 1.00, 1.00, 0.00, 1.00, 0.00, 1.00, 0.00, 0.00
4087,  0,  136.200,  0.98,  1, 0.18, 0.00, 1.15, 0.14, 0.10, 1.33, 0.00, 0.14, 0.01, 0.37, 0.36, 1.11, 0.00, 0.07, 0.00, 0.95, 0.00, 0.00, 0.00, 1.00, 1.00, 0.00, 1.00, 0.00, 1.00, 0.00, 1.00, 1.00, 1.00, 0.00, 1.00, 0.00, 1.00, 0.00, 0.00
4088,  0,  136.233,  0.98,  1, 0.13, 0.00, 1.11, 0.11, 0.03, 1.39, 0.00, 0.06, 0.00, 0.33, 0.41, 1.07, 0.00, 0.02, 0.00, 0.98, 0.00, 0.00, 0.00, 1.00, 1.00, 0.00, 1.00, 0.00, 1.00, 0.00, 1.00, 1.00, 1.00, 0.00, 1.00, 0.00, 1.00, 0.00, 0.00
4089,  0,  136.267,  0.98,  1, 0.10, 0.00, 1.00, 0.12, 0.00, 1.43, 0.00, 0.03, 0.00, 0.41, 0.48, 1.08, 0.00, 0.07, 0.00, 0.98, 0.00, 0.00, 0.00, 1.00, 1.00, 0.00, 1.00, 0.00, 1.00, 0.00, 1.00, 1.00, 1.00, 0.00, 1.00, 0.00, 1.00, 0.00, 0.00
4090,  0,  136.300,  0.98,  1, 0.14, 0.00, 0.95, 0.10, 0.00, 1.30, 0.00, 0.03, 0.00, 0.56, 0.55, 1.18, 0.00, 0.12, 0.00, 0.80, 0.02, 0.00, 0.00, 1.00, 1.00, 0.00, 1.00, 0.00, 1.00, 0.00, 1.00, 1.00, 1.00, 0.00, 1.00, 0.00, 1.00, 0.00, 0.00
4091,  0,  136.333,  0.98,  1, 0.24, 0.00, 0.96, 0.10, 0.00, 1.09, 0.00, 0.01, 0.00, 0.69, 0.58, 1.31, 0.00, 0.13, 0.00, 0.55, 0.05, 0.00, 0.00, 1.00, 1.00, 0.00, 1.00, 0.00, 1.00, 0.00, 1.00, 1.00, 1.00, 0.00, 1.00, 0.00, 1.00, 0.00, 0.00
4092,  0,  136.367,  0.98,  1, 0.40, 0.03, 1.01, 0.00, 0.00, 0.74, 0.00, 0.00, 0.00, 0.72, 0.54, 1.40, 0.00, 0.14, 0.00, 0.42, 0.05, 0.00, 0.00, 1.00, 1.00, 0.00, 1.00, 0.00, 1.00, 0.00, 1.00, 1.00, 1.00, 0.00, 1.00, 0.00, 1.00, 0.00, 0.00
4093,  0,  136.400,  0.98,  1, 0.44, 0.03, 1.02, 0.00, 0.00, 0.64, 0.00, 0.00, 0.00, 0.74, 0.49, 1.46, 0.00, 0.16, 0.00, 0.45, 0.03, 0.00, 0.00, 1.00, 1.00, 0.00, 1.00, 0.00, 1.00, 0.00, 1.00, 1.00, 1.00, 0.00, 1.00, 0.00, 1.00, 0.00, 0.00
4094,  0,  136.433,  0.98,  1, 0.47, 0.03, 1.00, 0.06, 0.00, 0.51, 0.00, 0.00, 0.00, 0.79, 0.52, 1.45, 0.00, 0.20, 0.00, 0.63, 0.00, 0.00, 0.00, 1.00, 1.00, 0.00, 1.00, 0.00, 1.00, 0.00, 1.00, 1.00, 1.00, 0.00, 1.00, 0.00, 1.00, 0.00, 0.00
4095,  0,  136.467,  0.98,  1, 0.42, 0.00, 0.99, 0.06, 0.00, 0.61, 0.00, 0.00, 0.00, 0.83, 0.58, 1.40, 0.06, 0.18, 0.00, 0.80, 0.02, 0.00, 0.00, 1.00, 1.00, 0.00, 1.00, 0.00, 1.00, 0.00, 1.00, 1.00, 1.00, 0.00, 1.00, 0.00, 1.00, 0.00, 0.00
4096,  0,  136.500,  0.98,  1, 0.43, 0.00, 0.98, 0.06, 0.00, 0.64, 0.00, 0.00, 0.00, 0.92, 0.55, 1.38, 0.05, 0.15, 0.00, 0.93, 0.02, 0.00, 0.00, 1.00, 1.00, 0.00, 1.00, 0.00, 1.00, 0.00, 1.00, 1.00, 1.00, 0.00, 1.00, 0.00, 1.00, 0.00, 0.00
4097,  0,  136.533,  0.98,  1, 0.48, 0.00, 0.98, 0.00, 0.00, 0.71, 0.00, 0.00, 0.00, 0.96, 0.50, 1.39, 0.15, 0.13, 0.00, 1.06, 0.02, 0.00, 0.00, 1.00, 1.00, 0.00, 1.00, 0.00, 1.00, 0.00, 1.00, 1.00, 1.00, 0.00, 1.00, 0.00, 1.00, 0.00, 0.00
4098,  0,  136.567,  0.98,  1, 0.54, 0.00, 0.97, 0.01, 0.00, 0.69, 0.00, 0.00, 0.00, 1.08, 0.42, 1.43, 0.20, 0.12, 0.00, 1.09, 0.00, 0.00, 0.00, 1.00, 1.00, 0.00, 1.00, 0.00, 1.00, 0.00, 1.00, 1.00, 1.00, 0.00, 1.00, 0.00, 1.00, 0.00, 0.00
4099,  0,  136.600,  0.98,  1, 0.56, 0.00, 0.96, 0.06, 0.00, 0.71, 0.00, 0.00, 0.00, 1.26, 0.39, 1.45, 0.29, 0.16, 0.00, 1.13, 0.01, 0.00, 0.00, 1.00, 1.00, 0.00, 1.00, 0.00, 1.00, 0.00, 1.00, 1.00, 1.00, 0.00, 1.00, 0.00, 1.00, 0.00, 0.00
4100,  0,  136.633,  0.98,  1, 0.59, 0.00, 0.99, 0.06, 0.00, 0.66, 0.00, 0.00, 0.00, 1.40, 0.28, 1.59, 0.23, 0.25, 0.00, 1.07, 0.01, 0.00, 0.00, 1.00, 1.00, 0.00, 1.00, 0.00, 1.00, 0.00, 1.00, 1.00, 1.00, 0.00, 1.00, 0.00, 1.00, 0.00, 0.00
4101,  0,  136.667,  0.98,  1, 0.63, 0.06, 1.01, 0.05, 0.00, 0.71, 0.00, 0.00, 0.02, 1.51, 0.27, 1.67, 0.16, 0.33, 0.00, 1.02, 0.01, 1.00, 0.00, 1.00, 1.00, 0.00, 1.00, 0.00, 1.00, 0.00, 1.00, 1.00, 1.00, 0.00, 1.00, 0.00, 1.00, 0.00, 0.00
4102,  0,  136.700,  0.98,  1, 0.69, 0.09, 1.00, 0.00, 0.00, 0.61, 0.00, 0.00, 0.02, 1.45, 0.22, 1.73, 0.19, 0.49, 0.00, 0.95, 0.00, 1.00, 0.00, 1.00, 1.00, 0.00, 1.00, 0.00, 1.00, 0.00, 1.00, 1.00, 1.00, 0.00, 1.00, 0.00, 1.00, 0.00, 0.00
4103,  0,  136.733,  0.98,  1, 0.71, 0.19, 0.90, 0.00, 0.00, 0.45, 0.00, 0.00, 0.02, 1.37, 0.30, 1.64, 0.30, 0.59, 0.00, 0.92, 0.00, 1.00, 0.00, 1.00, 1.00, 0.00, 1.00, 0.00, 1.00, 0.00, 1.00, 1.00, 1.00, 0.00, 1.00, 0.00, 1.00, 0.00, 0.00
4104,  0,  136.767,  0.98,  1, 0.75, 0.24, 0.85, 0.00, 0.00, 0.34, 0.00, 0.00, 0.00, 1.28, 0.41, 1.74, 0.26, 0.70, 0.00, 0.95, 0.00, 1.00, 0.00, 1.00, 1.00, 0.00, 1.00, 0.00, 1.00, 0.00, 1.00, 1.00, 1.00, 0.00, 1.00, 0.00, 1.00, 0.00, 0.00
4105,  0,  136.800,  0.98,  1, 0.75, 0.34, 0.87, 0.00, 0.00, 0.39, 0.00, 0.00, 0.00, 1.27, 0.51, 1.85, 0.14, 0.67, 0.00, 1.01, 0.00, 1.00, 0.00, 1.00, 1.00, 0.00, 1.00, 0.00, 1.00, 0.00, 1.00, 1.00, 1.00, 0.00, 1.00, 0.00, 1.00, 0.00, 0.00
4106,  0,  136.833,  0.98,  1, 0.75, 0.25, 0.93, 0.00, 0.00, 0.57, 0.00, 0.00, 0.00, 1.37, 0.54, 2.00, 0.00, 0.67, 0.00, 1.11, 0.00, 0.00, 0.00, 1.00, 1.00, 0.00, 1.00, 0.00, 1.00, 0.00, 1.00, 1.00, 1.00, 0.00, 1.00, 0.00, 1.00, 0.00, 0.00
4107,  0,  136.867,  0.98,  1, 0.71, 0.24, 0.95, 0.00, 0.00, 0.72, 0.00, 0.00, 0.00, 1.46, 0.47, 2.02, 0.00, 0.67, 0.00, 1.14, 0.00, 0.00, 0.00, 1.00, 1.00, 0.00, 1.00, 0.00, 1.00, 0.00, 1.00, 1.00, 1.00, 0.00, 1.00, 0.00, 1.00, 0.00, 0.00
4108,  0,  136.900,  0.98,  1, 0.64, 0.14, 0.92, 0.00, 0.00, 0.85, 0.00, 0.00, 0.01, 1.47, 0.53, 1.99, 0.00, 0.72, 0.00, 1.12, 0.00, 0.00, 0.00, 1.00, 1.00, 0.00, 1.00, 0.00, 1.00, 0.00, 1.00, 1.00, 1.00, 0.00, 1.00, 0.00, 1.00, 0.00, 0.00
4109,  0,  136.933,  0.98,  1, 0.64, 0.18, 0.90, 0.00, 0.00, 0.86, 0.00, 0.00, 0.01, 1.46, 0.52, 1.92, 0.00, 0.78, 0.00, 1.03, 0.00, 0.00, 0.00, 1.00, 1.00, 0.00, 1.00, 0.00, 1.00, 0.00, 1.00, 1.00, 1.00, 0.00, 1.00, 0.00, 1.00, 0.00, 0.00
4110,  0,  136.967,  0.98,  1, 0.62, 0.09, 0.86, 0.00, 0.00, 0.84, 0.00, 0.00, 0.01, 1.42, 0.54, 1.87, 0.00, 0.83, 0.00, 0.96, 0.00, 0.00, 0.00, 1.00, 1.00, 0.00, 1.00, 0.00, 1.00, 0.00, 1.00, 1.00, 1.00, 0.00, 1.00, 0.00, 1.00, 0.00, 0.00
4111,  0,  137.000,  0.98,  1, 0.62, 0.06, 0.89, 0.00, 0.00, 0.75, 0.00, 0.00, 0.01, 1.42, 0.50, 1.80, 0.00, 0.86, 0.00, 0.91, 0.00, 0.00, 0.00, 1.00, 1.00, 0.00, 1.00, 0.00, 1.00, 0.00, 1.00, 1.00, 1.00, 0.00, 1.00, 0.00, 1.00, 0.00, 0.00
4112,  0,  137.033,  0.98,  1, 0.61, 0.04, 0.89, 0.00, 0.00, 0.65, 0.00, 0.00, 0.01, 1.47, 0.46, 1.80, 0.00, 0.86, 0.00, 1.00, 0.00, 0.00, 0.00, 1.00, 1.00, 0.00, 1.00, 0.00, 1.00, 0.00, 1.00, 1.00, 1.00, 0.00, 1.00, 0.00, 1.00, 0.00, 0.00
4113,  0,  137.067,  0.98,  1, 0.63, 0.14, 0.93, 0.00, 0.00, 0.60, 0.00, 0.00, 0.01, 1.52, 0.37, 1.72, 0.00, 0.84, 0.00, 0.95, 0.00, 0.00, 0.00, 1.00, 1.00, 0.00, 1.00, 0.00, 1.00, 0.00, 1.00, 1.00, 1.00, 0.00, 1.00, 0.00, 1.00, 0.00, 0.00
4114,  0,  137.100,  0.98,  1, 0.60, 0.14, 0.93, 0.00, 0.00, 0.62, 0.00, 0.00, 0.09, 1.57, 0.33, 1.81, 0.07, 0.81, 0.00, 0.84, 0.00, 0.00, 0.00, 1.00, 1.00, 0.00, 1.00, 0.00, 1.00, 0.00, 1.00, 1.00, 1.00, 0.00, 1.00, 0.00, 1.00, 0.00, 0.00
4115,  0,  137.133,  0.98,  1, 0.54, 0.09, 0.89, 0.00, 0.00, 0.66, 0.00, 0.00, 0.18, 1.55, 0.36, 1.88, 0.11, 0.81, 0.00, 0.59, 0.00, 0.00, 1.00, 1.00, 1.00, 0.00, 1.00, 0.00, 1.00, 0.00, 1.00, 1.00, 1.00, 0.00, 1.00, 0.00, 0.00, 0.00, 0.00
4116,  0,  137.167,  0.98,  1, 0.47, 0.00, 0.89, 0.00, 0.00, 0.73, 0.00, 0.00, 0.27, 1.62, 0.47, 2.00, 0.26, 0.78, 0.00, 0.47, 0.00, 0.00, 1.00, 1.00, 1.00, 0.00, 1.00, 0.00, 1.00, 0.00, 1.00, 1.00, 1.00, 0.00, 1.00, 0.00, 0.00, 0.00, 0.00
4117,  0,  137.200,  0.98,  1, 0.48, 0.01, 0.92, 0.00, 0.00, 0.78, 0.00, 0.00, 0.29, 1.64, 0.56, 1.89, 0.31, 0.73, 0.00, 0.40, 0.00, 0.00, 1.00, 1.00, 1.00, 0.00, 1.00, 0.00, 1.00, 0.00, 1.00, 1.00, 1.00, 0.00, 1.00, 0.00, 0.00, 0.00, 0.00
4118,  0,  137.233,  0.98,  1, 0.41, 0.01, 0.87, 0.00, 0.00, 0.88, 0.00, 0.00, 0.34, 1.76, 0.60, 1.82, 0.31, 0.67, 0.00, 0.50, 0.00, 1.00, 1.00, 1.00, 1.00, 0.00, 1.00, 0.00, 1.00, 0.00, 1.00, 1.00, 1.00, 0.00, 1.00, 0.00, 0.00, 0.00, 0.00
4119,  0,  137.267,  0.98,  1, 0.38, 0.01, 0.87, 0.00, 0.00, 0.83, 0.00, 0.01, 0.41, 1.77, 0.59, 1.70, 0.16, 0.65, 0.00, 0.57, 0.00, 1.00, 1.00, 1.00, 1.00, 0.00, 1.00, 0.00, 1.00, 0.00, 1.00, 1.00, 1.00, 0.00, 1.00, 0.00, 0.00, 0.00, 0.00
4120,  0,  137.300,  0.98,  1, 0.45, 0.03, 0.87, 0.00, 0.00, 0.81, 0.00, 0.01, 0.47, 1.81, 0.58, 1.75, 0.04, 0.64, 0.00, 0.59, 0.00, 1.00, 1.00, 1.00, 1.00, 0.00, 1.00, 0.00, 1.00, 0.00, 1.00, 1.00, 1.00, 0.00, 1.00, 0.00, 0.00, 0.00, 0.00
4121,  0,  137.333,  0.98,  1, 0.58, 0.03, 1.01, 0.00, 0.00, 0.74, 0.00, 0.01, 0.47, 1.75, 0.56, 1.82, 0.00, 0.64, 0.00, 0.50, 0.00, 1.00, 1.00, 1.00, 1.00, 0.00, 1.00, 0.00, 1.00, 0.00, 1.00, 1.00, 1.00, 0.00, 1.00, 0.00, 0.00, 0.00, 0.00
4122,  0,  137.367,  0.98,  1, 0.62, 0.03, 0.97, 0.00, 0.00, 0.62, 0.00, 0.00, 0.44, 1.88, 0.64, 1.93, 0.00, 0.63, 0.00, 0.41, 0.00, 1.00, 1.00, 1.00, 1.00, 0.00, 1.00, 0.00, 1.00, 0.00, 1.00, 1.00, 1.00, 0.00, 1.00, 0.00, 0.00, 0.00, 0.00
4123,  0,  137.400,  0.98,  1, 0.58, 0.00, 0.92, 0.00, 0.00, 0.49, 0.00, 0.05, 0.42, 1.94, 0.67, 1.98, 0.00, 0.59, 0.00, 0.36, 0.00, 1.00, 1.00, 1.00, 1.00, 0.00, 1.00, 0.00, 1.00, 0.00, 1.00, 1.00, 1.00, 0.00, 1.00, 0.00, 0.00, 0.00, 0.00
4124,  0,  137.433,  0.98,  1, 0.53, 0.00, 0.84, 0.00, 0.00, 0.46, 0.00, 0.05, 0.44, 1.97, 0.73, 1.96, 0.00, 0.54, 0.00, 0.31, 0.00, 1.00, 1.00, 1.00, 1.00, 0.00, 1.00, 0.00, 1.00, 0.00, 1.00, 1.00, 1.00, 0.00, 1.00, 0.00, 0.00, 0.00, 0.00
4125,  0,  137.467,  0.98,  1, 0.47, 0.00, 0.87, 0.02, 0.00, 0.50, 0.00, 0.05, 0.46, 1.96, 0.64, 1.90, 0.00, 0.54, 0.00, 0.36, 0.00, 1.00, 1.00, 1.00, 1.00, 0.00, 1.00, 0.00, 1.00, 0.00, 1.00, 1.00, 1.00, 0.00, 1.00, 0.00, 0.00, 0.00, 0.00
4126,  0,  137.500,  0.98,  1, 0.47, 0.00, 0.93, 0.02, 0.00, 0.60, 0.00, 0.00, 0.43, 1.93, 0.68, 1.95, 0.00, 0.57, 0.00, 0.34, 0.00, 1.00, 1.00, 1.00, 1.00, 0.00, 1.00, 0.00, 1.00, 0.00, 1.00, 1.00, 1.00, 0.00, 1.00, 0.00, 0.00, 0.00, 0.00
4127,  0,  137.533,  0.98,  1, 0.46, 0.00, 0.97, 0.02, 0.00, 0.75, 0.00, 0.00, 0.40, 1.88, 0.76, 1.97, 0.00, 0.57, 0.00, 0.30, 0.00, 0.00, 1.00, 1.00, 1.00, 0.00, 1.00, 0.00, 1.00, 0.00, 1.00, 1.00, 1.00, 0.00, 1.00, 0.00, 0.00, 0.00, 0.00
4128,  0,  137.567,  0.98,  1, 0.48, 0.00, 0.96, 0.00, 0.00, 0.63, 0.00, 0.00, 0.31, 1.67, 0.87, 1.91, 0.00, 0.52, 0.00, 0.21, 0.00, 0.00, 1.00, 1.00, 1.00, 0.00, 1.00, 0.00, 1.00, 0.00, 1.00, 1.00, 1.00, 0.00, 1.00, 0.00, 0.00, 0.00, 0.00
4129,  0,  137.600,  0.98,  1, 0.49, 0.00, 0.96, 0.00, 0.00, 0.51, 0.00, 0.00, 0.28, 1.53, 0.86, 1.72, 0.00, 0.45, 0.00, 0.20, 0.00, 0.00, 1.00, 1.00, 1.00, 0.00, 1.00, 0.00, 1.00, 0.00, 1.00, 1.00, 1.00, 0.00, 1.00, 0.00, 0.00, 0.00, 0.00
4130,  0,  137.633,  0.98,  1, 0.54, 0.00, 1.01, 0.00, 0.00, 0.38, 0.00, 0.00, 0.19, 1.54, 0.84, 1.57, 0.00, 0.40, 0.00, 0.15, 0.00, 0.00, 0.00, 1.00, 1.00, 0.00, 1.00, 0.00, 1.00, 0.00, 1.00, 1.00, 1.00, 0.00, 1.00, 0.00, 0.00, 0.00, 0.00
4131,  0,  137.667,  0.98,  1, 0.60, 0.00, 1.10, 0.00, 0.00, 0.54, 0.00, 0.00, 0.18, 1.66, 0.79, 1.52, 0.00, 0.40, 0.00, 0.09, 0.00, 0.00, 0.00, 1.00, 1.00, 0.00, 1.00, 0.00, 1.00, 0.00, 1.00, 1.00, 1.00, 0.00, 1.00, 0.00, 0.00, 0.00, 0.00
4132,  0,  137.700,  0.98,  1, 0.64, 0.00, 1.17, 0.00, 0.00, 0.64, 0.00, 0.00, 0.18, 1.81, 0.73, 1.56, 0.00, 0.43, 0.00, 0.01, 0.00, 0.00, 0.00, 1.00, 1.00, 0.00, 1.00, 0.00, 1.00, 0.00, 1.00, 1.00, 1.00, 0.00, 1.00, 0.00, 0.00, 0.00, 0.00
4133,  0,  137.733,  0.98,  1, 0.66, 0.00, 1.25, 0.00, 0.00, 0.67, 0.00, 0.00, 0.21, 1.82, 0.67, 1.60, 0.00, 0.48, 0.00, 0.03, 0.00, 0.00, 0.00, 1.00, 1.00, 0.00, 1.00, 0.00, 1.00, 0.00, 1.00, 1.00, 1.00, 0.00, 1.00, 0.00, 0.00, 0.00, 0.00
4134,  0,  137.767,  0.98,  1, 0.67, 0.00, 1.24, 0.00, 0.00, 0.55, 0.00, 0.00, 0.23, 1.75, 0.62, 1.67, 0.00, 0.52, 0.00, 0.08, 0.00, 0.00, 0.00, 1.00, 1.00, 0.00, 1.00, 0.00, 1.00, 0.00, 1.00, 1.00, 1.00, 0.00, 1.00, 0.00, 0.00, 0.00, 0.00
4135,  0,  137.800,  0.98,  1, 0.62, 0.00, 1.19, 0.00, 0.00, 0.43, 0.00, 0.00, 0.20, 1.61, 0.58, 1.68, 0.00, 0.53, 0.00, 0.11, 0.00, 0.00, 0.00, 1.00, 1.00, 0.00, 1.00, 0.00, 1.00, 0.00, 1.00, 1.00, 1.00, 0.00, 1.00, 0.00, 0.00, 0.00, 0.00
4136,  0,  137.833,  0.98,  1, 0.55, 0.00, 1.09, 0.00, 0.00, 0.21, 0.00, 0.00, 0.19, 1.48, 0.57, 1.70, 0.00, 0.50, 0.00, 0.10, 0.00, 0.00, 0.00, 1.00, 1.00, 0.00, 1.00, 0.00, 1.00, 0.00, 1.00, 1.00, 1.00, 0.00, 1.00, 0.00, 0.00, 0.00, 0.00
4137,  0,  137.867,  0.98,  1, 0.51, 0.00, 1.04, 0.00, 0.00, 0.13, 0.00, 0.00, 0.18, 1.43, 0.56, 1.64, 0.00, 0.47, 0.00, 0.05, 0.00, 0.00, 0.00, 1.00, 1.00, 0.00, 1.00, 0.00, 1.00, 0.00, 1.00, 1.00, 1.00, 0.00, 1.00, 0.00, 0.00, 0.00, 0.00
4138,  0,  137.900,  0.98,  1, 0.46, 0.00, 0.92, 0.00, 0.00, 0.09, 0.00, 0.00, 0.27, 1.54, 0.74, 1.60, 0.00, 0.53, 0.00, 0.05, 0.00, 0.00, 0.00, 1.00, 1.00, 0.00, 1.00, 0.00, 1.00, 0.00, 1.00, 1.00, 1.00, 0.00, 1.00, 0.00, 0.00, 0.00, 0.00
4139,  0,  137.933,  0.98,  1, 0.46, 0.00, 0.87, 0.08, 0.00, 0.10, 0.00, 0.00, 0.34, 1.63, 0.86, 1.53, 0.00, 0.58, 0.00, 0.04, 0.00, 0.00, 0.00, 1.00, 1.00, 0.00, 1.00, 0.00, 1.00, 0.00, 1.00, 1.00, 1.00, 0.00, 1.00, 0.00, 0.00, 0.00, 0.00
4140,  0,  137.967,  0.98,  1, 0.58, 0.00, 0.79, 0.08, 0.00, 0.07, 0.00, 0.00, 0.34, 1.72, 0.96, 1.62, 0.00, 0.65, 0.00, 0.13, 0.00, 0.00, 0.00, 1.00, 1.00, 0.00, 1.00, 0.00, 1.00, 0.00, 1.00, 1.00, 1.00, 0.00, 1.00, 0.00, 0.00, 0.00, 0.00
4141,  0,  138.000,  0.98,  1, 0.66, 0.00, 0.83, 0.08, 0.00, 0.01, 0.00, 0.00, 0.29, 1.70, 0.83, 1.68, 0.00, 0.64, 0.00, 0.16, 0.00, 1.00, 1.00, 1.00, 1.00, 0.00, 1.00, 0.00, 1.00, 0.00, 1.00, 1.00, 1.00, 0.00, 1.00, 0.00, 0.00, 0.00, 0.00
4142,  0,  138.033,  0.98,  1, 0.70, 0.00, 0.87, 0.03, 0.00, 0.02, 0.00, 0.00, 0.22, 1.75, 0.72, 1.77, 0.00, 0.65, 0.00, 0.23, 0.00, 1.00, 1.00, 1.00, 1.00, 0.00, 1.00, 0.00, 1.00, 0.00, 1.00, 1.00, 1.00, 0.00, 1.00, 0.00, 0.00, 0.00, 0.00
4143,  0,  138.067,  0.98,  1, 0.63, 0.02, 0.88, 0.05, 0.00, 0.09, 0.00, 0.00, 0.24, 1.69, 0.73, 1.75, 0.07, 0.64, 0.00, 0.21, 0.00, 1.00, 1.00, 1.00, 1.00, 0.00, 1.00, 0.00, 1.00, 0.00, 1.00, 1.00, 1.00, 0.00, 1.00, 0.00, 0.00, 0.00, 0.00
4144,  0,  138.100,  0.98,  1, 0.60, 0.06, 0.84, 0.05, 0.00, 0.09, 0.00, 0.00, 0.23, 1.59, 0.75, 1.77, 0.13, 0.62, 0.00, 0.22, 0.00, 1.00, 1.00, 1.00, 1.00, 0.00, 1.00, 0.00, 1.00, 0.00, 1.00, 1.00, 1.00, 0.00, 0.00, 0.00, 0.00, 0.00, 0.00
4145,  0,  138.133,  0.98,  1, 0.64, 0.11, 0.80, 0.02, 0.00, 0.07, 0.00, 0.00, 0.23, 1.48, 0.81, 1.77, 0.16, 0.61, 0.00, 0.27, 0.00, 1.00, 1.00, 1.00, 1.00, 0.00, 1.00, 0.00, 1.00, 0.00, 1.00, 1.00, 1.00, 0.00, 0.00, 0.00, 0.00, 0.00, 0.00
4146,  0,  138.167,  0.98,  1, 0.67, 0.16, 0.89, 0.00, 0.00, 0.00, 0.00, 0.00, 0.25, 1.52, 0.76, 1.71, 0.09, 0.59, 0.00, 0.25, 0.00, 1.00, 1.00, 1.00, 1.00, 0.00, 0.00, 0.00, 1.00, 0.00, 1.00, 1.00, 1.00, 0.00, 0.00, 0.00, 0.00, 0.00, 0.00
4147,  0,  138.200,  0.98,  1, 0.75, 0.15, 1.04, 0.00, 0.00, 0.01, 0.00, 0.00, 0.23, 1.57, 0.71, 1.63, 0.03, 0.56, 0.00, 0.21, 0.00, 1.00, 1.00, 1.00, 1.00, 0.00, 0.00, 0.00, 1.00, 0.00, 1.00, 1.00, 1.00, 0.00, 0.00, 0.00, 0.00, 0.00, 0.00
4148,  0,  138.233,  0.98,  1, 0.74, 0.13, 1.12, 0.00, 0.00, 0.01, 0.00, 0.00, 0.25, 1.65, 0.70, 1.55, 0.00, 0.53, 0.00, 0.10, 0.00, 1.00, 1.00, 1.00, 1.00, 0.00, 0.00, 0.00, 1.00, 0.00, 1.00, 1.00, 1.00, 0.00, 0.00, 0.00, 0.00, 0.00, 0.00
4149,  0,  138.267,  0.98,  1, 0.73, 0.10, 1.16, 0.00, 0.00, 0.01, 0.00, 0.00, 0.23, 1.67, 0.72, 1.56, 0.00, 0.51, 0.00, 0.05, 0.00, 1.00, 1.00, 1.00, 1.00, 0.00, 0.00, 0.00, 1.00, 0.00, 1.00, 1.00, 1.00, 0.00, 0.00, 0.00, 0.00, 0.00, 0.00
4150,  0,  138.300,  0.98,  1, 0.68, 0.07, 1.05, 0.01, 0.00, 0.20, 0.00, 0.00, 0.19, 1.68, 0.69, 1.64, 0.00, 0.53, 0.00, 0.00, 0.00, 1.00, 1.00, 1.00, 1.00, 0.00, 1.00, 0.00, 1.00, 0.00, 1.00, 1.00, 1.00, 0.00, 0.00, 0.00, 0.00, 0.00, 0.00
4151,  0,  138.333,  0.98,  1, 0.69, 0.04, 1.01, 0.01, 0.00, 0.39, 0.00, 0.00, 0.12, 1.72, 0.67, 1.75, 0.00, 0.54, 0.00, 0.08, 0.00, 0.00, 1.00, 1.00, 1.00, 0.00, 1.00, 0.00, 1.00, 0.00, 1.00, 1.00, 1.00, 0.00, 1.00, 0.00, 0.00, 0.00, 0.00
4152,  0,  138.367,  0.98,  1, 0.68, 0.00, 0.95, 0.15, 0.00, 0.65, 0.00, 0.00, 0.14, 1.69, 0.71, 1.79, 0.00, 0.54, 0.00, 0.11, 0.00, 0.00, 1.00, 1.00, 1.00, 0.00, 1.00, 0.00, 1.00, 0.00, 1.00, 1.00, 1.00, 0.00, 1.00, 0.00, 0.00, 0.00, 0.00
4153,  0,  138.400,  0.98,  1, 0.71, 0.00, 1.00, 0.24, 0.00, 0.79, 0.00, 0.00, 0.24, 1.66, 0.84, 1.70, 0.00, 0.53, 0.00, 0.13, 0.00, 0.00, 1.00, 1.00, 1.00, 0.00, 1.00, 0.00, 1.00, 0.00, 1.00, 1.00, 1.00, 0.00, 1.00, 0.00, 0.00, 0.00, 0.00
4154,  0,  138.433,  0.98,  1, 0.71, 0.00, 1.03, 0.36, 0.00, 0.86, 0.00, 0.00, 0.33, 1.58, 0.86, 1.63, 0.00, 0.53, 0.00, 0.05, 0.00, 0.00, 1.00, 1.00, 1.00, 0.00, 1.00, 0.00, 1.00, 0.00, 1.00, 1.00, 1.00, 0.00, 1.00, 0.00, 0.00, 0.00, 0.00
4155,  0,  138.467,  0.98,  1, 0.69, 0.00, 0.98, 0.30, 0.00, 0.91, 0.00, 0.00, 0.31, 1.62, 0.87, 1.61, 0.00, 0.55, 0.00, 0.02, 0.00, 0.00, 1.00, 1.00, 1.00, 0.00, 1.00, 0.00, 1.00, 0.00, 1.00, 1.00, 1.00, 0.00, 1.00, 0.00, 0.00, 0.00, 0.00
4156,  0,  138.500,  0.98,  1, 0.68, 0.00, 0.93, 0.34, 0.00, 0.86, 0.00, 0.00, 0.26, 1.63, 0.91, 1.69, 0.00, 0.57, 0.00, 0.05, 0.00, 0.00, 1.00, 1.00, 1.00, 0.00, 1.00, 0.00, 1.00, 0.00, 1.00, 1.00, 1.00, 0.00, 1.00, 0.00, 0.00, 0.00, 0.00
4157,  0,  138.533,  0.98,  1, 0.66, 0.00, 0.95, 0.41, 0.00, 0.92, 0.00, 0.00, 0.25, 1.65, 0.96, 1.67, 0.00, 0.58, 0.00, 0.06, 0.00, 0.00, 1.00, 1.00, 1.00, 0.00, 1.00, 0.00, 1.00, 0.00, 1.00, 1.00, 1.00, 0.00, 1.00, 0.00, 0.00, 0.00, 0.00
4158,  0,  138.567,  0.98,  1, 0.64, 0.00, 0.97, 0.58, 0.00, 0.94, 0.00, 0.00, 0.25, 1.66, 0.99, 1.67, 0.02, 0.56, 0.00, 0.05, 0.00, 0.00, 1.00, 1.00, 1.00, 0.00, 1.00, 0.00, 1.00, 0.00, 1.00, 1.00, 1.00, 0.00, 1.00, 0.00, 0.00, 0.00, 0.00
4159,  0,  138.600,  0.98,  1, 0.63, 0.00, 1.01, 0.60, 0.00, 0.92, 0.00, 0.00, 0.25, 1.70, 1.01, 1.62, 0.03, 0.53, 0.00, 0.01, 0.00, 0.00, 1.00, 1.00, 1.00, 0.00, 1.00, 0.00, 1.00, 0.00, 1.00, 1.00, 1.00, 0.00, 1.00, 0.00, 0.00, 0.00, 0.00
4160,  0,  138.633,  0.98,  1, 0.66, 0.00, 1.02, 0.65, 0.00, 0.93, 0.00, 0.00, 0.22, 1.69, 0.98, 1.57, 0.06, 0.49, 0.00, 0.00, 0.00, 0.00, 1.00, 1.00, 1.00, 0.00, 1.00, 0.00, 1.00, 0.00, 1.00, 1.00, 1.00, 0.00, 1.00, 0.00, 0.00, 0.00, 0.00
4161,  0,  138.667,  0.98,  1, 0.65, 0.00, 1.05, 0.67, 0.00, 0.88, 0.00, 0.00, 0.22, 1.68, 0.90, 1.53, 0.13, 0.46, 0.00, 0.00, 0.00, 0.00, 1.00, 1.00, 1.00, 0.00, 1.00, 0.00, 1.00, 0.00, 1.00, 1.00, 1.00, 0.00, 1.00, 0.00, 0.00, 0.00, 0.00
4162,  0,  138.700,  0.98,  1, 0.50, 0.00, 0.97, 0.49, 0.00, 0.78, 0.00, 0.00, 0.22, 1.67, 0.79, 1.53, 0.14, 0.51, 0.00, 0.01, 0.00, 0.00, 1.00, 1.00, 1.00, 0.00, 1.00, 0.00, 1.00, 0.00, 1.00, 1.00, 1.00, 0.00, 1.00, 0.00, 0.00, 0.00, 0.00
4163,  0,  138.733,  0.98,  1, 0.31, 0.00, 0.83, 0.26, 0.00, 0.55, 0.00, 0.00, 0.21, 1.66, 0.72, 1.56, 0.12, 0.56, 0.00, 0.07, 0.00, 0.00, 1.00, 1.00, 1.00, 0.00, 1.00, 0.00, 1.00, 0.00, 1.00, 1.00, 1.00, 0.00, 1.00, 0.00, 0.00, 0.00, 0.00
4164,  0,  138.767,  0.98,  1, 0.29, 0.00, 0.68, 0.00, 0.00, 0.34, 0.00, 0.00, 0.17, 1.66, 0.79, 1.71, 0.05, 0.63, 0.00, 0.16, 0.00, 0.00, 1.00, 1.00, 1.00, 0.00, 1.00, 0.00, 1.00, 0.00, 1.00, 1.00, 1.00, 0.00, 1.00, 0.00, 0.00, 0.00, 0.00
4165,  0,  138.800,  0.98,  1, 0.43, 0.00, 0.68, 0.00, 0.00, 0.25, 0.00, 0.00, 0.14, 1.67, 0.85, 1.78, 0.05, 0.62, 0.00, 0.22, 0.00, 0.00, 1.00, 1.00, 1.00, 0.00, 1.00, 0.00, 1.00, 0.00, 1.00, 1.00, 1.00, 0.00, 1.00, 0.00, 0.00, 0.00, 0.00
4166,  0,  138.833,  0.98,  1, 0.60, 0.00, 0.73, 0.00, 0.00, 0.32, 0.00, 0.00, 0.13, 1.70, 0.95, 1.84, 0.15, 0.61, 0.00, 0.19, 0.00, 0.00, 0.00, 1.00, 1.00, 0.00, 1.00, 0.00, 1.00, 0.00, 1.00, 1.00, 1.00, 0.00, 1.00, 0.00, 0.00, 0.00, 0.00
4167,  0,  138.867,  0.98,  1, 0.66, 0.00, 0.78, 0.00, 0.00, 0.40, 0.00, 0.00, 0.12, 1.62, 0.97, 1.79, 0.23, 0.61, 0.00, 0.14, 0.00, 0.00, 0.00, 1.00, 1.00, 0.00, 1.00, 0.00, 1.00, 0.00, 1.00, 1.00, 1.00, 0.00, 1.00, 0.00, 0.00, 0.00, 0.00
4168,  0,  138.900,  0.98,  1, 0.63, 0.00, 0.83, 0.00, 0.00, 0.40, 0.00, 0.00, 0.12, 1.58, 0.94, 1.76, 0.30, 0.60, 0.00, 0.12, 0.00, 0.00, 0.00, 1.00, 1.00, 0.00, 1.00, 0.00, 1.00, 0.00, 1.00, 1.00, 1.00, 0.00, 1.00, 0.00, 0.00, 0.00, 0.00
4169,  0,  138.933,  0.98,  1, 0.62, 0.00, 0.88, 0.00, 0.00, 0.26, 0.00, 0.00, 0.12, 1.59, 0.86, 1.74, 0.28, 0.56, 0.00, 0.18, 0.00, 0.00, 0.00, 1.00, 1.00, 0.00, 1.00, 0.00, 1.00, 0.00, 1.00, 1.00, 1.00, 0.00, 1.00, 0.00, 0.00, 0.00, 0.00
4170,  0,  138.967,  0.98,  1, 0.56, 0.00, 0.88, 0.00, 0.00, 0.26, 0.00, 0.00, 0.12, 1.66, 0.81, 1.76, 0.32, 0.50, 0.00, 0.16, 0.00, 0.00, 0.00, 1.00, 1.00, 0.00, 1.00, 0.00, 1.00, 0.00, 1.00, 1.00, 1.00, 0.00, 1.00, 0.00, 0.00, 0.00, 0.00
4171,  0,  139.000,  0.98,  1, 0.48, 0.00, 0.89, 0.00, 0.00, 0.29, 0.00, 0.00, 0.14, 1.69, 0.75, 1.75, 0.27, 0.47, 0.00, 0.11, 0.00, 0.00, 0.00, 1.00, 1.00, 0.00, 1.00, 0.00, 1.00, 0.00, 1.00, 1.00, 1.00, 0.00, 1.00, 0.00, 0.00, 0.00, 0.00
4172,  0,  139.033,  0.98,  1, 0.36, 0.00, 0.90, 0.00, 0.00, 0.37, 0.00, 0.00, 0.16, 1.66, 0.71, 1.85, 0.27, 0.48, 0.00, 0.08, 0.00, 0.00, 0.00, 1.00, 1.00, 0.00, 1.00, 0.00, 1.00, 0.00, 1.00, 1.00, 1.00, 0.00, 1.00, 0.00, 0.00, 0.00, 0.00
4173,  0,  139.067,  0.98,  1, 0.31, 0.00, 0.91, 0.00, 0.00, 0.29, 0.00, 0.00, 0.19, 1.62, 0.59, 1.88, 0.22, 0.49, 0.00, 0.10, 0.00, 0.00, 0.00, 1.00, 1.00, 0.00, 1.00, 0.00, 1.00, 0.00, 1.00, 1.00, 1.00, 0.00, 1.00, 0.00, 0.00, 0.00, 0.00
4174,  0,  139.100,  0.98,  1, 0.37, 0.00, 0.87, 0.00, 0.00, 0.24, 0.00, 0.00, 0.18, 1.63, 0.66, 1.85, 0.19, 0.48, 0.00, 0.10, 0.00, 0.00, 0.00, 1.00, 1.00, 0.00, 1.00, 0.00, 1.00, 0.00, 1.00, 1.00, 1.00, 0.00, 1.00, 0.00, 0.00, 0.00, 0.00
4175,  0,  139.133,  0.98,  1, 0.43, 0.00, 0.82, 0.02, 0.00, 0.18, 0.00, 0.00, 0.19, 1.64, 0.72, 1.71, 0.12, 0.44, 0.00, 0.06, 0.00, 0.00, 0.00, 1.00, 1.00, 0.00, 1.00, 0.00, 1.00, 0.00, 1.00, 1.00, 1.00, 0.00, 1.00, 0.00, 0.00, 0.00, 0.00
4176,  0,  139.167,  0.98,  1, 0.49, 0.00, 0.82, 0.02, 0.00, 0.13, 0.00, 0.00, 0.19, 1.52, 0.72, 1.53, 0.03, 0.41, 0.00, 0.03, 0.00, 0.00, 0.00, 1.00, 1.00, 0.00, 1.00, 0.00, 1.00, 0.00, 1.00, 1.00, 1.00, 0.00, 1.00, 0.00, 0.00, 0.00, 0.00
4177,  0,  139.200,  0.98,  1, 0.60, 0.01, 0.89, 0.02, 0.00, 0.32, 0.00, 0.00, 0.21, 1.43, 0.75, 1.41, 0.02, 0.39, 0.00, 0.03, 0.06, 0.00, 0.00, 1.00, 0.00, 0.00, 1.00, 0.00, 1.00, 0.00, 1.00, 1.00, 1.00, 0.00, 1.00, 0.00, 0.00, 0.00, 0.00
4178,  0,  139.233,  0.98,  1, 0.71, 0.01, 1.01, 0.00, 0.00, 0.34, 0.00, 0.00, 0.23, 1.36, 0.74, 1.36, 0.01, 0.36, 0.00, 0.00, 0.40, 0.00, 0.00, 1.00, 1.00, 0.00, 1.00, 0.00, 1.00, 0.00, 1.00, 1.00, 1.00, 0.00, 1.00, 0.00, 0.00, 0.00, 0.00
4179,  0,  139.267,  0.98,  1, 0.67, 0.01, 1.05, 0.14, 0.00, 0.34, 0.00, 0.00, 0.28, 1.47, 0.82, 1.35, 0.12, 0.27, 0.00, 0.00, 1.02, 0.00, 0.00, 1.00, 0.00, 0.00, 1.00, 0.00, 1.00, 0.00, 1.00, 1.00, 1.00, 0.00, 1.00, 0.00, 0.00, 0.00, 1.00
4180,  0,  139.300,  0.98,  1, 0.48, 0.00, 1.08, 0.30, 0.00, 0.08, 0.00, 0.00, 0.30, 1.51, 0.75, 1.31, 0.25, 0.19, 0.00, 0.00, 1.42, 0.00, 1.00, 1.00, 0.00, 0.00, 1.00, 0.00, 1.00, 0.00, 1.00, 1.00, 1.00, 0.00, 0.00, 0.00, 0.00, 0.00, 1.00
4181,  0,  139.333,  0.98,  1, 0.33, 0.00, 1.04, 0.40, 0.00, 0.25, 0.00, 0.00, 0.29, 1.50, 0.74, 1.24, 0.34, 0.20, 0.00, 0.00, 1.48, 0.00, 1.00, 1.00, 0.00, 0.00, 1.00, 0.00, 1.00, 0.00, 1.00, 1.00, 1.00, 0.00, 0.00, 0.00, 0.00, 0.00, 1.00
4182,  0,  139.367,  0.98,  1, 0.34, 0.00, 1.09, 0.26, 0.00, 0.44, 0.00, 0.00, 0.23, 1.43, 0.72, 1.19, 0.31, 0.24, 0.00, 0.00, 1.13, 0.00, 1.00, 1.00, 0.00, 0.00, 1.00, 0.00, 1.00, 0.00, 1.00, 1.00, 1.00, 0.00, 0.00, 0.00, 0.00, 0.00, 1.00
4183,  0,  139.400,  0.98,  1, 0.35, 0.00, 1.10, 0.10, 0.00, 0.77, 0.00, 0.00, 0.22, 1.32, 0.66, 1.17, 0.18, 0.29, 0.00, 0.01, 0.90, 0.00, 1.00, 1.00, 0.00, 0.00, 1.00, 0.00, 1.00, 0.00, 1.00, 1.00, 1.00, 0.00, 0.00, 0.00, 0.00, 0.00, 1.00
4184,  0,  139.433,  0.98,  1, 0.34, 0.00, 1.12, 0.00, 0.00, 0.81, 0.00, 0.00, 0.22, 1.27, 0.69, 1.22, 0.14, 0.32, 0.00, 0.01, 0.63, 0.00, 1.00, 1.00, 0.00, 0.00, 1.00, 0.00, 1.00, 0.00, 1.00, 1.00, 1.00, 0.00, 0.00, 0.00, 0.00, 0.00, 1.00
4185,  0,  139.467,  0.98,  1, 0.33, 0.00, 1.11, 0.00, 0.00, 0.93, 0.00, 0.00, 0.21, 1.24, 0.65, 1.30, 0.23, 0.37, 0.00, 0.01, 0.45, 0.00, 1.00, 1.00, 0.00, 0.00, 1.00, 0.00, 1.00, 0.00, 1.00, 1.00, 1.00, 0.00, 0.00, 0.00, 0.00, 0.00, 1.00
4186,  0,  139.500,  0.98,  1, 0.30, 0.00, 1.06, 0.00, 0.00, 0.91, 0.00, 0.00, 0.26, 1.37, 0.67, 1.39, 0.29, 0.42, 0.00, 0.00, 0.24, 0.00, 1.00, 1.00, 0.00, 0.00, 1.00, 0.00, 1.00, 0.00, 1.00, 1.00, 1.00, 0.00, 0.00, 0.00, 0.00, 0.00, 1.00
4187,  0,  139.533,  0.98,  1, 0.32, 0.00, 1.03, 0.00, 0.02, 0.99, 0.00, 0.00, 0.31, 1.50, 0.59, 1.53, 0.28, 0.46, 0.00, 0.00, 0.12, 0.00, 1.00, 1.00, 0.00, 0.00, 1.00, 0.00, 1.00, 0.00, 1.00, 1.00, 1.00, 0.00, 0.00, 0.00, 0.00, 0.00, 1.00
4188,  0,  139.567,  0.98,  1, 0.23, 0.00, 0.95, 0.00, 0.03, 0.99, 0.00, 0.00, 0.44, 1.78, 0.67, 1.75, 0.14, 0.49, 0.00, 0.02, 0.03, 0.00, 1.00, 1.00, 0.00, 0.00, 1.00, 0.00, 1.00, 0.00, 1.00, 1.00, 1.00, 0.00, 1.00, 0.00, 0.00, 0.00, 0.00
4189,  0,  139.600,  0.98,  1, 0.25, 0.00, 0.92, 0.00, 0.03, 0.86, 0.00, 0.00, 0.46, 1.99, 0.76, 1.94, 0.11, 0.51, 0.00, 0.04, 0.00, 0.00, 1.00, 1.00, 0.00, 0.00, 1.00, 0.00, 1.00, 0.00, 1.00, 1.00, 1.00, 0.00, 1.00, 0.00, 0.00, 0.00, 0.00
4190,  0,  139.633,  0.98,  1, 0.19, 0.00, 0.91, 0.00, 0.01, 0.59, 0.00, 0.00, 0.50, 2.15, 0.82, 2.04, 0.11, 0.52, 0.00, 0.04, 0.00, 0.00, 1.00, 1.00, 0.00, 0.00, 1.00, 0.00, 1.00, 0.00, 1.00, 1.00, 1.00, 0.00, 1.00, 0.00, 0.00, 0.00, 0.00
4191,  0,  139.667,  0.98,  1, 0.22, 0.00, 0.95, 0.00, 0.00, 0.39, 0.00, 0.00, 0.50, 2.14, 0.78, 2.04, 0.09, 0.51, 0.00, 0.02, 0.00, 0.00, 1.00, 1.00, 0.00, 0.00, 1.00, 0.00, 1.00, 0.00, 1.00, 1.00, 1.00, 0.00, 1.00, 0.00, 0.00, 0.00, 0.00
4192,  0,  139.700,  0.98,  1, 0.23, 0.00, 0.94, 0.00, 0.00, 0.27, 0.00, 0.00, 0.50, 2.10, 0.78, 2.05, 0.10, 0.50, 0.00, 0.00, 0.00, 0.00, 1.00, 1.00, 0.00, 0.00, 1.00, 0.00, 1.00, 0.00, 1.00, 1.00, 1.00, 0.00, 1.00, 0.00, 0.00, 0.00, 0.00
4193,  0,  139.733,  0.98,  1, 0.28, 0.00, 0.90, 0.00, 0.00, 0.41, 0.00, 0.00, 0.49, 2.07, 0.83, 2.05, 0.12, 0.47, 0.00, 0.00, 0.00, 0.00, 1.00, 1.00, 0.00, 0.00, 1.00, 0.00, 1.00, 0.00, 1.00, 1.00, 1.00, 0.00, 1.00, 0.00, 0.00, 0.00, 0.00
4194,  0,  139.767,  0.98,  1, 0.29, 0.00, 0.84, 0.00, 0.00, 0.44, 0.00, 0.00, 0.46, 2.05, 0.89, 2.06, 0.14, 0.47, 0.00, 0.00, 0.00, 0.00, 1.00, 1.00, 1.00, 0.00, 1.00, 0.00, 1.00, 0.00, 1.00, 1.00, 1.00, 0.00, 1.00, 0.00, 0.00, 0.00, 0.00
4195,  0,  139.800,  0.98,  1, 0.31, 0.00, 0.80, 0.00, 0.00, 0.48, 0.00, 0.00, 0.44, 2.02, 0.94, 2.08, 0.12, 0.48, 0.00, 0.00, 0.00, 0.00, 1.00, 1.00, 1.00, 0.00, 1.00, 0.00, 1.00, 0.00, 1.00, 1.00, 1.00, 0.00, 1.00, 0.00, 0.00, 0.00, 0.00
4196,  0,  139.833,  0.98,  1, 0.34, 0.00, 0.78, 0.00, 0.00, 0.41, 0.00, 0.00, 0.39, 2.05, 0.90, 2.09, 0.08, 0.52, 0.00, 0.00, 0.00, 0.00, 1.00, 1.00, 1.00, 0.00, 1.00, 0.00, 1.00, 0.00, 1.00, 1.00, 1.00, 0.00, 1.00, 0.00, 0.00, 0.00, 0.00
4197,  0,  139.867,  0.98,  1, 0.45, 0.00, 0.75, 0.00, 0.00, 0.43, 0.00, 0.00, 0.35, 2.02, 0.92, 2.03, 0.07, 0.51, 0.00, 0.00, 0.00, 0.00, 1.00, 1.00, 1.00, 0.00, 1.00, 0.00, 1.00, 0.00, 1.00, 1.00, 1.00, 0.00, 1.00, 0.00, 0.00, 0.00, 0.00
4198,  0,  139.900,  0.98,  1, 0.49, 0.00, 0.76, 0.00, 0.00, 0.62, 0.00, 0.00, 0.27, 1.76, 0.84, 2.01, 0.05, 0.54, 0.00, 0.00, 0.00, 0.00, 1.00, 1.00, 1.00, 0.00, 1.00, 0.00, 1.00, 0.00, 1.00, 1.00, 1.00, 0.00, 1.00, 0.00, 0.00, 0.00, 0.00
4199,  0,  139.933,  0.98,  1, 0.53, 0.00, 0.77, 0.00, 0.00, 0.74, 0.00, 0.00, 0.23, 1.51, 0.86, 1.99, 0.09, 0.59, 0.00, 0.03, 0.00, 0.00, 1.00, 1.00, 1.00, 0.00, 1.00, 0.00, 1.00, 0.00, 1.00, 1.00, 1.00, 0.00, 1.00, 0.00, 0.00, 0.00, 0.00
4200,  0,  139.967,  0.98,  1, 0.47, 0.00, 0.77, 0.00, 0.00, 0.90, 0.00, 0.00, 0.20, 1.35, 0.79, 1.97, 0.13, 0.63, 0.00, 0.03, 0.00, 0.00, 1.00, 1.00, 1.00, 0.00, 1.00, 0.00, 1.00, 0.00, 1.00, 1.00, 1.00, 0.00, 1.00, 0.00, 0.00, 0.00, 0.00
4201,  0,  140.000,  0.98,  1, 0.43, 0.00, 0.77, 0.00, 0.00, 0.89, 0.00, 0.00, 0.19, 1.36, 0.82, 1.87, 0.18, 0.58, 0.00, 0.03, 0.00, 0.00, 1.00, 1.00, 0.00, 0.00, 1.00, 0.00, 1.00, 0.00, 1.00, 1.00, 1.00, 0.00, 1.00, 0.00, 0.00, 0.00, 0.00
4202,  0,  140.033,  0.98,  1, 0.41, 0.04, 0.79, 0.00, 0.00, 0.95, 0.00, 0.00, 0.17, 1.39, 0.88, 1.76, 0.14, 0.56, 0.00, 0.00, 0.00, 0.00, 1.00, 1.00, 0.00, 0.00, 1.00, 0.00, 1.00, 0.00, 1.00, 1.00, 1.00, 0.00, 1.00, 0.00, 0.00, 0.00, 0.00
4203,  0,  140.067,  0.98,  1, 0.44, 0.04, 0.85, 0.00, 0.00, 0.89, 0.00, 0.00, 0.14, 1.43, 0.97, 1.68, 0.16, 0.54, 0.00, 0.00, 0.00, 0.00, 1.00, 1.00, 0.00, 0.00, 1.00, 0.00, 1.00, 0.00, 1.00, 1.00, 1.00, 0.00, 1.00, 0.00, 0.00, 0.00, 0.00
4204,  0,  140.100,  0.98,  1, 0.46, 0.04, 0.89, 0.00, 0.00, 0.82, 0.00, 0.00, 0.15, 1.51, 1.05, 1.67, 0.19, 0.56, 0.00, 0.00, 0.00, 0.00, 1.00, 1.00, 0.00, 0.00, 1.00, 0.00, 1.00, 0.00, 1.00, 1.00, 1.00, 0.00, 1.00, 0.00, 0.00, 0.00, 0.00
4205,  0,  140.133,  0.98,  1, 0.47, 0.00, 0.93, 0.00, 0.00, 0.66, 0.00, 0.00, 0.16, 1.53, 1.02, 1.67, 0.28, 0.54, 0.00, 0.00, 0.00, 0.00, 1.00, 1.00, 0.00, 0.00, 1.00, 0.00, 1.00, 0.00, 1.00, 1.00, 1.00, 0.00, 1.00, 0.00, 0.00, 0.00, 0.00
4206,  0,  140.167,  0.98,  1, 0.48, 0.00, 0.91, 0.00, 0.00, 0.66, 0.00, 0.00, 0.16, 1.51, 1.02, 1.69, 0.29, 0.53, 0.00, 0.00, 0.00, 0.00, 0.00, 1.00, 0.00, 0.00, 1.00, 0.00, 1.00, 0.00, 1.00, 1.00, 1.00, 0.00, 1.00, 0.00, 0.00, 0.00, 0.00
4207,  0,  140.200,  0.98,  1, 0.48, 0.04, 0.83, 0.00, 0.00, 0.61, 0.00, 0.00, 0.17, 1.47, 1.00, 1.71, 0.30, 0.53, 0.00, 0.00, 0.00, 0.00, 0.00, 1.00, 0.00, 0.00, 1.00, 0.00, 1.00, 0.00, 1.00, 1.00, 1.00, 0.00, 1.00, 0.00, 0.00, 0.00, 0.00
4208,  0,  140.233,  0.98,  1, 0.46, 0.04, 0.76, 0.00, 0.00, 0.67, 0.00, 0.00, 0.17, 1.44, 0.95, 1.76, 0.30, 0.57, 0.00, 0.00, 0.00, 0.00, 0.00, 1.00, 0.00, 0.00, 1.00, 0.00, 1.00, 0.00, 1.00, 1.00, 1.00, 0.00, 1.00, 0.00, 0.00, 0.00, 0.00
4209,  0,  140.267,  0.98,  1, 0.46, 0.07, 0.77, 0.00, 0.00, 0.68, 0.00, 0.00, 0.16, 1.41, 0.90, 1.79, 0.32, 0.60, 0.00, 0.00, 0.00, 0.00, 0.00, 1.00, 0.00, 0.00, 1.00, 0.00, 1.00, 0.00, 1.00, 1.00, 1.00, 0.00, 1.00, 0.00, 0.00, 0.00, 0.00
4210,  0,  140.300,  0.98,  1, 0.36, 0.03, 0.84, 0.00, 0.00, 0.71, 0.00, 0.00, 0.14, 1.40, 0.88, 1.78, 0.35, 0.62, 0.00, 0.00, 0.00, 0.00, 0.00, 1.00, 0.00, 0.00, 1.00, 0.00, 1.00, 0.00, 1.00, 1.00, 1.00, 0.00, 1.00, 0.00, 0.00, 0.00, 0.00
4211,  0,  140.333,  0.98,  1, 0.30, 0.03, 0.84, 0.00, 0.00, 0.58, 0.00, 0.00, 0.10, 1.40, 0.96, 1.75, 0.35, 0.62, 0.00, 0.00, 0.00, 0.00, 0.00, 1.00, 1.00, 0.00, 1.00, 0.00, 1.00, 0.00, 1.00, 1.00, 1.00, 0.00, 1.00, 0.00, 0.00, 0.00, 0.00
4212,  0,  140.367,  0.98,  1, 0.20, 0.00, 0.83, 0.00, 0.00, 0.55, 0.00, 0.00, 0.06, 1.41, 0.97, 1.65, 0.37, 0.60, 0.00, 0.00, 0.00, 0.00, 0.00, 1.00, 1.00, 0.00, 1.00, 0.00, 1.00, 0.00, 1.00, 1.00, 1.00, 0.00, 1.00, 0.00, 0.00, 0.00, 0.00
4213,  0,  140.400,  0.98,  1, 0.23, 0.00, 0.84, 0.00, 0.00, 0.67, 0.00, 0.00, 0.02, 1.38, 0.94, 1.57, 0.33, 0.55, 0.00, 0.00, 0.00, 0.00, 0.00, 1.00, 1.00, 0.00, 1.00, 0.00, 1.00, 0.00, 1.00, 1.00, 1.00, 0.00, 1.00, 0.00, 0.00, 0.00, 0.00
4214,  0,  140.433,  0.98,  1, 0.22, 0.00, 0.92, 0.00, 0.00, 0.78, 0.00, 0.00, 0.02, 1.37, 0.87, 1.48, 0.26, 0.48, 0.00, 0.00, 0.00, 0.00, 0.00, 1.00, 1.00, 0.00, 1.00, 0.00, 1.00, 0.00, 1.00, 1.00, 1.00, 0.00, 1.00, 0.00, 0.00, 0.00, 0.00
4215,  0,  140.467,  0.98,  1, 0.22, 0.00, 0.95, 0.00, 0.00, 0.67, 0.00, 0.00, 0.04, 1.32, 0.91, 1.44, 0.21, 0.45, 0.00, 0.00, 0.00, 0.00, 0.00, 1.00, 1.00, 0.00, 1.00, 0.00, 1.00, 0.00, 1.00, 1.00, 1.00, 0.00, 1.00, 0.00, 0.00, 0.00, 0.00
4216,  0,  140.500,  0.98,  1, 0.19, 0.00, 0.97, 0.00, 0.00, 0.55, 0.00, 0.00, 0.07, 1.33, 1.01, 1.41, 0.17, 0.42, 0.00, 0.00, 0.00, 0.00, 0.00, 1.00, 1.00, 0.00, 1.00, 0.00, 1.00, 0.00, 1.00, 1.00, 1.00, 0.00, 1.00, 0.00, 0.00, 0.00, 0.00
4217,  0,  140.533,  0.98,  1, 0.21, 0.00, 0.93, 0.00, 0.00, 0.49, 0.00, 0.00, 0.07, 1.32, 1.09, 1.40, 0.14, 0.41, 0.00, 0.00, 0.00, 0.00, 0.00, 1.00, 1.00, 0.00, 1.00, 0.00, 1.00, 0.00, 1.00, 1.00, 1.00, 0.00, 0.00, 0.00, 0.00, 0.00, 0.00
4218,  0,  140.567,  0.98,  1, 0.21, 0.00, 0.95, 0.00, 0.00, 0.57, 0.00, 0.00, 0.08, 1.33, 1.11, 1.39, 0.13, 0.38, 0.00, 0.00, 0.00, 0.00, 0.00, 1.00, 1.00, 0.00, 1.00, 0.00, 1.00, 0.00, 1.00, 1.00, 1.00, 0.00, 0.00, 0.00, 0.00, 0.00, 0.00
4219,  0,  140.600,  0.98,  1, 0.25, 0.00, 0.87, 0.00, 0.00, 0.57, 0.00, 0.00, 0.06, 1.30, 1.07, 1.37, 0.22, 0.38, 0.00, 0.00, 0.00, 0.00, 0.00, 1.00, 1.00, 0.00, 1.00, 0.00, 1.00, 0.00, 1.00, 1.00, 1.00, 0.00, 0.00, 0.00, 0.00, 0.00, 0.00
4220,  0,  140.633,  0.98,  1, 0.25, 0.00, 0.84, 0.00, 0.00, 0.63, 0.00, 0.00, 0.04, 1.30, 1.09, 1.39, 0.37, 0.40, 0.00, 0.00, 0.00, 0.00, 0.00, 1.00, 1.00, 0.00, 1.00, 0.00, 1.00, 0.00, 1.00, 1.00, 1.00, 0.00, 0.00, 0.00, 0.00, 0.00, 0.00
4221,  0,  140.667,  0.98,  1, 0.25, 0.00, 0.76, 0.00, 0.00, 0.67, 0.00, 0.00, 0.04, 1.30, 1.09, 1.48, 0.45, 0.42, 0.00, 0.00, 0.00, 0.00, 0.00, 1.00, 1.00, 0.00, 1.00, 0.00, 1.00, 0.00, 1.00, 1.00, 1.00, 0.00, 0.00, 0.00, 0.00, 0.00, 0.00
4222,  0,  140.700,  0.98,  1, 0.29, 0.00, 0.83, 0.00, 0.00, 0.77, 0.00, 0.00, 0.04, 1.24, 1.11, 1.64, 0.54, 0.45, 0.00, 0.00, 0.00, 0.00, 0.00, 1.00, 1.00, 0.00, 1.00, 0.00, 1.00, 0.00, 1.00, 1.00, 1.00, 0.00, 0.00, 0.00, 0.00, 0.00, 0.00
4223,  0,  140.733,  0.98,  1, 0.30, 0.00, 0.94, 0.00, 0.00, 0.91, 0.00, 0.00, 0.10, 1.21, 1.12, 1.69, 0.58, 0.44, 0.00, 0.00, 0.00, 0.00, 0.00, 1.00, 0.00, 0.00, 1.00, 0.00, 1.00, 0.00, 1.00, 1.00, 1.00, 0.00, 1.00, 0.00, 0.00, 0.00, 0.00
4224,  0,  140.767,  0.98,  1, 0.39, 0.00, 1.10, 0.00, 0.00, 1.13, 0.00, 0.00, 0.17, 1.27, 1.07, 1.77, 0.54, 0.40, 0.00, 0.07, 0.25, 0.00, 0.00, 1.00, 0.00, 0.00, 1.00, 0.00, 1.00, 0.00, 1.00, 1.00, 1.00, 0.00, 1.00, 0.00, 0.00, 0.00, 1.00
4225,  0,  140.800,  0.98,  1, 0.36, 0.00, 1.24, 0.00, 0.00, 1.11, 0.00, 0.00, 0.26, 1.47, 1.03, 1.80, 0.51, 0.34, 0.00, 0.13, 0.64, 0.00, 0.00, 1.00, 0.00, 0.00, 1.00, 0.00, 1.00, 0.00, 1.00, 1.00, 1.00, 0.00, 1.00, 0.00, 0.00, 0.00, 1.00
4226,  0,  140.833,  0.98,  1, 0.38, 0.00, 1.26, 0.00, 0.00, 0.82, 0.00, 0.00, 0.31, 1.64, 1.03, 1.89, 0.45, 0.27, 0.00, 0.18, 1.08, 0.00, 0.00, 1.00, 0.00, 0.00, 1.00, 0.00, 1.00, 0.00, 1.00, 1.00, 1.00, 0.00, 1.00, 0.00, 0.00, 0.00, 1.00
4227,  0,  140.867,  0.98,  1, 0.28, 0.00, 1.23, 0.03, 0.00, 0.49, 0.00, 0.00, 0.31, 1.60, 1.20, 1.83, 0.49, 0.21, 0.00, 0.11, 1.36, 0.00, 0.00, 1.00, 0.00, 0.00, 1.00, 0.00, 1.00, 0.00, 1.00, 1.00, 1.00, 0.00, 1.00, 0.00, 0.00, 0.00, 1.00
4228,  0,  140.900,  0.98,  1, 0.18, 0.00, 1.12, 0.06, 0.00, 0.27, 0.00, 0.00, 0.32, 1.52, 1.25, 1.80, 0.42, 0.18, 0.00, 0.05, 1.46, 0.00, 0.00, 1.00, 0.00, 0.00, 1.00, 0.00, 1.00, 0.00, 1.00, 1.00, 1.00, 0.00, 1.00, 0.00, 0.00, 0.00, 1.00
4229,  0,  140.933,  0.98,  1, 0.08, 0.00, 1.10, 0.10, 0.00, 0.36, 0.00, 0.00, 0.30, 1.41, 1.26, 1.72, 0.37, 0.13, 0.00, 0.00, 1.60, 0.00, 0.00, 1.00, 0.00, 0.00, 1.00, 0.00, 1.00, 0.00, 1.00, 1.00, 1.00, 0.00, 1.00, 0.00, 0.00, 0.00, 1.00
4230,  0,  140.967,  0.93,  1, 0.15, 0.00, 1.20, 0.07, 0.04, 0.48, 0.00, 0.02, 0.23, 1.35, 1.12, 1.65, 0.29, 0.08, 0.00, 0.00, 1.62, 0.00, 0.00, 1.00, 0.00, 0.00, 1.00, 0.00, 1.00, 0.00, 1.00, 1.00, 1.00, 0.00, 1.00, 0.00, 0.00, 0.00, 1.00
4231,  0,  141.000,  0.98,  1, 0.25, 0.00, 1.36, 0.04, 0.10, 0.78, 0.00, 0.05, 0.15, 1.14, 1.04, 1.55, 0.21, 0.02, 0.00, 0.00, 1.63, 0.00, 0.00, 1.00, 0.00, 0.00, 1.00, 0.00, 1.00, 0.00, 1.00, 1.00, 1.00, 0.00, 1.00, 0.00, 0.00, 0.00, 1.00
4232,  0,  141.033,  0.98,  1, 0.32, 0.00, 1.49, 0.00, 0.19, 1.02, 0.00, 0.07, 0.06, 0.91, 0.92, 1.54, 0.23, 0.00, 0.00, 0.00, 1.34, 0.00, 0.00, 1.00, 0.00, 0.00, 1.00, 0.00, 1.00, 0.00, 1.00, 1.00, 1.00, 0.00, 1.00, 0.00, 0.00, 0.00, 1.00
4233,  0,  141.067,  0.98,  1, 0.33, 0.00, 1.48, 0.00, 0.21, 1.15, 0.00, 0.11, 0.03, 0.81, 0.85, 1.49, 0.38, 0.00, 0.00, 0.00, 0.93, 0.00, 0.00, 1.00, 0.00, 0.00, 1.00, 0.00, 1.00, 0.00, 1.00, 1.00, 1.00, 0.00, 1.00, 0.00, 0.00, 0.00, 1.00
4234,  0,  141.100,  0.98,  1, 0.34, 0.00, 1.44, 0.00, 0.23, 1.21, 0.00, 0.21, 0.00, 0.77, 0.94, 1.44, 0.33, 0.00, 0.00, 0.00, 0.43, 0.00, 0.00, 1.00, 0.00, 0.00, 1.00, 0.00, 1.00, 0.00, 1.00, 1.00, 1.00, 0.00, 1.00, 0.00, 0.00, 0.00, 1.00
4235,  0,  141.133,  0.98,  1, 0.31, 0.00, 1.44, 0.00, 0.20, 1.28, 0.00, 0.37, 0.03, 0.81, 1.08, 1.34, 0.23, 0.00, 0.00, 0.00, 0.14, 0.00, 0.00, 1.00, 0.00, 0.00, 1.00, 0.00, 1.00, 0.00, 1.00, 1.00, 1.00, 0.00, 1.00, 0.00, 0.00, 0.00, 1.00
4236,  0,  141.167,  0.98,  1, 0.30, 0.01, 1.46, 0.00, 0.17, 1.17, 0.00, 0.30, 0.03, 0.93, 1.08, 1.54, 0.06, 0.07, 0.00, 0.00, 0.00, 0.00, 0.00, 1.00, 0.00, 0.00, 1.00, 0.00, 1.00, 0.00, 1.00, 1.00, 1.00, 0.00, 1.00, 0.00, 0.00, 0.00, 1.00
4237,  0,  141.200,  0.98,  1, 0.19, 0.01, 1.44, 0.00, 0.15, 1.13, 0.00, 0.21, 0.06, 1.01, 0.86, 1.64, 0.14, 0.07, 0.00, 0.00, 0.00, 0.00, 0.00, 1.00, 0.00, 0.00, 1.00, 0.00, 1.00, 0.00, 1.00, 1.00, 1.00, 0.00, 1.00, 0.00, 0.00, 0.00, 0.00
4238,  0,  141.233,  0.98,  1, 0.11, 0.01, 1.44, 0.00, 0.15, 1.17, 0.00, 0.10, 0.12, 1.00, 0.48, 1.63, 0.13, 0.07, 0.23, 0.06, 0.00, 0.00, 0.00, 1.00, 1.00, 0.00, 1.00, 0.00, 1.00, 0.00, 1.00, 1.00, 1.00, 0.00, 1.00, 0.00, 0.00, 0.00, 0.00
4239,  0,  141.267,  0.98,  1, 0.03, 0.00, 1.41, 0.00, 0.21, 1.37, 0.00, 0.21, 0.26, 0.82, 0.23, 1.32, 0.09, 0.00, 0.68, 0.22, 0.00, 0.00, 0.00, 1.00, 1.00, 0.00, 1.00, 0.00, 1.00, 0.00, 1.00, 0.00, 1.00, 0.00, 1.00, 0.00, 0.00, 0.00, 0.00
4240,  0,  141.300,  0.98,  1, 0.13, 0.03, 1.39, 0.00, 0.26, 1.58, 0.00, 0.35, 0.42, 0.80, 0.06, 1.10, 0.01, 0.00, 1.24, 0.44, 0.00, 0.00, 0.00, 1.00, 1.00, 0.00, 1.00, 0.00, 1.00, 0.00, 1.00, 0.00, 1.00, 0.00, 1.00, 1.00, 1.00, 0.00, 0.00
4241,  0,  141.333,  0.98,  1, 0.18, 0.03, 1.41, 0.00, 0.36, 1.68, 0.00, 0.48, 0.57, 0.83, 0.01, 0.96, 0.00, 0.00, 1.61, 0.76, 0.00, 0.00, 0.00, 1.00, 1.00, 0.00, 1.00, 0.00, 1.00, 1.00, 1.00, 0.00, 1.00, 0.00, 1.00, 1.00, 1.00, 0.00, 0.00
4242,  0,  141.367,  0.98,  1, 0.25, 0.03, 1.42, 0.00, 0.38, 1.61, 0.00, 0.60, 0.66, 0.80, 0.00, 0.90, 0.00, 0.00, 1.83, 0.93, 0.00, 0.00, 0.00, 1.00, 1.00, 0.00, 1.00, 0.00, 1.00, 1.00, 1.00, 0.00, 1.00, 0.00, 1.00, 1.00, 1.00, 0.00, 0.00
4243,  0,  141.400,  0.98,  1, 0.22, 0.00, 1.37, 0.00, 0.40, 1.46, 0.00, 0.64, 0.65, 0.82, 0.00, 0.88, 0.00, 0.00, 1.85, 1.00, 0.00, 0.00, 0.00, 1.00, 1.00, 0.00, 1.00, 0.00, 1.00, 1.00, 1.00, 0.00, 1.00, 0.00, 1.00, 1.00, 1.00, 0.00, 0.00
4244,  0,  141.433,  0.98,  1, 0.30, 0.01, 1.28, 0.00, 0.34, 1.27, 0.00, 0.67, 0.56, 0.84, 0.00, 0.83, 0.00, 0.00, 1.88, 0.89, 0.00, 0.00, 0.00, 1.00, 1.00, 0.00, 1.00, 0.00, 1.00, 1.00, 1.00, 0.00, 1.00, 0.00, 1.00, 1.00, 1.00, 0.00, 0.00
4245,  0,  141.467,  0.98,  1, 0.33, 0.01, 1.25, 0.00, 0.37, 1.30, 0.00, 0.65, 0.45, 0.94, 0.00, 0.76, 0.01, 0.00, 1.79, 0.82, 0.00, 0.00, 0.00, 1.00, 1.00, 0.00, 1.00, 0.00, 1.00, 0.00, 1.00, 0.00, 1.00, 0.00, 1.00, 1.00, 1.00, 0.00, 0.00
4246,  0,  141.500,  0.98,  1, 0.33, 0.03, 1.31, 0.00, 0.32, 1.21, 0.00, 0.65, 0.41, 0.98, 0.00, 0.72, 0.01, 0.00, 1.79, 0.93, 0.00, 0.00, 0.00, 1.00, 1.00, 0.00, 1.00, 0.00, 1.00, 0.00, 1.00, 0.00, 1.00, 0.00, 1.00, 1.00, 1.00, 0.00, 0.00
4247,  0,  141.533,  0.98,  1, 0.24, 0.08, 1.23, 0.00, 0.37, 1.32, 0.00, 0.65, 0.38, 1.02, 0.00, 0.76, 0.02, 0.00, 1.66, 1.01, 0.00, 0.00, 0.00, 1.00, 1.00, 0.00, 1.00, 0.00, 1.00, 0.00, 1.00, 0.00, 0.00, 0.00, 1.00, 1.00, 1.00, 0.00, 0.00
4248,  0,  141.567,  0.98,  1, 0.14, 0.08, 1.13, 0.00, 0.31, 1.27, 0.00, 0.55, 0.34, 0.94, 0.00, 0.61, 0.19, 0.00, 1.60, 1.14, 0.00, 0.00, 0.00, 1.00, 1.00, 0.00, 1.00, 0.00, 1.00, 0.00, 1.00, 0.00, 0.00, 0.00, 1.00, 1.00, 1.00, 0.00, 0.00
4249,  0,  141.600,  0.98,  1, 0.11, 0.06, 1.03, 0.00, 0.30, 1.36, 0.00, 0.43, 0.26, 0.84, 0.00, 0.45, 0.35, 0.00, 1.50, 1.13, 0.00, 0.00, 0.00, 0.00, 1.00, 0.00, 1.00, 0.00, 1.00, 0.00, 1.00, 0.00, 0.00, 0.00, 1.00, 1.00, 1.00, 0.00, 0.00
4250,  0,  141.633,  0.98,  1, 0.13, 0.00, 0.95, 0.00, 0.26, 1.16, 0.00, 0.34, 0.19, 0.86, 0.00, 0.39, 0.43, 0.00, 1.40, 1.20, 0.00, 0.00, 0.00, 0.00, 1.00, 0.00, 1.00, 0.00, 1.00, 0.00, 1.00, 0.00, 1.00, 0.00, 1.00, 1.00, 1.00, 0.00, 0.00
4251,  0,  141.667,  0.98,  1, 0.11, 0.00, 0.86, 0.00, 0.33, 1.27, 0.00, 0.38, 0.12, 0.89, 0.00, 0.61, 0.41, 0.00, 1.07, 1.16, 0.00, 0.00, 0.00, 0.00, 1.00, 0.00, 1.00, 0.00, 1.00, 0.00, 1.00, 0.00, 1.00, 0.00, 1.00, 1.00, 1.00, 0.00, 0.00
4252,  0,  141.700,  0.98,  1, 0.06, 0.00, 0.77, 0.00, 0.40, 1.39, 0.00, 0.33, 0.07, 0.89, 0.04, 0.89, 0.44, 0.08, 0.60, 1.06, 0.00, 0.00, 0.00, 0.00, 1.00, 0.00, 1.00, 0.00, 1.00, 0.00, 1.00, 1.00, 1.00, 0.00, 1.00, 0.00, 1.00, 0.00, 0.00
4253,  0,  141.733,  0.98,  1, 0.00, 0.00, 0.73, 0.00, 0.45, 1.54, 0.00, 0.23, 0.01, 0.72, 0.10, 1.09, 0.51, 0.19, 0.20, 0.86, 0.00, 0.00, 0.00, 0.00, 1.00, 0.00, 1.00, 0.00, 1.00, 0.00, 1.00, 1.00, 1.00, 0.00, 1.00, 0.00, 1.00, 0.00, 0.00
4254,  0,  141.767,  0.98,  1, 0.00, 0.00, 0.72, 0.18, 0.43, 1.55, 0.00, 0.14, 0.00, 0.79, 0.16, 1.21, 0.42, 0.33, 0.00, 0.75, 0.00, 0.00, 0.00, 0.00, 1.00, 0.00, 1.00, 0.00, 1.00, 0.00, 1.00, 1.00, 1.00, 0.00, 1.00, 0.00, 0.00, 0.00, 0.00
4255,  0,  141.800,  0.98,  1, 0.00, 0.00, 0.69, 0.36, 0.39, 1.52, 0.00, 0.13, 0.00, 0.84, 0.23, 1.34, 0.24, 0.44, 0.00, 0.72, 0.00, 0.00, 0.00, 0.00, 1.00, 0.00, 1.00, 0.00, 1.00, 0.00, 1.00, 1.00, 1.00, 0.00, 1.00, 0.00, 0.00, 0.00, 0.00
4256,  0,  141.833,  0.98,  1, 0.00, 0.00, 0.71, 0.49, 0.33, 1.60, 0.00, 0.10, 0.00, 0.94, 0.32, 1.42, 0.16, 0.49, 0.00, 0.72, 0.00, 0.00, 0.00, 0.00, 1.00, 0.00, 1.00, 0.00, 1.00, 0.00, 1.00, 1.00, 1.00, 0.00, 1.00, 0.00, 0.00, 0.00, 0.00
4257,  0,  141.867,  0.98,  1, 0.13, 0.02, 0.72, 0.49, 0.23, 1.58, 0.00, 0.09, 0.00, 0.85, 0.42, 1.58, 0.14, 0.51, 0.00, 0.61, 0.00, 0.00, 0.00, 0.00, 1.00, 0.00, 1.00, 0.00, 1.00, 0.00, 1.00, 1.00, 1.00, 0.00, 1.00, 0.00, 0.00, 0.00, 0.00
4258,  0,  141.900,  0.98,  1, 0.19, 0.02, 0.85, 0.51, 0.23, 1.53, 0.00, 0.05, 0.00, 0.67, 0.39, 1.50, 0.17, 0.49, 0.00, 0.35, 0.00, 0.00, 0.00, 0.00, 1.00, 0.00, 1.00, 0.00, 1.00, 0.00, 1.00, 1.00, 1.00, 0.00, 1.00, 0.00, 0.00, 0.00, 0.00
4259,  0,  141.933,  0.98,  1, 0.19, 0.02, 0.87, 0.49, 0.21, 1.25, 0.00, 0.05, 0.00, 0.58, 0.30, 1.44, 0.16, 0.46, 0.00, 0.14, 0.00, 0.00, 0.00, 0.00, 1.00, 0.00, 1.00, 0.00, 1.00, 0.00, 1.00, 1.00, 1.00, 0.00, 1.00, 0.00, 0.00, 0.00, 0.00
4260,  0,  141.967,  0.98,  1, 0.19, 0.00, 1.00, 0.31, 0.31, 1.27, 0.00, 0.05, 0.00, 0.44, 0.13, 1.27, 0.32, 0.35, 0.13, 0.26, 0.00, 0.00, 0.00, 0.00, 1.00, 0.00, 1.00, 0.00, 1.00, 0.00, 1.00, 1.00, 1.00, 0.00, 1.00, 0.00, 0.00, 0.00, 0.00
4261,  0,  142.000,  0.98,  1, 0.21, 0.00, 1.09, 0.12, 0.34, 1.35, 0.00, 0.05, 0.08, 0.41, 0.09, 1.17, 0.45, 0.18, 0.57, 0.58, 0.28, 0.00, 0.00, 0.00, 1.00, 0.00, 1.00, 0.00, 1.00, 0.00, 1.00, 1.00, 1.00, 0.00, 1.00, 0.00, 1.00, 0.00, 0.00
4262,  0,  142.033,  0.98,  1, 0.26, 0.00, 1.16, 0.12, 0.34, 1.57, 0.00, 0.09, 0.22, 0.20, 0.03, 0.92, 0.48, 0.05, 1.21, 0.89, 0.91, 0.00, 0.00, 1.00, 1.00, 0.00, 1.00, 0.00, 1.00, 0.00, 1.00, 1.00, 1.00, 0.00, 1.00, 1.00, 1.00, 0.00, 1.00
4263,  0,  142.067,  0.98,  1, 0.27, 0.00, 1.09, 0.20, 0.32, 1.49, 0.00, 0.08, 0.36, 0.11, 0.03, 0.69, 0.41, 0.00, 1.78, 0.90, 1.54, 0.00, 0.00, 1.00, 1.00, 0.00, 1.00, 0.00, 1.00, 0.00, 1.00, 1.00, 1.00, 0.00, 1.00, 1.00, 1.00, 0.00, 1.00
4264,  0,  142.100,  0.98,  1, 0.26, 0.00, 1.02, 0.34, 0.25, 1.37, 0.00, 0.14, 0.39, 0.06, 0.01, 0.54, 0.38, 0.00, 1.84, 0.78, 1.93, 0.00, 0.00, 1.00, 1.00, 0.00, 1.00, 0.00, 1.00, 0.00, 1.00, 1.00, 1.00, 0.00, 1.00, 1.00, 1.00, 0.00, 1.00
4265,  0,  142.133,  0.98,  1, 0.27, 0.00, 1.09, 0.38, 0.28, 1.49, 0.00, 0.17, 0.28, 0.16, 0.01, 0.62, 0.46, 0.00, 1.56, 0.63, 1.88, 0.00, 0.00, 1.00, 1.00, 0.00, 1.00, 0.00, 1.00, 0.00, 1.00, 1.00, 1.00, 0.00, 1.00, 1.00, 1.00, 0.00, 1.00
4266,  0,  142.167,  0.98,  1, 0.22, 0.00, 1.13, 0.34, 0.32, 1.67, 0.00, 0.21, 0.16, 0.29, 0.01, 0.77, 0.51, 0.00, 0.99, 0.52, 1.68, 0.00, 0.00, 1.00, 1.00, 0.00, 1.00, 0.00, 1.00, 0.00, 1.00, 1.00, 1.00, 0.00, 1.00, 0.00, 1.00, 0.00, 1.00
4267,  0,  142.200,  0.98,  1, 0.17, 0.00, 1.11, 0.19, 0.42, 1.74, 0.00, 0.22, 0.05, 0.31, 0.01, 0.95, 0.64, 0.00, 0.64, 0.49, 1.23, 0.00, 0.00, 0.00, 1.00, 0.00, 1.00, 0.00, 1.00, 0.00, 1.00, 1.00, 1.00, 0.00, 1.00, 0.00, 1.00, 0.00, 1.00
4268,  0,  142.233,  0.98,  1, 0.19, 0.00, 1.03, 0.04, 0.44, 1.64, 0.00, 0.29, 0.09, 0.21, 0.01, 1.06, 0.64, 0.00, 0.57, 0.63, 0.75, 0.00, 0.00, 0.00, 1.00, 0.00, 1.00, 0.00, 1.00, 0.00, 1.00, 1.00, 1.00, 0.00, 1.00, 0.00, 1.00, 0.00, 1.00
4269,  0,  142.267,  0.98,  1, 0.20, 0.00, 0.98, 0.00, 0.42, 1.54, 0.00, 0.31, 0.07, 0.28, 0.01, 1.07, 0.69, 0.00, 0.75, 0.84, 0.32, 0.00, 0.00, 0.00, 1.00, 0.00, 1.00, 0.00, 1.00, 0.00, 1.00, 1.00, 1.00, 0.00, 1.00, 0.00, 1.00, 0.00, 1.00
4270,  0,  142.300,  0.98,  1, 0.25, 0.00, 0.95, 0.00, 0.30, 1.39, 0.00, 0.34, 0.07, 0.39, 0.00, 1.02, 0.65, 0.00, 1.13, 1.01, 0.11, 0.00, 0.00, 0.00, 1.00, 0.00, 1.00, 0.00, 1.00, 0.00, 1.00, 1.00, 1.00, 0.00, 1.00, 1.00, 1.00, 0.00, 1.00
4271,  0,  142.333,  0.98,  1, 0.24, 0.00, 1.00, 0.00, 0.23, 1.35, 0.00, 0.36, 0.00, 0.49, 0.00, 0.90, 0.58, 0.00, 1.17, 1.01, 0.00, 0.00, 0.00, 0.00, 1.00, 0.00, 1.00, 0.00, 1.00, 0.00, 1.00, 1.00, 1.00, 0.00, 1.00, 1.00, 1.00, 0.00, 1.00
4272,  0,  142.367,  0.98,  1, 0.17, 0.00, 1.13, 0.00, 0.27, 1.28, 0.00, 0.33, 0.04, 0.44, 0.00, 0.76, 0.51, 0.00, 1.33, 1.06, 0.06, 0.00, 0.00, 0.00, 1.00, 0.00, 1.00, 0.00, 1.00, 0.00, 1.00, 1.00, 1.00, 0.00, 1.00, 1.00, 1.00, 0.00, 1.00
4273,  0,  142.400,  0.98,  1, 0.17, 0.00, 1.19, 0.00, 0.33, 1.26, 0.00, 0.28, 0.04, 0.45, 0.00, 0.69, 0.51, 0.00, 1.26, 0.94, 0.06, 0.00, 0.00, 1.00, 1.00, 0.00, 1.00, 0.00, 1.00, 0.00, 1.00, 1.00, 0.00, 0.00, 1.00, 1.00, 1.00, 0.00, 0.00
4274,  0,  142.433,  0.98,  1, 0.20, 0.00, 1.25, 0.00, 0.36, 1.19, 0.00, 0.21, 0.06, 0.59, 0.00, 0.59, 0.59, 0.00, 1.34, 0.80, 0.06, 0.00, 0.00, 1.00, 1.00, 0.00, 1.00, 0.00, 1.00, 0.00, 1.00, 1.00, 0.00, 0.00, 1.00, 1.00, 1.00, 0.00, 0.00
4275,  0,  142.467,  0.98,  1, 0.28, 0.00, 1.25, 0.00, 0.32, 1.27, 0.00, 0.22, 0.03, 0.65, 0.00, 0.55, 0.55, 0.00, 1.22, 0.57, 0.00, 0.00, 0.00, 1.00, 1.00, 0.00, 1.00, 0.00, 1.00, 0.00, 1.00, 1.00, 0.00, 0.00, 1.00, 1.00, 1.00, 0.00, 0.00
4276,  0,  142.500,  0.98,  1, 0.33, 0.00, 1.21, 0.00, 0.29, 1.48, 0.00, 0.25, 0.03, 0.71, 0.00, 0.49, 0.50, 0.00, 1.14, 0.47, 0.00, 0.00, 0.00, 1.00, 1.00, 0.00, 1.00, 0.00, 1.00, 0.00, 1.00, 1.00, 0.00, 0.00, 1.00, 1.00, 1.00, 0.00, 0.00
4277,  0,  142.533,  0.98,  1, 0.38, 0.00, 1.19, 0.00, 0.24, 1.41, 0.00, 0.25, 0.02, 0.65, 0.00, 0.58, 0.54, 0.00, 0.98, 0.46, 0.00, 0.00, 0.00, 1.00, 1.00, 0.00, 1.00, 0.00, 1.00, 0.00, 1.00, 1.00, 0.00, 0.00, 1.00, 1.00, 1.00, 0.00, 0.00
4278,  0,  142.567,  0.98,  1, 0.32, 0.00, 1.19, 0.00, 0.18, 1.33, 0.00, 0.17, 0.00, 0.71, 0.00, 0.71, 0.57, 0.00, 0.86, 0.40, 0.00, 0.00, 0.00, 1.00, 1.00, 0.00, 1.00, 0.00, 1.00, 0.00, 1.00, 1.00, 1.00, 0.00, 1.00, 1.00, 1.00, 0.00, 0.00
4279,  0,  142.600,  0.98,  1, 0.25, 0.00, 1.19, 0.00, 0.12, 1.18, 0.00, 0.16, 0.00, 0.74, 0.03, 0.84, 0.48, 0.00, 0.66, 0.38, 0.01, 0.00, 0.00, 1.00, 1.00, 0.00, 1.00, 0.00, 1.00, 0.00, 1.00, 1.00, 1.00, 0.00, 1.00, 0.00, 1.00, 0.00, 0.00
4280,  0,  142.633,  0.98,  1, 0.29, 0.00, 1.18, 0.00, 0.09, 1.16, 0.00, 0.13, 0.00, 0.86, 0.03, 0.90, 0.36, 0.00, 0.52, 0.39, 0.01, 0.00, 0.00, 1.00, 1.00, 0.00, 1.00, 0.00, 1.00, 0.00, 1.00, 1.00, 1.00, 0.00, 1.00, 0.00, 1.00, 0.00, 0.00
4281,  0,  142.667,  0.98,  1, 0.33, 0.00, 1.17, 0.00, 0.09, 1.17, 0.00, 0.21, 0.00, 0.89, 0.08, 1.02, 0.36, 0.00, 0.36, 0.41, 0.01, 0.00, 0.00, 1.00, 1.00, 0.00, 1.00, 0.00, 1.00, 0.00, 1.00, 1.00, 1.00, 0.00, 1.00, 0.00, 1.00, 0.00, 0.00
4282,  0,  142.700,  0.98,  1, 0.42, 0.00, 1.19, 0.00, 0.08, 1.15, 0.00, 0.24, 0.00, 0.94, 0.09, 1.10, 0.40, 0.00, 0.24, 0.40, 0.00, 0.00, 0.00, 1.00, 1.00, 0.00, 1.00, 0.00, 1.00, 0.00, 1.00, 1.00, 1.00, 0.00, 1.00, 0.00, 1.00, 0.00, 0.00
4283,  0,  142.733,  0.98,  1, 0.32, 0.00, 1.16, 0.00, 0.08, 1.28, 0.00, 0.23, 0.00, 0.96, 0.08, 1.13, 0.33, 0.00, 0.12, 0.24, 0.00, 0.00, 0.00, 1.00, 1.00, 0.00, 1.00, 0.00, 1.00, 0.00, 1.00, 1.00, 1.00, 0.00, 1.00, 0.00, 0.00, 0.00, 0.00
4284,  0,  142.767,  0.98,  1, 0.29, 0.00, 1.07, 0.00, 0.03, 1.18, 0.00, 0.15, 0.00, 0.74, 0.03, 1.09, 0.34, 0.06, 0.04, 0.18, 0.00, 0.00, 0.00, 1.00, 1.00, 0.00, 1.00, 0.00, 1.00, 0.00, 1.00, 1.00, 1.00, 0.00, 1.00, 0.00, 0.00, 0.00, 0.00
4285,  0,  142.800,  0.98,  1, 0.18, 0.00, 1.16, 0.00, 0.01, 1.25, 0.00, 0.04, 0.00, 0.54, 0.05, 1.02, 0.31, 0.06, 0.01, 0.09, 0.00, 0.00, 0.00, 1.00, 1.00, 0.00, 1.00, 0.00, 1.00, 0.00, 1.00, 1.00, 1.00, 0.00, 1.00, 0.00, 0.00, 0.00, 0.00
4286,  0,  142.833,  0.98,  1, 0.12, 0.00, 1.24, 0.00, 0.00, 1.27, 0.00, 0.02, 0.00, 0.43, 0.11, 1.08, 0.36, 0.06, 0.01, 0.07, 0.00, 0.00, 0.00, 1.00, 1.00, 0.00, 1.00, 0.00, 1.00, 0.00, 1.00, 1.00, 1.00, 0.00, 1.00, 0.00, 0.00, 0.00, 0.00
4287,  0,  142.867,  0.98,  1, 0.15, 0.00, 1.31, 0.00, 0.00, 1.35, 0.00, 0.02, 0.00, 0.61, 0.17, 1.06, 0.21, 0.00, 0.01, 0.01, 0.00, 0.00, 0.00, 1.00, 1.00, 0.00, 1.00, 0.00, 1.00, 0.00, 1.00, 1.00, 1.00, 0.00, 1.00, 0.00, 0.00, 0.00, 0.00
4288,  0,  142.900,  0.98,  1, 0.21, 0.00, 1.25, 0.00, 0.06, 1.28, 0.00, 0.07, 0.00, 0.76, 0.21, 1.07, 0.21, 0.01, 0.01, 0.00, 0.00, 0.00, 0.00, 1.00, 1.00, 0.00, 1.00, 0.00, 1.00, 0.00, 1.00, 1.00, 1.00, 0.00, 1.00, 0.00, 0.00, 0.00, 0.00
4289,  0,  142.933,  0.98,  1, 0.25, 0.00, 1.28, 0.00, 0.11, 1.23, 0.00, 0.07, 0.00, 0.81, 0.15, 0.93, 0.15, 0.01, 0.03, 0.04, 0.02, 0.00, 0.00, 1.00, 1.00, 0.00, 1.00, 0.00, 1.00, 0.00, 1.00, 1.00, 1.00, 0.00, 1.00, 0.00, 0.00, 0.00, 0.00
4290,  0,  142.967,  0.98,  1, 0.23, 0.00, 1.35, 0.00, 0.15, 1.25, 0.00, 0.13, 0.00, 0.84, 0.13, 0.86, 0.20, 0.01, 0.02, 0.04, 0.02, 0.00, 0.00, 1.00, 1.00, 0.00, 1.00, 0.00, 1.00, 0.00, 1.00, 1.00, 1.00, 0.00, 1.00, 0.00, 0.00, 0.00, 0.00
4291,  0,  143.000,  0.98,  1, 0.23, 0.00, 1.39, 0.00, 0.14, 1.38, 0.00, 0.10, 0.00, 0.87, 0.11, 0.81, 0.15, 0.00, 0.02, 0.04, 0.02, 0.00, 0.00, 1.00, 1.00, 0.00, 1.00, 0.00, 1.00, 0.00, 1.00, 1.00, 1.00, 0.00, 1.00, 0.00, 0.00, 0.00, 0.00
4292,  0,  143.033,  0.98,  1, 0.22, 0.00, 1.35, 0.00, 0.11, 1.49, 0.00, 0.11, 0.00, 0.97, 0.23, 0.86, 0.14, 0.02, 0.00, 0.00, 0.05, 0.00, 0.00, 1.00, 1.00, 0.00, 1.00, 0.00, 1.00, 0.00, 1.00, 1.00, 1.00, 0.00, 1.00, 0.00, 0.00, 0.00, 0.00
4293,  0,  143.067,  0.98,  1, 0.26, 0.03, 1.38, 0.00, 0.06, 1.44, 0.00, 0.06, 0.00, 1.05, 0.39, 0.90, 0.09, 0.02, 0.00, 0.02, 0.07, 0.00, 0.00, 1.00, 1.00, 0.00, 1.00, 0.00, 1.00, 0.00, 1.00, 1.00, 1.00, 0.00, 1.00, 0.00, 0.00, 0.00, 0.00
4294,  0,  143.100,  0.98,  1, 0.25, 0.03, 1.33, 0.00, 0.05, 1.39, 0.00, 0.04, 0.00, 1.04, 0.55, 0.99, 0.15, 0.02, 0.00, 0.10, 0.07, 0.00, 0.00, 1.00, 1.00, 0.00, 1.00, 0.00, 1.00, 0.00, 1.00, 1.00, 1.00, 0.00, 1.00, 0.00, 0.00, 0.00, 0.00
4295,  0,  143.133,  0.98,  1, 0.30, 0.03, 1.28, 0.00, 0.08, 1.33, 0.00, 0.06, 0.00, 1.01, 0.56, 0.99, 0.25, 0.00, 0.00, 0.11, 0.09, 0.00, 0.00, 1.00, 1.00, 0.00, 1.00, 0.00, 1.00, 0.00, 1.00, 1.00, 1.00, 0.00, 1.00, 0.00, 0.00, 0.00, 0.00
4296,  0,  143.167,  0.98,  1, 0.19, 0.00, 1.15, 0.00, 0.14, 1.30, 0.00, 0.08, 0.00, 1.01, 0.40, 0.99, 0.31, 0.00, 0.00, 0.09, 0.14, 0.00, 0.00, 1.00, 1.00, 0.00, 1.00, 0.00, 1.00, 0.00, 1.00, 1.00, 1.00, 0.00, 1.00, 0.00, 0.00, 0.00, 0.00
4297,  0,  143.200,  0.98,  1, 0.13, 0.00, 1.15, 0.00, 0.22, 1.36, 0.00, 0.08, 0.00, 1.07, 0.17, 0.90, 0.30, 0.01, 0.00, 0.01, 0.25, 0.00, 0.00, 1.00, 1.00, 0.00, 1.00, 0.00, 1.00, 0.00, 1.00, 1.00, 1.00, 0.00, 1.00, 0.00, 0.00, 0.00, 0.00
4298,  0,  143.233,  0.98,  1, 0.01, 0.00, 1.05, 0.00, 0.23, 1.35, 0.00, 0.04, 0.00, 1.20, 0.03, 0.85, 0.29, 0.03, 0.00, 0.02, 0.31, 0.00, 0.00, 1.00, 1.00, 0.00, 1.00, 0.00, 1.00, 0.00, 1.00, 1.00, 1.00, 0.00, 1.00, 0.00, 0.00, 0.00, 0.00
4299,  0,  143.267,  0.98,  1, 0.02, 0.00, 1.09, 0.00, 0.26, 1.44, 0.00, 0.05, 0.00, 1.26, 0.06, 0.86, 0.29, 0.03, 0.00, 0.04, 0.24, 0.00, 0.00, 1.00, 1.00, 0.00, 1.00, 0.00, 1.00, 0.00, 1.00, 1.00, 1.00, 0.00, 1.00, 0.00, 0.00, 0.00, 0.00
4300,  0,  143.300,  0.98,  1, 0.02, 0.00, 1.04, 0.00, 0.24, 1.36, 0.00, 0.10, 0.00, 1.36, 0.10, 0.85, 0.24, 0.02, 0.00, 0.06, 0.20, 0.00, 0.00, 1.00, 1.00, 0.00, 1.00, 0.00, 1.00, 0.00, 1.00, 1.00, 1.00, 0.00, 1.00, 0.00, 0.00, 0.00, 0.00
4301,  0,  143.333,  0.98,  1, 0.07, 0.00, 1.05, 0.00, 0.24, 1.20, 0.00, 0.24, 0.00, 1.32, 0.10, 0.82, 0.17, 0.00, 0.05, 0.06, 0.11, 0.00, 0.00, 1.00, 1.00, 0.00, 1.00, 0.00, 1.00, 0.00, 1.00, 1.00, 0.00, 0.00, 1.00, 0.00, 0.00, 0.00, 0.00
4302,  0,  143.367,  0.98,  1, 0.12, 0.00, 0.95, 0.00, 0.22, 0.97, 0.00, 0.26, 0.00, 1.32, 0.04, 0.73, 0.18, 0.00, 0.22, 0.28, 0.10, 0.00, 0.00, 1.00, 1.00, 0.00, 1.00, 0.00, 1.00, 0.00, 1.00, 1.00, 0.00, 0.00, 1.00, 0.00, 0.00, 0.00, 0.00
4303,  0,  143.400,  0.98,  1, 0.17, 0.00, 0.87, 0.00, 0.22, 0.97, 0.00, 0.32, 0.06, 1.22, 0.05, 0.50, 0.27, 0.00, 0.69, 0.73, 0.04, 0.00, 0.00, 1.00, 1.00, 0.00, 1.00, 0.00, 1.00, 0.00, 1.00, 1.00, 0.00, 0.00, 1.00, 0.00, 0.00, 0.00, 0.00
4304,  0,  143.433,  0.98,  1, 0.21, 0.00, 0.86, 0.00, 0.28, 1.13, 0.00, 0.32, 0.11, 1.19, 0.05, 0.33, 0.26, 0.00, 1.19, 1.01, 0.00, 0.00, 0.00, 1.00, 1.00, 0.00, 1.00, 0.00, 1.00, 0.00, 1.00, 0.00, 0.00, 0.00, 1.00, 1.00, 1.00, 0.00, 0.00
4305,  0,  143.467,  0.98,  1, 0.19, 0.00, 0.84, 0.00, 0.33, 1.42, 0.00, 0.38, 0.19, 1.15, 0.07, 0.15, 0.19, 0.00, 1.57, 1.07, 0.00, 0.00, 0.00, 1.00, 1.00, 0.00, 1.00, 0.00, 1.00, 0.00, 1.00, 0.00, 0.00, 0.00, 1.00, 1.00, 1.00, 0.00, 0.00
4306,  0,  143.500,  0.98,  1, 0.26, 0.00, 0.87, 0.00, 0.31, 1.44, 0.02, 0.46, 0.22, 1.32, 0.02, 0.17, 0.11, 0.00, 1.64, 0.90, 0.00, 0.00, 0.00, 1.00, 1.00, 0.00, 1.00, 0.00, 1.00, 0.00, 1.00, 0.00, 0.00, 0.00, 1.00, 1.00, 1.00, 0.00, 0.00
4307,  0,  143.533,  0.98,  1, 0.23, 0.00, 0.92, 0.00, 0.25, 1.35, 0.02, 0.43, 0.23, 1.37, 0.02, 0.13, 0.17, 0.00, 1.70, 0.97, 0.00, 0.00, 0.00, 1.00, 1.00, 0.00, 1.00, 0.00, 1.00, 0.00, 1.00, 0.00, 0.00, 0.00, 1.00, 1.00, 1.00, 0.00, 0.00
4308,  0,  143.567,  0.98,  1, 0.24, 0.00, 1.03, 0.00, 0.20, 1.11, 0.02, 0.43, 0.23, 1.40, 0.00, 0.18, 0.15, 0.00, 1.76, 1.17, 0.00, 0.00, 0.00, 1.00, 1.00, 0.00, 1.00, 0.00, 1.00, 0.00, 1.00, 0.00, 0.00, 0.00, 1.00, 1.00, 1.00, 0.00, 0.00
4309,  0,  143.600,  0.98,  1, 0.22, 0.00, 1.08, 0.00, 0.16, 0.89, 0.00, 0.26, 0.15, 1.22, 0.00, 0.25, 0.11, 0.00, 1.80, 1.43, 0.00, 0.00, 0.00, 1.00, 1.00, 0.00, 1.00, 0.00, 1.00, 0.00, 1.00, 0.00, 0.00, 0.00, 1.00, 1.00, 1.00, 0.00, 0.00
4310,  0,  143.633,  0.98,  1, 0.30, 0.00, 1.16, 0.00, 0.10, 0.95, 0.00, 0.18, 0.10, 1.08, 0.00, 0.47, 0.07, 0.00, 1.60, 1.51, 0.00, 0.00, 0.00, 1.00, 1.00, 0.00, 1.00, 0.00, 1.00, 0.00, 1.00, 0.00, 0.00, 0.00, 1.00, 1.00, 1.00, 0.00, 0.00
4311,  0,  143.667,  0.98,  1, 0.33, 0.00, 1.09, 0.00, 0.04, 0.82, 0.00, 0.06, 0.02, 0.91, 0.01, 0.65, 0.07, 0.00, 1.21, 1.32, 0.00, 0.00, 0.00, 1.00, 1.00, 0.00, 1.00, 0.00, 1.00, 0.00, 1.00, 0.00, 1.00, 0.00, 1.00, 0.00, 1.00, 0.00, 0.00
4312,  0,  143.700,  0.98,  1, 0.37, 0.00, 1.04, 0.00, 0.01, 0.81, 0.00, 0.09, 0.00, 0.84, 0.09, 0.86, 0.08, 0.00, 0.69, 1.04, 0.00, 0.00, 0.00, 1.00, 1.00, 0.00, 1.00, 0.00, 1.00, 0.00, 1.00, 0.00, 1.00, 0.00, 1.00, 0.00, 0.00, 0.00, 0.00
4313,  0,  143.733,  0.98,  1, 0.37, 0.00, 0.96, 0.00, 0.00, 0.52, 0.00, 0.10, 0.00, 0.75, 0.15, 0.88, 0.06, 0.00, 0.42, 0.77, 0.00, 0.00, 0.00, 1.00, 1.00, 0.00, 1.00, 0.00, 1.00, 0.00, 1.00, 1.00, 1.00, 0.00, 1.00, 0.00, 0.00, 0.00, 0.00
4314,  0,  143.767,  0.98,  1, 0.39, 0.00, 1.00, 0.00, 0.00, 0.72, 0.00, 0.15, 0.00, 0.72, 0.19, 0.91, 0.07, 0.00, 0.32, 0.66, 0.00, 0.00, 0.00, 1.00, 1.00, 0.00, 1.00, 0.00, 1.00, 0.00, 1.00, 1.00, 1.00, 0.00, 1.00, 0.00, 0.00, 0.00, 0.00
4315,  0,  143.800,  0.98,  1, 0.36, 0.00, 1.06, 0.00, 0.00, 0.87, 0.00, 0.12, 0.00, 0.78, 0.16, 0.82, 0.07, 0.00, 0.43, 0.66, 0.00, 0.00, 0.00, 1.00, 1.00, 0.00, 1.00, 0.00, 1.00, 0.00, 1.00, 1.00, 1.00, 0.00, 1.00, 0.00, 0.00, 0.00, 0.00
4316,  0,  143.833,  0.98,  1, 0.35, 0.00, 1.18, 0.00, 0.02, 0.99, 0.00, 0.11, 0.04, 0.71, 0.15, 0.74, 0.04, 0.00, 0.66, 0.75, 0.53, 0.00, 0.00, 1.00, 1.00, 0.00, 1.00, 0.00, 1.00, 0.00, 1.00, 1.00, 0.00, 0.00, 1.00, 0.00, 0.00, 0.00, 0.00
4317,  0,  143.867,  0.98,  1, 0.25, 0.00, 1.15, 0.00, 0.03, 0.64, 0.00, 0.12, 0.08, 0.63, 0.14, 0.59, 0.04, 0.00, 0.96, 0.85, 1.32, 0.00, 0.00, 1.00, 1.00, 0.00, 1.00, 0.00, 1.00, 0.00, 1.00, 1.00, 0.00, 0.00, 1.00, 0.00, 0.00, 0.00, 1.00
4318,  0,  143.900,  0.98,  1, 0.20, 0.00, 1.14, 0.00, 0.03, 0.32, 0.00, 0.10, 0.08, 0.52, 0.16, 0.54, 0.01, 0.00, 1.10, 0.87, 2.02, 0.00, 0.00, 1.00, 1.00, 0.00, 1.00, 0.00, 1.00, 0.00, 1.00, 1.00, 0.00, 0.00, 1.00, 0.00, 0.00, 0.00, 1.00
4319,  0,  143.933,  0.98,  1, 0.17, 0.00, 1.12, 0.00, 0.01, 0.22, 0.00, 0.10, 0.05, 0.65, 0.24, 0.64, 0.00, 0.00, 0.93, 0.87, 2.10, 0.00, 0.00, 1.00, 1.00, 0.00, 1.00, 0.00, 1.00, 0.00, 1.00, 1.00, 0.00, 0.00, 1.00, 0.00, 0.00, 0.00, 1.00
4320,  0,  143.967,  0.98,  1, 0.32, 0.00, 1.29, 0.00, 0.05, 0.63, 0.00, 0.04, 0.00, 0.83, 0.19, 0.74, 0.00, 0.00, 0.50, 0.96, 1.65, 0.00, 0.00, 1.00, 1.00, 0.00, 1.00, 0.00, 1.00, 0.00, 1.00, 1.00, 0.00, 0.00, 1.00, 0.00, 0.00, 0.00, 1.00
4321,  0,  144.000,  0.98,  1, 0.37, 0.00, 1.39, 0.00, 0.13, 1.04, 0.00, 0.05, 0.00, 0.99, 0.14, 0.80, 0.00, 0.00, 0.22, 1.08, 1.17, 0.00, 0.00, 1.00, 1.00, 0.00, 1.00, 0.00, 1.00, 0.00, 1.00, 1.00, 1.00, 0.00, 1.00, 0.00, 0.00, 0.00, 1.00
4322,  0,  144.033,  0.98,  1, 0.30, 0.00, 1.38, 0.00, 0.27, 1.30, 0.00, 0.02, 0.07, 1.15, 0.04, 0.75, 0.00, 0.00, 0.17, 1.11, 0.69, 0.00, 0.00, 1.00, 1.00, 0.00, 1.00, 0.00, 1.00, 0.00, 1.00, 1.00, 1.00, 0.00, 1.00, 0.00, 0.00, 0.00, 1.00
4323,  0,  144.067,  0.98,  1, 0.17, 0.00, 1.41, 0.00, 0.34, 1.32, 0.00, 0.02, 0.15, 1.12, 0.04, 0.76, 0.00, 0.00, 0.49, 0.93, 0.43, 0.00, 0.00, 1.00, 1.00, 0.00, 1.00, 0.00, 1.00, 0.00, 1.00, 1.00, 1.00, 0.00, 1.00, 0.00, 0.00, 0.00, 1.00
4324,  0,  144.100,  0.98,  1, 0.11, 0.00, 1.47, 0.00, 0.46, 1.26, 0.00, 0.16, 0.27, 1.04, 0.04, 0.68, 0.00, 0.00, 0.89, 0.68, 0.22, 0.00, 0.00, 1.00, 1.00, 0.00, 1.00, 0.00, 1.00, 0.00, 1.00, 1.00, 0.00, 0.00, 1.00, 1.00, 1.00, 0.00, 1.00
4325,  0,  144.133,  0.98,  1, 0.08, 0.00, 1.46, 0.00, 0.49, 1.35, 0.00, 0.30, 0.35, 0.95, 0.00, 0.66, 0.00, 0.00, 1.13, 0.59, 0.10, 0.00, 0.00, 1.00, 1.00, 0.00, 1.00, 0.00, 1.00, 0.00, 1.00, 0.00, 0.00, 0.00, 1.00, 1.00, 1.00, 0.00, 1.00
4326,  0,  144.167,  0.98,  1, 0.05, 0.00, 1.39, 0.00, 0.52, 1.25, 0.00, 0.50, 0.45, 1.05, 0.00, 0.66, 0.00, 0.00, 1.17, 0.55, 0.01, 0.00, 0.00, 1.00, 1.00, 0.00, 1.00, 0.00, 1.00, 0.00, 1.00, 0.00, 0.00, 0.00, 1.00, 1.00, 1.00, 0.00, 0.00
4327,  0,  144.200,  0.98,  1, 0.02, 0.00, 1.35, 0.00, 0.45, 1.19, 0.00, 0.45, 0.44, 1.04, 0.00, 0.72, 0.00, 0.00, 1.05, 0.63, 0.00, 0.00, 0.00, 1.00, 1.00, 0.00, 1.00, 0.00, 1.00, 0.00, 1.00, 0.00, 0.00, 0.00, 1.00, 1.00, 1.00, 0.00, 0.00
4328,  0,  144.233,  0.98,  1, 0.05, 0.00, 1.38, 0.00, 0.35, 1.13, 0.00, 0.45, 0.36, 1.00, 0.03, 0.77, 0.00, 0.00, 1.08, 0.67, 0.00, 0.00, 0.00, 1.00, 1.00, 0.00, 1.00, 0.00, 1.00, 0.00, 1.00, 0.00, 0.00, 0.00, 1.00, 1.00, 1.00, 0.00, 0.00
4329,  0,  144.267,  0.98,  1, 0.08, 0.00, 1.29, 0.00, 0.23, 1.07, 0.00, 0.39, 0.26, 0.87, 0.12, 0.72, 0.00, 0.00, 1.21, 0.78, 0.00, 0.00, 0.00, 1.00, 1.00, 0.00, 1.00, 0.00, 1.00, 0.00, 1.00, 0.00, 0.00, 0.00, 1.00, 1.00, 1.00, 0.00, 0.00
4330,  0,  144.300,  0.98,  1, 0.07, 0.00, 1.19, 0.00, 0.21, 1.07, 0.01, 0.40, 0.18, 1.02, 0.13, 0.82, 0.03, 0.00, 1.21, 0.90, 0.00, 0.00, 0.00, 1.00, 1.00, 0.00, 1.00, 0.00, 1.00, 0.00, 1.00, 0.00, 0.00, 0.00, 1.00, 1.00, 1.00, 0.00, 0.00
4331,  0,  144.333,  0.98,  1, 0.04, 0.00, 1.11, 0.00, 0.23, 0.87, 0.01, 0.26, 0.12, 1.07, 0.10, 0.91, 0.07, 0.00, 1.01, 0.94, 0.00, 0.00, 0.00, 1.00, 1.00, 0.00, 1.00, 0.00, 1.00, 0.00, 1.00, 0.00, 1.00, 0.00, 1.00, 1.00, 1.00, 0.00, 0.00
4332,  0,  144.367,  0.98,  1, 0.09, 0.00, 1.12, 0.00, 0.19, 0.85, 0.01, 0.25, 0.04, 1.05, 0.01, 1.01, 0.13, 0.00, 0.73, 1.00, 0.00, 0.00, 0.00, 1.00, 1.00, 0.00, 1.00, 0.00, 1.00, 0.00, 1.00, 0.00, 1.00, 0.00, 1.00, 0.00, 0.00, 0.00, 0.00
4333,  0,  144.400,  0.98,  1, 0.12, 0.00, 1.14, 0.00, 0.09, 0.77, 0.00, 0.21, 0.01, 0.93, 0.09, 1.04, 0.20, 0.00, 0.57, 0.92, 0.00, 0.00, 0.00, 1.00, 1.00, 0.00, 1.00, 0.00, 1.00, 0.00, 1.00, 0.00, 1.00, 0.00, 1.00, 0.00, 0.00, 0.00, 0.00
4334,  0,  144.433,  0.98,  1, 0.21, 0.00, 1.23, 0.00, 0.00, 0.84, 0.00, 0.23, 0.06, 0.82, 0.15, 0.97, 0.22, 0.00, 0.54, 0.87, 0.00, 0.00, 0.00, 1.00, 1.00, 0.00, 1.00, 0.00, 1.00, 0.00, 1.00, 0.00, 1.00, 0.00, 1.00, 0.00, 0.00, 0.00, 0.00
4335,  0,  144.467,  0.98,  1, 0.17, 0.00, 1.30, 0.00, 0.00, 0.88, 0.00, 0.12, 0.10, 0.91, 0.16, 0.90, 0.23, 0.00, 0.56, 0.81, 0.00, 0.00, 0.00, 1.00, 1.00, 0.00, 1.00, 0.00, 1.00, 0.00, 1.00, 0.00, 1.00, 0.00, 1.00, 0.00, 0.00, 0.00, 0.00
4336,  0,  144.500,  0.98,  1, 0.20, 0.00, 1.31, 0.00, 0.00, 0.91, 0.00, 0.09, 0.14, 0.87, 0.17, 0.82, 0.15, 0.00, 0.70, 0.75, 0.00, 0.00, 0.00, 1.00, 1.00, 0.00, 1.00, 0.00, 1.00, 0.00, 1.00, 0.00, 1.00, 0.00, 1.00, 0.00, 0.00, 0.00, 0.00
4337,  0,  144.533,  0.98,  1, 0.16, 0.00, 1.28, 0.00, 0.01, 0.93, 0.00, 0.12, 0.16, 0.92, 0.14, 0.80, 0.18, 0.00, 0.89, 0.64, 0.00, 0.00, 0.00, 1.00, 1.00, 0.00, 1.00, 0.00, 1.00, 0.00, 1.00, 0.00, 1.00, 0.00, 1.00, 0.00, 0.00, 0.00, 0.00
4338,  0,  144.567,  0.98,  1, 0.14, 0.00, 1.24, 0.00, 0.07, 1.11, 0.00, 0.19, 0.20, 0.98, 0.18, 0.78, 0.10, 0.00, 1.10, 0.61, 0.00, 0.00, 0.00, 1.00, 1.00, 0.00, 1.00, 0.00, 1.00, 0.00, 1.00, 0.00, 1.00, 0.00, 1.00, 1.00, 0.00, 0.00, 0.00
4339,  0,  144.600,  0.98,  1, 0.09, 0.00, 1.17, 0.00, 0.07, 1.19, 0.00, 0.29, 0.26, 1.01, 0.09, 0.65, 0.11, 0.00, 1.25, 0.72, 0.00, 0.00, 0.00, 1.00, 1.00, 0.00, 1.00, 0.00, 1.00, 0.00, 1.00, 0.00, 0.00, 0.00, 1.00, 1.00, 0.00, 0.00, 0.00
4340,  0,  144.633,  0.98,  1, 0.04, 0.00, 1.13, 0.00, 0.07, 1.17, 0.00, 0.32, 0.34, 1.00, 0.07, 0.49, 0.05, 0.00, 1.39, 0.95, 0.00, 0.00, 0.00, 1.00, 1.00, 0.00, 1.00, 0.00, 1.00, 0.00, 1.00, 0.00, 0.00, 0.00, 1.00, 1.00, 1.00, 0.00, 0.00
4341,  0,  144.667,  0.98,  1, 0.00, 0.00, 1.15, 0.00, 0.03, 1.07, 0.00, 0.36, 0.37, 0.90, 0.02, 0.33, 0.07, 0.00, 1.49, 1.16, 0.00, 0.00, 0.00, 1.00, 1.00, 0.00, 1.00, 0.00, 1.00, 0.00, 1.00, 0.00, 0.00, 0.00, 1.00, 1.00, 1.00, 0.00, 0.00
4342,  0,  144.700,  0.98,  1, 0.04, 0.00, 1.25, 0.00, 0.02, 1.11, 0.00, 0.33, 0.37, 0.94, 0.00, 0.34, 0.08, 0.00, 1.55, 1.34, 0.00, 0.00, 0.00, 1.00, 1.00, 0.00, 1.00, 0.00, 1.00, 0.00, 1.00, 0.00, 0.00, 0.00, 1.00, 1.00, 1.00, 0.00, 0.00
4343,  0,  144.733,  0.98,  1, 0.13, 0.00, 1.20, 0.00, 0.02, 1.16, 0.00, 0.37, 0.26, 1.06, 0.00, 0.46, 0.11, 0.00, 1.39, 1.32, 0.00, 0.00, 0.00, 1.00, 1.00, 0.00, 1.00, 0.00, 1.00, 0.00, 1.00, 0.00, 0.00, 0.00, 1.00, 1.00, 1.00, 0.00, 0.00
4344,  0,  144.767,  0.98,  1, 0.22, 0.01, 1.20, 0.00, 0.02, 1.11, 0.00, 0.35, 0.14, 1.15, 0.00, 0.65, 0.18, 0.00, 1.08, 1.06, 0.00, 0.00, 0.00, 1.00, 1.00, 0.00, 1.00, 0.00, 1.00, 0.00, 1.00, 0.00, 0.00, 0.00, 1.00, 0.00, 0.00, 0.00, 0.00
4345,  0,  144.800,  0.98,  1, 0.28, 0.01, 1.16, 0.00, 0.07, 1.05, 0.02, 0.34, 0.06, 1.24, 0.03, 0.69, 0.14, 0.00, 0.91, 0.89, 0.00, 0.00, 0.00, 1.00, 1.00, 0.00, 1.00, 0.00, 1.00, 0.00, 1.00, 0.00, 0.00, 0.00, 1.00, 0.00, 0.00, 0.00, 0.00
4346,  0,  144.833,  0.98,  1, 0.29, 0.01, 1.22, 0.00, 0.09, 0.94, 0.02, 0.39, 0.02, 1.22, 0.08, 0.71, 0.10, 0.00, 0.90, 0.81, 0.00, 0.00, 0.00, 1.00, 1.00, 0.00, 1.00, 0.00, 1.00, 0.00, 1.00, 0.00, 0.00, 0.00, 1.00, 0.00, 0.00, 0.00, 0.00
4347,  0,  144.867,  0.98,  1, 0.34, 0.00, 1.20, 0.00, 0.13, 0.98, 0.04, 0.38, 0.02, 1.20, 0.19, 0.72, 0.01, 0.00, 0.94, 0.82, 0.00, 0.00, 0.00, 1.00, 1.00, 0.00, 1.00, 0.00, 1.00, 0.00, 1.00, 1.00, 0.00, 0.00, 1.00, 0.00, 0.00, 0.00, 0.00
4348,  0,  144.900,  0.98,  1, 0.37, 0.00, 1.21, 0.00, 0.14, 0.98, 0.02, 0.28, 0.00, 1.18, 0.29, 0.79, 0.06, 0.00, 0.83, 0.65, 0.00, 0.00, 0.00, 1.00, 1.00, 0.00, 1.00, 0.00, 1.00, 0.00, 1.00, 1.00, 0.00, 0.00, 1.00, 0.00, 0.00, 0.00, 0.00
4349,  0,  144.933,  0.98,  1, 0.34, 0.00, 1.17, 0.00, 0.19, 1.12, 0.02, 0.21, 0.00, 1.16, 0.37, 0.74, 0.08, 0.00, 0.75, 0.55, 0.00, 0.00, 0.00, 1.00, 1.00, 0.00, 1.00, 0.00, 1.00, 0.00, 1.00, 1.00, 0.00, 0.00, 1.00, 0.00, 0.00, 0.00, 0.00
4350,  0,  144.967,  0.98,  1, 0.32, 0.05, 1.22, 0.00, 0.18, 1.15, 0.00, 0.11, 0.00, 1.18, 0.36, 0.71, 0.08, 0.00, 0.81, 0.53, 0.00, 0.00, 0.00, 1.00, 1.00, 0.00, 1.00, 0.00, 1.00, 0.00, 1.00, 1.00, 0.00, 0.00, 1.00, 0.00, 0.00, 0.00, 0.00
4351,  0,  145.000,  0.98,  1, 0.37, 0.07, 1.23, 0.00, 0.13, 1.01, 0.00, 0.19, 0.00, 1.19, 0.33, 0.61, 0.03, 0.00, 1.05, 0.57, 0.00, 0.00, 0.00, 1.00, 1.00, 0.00, 1.00, 0.00, 1.00, 0.00, 1.00, 1.00, 0.00, 0.00, 1.00, 0.00, 0.00, 0.00, 0.00
4352,  0,  145.033,  0.98,  1, 0.40, 0.07, 1.18, 0.00, 0.09, 1.03, 0.00, 0.24, 0.02, 1.20, 0.19, 0.60, 0.00, 0.00, 1.33, 0.71, 0.00, 0.00, 0.00, 1.00, 1.00, 0.00, 1.00, 0.00, 1.00, 0.00, 1.00, 1.00, 0.00, 0.00, 1.00, 1.00, 0.00, 0.00, 0.00
4353,  0,  145.067,  0.98,  1, 0.40, 0.13, 1.09, 0.00, 0.12, 0.98, 0.00, 0.32, 0.04, 1.19, 0.15, 0.49, 0.00, 0.00, 1.58, 0.76, 0.00, 0.00, 0.00, 1.00, 1.00, 0.00, 1.00, 0.00, 1.00, 0.00, 1.00, 0.00, 0.00, 0.00, 1.00, 1.00, 0.00, 0.00, 0.00
4354,  0,  145.100,  0.98,  1, 0.27, 0.11, 1.07, 0.00, 0.15, 1.09, 0.04, 0.26, 0.04, 1.24, 0.11, 0.48, 0.00, 0.00, 1.60, 1.08, 0.00, 0.00, 0.00, 1.00, 1.00, 0.00, 1.00, 0.00, 1.00, 0.00, 1.00, 0.00, 0.00, 0.00, 1.00, 1.00, 0.00, 0.00, 0.00
4355,  0,  145.133,  0.98,  1, 0.24, 0.16, 1.15, 0.01, 0.16, 1.00, 0.04, 0.23, 0.02, 1.36, 0.31, 0.49, 0.00, 0.00, 1.41, 1.09, 0.00, 0.00, 0.00, 1.00, 1.00, 0.00, 1.00, 0.00, 1.00, 0.00, 1.00, 0.00, 0.00, 0.00, 1.00, 1.00, 0.00, 0.00, 0.00
4356,  0,  145.167,  0.98,  1, 0.16, 0.06, 1.15, 0.01, 0.14, 1.16, 0.12, 0.24, 0.00, 1.46, 0.30, 0.63, 0.04, 0.00, 1.06, 1.11, 0.00, 0.00, 0.00, 1.00, 1.00, 0.00, 1.00, 0.00, 1.00, 0.00, 1.00, 0.00, 0.00, 0.00, 1.00, 1.00, 0.00, 0.00, 0.00
4357,  0,  145.200,  0.98,  1, 0.24, 0.07, 1.16, 0.01, 0.10, 1.38, 0.16, 0.21, 0.00, 1.38, 0.35, 0.76, 0.04, 0.00, 0.69, 0.90, 0.00, 0.00, 0.00, 1.00, 1.00, 0.00, 1.00, 0.00, 1.00, 0.00, 1.00, 0.00, 0.00, 0.00, 0.00, 0.00, 0.00, 0.00, 0.00
4358,  0,  145.233,  0.98,  1, 0.32, 0.13, 1.13, 0.00, 0.06, 1.51, 0.20, 0.10, 0.00, 1.09, 0.39, 0.75, 0.04, 0.00, 0.33, 0.79, 0.00, 0.00, 0.00, 1.00, 1.00, 0.00, 1.00, 0.00, 1.00, 0.00, 1.00, 0.00, 0.00, 0.00, 0.00, 0.00, 0.00, 0.00, 0.00
4359,  0,  145.267,  0.98,  1, 0.47, 0.14, 1.16, 0.00, 0.02, 1.44, 0.15, 0.01, 0.01, 0.67, 0.54, 0.67, 0.00, 0.00, 0.12, 0.74, 0.00, 0.00, 0.00, 1.00, 1.00, 0.00, 1.00, 0.00, 1.00, 0.00, 1.00, 0.00, 0.00, 0.00, 0.00, 0.00, 0.00, 0.00, 0.00
4360,  0,  145.300,  0.98,  1, 0.51, 0.13, 1.11, 0.00, 0.00, 1.19, 0.07, 0.01, 0.03, 0.41, 0.68, 0.60, 0.00, 0.00, 0.02, 0.66, 0.00, 0.00, 1.00, 1.00, 1.00, 0.00, 1.00, 0.00, 1.00, 0.00, 1.00, 0.00, 0.00, 0.00, 0.00, 0.00, 0.00, 0.00, 0.00
4361,  0,  145.333,  0.98,  1, 0.58, 0.11, 1.06, 0.00, 0.00, 1.01, 0.03, 0.03, 0.06, 0.50, 0.78, 0.59, 0.00, 0.00, 0.03, 0.57, 0.00, 0.00, 1.00, 1.00, 1.00, 0.00, 1.00, 0.00, 1.00, 0.00, 1.00, 0.00, 0.00, 0.00, 0.00, 0.00, 0.00, 0.00, 0.00
4362,  0,  145.367,  0.98,  1, 0.65, 0.16, 1.11, 0.00, 0.18, 1.14, 0.04, 0.17, 0.13, 0.74, 0.88, 0.52, 0.00, 0.00, 0.31, 0.66, 0.53, 0.00, 1.00, 1.00, 1.00, 0.00, 1.00, 0.00, 1.00, 0.00, 1.00, 0.00, 0.00, 0.00, 0.00, 0.00, 0.00, 0.00, 0.00
4363,  0,  145.400,  0.98,  1, 0.60, 0.16, 1.19, 0.00, 0.34, 1.05, 0.10, 0.31, 0.25, 0.97, 0.84, 0.33, 0.00, 0.00, 0.68, 0.77, 1.32, 0.00, 1.00, 1.00, 1.00, 0.00, 1.00, 0.00, 1.00, 0.00, 1.00, 0.00, 0.00, 0.00, 0.00, 0.00, 0.00, 0.00, 1.00
4364,  0,  145.433,  0.98,  1, 0.57, 0.06, 1.33, 0.00, 0.45, 0.93, 0.13, 0.44, 0.36, 1.13, 0.64, 0.21, 0.00, 0.00, 1.03, 0.85, 2.18, 0.00, 1.00, 1.00, 1.00, 0.00, 1.00, 0.00, 1.00, 0.00, 1.00, 0.00, 0.00, 0.00, 0.00, 0.00, 0.00, 0.00, 1.00
4365,  0,  145.467,  0.98,  1, 0.45, 0.00, 1.33, 0.00, 0.44, 0.56, 0.17, 0.43, 0.37, 1.25, 0.35, 0.21, 0.00, 0.00, 0.85, 0.69, 2.45, 0.00, 1.00, 1.00, 0.00, 0.00, 1.00, 0.00, 1.00, 0.00, 1.00, 0.00, 0.00, 0.00, 0.00, 0.00, 0.00, 0.00, 1.00
4366,  0,  145.500,  0.98,  1, 0.45, 0.04, 1.37, 0.00, 0.42, 0.71, 0.13, 0.29, 0.25, 1.19, 0.26, 0.42, 0.00, 0.00, 0.47, 0.53, 2.21, 0.00, 1.00, 1.00, 0.00, 0.00, 1.00, 0.00, 1.00, 0.00, 1.00, 0.00, 0.00, 0.00, 0.00, 0.00, 0.00, 0.00, 1.00
4367,  0,  145.533,  0.98,  1, 0.37, 0.09, 1.30, 0.00, 0.42, 1.13, 0.10, 0.13, 0.10, 1.11, 0.34, 0.53, 0.00, 0.00, 0.11, 0.40, 1.70, 0.00, 1.00, 1.00, 1.00, 0.00, 1.00, 0.00, 1.00, 0.00, 1.00, 1.00, 0.00, 0.00, 1.00, 0.00, 0.00, 0.00, 1.00
4368,  0,  145.567,  0.98,  1, 0.32, 0.09, 1.28, 0.00, 0.38, 1.29, 0.02, 0.00, 0.05, 1.10, 0.51, 0.67, 0.00, 0.00, 0.03, 0.35, 1.04, 0.00, 1.00, 1.00, 1.00, 0.00, 1.00, 0.00, 1.00, 0.00, 1.00, 1.00, 0.00, 0.00, 1.00, 0.00, 0.00, 0.00, 1.00
4369,  0,  145.600,  0.98,  1, 0.25, 0.05, 1.19, 0.00, 0.35, 1.31, 0.00, 0.00, 0.05, 1.19, 0.52, 0.68, 0.00, 0.00, 0.15, 0.46, 0.53, 0.00, 0.00, 1.00, 1.00, 0.00, 1.00, 0.00, 1.00, 0.00, 1.00, 1.00, 0.00, 0.00, 1.00, 0.00, 0.00, 0.00, 1.00
4370,  0,  145.633,  0.98,  1, 0.21, 0.00, 1.22, 0.00, 0.33, 1.06, 0.00, 0.03, 0.10, 1.33, 0.34, 0.77, 0.00, 0.00, 0.56, 0.63, 0.28, 0.00, 1.00, 1.00, 1.00, 0.00, 1.00, 0.00, 1.00, 0.00, 1.00, 1.00, 0.00, 0.00, 1.00, 0.00, 0.00, 0.00, 1.00
4371,  0,  145.667,  0.98,  1, 0.16, 0.01, 1.14, 0.00, 0.36, 1.00, 0.00, 0.07, 0.17, 1.35, 0.16, 0.61, 0.00, 0.00, 0.92, 0.84, 0.20, 0.00, 0.00, 1.00, 1.00, 0.00, 1.00, 0.00, 1.00, 0.00, 1.00, 1.00, 0.00, 0.00, 1.00, 0.00, 0.00, 0.00, 0.00
4372,  0,  145.700,  0.98,  1, 0.25, 0.01, 1.22, 0.00, 0.37, 1.03, 0.00, 0.13, 0.27, 1.44, 0.02, 0.57, 0.00, 0.00, 1.18, 0.78, 0.25, 0.00, 0.00, 1.00, 1.00, 0.00, 1.00, 0.00, 1.00, 0.00, 1.00, 1.00, 0.00, 0.00, 1.00, 0.00, 0.00, 0.00, 0.00
4373,  0,  145.733,  0.98,  1, 0.31, 0.01, 1.28, 0.00, 0.40, 1.07, 0.00, 0.16, 0.25, 1.40, 0.00, 0.56, 0.00, 0.00, 1.06, 0.69, 0.15, 0.00, 0.00, 1.00, 1.00, 0.00, 1.00, 0.00, 1.00, 0.00, 1.00, 1.00, 0.00, 0.00, 1.00, 0.00, 0.00, 0.00, 0.00
4374,  0,  145.767,  0.98,  1, 0.42, 0.08, 1.31, 0.00, 0.38, 1.23, 0.00, 0.11, 0.13, 1.45, 0.00, 0.67, 0.00, 0.00, 0.94, 0.53, 0.13, 0.00, 0.00, 1.00, 1.00, 0.00, 1.00, 0.00, 1.00, 0.00, 1.00, 1.00, 0.00, 0.00, 1.00, 0.00, 0.00, 0.00, 0.00
4375,  0,  145.800,  0.98,  1, 0.47, 0.19, 1.29, 0.00, 0.39, 1.33, 0.00, 0.05, 0.03, 1.35, 0.00, 0.64, 0.00, 0.00, 0.69, 0.48, 0.07, 0.00, 0.00, 1.00, 1.00, 0.00, 1.00, 0.00, 1.00, 0.00, 1.00, 1.00, 0.00, 0.00, 1.00, 0.00, 0.00, 0.00, 0.00
4376,  0,  145.833,  0.98,  1, 0.47, 0.21, 1.27, 0.00, 0.37, 1.39, 0.00, 0.00, 0.00, 1.34, 0.00, 0.61, 0.00, 0.00, 0.43, 0.38, 0.07, 0.00, 0.00, 1.00, 1.00, 0.00, 1.00, 0.00, 1.00, 0.00, 1.00, 1.00, 0.00, 0.00, 1.00, 0.00, 0.00, 0.00, 0.00
4377,  0,  145.867,  0.98,  1, 0.45, 0.20, 1.36, 0.00, 0.34, 1.23, 0.00, 0.00, 0.00, 1.24, 0.00, 0.61, 0.00, 0.00, 0.27, 0.34, 0.04, 0.00, 0.00, 1.00, 1.00, 0.00, 1.00, 0.00, 1.00, 0.00, 1.00, 1.00, 0.00, 0.00, 1.00, 0.00, 0.00, 0.00, 0.00
4378,  0,  145.900,  0.98,  1, 0.40, 0.18, 1.32, 0.00, 0.32, 1.27, 0.05, 0.05, 0.00, 1.28, 0.00, 0.63, 0.06, 0.00, 0.40, 0.19, 0.00, 0.00, 0.00, 1.00, 1.00, 0.00, 1.00, 0.00, 1.00, 0.00, 1.00, 1.00, 0.00, 0.00, 1.00, 0.00, 0.00, 0.00, 0.00
4379,  0,  145.933,  0.98,  1, 0.33, 0.16, 1.35, 0.00, 0.39, 1.30, 0.07, 0.06, 0.00, 1.20, 0.00, 0.56, 0.06, 0.00, 0.76, 0.19, 0.00, 0.00, 0.00, 1.00, 1.00, 0.00, 1.00, 0.00, 1.00, 0.00, 1.00, 1.00, 0.00, 0.00, 1.00, 0.00, 0.00, 0.00, 0.00
4380,  0,  145.967,  0.98,  1, 0.21, 0.09, 1.34, 0.00, 0.38, 1.51, 0.07, 0.06, 0.00, 1.22, 0.00, 0.62, 0.06, 0.00, 1.09, 0.24, 0.00, 0.00, 0.00, 1.00, 1.00, 0.00, 1.00, 0.00, 1.00, 0.00, 1.00, 1.00, 0.00, 0.00, 1.00, 1.00, 0.00, 0.00, 0.00
4381,  0,  146.000,  0.98,  1, 0.17, 0.00, 1.37, 0.00, 0.39, 1.56, 0.02, 0.09, 0.00, 1.16, 0.00, 0.64, 0.00, 0.00, 1.31, 0.38, 0.00, 0.00, 0.00, 1.00, 1.00, 0.00, 1.00, 0.00, 1.00, 0.00, 1.00, 0.00, 0.00, 0.00, 1.00, 1.00, 0.00, 0.00, 0.00
4382,  0,  146.033,  0.98,  1, 0.24, 0.00, 1.39, 0.00, 0.37, 1.68, 0.04, 0.09, 0.00, 1.16, 0.00, 0.78, 0.00, 0.00, 1.34, 0.39, 0.00, 0.00, 0.00, 1.00, 0.00, 0.00, 1.00, 0.00, 1.00, 0.00, 1.00, 0.00, 0.00, 0.00, 1.00, 1.00, 0.00, 0.00, 0.00
4383,  0,  146.067,  0.98,  1, 0.37, 0.00, 1.53, 0.00, 0.47, 1.92, 0.07, 0.12, 0.00, 1.14, 0.00, 0.77, 0.00, 0.00, 1.13, 0.40, 0.05, 0.00, 0.00, 1.00, 0.00, 0.00, 1.00, 0.00, 1.00, 0.00, 1.00, 0.00, 1.00, 0.00, 1.00, 1.00, 0.00, 0.00, 0.00
4384,  0,  146.100,  0.98,  1, 0.37, 0.00, 1.54, 0.00, 0.52, 2.11, 0.10, 0.11, 0.00, 1.16, 0.02, 0.88, 0.00, 0.00, 0.84, 0.47, 0.22, 0.00, 0.00, 1.00, 0.00, 0.00, 1.00, 0.00, 1.00, 0.00, 1.00, 0.00, 1.00, 0.00, 1.00, 0.00, 0.00, 0.00, 0.00
4385,  0,  146.133,  0.98,  1, 0.35, 0.00, 1.58, 0.00, 0.54, 2.44, 0.15, 0.20, 0.00, 1.22, 0.02, 0.90, 0.00, 0.00, 0.53, 0.60, 0.33, 0.00, 0.00, 1.00, 0.00, 0.00, 1.00, 0.00, 1.00, 0.00, 1.00, 0.00, 0.00, 0.00, 1.00, 0.00, 0.00, 0.00, 0.00
4386,  0,  146.167,  0.98,  1, 0.31, 0.00, 1.47, 0.00, 0.55, 2.48, 0.18, 0.28, 0.00, 1.23, 0.02, 0.84, 0.00, 0.00, 0.48, 0.69, 0.42, 0.00, 0.00, 1.00, 0.00, 0.00, 1.00, 0.00, 1.00, 0.00, 1.00, 0.00, 1.00, 0.00, 1.00, 0.00, 0.00, 0.00, 1.00
4387,  0,  146.200,  0.98,  1, 0.25, 0.00, 1.51, 0.00, 0.55, 2.45, 0.15, 0.34, 0.00, 1.35, 0.00, 0.74, 0.00, 0.00, 0.56, 0.78, 0.33, 0.00, 0.00, 1.00, 0.00, 0.00, 1.00, 0.00, 1.00, 0.00, 1.00, 0.00, 1.00, 0.00, 1.00, 0.00, 0.00, 0.00, 1.00
4388,  0,  146.233,  0.98,  1, 0.19, 0.00, 1.44, 0.00, 0.49, 2.27, 0.07, 0.32, 0.00, 1.35, 0.00, 0.74, 0.00, 0.00, 0.60, 0.80, 0.34, 0.00, 0.00, 1.00, 0.00, 0.00, 1.00, 0.00, 1.00, 0.00, 1.00, 0.00, 1.00, 0.00, 1.00, 0.00, 0.00, 0.00, 1.00
4389,  0,  146.267,  0.98,  1, 0.18, 0.00, 1.43, 0.00, 0.43, 2.26, 0.00, 0.27, 0.00, 1.45, 0.00, 0.78, 0.00, 0.00, 0.53, 0.79, 0.20, 0.00, 0.00, 1.00, 1.00, 0.00, 1.00, 0.00, 1.00, 0.00, 1.00, 0.00, 1.00, 0.00, 1.00, 0.00, 0.00, 0.00, 1.00
4390,  0,  146.300,  0.98,  1, 0.28, 0.00, 1.42, 0.00, 0.39, 2.15, 0.00, 0.18, 0.00, 1.40, 0.00, 0.87, 0.00, 0.00, 0.54, 0.81, 0.12, 0.00, 0.00, 1.00, 1.00, 0.00, 1.00, 0.00, 1.00, 0.00, 1.00, 0.00, 1.00, 0.00, 1.00, 0.00, 0.00, 0.00, 1.00
4391,  0,  146.333,  0.98,  1, 0.34, 0.00, 1.45, 0.00, 0.39, 2.16, 0.01, 0.10, 0.00, 1.51, 0.00, 0.92, 0.00, 0.00, 0.64, 0.79, 0.00, 0.00, 0.00, 1.00, 1.00, 0.00, 1.00, 0.00, 1.00, 0.00, 1.00, 1.00, 1.00, 0.00, 1.00, 0.00, 0.00, 0.00, 0.00
4392,  0,  146.367,  0.98,  1, 0.30, 0.00, 1.44, 0.00, 0.35, 1.89, 0.01, 0.16, 0.02, 1.61, 0.08, 1.02, 0.00, 0.00, 0.65, 0.86, 0.00, 0.00, 0.00, 1.00, 1.00, 0.00, 1.00, 0.00, 1.00, 0.00, 1.00, 1.00, 1.00, 0.00, 1.00, 0.00, 0.00, 0.00, 0.00
4393,  0,  146.400,  0.98,  1, 0.23, 0.00, 1.40, 0.00, 0.31, 1.70, 0.01, 0.23, 0.02, 1.75, 0.15, 1.00, 0.00, 0.00, 0.47, 0.85, 0.00, 0.00, 0.00, 1.00, 1.00, 0.00, 1.00, 0.00, 1.00, 0.00, 1.00, 1.00, 1.00, 0.00, 1.00, 0.00, 0.00, 0.00, 0.00
4394,  0,  146.433,  0.98,  1, 0.15, 0.00, 1.36, 0.00, 0.26, 1.55, 0.00, 0.37, 0.02, 1.76, 0.27, 0.98, 0.00, 0.00, 0.31, 0.91, 0.00, 0.00, 0.00, 1.00, 1.00, 0.00, 1.00, 0.00, 1.00, 0.00, 1.00, 1.00, 1.00, 0.00, 1.00, 0.00, 0.00, 0.00, 0.00
4395,  0,  146.467,  0.98,  1, 0.12, 0.00, 1.38, 0.00, 0.23, 1.61, 0.00, 0.37, 0.00, 1.72, 0.31, 0.92, 0.00, 0.00, 0.24, 0.90, 0.00, 0.00, 0.00, 1.00, 1.00, 0.00, 1.00, 0.00, 1.00, 0.00, 1.00, 1.00, 1.00, 0.00, 1.00, 0.00, 0.00, 0.00, 0.00
4396,  0,  146.500,  0.98,  1, 0.14, 0.00, 1.46, 0.00, 0.19, 1.68, 0.00, 0.41, 0.00, 1.67, 0.31, 0.95, 0.00, 0.00, 0.19, 0.88, 0.00, 0.00, 0.00, 1.00, 1.00, 0.00, 1.00, 0.00, 1.00, 0.00, 1.00, 1.00, 1.00, 0.00, 1.00, 0.00, 0.00, 0.00, 0.00
4397,  0,  146.533,  0.98,  1, 0.19, 0.00, 1.52, 0.00, 0.17, 1.64, 0.00, 0.47, 0.01, 1.63, 0.25, 1.02, 0.00, 0.00, 0.17, 0.80, 0.00, 0.00, 0.00, 1.00, 1.00, 0.00, 1.00, 0.00, 1.00, 0.00, 1.00, 1.00, 1.00, 0.00, 1.00, 0.00, 0.00, 0.00, 0.00
4398,  0,  146.567,  0.98,  1, 0.21, 0.00, 1.52, 0.00, 0.15, 1.69, 0.00, 0.52, 0.01, 1.45, 0.23, 1.09, 0.00, 0.00, 0.23, 0.75, 0.00, 0.00, 0.00, 1.00, 1.00, 0.00, 1.00, 0.00, 1.00, 0.00, 1.00, 1.00, 1.00, 0.00, 1.00, 0.00, 0.00, 0.00, 0.00
4399,  0,  146.600,  0.98,  1, 0.17, 0.00, 1.47, 0.00, 0.14, 1.81, 0.00, 0.55, 0.01, 1.32, 0.19, 1.06, 0.00, 0.00, 0.33, 0.75, 0.00, 0.00, 0.00, 1.00, 1.00, 0.00, 1.00, 0.00, 1.00, 0.00, 1.00, 1.00, 1.00, 0.00, 1.00, 0.00, 0.00, 0.00, 0.00
4400,  0,  146.633,  0.98,  1, 0.09, 0.00, 1.37, 0.00, 0.15, 1.98, 0.00, 0.47, 0.00, 1.19, 0.19, 0.95, 0.00, 0.00, 0.41, 0.85, 0.00, 0.00, 0.00, 1.00, 1.00, 0.00, 1.00, 0.00, 1.00, 0.00, 1.00, 1.00, 1.00, 0.00, 1.00, 0.00, 0.00, 0.00, 0.00
4401,  0,  146.667,  0.98,  1, 0.06, 0.00, 1.24, 0.00, 0.16, 1.96, 0.00, 0.45, 0.00, 1.15, 0.09, 0.77, 0.00, 0.00, 0.52, 0.88, 0.00, 0.00, 0.00, 1.00, 1.00, 0.00, 1.00, 0.00, 1.00, 0.00, 1.00, 1.00, 1.00, 0.00, 1.00, 0.00, 0.00, 0.00, 0.00
4402,  0,  146.700,  0.98,  1, 0.07, 0.00, 1.17, 0.00, 0.15, 1.94, 0.00, 0.36, 0.00, 1.15, 0.05, 0.66, 0.01, 0.00, 0.74, 1.01, 0.00, 0.00, 0.00, 1.00, 1.00, 0.00, 1.00, 0.00, 1.00, 0.00, 1.00, 0.00, 0.00, 0.00, 1.00, 0.00, 1.00, 0.00, 0.00
4403,  0,  146.733,  0.98,  1, 0.11, 0.00, 1.13, 0.00, 0.15, 1.89, 0.01, 0.32, 0.05, 1.11, 0.00, 0.54, 0.06, 0.00, 1.02, 1.19, 0.00, 0.00, 0.00, 1.00, 1.00, 0.00, 1.00, 0.00, 1.00, 0.00, 1.00, 0.00, 0.00, 0.00, 1.00, 1.00, 1.00, 0.00, 0.00
4404,  0,  146.767,  0.98,  1, 0.14, 0.00, 1.19, 0.00, 0.22, 1.77, 0.05, 0.33, 0.08, 1.05, 0.00, 0.47, 0.06, 0.00, 1.33, 1.23, 0.00, 0.00, 0.00, 1.00, 1.00, 0.00, 1.00, 0.00, 1.00, 0.00, 1.00, 0.00, 0.00, 0.00, 1.00, 1.00, 1.00, 0.00, 0.00
4405,  0,  146.800,  0.98,  1, 0.15, 0.00, 1.21, 0.00, 0.29, 1.58, 0.07, 0.36, 0.13, 0.99, 0.00, 0.46, 0.04, 0.00, 1.50, 1.15, 0.00, 0.00, 0.00, 1.00, 1.00, 0.00, 1.00, 0.00, 1.00, 0.00, 1.00, 0.00, 0.00, 0.00, 1.00, 1.00, 1.00, 0.00, 0.00
4406,  0,  146.833,  0.98,  1, 0.17, 0.00, 1.26, 0.00, 0.34, 1.37, 0.08, 0.41, 0.14, 0.98, 0.00, 0.47, 0.00, 0.00, 1.59, 1.06, 0.00, 0.00, 0.00, 1.00, 1.00, 0.00, 1.00, 0.00, 1.00, 0.00, 1.00, 0.00, 0.00, 0.00, 1.00, 1.00, 1.00, 0.00, 0.00
4407,  0,  146.867,  0.98,  1, 0.12, 0.00, 1.29, 0.00, 0.28, 1.26, 0.03, 0.32, 0.15, 1.07, 0.00, 0.54, 0.00, 0.00, 1.56, 1.07, 0.04, 0.00, 0.00, 1.00, 1.00, 0.00, 1.00, 0.00, 1.00, 0.00, 1.00, 0.00, 0.00, 0.00, 1.00, 1.00, 1.00, 0.00, 0.00
4408,  0,  146.900,  0.98,  1, 0.12, 0.00, 1.32, 0.00, 0.25, 1.30, 0.06, 0.39, 0.15, 1.08, 0.00, 0.54, 0.00, 0.00, 1.59, 1.05, 0.04, 0.00, 0.00, 1.00, 1.00, 0.00, 1.00, 0.00, 1.00, 0.00, 1.00, 0.00, 0.00, 0.00, 1.00, 1.00, 1.00, 0.00, 0.00
4409,  0,  146.933,  0.98,  1, 0.16, 0.00, 1.33, 0.00, 0.26, 1.39, 0.07, 0.44, 0.12, 1.09, 0.00, 0.55, 0.00, 0.00, 1.57, 0.96, 0.04, 0.00, 0.00, 1.00, 1.00, 0.00, 1.00, 0.00, 1.00, 0.00, 1.00, 0.00, 0.00, 0.00, 1.00, 1.00, 1.00, 0.00, 0.00
4410,  0,  146.967,  0.98,  1, 0.26, 0.00, 1.37, 0.00, 0.31, 1.68, 0.08, 0.57, 0.12, 1.07, 0.00, 0.52, 0.00, 0.00, 1.55, 0.91, 0.00, 0.00, 0.00, 1.00, 1.00, 0.00, 1.00, 0.00, 1.00, 0.00, 1.00, 0.00, 0.00, 0.00, 1.00, 1.00, 1.00, 0.00, 0.00
4411,  0,  147.000,  0.98,  1, 0.28, 0.00, 1.39, 0.00, 0.33, 1.76, 0.07, 0.67, 0.11, 1.18, 0.00, 0.51, 0.00, 0.00, 1.47, 0.95, 0.07, 0.00, 0.00, 1.00, 1.00, 0.00, 1.00, 0.00, 1.00, 0.00, 1.00, 0.00, 0.00, 0.00, 1.00, 1.00, 1.00, 0.00, 0.00
4412,  0,  147.033,  0.98,  1, 0.33, 0.00, 1.42, 0.00, 0.24, 1.66, 0.05, 0.64, 0.10, 1.21, 0.00, 0.44, 0.00, 0.00, 1.43, 0.92, 0.07, 0.00, 0.00, 1.00, 1.00, 0.00, 1.00, 0.00, 1.00, 0.00, 1.00, 0.00, 0.00, 0.00, 1.00, 1.00, 1.00, 0.00, 0.00
4413,  0,  147.067,  0.98,  1, 0.34, 0.00, 1.36, 0.00, 0.18, 1.54, 0.03, 0.61, 0.05, 1.26, 0.00, 0.50, 0.00, 0.00, 1.43, 1.01, 0.11, 0.00, 0.00, 1.00, 1.00, 0.00, 1.00, 0.00, 1.00, 0.00, 1.00, 0.00, 0.00, 0.00, 1.00, 1.00, 1.00, 0.00, 0.00
4414,  0,  147.100,  0.98,  1, 0.34, 0.00, 1.30, 0.01, 0.14, 1.38, 0.00, 0.41, 0.02, 1.20, 0.00, 0.44, 0.00, 0.00, 1.34, 0.96, 0.04, 0.00, 0.00, 1.00, 1.00, 0.00, 1.00, 0.00, 1.00, 0.00, 1.00, 0.00, 0.00, 0.00, 1.00, 1.00, 1.00, 0.00, 0.00
4415,  0,  147.133,  0.98,  1, 0.29, 0.00, 1.28, 0.01, 0.11, 1.39, 0.00, 0.25, 0.00, 1.29, 0.06, 0.45, 0.00, 0.00, 1.26, 1.02, 0.11, 0.00, 0.00, 1.00, 1.00, 0.00, 1.00, 0.00, 1.00, 0.00, 1.00, 0.00, 0.00, 0.00, 1.00, 1.00, 0.00, 0.00, 0.00
4416,  0,  147.167,  0.98,  1, 0.35, 0.00, 1.26, 0.01, 0.07, 1.15, 0.00, 0.11, 0.00, 1.29, 0.06, 0.35, 0.00, 0.00, 0.87, 0.98, 0.08, 0.00, 0.00, 1.00, 1.00, 0.00, 1.00, 0.00, 1.00, 0.00, 1.00, 0.00, 0.00, 0.00, 1.00, 1.00, 0.00, 0.00, 0.00
4417,  0,  147.200,  0.98,  1, 0.34, 0.00, 1.24, 0.00, 0.01, 1.21, 0.00, 0.10, 0.00, 1.17, 0.08, 0.34, 0.00, 0.00, 0.67, 1.00, 0.10, 0.00, 0.00, 1.00, 1.00, 0.00, 1.00, 0.00, 1.00, 0.00, 1.00, 0.00, 0.00, 0.00, 1.00, 0.00, 0.00, 0.00, 0.00
4418,  0,  147.233,  0.98,  1, 0.38, 0.00, 1.20, 0.00, 0.00, 1.17, 0.00, 0.10, 0.00, 1.03, 0.12, 0.29, 0.00, 0.00, 0.49, 1.08, 0.05, 0.00, 0.00, 1.00, 1.00, 0.00, 1.00, 0.00, 1.00, 0.00, 1.00, 0.00, 0.00, 0.00, 1.00, 0.00, 0.00, 0.00, 0.00
4419,  0,  147.267,  0.98,  1, 0.35, 0.00, 1.21, 0.00, 0.00, 1.08, 0.00, 0.06, 0.00, 1.03, 0.25, 0.31, 0.00, 0.00, 0.55, 1.05, 0.07, 0.00, 0.00, 1.00, 1.00, 0.00, 1.00, 0.00, 1.00, 0.00, 1.00, 0.00, 0.00, 0.00, 1.00, 0.00, 0.00, 0.00, 0.00
4420,  0,  147.300,  0.98,  1, 0.40, 0.00, 1.19, 0.00, 0.00, 0.94, 0.00, 0.00, 0.00, 1.16, 0.37, 0.33, 0.00, 0.00, 0.61, 1.13, 0.06, 0.00, 0.00, 1.00, 1.00, 0.00, 1.00, 0.00, 1.00, 0.00, 1.00, 0.00, 0.00, 0.00, 1.00, 0.00, 0.00, 0.00, 0.00
4421,  0,  147.333,  0.98,  1, 0.41, 0.00, 1.19, 0.00, 0.00, 0.86, 0.00, 0.00, 0.00, 1.21, 0.37, 0.33, 0.00, 0.00, 0.68, 1.10, 0.03, 0.00, 0.00, 1.00, 1.00, 0.00, 1.00, 0.00, 1.00, 0.00, 1.00, 0.00, 0.00, 0.00, 1.00, 0.00, 0.00, 0.00, 0.00
4422,  0,  147.367,  0.98,  1, 0.44, 0.00, 1.24, 0.00, 0.00, 1.05, 0.00, 0.00, 0.00, 1.14, 0.38, 0.26, 0.00, 0.00, 0.79, 1.08, 0.00, 0.00, 0.00, 1.00, 1.00, 0.00, 1.00, 0.00, 1.00, 0.00, 1.00, 0.00, 0.00, 0.00, 1.00, 0.00, 0.00, 0.00, 0.00
4423,  0,  147.400,  0.98,  1, 0.44, 0.00, 1.26, 0.00, 0.00, 1.22, 0.00, 0.00, 0.00, 1.08, 0.37, 0.23, 0.00, 0.00, 0.81, 0.97, 0.00, 0.00, 0.00, 1.00, 1.00, 0.00, 1.00, 0.00, 1.00, 0.00, 1.00, 0.00, 0.00, 0.00, 1.00, 0.00, 0.00, 0.00, 0.00
4424,  0,  147.433,  0.98,  1, 0.43, 0.00, 1.26, 0.00, 0.00, 1.28, 0.00, 0.00, 0.00, 0.98, 0.41, 0.20, 0.00, 0.00, 0.79, 0.85, 0.00, 0.00, 0.00, 1.00, 1.00, 0.00, 1.00, 0.00, 1.00, 0.00, 1.00, 0.00, 0.00, 0.00, 1.00, 0.00, 0.00, 0.00, 0.00
4425,  0,  147.467,  0.98,  1, 0.39, 0.00, 1.21, 0.00, 0.00, 1.33, 0.00, 0.00, 0.00, 0.97, 0.38, 0.20, 0.00, 0.00, 0.77, 0.79, 0.00, 0.00, 0.00, 1.00, 1.00, 0.00, 1.00, 0.00, 1.00, 0.00, 1.00, 0.00, 0.00, 0.00, 1.00, 0.00, 0.00, 0.00, 0.00
4426,  0,  147.500,  0.98,  1, 0.40, 0.00, 1.24, 0.00, 0.00, 1.26, 0.00, 0.00, 0.00, 0.91, 0.24, 0.37, 0.00, 0.00, 0.69, 0.87, 0.00, 0.00, 0.00, 1.00, 1.00, 0.00, 1.00, 0.00, 1.00, 0.00, 1.00, 0.00, 0.00, 0.00, 1.00, 0.00, 0.00, 0.00, 0.00
4427,  0,  147.533,  0.98,  1, 0.33, 0.00, 1.17, 0.00, 0.00, 1.42, 0.00, 0.00, 0.00, 0.89, 0.11, 0.46, 0.00, 0.00, 0.72, 1.07, 0.00, 0.00, 0.00, 1.00, 1.00, 0.00, 1.00, 0.00, 1.00, 0.00, 1.00, 0.00, 0.00, 0.00, 1.00, 0.00, 0.00, 0.00, 0.00
4428,  0,  147.567,  0.98,  1, 0.27, 0.00, 1.11, 0.00, 0.00, 1.38, 0.03, 0.01, 0.00, 0.83, 0.10, 0.59, 0.13, 0.00, 0.74, 1.27, 0.00, 0.00, 0.00, 1.00, 1.00, 0.00, 1.00, 0.00, 1.00, 0.00, 1.00, 0.00, 0.00, 0.00, 1.00, 0.00, 0.00, 0.00, 0.00
4429,  0,  147.600,  0.98,  1, 0.24, 0.00, 1.03, 0.00, 0.00, 1.39, 0.06, 0.04, 0.00, 0.80, 0.19, 0.51, 0.18, 0.00, 0.85, 1.36, 0.00, 0.00, 0.00, 1.00, 1.00, 0.00, 1.00, 0.00, 1.00, 0.00, 1.00, 0.00, 0.00, 0.00, 1.00, 0.00, 0.00, 0.00, 0.00
4430,  0,  147.633,  0.98,  1, 0.33, 0.00, 1.11, 0.00, 0.00, 1.22, 0.09, 0.07, 0.00, 0.85, 0.33, 0.55, 0.22, 0.00, 0.80, 1.34, 0.00, 0.00, 0.00, 1.00, 1.00, 0.00, 1.00, 0.00, 1.00, 0.00, 1.00, 0.00, 0.00, 0.00, 0.00, 0.00, 0.00, 0.00, 0.00
4431,  0,  147.667,  0.98,  1, 0.36, 0.00, 1.12, 0.00, 0.00, 1.15, 0.09, 0.13, 0.00, 0.88, 0.32, 0.59, 0.10, 0.00, 0.66, 1.27, 0.00, 0.00, 0.00, 1.00, 1.00, 0.00, 1.00, 0.00, 1.00, 0.00, 1.00, 0.00, 0.00, 0.00, 0.00, 0.00, 0.00, 0.00, 0.00
4432,  0,  147.700,  0.98,  1, 0.39, 0.00, 1.13, 0.00, 0.00, 1.10, 0.08, 0.13, 0.00, 0.90, 0.24, 0.65, 0.04, 0.00, 0.61, 1.26, 0.00, 0.00, 0.00, 1.00, 1.00, 0.00, 1.00, 0.00, 1.00, 0.00, 1.00, 0.00, 0.00, 0.00, 0.00, 0.00, 0.00, 0.00, 0.00
4433,  0,  147.733,  0.98,  1, 0.33, 0.00, 1.06, 0.00, 0.00, 0.96, 0.05, 0.10, 0.00, 0.87, 0.11, 0.68, 0.00, 0.00, 0.75, 1.28, 0.00, 0.00, 0.00, 1.00, 1.00, 0.00, 1.00, 0.00, 1.00, 0.00, 1.00, 0.00, 0.00, 0.00, 0.00, 0.00, 0.00, 0.00, 0.00
4434,  0,  147.767,  0.98,  1, 0.24, 0.00, 1.09, 0.00, 0.05, 0.99, 0.04, 0.03, 0.02, 0.97, 0.04, 0.59, 0.00, 0.00, 1.02, 1.27, 0.00, 0.00, 0.00, 1.00, 1.00, 0.00, 1.00, 0.00, 1.00, 0.00, 1.00, 0.00, 0.00, 0.00, 1.00, 1.00, 1.00, 0.00, 0.00
4435,  0,  147.800,  0.98,  1, 0.18, 0.00, 1.10, 0.00, 0.17, 1.00, 0.02, 0.03, 0.06, 1.17, 0.03, 0.48, 0.00, 0.00, 1.33, 1.22, 0.00, 0.00, 0.00, 1.00, 1.00, 0.00, 1.00, 0.00, 1.00, 0.00, 1.00, 0.00, 0.00, 0.00, 1.00, 1.00, 1.00, 0.00, 0.00
4436,  0,  147.833,  0.98,  1, 0.09, 0.00, 1.10, 0.00, 0.30, 1.14, 0.02, 0.05, 0.13, 1.26, 0.02, 0.35, 0.00, 0.00, 1.70, 1.18, 0.00, 0.00, 0.00, 1.00, 1.00, 0.00, 1.00, 0.00, 1.00, 0.00, 1.00, 0.00, 0.00, 0.00, 1.00, 1.00, 1.00, 0.00, 0.00
4437,  0,  147.867,  0.98,  1, 0.06, 0.00, 1.08, 0.00, 0.40, 1.22, 0.00, 0.13, 0.22, 1.30, 0.00, 0.29, 0.00, 0.00, 1.90, 1.23, 0.00, 0.00, 0.00, 1.00, 1.00, 0.00, 1.00, 0.00, 1.00, 0.00, 1.00, 0.00, 0.00, 0.00, 1.00, 1.00, 1.00, 0.00, 0.00
4438,  0,  147.900,  0.98,  1, 0.00, 0.00, 0.94, 0.00, 0.37, 1.29, 0.00, 0.18, 0.23, 1.16, 0.00, 0.47, 0.00, 0.00, 1.81, 1.06, 0.00, 0.00, 0.00, 1.00, 1.00, 0.00, 1.00, 0.00, 1.00, 0.00, 1.00, 0.00, 0.00, 0.00, 1.00, 1.00, 1.00, 0.00, 0.00
4439,  0,  147.933,  0.98,  1, 0.00, 0.00, 0.88, 0.00, 0.35, 1.47, 0.00, 0.31, 0.23, 1.13, 0.00, 0.64, 0.00, 0.00, 1.54, 0.78, 0.00, 0.00, 0.00, 1.00, 1.00, 0.00, 1.00, 0.00, 1.00, 0.00, 1.00, 0.00, 0.00, 0.00, 1.00, 1.00, 1.00, 0.00, 0.00
4440,  0,  147.967,  0.98,  1, 0.02, 0.00, 0.97, 0.00, 0.38, 1.56, 0.00, 0.37, 0.24, 1.12, 0.00, 0.87, 0.00, 0.00, 1.32, 0.59, 0.00, 0.00, 0.00, 1.00, 1.00, 0.00, 1.00, 0.00, 1.00, 0.00, 1.00, 0.00, 1.00, 0.00, 1.00, 1.00, 1.00, 0.00, 0.00
4441,  0,  148.000,  0.98,  1, 0.02, 0.00, 1.03, 0.00, 0.42, 1.61, 0.00, 0.40, 0.29, 1.24, 0.00, 0.92, 0.00, 0.00, 1.24, 0.41, 0.10, 0.00, 0.00, 1.00, 1.00, 0.00, 1.00, 0.00, 1.00, 0.00, 1.00, 0.00, 1.00, 0.00, 1.00, 1.00, 1.00, 0.00, 0.00
4442,  0,  148.033,  0.98,  1, 0.02, 0.00, 1.01, 0.00, 0.43, 1.55, 0.00, 0.36, 0.32, 1.34, 0.00, 0.98, 0.00, 0.00, 1.19, 0.46, 0.10, 0.00, 0.00, 1.00, 1.00, 0.00, 1.00, 0.00, 1.00, 0.00, 1.00, 0.00, 1.00, 0.00, 1.00, 1.00, 1.00, 0.00, 0.00
4443,  0,  148.067,  0.98,  1, 0.08, 0.00, 1.01, 0.00, 0.37, 1.37, 0.00, 0.37, 0.28, 1.42, 0.00, 1.01, 0.00, 0.00, 1.09, 0.36, 0.14, 0.00, 0.00, 1.00, 1.00, 0.00, 1.00, 0.00, 1.00, 0.00, 1.00, 0.00, 1.00, 0.00, 1.00, 1.00, 1.00, 0.00, 0.00
4444,  0,  148.100,  0.98,  1, 0.12, 0.00, 1.11, 0.00, 0.30, 1.19, 0.00, 0.32, 0.20, 1.24, 0.00, 0.97, 0.00, 0.00, 1.03, 0.64, 0.04, 0.00, 0.00, 1.00, 1.00, 0.00, 1.00, 0.00, 1.00, 0.00, 1.00, 0.00, 1.00, 0.00, 1.00, 1.00, 1.00, 0.00, 0.00
4445,  0,  148.133,  0.98,  1, 0.21, 0.00, 1.24, 0.00, 0.19, 1.11, 0.00, 0.29, 0.11, 1.06, 0.00, 0.89, 0.00, 0.00, 0.79, 0.76, 0.04, 0.00, 0.00, 1.00, 1.00, 0.00, 1.00, 0.00, 1.00, 0.00, 1.00, 0.00, 1.00, 0.00, 1.00, 1.00, 1.00, 0.00, 0.00
4446,  0,  148.167,  0.98,  1, 0.26, 0.00, 1.21, 0.00, 0.09, 1.18, 0.00, 0.15, 0.07, 0.84, 0.00, 0.83, 0.00, 0.00, 0.55, 1.02, 0.05, 0.00, 0.00, 1.00, 1.00, 0.00, 1.00, 0.00, 1.00, 0.00, 1.00, 0.00, 1.00, 0.00, 1.00, 0.00, 1.00, 0.00, 0.00
4447,  0,  148.200,  0.98,  1, 0.29, 0.00, 1.24, 0.00, 0.08, 1.25, 0.00, 0.11, 0.11, 0.76, 0.00, 0.91, 0.06, 0.00, 0.24, 0.87, 0.50, 0.00, 0.00, 1.00, 1.00, 0.00, 1.00, 0.00, 1.00, 0.00, 1.00, 1.00, 1.00, 0.00, 1.00, 0.00, 1.00, 0.00, 1.00
4448,  0,  148.233,  0.98,  1, 0.22, 0.00, 1.13, 0.00, 0.09, 1.04, 0.00, 0.04, 0.14, 0.80, 0.00, 1.09, 0.07, 0.00, 0.08, 0.73, 1.10, 0.00, 0.00, 1.00, 1.00, 0.00, 1.00, 0.00, 1.00, 0.00, 1.00, 1.00, 1.00, 0.00, 1.00, 0.00, 1.00, 0.00, 1.00
4449,  0,  148.267,  0.98,  1, 0.14, 0.00, 1.05, 0.00, 0.09, 0.69, 0.00, 0.08, 0.12, 0.85, 0.00, 1.21, 0.17, 0.00, 0.00, 0.39, 1.68, 0.00, 0.00, 1.00, 1.00, 0.00, 1.00, 0.00, 1.00, 0.00, 1.00, 1.00, 1.00, 0.00, 1.00, 0.00, 1.00, 0.00, 1.00
4450,  0,  148.300,  0.98,  1, 0.07, 0.00, 1.01, 0.01, 0.06, 0.32, 0.00, 0.06, 0.07, 0.89, 0.00, 1.18, 0.20, 0.00, 0.14, 0.46, 1.97, 0.00, 0.00, 1.00, 1.00, 0.00, 1.00, 0.00, 1.00, 0.00, 1.00, 1.00, 1.00, 0.00, 1.00, 0.00, 1.00, 0.00, 1.00
4451,  0,  148.333,  0.98,  1, 0.06, 0.00, 1.12, 0.01, 0.11, 0.30, 0.00, 0.07, 0.03, 0.82, 0.00, 1.12, 0.25, 0.00, 0.50, 0.57, 2.08, 0.00, 0.00, 1.00, 1.00, 0.00, 1.00, 0.00, 1.00, 0.00, 1.00, 1.00, 1.00, 0.00, 1.00, 0.00, 1.00, 0.00, 1.00
4452,  0,  148.367,  0.98,  1, 0.05, 0.00, 1.22, 0.01, 0.13, 0.48, 0.00, 0.05, 0.05, 0.62, 0.00, 0.89, 0.15, 0.00, 0.99, 0.87, 2.17, 0.00, 0.00, 1.00, 1.00, 0.00, 1.00, 0.00, 1.00, 0.00, 1.00, 1.00, 1.00, 0.00, 1.00, 0.00, 1.00, 0.00, 1.00
4453,  0,  148.400,  0.98,  1, 0.17, 0.00, 1.32, 0.00, 0.11, 0.68, 0.00, 0.10, 0.06, 0.53, 0.00, 0.76, 0.06, 0.00, 1.28, 0.85, 1.99, 0.00, 0.00, 1.00, 1.00, 0.00, 1.00, 0.00, 1.00, 0.00, 1.00, 1.00, 1.00, 0.00, 1.00, 0.00, 1.00, 0.00, 1.00
4454,  0,  148.433,  0.98,  1, 0.36, 0.00, 1.34, 0.00, 0.04, 0.86, 0.00, 0.08, 0.06, 0.58, 0.00, 0.67, 0.00, 0.00, 1.16, 0.78, 1.46, 0.00, 0.00, 1.00, 1.00, 0.00, 1.00, 0.00, 1.00, 0.00, 1.00, 1.00, 1.00, 0.00, 1.00, 0.00, 1.00, 0.00, 1.00
4455,  0,  148.467,  0.98,  1, 0.44, 0.00, 1.21, 0.00, 0.00, 0.88, 0.00, 0.11, 0.03, 0.72, 0.00, 0.77, 0.00, 0.00, 0.86, 0.65, 0.92, 0.00, 0.00, 1.00, 1.00, 0.00, 1.00, 0.00, 1.00, 0.00, 1.00, 1.00, 1.00, 0.00, 1.00, 0.00, 1.00, 0.00, 1.00
4456,  0,  148.500,  0.98,  1, 0.49, 0.00, 1.12, 0.00, 0.00, 0.85, 0.00, 0.11, 0.01, 0.81, 0.00, 0.77, 0.03, 0.00, 0.69, 0.54, 0.44, 0.00, 0.00, 0.00, 1.00, 0.00, 1.00, 0.00, 1.00, 0.00, 1.00, 1.00, 1.00, 0.00, 1.00, 0.00, 1.00, 0.00, 1.00
4457,  0,  148.533,  0.98,  1, 0.46, 0.00, 1.05, 0.00, 0.00, 0.70, 0.00, 0.10, 0.01, 0.76, 0.05, 0.72, 0.10, 0.00, 0.70, 0.45, 0.69, 0.00, 0.00, 0.00, 1.00, 0.00, 1.00, 0.00, 1.00, 0.00, 1.00, 1.00, 1.00, 0.00, 1.00, 0.00, 1.00, 0.00, 1.00
4458,  0,  148.567,  0.98,  1, 0.51, 0.00, 0.95, 0.00, 0.00, 0.39, 0.00, 0.09, 0.00, 0.77, 0.10, 0.71, 0.13, 0.00, 0.65, 0.42, 1.34, 0.00, 0.00, 0.00, 1.00, 0.00, 1.00, 0.00, 1.00, 0.00, 1.00, 1.00, 1.00, 0.00, 1.00, 0.00, 1.00, 0.00, 1.00
4459,  0,  148.600,  0.98,  1, 0.46, 0.00, 0.85, 0.00, 0.00, 0.22, 0.00, 0.06, 0.00, 0.80, 0.14, 0.70, 0.11, 0.00, 0.57, 0.45, 2.33, 0.00, 0.00, 0.00, 1.00, 0.00, 1.00, 0.00, 1.00, 0.00, 1.00, 1.00, 1.00, 0.00, 1.00, 0.00, 1.00, 0.00, 1.00
4460,  0,  148.633,  0.98,  1, 0.39, 0.00, 0.82, 0.10, 0.00, 0.00, 0.00, 0.06, 0.00, 0.83, 0.09, 0.74, 0.04, 0.00, 0.51, 0.54, 2.93, 0.00, 0.00, 1.00, 1.00, 0.00, 1.00, 0.00, 1.00, 0.00, 1.00, 1.00, 1.00, 0.00, 1.00, 0.00, 1.00, 0.00, 1.00
4461,  0,  148.667,  0.98,  1, 0.30, 0.00, 0.99, 0.30, 0.00, 0.00, 0.00, 0.04, 0.00, 0.83, 0.07, 0.75, 0.01, 0.00, 0.50, 0.48, 3.01, 0.00, 0.00, 1.00, 1.00, 0.00, 1.00, 0.00, 1.00, 0.00, 1.00, 1.00, 1.00, 0.00, 1.00, 0.00, 1.00, 0.00, 1.00
4462,  0,  148.700,  0.98,  1, 0.19, 0.00, 1.09, 0.34, 0.00, 0.15, 0.00, 0.03, 0.00, 0.82, 0.03, 0.81, 0.00, 0.00, 0.41, 0.36, 2.71, 0.00, 0.00, 1.00, 1.00, 0.00, 1.00, 0.00, 1.00, 0.00, 1.00, 1.00, 1.00, 0.00, 1.00, 0.00, 1.00, 0.00, 1.00
4463,  0,  148.733,  0.98,  1, 0.21, 0.00, 1.16, 0.23, 0.00, 0.55, 0.00, 0.07, 0.00, 0.75, 0.04, 0.80, 0.00, 0.00, 0.45, 0.32, 2.10, 0.00, 0.00, 1.00, 1.00, 0.00, 1.00, 0.00, 1.00, 0.00, 1.00, 1.00, 1.00, 0.00, 1.00, 0.00, 1.00, 0.00, 1.00
4464,  0,  148.767,  0.98,  1, 0.25, 0.00, 1.18, 0.03, 0.00, 0.87, 0.00, 0.04, 0.00, 0.64, 0.00, 0.71, 0.00, 0.00, 0.52, 0.36, 1.34, 0.00, 0.00, 1.00, 1.00, 0.00, 1.00, 0.00, 1.00, 0.00, 1.00, 1.00, 1.00, 0.00, 1.00, 0.00, 1.00, 0.00, 1.00
4465,  0,  148.800,  0.98,  1, 0.35, 0.00, 1.24, 0.00, 0.00, 1.02, 0.00, 0.08, 0.00, 0.65, 0.02, 0.65, 0.00, 0.00, 0.65, 0.53, 0.57, 0.00, 0.00, 1.00, 1.00, 0.00, 1.00, 0.00, 1.00, 0.00, 1.00, 1.00, 1.00, 0.00, 1.00, 0.00, 1.00, 0.00, 1.00
4466,  0,  148.833,  0.98,  1, 0.38, 0.00, 1.26, 0.00, 0.00, 0.87, 0.00, 0.10, 0.00, 0.66, 0.02, 0.63, 0.00, 0.00, 0.77, 0.61, 0.15, 0.00, 0.00, 1.00, 1.00, 0.00, 1.00, 0.00, 1.00, 0.00, 1.00, 1.00, 1.00, 0.00, 1.00, 0.00, 1.00, 0.00, 0.00
4467,  0,  148.867,  0.98,  1, 0.46, 0.00, 1.25, 0.00, 0.00, 0.89, 0.00, 0.16, 0.00, 0.73, 0.02, 0.68, 0.00, 0.00, 0.85, 0.57, 0.00, 0.00, 0.00, 1.00, 1.00, 0.00, 1.00, 0.00, 1.00, 0.00, 1.00, 1.00, 1.00, 0.00, 1.00, 0.00, 0.00, 0.00, 0.00
4468,  0,  148.900,  0.98,  1, 0.48, 0.00, 1.24, 0.00, 0.00, 0.88, 0.00, 0.16, 0.00, 0.73, 0.00, 0.78, 0.00, 0.00, 0.88, 0.52, 0.00, 0.00, 0.00, 1.00, 1.00, 0.00, 1.00, 0.00, 1.00, 0.00, 1.00, 1.00, 1.00, 0.00, 1.00, 0.00, 0.00, 0.00, 0.00
4469,  0,  148.933,  0.98,  1, 0.44, 0.00, 1.25, 0.00, 0.00, 0.96, 0.00, 0.14, 0.00, 0.76, 0.00, 0.81, 0.00, 0.00, 0.82, 0.50, 0.00, 0.00, 0.00, 1.00, 1.00, 0.00, 1.00, 0.00, 1.00, 0.00, 1.00, 1.00, 1.00, 0.00, 1.00, 0.00, 0.00, 0.00, 0.00
4470,  0,  148.967,  0.98,  1, 0.38, 0.00, 1.30, 0.00, 0.00, 0.93, 0.00, 0.12, 0.00, 0.75, 0.00, 0.87, 0.00, 0.00, 0.79, 0.59, 0.00, 0.00, 0.00, 1.00, 1.00, 0.00, 1.00, 0.00, 1.00, 0.00, 1.00, 1.00, 1.00, 0.00, 1.00, 0.00, 0.00, 0.00, 0.00
4471,  0,  149.000,  0.98,  1, 0.44, 0.02, 1.26, 0.00, 0.00, 1.00, 0.00, 0.11, 0.00, 0.70, 0.00, 0.88, 0.00, 0.00, 0.74, 0.61, 0.00, 0.00, 0.00, 1.00, 1.00, 0.00, 1.00, 0.00, 1.00, 0.00, 1.00, 1.00, 1.00, 0.00, 1.00, 0.00, 0.00, 0.00, 0.00
4472,  0,  149.033,  0.98,  1, 0.47, 0.05, 1.26, 0.00, 0.00, 0.99, 0.00, 0.15, 0.00, 0.70, 0.00, 0.91, 0.00, 0.00, 0.71, 0.59, 0.00, 0.00, 0.00, 1.00, 1.00, 0.00, 1.00, 0.00, 1.00, 0.00, 1.00, 1.00, 1.00, 0.00, 1.00, 0.00, 0.00, 0.00, 0.00
4473,  0,  149.067,  0.98,  1, 0.51, 0.09, 1.21, 0.00, 0.00, 0.99, 0.00, 0.17, 0.00, 0.68, 0.00, 0.93, 0.00, 0.00, 0.74, 0.55, 0.00, 0.00, 0.00, 1.00, 1.00, 0.00, 1.00, 0.00, 1.00, 0.00, 1.00, 1.00, 1.00, 0.00, 1.00, 0.00, 0.00, 0.00, 0.00
4474,  0,  149.100,  0.98,  1, 0.40, 0.07, 1.25, 0.00, 0.02, 0.95, 0.00, 0.15, 0.00, 0.64, 0.00, 0.92, 0.00, 0.00, 0.67, 0.51, 0.00, 0.00, 0.00, 1.00, 1.00, 0.00, 1.00, 0.00, 1.00, 0.00, 1.00, 1.00, 1.00, 0.00, 1.00, 0.00, 0.00, 0.00, 0.00
4475,  0,  149.133,  0.98,  1, 0.35, 0.04, 1.24, 0.00, 0.02, 0.95, 0.00, 0.07, 0.00, 0.67, 0.00, 0.95, 0.00, 0.00, 0.61, 0.49, 0.00, 0.00, 0.00, 1.00, 1.00, 0.00, 1.00, 0.00, 1.00, 0.00, 1.00, 1.00, 1.00, 0.00, 1.00, 0.00, 0.00, 0.00, 0.00
4476,  0,  149.167,  0.98,  1, 0.25, 0.00, 1.23, 0.00, 0.02, 0.95, 0.00, 0.00, 0.00, 0.71, 0.02, 0.85, 0.00, 0.00, 0.47, 0.53, 0.00, 0.00, 0.00, 1.00, 1.00, 0.00, 1.00, 0.00, 1.00, 0.00, 1.00, 0.00, 1.00, 0.00, 1.00, 0.00, 0.00, 0.00, 0.00
4477,  0,  149.200,  0.98,  1, 0.24, 0.00, 1.21, 0.00, 0.01, 0.88, 0.00, 0.00, 0.00, 0.79, 0.02, 0.71, 0.01, 0.00, 0.46, 0.64, 0.00, 0.00, 0.00, 1.00, 1.00, 0.00, 1.00, 0.00, 1.00, 0.00, 1.00, 0.00, 1.00, 0.00, 1.00, 0.00, 0.00, 0.00, 0.00
4478,  0,  149.233,  0.98,  1, 0.18, 0.00, 1.22, 0.00, 0.00, 0.86, 0.00, 0.00, 0.00, 0.87, 0.02, 0.54, 0.01, 0.00, 0.42, 0.72, 0.00, 0.00, 0.00, 1.00, 1.00, 0.00, 1.00, 0.00, 1.00, 0.00, 1.00, 0.00, 1.00, 0.00, 1.00, 0.00, 0.00, 0.00, 0.00
4479,  0,  149.267,  0.98,  1, 0.14, 0.00, 1.26, 0.00, 0.02, 0.94, 0.00, 0.00, 0.00, 1.01, 0.00, 0.51, 0.05, 0.00, 0.43, 0.73, 0.00, 0.00, 0.00, 1.00, 1.00, 0.00, 1.00, 0.00, 1.00, 0.00, 1.00, 0.00, 1.00, 0.00, 1.00, 0.00, 0.00, 0.00, 0.00
4480,  0,  149.300,  0.98,  1, 0.12, 0.00, 1.29, 0.00, 0.05, 1.01, 0.00, 0.00, 0.00, 1.13, 0.00, 0.58, 0.04, 0.00, 0.37, 0.73, 0.00, 0.00, 0.00, 1.00, 1.00, 0.00, 1.00, 0.00, 1.00, 0.00, 1.00, 0.00, 1.00, 0.00, 1.00, 0.00, 0.00, 0.00, 0.00
4481,  0,  149.333,  0.98,  1, 0.07, 0.00, 1.28, 0.00, 0.06, 0.97, 0.00, 0.00, 0.00, 1.14, 0.00, 0.65, 0.06, 0.00, 0.32, 0.80, 0.00, 0.00, 0.00, 1.00, 1.00, 0.00, 1.00, 0.00, 1.00, 0.00, 1.00, 0.00, 1.00, 0.00, 1.00, 0.00, 0.00, 0.00, 0.00
4482,  0,  149.367,  0.98,  1, 0.06, 0.00, 1.26, 0.00, 0.06, 0.92, 0.00, 0.00, 0.00, 1.08, 0.00, 0.68, 0.02, 0.00, 0.24, 0.80, 0.00, 0.00, 0.00, 1.00, 1.00, 0.00, 1.00, 0.00, 1.00, 0.00, 1.00, 0.00, 1.00, 0.00, 1.00, 0.00, 0.00, 0.00, 0.00
4483,  0,  149.400,  0.98,  1, 0.10, 0.00, 1.20, 0.00, 0.06, 0.93, 0.00, 0.00, 0.00, 1.02, 0.00, 0.68, 0.02, 0.00, 0.26, 0.82, 0.00, 0.00, 0.00, 1.00, 1.00, 0.00, 1.00, 0.00, 1.00, 0.00, 1.00, 0.00, 1.00, 0.00, 1.00, 0.00, 0.00, 0.00, 0.00
4484,  0,  149.433,  0.98,  1, 0.14, 0.00, 1.10, 0.00, 0.06, 1.03, 0.00, 0.00, 0.01, 0.97, 0.00, 0.67, 0.00, 0.00, 0.31, 0.76, 0.00, 0.00, 0.00, 1.00, 1.00, 0.00, 1.00, 0.00, 1.00, 0.00, 1.00, 0.00, 0.00, 0.00, 1.00, 0.00, 0.00, 0.00, 0.00
4485,  0,  149.467,  0.98,  1, 0.15, 0.00, 1.08, 0.00, 0.05, 1.01, 0.00, 0.00, 0.01, 0.91, 0.00, 0.69, 0.00, 0.00, 0.38, 0.74, 0.00, 0.00, 0.00, 1.00, 1.00, 0.00, 1.00, 0.00, 1.00, 0.00, 1.00, 0.00, 0.00, 0.00, 1.00, 0.00, 0.00, 0.00, 0.00
4486,  0,  149.500,  0.98,  1, 0.09, 0.00, 1.01, 0.00, 0.02, 0.95, 0.00, 0.00, 0.01, 0.88, 0.00, 0.71, 0.06, 0.00, 0.43, 0.60, 0.00, 0.00, 0.00, 1.00, 1.00, 0.00, 1.00, 0.00, 1.00, 0.00, 1.00, 0.00, 0.00, 0.00, 1.00, 0.00, 0.00, 0.00, 0.00
4487,  0,  149.533,  0.98,  1, 0.04, 0.00, 1.08, 0.00, 0.00, 0.77, 0.00, 0.00, 0.00, 0.97, 0.00, 0.79, 0.10, 0.00, 0.47, 0.53, 0.00, 0.00, 0.00, 1.00, 1.00, 0.00, 1.00, 0.00, 1.00, 0.00, 1.00, 0.00, 1.00, 0.00, 1.00, 0.00, 0.00, 0.00, 0.00
4488,  0,  149.567,  0.98,  1, 0.00, 0.00, 1.05, 0.00, 0.06, 0.83, 0.00, 0.11, 0.01, 1.03, 0.00, 0.82, 0.10, 0.01, 0.39, 0.46, 0.00, 0.00, 0.00, 0.00, 1.00, 0.00, 1.00, 0.00, 1.00, 0.00, 1.00, 0.00, 1.00, 0.00, 1.00, 0.00, 0.00, 0.00, 0.00
4489,  0,  149.600,  0.98,  1, 0.00, 0.00, 1.09, 0.00, 0.13, 0.99, 0.00, 0.14, 0.01, 1.07, 0.00, 0.83, 0.05, 0.01, 0.31, 0.48, 0.00, 0.00, 0.00, 0.00, 1.00, 0.00, 1.00, 0.00, 1.00, 0.00, 1.00, 0.00, 1.00, 0.00, 1.00, 0.00, 0.00, 0.00, 0.00
4490,  0,  149.633,  0.98,  1, 0.00, 0.00, 1.01, 0.00, 0.22, 1.24, 0.00, 0.14, 0.01, 1.08, 0.00, 0.84, 0.00, 0.03, 0.24, 0.49, 0.00, 0.00, 0.00, 0.00, 1.00, 0.00, 1.00, 0.00, 1.00, 0.00, 1.00, 0.00, 1.00, 0.00, 1.00, 0.00, 0.00, 0.00, 0.00
4491,  0,  149.667,  0.98,  1, 0.00, 0.00, 1.03, 0.00, 0.23, 1.33, 0.00, 0.07, 0.00, 1.07, 0.00, 0.80, 0.04, 0.01, 0.40, 0.61, 0.00, 0.00, 0.00, 0.00, 1.00, 0.00, 1.00, 0.00, 1.00, 0.00, 1.00, 0.00, 1.00, 0.00, 1.00, 0.00, 0.00, 0.00, 0.00
4492,  0,  149.700,  0.98,  1, 0.00, 0.00, 0.99, 0.00, 0.24, 1.28, 0.00, 0.07, 0.06, 0.99, 0.00, 0.69, 0.04, 0.01, 0.53, 0.80, 0.00, 0.00, 0.00, 0.00, 1.00, 0.00, 1.00, 0.00, 1.00, 0.00, 1.00, 0.00, 0.00, 0.00, 1.00, 0.00, 0.00, 0.00, 0.00
4493,  0,  149.733,  0.98,  1, 0.00, 0.00, 0.98, 0.00, 0.24, 1.13, 0.00, 0.13, 0.12, 0.95, 0.00, 0.53, 0.04, 0.00, 0.66, 0.93, 0.00, 0.00, 0.00, 0.00, 1.00, 0.00, 1.00, 0.00, 1.00, 0.00, 1.00, 0.00, 0.00, 0.00, 1.00, 0.00, 0.00, 0.00, 0.00
4494,  0,  149.767,  0.98,  1, 0.02, 0.00, 0.96, 0.00, 0.26, 0.93, 0.00, 0.09, 0.16, 0.94, 0.00, 0.50, 0.02, 0.00, 0.67, 0.93, 0.09, 0.00, 0.00, 0.00, 1.00, 0.00, 1.00, 0.00, 1.00, 0.00, 1.00, 0.00, 0.00, 0.00, 1.00, 0.00, 0.00, 0.00, 0.00
4495,  0,  149.800,  0.98,  1, 0.04, 0.00, 0.98, 0.02, 0.27, 0.82, 0.00, 0.12, 0.17, 1.08, 0.00, 0.54, 0.10, 0.00, 0.74, 0.81, 0.17, 0.00, 0.00, 0.00, 1.00, 0.00, 1.00, 0.00, 1.00, 0.00, 1.00, 0.00, 0.00, 0.00, 1.00, 0.00, 0.00, 0.00, 0.00
4496,  0,  149.833,  0.98,  1, 0.11, 0.00, 0.98, 0.02, 0.26, 0.76, 0.00, 0.06, 0.15, 1.14, 0.00, 0.63, 0.13, 0.00, 0.74, 0.68, 0.23, 0.00, 0.00, 0.00, 1.00, 0.00, 1.00, 0.00, 1.00, 0.00, 1.00, 0.00, 0.00, 0.00, 1.00, 0.00, 0.00, 0.00, 0.00
4497,  0,  149.867,  0.98,  1, 0.15, 0.00, 0.98, 0.04, 0.27, 0.80, 0.00, 0.08, 0.18, 1.21, 0.00, 0.63, 0.21, 0.00, 0.80, 0.63, 0.21, 0.00, 0.00, 0.00, 1.00, 0.00, 1.00, 0.00, 1.00, 0.00, 1.00, 0.00, 0.00, 0.00, 1.00, 0.00, 0.00, 0.00, 0.00
4498,  0,  149.900,  0.98,  1, 0.19, 0.00, 1.08, 0.02, 0.27, 0.86, 0.00, 0.01, 0.21, 1.06, 0.00, 0.61, 0.16, 0.00, 0.78, 0.72, 0.22, 0.00, 0.00, 0.00, 1.00, 0.00, 1.00, 0.00, 1.00, 0.00, 1.00, 0.00, 0.00, 0.00, 1.00, 0.00, 0.00, 0.00, 0.00
4499,  0,  149.933,  0.98,  1, 0.20, 0.00, 1.19, 0.02, 0.30, 0.92, 0.00, 0.01, 0.25, 0.99, 0.00, 0.55, 0.27, 0.00, 0.85, 0.77, 0.20, 0.00, 0.00, 1.00, 1.00, 0.00, 1.00, 0.00, 1.00, 0.00, 1.00, 0.00, 0.00, 0.00, 1.00, 1.00, 0.00, 0.00, 0.00
4500,  0,  149.967,  0.98,  1, 0.22, 0.00, 1.22, 0.00, 0.28, 0.99, 0.00, 0.04, 0.26, 0.92, 0.00, 0.61, 0.26, 0.00, 0.84, 0.81, 0.20, 0.00, 0.00, 1.00, 1.00, 0.00, 1.00, 0.00, 1.00, 0.00, 1.00, 0.00, 0.00, 0.00, 1.00, 1.00, 0.00, 0.00, 0.00
4501,  0,  150.000,  0.98,  1, 0.22, 0.00, 1.14, 0.00, 0.27, 1.05, 0.00, 0.07, 0.28, 1.01, 0.00, 0.66, 0.37, 0.00, 0.94, 0.81, 0.11, 0.00, 0.00, 1.00, 1.00, 0.00, 1.00, 0.00, 1.00, 0.00, 1.00, 0.00, 0.00, 0.00, 1.00, 1.00, 1.00, 0.00, 0.00
4502,  0,  150.033,  0.98,  1, 0.23, 0.00, 1.18, 0.00, 0.23, 1.17, 0.00, 0.14, 0.30, 1.05, 0.00, 0.74, 0.34, 0.00, 0.99, 0.89, 0.07, 0.00, 0.00, 1.00, 1.00, 0.00, 1.00, 0.00, 1.00, 0.00, 1.00, 0.00, 0.00, 0.00, 1.00, 1.00, 1.00, 0.00, 0.00
4503,  0,  150.067,  0.98,  1, 0.23, 0.00, 1.22, 0.05, 0.25, 1.21, 0.00, 0.16, 0.30, 1.03, 0.00, 0.71, 0.28, 0.00, 1.11, 1.00, 0.01, 0.00, 0.00, 1.00, 1.00, 0.00, 1.00, 0.00, 1.00, 0.00, 1.00, 0.00, 0.00, 0.00, 1.00, 1.00, 1.00, 0.00, 0.00
4504,  0,  150.100,  0.98,  1, 0.23, 0.00, 1.28, 0.05, 0.26, 1.30, 0.00, 0.19, 0.29, 1.01, 0.00, 0.71, 0.24, 0.00, 1.08, 1.06, 0.06, 0.00, 0.00, 1.00, 1.00, 0.00, 1.00, 0.00, 1.00, 0.00, 1.00, 0.00, 0.00, 0.00, 1.00, 1.00, 1.00, 0.00, 0.00
4505,  0,  150.133,  0.98,  1, 0.24, 0.00, 1.31, 0.08, 0.27, 1.33, 0.00, 0.20, 0.27, 0.97, 0.00, 0.70, 0.19, 0.00, 1.16, 1.10, 0.12, 0.00, 0.00, 1.00, 1.00, 0.00, 1.00, 0.00, 1.00, 0.00, 1.00, 0.00, 0.00, 0.00, 1.00, 1.00, 1.00, 0.00, 0.00
4506,  0,  150.167,  0.98,  1, 0.23, 0.00, 1.34, 0.09, 0.27, 1.38, 0.00, 0.21, 0.28, 1.06, 0.00, 0.74, 0.23, 0.00, 1.20, 1.12, 0.20, 0.00, 0.00, 1.00, 1.00, 0.00, 1.00, 0.00, 1.00, 0.00, 1.00, 0.00, 0.00, 0.00, 1.00, 1.00, 1.00, 0.00, 0.00
4507,  0,  150.200,  0.98,  1, 0.22, 0.00, 1.31, 0.09, 0.28, 1.32, 0.00, 0.28, 0.29, 1.10, 0.00, 0.74, 0.18, 0.00, 1.32, 1.14, 0.27, 0.00, 0.00, 1.00, 1.00, 0.00, 1.00, 0.00, 1.00, 0.00, 1.00, 0.00, 0.00, 0.00, 1.00, 1.00, 1.00, 0.00, 0.00
4508,  0,  150.233,  0.98,  1, 0.19, 0.00, 1.28, 0.06, 0.30, 1.31, 0.00, 0.31, 0.30, 1.16, 0.00, 0.73, 0.21, 0.00, 1.37, 1.22, 0.36, 0.00, 0.00, 1.00, 1.00, 0.00, 1.00, 0.00, 1.00, 0.00, 1.00, 0.00, 0.00, 0.00, 1.00, 1.00, 1.00, 0.00, 0.00
4509,  0,  150.267,  0.98,  1, 0.18, 0.00, 1.28, 0.00, 0.31, 1.24, 0.00, 0.31, 0.30, 1.13, 0.00, 0.68, 0.23, 0.00, 1.38, 1.29, 0.38, 0.00, 0.00, 1.00, 1.00, 0.00, 1.00, 0.00, 1.00, 0.00, 1.00, 0.00, 0.00, 0.00, 1.00, 1.00, 1.00, 0.00, 0.00
4510,  0,  150.300,  0.98,  1, 0.29, 0.00, 1.30, 0.03, 0.29, 1.21, 0.00, 0.32, 0.29, 1.07, 0.00, 0.62, 0.23, 0.00, 1.47, 1.15, 0.29, 0.00, 0.00, 1.00, 1.00, 0.00, 1.00, 0.00, 1.00, 0.00, 1.00, 0.00, 0.00, 0.00, 1.00, 1.00, 1.00, 0.00, 0.00
4511,  0,  150.333,  0.98,  1, 0.40, 0.00, 1.28, 0.03, 0.23, 1.20, 0.00, 0.32, 0.28, 1.03, 0.00, 0.62, 0.20, 0.00, 1.51, 0.98, 0.21, 0.00, 0.00, 1.00, 1.00, 0.00, 1.00, 0.00, 1.00, 0.00, 1.00, 0.00, 0.00, 0.00, 1.00, 1.00, 1.00, 0.00, 0.00
4512,  0,  150.367,  0.98,  1, 0.33, 0.00, 1.19, 0.03, 0.26, 1.25, 0.00, 0.35, 0.31, 0.91, 0.00, 0.51, 0.11, 0.00, 1.50, 0.77, 0.11, 0.00, 0.00, 1.00, 1.00, 0.00, 1.00, 0.00, 1.00, 0.00, 1.00, 0.00, 0.00, 0.00, 1.00, 1.00, 1.00, 0.00, 0.00
4513,  0,  150.400,  0.98,  1, 0.16, 0.00, 1.14, 0.00, 0.35, 1.20, 0.00, 0.40, 0.34, 0.89, 0.00, 0.43, 0.06, 0.00, 1.36, 0.74, 0.10, 0.00, 0.00, 1.00, 1.00, 0.00, 1.00, 0.00, 1.00, 0.00, 1.00, 0.00, 0.00, 0.00, 1.00, 1.00, 1.00, 0.00, 0.00
4514,  0,  150.433,  0.98,  1, 0.00, 0.00, 1.09, 0.00, 0.46, 1.07, 0.00, 0.47, 0.40, 0.81, 0.00, 0.29, 0.00, 0.00, 1.29, 0.68, 0.03, 0.00, 0.00, 1.00, 1.00, 0.00, 1.00, 0.00, 1.00, 0.00, 1.00, 0.00, 0.00, 0.00, 1.00, 1.00, 1.00, 0.00, 0.00
4515,  0,  150.467,  0.98,  1, 0.00, 0.00, 1.09, 0.00, 0.45, 0.96, 0.00, 0.39, 0.37, 0.93, 0.00, 0.32, 0.00, 0.00, 1.23, 0.63, 0.02, 0.00, 0.00, 1.00, 1.00, 0.00, 1.00, 0.00, 1.00, 0.00, 1.00, 0.00, 0.00, 0.00, 1.00, 1.00, 1.00, 0.00, 0.00
4516,  0,  150.500,  0.98,  1, 0.00, 0.00, 1.06, 0.00, 0.41, 0.95, 0.00, 0.29, 0.34, 0.99, 0.00, 0.34, 0.00, 0.00, 1.20, 0.58, 0.00, 0.00, 0.00, 1.00, 1.00, 0.00, 1.00, 0.00, 1.00, 0.00, 1.00, 0.00, 0.00, 0.00, 1.00, 1.00, 1.00, 0.00, 0.00
4517,  0,  150.533,  0.98,  1, 0.00, 0.00, 1.07, 0.00, 0.40, 1.06, 0.00, 0.17, 0.31, 1.08, 0.00, 0.37, 0.00, 0.00, 1.18, 0.56, 0.00, 0.00, 0.00, 1.00, 1.00, 0.00, 1.00, 0.00, 1.00, 0.00, 1.00, 0.00, 0.00, 0.00, 1.00, 1.00, 1.00, 0.00, 0.00
4518,  0,  150.567,  0.98,  1, 0.00, 0.00, 1.05, 0.00, 0.44, 1.18, 0.00, 0.18, 0.36, 1.15, 0.00, 0.34, 0.00, 0.00, 1.15, 0.61, 0.00, 0.00, 0.00, 1.00, 1.00, 0.00, 1.00, 0.00, 1.00, 0.00, 1.00, 0.00, 0.00, 0.00, 1.00, 1.00, 1.00, 0.00, 0.00
4519,  0,  150.600,  0.98,  1, 0.00, 0.00, 1.02, 0.00, 0.48, 1.25, 0.00, 0.21, 0.42, 1.26, 0.00, 0.30, 0.00, 0.00, 1.15, 0.64, 0.00, 0.00, 0.00, 1.00, 1.00, 0.00, 1.00, 0.00, 1.00, 0.00, 1.00, 0.00, 0.00, 0.00, 1.00, 1.00, 1.00, 0.00, 0.00
4520,  0,  150.633,  0.98,  1, 0.00, 0.00, 0.98, 0.00, 0.51, 1.23, 0.00, 0.23, 0.43, 1.31, 0.00, 0.30, 0.00, 0.00, 1.08, 0.68, 0.00, 0.00, 0.00, 1.00, 1.00, 0.00, 1.00, 0.00, 1.00, 0.00, 1.00, 0.00, 0.00, 0.00, 1.00, 1.00, 1.00, 0.00, 0.00
4521,  0,  150.667,  0.98,  1, 0.00, 0.00, 0.97, 0.00, 0.53, 1.18, 0.00, 0.25, 0.42, 1.32, 0.00, 0.27, 0.02, 0.00, 1.15, 0.67, 0.00, 0.00, 0.00, 1.00, 1.00, 0.00, 1.00, 0.00, 1.00, 0.00, 1.00, 0.00, 0.00, 0.00, 1.00, 1.00, 1.00, 0.00, 0.00
4522,  0,  150.700,  0.98,  1, 0.00, 0.00, 1.03, 0.00, 0.52, 1.33, 0.00, 0.26, 0.41, 1.27, 0.00, 0.40, 0.02, 0.00, 1.10, 0.63, 0.06, 0.00, 0.00, 1.00, 1.00, 0.00, 1.00, 0.00, 1.00, 0.00, 1.00, 0.00, 0.00, 0.00, 1.00, 1.00, 1.00, 0.00, 0.00
4523,  0,  150.733,  0.98,  1, 0.00, 0.00, 1.01, 0.00, 0.50, 1.33, 0.00, 0.31, 0.43, 1.24, 0.00, 0.50, 0.02, 0.00, 1.14, 0.61, 0.09, 0.00, 0.00, 1.00, 1.00, 0.00, 1.00, 0.00, 1.00, 0.00, 1.00, 0.00, 0.00, 0.00, 1.00, 1.00, 0.00, 0.00, 0.00
4524,  0,  150.767,  0.98,  1, 0.00, 0.00, 1.03, 0.00, 0.42, 1.34, 0.00, 0.26, 0.46, 1.09, 0.00, 0.71, 0.00, 0.00, 0.99, 0.54, 0.12, 0.00, 0.00, 1.00, 1.00, 0.00, 1.00, 0.00, 1.00, 0.00, 1.00, 0.00, 0.00, 0.00, 1.00, 1.00, 0.00, 0.00, 0.00
4525,  0,  150.800,  0.98,  1, 0.00, 0.00, 1.04, 0.00, 0.37, 1.15, 0.00, 0.20, 0.44, 1.00, 0.00, 0.84, 0.00, 0.00, 0.96, 0.44, 0.06, 0.00, 0.00, 1.00, 1.00, 0.00, 1.00, 0.00, 1.00, 0.00, 1.00, 0.00, 0.00, 0.00, 1.00, 1.00, 0.00, 0.00, 0.00
4526,  0,  150.833,  0.98,  1, 0.00, 0.00, 1.11, 0.00, 0.36, 1.23, 0.00, 0.10, 0.43, 0.98, 0.00, 0.88, 0.00, 0.00, 0.93, 0.35, 0.03, 0.00, 0.00, 1.00, 1.00, 0.00, 1.00, 0.00, 1.00, 0.00, 1.00, 0.00, 0.00, 0.00, 1.00, 1.00, 0.00, 0.00, 0.00
4527,  0,  150.867,  0.98,  1, 0.00, 0.00, 1.13, 0.00, 0.37, 1.29, 0.00, 0.07, 0.43, 1.13, 0.00, 0.79, 0.00, 0.00, 1.06, 0.32, 0.00, 0.00, 0.00, 1.00, 1.00, 0.00, 1.00, 0.00, 1.00, 0.00, 1.00, 0.00, 0.00, 0.00, 1.00, 1.00, 0.00, 0.00, 0.00
4528,  0,  150.900,  0.98,  1, 0.00, 0.00, 1.11, 0.00, 0.40, 1.40, 0.00, 0.15, 0.46, 1.20, 0.00, 0.70, 0.00, 0.00, 1.09, 0.30, 0.08, 0.00, 0.00, 1.00, 1.00, 0.00, 1.00, 0.00, 1.00, 0.00, 1.00, 0.00, 0.00, 0.00, 1.00, 1.00, 0.00, 0.00, 0.00
4529,  0,  150.933,  0.98,  1, 0.00, 0.00, 1.08, 0.00, 0.41, 1.43, 0.00, 0.30, 0.47, 1.26, 0.00, 0.65, 0.00, 0.00, 1.08, 0.23, 0.08, 0.00, 0.00, 1.00, 1.00, 0.00, 1.00, 0.00, 1.00, 0.00, 1.00, 0.00, 0.00, 0.00, 1.00, 1.00, 0.00, 0.00, 0.00
4530,  0,  150.967,  0.98,  1, 0.00, 0.00, 1.10, 0.00, 0.47, 1.55, 0.00, 0.43, 0.44, 1.29, 0.00, 0.68, 0.00, 0.00, 1.00, 0.17, 0.08, 0.00, 0.00, 1.00, 1.00, 0.00, 1.00, 0.00, 1.00, 0.00, 1.00, 0.00, 0.00, 0.00, 1.00, 1.00, 0.00, 0.00, 0.00
4531,  0,  151.000,  0.98,  1, 0.00, 0.00, 1.14, 0.00, 0.53, 1.74, 0.00, 0.43, 0.46, 1.33, 0.00, 0.68, 0.00, 0.01, 1.05, 0.25, 0.00, 0.00, 0.00, 1.00, 1.00, 0.00, 1.00, 0.00, 1.00, 0.00, 1.00, 0.00, 0.00, 0.00, 1.00, 1.00, 0.00, 0.00, 0.00
4532,  0,  151.033,  0.98,  1, 0.00, 0.00, 1.11, 0.00, 0.58, 1.87, 0.00, 0.43, 0.50, 1.34, 0.00, 0.69, 0.00, 0.03, 1.11, 0.29, 0.00, 0.00, 0.00, 1.00, 1.00, 0.00, 1.00, 0.00, 1.00, 0.00, 1.00, 0.00, 0.00, 0.00, 1.00, 1.00, 0.00, 0.00, 0.00
4533,  0,  151.067,  0.98,  1, 0.00, 0.00, 1.07, 0.00, 0.63, 1.83, 0.00, 0.46, 0.56, 1.29, 0.00, 0.67, 0.00, 0.03, 1.23, 0.33, 0.00, 0.00, 0.00, 1.00, 1.00, 1.00, 1.00, 0.00, 1.00, 0.00, 1.00, 0.00, 0.00, 0.00, 1.00, 1.00, 0.00, 0.00, 0.00
4534,  0,  151.100,  0.98,  1, 0.00, 0.00, 1.09, 0.00, 0.67, 1.80, 0.00, 0.40, 0.58, 1.35, 0.00, 0.65, 0.00, 0.02, 1.20, 0.31, 0.00, 0.00, 0.00, 1.00, 1.00, 1.00, 1.00, 0.00, 1.00, 0.00, 1.00, 0.00, 0.00, 0.00, 1.00, 1.00, 0.00, 0.00, 0.00
4535,  0,  151.133,  0.98,  1, 0.00, 0.00, 1.18, 0.01, 0.69, 1.90, 0.00, 0.28, 0.56, 1.27, 0.00, 0.66, 0.00, 0.00, 1.14, 0.29, 0.00, 0.00, 0.00, 1.00, 1.00, 1.00, 1.00, 0.00, 1.00, 0.00, 1.00, 0.00, 0.00, 0.00, 1.00, 1.00, 0.00, 0.00, 0.00
4536,  0,  151.167,  0.98,  1, 0.00, 0.00, 1.34, 0.01, 0.70, 1.94, 0.04, 0.20, 0.58, 1.23, 0.00, 0.57, 0.00, 0.00, 1.03, 0.25, 0.00, 0.00, 0.00, 1.00, 1.00, 0.00, 1.00, 0.00, 1.00, 0.00, 1.00, 0.00, 0.00, 0.00, 1.00, 1.00, 0.00, 0.00, 0.00
4537,  0,  151.200,  0.98,  1, 0.00, 0.00, 1.42, 0.01, 0.71, 1.98, 0.04, 0.19, 0.62, 1.06, 0.00, 0.51, 0.00, 0.00, 1.16, 0.28, 0.00, 0.00, 0.00, 1.00, 1.00, 0.00, 1.00, 0.00, 1.00, 0.00, 1.00, 0.00, 0.00, 0.00, 1.00, 1.00, 1.00, 0.00, 0.00
4538,  0,  151.233,  0.98,  1, 0.01, 0.00, 1.47, 0.00, 0.67, 1.92, 0.04, 0.20, 0.59, 0.90, 0.00, 0.44, 0.00, 0.00, 1.26, 0.36, 0.03, 0.00, 0.00, 1.00, 1.00, 0.00, 1.00, 0.00, 1.00, 0.00, 1.00, 0.00, 0.00, 0.00, 1.00, 1.00, 1.00, 0.00, 0.00
4539,  0,  151.267,  0.98,  1, 0.06, 0.00, 1.39, 0.00, 0.59, 1.94, 0.00, 0.16, 0.47, 0.62, 0.00, 0.35, 0.00, 0.00, 1.25, 0.44, 0.40, 0.00, 0.00, 1.00, 1.00, 0.00, 1.00, 0.00, 1.00, 0.00, 1.00, 0.00, 0.00, 0.00, 1.00, 1.00, 1.00, 0.00, 0.00
4540,  0,  151.300,  0.98,  1, 0.06, 0.00, 1.18, 0.01, 0.44, 1.51, 0.00, 0.31, 0.35, 0.34, 0.00, 0.22, 0.00, 0.00, 1.14, 0.48, 1.31, 0.00, 0.00, 1.00, 1.00, 0.00, 1.00, 0.00, 1.00, 0.00, 1.00, 0.00, 0.00, 0.00, 1.00, 1.00, 1.00, 0.00, 1.00
4541,  0,  151.333,  0.98,  1, 0.05, 0.00, 0.97, 0.01, 0.32, 0.93, 0.00, 0.45, 0.30, 0.13, 0.00, 0.12, 0.00, 0.00, 1.04, 0.49, 2.17, 0.00, 0.00, 1.00, 1.00, 0.00, 1.00, 0.00, 1.00, 0.00, 1.00, 0.00, 0.00, 0.00, 1.00, 0.00, 1.00, 0.00, 1.00
4542,  0,  151.367,  0.98,  1, 0.01, 0.00, 0.95, 0.02, 0.26, 0.58, 0.00, 0.67, 0.30, 0.21, 0.00, 0.16, 0.00, 0.00, 0.98, 0.42, 2.83, 0.00, 0.00, 1.00, 1.00, 0.00, 1.00, 0.00, 1.00, 0.00, 1.00, 0.00, 0.00, 0.00, 1.00, 0.00, 1.00, 0.00, 1.00
4543,  0,  151.400,  0.98,  1, 0.01, 0.00, 1.15, 0.09, 0.30, 0.64, 0.00, 0.66, 0.28, 0.34, 0.00, 0.26, 0.00, 0.00, 0.80, 0.22, 2.85, 0.00, 0.00, 1.00, 1.00, 0.00, 1.00, 0.00, 1.00, 0.00, 1.00, 0.00, 0.00, 0.00, 1.00, 0.00, 0.00, 0.00, 1.00
4544,  0,  151.433,  0.98,  1, 0.00, 0.00, 1.36, 0.24, 0.45, 1.24, 0.01, 0.64, 0.29, 0.57, 0.00, 0.26, 0.00, 0.00, 0.72, 0.08, 2.71, 0.00, 0.00, 1.00, 1.00, 0.00, 1.00, 0.00, 1.00, 0.00, 1.00, 0.00, 0.00, 0.00, 1.00, 0.00, 0.00, 0.00, 1.00
4545,  0,  151.467,  0.98,  1, 0.00, 0.00, 1.41, 0.23, 0.63, 1.72, 0.01, 0.54, 0.32, 0.65, 0.00, 0.28, 0.00, 0.00, 0.88, 0.02, 2.24, 0.00, 0.00, 1.00, 1.00, 0.00, 1.00, 0.00, 1.00, 0.00, 1.00, 0.00, 0.00, 0.00, 1.00, 0.00, 0.00, 0.00, 1.00
4546,  0,  151.500,  0.98,  1, 0.00, 0.00, 1.32, 0.15, 0.75, 1.96, 0.01, 0.49, 0.38, 0.57, 0.00, 0.27, 0.00, 0.00, 1.17, 0.02, 1.76, 0.00, 0.00, 1.00, 1.00, 0.00, 1.00, 0.00, 1.00, 0.00, 1.00, 0.00, 0.00, 0.00, 1.00, 1.00, 0.00, 0.00, 1.00
4547,  0,  151.533,  0.98,  1, 0.00, 0.00, 1.27, 0.00, 0.74, 1.78, 0.00, 0.51, 0.46, 0.40, 0.00, 0.36, 0.00, 0.00, 1.37, 0.00, 1.25, 0.00, 0.00, 1.00, 1.00, 0.00, 1.00, 0.00, 1.00, 0.00, 1.00, 0.00, 0.00, 0.00, 1.00, 1.00, 0.00, 0.00, 1.00
4548,  0,  151.567,  0.98,  1, 0.00, 0.00, 1.27, 0.00, 0.67, 1.62, 0.00, 0.47, 0.49, 0.38, 0.00, 0.46, 0.00, 0.00, 1.48, 0.01, 1.05, 0.00, 0.00, 1.00, 1.00, 0.00, 1.00, 0.00, 1.00, 0.00, 1.00, 0.00, 0.00, 0.00, 1.00, 1.00, 1.00, 0.00, 1.00
4549,  0,  151.600,  0.98,  1, 0.00, 0.00, 1.30, 0.00, 0.64, 1.52, 0.00, 0.40, 0.49, 0.58, 0.00, 0.50, 0.00, 0.00, 1.64, 0.04, 0.93, 0.00, 0.00, 1.00, 1.00, 0.00, 1.00, 0.00, 1.00, 0.00, 1.00, 0.00, 0.00, 0.00, 1.00, 1.00, 1.00, 0.00, 1.00
4550,  0,  151.633,  0.98,  1, 0.01, 0.00, 1.23, 0.00, 0.58, 1.49, 0.03, 0.27, 0.42, 0.65, 0.00, 0.40, 0.00, 0.00, 1.75, 0.15, 1.02, 0.00, 0.00, 1.00, 1.00, 0.00, 1.00, 0.00, 1.00, 0.00, 1.00, 0.00, 0.00, 0.00, 1.00, 1.00, 1.00, 0.00, 1.00
4551,  0,  151.667,  0.98,  1, 0.08, 0.00, 1.16, 0.00, 0.51, 1.41, 0.06, 0.22, 0.32, 0.58, 0.00, 0.19, 0.00, 0.00, 1.74, 0.34, 0.94, 0.00, 0.00, 1.00, 1.00, 0.00, 1.00, 0.00, 1.00, 0.00, 1.00, 0.00, 0.00, 0.00, 1.00, 1.00, 1.00, 0.00, 1.00
4552,  0,  151.700,  0.98,  1, 0.15, 0.00, 1.17, 0.00, 0.47, 1.50, 0.07, 0.24, 0.25, 0.59, 0.00, 0.19, 0.01, 0.00, 1.53, 0.57, 0.84, 0.00, 0.00, 1.00, 1.00, 0.00, 1.00, 0.00, 1.00, 0.00, 1.00, 0.00, 0.00, 0.00, 1.00, 1.00, 1.00, 0.00, 1.00
4553,  0,  151.733,  0.98,  1, 0.20, 0.00, 1.21, 0.00, 0.48, 1.71, 0.05, 0.33, 0.19, 0.87, 0.00, 0.47, 0.01, 0.00, 1.23, 0.66, 0.61, 0.00, 0.00, 1.00, 1.00, 0.00, 1.00, 0.00, 1.00, 0.00, 1.00, 0.00, 0.00, 0.00, 1.00, 1.00, 1.00, 0.00, 1.00
4554,  0,  151.767,  0.98,  1, 0.14, 0.00, 1.21, 0.00, 0.44, 1.78, 0.03, 0.41, 0.13, 1.02, 0.00, 0.64, 0.01, 0.00, 0.82, 0.59, 0.35, 0.00, 0.00, 1.00, 1.00, 0.00, 1.00, 0.00, 1.00, 0.00, 1.00, 0.00, 0.00, 0.00, 1.00, 0.00, 0.00, 0.00, 1.00
4555,  0,  151.800,  0.98,  1, 0.07, 0.00, 1.19, 0.00, 0.33, 1.73, 0.01, 0.38, 0.06, 1.05, 0.00, 0.86, 0.00, 0.00, 0.46, 0.49, 0.26, 0.00, 0.00, 1.00, 1.00, 0.00, 1.00, 0.00, 1.00, 0.00, 1.00, 0.00, 1.00, 0.00, 1.00, 0.00, 0.00, 0.00, 1.00
4556,  0,  151.833,  0.98,  1, 0.08, 0.00, 1.21, 0.00, 0.17, 1.59, 0.00, 0.30, 0.01, 1.00, 0.00, 0.82, 0.00, 0.00, 0.20, 0.41, 0.36, 0.00, 0.00, 1.00, 1.00, 0.00, 1.00, 0.00, 1.00, 0.00, 1.00, 0.00, 1.00, 0.00, 1.00, 0.00, 0.00, 0.00, 1.00
4557,  0,  151.867,  0.98,  1, 0.10, 0.00, 1.22, 0.00, 0.08, 1.48, 0.00, 0.25, 0.00, 1.13, 0.02, 0.95, 0.00, 0.00, 0.12, 0.48, 0.51, 0.00, 0.00, 1.00, 1.00, 0.00, 1.00, 0.00, 1.00, 0.00, 1.00, 0.00, 1.00, 0.00, 1.00, 0.00, 0.00, 0.00, 1.00
4558,  0,  151.900,  0.98,  1, 0.17, 0.00, 1.28, 0.00, 0.02, 1.48, 0.00, 0.17, 0.00, 1.05, 0.02, 0.73, 0.00, 0.00, 0.11, 0.49, 0.38, 0.00, 0.00, 1.00, 1.00, 0.00, 1.00, 0.00, 1.00, 0.00, 1.00, 0.00, 0.00, 0.00, 1.00, 0.00, 0.00, 0.00, 1.00
4559,  0,  151.933,  0.98,  1, 0.19, 0.00, 1.34, 0.00, 0.03, 1.39, 0.00, 0.11, 0.00, 0.98, 0.02, 0.56, 0.00, 0.00, 0.38, 0.48, 0.17, 0.00, 0.00, 1.00, 1.00, 0.00, 1.00, 0.00, 1.00, 0.00, 1.00, 0.00, 0.00, 0.00, 1.00, 0.00, 0.00, 0.00, 0.00
4560,  0,  151.967,  0.98,  1, 0.26, 0.00, 1.34, 0.00, 0.07, 1.33, 0.00, 0.02, 0.03, 0.79, 0.00, 0.48, 0.00, 0.00, 0.76, 0.36, 0.13, 0.00, 0.00, 1.00, 1.00, 0.00, 1.00, 0.00, 1.00, 0.00, 1.00, 0.00, 0.00, 0.00, 1.00, 0.00, 0.00, 0.00, 0.00
4561,  0,  152.000,  0.98,  1, 0.28, 0.00, 1.31, 0.00, 0.12, 1.19, 0.00, 0.07, 0.04, 0.81, 0.00, 0.51, 0.00, 0.00, 1.07, 0.19, 0.16, 0.00, 0.00, 1.00, 1.00, 0.00, 1.00, 0.00, 1.00, 0.00, 1.00, 0.00, 0.00, 0.00, 1.00, 0.00, 0.00, 0.00, 0.00
4562,  0,  152.033,  0.98,  1, 0.31, 0.03, 1.22, 0.00, 0.15, 1.15, 0.02, 0.09, 0.06, 0.81, 0.00, 0.56, 0.00, 0.00, 1.16, 0.07, 0.18, 0.00, 0.00, 1.00, 1.00, 0.00, 1.00, 0.00, 1.00, 0.00, 1.00, 0.00, 0.00, 0.00, 1.00, 0.00, 0.00, 0.00, 0.00
4563,  0,  152.067,  0.98,  1, 0.33, 0.08, 1.20, 0.00, 0.13, 1.13, 0.03, 0.07, 0.06, 0.81, 0.00, 0.54, 0.00, 0.00, 1.03, 0.00, 0.05, 0.00, 0.00, 1.00, 1.00, 0.00, 1.00, 0.00, 1.00, 0.00, 1.00, 0.00, 0.00, 0.00, 1.00, 0.00, 0.00, 0.00, 0.00
4564,  0,  152.100,  0.98,  1, 0.39, 0.08, 1.13, 0.00, 0.08, 1.13, 0.03, 0.02, 0.07, 0.75, 0.00, 0.48, 0.00, 0.00, 0.92, 0.00, 0.01, 0.00, 0.00, 1.00, 1.00, 0.00, 1.00, 0.00, 1.00, 0.00, 1.00, 0.00, 0.00, 0.00, 1.00, 0.00, 0.00, 0.00, 0.00
4565,  0,  152.133,  0.98,  1, 0.42, 0.06, 1.16, 0.00, 0.06, 1.12, 0.01, 0.01, 0.06, 0.61, 0.00, 0.51, 0.00, 0.00, 0.85, 0.00, 0.03, 0.00, 0.00, 1.00, 1.00, 0.00, 1.00, 0.00, 1.00, 0.00, 1.00, 0.00, 0.00, 0.00, 1.00, 0.00, 0.00, 0.00, 0.00
4566,  0,  152.167,  0.98,  1, 0.37, 0.08, 1.18, 0.00, 0.08, 1.04, 0.00, 0.08, 0.04, 0.63, 0.00, 0.45, 0.00, 0.00, 0.82, 0.00, 0.13, 0.00, 0.00, 1.00, 1.00, 0.00, 1.00, 0.00, 1.00, 0.00, 1.00, 0.00, 0.00, 0.00, 1.00, 0.00, 0.00, 0.00, 0.00
4567,  0,  152.200,  0.98,  1, 0.25, 0.07, 1.18, 0.09, 0.16, 1.23, 0.00, 0.12, 0.05, 0.77, 0.00, 0.46, 0.02, 0.00, 0.85, 0.00, 0.41, 0.00, 0.00, 1.00, 1.00, 0.00, 1.00, 0.00, 1.00, 0.00, 1.00, 0.00, 0.00, 0.00, 1.00, 0.00, 0.00, 0.00, 0.00
4568,  0,  152.233,  0.98,  1, 0.12, 0.07, 1.14, 0.15, 0.22, 1.34, 0.00, 0.24, 0.17, 0.96, 0.00, 0.34, 0.02, 0.00, 0.99, 0.01, 0.61, 0.00, 0.00, 1.00, 1.00, 0.00, 1.00, 0.00, 1.00, 0.00, 1.00, 0.00, 0.00, 0.00, 1.00, 0.00, 0.00, 0.00, 0.00
4569,  0,  152.267,  0.98,  1, 0.07, 0.00, 1.13, 0.15, 0.30, 1.53, 0.00, 0.27, 0.32, 1.07, 0.00, 0.24, 0.02, 0.00, 1.23, 0.17, 0.72, 0.00, 0.00, 1.00, 1.00, 0.00, 1.00, 0.00, 1.00, 0.00, 1.00, 0.00, 0.00, 0.00, 1.00, 1.00, 0.00, 0.00, 0.00
4570,  0,  152.300,  0.98,  1, 0.12, 0.00, 1.13, 0.07, 0.32, 1.42, 0.02, 0.31, 0.39, 1.01, 0.00, 0.13, 0.02, 0.00, 1.56, 0.39, 0.59, 0.00, 0.00, 1.00, 1.00, 0.00, 1.00, 0.00, 1.00, 0.00, 1.00, 0.00, 0.00, 0.00, 1.00, 1.00, 0.00, 0.00, 0.00
4571,  0,  152.333,  0.98,  1, 0.19, 0.00, 1.16, 0.00, 0.35, 1.33, 0.06, 0.25, 0.38, 0.95, 0.00, 0.05, 0.02, 0.00, 1.76, 0.61, 0.51, 0.00, 0.00, 1.00, 1.00, 0.00, 1.00, 0.00, 1.00, 0.00, 1.00, 0.00, 0.00, 0.00, 1.00, 1.00, 0.00, 0.00, 0.00
4572,  0,  152.367,  0.98,  1, 0.25, 0.00, 1.15, 0.00, 0.37, 1.20, 0.06, 0.25, 0.39, 0.94, 0.00, 0.15, 0.04, 0.00, 1.67, 0.68, 0.36, 0.00, 0.00, 1.00, 1.00, 0.00, 1.00, 0.00, 1.00, 0.00, 1.00, 0.00, 0.00, 0.00, 1.00, 1.00, 0.00, 0.00, 0.00
4573,  0,  152.400,  0.98,  1, 0.23, 0.00, 1.16, 0.00, 0.44, 1.13, 0.05, 0.28, 0.40, 1.05, 0.00, 0.29, 0.14, 0.00, 1.45, 0.59, 0.38, 0.00, 0.00, 1.00, 1.00, 0.00, 1.00, 0.00, 1.00, 0.00, 1.00, 0.00, 0.00, 0.00, 1.00, 1.00, 0.00, 0.00, 0.00
4574,  0,  152.433,  0.98,  1, 0.21, 0.00, 1.13, 0.00, 0.49, 0.97, 0.03, 0.42, 0.45, 1.24, 0.00, 0.46, 0.28, 0.00, 1.18, 0.45, 0.38, 0.00, 0.00, 1.00, 1.00, 0.00, 1.00, 0.00, 1.00, 0.00, 1.00, 0.00, 0.00, 0.00, 1.00, 1.00, 0.00, 0.00, 0.00
4575,  0,  152.467,  0.98,  1, 0.21, 0.00, 1.09, 0.00, 0.48, 0.84, 0.06, 0.49, 0.41, 1.35, 0.00, 0.47, 0.37, 0.00, 1.11, 0.26, 0.45, 0.00, 0.00, 1.00, 1.00, 0.00, 1.00, 0.00, 1.00, 0.00, 1.00, 0.00, 0.00, 0.00, 1.00, 1.00, 0.00, 0.00, 0.00
4576,  0,  152.500,  0.98,  1, 0.22, 0.00, 1.08, 0.00, 0.45, 0.78, 0.08, 0.46, 0.42, 1.46, 0.00, 0.46, 0.29, 0.00, 1.07, 0.25, 0.36, 0.00, 0.00, 1.00, 1.00, 0.00, 1.00, 0.00, 1.00, 0.00, 1.00, 0.00, 0.00, 0.00, 1.00, 1.00, 0.00, 0.00, 0.00
4577,  0,  152.533,  0.98,  1, 0.17, 0.00, 1.02, 0.00, 0.43, 0.86, 0.12, 0.28, 0.36, 1.42, 0.00, 0.42, 0.15, 0.00, 1.09, 0.24, 0.37, 0.00, 0.00, 1.00, 1.00, 0.00, 1.00, 0.00, 1.00, 0.00, 1.00, 0.00, 0.00, 0.00, 1.00, 1.00, 0.00, 0.00, 0.00
4578,  0,  152.567,  0.98,  1, 0.17, 0.00, 1.03, 0.00, 0.42, 0.87, 0.15, 0.18, 0.34, 1.40, 0.00, 0.37, 0.04, 0.00, 1.11, 0.31, 0.44, 0.00, 0.00, 1.00, 1.00, 0.00, 1.00, 0.00, 1.00, 0.00, 1.00, 0.00, 0.00, 0.00, 1.00, 1.00, 0.00, 0.00, 0.00
4579,  0,  152.600,  0.98,  1, 0.20, 0.00, 1.04, 0.00, 0.41, 0.91, 0.19, 0.25, 0.31, 1.35, 0.00, 0.30, 0.00, 0.00, 1.13, 0.29, 0.49, 0.00, 0.00, 1.00, 1.00, 0.00, 1.00, 0.00, 1.00, 0.00, 1.00, 0.00, 0.00, 0.00, 1.00, 1.00, 0.00, 0.00, 0.00
4580,  0,  152.633,  0.98,  1, 0.30, 0.00, 1.12, 0.00, 0.41, 0.95, 0.16, 0.39, 0.32, 1.35, 0.00, 0.28, 0.00, 0.00, 1.11, 0.32, 0.39, 0.00, 0.00, 1.00, 1.00, 0.00, 1.00, 0.00, 1.00, 0.00, 1.00, 0.00, 0.00, 0.00, 1.00, 1.00, 0.00, 0.00, 0.00
4581,  0,  152.667,  0.98,  1, 0.35, 0.00, 1.15, 0.00, 0.48, 1.03, 0.15, 0.46, 0.30, 1.31, 0.00, 0.26, 0.00, 0.00, 1.08, 0.35, 0.23, 0.00, 0.00, 1.00, 1.00, 0.00, 1.00, 0.00, 1.00, 0.00, 1.00, 0.00, 0.00, 0.00, 1.00, 1.00, 0.00, 0.00, 0.00
4582,  0,  152.700,  0.98,  1, 0.28, 0.00, 1.12, 0.00, 0.48, 1.05, 0.08, 0.40, 0.30, 1.36, 0.00, 0.26, 0.04, 0.00, 0.96, 0.37, 0.18, 0.00, 0.00, 1.00, 1.00, 0.00, 1.00, 0.00, 1.00, 0.00, 1.00, 0.00, 0.00, 0.00, 1.00, 1.00, 0.00, 0.00, 0.00
4583,  0,  152.733,  0.98,  1, 0.16, 0.00, 1.13, 0.00, 0.47, 1.07, 0.05, 0.32, 0.30, 1.38, 0.00, 0.20, 0.04, 0.00, 0.87, 0.38, 0.24, 0.00, 0.00, 1.00, 1.00, 0.00, 1.00, 0.00, 1.00, 0.00, 1.00, 0.00, 0.00, 0.00, 1.00, 1.00, 0.00, 0.00, 0.00
4584,  0,  152.767,  0.98,  1, 0.05, 0.00, 1.15, 0.05, 0.48, 1.11, 0.03, 0.19, 0.34, 1.34, 0.00, 0.15, 0.04, 0.00, 0.89, 0.42, 0.34, 0.00, 0.00, 1.00, 1.00, 0.00, 1.00, 0.00, 1.00, 0.00, 1.00, 0.00, 0.00, 0.00, 1.00, 1.00, 0.00, 0.00, 0.00
4585,  0,  152.800,  0.98,  1, 0.08, 0.00, 1.23, 0.08, 0.48, 1.11, 0.04, 0.10, 0.36, 1.26, 0.00, 0.12, 0.00, 0.00, 0.98, 0.42, 0.42, 0.00, 0.00, 1.00, 1.00, 0.00, 1.00, 0.00, 1.00, 0.00, 1.00, 0.00, 0.00, 0.00, 1.00, 1.00, 0.00, 0.00, 0.00
4586,  0,  152.833,  0.98,  1, 0.08, 0.00, 1.27, 0.10, 0.51, 1.30, 0.11, 0.05, 0.36, 1.22, 0.00, 0.17, 0.04, 0.00, 1.03, 0.45, 0.48, 0.00, 0.00, 1.00, 1.00, 0.00, 1.00, 0.00, 1.00, 0.00, 1.00, 0.00, 0.00, 0.00, 1.00, 1.00, 0.00, 0.00, 0.00
4587,  0,  152.867,  0.98,  1, 0.07, 0.00, 1.24, 0.05, 0.45, 1.40, 0.11, 0.05, 0.31, 1.27, 0.00, 0.21, 0.14, 0.00, 0.98, 0.46, 0.55, 0.00, 0.00, 1.00, 1.00, 0.00, 1.00, 0.00, 1.00, 0.00, 1.00, 0.00, 0.00, 0.00, 1.00, 1.00, 0.00, 0.00, 0.00
4588,  0,  152.900,  0.98,  1, 0.00, 0.00, 1.17, 0.01, 0.45, 1.41, 0.15, 0.05, 0.29, 1.39, 0.00, 0.33, 0.19, 0.00, 0.95, 0.56, 0.59, 0.00, 0.00, 1.00, 1.00, 0.00, 1.00, 0.00, 1.00, 0.00, 1.00, 0.00, 0.00, 0.00, 1.00, 1.00, 0.00, 0.00, 0.00
4589,  0,  152.933,  0.98,  1, 0.00, 0.00, 1.06, 0.00, 0.38, 1.23, 0.12, 0.02, 0.29, 1.50, 0.00, 0.34, 0.16, 0.00, 0.92, 0.62, 0.63, 0.00, 0.00, 1.00, 1.00, 0.00, 1.00, 0.00, 1.00, 0.00, 1.00, 0.00, 0.00, 0.00, 1.00, 1.00, 0.00, 0.00, 0.00
4590,  0,  152.967,  0.98,  1, 0.01, 0.00, 1.06, 0.00, 0.41, 1.05, 0.15, 0.04, 0.31, 1.60, 0.00, 0.33, 0.07, 0.00, 0.87, 0.58, 0.75, 0.00, 0.00, 1.00, 1.00, 0.00, 1.00, 0.00, 1.00, 0.00, 1.00, 0.00, 0.00, 0.00, 1.00, 1.00, 0.00, 0.00, 0.00
4591,  0,  153.000,  0.98,  1, 0.01, 0.00, 1.07, 0.00, 0.42, 0.97, 0.16, 0.08, 0.31, 1.61, 0.00, 0.26, 0.02, 0.00, 0.88, 0.53, 0.76, 0.00, 0.00, 1.00, 1.00, 0.00, 1.00, 0.00, 1.00, 0.00, 1.00, 0.00, 0.00, 0.00, 1.00, 1.00, 0.00, 0.00, 0.00
4592,  0,  153.033,  0.98,  1, 0.02, 0.00, 1.11, 0.00, 0.49, 0.99, 0.22, 0.13, 0.31, 1.56, 0.00, 0.24, 0.01, 0.00, 0.90, 0.53, 0.73, 0.00, 0.00, 1.00, 1.00, 0.00, 1.00, 0.00, 1.00, 0.00, 1.00, 0.00, 0.00, 0.00, 1.00, 1.00, 0.00, 0.00, 0.00
4593,  0,  153.067,  0.98,  1, 0.04, 0.00, 1.09, 0.00, 0.49, 1.12, 0.24, 0.16, 0.31, 1.58, 0.00, 0.31, 0.01, 0.00, 0.93, 0.62, 0.59, 0.00, 0.00, 1.00, 1.00, 0.00, 1.00, 0.00, 1.00, 0.00, 1.00, 0.00, 0.00, 0.00, 1.00, 1.00, 0.00, 0.00, 0.00
4594,  0,  153.100,  0.98,  1, 0.07, 0.00, 1.10, 0.00, 0.54, 1.29, 0.30, 0.21, 0.27, 1.54, 0.00, 0.36, 0.09, 0.00, 0.87, 0.70, 0.54, 0.00, 0.00, 1.00, 1.00, 0.00, 1.00, 0.00, 1.00, 0.00, 1.00, 0.00, 0.00, 0.00, 1.00, 1.00, 0.00, 0.00, 0.00
4595,  0,  153.133,  0.98,  1, 0.07, 0.00, 1.12, 0.00, 0.55, 1.40, 0.32, 0.22, 0.26, 1.57, 0.00, 0.42, 0.17, 0.00, 0.83, 0.68, 0.60, 0.00, 0.00, 1.00, 1.00, 0.00, 1.00, 0.00, 1.00, 0.00, 1.00, 0.00, 0.00, 0.00, 1.00, 1.00, 0.00, 0.00, 0.00
4596,  0,  153.167,  0.98,  1, 0.03, 0.00, 1.09, 0.03, 0.58, 1.38, 0.32, 0.16, 0.27, 1.59, 0.00, 0.43, 0.28, 0.00, 0.79, 0.65, 0.74, 0.00, 0.00, 1.00, 1.00, 0.00, 1.00, 0.00, 1.00, 0.00, 1.00, 0.00, 0.00, 1.00, 1.00, 1.00, 0.00, 0.00, 0.00
4597,  0,  153.200,  0.98,  1, 0.00, 0.00, 1.05, 0.05, 0.57, 1.39, 0.32, 0.09, 0.34, 1.65, 0.00, 0.43, 0.30, 0.00, 0.80, 0.69, 0.88, 0.00, 0.00, 1.00, 1.00, 0.00, 1.00, 0.00, 1.00, 0.00, 1.00, 0.00, 0.00, 1.00, 1.00, 1.00, 0.00, 0.00, 0.00
4598,  0,  153.233,  0.98,  1, 0.00, 0.00, 1.01, 0.07, 0.61, 1.42, 0.33, 0.07, 0.39, 1.71, 0.00, 0.46, 0.36, 0.00, 0.80, 0.74, 0.97, 0.00, 0.00, 1.00, 1.00, 0.00, 1.00, 0.00, 1.00, 0.00, 1.00, 0.00, 0.00, 1.00, 1.00, 1.00, 0.00, 0.00, 0.00
4599,  0,  153.267,  0.98,  1, 0.00, 0.00, 1.00, 0.09, 0.62, 1.54, 0.31, 0.07, 0.45, 1.75, 0.00, 0.45, 0.37, 0.00, 0.88, 0.78, 0.90, 0.00, 0.00, 1.00, 1.00, 0.00, 1.00, 0.00, 1.00, 0.00, 1.00, 0.00, 0.00, 0.00, 1.00, 1.00, 0.00, 0.00, 0.00
4600,  0,  153.300,  0.98,  1, 0.04, 0.00, 1.06, 0.12, 0.68, 1.48, 0.29, 0.12, 0.46, 1.76, 0.00, 0.35, 0.38, 0.00, 1.01, 0.66, 0.84, 0.00, 0.00, 1.00, 1.00, 0.00, 1.00, 0.00, 1.00, 0.00, 1.00, 0.00, 0.00, 0.00, 1.00, 1.00, 0.00, 0.00, 0.00
4601,  0,  153.333,  0.98,  1, 0.07, 0.00, 1.14, 0.27, 0.70, 1.51, 0.21, 0.19, 0.51, 1.83, 0.00, 0.18, 0.35, 0.00, 1.31, 0.63, 0.82, 0.00, 0.00, 1.00, 1.00, 0.00, 1.00, 0.00, 1.00, 0.00, 1.00, 0.00, 0.00, 0.00, 1.00, 1.00, 0.00, 0.00, 0.00
4602,  0,  153.367,  0.98,  1, 0.07, 0.00, 1.16, 0.33, 0.72, 1.48, 0.24, 0.30, 0.56, 1.86, 0.00, 0.04, 0.26, 0.00, 1.53, 0.60, 0.81, 0.00, 0.00, 1.00, 1.00, 0.00, 1.00, 0.00, 1.00, 0.00, 1.00, 0.00, 0.00, 0.00, 1.00, 1.00, 0.00, 0.00, 0.00
4603,  0,  153.400,  0.98,  1, 0.07, 0.00, 1.11, 0.35, 0.73, 1.55, 0.26, 0.32, 0.59, 1.91, 0.00, 0.04, 0.17, 0.00, 1.59, 0.63, 0.86, 0.00, 0.00, 1.00, 1.00, 0.00, 1.00, 0.00, 1.00, 0.00, 1.00, 0.00, 0.00, 0.00, 1.00, 1.00, 0.00, 0.00, 0.00
4604,  0,  153.433,  0.98,  1, 0.09, 0.00, 1.03, 0.25, 0.72, 1.52, 0.28, 0.24, 0.50, 1.86, 0.00, 0.09, 0.08, 0.00, 1.27, 0.55, 0.81, 0.00, 0.00, 1.00, 1.00, 0.00, 1.00, 0.00, 1.00, 0.00, 1.00, 0.00, 0.00, 0.00, 1.00, 1.00, 0.00, 0.00, 0.00
4605,  0,  153.467,  0.98,  1, 0.13, 0.00, 1.02, 0.14, 0.68, 1.35, 0.21, 0.13, 0.30, 1.62, 0.00, 0.23, 0.12, 0.00, 0.72, 0.32, 0.70, 0.00, 0.00, 1.00, 1.00, 0.00, 1.00, 0.00, 1.00, 0.00, 1.00, 0.00, 0.00, 0.00, 1.00, 0.00, 0.00, 0.00, 0.00
4606,  0,  153.500,  0.98,  1, 0.11, 0.00, 0.95, 0.14, 0.62, 1.14, 0.11, 0.04, 0.12, 1.49, 0.08, 0.34, 0.24, 0.00, 0.24, 0.13, 0.48, 0.00, 0.00, 1.00, 1.00, 0.00, 1.00, 0.00, 1.00, 0.00, 1.00, 0.00, 0.00, 0.00, 1.00, 0.00, 0.00, 0.00, 0.00
4607,  0,  153.533,  0.98,  1, 0.09, 0.00, 0.91, 0.14, 0.55, 1.01, 0.03, 0.03, 0.02, 1.37, 0.09, 0.45, 0.32, 0.00, 0.00, 0.00, 0.29, 0.00, 0.00, 1.00, 1.00, 0.00, 1.00, 0.00, 1.00, 0.00, 1.00, 1.00, 0.00, 0.00, 1.00, 0.00, 0.00, 0.00, 0.00
4608,  0,  153.567,  0.98,  1, 0.05, 0.00, 0.88, 0.13, 0.48, 0.91, 0.00, 0.09, 0.05, 1.40, 0.09, 0.36, 0.30, 0.00, 0.00, 0.00, 0.34, 0.00, 0.00, 1.00, 1.00, 0.00, 1.00, 0.00, 1.00, 0.00, 1.00, 1.00, 0.00, 0.00, 1.00, 0.00, 0.00, 0.00, 0.00
4609,  0,  153.600,  0.98,  1, 0.03, 0.00, 0.92, 0.06, 0.42, 0.86, 0.00, 0.12, 0.10, 1.45, 0.02, 0.35, 0.26, 0.00, 0.00, 0.00, 0.40, 0.00, 0.00, 1.00, 1.00, 0.00, 1.00, 0.00, 1.00, 0.00, 1.00, 1.00, 0.00, 0.00, 1.00, 0.00, 0.00, 0.00, 0.00
4610,  0,  153.633,  0.98,  1, 0.00, 0.00, 0.96, 0.00, 0.38, 0.66, 0.00, 0.17, 0.16, 1.38, 0.03, 0.32, 0.17, 0.00, 0.00, 0.00, 0.49, 0.00, 0.00, 1.00, 1.00, 0.00, 1.00, 0.00, 1.00, 0.00, 1.00, 1.00, 0.00, 0.00, 1.00, 0.00, 0.00, 0.00, 0.00
4611,  0,  153.667,  0.98,  1, 0.04, 0.00, 1.00, 0.07, 0.36, 0.77, 0.00, 0.21, 0.18, 1.38, 0.03, 0.42, 0.13, 0.00, 0.00, 0.00, 0.57, 0.00, 0.00, 1.00, 1.00, 0.00, 1.00, 0.00, 1.00, 0.00, 1.00, 1.00, 0.00, 0.00, 1.00, 0.00, 0.00, 0.00, 0.00
4612,  0,  153.700,  0.98,  1, 0.09, 0.00, 1.05, 0.10, 0.39, 0.94, 0.03, 0.26, 0.19, 1.32, 0.04, 0.46, 0.10, 0.00, 0.00, 0.00, 0.60, 0.00, 0.00, 1.00, 1.00, 0.00, 1.00, 0.00, 1.00, 0.00, 1.00, 1.00, 0.00, 0.00, 1.00, 0.00, 0.00, 0.00, 0.00
4613,  0,  153.733,  0.98,  1, 0.18, 0.00, 1.12, 0.12, 0.42, 1.14, 0.04, 0.27, 0.18, 1.40, 0.08, 0.53, 0.22, 0.00, 0.00, 0.00, 0.62, 0.00, 0.00, 1.00, 1.00, 0.00, 1.00, 0.00, 1.00, 0.00, 1.00, 1.00, 0.00, 0.00, 1.00, 0.00, 0.00, 0.00, 0.00
4614,  0,  153.767,  0.98,  1, 0.23, 0.00, 1.16, 0.08, 0.44, 1.09, 0.06, 0.27, 0.16, 1.43, 0.08, 0.55, 0.28, 0.00, 0.00, 0.00, 0.64, 0.00, 0.00, 1.00, 1.00, 0.00, 1.00, 0.00, 1.00, 0.00, 1.00, 1.00, 0.00, 0.00, 1.00, 0.00, 0.00, 0.00, 0.00
4615,  0,  153.800,  0.98,  1, 0.28, 0.00, 1.14, 0.09, 0.40, 0.98, 0.03, 0.27, 0.11, 1.46, 0.20, 0.62, 0.36, 0.00, 0.00, 0.00, 0.74, 0.00, 0.00, 1.00, 1.00, 0.00, 1.00, 0.00, 1.00, 0.00, 1.00, 1.00, 0.00, 0.00, 1.00, 0.00, 0.00, 0.00, 0.00
4616,  0,  153.833,  0.98,  1, 0.28, 0.00, 1.09, 0.17, 0.36, 0.83, 0.03, 0.30, 0.07, 1.43, 0.25, 0.60, 0.27, 0.00, 0.00, 0.00, 0.88, 0.00, 0.00, 1.00, 1.00, 0.00, 1.00, 0.00, 1.00, 0.00, 1.00, 1.00, 0.00, 0.00, 1.00, 0.00, 0.00, 0.00, 0.00
4617,  0,  153.867,  0.98,  1, 0.29, 0.00, 1.08, 0.34, 0.34, 0.76, 0.01, 0.33, 0.02, 1.37, 0.40, 0.68, 0.20, 0.00, 0.00, 0.00, 0.85, 0.00, 0.00, 1.00, 1.00, 0.00, 1.00, 0.00, 1.00, 0.00, 1.00, 1.00, 1.00, 0.00, 1.00, 0.00, 0.00, 0.00, 0.00
4618,  0,  153.900,  0.98,  1, 0.37, 0.00, 1.11, 0.35, 0.36, 0.76, 0.01, 0.32, 0.01, 1.27, 0.32, 0.70, 0.05, 0.00, 0.00, 0.00, 0.76, 0.00, 0.00, 1.00, 1.00, 0.00, 1.00, 0.00, 1.00, 0.00, 1.00, 1.00, 1.00, 0.00, 1.00, 0.00, 0.00, 0.00, 0.00
4619,  0,  153.933,  0.98,  1, 0.43, 0.00, 1.14, 0.30, 0.36, 0.76, 0.01, 0.23, 0.01, 1.23, 0.28, 0.83, 0.05, 0.00, 0.00, 0.00, 0.57, 0.00, 0.00, 1.00, 1.00, 0.00, 1.00, 0.00, 1.00, 0.00, 1.00, 1.00, 1.00, 0.00, 1.00, 0.00, 0.00, 0.00, 0.00
4620,  0,  153.967,  0.98,  1, 0.45, 0.00, 1.11, 0.35, 0.38, 0.95, 0.00, 0.11, 0.00, 1.26, 0.26, 0.87, 0.02, 0.02, 0.00, 0.00, 0.42, 0.00, 1.00, 1.00, 1.00, 0.00, 1.00, 0.00, 1.00, 0.00, 1.00, 1.00, 1.00, 0.00, 1.00, 0.00, 0.00, 0.00, 0.00
4621,  0,  154.000,  0.98,  1, 0.40, 0.02, 1.09, 0.42, 0.35, 1.03, 0.00, 0.05, 0.00, 1.32, 0.45, 0.93, 0.02, 0.02, 0.00, 0.00, 0.38, 1.00, 1.00, 1.00, 1.00, 0.00, 1.00, 0.00, 1.00, 0.00, 1.00, 1.00, 1.00, 0.00, 1.00, 0.00, 0.00, 0.00, 0.00
4622,  0,  154.033,  0.98,  1, 0.37, 0.02, 1.11, 0.57, 0.37, 1.26, 0.00, 0.01, 0.00, 1.46, 0.58, 0.89, 0.00, 0.02, 0.00, 0.00, 0.46, 1.00, 1.00, 1.00, 1.00, 0.00, 1.00, 0.00, 1.00, 0.00, 1.00, 1.00, 1.00, 0.00, 1.00, 0.00, 0.00, 0.00, 0.00
4623,  0,  154.067,  0.98,  1, 0.34, 0.02, 1.13, 0.56, 0.38, 1.20, 0.00, 0.01, 0.00, 1.51, 0.68, 0.88, 0.00, 0.00, 0.00, 0.00, 0.56, 1.00, 1.00, 1.00, 1.00, 0.00, 1.00, 0.00, 1.00, 0.00, 1.00, 1.00, 1.00, 0.00, 1.00, 0.00, 0.00, 0.00, 0.00
4624,  0,  154.100,  0.98,  1, 0.32, 0.00, 1.17, 0.66, 0.42, 1.15, 0.00, 0.00, 0.00, 1.54, 0.69, 0.83, 0.00, 0.00, 0.00, 0.00, 0.58, 1.00, 1.00, 1.00, 1.00, 0.00, 1.00, 0.00, 1.00, 0.00, 1.00, 1.00, 1.00, 0.00, 1.00, 0.00, 0.00, 0.00, 0.00
4625,  0,  154.133,  0.98,  1, 0.32, 0.00, 1.18, 0.77, 0.42, 1.10, 0.00, 0.00, 0.00, 1.50, 0.76, 0.88, 0.00, 0.00, 0.00, 0.00, 0.64, 1.00, 1.00, 1.00, 1.00, 0.00, 1.00, 0.00, 1.00, 0.00, 1.00, 1.00, 1.00, 0.00, 1.00, 0.00, 0.00, 0.00, 0.00
4626,  0,  154.167,  0.98,  1, 0.30, 0.00, 1.21, 0.78, 0.43, 1.06, 0.00, 0.00, 0.00, 1.51, 0.83, 0.84, 0.00, 0.00, 0.00, 0.00, 0.68, 1.00, 1.00, 1.00, 1.00, 0.00, 1.00, 0.00, 1.00, 0.00, 1.00, 1.00, 1.00, 0.00, 1.00, 0.00, 0.00, 0.00, 0.00
4627,  0,  154.200,  0.98,  1, 0.30, 0.03, 1.25, 0.69, 0.44, 1.12, 0.00, 0.00, 0.04, 1.55, 0.85, 0.81, 0.00, 0.00, 0.00, 0.00, 0.62, 1.00, 1.00, 1.00, 1.00, 0.00, 1.00, 0.00, 1.00, 0.00, 1.00, 1.00, 1.00, 0.00, 1.00, 0.00, 0.00, 0.00, 0.00
4628,  0,  154.233,  0.98,  1, 0.29, 0.03, 1.33, 0.58, 0.44, 1.08, 0.00, 0.00, 0.07, 1.58, 0.77, 0.77, 0.00, 0.00, 0.00, 0.00, 0.54, 0.00, 0.00, 1.00, 1.00, 0.00, 1.00, 0.00, 1.00, 0.00, 1.00, 1.00, 1.00, 0.00, 1.00, 0.00, 0.00, 0.00, 0.00
4629,  0,  154.267,  0.98,  1, 0.27, 0.03, 1.36, 0.48, 0.42, 1.15, 0.00, 0.01, 0.11, 1.57, 0.63, 0.82, 0.00, 0.00, 0.00, 0.00, 0.54, 0.00, 0.00, 1.00, 1.00, 0.00, 1.00, 0.00, 1.00, 0.00, 1.00, 1.00, 1.00, 0.00, 1.00, 0.00, 0.00, 0.00, 0.00
4630,  0,  154.300,  0.98,  1, 0.18, 0.00, 1.29, 0.36, 0.45, 1.20, 0.00, 0.17, 0.11, 1.65, 0.50, 0.77, 0.00, 0.00, 0.00, 0.00, 0.70, 0.00, 0.00, 1.00, 1.00, 0.00, 1.00, 0.00, 1.00, 0.00, 1.00, 1.00, 1.00, 0.00, 1.00, 0.00, 0.00, 0.00, 0.00
4631,  0,  154.333,  0.98,  1, 0.12, 0.00, 1.29, 0.18, 0.52, 1.16, 0.01, 0.31, 0.09, 1.66, 0.52, 0.71, 0.07, 0.00, 0.00, 0.00, 1.48, 0.00, 0.00, 1.00, 1.00, 0.00, 1.00, 0.00, 1.00, 0.00, 1.00, 1.00, 0.00, 0.00, 1.00, 0.00, 0.00, 0.00, 0.00
4632,  0,  154.367,  0.98,  1, 0.06, 0.00, 1.28, 0.03, 0.53, 1.02, 0.08, 0.36, 0.12, 1.64, 0.51, 0.62, 0.13, 0.00, 0.00, 0.00, 2.10, 0.00, 0.00, 1.00, 1.00, 0.00, 1.00, 0.00, 1.00, 0.00, 1.00, 1.00, 0.00, 0.00, 1.00, 0.00, 0.00, 0.00, 1.00
4633,  0,  154.400,  0.98,  1, 0.04, 0.00, 1.36, 0.01, 0.52, 0.90, 0.16, 0.29, 0.14, 1.44, 0.54, 0.56, 0.14, 0.00, 0.00, 0.00, 2.73, 0.00, 0.00, 1.00, 1.00, 0.00, 1.00, 0.00, 1.00, 0.00, 1.00, 1.00, 0.00, 0.00, 1.00, 0.00, 0.00, 0.00, 1.00
4634,  0,  154.433,  0.98,  1, 0.00, 0.00, 1.30, 0.00, 0.51, 1.02, 0.19, 0.15, 0.12, 1.28, 0.45, 0.45, 0.11, 0.00, 0.00, 0.00, 2.51, 0.00, 0.00, 1.00, 1.00, 0.00, 1.00, 0.00, 1.00, 0.00, 1.00, 1.00, 0.00, 0.00, 1.00, 0.00, 0.00, 0.00, 1.00
4635,  0,  154.467,  0.98,  1, 0.00, 0.00, 1.34, 0.00, 0.59, 1.40, 0.15, 0.08, 0.05, 1.17, 0.39, 0.38, 0.06, 0.00, 0.00, 0.00, 2.25, 0.00, 0.00, 1.00, 1.00, 0.00, 1.00, 0.00, 1.00, 0.00, 1.00, 1.00, 0.00, 0.00, 1.00, 0.00, 0.00, 0.00, 1.00
4636,  0,  154.500,  0.98,  1, 0.00, 0.00, 1.39, 0.00, 0.66, 1.65, 0.10, 0.03, 0.00, 1.18, 0.30, 0.37, 0.05, 0.00, 0.00, 0.00, 1.86, 0.00, 0.00, 1.00, 1.00, 0.00, 1.00, 0.00, 1.00, 0.00, 1.00, 1.00, 0.00, 0.00, 1.00, 0.00, 0.00, 0.00, 1.00
4637,  0,  154.533,  0.98,  1, 0.01, 0.00, 1.42, 0.00, 0.69, 1.80, 0.06, 0.08, 0.01, 1.24, 0.24, 0.39, 0.02, 0.00, 0.00, 0.00, 1.62, 0.00, 0.00, 1.00, 1.00, 0.00, 1.00, 0.00, 1.00, 0.00, 1.00, 1.00, 0.00, 0.00, 1.00, 0.00, 0.00, 0.00, 1.00
4638,  0,  154.567,  0.98,  1, 0.02, 0.00, 1.43, 0.00, 0.70, 1.81, 0.06, 0.16, 0.01, 1.38, 0.18, 0.47, 0.02, 0.00, 0.00, 0.00, 1.46, 0.00, 0.00, 1.00, 1.00, 0.00, 1.00, 0.00, 1.00, 0.00, 1.00, 1.00, 0.00, 0.00, 1.00, 0.00, 0.00, 0.00, 1.00
4639,  0,  154.600,  0.98,  1, 0.02, 0.00, 1.36, 0.00, 0.68, 1.74, 0.06, 0.13, 0.01, 1.45, 0.19, 0.56, 0.04, 0.00, 0.00, 0.00, 1.51, 0.00, 0.00, 1.00, 1.00, 0.00, 1.00, 0.00, 1.00, 0.00, 1.00, 1.00, 0.00, 0.00, 1.00, 0.00, 0.00, 0.00, 1.00
4640,  0,  154.633,  0.98,  1, 0.01, 0.00, 1.35, 0.00, 0.68, 1.68, 0.06, 0.08, 0.02, 1.45, 0.21, 0.62, 0.04, 0.00, 0.00, 0.00, 1.31, 0.00, 0.00, 1.00, 1.00, 0.00, 1.00, 0.00, 1.00, 0.00, 1.00, 1.00, 0.00, 0.00, 1.00, 0.00, 0.00, 0.00, 1.00
4641,  0,  154.667,  0.98,  1, 0.01, 0.00, 1.35, 0.00, 0.70, 1.66, 0.03, 0.00, 0.02, 1.46, 0.25, 0.63, 0.02, 0.00, 0.00, 0.00, 1.10, 0.00, 0.00, 1.00, 1.00, 0.00, 1.00, 0.00, 1.00, 0.00, 1.00, 1.00, 0.00, 0.00, 1.00, 0.00, 0.00, 0.00, 1.00
4642,  0,  154.700,  0.98,  1, 0.07, 0.04, 1.41, 0.00, 0.71, 1.85, 0.08, 0.06, 0.07, 1.50, 0.28, 0.74, 0.00, 0.00, 0.00, 0.05, 0.86, 0.00, 0.00, 1.00, 1.00, 0.00, 1.00, 0.00, 1.00, 0.00, 1.00, 1.00, 0.00, 0.00, 1.00, 0.00, 0.00, 0.00, 1.00
4643,  0,  154.733,  0.98,  1, 0.06, 0.04, 1.38, 0.00, 0.63, 1.97, 0.11, 0.09, 0.12, 1.56, 0.44, 0.84, 0.00, 0.00, 0.00, 0.05, 0.79, 0.00, 0.00, 1.00, 1.00, 0.00, 1.00, 0.00, 1.00, 0.00, 1.00, 1.00, 1.00, 0.00, 1.00, 0.00, 0.00, 0.00, 1.00
4644,  0,  154.767,  0.98,  1, 0.05, 0.04, 1.18, 0.00, 0.50, 1.91, 0.11, 0.09, 0.17, 1.45, 0.41, 0.92, 0.00, 0.00, 0.00, 0.05, 0.79, 0.00, 0.00, 1.00, 1.00, 0.00, 1.00, 0.00, 1.00, 0.00, 1.00, 0.00, 1.00, 0.00, 1.00, 0.00, 0.00, 0.00, 1.00
4645,  0,  154.800,  0.98,  1, 0.01, 0.00, 1.07, 0.00, 0.38, 1.80, 0.05, 0.03, 0.16, 1.29, 0.30, 0.93, 0.00, 0.00, 0.00, 0.01, 0.75, 0.00, 0.00, 1.00, 1.00, 0.00, 1.00, 0.00, 1.00, 0.00, 1.00, 0.00, 1.00, 0.00, 1.00, 0.00, 0.00, 0.00, 1.00
4646,  0,  154.833,  0.98,  1, 0.01, 0.00, 0.99, 0.00, 0.32, 1.81, 0.00, 0.00, 0.13, 1.05, 0.08, 0.90, 0.00, 0.00, 0.00, 0.05, 0.73, 0.00, 0.00, 1.00, 1.00, 0.00, 1.00, 0.00, 1.00, 0.00, 1.00, 0.00, 1.00, 0.00, 1.00, 0.00, 0.00, 0.00, 0.00
4647,  0,  154.867,  0.98,  1, 0.04, 0.06, 1.05, 0.00, 0.33, 1.96, 0.00, 0.00, 0.16, 0.90, 0.06, 0.84, 0.00, 0.00, 0.00, 0.05, 0.88, 0.00, 0.00, 1.00, 1.00, 0.00, 1.00, 0.00, 1.00, 0.00, 1.00, 0.00, 1.00, 0.00, 0.00, 0.00, 0.00, 0.00, 0.00
4648,  0,  154.900,  0.98,  1, 0.08, 0.06, 1.01, 0.00, 0.32, 1.95, 0.01, 0.00, 0.19, 0.82, 0.11, 0.77, 0.00, 0.00, 0.00, 0.05, 0.89, 0.00, 0.00, 1.00, 1.00, 0.00, 1.00, 0.00, 1.00, 0.00, 1.00, 0.00, 1.00, 0.00, 0.00, 0.00, 0.00, 0.00, 0.00
4649,  0,  154.933,  0.98,  1, 0.13, 0.17, 1.06, 0.00, 0.34, 1.88, 0.05, 0.00, 0.23, 0.76, 0.15, 0.73, 0.00, 0.00, 0.00, 0.00, 0.96, 0.00, 0.00, 1.00, 1.00, 0.00, 1.00, 0.00, 1.00, 0.00, 1.00, 0.00, 1.00, 0.00, 0.00, 0.00, 0.00, 0.00, 0.00
4650,  0,  154.967,  0.98,  1, 0.13, 0.16, 1.13, 0.00, 0.33, 1.81, 0.11, 0.00, 0.21, 0.81, 0.21, 0.73, 0.00, 0.00, 0.00, 0.00, 0.88, 0.00, 0.00, 1.00, 1.00, 0.00, 1.00, 0.00, 1.00, 0.00, 1.00, 0.00, 1.00, 0.00, 0.00, 0.00, 0.00, 0.00, 0.00
4651,  0,  155.000,  0.98,  1, 0.13, 0.27, 1.19, 0.00, 0.34, 1.85, 0.17, 0.00, 0.23, 0.86, 0.29, 0.70, 0.00, 0.00, 0.00, 0.00, 0.89, 0.00, 0.00, 1.00, 1.00, 0.00, 1.00, 0.00, 1.00, 0.00, 1.00, 0.00, 1.00, 0.00, 0.00, 0.00, 0.00, 0.00, 0.00
4652,  0,  155.033,  0.98,  1, 0.09, 0.29, 1.15, 0.00, 0.33, 1.86, 0.18, 0.00, 0.24, 0.96, 0.33, 0.72, 0.00, 0.00, 0.00, 0.00, 0.90, 0.00, 0.00, 1.00, 1.00, 0.00, 1.00, 0.00, 1.00, 0.00, 1.00, 0.00, 1.00, 0.00, 0.00, 0.00, 0.00, 0.00, 0.00
4653,  0,  155.067,  0.98,  1, 0.08, 0.31, 1.07, 0.00, 0.34, 1.84, 0.16, 0.00, 0.26, 1.03, 0.38, 0.74, 0.00, 0.00, 0.00, 0.00, 0.81, 0.00, 0.00, 1.00, 1.00, 0.00, 1.00, 0.00, 1.00, 0.00, 1.00, 0.00, 1.00, 0.00, 0.00, 0.00, 0.00, 0.00, 0.00
4654,  0,  155.100,  0.98,  1, 0.08, 0.32, 1.03, 0.00, 0.25, 1.64, 0.12, 0.00, 0.19, 1.08, 0.42, 0.86, 0.00, 0.00, 0.00, 0.00, 0.70, 0.00, 0.00, 1.00, 1.00, 0.00, 1.00, 0.00, 1.00, 0.00, 1.00, 0.00, 1.00, 0.00, 1.00, 0.00, 0.00, 0.00, 0.00
4655,  0,  155.133,  0.98,  1, 0.12, 0.30, 1.10, 0.00, 0.16, 1.38, 0.08, 0.00, 0.13, 1.08, 0.46, 0.93, 0.00, 0.00, 0.00, 0.00, 0.57, 0.00, 0.00, 1.00, 1.00, 0.00, 1.00, 0.00, 0.00, 0.00, 1.00, 0.00, 1.00, 0.00, 1.00, 0.00, 0.00, 0.00, 0.00
4656,  0,  155.167,  0.98,  1, 0.20, 0.32, 1.21, 0.00, 0.11, 1.16, 0.02, 0.00, 0.07, 1.08, 0.50, 0.91, 0.00, 0.00, 0.00, 0.00, 0.39, 0.00, 0.00, 1.00, 1.00, 0.00, 1.00, 0.00, 0.00, 0.00, 1.00, 0.00, 1.00, 0.00, 1.00, 0.00, 0.00, 0.00, 0.00
4657,  0,  155.200,  0.98,  1, 0.24, 0.27, 1.30, 0.00, 0.16, 1.14, 0.03, 0.00, 0.07, 1.16, 0.48, 0.79, 0.00, 0.00, 0.00, 0.00, 0.26, 0.00, 1.00, 1.00, 1.00, 0.00, 1.00, 0.00, 0.00, 0.00, 1.00, 0.00, 1.00, 0.00, 1.00, 0.00, 0.00, 0.00, 0.00
4658,  0,  155.233,  0.98,  1, 0.31, 0.32, 1.31, 0.00, 0.22, 1.22, 0.06, 0.00, 0.08, 1.21, 0.44, 0.75, 0.00, 0.00, 0.00, 0.00, 0.23, 0.00, 1.00, 1.00, 1.00, 0.00, 1.00, 0.00, 0.00, 0.00, 1.00, 0.00, 1.00, 0.00, 1.00, 0.00, 0.00, 0.00, 0.00
4659,  0,  155.267,  0.98,  1, 0.34, 0.43, 1.31, 0.00, 0.22, 1.20, 0.14, 0.00, 0.06, 1.16, 0.47, 0.83, 0.00, 0.00, 0.00, 0.00, 0.27, 0.00, 1.00, 1.00, 1.00, 0.00, 1.00, 0.00, 0.00, 0.00, 1.00, 0.00, 1.00, 0.00, 0.00, 0.00, 0.00, 0.00, 0.00
4660,  0,  155.300,  0.98,  1, 0.35, 0.56, 1.26, 0.00, 0.25, 1.23, 0.18, 0.00, 0.04, 1.11, 0.47, 0.84, 0.00, 0.00, 0.00, 0.00, 0.21, 0.00, 1.00, 1.00, 1.00, 0.00, 1.00, 0.00, 0.00, 0.00, 1.00, 1.00, 1.00, 0.00, 0.00, 0.00, 0.00, 0.00, 0.00
4661,  0,  155.333,  0.98,  1, 0.30, 0.48, 1.30, 0.00, 0.27, 1.26, 0.25, 0.00, 0.02, 1.15, 0.53, 0.81, 0.00, 0.00, 0.00, 0.00, 0.08, 0.00, 1.00, 1.00, 0.00, 0.00, 1.00, 0.00, 1.00, 0.00, 1.00, 1.00, 1.00, 0.00, 0.00, 0.00, 0.00, 0.00, 0.00
4662,  0,  155.367,  0.98,  1, 0.23, 0.37, 1.29, 0.00, 0.28, 1.32, 0.26, 0.00, 0.02, 1.30, 0.56, 0.78, 0.00, 0.00, 0.00, 0.00, 0.01, 0.00, 1.00, 1.00, 0.00, 0.00, 1.00, 0.00, 1.00, 0.00, 1.00, 1.00, 1.00, 0.00, 0.00, 0.00, 0.00, 0.00, 0.00
4663,  0,  155.400,  0.98,  1, 0.24, 0.35, 1.28, 0.00, 0.25, 1.29, 0.25, 0.00, 0.05, 1.40, 0.60, 0.77, 0.00, 0.00, 0.00, 0.00, 0.00, 0.00, 1.00, 1.00, 0.00, 0.00, 1.00, 0.00, 1.00, 0.00, 1.00, 1.00, 1.00, 0.00, 0.00, 0.00, 0.00, 0.00, 0.00
4664,  0,  155.433,  0.98,  1, 0.28, 0.43, 1.21, 0.00, 0.22, 1.21, 0.17, 0.00, 0.07, 1.49, 0.61, 0.75, 0.00, 0.00, 0.00, 0.00, 0.00, 0.00, 1.00, 1.00, 0.00, 0.00, 1.00, 0.00, 1.00, 0.00, 1.00, 1.00, 0.00, 0.00, 0.00, 0.00, 0.00, 0.00, 0.00
4665,  0,  155.467,  0.98,  1, 0.33, 0.44, 1.24, 0.00, 0.22, 1.01, 0.10, 0.00, 0.11, 1.54, 0.51, 0.72, 0.00, 0.00, 0.00, 0.00, 0.00, 0.00, 1.00, 1.00, 1.00, 0.00, 1.00, 0.00, 1.00, 0.00, 1.00, 1.00, 0.00, 0.00, 0.00, 0.00, 0.00, 0.00, 0.00
4666,  0,  155.500,  0.98,  1, 0.33, 0.27, 1.25, 0.00, 0.24, 0.75, 0.09, 0.00, 0.12, 1.45, 0.52, 0.74, 0.00, 0.00, 0.00, 0.00, 0.00, 0.00, 1.00, 1.00, 1.00, 0.00, 1.00, 0.00, 1.00, 0.00, 1.00, 1.00, 0.00, 0.00, 0.00, 0.00, 0.00, 0.00, 0.00
4667,  0,  155.533,  0.98,  1, 0.34, 0.17, 1.27, 0.00, 0.27, 0.68, 0.16, 0.00, 0.11, 1.38, 0.53, 0.79, 0.00, 0.00, 0.00, 0.00, 0.00, 0.00, 0.00, 1.00, 1.00, 0.00, 1.00, 0.00, 1.00, 0.00, 1.00, 1.00, 0.00, 0.00, 0.00, 0.00, 0.00, 0.00, 0.00
4668,  0,  155.567,  0.98,  1, 0.30, 0.15, 1.20, 0.00, 0.24, 0.78, 0.18, 0.00, 0.07, 1.29, 0.55, 0.82, 0.00, 0.00, 0.00, 0.00, 0.01, 0.00, 0.00, 1.00, 1.00, 0.00, 1.00, 0.00, 1.00, 0.00, 1.00, 0.00, 0.00, 0.00, 0.00, 0.00, 0.00, 0.00, 0.00
4669,  0,  155.600,  0.98,  1, 0.25, 0.23, 1.22, 0.00, 0.20, 1.00, 0.17, 0.00, 0.02, 1.33, 0.44, 0.83, 0.00, 0.00, 0.00, 0.00, 0.01, 0.00, 0.00, 1.00, 1.00, 0.00, 1.00, 0.00, 1.00, 0.00, 1.00, 0.00, 0.00, 0.00, 0.00, 0.00, 0.00, 0.00, 0.00
4670,  0,  155.633,  0.98,  1, 0.19, 0.26, 1.22, 0.00, 0.13, 1.13, 0.11, 0.00, 0.00, 1.32, 0.31, 0.85, 0.00, 0.00, 0.00, 0.00, 0.01, 0.00, 0.00, 1.00, 1.00, 0.00, 1.00, 0.00, 1.00, 0.00, 1.00, 0.00, 1.00, 0.00, 0.00, 0.00, 0.00, 0.00, 0.00
4671,  0,  155.667,  0.98,  1, 0.17, 0.23, 1.26, 0.00, 0.08, 1.05, 0.06, 0.00, 0.00, 1.28, 0.28, 0.83, 0.00, 0.00, 0.00, 0.00, 0.02, 0.00, 0.00, 1.00, 1.00, 0.00, 1.00, 0.00, 1.00, 0.00, 1.00, 0.00, 1.00, 0.00, 0.00, 0.00, 0.00, 0.00, 0.00
4672,  0,  155.700,  0.98,  1, 0.18, 0.21, 1.28, 0.00, 0.03, 0.95, 0.02, 0.00, 0.00, 1.18, 0.33, 0.81, 0.00, 0.00, 0.00, 0.00, 0.02, 0.00, 0.00, 1.00, 1.00, 0.00, 1.00, 0.00, 1.00, 0.00, 1.00, 0.00, 1.00, 0.00, 0.00, 0.00, 0.00, 0.00, 0.00
4673,  0,  155.733,  0.98,  1, 0.24, 0.13, 1.33, 0.00, 0.04, 0.83, 0.02, 0.00, 0.00, 1.10, 0.43, 0.70, 0.00, 0.00, 0.03, 0.00, 0.02, 0.00, 1.00, 1.00, 1.00, 0.00, 1.00, 0.00, 1.00, 0.00, 1.00, 0.00, 1.00, 0.00, 0.00, 0.00, 0.00, 0.00, 0.00
4674,  0,  155.767,  0.98,  1, 0.25, 0.11, 1.38, 0.00, 0.03, 0.74, 0.04, 0.00, 0.01, 1.12, 0.51, 0.64, 0.00, 0.00, 0.03, 0.00, 0.00, 0.00, 1.00, 1.00, 1.00, 0.00, 1.00, 0.00, 1.00, 0.00, 1.00, 0.00, 1.00, 0.00, 0.00, 0.00, 0.00, 0.00, 0.00
4675,  0,  155.800,  0.98,  1, 0.24, 0.17, 1.40, 0.00, 0.03, 0.81, 0.07, 0.00, 0.04, 1.24, 0.50, 0.64, 0.00, 0.00, 0.03, 0.00, 0.00, 0.00, 1.00, 1.00, 1.00, 0.00, 1.00, 0.00, 1.00, 0.00, 1.00, 0.00, 1.00, 0.00, 0.00, 0.00, 0.00, 0.00, 0.00
4676,  0,  155.833,  0.98,  1, 0.18, 0.27, 1.44, 0.00, 0.00, 0.71, 0.06, 0.00, 0.04, 1.31, 0.50, 0.71, 0.00, 0.00, 0.00, 0.00, 0.00, 0.00, 1.00, 1.00, 1.00, 0.00, 1.00, 0.00, 1.00, 0.00, 1.00, 0.00, 1.00, 0.00, 0.00, 0.00, 0.00, 0.00, 0.00
4677,  0,  155.867,  0.98,  1, 0.21, 0.34, 1.49, 0.00, 0.00, 0.76, 0.05, 0.00, 0.03, 1.28, 0.48, 0.76, 0.00, 0.00, 0.00, 0.00, 0.00, 0.00, 1.00, 1.00, 1.00, 0.00, 1.00, 0.00, 1.00, 0.00, 1.00, 1.00, 1.00, 0.00, 0.00, 0.00, 0.00, 0.00, 0.00
4678,  0,  155.900,  0.98,  1, 0.28, 0.34, 1.49, 0.00, 0.03, 0.59, 0.02, 0.00, 0.05, 1.24, 0.57, 0.84, 0.00, 0.00, 0.00, 0.00, 0.00, 0.00, 1.00, 1.00, 1.00, 0.00, 1.00, 0.00, 1.00, 0.00, 1.00, 1.00, 1.00, 0.00, 0.00, 0.00, 0.00, 0.00, 0.00
4679,  0,  155.933,  0.98,  1, 0.35, 0.37, 1.48, 0.00, 0.09, 0.64, 0.01, 0.00, 0.08, 1.18, 0.53, 0.87, 0.00, 0.00, 0.00, 0.00, 0.00, 0.00, 1.00, 1.00, 1.00, 0.00, 1.00, 0.00, 1.00, 0.00, 1.00, 0.00, 1.00, 0.00, 0.00, 0.00, 0.00, 0.00, 0.00
4680,  0,  155.967,  0.98,  1, 0.27, 0.28, 1.40, 0.00, 0.14, 0.50, 0.00, 0.00, 0.13, 1.15, 0.48, 0.79, 0.00, 0.00, 0.00, 0.00, 0.00, 0.00, 0.00, 1.00, 1.00, 0.00, 1.00, 0.00, 1.00, 0.00, 1.00, 1.00, 1.00, 0.00, 1.00, 0.00, 0.00, 0.00, 0.00
4681,  0,  156.000,  0.98,  1, 0.13, 0.17, 1.34, 0.00, 0.16, 0.46, 0.00, 0.00, 0.12, 1.12, 0.33, 0.63, 0.00, 0.01, 0.00, 0.00, 0.00, 0.00, 0.00, 1.00, 1.00, 0.00, 1.00, 0.00, 1.00, 0.00, 1.00, 1.00, 0.00, 0.00, 1.00, 0.00, 0.00, 0.00, 0.00
4682,  0,  156.033,  0.98,  1, 0.00, 0.04, 1.34, 0.00, 0.14, 0.33, 0.04, 0.00, 0.10, 1.18, 0.31, 0.53, 0.03, 0.02, 0.00, 0.00, 0.00, 0.00, 0.00, 1.00, 1.00, 0.00, 1.00, 0.00, 1.00, 0.00, 1.00, 1.00, 0.00, 0.00, 1.00, 0.00, 0.00, 0.00, 0.00
4683,  0,  156.067,  0.98,  1, 0.00, 0.00, 1.34, 0.00, 0.16, 0.31, 0.05, 0.00, 0.06, 1.22, 0.29, 0.55, 0.04, 0.05, 0.00, 0.00, 0.00, 0.00, 0.00, 1.00, 1.00, 0.00, 1.00, 0.00, 1.00, 0.00, 1.00, 1.00, 0.00, 0.00, 1.00, 0.00, 0.00, 0.00, 0.00
4684,  0,  156.100,  0.98,  1, 0.00, 0.03, 1.33, 0.00, 0.17, 0.29, 0.05, 0.00, 0.07, 1.31, 0.27, 0.58, 0.04, 0.05, 0.00, 0.00, 0.09, 0.00, 0.00, 1.00, 1.00, 0.00, 1.00, 0.00, 1.00, 0.00, 1.00, 1.00, 0.00, 0.00, 1.00, 0.00, 0.00, 0.00, 0.00
4685,  0,  156.133,  0.98,  1, 0.02, 0.10, 1.30, 0.00, 0.17, 0.33, 0.02, 0.00, 0.11, 1.40, 0.20, 0.54, 0.01, 0.04, 0.00, 0.00, 0.15, 0.00, 0.00, 1.00, 1.00, 0.00, 1.00, 0.00, 1.00, 0.00, 1.00, 1.00, 0.00, 0.00, 1.00, 0.00, 0.00, 0.00, 0.00
4686,  0,  156.167,  0.98,  1, 0.02, 0.13, 1.27, 0.00, 0.14, 0.38, 0.05, 0.00, 0.11, 1.45, 0.15, 0.52, 0.00, 0.01, 0.00, 0.00, 0.22, 0.00, 0.00, 1.00, 1.00, 0.00, 1.00, 0.00, 1.00, 0.00, 1.00, 1.00, 0.00, 0.00, 1.00, 0.00, 0.00, 0.00, 0.00
4687,  0,  156.200,  0.98,  1, 0.02, 0.10, 1.32, 0.00, 0.14, 0.41, 0.11, 0.00, 0.08, 1.47, 0.12, 0.51, 0.00, 0.01, 0.01, 0.00, 0.24, 0.00, 0.00, 1.00, 1.00, 0.00, 1.00, 0.00, 1.00, 0.00, 1.00, 1.00, 0.00, 0.00, 1.00, 0.00, 0.00, 0.00, 0.00
4688,  0,  156.233,  0.98,  1, 0.00, 0.03, 1.34, 0.00, 0.19, 0.50, 0.15, 0.01, 0.04, 1.47, 0.15, 0.60, 0.00, 0.00, 0.01, 0.05, 0.19, 0.00, 0.00, 1.00, 1.00, 0.00, 1.00, 0.00, 1.00, 0.00, 1.00, 1.00, 0.00, 0.00, 1.00, 0.00, 0.00, 0.00, 0.00
4689,  0,  156.267,  0.98,  1, 0.05, 0.00, 1.38, 0.00, 0.28, 0.61, 0.17, 0.01, 0.03, 1.55, 0.10, 0.64, 0.00, 0.00, 0.01, 0.05, 0.32, 0.00, 0.00, 1.00, 1.00, 0.00, 1.00, 0.00, 1.00, 0.00, 1.00, 0.00, 0.00, 0.00, 1.00, 0.00, 0.00, 0.00, 0.00
4690,  0,  156.300,  0.98,  1, 0.15, 0.00, 1.25, 0.00, 0.38, 0.73, 0.11, 0.01, 0.06, 1.52, 0.07, 0.59, 0.00, 0.00, 0.00, 0.05, 0.44, 0.00, 0.00, 1.00, 1.00, 0.00, 1.00, 0.00, 1.00, 0.00, 1.00, 0.00, 0.00, 0.00, 1.00, 0.00, 0.00, 0.00, 0.00
4691,  0,  156.333,  0.98,  1, 0.20, 0.00, 1.04, 0.00, 0.47, 0.75, 0.07, 0.00, 0.08, 1.46, 0.00, 0.47, 0.00, 0.00, 0.00, 0.00, 0.74, 0.00, 0.00, 1.00, 1.00, 0.00, 1.00, 0.00, 1.00, 0.00, 1.00, 0.00, 0.00, 0.00, 1.00, 0.00, 0.00, 0.00, 1.00
4692,  0,  156.367,  0.98,  1, 0.15, 0.00, 0.86, 0.00, 0.52, 0.83, 0.00, 0.00, 0.08, 1.38, 0.00, 0.51, 0.05, 0.00, 0.00, 0.00, 0.89, 0.00, 0.00, 1.00, 1.00, 0.00, 1.00, 0.00, 1.00, 0.00, 1.00, 0.00, 0.00, 0.00, 1.00, 0.00, 0.00, 0.00, 1.00
4693,  0,  156.400,  0.98,  1, 0.05, 0.00, 0.86, 0.00, 0.55, 0.91, 0.00, 0.00, 0.03, 1.36, 0.00, 0.57, 0.07, 0.00, 0.00, 0.00, 1.05, 0.00, 0.00, 1.00, 1.00, 0.00, 1.00, 0.00, 1.00, 0.00, 1.00, 0.00, 0.00, 0.00, 1.00, 0.00, 0.00, 0.00, 1.00
4694,  0,  156.433,  0.98,  1, 0.00, 0.00, 0.95, 0.00, 0.56, 0.91, 0.01, 0.00, 0.00, 1.42, 0.00, 0.72, 0.07, 0.00, 0.05, 0.00, 1.08, 0.00, 0.00, 1.00, 1.00, 0.00, 1.00, 0.00, 1.00, 0.00, 1.00, 0.00, 0.00, 0.00, 1.00, 0.00, 0.00, 0.00, 1.00
4695,  0,  156.467,  0.98,  1, 0.00, 0.00, 0.97, 0.00, 0.58, 0.80, 0.01, 0.00, 0.01, 1.47, 0.00, 0.70, 0.02, 0.00, 0.05, 0.00, 1.04, 0.00, 0.00, 1.00, 1.00, 0.00, 1.00, 0.00, 1.00, 0.00, 1.00, 0.00, 0.00, 0.00, 1.00, 0.00, 0.00, 0.00, 1.00
4696,  0,  156.500,  0.98,  1, 0.00, 0.00, 0.92, 0.00, 0.59, 0.69, 0.01, 0.00, 0.02, 1.52, 0.00, 0.81, 0.00, 0.00, 0.08, 0.00, 0.93, 0.00, 0.00, 1.00, 1.00, 0.00, 1.00, 0.00, 1.00, 0.00, 1.00, 0.00, 0.00, 0.00, 1.00, 0.00, 0.00, 0.00, 1.00
4697,  0,  156.533,  0.98,  1, 0.00, 0.00, 0.84, 0.00, 0.56, 0.48, 0.00, 0.00, 0.02, 1.44, 0.00, 0.81, 0.04, 0.00, 0.03, 0.00, 1.09, 0.00, 0.00, 1.00, 0.00, 0.00, 1.00, 0.00, 1.00, 0.00, 1.00, 0.00, 0.00, 0.00, 1.00, 0.00, 0.00, 0.00, 1.00
4698,  0,  156.567,  0.98,  1, 0.00, 0.00, 0.81, 0.00, 0.50, 0.26, 0.00, 0.01, 0.05, 1.41, 0.00, 0.86, 0.08, 0.00, 0.04, 0.00, 1.23, 0.00, 0.00, 1.00, 0.00, 0.00, 1.00, 0.00, 1.00, 0.00, 1.00, 0.00, 0.00, 0.00, 1.00, 0.00, 0.00, 0.00, 1.00
4699,  0,  156.600,  0.98,  1, 0.00, 0.00, 0.85, 0.00, 0.47, 0.16, 0.00, 0.01, 0.05, 1.39, 0.00, 0.83, 0.13, 0.00, 0.07, 0.00, 1.41, 0.00, 0.00, 1.00, 0.00, 0.00, 1.00, 0.00, 1.00, 0.00, 1.00, 0.00, 0.00, 0.00, 1.00, 0.00, 0.00, 0.00, 1.00
4700,  0,  156.633,  0.98,  1, 0.00, 0.00, 0.84, 0.00, 0.45, 0.15, 0.00, 0.01, 0.05, 1.49, 0.00, 0.85, 0.22, 0.00, 0.17, 0.00, 1.48, 0.00, 0.00, 1.00, 1.00, 0.00, 1.00, 0.00, 1.00, 0.00, 1.00, 0.00, 0.00, 0.00, 1.00, 0.00, 0.00, 0.00, 1.00
4701,  0,  156.667,  0.98,  1, 0.00, 0.00, 0.91, 0.00, 0.45, 0.26, 0.00, 0.00, 0.00, 1.53, 0.00, 0.81, 0.34, 0.00, 0.34, 0.00, 1.60, 0.00, 0.00, 1.00, 1.00, 0.00, 1.00, 0.00, 1.00, 0.00, 1.00, 0.00, 0.00, 0.00, 1.00, 0.00, 0.00, 0.00, 1.00
4702,  0,  156.700,  0.98,  1, 0.00, 0.00, 1.02, 0.06, 0.32, 0.34, 0.00, 0.00, 0.00, 1.55, 0.08, 0.82, 0.30, 0.00, 0.33, 0.00, 1.72, 0.00, 0.00, 1.00, 1.00, 0.00, 1.00, 0.00, 1.00, 0.00, 1.00, 0.00, 0.00, 0.00, 1.00, 0.00, 0.00, 0.00, 1.00
4703,  0,  156.733,  0.98,  1, 0.00, 0.00, 1.14, 0.12, 0.26, 0.53, 0.00, 0.01, 0.02, 1.48, 0.14, 0.78, 0.17, 0.00, 0.27, 0.00, 1.78, 0.00, 0.00, 1.00, 1.00, 0.00, 1.00, 0.00, 1.00, 0.00, 1.00, 0.00, 0.00, 0.00, 1.00, 0.00, 0.00, 0.00, 1.00
4704,  0,  156.767,  0.98,  1, 0.00, 0.00, 1.16, 0.12, 0.16, 0.65, 0.00, 0.01, 0.04, 1.54, 0.14, 0.94, 0.08, 0.03, 0.09, 0.00, 1.85, 0.00, 0.00, 1.00, 1.00, 0.00, 1.00, 0.00, 1.00, 0.00, 1.00, 0.00, 1.00, 0.00, 1.00, 0.00, 0.00, 0.00, 1.00
4705,  0,  156.800,  0.98,  1, 0.08, 0.00, 1.14, 0.06, 0.15, 0.70, 0.00, 0.01, 0.07, 1.68, 0.08, 1.05, 0.11, 0.03, 0.04, 0.00, 1.80, 0.00, 0.00, 1.00, 1.00, 0.00, 1.00, 0.00, 1.00, 0.00, 1.00, 0.00, 1.00, 0.00, 1.00, 0.00, 0.00, 0.00, 1.00
4706,  0,  156.833,  0.98,  1, 0.14, 0.00, 1.13, 0.00, 0.12, 0.69, 0.00, 0.00, 0.07, 1.75, 0.05, 1.16, 0.14, 0.03, 0.00, 0.00, 1.79, 0.00, 0.00, 1.00, 1.00, 0.00, 1.00, 0.00, 1.00, 0.00, 1.00, 0.00, 1.00, 0.00, 1.00, 0.00, 0.00, 0.00, 1.00
4707,  0,  156.867,  0.98,  1, 0.15, 0.00, 1.18, 0.00, 0.11, 0.66, 0.00, 0.00, 0.11, 1.69, 0.14, 1.09, 0.08, 0.00, 0.00, 0.00, 1.72, 0.00, 0.00, 1.00, 1.00, 0.00, 1.00, 0.00, 1.00, 0.00, 1.00, 0.00, 1.00, 0.00, 1.00, 0.00, 0.00, 0.00, 1.00
4708,  0,  156.900,  0.98,  1, 0.11, 0.00, 1.18, 0.02, 0.07, 0.46, 0.00, 0.02, 0.14, 1.60, 0.24, 1.03, 0.05, 0.00, 0.00, 0.00, 1.93, 0.00, 0.00, 1.00, 1.00, 0.00, 1.00, 0.00, 1.00, 0.00, 1.00, 0.00, 1.00, 0.00, 1.00, 0.00, 0.00, 0.00, 1.00
4709,  0,  156.933,  0.98,  1, 0.07, 0.00, 1.14, 0.13, 0.03, 0.28, 0.00, 0.09, 0.21, 1.58, 0.37, 1.00, 0.00, 0.00, 0.00, 0.00, 2.08, 0.00, 0.00, 1.00, 1.00, 0.00, 1.00, 0.00, 1.00, 0.00, 1.00, 0.00, 1.00, 0.00, 1.00, 0.00, 0.00, 0.00, 1.00
4710,  0,  156.967,  0.98,  1, 0.05, 0.00, 1.02, 0.26, 0.00, 0.11, 0.00, 0.09, 0.20, 1.56, 0.46, 0.93, 0.00, 0.00, 0.00, 0.00, 2.32, 0.00, 0.00, 1.00, 1.00, 0.00, 1.00, 0.00, 1.00, 0.00, 1.00, 0.00, 1.00, 0.00, 1.00, 0.00, 0.00, 0.00, 1.00
4711,  0,  157.000,  0.98,  1, 0.06, 0.00, 0.93, 0.30, 0.00, 0.11, 0.00, 0.07, 0.18, 1.53, 0.50, 0.91, 0.04, 0.00, 0.02, 0.00, 2.42, 0.00, 0.00, 1.00, 1.00, 0.00, 1.00, 0.00, 1.00, 0.00, 1.00, 0.00, 1.00, 0.00, 1.00, 0.00, 0.00, 0.00, 1.00
4712,  0,  157.033,  0.98,  1, 0.05, 0.00, 1.01, 0.26, 0.00, 0.10, 0.02, 0.00, 0.10, 1.46, 0.51, 0.90, 0.04, 0.00, 0.02, 0.00, 2.47, 0.00, 0.00, 1.00, 1.00, 0.00, 1.00, 0.00, 1.00, 0.00, 1.00, 0.00, 1.00, 0.00, 1.00, 0.00, 0.00, 0.00, 1.00
4713,  0,  157.067,  0.98,  1, 0.05, 0.00, 1.03, 0.23, 0.00, 0.07, 0.03, 0.00, 0.05, 1.40, 0.55, 0.93, 0.13, 0.00, 0.02, 0.00, 2.53, 0.00, 0.00, 1.00, 1.00, 0.00, 1.00, 0.00, 1.00, 0.00, 1.00, 0.00, 1.00, 0.00, 1.00, 0.00, 0.00, 0.00, 1.00
4714,  0,  157.100,  0.98,  1, 0.01, 0.00, 1.16, 0.24, 0.02, 0.16, 0.07, 0.00, 0.02, 1.11, 0.46, 1.02, 0.23, 0.00, 0.00, 0.00, 2.55, 0.00, 0.00, 1.00, 1.00, 0.00, 1.00, 0.00, 1.00, 0.00, 1.00, 0.00, 1.00, 0.00, 1.00, 0.00, 0.00, 0.00, 1.00
4715,  0,  157.133,  0.98,  1, 0.12, 0.00, 1.15, 0.31, 0.02, 0.19, 0.05, 0.00, 0.01, 0.89, 0.32, 0.99, 0.36, 0.00, 0.00, 0.00, 2.59, 0.00, 0.00, 1.00, 1.00, 0.00, 1.00, 0.00, 1.00, 0.00, 1.00, 0.00, 1.00, 0.00, 1.00, 0.00, 0.00, 0.00, 1.00
4716,  0,  157.167,  0.98,  1, 0.12, 0.00, 1.22, 0.27, 0.02, 0.19, 0.04, 0.00, 0.08, 0.65, 0.15, 1.04, 0.32, 0.00, 0.00, 0.00, 2.31, 0.00, 0.00, 1.00, 1.00, 0.00, 1.00, 0.00, 1.00, 0.00, 1.00, 0.00, 1.00, 0.00, 1.00, 0.00, 0.00, 0.00, 1.00
4717,  0,  157.200,  0.98,  1, 0.13, 0.00, 1.16, 0.32, 0.00, 0.06, 0.00, 0.00, 0.09, 0.74, 0.08, 1.00, 0.32, 0.00, 0.00, 0.00, 2.05, 0.00, 0.00, 1.00, 1.00, 0.00, 1.00, 0.00, 1.00, 0.00, 1.00, 0.00, 1.00, 0.00, 1.00, 0.00, 0.00, 0.00, 1.00
4718,  0,  157.233,  0.98,  1, 0.05, 0.00, 1.15, 0.35, 0.00, 0.00, 0.00, 0.00, 0.13, 0.83, 0.05, 1.13, 0.32, 0.00, 0.05, 0.00, 1.93, 0.00, 0.00, 1.00, 1.00, 0.00, 1.00, 0.00, 1.00, 0.00, 1.00, 0.00, 1.00, 0.00, 1.00, 0.00, 0.00, 0.00, 1.00
4719,  0,  157.267,  0.98,  1, 0.08, 0.00, 1.11, 0.40, 0.03, 0.00, 0.00, 0.00, 0.16, 0.90, 0.00, 1.15, 0.31, 0.00, 0.05, 0.00, 1.93, 0.00, 0.00, 1.00, 1.00, 0.00, 1.00, 0.00, 1.00, 0.00, 1.00, 0.00, 1.00, 0.00, 1.00, 0.00, 0.00, 0.00, 1.00
4720,  0,  157.300,  0.98,  1, 0.13, 0.00, 1.14, 0.47, 0.03, 0.08, 0.00, 0.00, 0.16, 0.73, 0.03, 1.16, 0.19, 0.00, 0.05, 0.00, 1.89, 0.00, 0.00, 1.00, 1.00, 0.00, 1.00, 0.00, 1.00, 0.00, 1.00, 0.00, 1.00, 0.00, 1.00, 0.00, 0.00, 0.00, 1.00
4721,  0,  157.333,  0.98,  1, 0.25, 0.00, 1.06, 0.36, 0.03, 0.20, 0.00, 0.00, 0.16, 0.61, 0.03, 1.13, 0.11, 0.00, 0.00, 0.00, 1.66, 0.00, 0.00, 1.00, 1.00, 0.00, 1.00, 0.00, 1.00, 0.00, 1.00, 0.00, 1.00, 0.00, 1.00, 0.00, 0.00, 0.00, 1.00
4722,  0,  157.367,  0.98,  1, 0.39, 0.00, 1.01, 0.38, 0.00, 0.27, 0.00, 0.00, 0.08, 0.55, 0.03, 1.14, 0.10, 0.00, 0.00, 0.00, 1.54, 0.00, 0.00, 1.00, 0.00, 0.00, 1.00, 0.00, 1.00, 0.00, 1.00, 0.00, 1.00, 0.00, 1.00, 0.00, 0.00, 0.00, 1.00
4723,  0,  157.400,  0.98,  1, 0.44, 0.00, 0.96, 0.31, 0.00, 0.34, 0.00, 0.00, 0.05, 0.59, 0.00, 1.13, 0.13, 0.00, 0.00, 0.00, 1.58, 0.00, 0.00, 1.00, 0.00, 0.00, 1.00, 0.00, 1.00, 0.00, 1.00, 0.00, 1.00, 0.00, 1.00, 0.00, 0.00, 0.00, 1.00
4724,  0,  157.433,  0.98,  1, 0.46, 0.00, 1.04, 0.34, 0.00, 0.42, 0.00, 0.00, 0.01, 0.72, 0.00, 1.04, 0.15, 0.00, 0.00, 0.00, 1.66, 0.00, 0.00, 1.00, 0.00, 0.00, 1.00, 0.00, 1.00, 0.00, 1.00, 1.00, 1.00, 0.00, 1.00, 0.00, 0.00, 0.00, 1.00
4725,  0,  157.467,  0.98,  1, 0.47, 0.00, 1.14, 0.31, 0.00, 0.56, 0.00, 0.00, 0.00, 0.85, 0.00, 0.98, 0.16, 0.00, 0.04, 0.00, 1.68, 0.00, 0.00, 1.00, 0.00, 0.00, 1.00, 0.00, 1.00, 0.00, 1.00, 1.00, 1.00, 0.00, 1.00, 0.00, 0.00, 0.00, 1.00
4726,  0,  157.500,  0.98,  1, 0.47, 0.00, 1.12, 0.25, 0.00, 0.44, 0.00, 0.00, 0.00, 0.92, 0.09, 0.98, 0.12, 0.02, 0.04, 0.00, 1.50, 0.00, 0.00, 1.00, 1.00, 0.00, 1.00, 0.00, 1.00, 0.00, 1.00, 1.00, 1.00, 0.00, 1.00, 0.00, 0.00, 0.00, 1.00
4727,  0,  157.533,  0.98,  1, 0.47, 0.00, 1.07, 0.20, 0.00, 0.37, 0.00, 0.00, 0.00, 0.92, 0.13, 1.08, 0.04, 0.02, 0.04, 0.00, 1.38, 0.00, 0.00, 1.00, 1.00, 0.00, 1.00, 0.00, 1.00, 0.00, 1.00, 1.00, 1.00, 0.00, 1.00, 0.00, 0.00, 0.00, 1.00
4728,  0,  157.567,  0.98,  1, 0.35, 0.00, 1.00, 0.14, 0.00, 0.16, 0.00, 0.00, 0.00, 0.83, 0.13, 1.07, 0.02, 0.02, 0.01, 0.00, 1.42, 0.00, 0.00, 1.00, 1.00, 0.00, 1.00, 0.00, 1.00, 0.00, 1.00, 1.00, 1.00, 0.00, 1.00, 0.00, 0.00, 0.00, 1.00
4729,  0,  157.600,  0.98,  1, 0.29, 0.00, 0.96, 0.07, 0.00, 0.17, 0.00, 0.00, 0.00, 0.87, 0.04, 1.05, 0.02, 0.00, 0.01, 0.00, 1.47, 0.00, 0.00, 1.00, 1.00, 0.00, 1.00, 0.00, 1.00, 0.00, 1.00, 1.00, 1.00, 0.00, 1.00, 0.00, 0.00, 0.00, 1.00
4730,  0,  157.633,  0.98,  1, 0.26, 0.00, 1.01, 0.04, 0.00, 0.08, 0.00, 0.00, 0.00, 0.84, 0.00, 1.00, 0.02, 0.00, 0.01, 0.00, 1.38, 0.00, 0.00, 1.00, 1.00, 0.00, 1.00, 0.00, 1.00, 0.00, 1.00, 1.00, 1.00, 0.00, 1.00, 0.00, 0.00, 0.00, 1.00
4731,  0,  157.667,  0.98,  1, 0.28, 0.00, 0.98, 0.00, 0.00, 0.12, 0.00, 0.00, 0.00, 0.78, 0.00, 0.99, 0.00, 0.00, 0.03, 0.00, 1.35, 0.00, 0.00, 1.00, 1.00, 0.00, 1.00, 0.00, 1.00, 0.00, 1.00, 1.00, 1.00, 0.00, 1.00, 0.00, 0.00, 0.00, 1.00
4732,  0,  157.700,  0.98,  1, 0.25, 0.00, 0.94, 0.00, 0.00, 0.07, 0.00, 0.00, 0.00, 0.69, 0.03, 1.03, 0.00, 0.00, 0.04, 0.00, 1.38, 0.00, 0.00, 1.00, 1.00, 0.00, 1.00, 0.00, 1.00, 0.00, 1.00, 1.00, 1.00, 0.00, 1.00, 0.00, 0.00, 0.00, 1.00
4733,  0,  157.733,  0.98,  1, 0.24, 0.00, 0.86, 0.00, 0.00, 0.04, 0.00, 0.00, 0.00, 0.69, 0.04, 1.09, 0.00, 0.00, 0.04, 0.00, 1.41, 0.00, 0.00, 1.00, 0.00, 0.00, 1.00, 0.00, 1.00, 0.00, 1.00, 1.00, 1.00, 0.00, 1.00, 0.00, 0.00, 0.00, 1.00
4734,  0,  157.767,  0.98,  1, 0.28, 0.00, 0.88, 0.00, 0.00, 0.02, 0.01, 0.00, 0.00, 0.78, 0.12, 1.11, 0.01, 0.00, 0.05, 0.00, 1.34, 0.00, 0.00, 1.00, 0.00, 0.00, 1.00, 0.00, 1.00, 0.00, 1.00, 1.00, 1.00, 0.00, 1.00, 0.00, 0.00, 0.00, 1.00
4735,  0,  157.800,  0.98,  1, 0.28, 0.00, 0.88, 0.00, 0.00, 0.02, 0.01, 0.00, 0.00, 0.85, 0.16, 1.08, 0.01, 0.00, 0.05, 0.00, 1.20, 0.00, 0.00, 1.00, 0.00, 0.00, 1.00, 0.00, 1.00, 0.00, 1.00, 1.00, 1.00, 0.00, 1.00, 0.00, 0.00, 0.00, 1.00
4736,  0,  157.833,  0.98,  1, 0.20, 0.00, 0.84, 0.00, 0.00, 0.02, 0.01, 0.00, 0.00, 0.91, 0.19, 1.00, 0.01, 0.00, 0.04, 0.00, 1.24, 0.00, 0.00, 1.00, 1.00, 0.00, 1.00, 0.00, 1.00, 0.00, 1.00, 1.00, 1.00, 0.00, 1.00, 0.00, 0.00, 0.00, 1.00
4737,  0,  157.867,  0.98,  1, 0.15, 0.00, 0.79, 0.00, 0.00, 0.00, 0.00, 0.00, 0.00, 0.93, 0.18, 1.01, 0.05, 0.00, 0.00, 0.00, 1.13, 0.00, 0.00, 1.00, 1.00, 0.00, 1.00, 0.00, 1.00, 0.00, 1.00, 1.00, 1.00, 0.00, 1.00, 0.00, 0.00, 0.00, 1.00
4738,  0,  157.900,  0.98,  1, 0.17, 0.00, 0.78, 0.01, 0.00, 0.01, 0.00, 0.00, 0.00, 0.82, 0.14, 0.98, 0.10, 0.00, 0.00, 0.00, 1.15, 0.00, 0.00, 1.00, 1.00, 0.00, 1.00, 0.00, 1.00, 0.00, 1.00, 1.00, 1.00, 0.00, 1.00, 0.00, 0.00, 0.00, 1.00
4739,  0,  157.933,  0.98,  1, 0.20, 0.00, 0.82, 0.01, 0.00, 0.13, 0.00, 0.00, 0.00, 0.73, 0.12, 0.98, 0.16, 0.00, 0.00, 0.00, 1.03, 0.00, 0.00, 1.00, 1.00, 0.00, 1.00, 0.00, 1.00, 0.00, 1.00, 1.00, 1.00, 0.00, 1.00, 0.00, 0.00, 0.00, 1.00
4740,  0,  157.967,  0.98,  1, 0.20, 0.00, 0.91, 0.01, 0.00, 0.13, 0.00, 0.00, 0.00, 0.60, 0.05, 1.05, 0.13, 0.00, 0.00, 0.00, 1.17, 0.00, 0.00, 1.00, 1.00, 0.00, 1.00, 0.00, 1.00, 0.00, 1.00, 1.00, 1.00, 0.00, 1.00, 0.00, 0.00, 0.00, 1.00
4741,  0,  158.000,  0.98,  1, 0.22, 0.00, 0.92, 0.06, 0.00, 0.19, 0.00, 0.00, 0.00, 0.54, 0.06, 1.16, 0.10, 0.00, 0.00, 0.00, 1.30, 0.00, 0.00, 1.00, 1.00, 0.00, 1.00, 0.00, 1.00, 0.00, 1.00, 1.00, 1.00, 0.00, 1.00, 0.00, 0.00, 0.00, 1.00
4742,  0,  158.033,  0.98,  1, 0.26, 0.00, 0.97, 0.16, 0.00, 0.17, 0.00, 0.00, 0.00, 0.42, 0.03, 1.24, 0.08, 0.00, 0.00, 0.00, 1.41, 0.00, 0.00, 1.00, 1.00, 0.00, 1.00, 0.00, 1.00, 0.00, 1.00, 0.00, 1.00, 0.00, 1.00, 0.00, 0.00, 0.00, 1.00
4743,  0,  158.067,  0.98,  1, 0.30, 0.00, 0.95, 0.22, 0.00, 0.36, 0.00, 0.00, 0.00, 0.32, 0.03, 1.17, 0.07, 0.00, 0.00, 0.00, 1.39, 0.00, 0.00, 1.00, 1.00, 0.00, 1.00, 0.00, 1.00, 0.00, 1.00, 0.00, 1.00, 0.00, 1.00, 0.00, 0.00, 0.00, 1.00
4744,  0,  158.100,  0.98,  1, 0.26, 0.00, 0.98, 0.21, 0.00, 0.36, 0.00, 0.00, 0.00, 0.28, 0.05, 1.08, 0.06, 0.00, 0.00, 0.00, 1.38, 0.00, 0.00, 1.00, 1.00, 0.00, 1.00, 0.00, 1.00, 0.00, 1.00, 0.00, 1.00, 0.00, 1.00, 0.00, 0.00, 0.00, 1.00
4745,  0,  158.133,  0.98,  1, 0.22, 0.00, 0.94, 0.20, 0.00, 0.27, 0.00, 0.00, 0.00, 0.24, 0.08, 1.04, 0.03, 0.00, 0.00, 0.00, 1.41, 0.00, 0.00, 1.00, 1.00, 0.00, 1.00, 0.00, 1.00, 0.00, 1.00, 0.00, 1.00, 0.00, 1.00, 0.00, 0.00, 0.00, 1.00
4746,  0,  158.167,  0.98,  1, 0.16, 0.00, 0.90, 0.19, 0.00, 0.08, 0.00, 0.00, 0.00, 0.21, 0.11, 1.00, 0.04, 0.00, 0.00, 0.00, 1.47, 0.00, 0.00, 1.00, 1.00, 0.00, 1.00, 0.00, 1.00, 0.00, 1.00, 0.00, 1.00, 0.00, 1.00, 0.00, 0.00, 0.00, 1.00
4747,  0,  158.200,  0.98,  1, 0.18, 0.00, 0.89, 0.21, 0.00, 0.01, 0.00, 0.00, 0.00, 0.18, 0.11, 0.99, 0.04, 0.00, 0.00, 0.00, 1.49, 0.00, 0.00, 1.00, 1.00, 0.00, 1.00, 0.00, 1.00, 0.00, 1.00, 0.00, 1.00, 0.00, 1.00, 0.00, 0.00, 0.00, 1.00
4748,  0,  158.233,  0.98,  1, 0.16, 0.00, 0.89, 0.21, 0.00, 0.00, 0.00, 0.00, 0.00, 0.14, 0.17, 1.00, 0.05, 0.00, 0.00, 0.00, 1.49, 0.00, 0.00, 1.00, 1.00, 0.00, 1.00, 0.00, 1.00, 0.00, 1.00, 1.00, 1.00, 0.00, 1.00, 0.00, 0.00, 0.00, 1.00
4749,  0,  158.267,  0.98,  1, 0.14, 0.00, 0.86, 0.28, 0.00, 0.00, 0.00, 0.00, 0.00, 0.21, 0.23, 1.02, 0.04, 0.00, 0.00, 0.00, 1.46, 0.00, 0.00, 1.00, 1.00, 0.00, 1.00, 0.00, 1.00, 0.00, 1.00, 1.00, 1.00, 0.00, 1.00, 0.00, 0.00, 0.00, 1.00
4750,  0,  158.300,  0.98,  1, 0.22, 0.00, 0.86, 0.30, 0.00, 0.00, 0.00, 0.00, 0.00, 0.30, 0.19, 1.07, 0.12, 0.00, 0.04, 0.00, 1.42, 0.00, 0.00, 1.00, 1.00, 0.00, 1.00, 0.00, 1.00, 0.00, 1.00, 1.00, 1.00, 0.00, 1.00, 0.00, 0.00, 0.00, 1.00
4751,  0,  158.333,  0.98,  1, 0.29, 0.00, 0.90, 0.40, 0.00, 0.02, 0.00, 0.00, 0.00, 0.40, 0.13, 1.05, 0.20, 0.00, 0.06, 0.00, 1.47, 0.00, 0.00, 1.00, 1.00, 0.00, 1.00, 0.00, 1.00, 0.00, 1.00, 1.00, 1.00, 0.00, 1.00, 0.00, 0.00, 0.00, 1.00
4752,  0,  158.367,  0.98,  1, 0.39, 0.00, 0.99, 0.35, 0.00, 0.02, 0.00, 0.00, 0.00, 0.32, 0.09, 1.06, 0.18, 0.00, 0.09, 0.00, 1.65, 0.00, 0.00, 1.00, 1.00, 0.00, 1.00, 0.00, 1.00, 0.00, 1.00, 1.00, 1.00, 0.00, 1.00, 0.00, 0.00, 0.00, 1.00
4753,  0,  158.400,  0.98,  1, 0.37, 0.00, 1.04, 0.24, 0.00, 0.02, 0.00, 0.00, 0.00, 0.31, 0.13, 0.95, 0.10, 0.00, 0.05, 0.00, 1.73, 0.00, 0.00, 1.00, 1.00, 0.00, 1.00, 0.00, 1.00, 0.00, 1.00, 1.00, 1.00, 0.00, 1.00, 0.00, 0.00, 0.00, 1.00
4754,  0,  158.433,  0.98,  1, 0.41, 0.00, 1.08, 0.07, 0.00, 0.00, 0.00, 0.00, 0.00, 0.26, 0.16, 0.89, 0.00, 0.00, 0.03, 0.00, 1.77, 0.00, 0.00, 1.00, 1.00, 0.00, 1.00, 0.00, 1.00, 0.00, 1.00, 1.00, 1.00, 0.00, 1.00, 0.00, 0.00, 0.00, 1.00
4755,  0,  158.467,  0.98,  1, 0.42, 0.00, 1.05, 0.00, 0.00, 0.00, 0.00, 0.00, 0.00, 0.37, 0.15, 0.88, 0.00, 0.00, 0.00, 0.00, 1.66, 0.00, 0.00, 1.00, 1.00, 0.00, 1.00, 0.00, 1.00, 0.00, 1.00, 1.00, 1.00, 0.00, 1.00, 0.00, 0.00, 0.00, 1.00
4756,  0,  158.500,  0.98,  1, 0.44, 0.00, 0.99, 0.00, 0.00, 0.00, 0.00, 0.00, 0.00, 0.41, 0.17, 0.90, 0.00, 0.00, 0.06, 0.00, 1.61, 0.00, 0.00, 1.00, 1.00, 0.00, 1.00, 0.00, 1.00, 0.00, 1.00, 1.00, 1.00, 0.00, 1.00, 0.00, 0.00, 0.00, 1.00
4757,  0,  158.533,  0.98,  1, 0.39, 0.00, 0.89, 0.00, 0.00, 0.00, 0.00, 0.00, 0.00, 0.45, 0.17, 0.91, 0.00, 0.00, 0.13, 0.00, 1.57, 0.00, 0.00, 1.00, 1.00, 0.00, 1.00, 0.00, 1.00, 0.00, 1.00, 1.00, 1.00, 0.00, 1.00, 0.00, 0.00, 0.00, 1.00
4758,  0,  158.567,  0.98,  1, 0.36, 0.00, 0.88, 0.00, 0.00, 0.00, 0.00, 0.00, 0.00, 0.46, 0.20, 0.91, 0.01, 0.00, 0.19, 0.00, 1.52, 0.00, 0.00, 1.00, 1.00, 0.00, 1.00, 0.00, 1.00, 0.00, 1.00, 1.00, 1.00, 0.00, 1.00, 0.00, 0.00, 0.00, 1.00
4759,  0,  158.600,  0.98,  1, 0.34, 0.00, 0.90, 0.00, 0.00, 0.00, 0.00, 0.00, 0.00, 0.41, 0.21, 0.92, 0.03, 0.00, 0.19, 0.00, 1.49, 0.00, 0.00, 1.00, 1.00, 0.00, 1.00, 0.00, 1.00, 0.00, 1.00, 1.00, 1.00, 0.00, 1.00, 0.00, 0.00, 0.00, 1.00
4760,  0,  158.633,  0.98,  1, 0.32, 0.00, 0.92, 0.00, 0.00, 0.00, 0.00, 0.00, 0.00, 0.40, 0.22, 0.89, 0.06, 0.00, 0.20, 0.00, 1.50, 0.00, 0.00, 1.00, 1.00, 0.00, 1.00, 0.00, 1.00, 0.00, 1.00, 1.00, 1.00, 0.00, 1.00, 0.00, 0.00, 0.00, 1.00
4761,  0,  158.667,  0.98,  1, 0.33, 0.00, 0.91, 0.00, 0.00, 0.00, 0.00, 0.00, 0.00, 0.36, 0.19, 0.87, 0.05, 0.00, 0.25, 0.00, 1.57, 0.00, 0.00, 1.00, 1.00, 0.00, 1.00, 0.00, 1.00, 0.00, 1.00, 1.00, 1.00, 0.00, 1.00, 0.00, 0.00, 0.00, 1.00
4762,  0,  158.700,  0.98,  1, 0.31, 0.00, 0.86, 0.02, 0.00, 0.00, 0.00, 0.00, 0.00, 0.51, 0.13, 0.94, 0.03, 0.00, 0.24, 0.00, 1.69, 0.00, 0.00, 1.00, 1.00, 0.00, 1.00, 0.00, 1.00, 0.00, 1.00, 1.00, 1.00, 0.00, 1.00, 0.00, 0.00, 0.00, 1.00
4763,  0,  158.733,  0.98,  1, 0.28, 0.00, 0.75, 0.02, 0.00, 0.01, 0.00, 0.00, 0.00, 0.66, 0.10, 1.04, 0.00, 0.00, 0.20, 0.00, 1.76, 0.00, 0.00, 1.00, 1.00, 0.00, 1.00, 0.00, 1.00, 0.00, 1.00, 1.00, 1.00, 0.00, 1.00, 0.00, 0.00, 0.00, 1.00
4764,  0,  158.767,  0.98,  1, 0.28, 0.00, 0.79, 0.04, 0.00, 0.01, 0.00, 0.00, 0.00, 0.67, 0.06, 1.12, 0.00, 0.00, 0.13, 0.00, 1.66, 0.00, 0.00, 1.00, 1.00, 0.00, 1.00, 0.00, 1.00, 0.00, 1.00, 1.00, 1.00, 0.00, 1.00, 0.00, 0.00, 0.00, 1.00
4765,  0,  158.800,  0.98,  1, 0.36, 0.00, 0.90, 0.03, 0.00, 0.01, 0.00, 0.00, 0.00, 0.50, 0.03, 1.09, 0.00, 0.00, 0.12, 0.00, 1.51, 0.00, 0.00, 1.00, 1.00, 0.00, 1.00, 0.00, 1.00, 0.00, 1.00, 1.00, 1.00, 0.00, 1.00, 0.00, 0.00, 0.00, 1.00
4766,  0,  158.833,  0.98,  1, 0.45, 0.00, 1.07, 0.03, 0.00, 0.00, 0.00, 0.00, 0.00, 0.35, 0.01, 1.03, 0.00, 0.00, 0.15, 0.00, 1.56, 0.00, 0.00, 1.00, 1.00, 0.00, 1.00, 0.00, 1.00, 0.00, 1.00, 1.00, 1.00, 0.00, 1.00, 0.00, 0.00, 0.00, 1.00
4767,  0,  158.867,  0.98,  1, 0.48, 0.00, 1.09, 0.12, 0.00, 0.00, 0.00, 0.00, 0.00, 0.34, 0.12, 0.97, 0.00, 0.00, 0.13, 0.00, 1.78, 0.00, 0.00, 1.00, 1.00, 0.00, 1.00, 0.00, 1.00, 0.00, 1.00, 1.00, 1.00, 0.00, 1.00, 0.00, 0.00, 0.00, 1.00
4768,  0,  158.900,  0.98,  1, 0.45, 0.00, 1.07, 0.19, 0.00, 0.00, 0.00, 0.00, 0.00, 0.33, 0.17, 0.92, 0.00, 0.00, 0.21, 0.00, 2.11, 0.00, 0.00, 1.00, 1.00, 0.00, 1.00, 0.00, 1.00, 0.00, 1.00, 1.00, 1.00, 0.00, 1.00, 0.00, 0.00, 0.00, 1.00
4769,  0,  158.933,  0.98,  1, 0.51, 0.00, 1.08, 0.34, 0.00, 0.00, 0.00, 0.00, 0.00, 0.29, 0.17, 0.88, 0.00, 0.00, 0.24, 0.00, 2.29, 0.00, 0.00, 1.00, 1.00, 0.00, 1.00, 0.00, 1.00, 0.00, 1.00, 1.00, 1.00, 0.00, 1.00, 0.00, 0.00, 0.00, 1.00
4770,  0,  158.967,  0.98,  1, 0.57, 0.00, 1.07, 0.35, 0.00, 0.09, 0.00, 0.00, 0.00, 0.31, 0.06, 0.85, 0.01, 0.00, 0.28, 0.00, 2.63, 0.00, 0.00, 1.00, 1.00, 0.00, 1.00, 0.00, 1.00, 0.00, 1.00, 1.00, 1.00, 0.00, 1.00, 0.00, 0.00, 0.00, 1.00
4771,  0,  159.000,  0.98,  1, 0.56, 0.00, 1.14, 0.41, 0.00, 0.33, 0.00, 0.00, 0.00, 0.36, 0.02, 0.88, 0.01, 0.00, 0.22, 0.00, 2.50, 0.00, 0.00, 1.00, 1.00, 0.00, 1.00, 0.00, 1.00, 0.00, 1.00, 1.00, 1.00, 0.00, 1.00, 0.00, 0.00, 0.00, 1.00
4772,  0,  159.033,  0.98,  1, 0.45, 0.00, 1.23, 0.36, 0.00, 0.72, 0.00, 0.00, 0.00, 0.45, 0.02, 0.88, 0.06, 0.00, 0.12, 0.00, 2.15, 0.00, 0.00, 1.00, 1.00, 0.00, 1.00, 0.00, 1.00, 0.00, 1.00, 1.00, 1.00, 0.00, 1.00, 0.00, 0.00, 0.00, 1.00
4773,  0,  159.067,  0.98,  1, 0.34, 0.00, 1.33, 0.24, 0.00, 1.18, 0.00, 0.00, 0.00, 0.44, 0.09, 0.93, 0.06, 0.00, 0.06, 0.00, 1.44, 0.00, 0.00, 1.00, 1.00, 0.00, 1.00, 0.00, 1.00, 0.00, 1.00, 1.00, 1.00, 0.00, 1.00, 0.00, 0.00, 0.00, 1.00
4774,  0,  159.100,  0.98,  1, 0.32, 0.00, 1.43, 0.10, 0.00, 1.36, 0.00, 0.00, 0.00, 0.50, 0.07, 0.92, 0.06, 0.00, 0.01, 0.00, 0.77, 0.00, 0.00, 1.00, 0.00, 0.00, 1.00, 0.00, 1.00, 0.00, 1.00, 1.00, 1.00, 0.00, 1.00, 0.00, 0.00, 0.00, 1.00
4775,  0,  159.133,  0.98,  1, 0.32, 0.00, 1.42, 0.00, 0.00, 1.39, 0.00, 0.00, 0.00, 0.55, 0.07, 0.96, 0.01, 0.01, 0.01, 0.00, 0.29, 0.00, 0.00, 1.00, 0.00, 0.00, 1.00, 0.00, 1.00, 0.00, 1.00, 1.00, 1.00, 0.00, 1.00, 0.00, 0.00, 0.00, 1.00
4776,  0,  159.167,  0.98,  1, 0.22, 0.00, 1.30, 0.00, 0.00, 1.24, 0.00, 0.00, 0.00, 0.61, 0.00, 1.03, 0.00, 0.07, 0.00, 0.00, 0.00, 0.00, 0.00, 1.00, 0.00, 0.00, 1.00, 0.00, 1.00, 0.00, 1.00, 1.00, 1.00, 0.00, 1.00, 0.00, 0.00, 0.00, 1.00
4777,  0,  159.200,  0.98,  1, 0.10, 0.00, 1.14, 0.00, 0.00, 1.06, 0.00, 0.00, 0.00, 0.62, 0.00, 1.14, 0.00, 0.13, 0.00, 0.00, 0.00, 0.00, 0.00, 1.00, 0.00, 0.00, 1.00, 0.00, 1.00, 0.00, 1.00, 1.00, 1.00, 0.00, 1.00, 0.00, 0.00, 0.00, 0.00
4778,  0,  159.233,  0.98,  1, 0.00, 0.00, 1.04, 0.00, 0.00, 0.85, 0.00, 0.00, 0.00, 0.61, 0.00, 1.17, 0.00, 0.15, 0.00, 0.00, 0.00, 0.00, 0.00, 1.00, 1.00, 0.00, 1.00, 0.00, 1.00, 0.00, 1.00, 1.00, 1.00, 0.00, 1.00, 0.00, 0.00, 0.00, 0.00
4779,  0,  159.267,  0.98,  1, 0.00, 0.00, 0.94, 0.00, 0.00, 0.59, 0.00, 0.00, 0.00, 0.68, 0.00, 1.14, 0.00, 0.15, 0.00, 0.00, 0.00, 0.00, 0.00, 1.00, 1.00, 0.00, 1.00, 0.00, 1.00, 0.00, 1.00, 1.00, 1.00, 0.00, 1.00, 0.00, 0.00, 0.00, 0.00
4780,  0,  159.300,  0.98,  1, 0.00, 0.00, 0.99, 0.00, 0.00, 0.63, 0.00, 0.00, 0.00, 0.68, 0.00, 1.02, 0.00, 0.12, 0.00, 0.07, 0.00, 0.00, 0.00, 1.00, 1.00, 0.00, 1.00, 0.00, 1.00, 0.00, 1.00, 1.00, 1.00, 0.00, 1.00, 0.00, 0.00, 0.00, 0.00
4781,  0,  159.333,  0.98,  1, 0.00, 0.00, 1.02, 0.00, 0.00, 0.57, 0.00, 0.00, 0.00, 0.69, 0.00, 1.00, 0.00, 0.13, 0.00, 0.07, 0.00, 0.00, 0.00, 1.00, 1.00, 0.00, 1.00, 0.00, 0.00, 0.00, 1.00, 1.00, 1.00, 0.00, 1.00, 0.00, 0.00, 0.00, 0.00
4782,  0,  159.367,  0.98,  1, 0.04, 0.00, 1.13, 0.00, 0.00, 0.63, 0.00, 0.00, 0.00, 0.71, 0.00, 1.03, 0.00, 0.13, 0.00, 0.07, 0.00, 0.00, 0.00, 1.00, 1.00, 0.00, 1.00, 0.00, 0.00, 0.00, 1.00, 1.00, 1.00, 0.00, 1.00, 0.00, 0.00, 0.00, 0.00
4783,  0,  159.400,  0.98,  1, 0.05, 0.00, 1.09, 0.00, 0.00, 0.53, 0.00, 0.00, 0.00, 0.77, 0.00, 1.07, 0.00, 0.13, 0.00, 0.00, 0.00, 0.00, 0.00, 1.00, 1.00, 0.00, 1.00, 0.00, 0.00, 0.00, 1.00, 1.00, 1.00, 0.00, 1.00, 0.00, 0.00, 0.00, 0.00
4784,  0,  159.433,  0.98,  1, 0.07, 0.03, 1.06, 0.00, 0.00, 0.60, 0.00, 0.00, 0.00, 0.88, 0.00, 1.04, 0.00, 0.14, 0.00, 0.00, 0.00, 0.00, 0.00, 1.00, 1.00, 0.00, 1.00, 0.00, 0.00, 0.00, 1.00, 1.00, 1.00, 0.00, 1.00, 0.00, 0.00, 0.00, 0.00
4785,  0,  159.467,  0.98,  1, 0.04, 0.03, 1.07, 0.00, 0.00, 0.67, 0.00, 0.00, 0.00, 0.93, 0.00, 0.94, 0.00, 0.14, 0.00, 0.00, 0.00, 0.00, 0.00, 1.00, 1.00, 0.00, 1.00, 0.00, 0.00, 0.00, 1.00, 1.00, 1.00, 0.00, 1.00, 0.00, 0.00, 0.00, 0.00
4786,  0,  159.500,  0.98,  1, 0.02, 0.03, 0.99, 0.00, 0.00, 0.76, 0.00, 0.00, 0.00, 0.82, 0.00, 0.88, 0.00, 0.14, 0.00, 0.00, 0.00, 0.00, 0.00, 1.00, 1.00, 0.00, 1.00, 0.00, 0.00, 0.00, 1.00, 1.00, 1.00, 0.00, 1.00, 0.00, 0.00, 0.00, 0.00
4787,  0,  159.533,  0.98,  1, 0.00, 0.00, 0.95, 0.00, 0.00, 0.82, 0.00, 0.00, 0.00, 0.73, 0.03, 0.88, 0.00, 0.10, 0.00, 0.00, 0.00, 0.00, 0.00, 1.00, 1.00, 0.00, 1.00, 0.00, 0.00, 0.00, 1.00, 1.00, 1.00, 0.00, 1.00, 0.00, 0.00, 0.00, 0.00
4788,  0,  159.567,  0.98,  1, 0.05, 0.00, 0.87, 0.00, 0.00, 0.72, 0.00, 0.00, 0.00, 0.46, 0.03, 1.03, 0.00, 0.10, 0.01, 0.00, 0.00, 0.00, 0.00, 1.00, 1.00, 0.00, 1.00, 0.00, 0.00, 0.00, 1.00, 1.00, 1.00, 0.00, 1.00, 0.00, 0.00, 0.00, 0.00
4789,  0,  159.600,  0.98,  1, 0.11, 0.00, 0.91, 0.00, 0.00, 0.63, 0.00, 0.00, 0.00, 0.34, 0.03, 1.17, 0.00, 0.12, 0.03, 0.00, 0.00, 0.00, 0.00, 1.00, 1.00, 0.00, 1.00, 0.00, 0.00, 0.00, 1.00, 1.00, 1.00, 0.00, 1.00, 0.00, 0.00, 0.00, 0.00
4790,  0,  159.633,  0.98,  1, 0.11, 0.00, 0.88, 0.00, 0.00, 0.45, 0.00, 0.00, 0.00, 0.19, 0.00, 1.30, 0.00, 0.15, 0.05, 0.00, 0.00, 0.00, 0.00, 1.00, 1.00, 0.00, 1.00, 0.00, 0.00, 0.00, 1.00, 1.00, 1.00, 0.00, 1.00, 0.00, 0.00, 0.00, 0.00
4791,  0,  159.667,  0.98,  1, 0.08, 0.00, 0.88, 0.00, 0.00, 0.42, 0.00, 0.00, 0.00, 0.22, 0.00, 1.34, 0.00, 0.14, 0.06, 0.00, 0.00, 0.00, 0.00, 1.00, 1.00, 0.00, 1.00, 0.00, 0.00, 0.00, 1.00, 1.00, 1.00, 0.00, 1.00, 0.00, 0.00, 0.00, 0.00
4792,  0,  159.700,  0.98,  1, 0.02, 0.00, 0.84, 0.00, 0.00, 0.31, 0.00, 0.00, 0.00, 0.20, 0.00, 1.36, 0.00, 0.14, 0.08, 0.00, 0.00, 0.00, 0.00, 1.00, 1.00, 0.00, 1.00, 0.00, 0.00, 0.00, 1.00, 1.00, 1.00, 0.00, 1.00, 0.00, 0.00, 0.00, 0.00
4793,  0,  159.733,  0.98,  1, 0.06, 0.00, 0.85, 0.00, 0.00, 0.22, 0.00, 0.00, 0.00, 0.15, 0.02, 1.30, 0.00, 0.14, 0.19, 0.00, 0.00, 0.00, 0.00, 1.00, 1.00, 0.00, 1.00, 0.00, 0.00, 0.00, 1.00, 1.00, 1.00, 0.00, 1.00, 0.00, 0.00, 0.00, 0.00
4794,  0,  159.767,  0.98,  1, 0.11, 0.00, 0.84, 0.00, 0.00, 0.07, 0.00, 0.00, 0.00, 0.12, 0.07, 1.23, 0.00, 0.14, 0.28, 0.00, 0.00, 0.00, 0.00, 1.00, 1.00, 0.00, 1.00, 0.00, 0.00, 0.00, 1.00, 1.00, 1.00, 0.00, 1.00, 0.00, 0.00, 0.00, 0.00
4795,  0,  159.800,  0.98,  1, 0.17, 0.00, 0.80, 0.00, 0.00, 0.02, 0.00, 0.00, 0.00, 0.16, 0.07, 1.19, 0.00, 0.13, 0.32, 0.00, 0.00, 0.00, 0.00, 1.00, 1.00, 0.00, 1.00, 0.00, 0.00, 0.00, 1.00, 1.00, 1.00, 0.00, 1.00, 0.00, 0.00, 0.00, 0.00
4796,  0,  159.833,  0.98,  1, 0.22, 0.00, 0.80, 0.00, 0.00, 0.12, 0.00, 0.00, 0.00, 0.20, 0.05, 1.25, 0.00, 0.13, 0.22, 0.00, 0.00, 0.00, 0.00, 1.00, 1.00, 0.00, 1.00, 0.00, 0.00, 0.00, 1.00, 1.00, 1.00, 0.00, 1.00, 0.00, 0.00, 0.00, 0.00
4797,  0,  159.867,  0.98,  1, 0.20, 0.00, 0.83, 0.00, 0.00, 0.35, 0.00, 0.00, 0.00, 0.21, 0.00, 1.27, 0.00, 0.11, 0.14, 0.00, 0.00, 0.00, 0.00, 1.00, 1.00, 0.00, 0.00, 0.00, 0.00, 0.00, 1.00, 1.00, 1.00, 0.00, 1.00, 0.00, 0.00, 0.00, 0.00
4798,  0,  159.900,  0.98,  1, 0.22, 0.00, 0.88, 0.00, 0.00, 0.37, 0.00, 0.00, 0.00, 0.26, 0.00, 1.22, 0.00, 0.15, 0.15, 0.01, 0.00, 0.00, 0.00, 1.00, 1.00, 0.00, 0.00, 0.00, 0.00, 0.00, 1.00, 1.00, 1.00, 0.00, 1.00, 0.00, 0.00, 0.00, 0.00
4799,  0,  159.933,  0.98,  1, 0.15, 0.00, 0.83, 0.00, 0.00, 0.29, 0.00, 0.00, 0.00, 0.36, 0.00, 1.10, 0.00, 0.15, 0.20, 0.01, 0.00, 0.00, 0.00, 1.00, 1.00, 0.00, 1.00, 0.00, 0.00, 0.00, 1.00, 1.00, 1.00, 0.00, 1.00, 0.00, 0.00, 0.00, 0.00
4800,  0,  159.967,  0.98,  1, 0.19, 0.00, 0.85, 0.00, 0.00, 0.36, 0.00, 0.00, 0.00, 0.40, 0.00, 0.97, 0.00, 0.12, 0.17, 0.01, 0.00, 0.00, 0.00, 1.00, 1.00, 0.00, 1.00, 0.00, 0.00, 0.00, 1.00, 1.00, 1.00, 0.00, 1.00, 0.00, 0.00, 0.00, 0.00
4801,  0,  160.000,  0.98,  1, 0.14, 0.00, 0.90, 0.00, 0.00, 0.57, 0.00, 0.00, 0.00, 0.45, 0.00, 0.95, 0.00, 0.04, 0.14, 0.00, 0.20, 0.00, 0.00, 1.00, 1.00, 0.00, 1.00, 0.00, 0.00, 0.00, 1.00, 1.00, 1.00, 0.00, 1.00, 0.00, 0.00, 0.00, 0.00
4802,  0,  160.033,  0.98,  1, 0.12, 0.00, 0.99, 0.00, 0.00, 0.59, 0.00, 0.00, 0.00, 0.41, 0.00, 0.93, 0.00, 0.00, 0.09, 0.00, 0.56, 0.00, 0.00, 1.00, 1.00, 0.00, 1.00, 0.00, 0.00, 0.00, 1.00, 1.00, 1.00, 0.00, 1.00, 0.00, 0.00, 0.00, 1.00
4803,  0,  160.067,  0.98,  1, 0.06, 0.00, 1.00, 0.03, 0.00, 0.34, 0.00, 0.00, 0.00, 0.55, 0.00, 0.92, 0.00, 0.00, 0.16, 0.00, 0.86, 0.00, 0.00, 1.00, 1.00, 0.00, 1.00, 0.00, 0.00, 0.00, 1.00, 1.00, 1.00, 0.00, 1.00, 0.00, 0.00, 0.00, 1.00
4804,  0,  160.100,  0.98,  1, 0.11, 0.00, 1.02, 0.06, 0.00, 0.15, 0.00, 0.00, 0.00, 0.57, 0.03, 0.87, 0.00, 0.00, 0.18, 0.00, 0.91, 0.00, 1.00, 1.00, 1.00, 0.00, 1.00, 0.00, 0.00, 0.00, 1.00, 1.00, 1.00, 0.00, 1.00, 0.00, 0.00, 0.00, 1.00
4805,  0,  160.133,  0.98,  1, 0.16, 0.00, 0.99, 0.06, 0.00, 0.10, 0.00, 0.00, 0.00, 0.68, 0.03, 0.79, 0.00, 0.00, 0.22, 0.00, 0.88, 0.00, 1.00, 1.00, 1.00, 0.00, 1.00, 0.00, 0.00, 0.00, 1.00, 1.00, 1.00, 0.00, 1.00, 0.00, 0.00, 0.00, 1.00
4806,  0,  160.167,  0.98,  1, 0.23, 0.00, 0.95, 0.03, 0.00, 0.06, 0.00, 0.00, 0.00, 0.68, 0.06, 0.71, 0.00, 0.00, 0.24, 0.00, 0.96, 0.00, 1.00, 1.00, 1.00, 0.00, 1.00, 0.00, 0.00, 0.00, 1.00, 1.00, 1.00, 0.00, 1.00, 0.00, 0.00, 0.00, 1.00
4807,  0,  160.200,  0.98,  1, 0.23, 0.00, 0.88, 0.04, 0.00, 0.01, 0.00, 0.00, 0.00, 0.67, 0.12, 0.68, 0.00, 0.00, 0.23, 0.00, 1.14, 0.00, 1.00, 1.00, 1.00, 0.00, 1.00, 0.00, 0.00, 0.00, 1.00, 1.00, 1.00, 0.00, 1.00, 0.00, 0.00, 0.00, 1.00
4808,  0,  160.233,  0.98,  1, 0.28, 0.00, 0.90, 0.05, 0.00, 0.08, 0.00, 0.00, 0.00, 0.68, 0.21, 0.68, 0.00, 0.00, 0.21, 0.00, 1.23, 0.00, 0.00, 1.00, 1.00, 0.00, 1.00, 0.00, 0.00, 0.00, 1.00, 1.00, 1.00, 0.00, 1.00, 0.00, 0.00, 0.00, 1.00
4809,  0,  160.267,  0.98,  1, 0.20, 0.00, 0.88, 0.05, 0.00, 0.12, 0.00, 0.00, 0.00, 0.67, 0.21, 0.69, 0.00, 0.00, 0.19, 0.00, 1.34, 0.00, 0.00, 1.00, 1.00, 0.00, 1.00, 0.00, 0.00, 0.00, 1.00, 1.00, 1.00, 0.00, 1.00, 0.00, 0.00, 0.00, 1.00
4810,  0,  160.300,  0.98,  1, 0.18, 0.00, 0.84, 0.03, 0.00, 0.17, 0.00, 0.00, 0.00, 0.54, 0.20, 0.77, 0.00, 0.00, 0.20, 0.00, 1.30, 0.00, 0.00, 1.00, 1.00, 0.00, 1.00, 0.00, 0.00, 0.00, 1.00, 1.00, 1.00, 0.00, 1.00, 0.00, 0.00, 0.00, 1.00
4811,  0,  160.333,  0.98,  1, 0.15, 0.00, 0.80, 0.03, 0.00, 0.22, 0.00, 0.00, 0.00, 0.48, 0.23, 0.88, 0.00, 0.00, 0.19, 0.00, 1.29, 0.00, 0.00, 1.00, 1.00, 0.00, 1.00, 0.00, 0.00, 0.00, 1.00, 1.00, 1.00, 0.00, 1.00, 0.00, 0.00, 0.00, 1.00
4812,  0,  160.367,  0.98,  1, 0.26, 0.00, 0.78, 0.03, 0.00, 0.18, 0.00, 0.00, 0.00, 0.50, 0.27, 1.14, 0.00, 0.00, 0.12, 0.00, 1.26, 0.00, 0.00, 1.00, 0.00, 0.00, 1.00, 0.00, 0.00, 0.00, 1.00, 1.00, 1.00, 0.00, 1.00, 0.00, 0.00, 0.00, 1.00
4813,  0,  160.400,  0.98,  1, 0.40, 0.00, 0.81, 0.01, 0.00, 0.13, 0.00, 0.00, 0.00, 0.69, 0.19, 1.18, 0.00, 0.00, 0.05, 0.00, 1.36, 0.00, 0.00, 1.00, 0.00, 0.00, 1.00, 0.00, 1.00, 0.00, 1.00, 1.00, 1.00, 0.00, 1.00, 0.00, 0.00, 0.00, 1.00
4814,  0,  160.433,  0.98,  1, 0.50, 0.00, 0.80, 0.00, 0.00, 0.00, 0.00, 0.00, 0.00, 0.72, 0.08, 1.17, 0.00, 0.00, 0.00, 0.00, 1.43, 0.00, 0.00, 1.00, 0.00, 0.00, 1.00, 0.00, 1.00, 0.00, 1.00, 1.00, 1.00, 0.00, 1.00, 0.00, 0.00, 0.00, 1.00
4815,  0,  160.467,  0.98,  1, 0.52, 0.00, 0.77, 0.00, 0.00, 0.01, 0.00, 0.00, 0.00, 0.68, 0.08, 1.07, 0.00, 0.00, 0.02, 0.00, 1.41, 0.00, 0.00, 1.00, 0.00, 0.00, 1.00, 0.00, 1.00, 0.00, 1.00, 1.00, 1.00, 0.00, 1.00, 0.00, 0.00, 0.00, 1.00
4816,  0,  160.500,  0.98,  1, 0.47, 0.00, 0.74, 0.00, 0.00, 0.01, 0.00, 0.00, 0.00, 0.60, 0.21, 1.03, 0.00, 0.00, 0.05, 0.00, 1.40, 0.00, 0.00, 1.00, 0.00, 0.00, 1.00, 0.00, 1.00, 0.00, 1.00, 1.00, 1.00, 0.00, 1.00, 0.00, 0.00, 0.00, 1.00
4817,  0,  160.533,  0.98,  1, 0.47, 0.00, 0.76, 0.00, 0.00, 0.01, 0.00, 0.00, 0.00, 0.56, 0.35, 0.99, 0.00, 0.00, 0.11, 0.00, 1.40, 0.00, 0.00, 1.00, 0.00, 0.00, 1.00, 0.00, 1.00, 0.00, 1.00, 1.00, 1.00, 0.00, 1.00, 0.00, 0.00, 0.00, 1.00
4818,  0,  160.567,  0.98,  1, 0.48, 0.00, 0.82, 0.00, 0.00, 0.00, 0.00, 0.00, 0.00, 0.47, 0.50, 0.93, 0.00, 0.00, 0.15, 0.00, 1.47, 0.00, 0.00, 1.00, 0.00, 0.00, 1.00, 0.00, 1.00, 0.00, 1.00, 1.00, 1.00, 0.00, 1.00, 0.00, 0.00, 0.00, 1.00
4819,  0,  160.600,  0.98,  1, 0.50, 0.00, 0.84, 0.00, 0.00, 0.00, 0.00, 0.00, 0.00, 0.39, 0.51, 0.86, 0.00, 0.00, 0.21, 0.00, 1.46, 0.00, 0.00, 1.00, 0.00, 0.00, 1.00, 0.00, 1.00, 0.00, 1.00, 1.00, 1.00, 0.00, 1.00, 0.00, 0.00, 0.00, 1.00
4820,  0,  160.633,  0.98,  1, 0.50, 0.00, 0.85, 0.00, 0.00, 0.00, 0.00, 0.00, 0.00, 0.32, 0.56, 0.82, 0.00, 0.00, 0.23, 0.00, 1.48, 0.00, 0.00, 1.00, 0.00, 0.00, 1.00, 0.00, 0.00, 0.00, 1.00, 1.00, 1.00, 0.00, 1.00, 0.00, 0.00, 0.00, 1.00
4821,  0,  160.667,  0.98,  1, 0.53, 0.00, 0.87, 0.00, 0.00, 0.00, 0.00, 0.00, 0.00, 0.24, 0.52, 0.78, 0.00, 0.00, 0.26, 0.00, 1.50, 0.00, 0.00, 1.00, 0.00, 0.00, 1.00, 0.00, 0.00, 0.00, 1.00, 1.00, 1.00, 0.00, 1.00, 0.00, 0.00, 0.00, 1.00
4822,  0,  160.700,  0.98,  1, 0.43, 0.00, 0.97, 0.00, 0.00, 0.00, 0.00, 0.00, 0.00, 0.19, 0.37, 0.81, 0.00, 0.00, 0.29, 0.00, 1.59, 0.00, 0.00, 1.00, 0.00, 0.00, 1.00, 0.00, 0.00, 0.00, 1.00, 1.00, 1.00, 0.00, 1.00, 0.00, 0.00, 0.00, 1.00
4823,  0,  160.733,  0.98,  1, 0.36, 0.00, 1.04, 0.00, 0.00, 0.00, 0.00, 0.00, 0.00, 0.14, 0.20, 0.82, 0.00, 0.00, 0.35, 0.00, 1.66, 0.00, 0.00, 1.00, 0.00, 0.00, 1.00, 0.00, 0.00, 0.00, 1.00, 1.00, 1.00, 0.00, 1.00, 0.00, 0.00, 0.00, 1.00
4824,  0,  160.767,  0.98,  1, 0.29, 0.00, 1.04, 0.00, 0.00, 0.00, 0.00, 0.00, 0.00, 0.11, 0.02, 0.88, 0.09, 0.00, 0.27, 0.00, 1.63, 0.00, 0.00, 1.00, 0.00, 0.00, 1.00, 0.00, 0.00, 0.00, 1.00, 1.00, 1.00, 0.00, 1.00, 0.00, 0.00, 0.00, 1.00
4825,  0,  160.800,  0.98,  1, 0.33, 0.00, 0.96, 0.07, 0.00, 0.04, 0.00, 0.00, 0.00, 0.14, 0.05, 0.83, 0.17, 0.00, 0.18, 0.00, 1.56, 0.00, 0.00, 1.00, 0.00, 0.00, 1.00, 0.00, 0.00, 0.00, 1.00, 1.00, 1.00, 0.00, 1.00, 0.00, 0.00, 0.00, 1.00
4826,  0,  160.833,  0.98,  1, 0.33, 0.00, 0.86, 0.09, 0.00, 0.04, 0.00, 0.00, 0.00, 0.22, 0.10, 0.84, 0.31, 0.00, 0.05, 0.00, 1.52, 0.00, 0.00, 1.00, 0.00, 0.00, 1.00, 0.00, 0.00, 0.00, 1.00, 1.00, 1.00, 0.00, 1.00, 0.00, 0.00, 0.00, 1.00
4827,  0,  160.867,  0.98,  1, 0.21, 0.00, 0.85, 0.10, 0.00, 0.08, 0.00, 0.00, 0.00, 0.30, 0.14, 0.82, 0.32, 0.00, 0.09, 0.00, 1.53, 0.00, 0.00, 1.00, 0.00, 0.00, 1.00, 0.00, 0.00, 0.00, 1.00, 1.00, 1.00, 0.00, 1.00, 0.00, 0.00, 0.00, 1.00
4828,  0,  160.900,  0.98,  1, 0.17, 0.00, 0.83, 0.03, 0.00, 0.06, 0.00, 0.00, 0.00, 0.32, 0.13, 0.87, 0.35, 0.00, 0.11, 0.00, 1.51, 0.00, 0.00, 1.00, 0.00, 0.00, 1.00, 0.00, 0.00, 0.00, 1.00, 1.00, 1.00, 0.00, 1.00, 0.00, 0.00, 0.00, 1.00
4829,  0,  160.933,  0.98,  1, 0.18, 0.00, 0.89, 0.07, 0.00, 0.10, 0.00, 0.00, 0.00, 0.29, 0.09, 0.86, 0.27, 0.00, 0.15, 0.00, 1.43, 0.00, 0.00, 1.00, 0.00, 0.00, 1.00, 0.00, 0.00, 0.00, 1.00, 1.00, 1.00, 0.00, 1.00, 0.00, 0.00, 0.00, 1.00
4830,  0,  160.967,  0.98,  1, 0.25, 0.00, 0.91, 0.08, 0.00, 0.06, 0.00, 0.00, 0.00, 0.35, 0.06, 0.87, 0.26, 0.00, 0.17, 0.00, 1.36, 0.00, 0.00, 1.00, 0.00, 0.00, 1.00, 0.00, 0.00, 0.00, 1.00, 1.00, 1.00, 0.00, 1.00, 0.00, 0.00, 0.00, 1.00
4831,  0,  161.000,  0.98,  1, 0.26, 0.00, 0.93, 0.08, 0.00, 0.04, 0.00, 0.00, 0.00, 0.36, 0.02, 0.87, 0.24, 0.00, 0.21, 0.00, 1.29, 0.00, 0.00, 1.00, 0.00, 0.00, 1.00, 0.00, 0.00, 0.00, 1.00, 1.00, 1.00, 0.00, 1.00, 0.00, 0.00, 0.00, 1.00
4832,  0,  161.033,  0.98,  1, 0.26, 0.00, 0.91, 0.02, 0.00, 0.00, 0.00, 0.00, 0.00, 0.39, 0.02, 0.91, 0.24, 0.00, 0.22, 0.00, 1.25, 0.00, 0.00, 1.00, 0.00, 0.00, 1.00, 0.00, 0.00, 0.00, 1.00, 1.00, 1.00, 0.00, 1.00, 0.00, 0.00, 0.00, 1.00
4833,  0,  161.067,  0.98,  1, 0.26, 0.00, 0.86, 0.00, 0.00, 0.00, 0.00, 0.00, 0.00, 0.34, 0.01, 0.88, 0.26, 0.00, 0.22, 0.00, 1.24, 0.00, 0.00, 1.00, 0.00, 0.00, 1.00, 0.00, 0.00, 0.00, 1.00, 1.00, 1.00, 0.00, 1.00, 0.00, 0.00, 0.00, 1.00
4834,  0,  161.100,  0.98,  1, 0.27, 0.00, 0.88, 0.00, 0.00, 0.00, 0.00, 0.00, 0.00, 0.43, 0.01, 0.79, 0.18, 0.00, 0.15, 0.00, 1.27, 0.00, 0.00, 1.00, 0.00, 0.00, 1.00, 0.00, 0.00, 0.00, 1.00, 1.00, 1.00, 0.00, 1.00, 0.00, 0.00, 0.00, 1.00
4835,  0,  161.133,  0.98,  1, 0.27, 0.00, 0.88, 0.02, 0.00, 0.00, 0.00, 0.00, 0.00, 0.52, 0.01, 0.71, 0.17, 0.00, 0.10, 0.00, 1.36, 0.00, 0.00, 1.00, 0.00, 0.00, 1.00, 0.00, 0.00, 0.00, 1.00, 1.00, 1.00, 0.00, 1.00, 0.00, 0.00, 0.00, 1.00
4836,  0,  161.167,  0.98,  1, 0.31, 0.00, 0.86, 0.02, 0.00, 0.00, 0.00, 0.00, 0.00, 0.49, 0.04, 0.77, 0.08, 0.00, 0.04, 0.00, 1.43, 0.00, 0.00, 1.00, 0.00, 0.00, 1.00, 0.00, 0.00, 0.00, 1.00, 1.00, 1.00, 0.00, 1.00, 0.00, 0.00, 0.00, 1.00
4837,  0,  161.200,  0.98,  1, 0.34, 0.00, 0.80, 0.02, 0.00, 0.00, 0.00, 0.00, 0.00, 0.35, 0.09, 0.89, 0.06, 0.00, 0.04, 0.00, 1.45, 0.00, 0.00, 1.00, 0.00, 0.00, 1.00, 0.00, 0.00, 0.00, 1.00, 1.00, 1.00, 0.00, 1.00, 0.00, 0.00, 0.00, 1.00
4838,  0,  161.233,  0.98,  1, 0.36, 0.00, 0.76, 0.00, 0.00, 0.00, 0.00, 0.00, 0.00, 0.25, 0.13, 0.95, 0.04, 0.00, 0.01, 0.00, 1.38, 0.00, 0.00, 1.00, 0.00, 0.00, 1.00, 0.00, 0.00, 0.00, 1.00, 1.00, 1.00, 0.00, 1.00, 0.00, 0.00, 0.00, 1.00
4839,  0,  161.267,  0.98,  1, 0.33, 0.00, 0.76, 0.00, 0.00, 0.00, 0.00, 0.00, 0.00, 0.32, 0.13, 0.87, 0.08, 0.00, 0.00, 0.00, 1.38, 0.00, 0.00, 1.00, 0.00, 0.00, 1.00, 0.00, 0.00, 0.00, 1.00, 1.00, 1.00, 0.00, 1.00, 0.00, 0.00, 0.00, 1.00
4840,  0,  161.300,  0.98,  1, 0.36, 0.00, 0.78, 0.00, 0.00, 0.00, 0.00, 0.00, 0.00, 0.42, 0.12, 0.82, 0.12, 0.00, 0.05, 0.00, 1.38, 0.00, 0.00, 1.00, 0.00, 0.00, 1.00, 0.00, 0.00, 0.00, 1.00, 1.00, 1.00, 0.00, 1.00, 0.00, 0.00, 0.00, 1.00
4841,  0,  161.333,  0.98,  1, 0.36, 0.00, 0.79, 0.00, 0.00, 0.00, 0.00, 0.00, 0.00, 0.53, 0.15, 0.80, 0.09, 0.00, 0.12, 0.00, 1.51, 0.00, 0.00, 1.00, 0.00, 0.00, 1.00, 0.00, 0.00, 0.00, 1.00, 1.00, 1.00, 0.00, 1.00, 0.00, 0.00, 0.00, 1.00
4842,  0,  161.367,  0.98,  1, 0.40, 0.00, 0.85, 0.00, 0.00, 0.00, 0.00, 0.00, 0.00, 0.56, 0.13, 0.82, 0.05, 0.00, 0.18, 0.00, 1.50, 0.00, 0.00, 1.00, 0.00, 0.00, 1.00, 0.00, 0.00, 0.00, 1.00, 1.00, 1.00, 0.00, 1.00, 0.00, 0.00, 0.00, 1.00
4843,  0,  161.400,  0.98,  1, 0.37, 0.00, 0.83, 0.00, 0.00, 0.00, 0.00, 0.00, 0.00, 0.53, 0.10, 0.83, 0.01, 0.00, 0.18, 0.00, 1.58, 0.00, 0.00, 1.00, 0.00, 0.00, 1.00, 0.00, 0.00, 0.00, 1.00, 1.00, 1.00, 0.00, 1.00, 0.00, 0.00, 0.00, 1.00
4844,  0,  161.433,  0.98,  1, 0.37, 0.00, 0.80, 0.00, 0.00, 0.00, 0.00, 0.00, 0.00, 0.50, 0.08, 0.83, 0.03, 0.00, 0.15, 0.00, 1.56, 0.00, 0.00, 1.00, 0.00, 0.00, 1.00, 0.00, 0.00, 0.00, 1.00, 1.00, 1.00, 0.00, 1.00, 0.00, 0.00, 0.00, 1.00
4845,  0,  161.467,  0.98,  1, 0.37, 0.00, 0.82, 0.02, 0.00, 0.09, 0.00, 0.00, 0.00, 0.45, 0.18, 0.80, 0.04, 0.00, 0.14, 0.00, 1.63, 0.00, 0.00, 1.00, 0.00, 0.00, 1.00, 0.00, 0.00, 0.00, 1.00, 1.00, 1.00, 0.00, 1.00, 0.00, 0.00, 0.00, 1.00
4846,  0,  161.500,  0.98,  1, 0.26, 0.00, 0.82, 0.02, 0.00, 0.09, 0.00, 0.00, 0.00, 0.31, 0.21, 0.88, 0.04, 0.00, 0.09, 0.00, 1.67, 0.00, 0.00, 1.00, 0.00, 0.00, 1.00, 0.00, 0.00, 0.00, 1.00, 1.00, 1.00, 0.00, 1.00, 0.00, 0.00, 0.00, 1.00
4847,  0,  161.533,  0.98,  1, 0.15, 0.00, 0.92, 0.02, 0.00, 0.34, 0.00, 0.00, 0.00, 0.20, 0.16, 0.95, 0.01, 0.00, 0.05, 0.00, 1.45, 0.00, 0.00, 1.00, 0.00, 0.00, 1.00, 0.00, 0.00, 0.00, 1.00, 1.00, 1.00, 0.00, 1.00, 0.00, 0.00, 0.00, 1.00
4848,  0,  161.567,  0.98,  1, 0.02, 0.00, 1.00, 0.00, 0.03, 0.86, 0.00, 0.00, 0.00, 0.14, 0.16, 0.98, 0.00, 0.00, 0.00, 0.00, 1.03, 0.00, 0.00, 1.00, 0.00, 0.00, 1.00, 0.00, 0.00, 0.00, 1.00, 1.00, 1.00, 0.00, 1.00, 0.00, 0.00, 0.00, 1.00
4849,  0,  161.600,  0.98,  1, 0.00, 0.00, 1.05, 0.00, 0.03, 1.47, 0.00, 0.00, 0.00, 0.18, 0.20, 0.97, 0.00, 0.00, 0.00, 0.00, 0.48, 0.00, 0.00, 1.00, 0.00, 0.00, 1.00, 0.00, 0.00, 0.00, 1.00, 1.00, 1.00, 0.00, 1.00, 0.00, 0.00, 0.00, 1.00
4850,  0,  161.633,  0.98,  1, 0.00, 0.00, 1.05, 0.00, 0.03, 1.79, 0.00, 0.00, 0.00, 0.26, 0.22, 0.98, 0.00, 0.00, 0.00, 0.00, 0.16, 0.00, 0.00, 1.00, 0.00, 0.00, 1.00, 0.00, 0.00, 0.00, 1.00, 1.00, 1.00, 0.00, 1.00, 0.00, 0.00, 0.00, 1.00
4851,  0,  161.667,  0.98,  1, 0.00, 0.00, 0.99, 0.00, 0.00, 1.53, 0.00, 0.00, 0.00, 0.35, 0.10, 1.04, 0.00, 0.00, 0.00, 0.00, 0.02, 0.00, 0.00, 1.00, 0.00, 0.00, 1.00, 0.00, 0.00, 0.00, 1.00, 1.00, 1.00, 0.00, 1.00, 0.00, 0.00, 0.00, 0.00
4852,  0,  161.700,  0.98,  1, 0.00, 0.00, 1.05, 0.00, 0.00, 1.15, 0.00, 0.00, 0.00, 0.41, 0.04, 1.03, 0.00, 0.00, 0.00, 0.00, 0.00, 0.00, 0.00, 1.00, 0.00, 0.00, 1.00, 0.00, 0.00, 0.00, 1.00, 0.00, 1.00, 0.00, 1.00, 0.00, 0.00, 0.00, 0.00
4853,  0,  161.733,  0.98,  1, 0.01, 0.00, 1.07, 0.00, 0.00, 0.84, 0.00, 0.00, 0.00, 0.42, 0.01, 1.03, 0.00, 0.00, 0.00, 0.00, 0.00, 0.00, 0.00, 1.00, 0.00, 0.00, 1.00, 0.00, 0.00, 0.00, 1.00, 1.00, 1.00, 0.00, 1.00, 0.00, 0.00, 0.00, 0.00
4854,  0,  161.767,  0.98,  1, 0.02, 0.00, 1.06, 0.00, 0.00, 0.76, 0.00, 0.00, 0.00, 0.39, 0.01, 0.98, 0.00, 0.00, 0.00, 0.00, 0.00, 0.00, 0.00, 1.00, 1.00, 0.00, 1.00, 0.00, 0.00, 0.00, 1.00, 1.00, 1.00, 0.00, 1.00, 0.00, 0.00, 0.00, 0.00
4855,  0,  161.800,  0.98,  1, 0.02, 0.00, 1.00, 0.00, 0.00, 0.85, 0.00, 0.00, 0.00, 0.45, 0.03, 0.96, 0.00, 0.00, 0.00, 0.03, 0.00, 0.00, 0.00, 1.00, 1.00, 0.00, 1.00, 0.00, 0.00, 0.00, 1.00, 1.00, 1.00, 0.00, 1.00, 0.00, 0.00, 0.00, 0.00
4856,  0,  161.833,  0.98,  1, 0.02, 0.00, 0.93, 0.00, 0.00, 0.74, 0.00, 0.00, 0.00, 0.48, 0.05, 0.89, 0.00, 0.00, 0.00, 0.09, 0.00, 0.00, 0.00, 1.00, 1.00, 0.00, 1.00, 0.00, 0.00, 0.00, 1.00, 1.00, 1.00, 0.00, 1.00, 0.00, 0.00, 0.00, 0.00
4857,  0,  161.867,  0.98,  1, 0.00, 0.00, 0.86, 0.00, 0.00, 0.81, 0.00, 0.00, 0.00, 0.55, 0.05, 0.87, 0.00, 0.00, 0.00, 0.20, 0.00, 0.00, 0.00, 1.00, 1.00, 0.00, 1.00, 0.00, 0.00, 0.00, 1.00, 1.00, 1.00, 0.00, 1.00, 0.00, 0.00, 0.00, 0.00
4858,  0,  161.900,  0.98,  1, 0.12, 0.00, 0.96, 0.00, 0.00, 0.77, 0.00, 0.00, 0.00, 0.62, 0.02, 0.85, 0.00, 0.00, 0.00, 0.24, 0.00, 0.00, 0.00, 1.00, 1.00, 0.00, 1.00, 0.00, 0.00, 0.00, 1.00, 0.00, 1.00, 0.00, 1.00, 0.00, 0.00, 0.00, 0.00
4859,  0,  161.933,  0.98,  1, 0.18, 0.00, 1.14, 0.00, 0.00, 0.90, 0.00, 0.00, 0.00, 0.75, 0.00, 0.88, 0.00, 0.01, 0.00, 0.27, 0.00, 0.00, 0.00, 1.00, 1.00, 0.00, 1.00, 0.00, 0.00, 0.00, 1.00, 0.00, 1.00, 0.00, 1.00, 0.00, 0.00, 0.00, 0.00
4860,  0,  161.967,  0.98,  1, 0.18, 0.00, 1.24, 0.00, 0.00, 0.78, 0.00, 0.00, 0.00, 0.73, 0.00, 0.98, 0.00, 0.04, 0.07, 0.31, 0.00, 0.00, 0.00, 1.00, 1.00, 0.00, 1.00, 0.00, 0.00, 0.00, 1.00, 0.00, 1.00, 0.00, 1.00, 0.00, 0.00, 0.00, 0.00
4861,  0,  162.000,  0.98,  1, 0.06, 0.00, 1.16, 0.00, 0.00, 0.71, 0.00, 0.00, 0.00, 0.69, 0.00, 1.00, 0.00, 0.07, 0.17, 0.41, 0.00, 0.00, 0.00, 1.00, 1.00, 0.00, 1.00, 0.00, 0.00, 0.00, 1.00, 0.00, 1.00, 0.00, 1.00, 0.00, 0.00, 0.00, 0.00
4862,  0,  162.033,  0.98,  1, 0.06, 0.00, 1.12, 0.00, 0.00, 0.64, 0.00, 0.00, 0.00, 0.52, 0.00, 0.99, 0.00, 0.06, 0.21, 0.43, 0.00, 0.00, 0.00, 1.00, 1.00, 0.00, 1.00, 0.00, 0.00, 0.00, 1.00, 0.00, 1.00, 0.00, 1.00, 0.00, 0.00, 0.00, 0.00
4863,  0,  162.067,  0.98,  1, 0.14, 0.00, 1.17, 0.00, 0.00, 0.72, 0.00, 0.00, 0.00, 0.49, 0.00, 0.89, 0.00, 0.03, 0.29, 0.43, 0.00, 0.00, 0.00, 1.00, 1.00, 0.00, 1.00, 0.00, 0.00, 0.00, 1.00, 0.00, 1.00, 0.00, 1.00, 0.00, 0.00, 0.00, 0.00
4864,  0,  162.100,  0.98,  1, 0.25, 0.00, 1.24, 0.00, 0.00, 0.83, 0.00, 0.00, 0.00, 0.45, 0.00, 0.73, 0.00, 0.00, 0.27, 0.36, 0.00, 0.00, 0.00, 1.00, 1.00, 0.00, 1.00, 0.00, 0.00, 0.00, 1.00, 0.00, 1.00, 0.00, 1.00, 0.00, 0.00, 0.00, 0.00
4865,  0,  162.133,  0.98,  1, 0.22, 0.00, 1.23, 0.00, 0.00, 0.82, 0.00, 0.00, 0.00, 0.49, 0.00, 0.58, 0.00, 0.00, 0.39, 0.38, 0.00, 0.00, 0.00, 1.00, 1.00, 0.00, 1.00, 0.00, 0.00, 0.00, 1.00, 0.00, 1.00, 0.00, 1.00, 0.00, 0.00, 0.00, 0.00
4866,  0,  162.167,  0.98,  1, 0.18, 0.02, 1.25, 0.00, 0.00, 0.75, 0.00, 0.00, 0.00, 0.55, 0.00, 0.48, 0.00, 0.00, 0.39, 0.37, 0.00, 0.00, 0.00, 1.00, 1.00, 0.00, 1.00, 0.00, 0.00, 0.00, 1.00, 0.00, 1.00, 0.00, 1.00, 0.00, 0.00, 0.00, 0.00
4867,  0,  162.200,  0.98,  1, 0.14, 0.02, 1.25, 0.00, 0.00, 0.67, 0.00, 0.00, 0.00, 0.51, 0.00, 0.52, 0.00, 0.00, 0.43, 0.38, 0.00, 0.00, 0.00, 1.00, 1.00, 0.00, 1.00, 0.00, 0.00, 0.00, 1.00, 0.00, 1.00, 0.00, 1.00, 0.00, 0.00, 0.00, 0.00
4868,  0,  162.233,  0.98,  1, 0.24, 0.02, 1.28, 0.00, 0.00, 0.75, 0.00, 0.00, 0.00, 0.50, 0.00, 0.57, 0.00, 0.00, 0.38, 0.35, 0.00, 0.00, 0.00, 1.00, 1.00, 0.00, 1.00, 0.00, 0.00, 0.00, 1.00, 0.00, 1.00, 0.00, 1.00, 0.00, 0.00, 0.00, 0.00
4869,  0,  162.267,  0.98,  1, 0.31, 0.00, 1.30, 0.00, 0.00, 0.77, 0.00, 0.00, 0.00, 0.44, 0.00, 0.57, 0.00, 0.00, 0.38, 0.31, 0.00, 0.00, 0.00, 1.00, 1.00, 0.00, 1.00, 0.00, 0.00, 0.00, 1.00, 0.00, 1.00, 0.00, 1.00, 0.00, 0.00, 0.00, 0.00
4870,  0,  162.300,  0.98,  1, 0.31, 0.00, 1.31, 0.00, 0.00, 0.79, 0.00, 0.00, 0.00, 0.43, 0.00, 0.59, 0.00, 0.00, 0.47, 0.43, 0.00, 0.00, 0.00, 1.00, 1.00, 0.00, 1.00, 0.00, 0.00, 0.00, 1.00, 0.00, 1.00, 0.00, 1.00, 0.00, 0.00, 0.00, 0.00
4871,  0,  162.333,  0.98,  1, 0.26, 0.00, 1.27, 0.00, 0.00, 0.74, 0.00, 0.00, 0.00, 0.41, 0.00, 0.66, 0.00, 0.00, 0.56, 0.55, 0.00, 0.00, 0.00, 1.00, 1.00, 0.00, 1.00, 0.00, 0.00, 0.00, 1.00, 0.00, 1.00, 0.00, 1.00, 0.00, 0.00, 0.00, 0.00
4872,  0,  162.367,  0.98,  1, 0.19, 0.00, 1.21, 0.00, 0.00, 0.87, 0.00, 0.00, 0.00, 0.28, 0.00, 0.69, 0.00, 0.00, 0.69, 0.60, 0.00, 0.00, 0.00, 1.00, 1.00, 0.00, 1.00, 0.00, 0.00, 0.00, 1.00, 0.00, 1.00, 0.00, 1.00, 0.00, 0.00, 0.00, 0.00
4873,  0,  162.400,  0.98,  1, 0.11, 0.00, 1.14, 0.00, 0.00, 1.03, 0.00, 0.00, 0.00, 0.16, 0.00, 0.56, 0.00, 0.00, 0.77, 0.48, 0.00, 0.00, 0.00, 1.00, 1.00, 0.00, 1.00, 0.00, 0.00, 0.00, 1.00, 0.00, 1.00, 0.00, 1.00, 0.00, 0.00, 0.00, 0.00
4874,  0,  162.433,  0.98,  1, 0.08, 0.00, 1.14, 0.00, 0.00, 1.20, 0.00, 0.00, 0.00, 0.01, 0.00, 0.49, 0.00, 0.00, 0.79, 0.34, 0.00, 0.00, 0.00, 1.00, 1.00, 0.00, 1.00, 0.00, 0.00, 0.00, 1.00, 0.00, 1.00, 0.00, 1.00, 0.00, 0.00, 0.00, 0.00
4875,  0,  162.467,  0.98,  1, 0.13, 0.00, 1.09, 0.00, 0.00, 1.16, 0.00, 0.00, 0.00, 0.13, 0.00, 0.42, 0.00, 0.00, 0.86, 0.27, 0.00, 0.00, 0.00, 1.00, 1.00, 0.00, 1.00, 0.00, 0.00, 0.00, 1.00, 0.00, 0.00, 0.00, 1.00, 0.00, 0.00, 0.00, 0.00
4876,  0,  162.500,  0.98,  1, 0.22, 0.00, 1.19, 0.00, 0.00, 1.00, 0.00, 0.00, 0.03, 0.40, 0.00, 0.48, 0.00, 0.00, 0.83, 0.19, 0.00, 0.00, 0.00, 1.00, 1.00, 0.00, 1.00, 0.00, 1.00, 0.00, 1.00, 0.00, 0.00, 0.00, 1.00, 0.00, 0.00, 0.00, 0.00
4877,  0,  162.533,  0.98,  1, 0.24, 0.00, 1.24, 0.00, 0.00, 0.98, 0.00, 0.00, 0.08, 0.58, 0.00, 0.46, 0.00, 0.00, 0.92, 0.18, 0.00, 0.00, 0.00, 1.00, 1.00, 0.00, 1.00, 0.00, 1.00, 0.00, 1.00, 0.00, 0.00, 0.00, 1.00, 0.00, 0.00, 0.00, 0.00
4878,  0,  162.567,  0.98,  1, 0.22, 0.00, 1.29, 0.00, 0.01, 1.05, 0.00, 0.00, 0.20, 0.58, 0.00, 0.38, 0.00, 0.00, 0.88, 0.22, 0.00, 0.00, 0.00, 1.00, 1.00, 0.00, 1.00, 0.00, 1.00, 0.00, 1.00, 0.00, 0.00, 0.00, 1.00, 0.00, 0.00, 0.00, 0.00
4879,  0,  162.600,  0.98,  1, 0.16, 0.00, 1.27, 0.00, 0.10, 1.27, 0.00, 0.00, 0.31, 0.48, 0.00, 0.33, 0.00, 0.00, 1.18, 0.45, 0.00, 0.00, 0.00, 1.00, 1.00, 0.00, 1.00, 0.00, 1.00, 0.00, 1.00, 0.00, 0.00, 0.00, 1.00, 0.00, 1.00, 0.00, 0.00
4880,  0,  162.633,  0.98,  1, 0.10, 0.00, 1.15, 0.00, 0.19, 1.40, 0.00, 0.06, 0.46, 0.41, 0.00, 0.31, 0.00, 0.00, 1.42, 0.66, 0.00, 0.00, 0.00, 1.00, 1.00, 0.00, 1.00, 0.00, 1.00, 0.00, 1.00, 0.00, 0.00, 0.00, 1.00, 1.00, 1.00, 0.00, 0.00
4881,  0,  162.667,  0.98,  1, 0.08, 0.00, 1.09, 0.00, 0.29, 1.63, 0.00, 0.10, 0.56, 0.45, 0.00, 0.37, 0.00, 0.00, 1.60, 0.89, 0.00, 0.00, 0.00, 1.00, 1.00, 0.00, 1.00, 0.00, 1.00, 0.00, 1.00, 0.00, 0.00, 0.00, 1.00, 1.00, 1.00, 0.00, 0.00
4882,  0,  162.700,  0.98,  1, 0.15, 0.04, 1.07, 0.02, 0.35, 1.67, 0.00, 0.21, 0.62, 0.58, 0.00, 0.46, 0.00, 0.00, 1.48, 0.89, 0.00, 0.00, 0.00, 1.00, 1.00, 0.00, 1.00, 0.00, 1.00, 0.00, 1.00, 0.00, 0.00, 0.00, 1.00, 1.00, 1.00, 0.00, 0.00
4883,  0,  162.733,  0.98,  1, 0.19, 0.04, 1.10, 0.02, 0.38, 1.69, 0.00, 0.25, 0.64, 0.78, 0.00, 0.60, 0.03, 0.00, 1.43, 0.95, 0.00, 0.00, 0.00, 1.00, 1.00, 0.00, 1.00, 0.00, 1.00, 0.00, 1.00, 0.00, 0.00, 0.00, 1.00, 1.00, 1.00, 0.00, 0.00
4884,  0,  162.767,  0.98,  1, 0.21, 0.16, 1.25, 0.07, 0.41, 1.45, 0.00, 0.20, 0.64, 0.93, 0.00, 0.69, 0.03, 0.00, 1.36, 0.94, 0.00, 0.00, 0.00, 1.00, 1.00, 0.00, 1.00, 0.00, 1.00, 1.00, 1.00, 0.00, 0.00, 0.00, 1.00, 1.00, 1.00, 0.00, 0.00
4885,  0,  162.800,  0.98,  1, 0.16, 0.19, 1.27, 0.12, 0.39, 1.35, 0.00, 0.09, 0.70, 0.94, 0.00, 0.65, 0.03, 0.00, 1.36, 1.00, 0.00, 0.00, 0.00, 1.00, 1.00, 0.00, 1.00, 0.00, 1.00, 1.00, 1.00, 0.00, 0.00, 0.00, 1.00, 1.00, 1.00, 0.00, 0.00
4886,  0,  162.833,  0.98,  1, 0.18, 0.19, 1.36, 0.12, 0.43, 1.27, 0.00, 0.00, 0.73, 0.89, 0.00, 0.56, 0.00, 0.00, 1.37, 1.00, 0.00, 0.00, 0.00, 1.00, 1.00, 0.00, 1.00, 0.00, 1.00, 1.00, 1.00, 0.00, 0.00, 0.00, 1.00, 1.00, 1.00, 0.00, 0.00
4887,  0,  162.867,  0.98,  1, 0.22, 0.10, 1.34, 0.07, 0.46, 1.33, 0.00, 0.00, 0.77, 0.91, 0.00, 0.49, 0.00, 0.00, 1.37, 0.95, 0.00, 0.00, 0.00, 1.00, 1.00, 0.00, 1.00, 0.00, 1.00, 1.00, 1.00, 0.00, 0.00, 0.00, 1.00, 1.00, 1.00, 0.00, 0.00
4888,  0,  162.900,  0.98,  1, 0.21, 0.03, 1.36, 0.00, 0.49, 1.23, 0.00, 0.00, 0.74, 0.96, 0.00, 0.45, 0.00, 0.00, 1.32, 0.89, 0.00, 0.00, 0.00, 1.00, 1.00, 0.00, 1.00, 0.00, 1.00, 1.00, 1.00, 0.00, 0.00, 0.00, 1.00, 1.00, 1.00, 0.00, 0.00
4889,  0,  162.933,  0.98,  1, 0.28, 0.16, 1.44, 0.00, 0.50, 1.14, 0.00, 0.01, 0.76, 0.97, 0.00, 0.44, 0.00, 0.00, 1.25, 0.74, 0.00, 0.00, 0.00, 1.00, 1.00, 0.00, 1.00, 0.00, 1.00, 1.00, 1.00, 0.00, 0.00, 0.00, 1.00, 1.00, 1.00, 0.00, 0.00
4890,  0,  162.967,  0.98,  1, 0.28, 0.12, 1.50, 0.00, 0.51, 1.09, 0.00, 0.01, 0.77, 0.99, 0.00, 0.50, 0.00, 0.00, 1.26, 0.71, 0.00, 0.00, 0.00, 1.00, 1.00, 0.00, 1.00, 0.00, 1.00, 1.00, 1.00, 0.00, 0.00, 0.00, 1.00, 1.00, 1.00, 0.00, 0.00
4891,  0,  163.000,  0.98,  1, 0.32, 0.13, 1.58, 0.00, 0.50, 1.14, 0.00, 0.01, 0.76, 0.95, 0.00, 0.57, 0.02, 0.00, 1.23, 0.65, 0.00, 0.00, 0.00, 1.00, 1.00, 0.00, 1.00, 0.00, 1.00, 1.00, 1.00, 0.00, 0.00, 0.00, 1.00, 1.00, 1.00, 0.00, 0.00
4892,  0,  163.033,  0.98,  1, 0.26, 0.01, 1.51, 0.00, 0.49, 1.21, 0.00, 0.00, 0.75, 1.01, 0.00, 0.52, 0.02, 0.00, 1.13, 0.62, 0.00, 0.00, 0.00, 1.00, 1.00, 0.00, 1.00, 0.00, 1.00, 1.00, 1.00, 0.00, 0.00, 0.00, 1.00, 1.00, 0.00, 0.00, 0.00
4893,  0,  163.067,  0.98,  1, 0.29, 0.01, 1.49, 0.03, 0.46, 1.29, 0.00, 0.00, 0.72, 1.00, 0.00, 0.45, 0.02, 0.00, 1.03, 0.56, 0.00, 0.00, 0.00, 1.00, 1.00, 0.00, 1.00, 0.00, 1.00, 1.00, 1.00, 0.00, 0.00, 0.00, 1.00, 1.00, 0.00, 0.00, 0.00
4894,  0,  163.100,  0.98,  1, 0.27, 0.00, 1.39, 0.02, 0.47, 1.22, 0.00, 0.03, 0.73, 1.14, 0.00, 0.42, 0.00, 0.00, 1.03, 0.57, 0.00, 0.00, 0.00, 1.00, 1.00, 0.00, 1.00, 0.00, 1.00, 1.00, 1.00, 0.00, 0.00, 0.00, 1.00, 1.00, 0.00, 0.00, 0.00
4895,  0,  163.133,  0.98,  1, 0.29, 0.00, 1.35, 0.02, 0.50, 1.19, 0.00, 0.12, 0.74, 1.25, 0.00, 0.53, 0.00, 0.00, 1.11, 0.66, 0.00, 0.00, 0.00, 1.00, 1.00, 0.00, 1.00, 0.00, 1.00, 1.00, 1.00, 0.00, 0.00, 0.00, 1.00, 1.00, 0.00, 0.00, 0.00
4896,  0,  163.167,  0.98,  1, 0.20, 0.00, 1.23, 0.00, 0.49, 1.07, 0.00, 0.14, 0.71, 1.40, 0.00, 0.64, 0.00, 0.00, 1.30, 0.61, 0.00, 0.00, 0.00, 1.00, 1.00, 0.00, 1.00, 0.00, 1.00, 1.00, 1.00, 0.00, 0.00, 0.00, 1.00, 1.00, 0.00, 0.00, 0.00
4897,  0,  163.200,  0.98,  1, 0.13, 0.00, 1.15, 0.00, 0.46, 1.20, 0.00, 0.14, 0.67, 1.43, 0.00, 0.57, 0.00, 0.00, 1.48, 0.51, 0.00, 0.00, 0.00, 1.00, 1.00, 0.00, 1.00, 0.00, 1.00, 0.00, 1.00, 0.00, 0.00, 0.00, 0.00, 1.00, 0.00, 0.00, 0.00
4898,  0,  163.233,  0.98,  1, 0.04, 0.00, 1.07, 0.00, 0.43, 1.26, 0.00, 0.06, 0.64, 1.37, 0.00, 0.37, 0.00, 0.00, 1.55, 0.38, 0.00, 0.00, 0.00, 1.00, 1.00, 0.00, 1.00, 0.00, 1.00, 0.00, 1.00, 0.00, 0.00, 0.00, 0.00, 1.00, 0.00, 0.00, 0.00
4899,  0,  163.267,  0.98,  1, 0.00, 0.00, 1.04, 0.00, 0.46, 1.41, 0.00, 0.09, 0.64, 1.30, 0.00, 0.17, 0.00, 0.00, 1.50, 0.38, 0.00, 0.00, 0.00, 1.00, 1.00, 0.00, 1.00, 0.00, 1.00, 0.00, 1.00, 0.00, 0.00, 0.00, 0.00, 1.00, 0.00, 0.00, 0.00
4900,  0,  163.300,  0.98,  1, 0.00, 0.00, 1.05, 0.01, 0.48, 1.40, 0.02, 0.10, 0.63, 1.33, 0.00, 0.14, 0.00, 0.00, 1.49, 0.48, 0.00, 0.00, 0.00, 1.00, 1.00, 0.00, 1.00, 0.00, 1.00, 0.00, 1.00, 0.00, 0.00, 0.00, 0.00, 1.00, 0.00, 0.00, 0.00
4901,  0,  163.333,  0.98,  1, 0.00, 0.00, 1.07, 0.01, 0.49, 1.29, 0.02, 0.10, 0.59, 1.41, 0.00, 0.16, 0.00, 0.00, 1.50, 0.56, 0.00, 0.00, 0.00, 1.00, 1.00, 0.00, 1.00, 0.00, 1.00, 0.00, 1.00, 0.00, 0.00, 0.00, 0.00, 1.00, 0.00, 0.00, 0.00
4902,  0,  163.367,  0.98,  1, 0.00, 0.00, 1.12, 0.01, 0.51, 1.24, 0.02, 0.07, 0.62, 1.48, 0.00, 0.21, 0.00, 0.00, 1.52, 0.65, 0.00, 0.00, 0.00, 1.00, 1.00, 0.00, 1.00, 0.00, 1.00, 0.00, 1.00, 0.00, 0.00, 0.00, 0.00, 1.00, 0.00, 0.00, 0.00
4903,  0,  163.400,  0.98,  1, 0.00, 0.00, 1.25, 0.00, 0.51, 1.24, 0.01, 0.13, 0.63, 1.46, 0.00, 0.20, 0.00, 0.00, 1.43, 0.63, 0.00, 0.00, 0.00, 1.00, 1.00, 0.00, 1.00, 0.00, 1.00, 0.00, 1.00, 0.00, 0.00, 0.00, 0.00, 1.00, 0.00, 0.00, 0.00
4904,  0,  163.433,  0.98,  1, 0.00, 0.08, 1.37, 0.00, 0.49, 1.21, 0.00, 0.17, 0.63, 1.46, 0.00, 0.20, 0.00, 0.00, 1.34, 0.60, 0.00, 0.00, 0.00, 1.00, 1.00, 0.00, 1.00, 0.00, 1.00, 1.00, 1.00, 0.00, 0.00, 0.00, 0.00, 1.00, 0.00, 0.00, 0.00
4905,  0,  163.467,  0.98,  1, 0.00, 0.08, 1.41, 0.00, 0.46, 1.06, 0.00, 0.22, 0.64, 1.40, 0.00, 0.14, 0.00, 0.00, 1.32, 0.62, 0.00, 0.00, 0.00, 1.00, 1.00, 0.00, 1.00, 0.00, 1.00, 1.00, 1.00, 0.00, 0.00, 0.00, 0.00, 1.00, 0.00, 0.00, 0.00
4906,  0,  163.500,  0.98,  1, 0.00, 0.08, 1.36, 0.00, 0.43, 1.04, 0.00, 0.16, 0.68, 1.41, 0.00, 0.16, 0.00, 0.00, 1.30, 0.65, 0.00, 0.00, 0.00, 1.00, 1.00, 0.00, 1.00, 0.00, 1.00, 1.00, 1.00, 0.00, 0.00, 0.00, 0.00, 1.00, 0.00, 0.00, 0.00
4907,  0,  163.533,  0.98,  1, 0.00, 0.00, 1.33, 0.00, 0.48, 1.10, 0.00, 0.18, 0.76, 1.41, 0.00, 0.18, 0.00, 0.00, 1.28, 0.69, 0.00, 0.00, 0.00, 1.00, 1.00, 0.00, 1.00, 0.00, 1.00, 1.00, 1.00, 0.00, 0.00, 0.00, 0.00, 1.00, 0.00, 0.00, 0.00
4908,  0,  163.567,  0.98,  1, 0.00, 0.00, 1.30, 0.00, 0.41, 1.17, 0.00, 0.12, 0.81, 1.42, 0.00, 0.34, 0.00, 0.00, 1.20, 0.66, 0.00, 0.00, 0.00, 1.00, 1.00, 0.00, 1.00, 0.00, 1.00, 1.00, 1.00, 0.00, 0.00, 0.00, 0.00, 1.00, 0.00, 0.00, 0.00
4909,  0,  163.600,  0.98,  1, 0.00, 0.00, 1.24, 0.00, 0.38, 1.06, 0.00, 0.12, 0.85, 1.41, 0.00, 0.45, 0.00, 0.00, 1.18, 0.65, 0.00, 0.00, 0.00, 1.00, 1.00, 0.00, 1.00, 0.00, 1.00, 1.00, 1.00, 0.00, 0.00, 0.00, 0.00, 1.00, 0.00, 0.00, 0.00
4910,  0,  163.633,  0.98,  1, 0.00, 0.00, 1.21, 0.00, 0.31, 1.10, 0.00, 0.07, 0.87, 1.38, 0.00, 0.53, 0.00, 0.00, 1.24, 0.65, 0.00, 0.00, 0.00, 1.00, 1.00, 0.00, 1.00, 0.00, 1.00, 1.00, 1.00, 0.00, 0.00, 0.00, 0.00, 1.00, 0.00, 0.00, 0.00
4911,  0,  163.667,  0.98,  1, 0.00, 0.00, 1.18, 0.00, 0.32, 1.13, 0.00, 0.13, 0.90, 1.32, 0.00, 0.50, 0.00, 0.00, 1.31, 0.66, 0.00, 0.00, 0.00, 1.00, 1.00, 0.00, 1.00, 0.00, 1.00, 1.00, 1.00, 0.00, 0.00, 0.00, 0.00, 1.00, 0.00, 0.00, 0.00
4912,  0,  163.700,  0.98,  1, 0.00, 0.00, 1.14, 0.00, 0.32, 1.21, 0.00, 0.13, 0.92, 1.28, 0.00, 0.43, 0.00, 0.00, 1.35, 0.70, 0.00, 0.00, 0.00, 1.00, 1.00, 0.00, 1.00, 0.00, 1.00, 1.00, 1.00, 0.00, 0.00, 0.00, 0.00, 1.00, 0.00, 0.00, 0.00
4913,  0,  163.733,  0.98,  1, 0.00, 0.00, 1.13, 0.00, 0.31, 1.19, 0.00, 0.18, 0.92, 1.29, 0.00, 0.41, 0.00, 0.00, 1.36, 0.73, 0.00, 0.00, 0.00, 1.00, 1.00, 0.00, 1.00, 0.00, 1.00, 1.00, 1.00, 0.00, 0.00, 0.00, 0.00, 1.00, 0.00, 0.00, 0.00
4914,  0,  163.767,  0.98,  1, 0.00, 0.03, 1.14, 0.00, 0.30, 1.20, 0.00, 0.15, 0.92, 1.33, 0.00, 0.40, 0.00, 0.00, 1.41, 0.74, 0.00, 0.00, 0.00, 1.00, 1.00, 0.00, 1.00, 0.00, 1.00, 1.00, 1.00, 0.00, 0.00, 0.00, 0.00, 1.00, 0.00, 0.00, 0.00
4915,  0,  163.800,  0.98,  1, 0.00, 0.03, 1.19, 0.00, 0.32, 1.31, 0.00, 0.12, 0.92, 1.37, 0.00, 0.40, 0.00, 0.00, 1.45, 0.73, 0.00, 0.00, 0.00, 1.00, 1.00, 0.00, 1.00, 0.00, 1.00, 1.00, 1.00, 0.00, 0.00, 0.00, 0.00, 1.00, 0.00, 0.00, 0.00
4916,  0,  163.833,  0.98,  1, 0.00, 0.03, 1.17, 0.00, 0.33, 1.43, 0.00, 0.07, 0.93, 1.36, 0.00, 0.40, 0.00, 0.00, 1.49, 0.70, 0.00, 0.00, 0.00, 1.00, 1.00, 0.00, 1.00, 0.00, 1.00, 1.00, 1.00, 0.00, 0.00, 0.00, 0.00, 1.00, 0.00, 0.00, 0.00
4917,  0,  163.867,  0.98,  1, 0.02, 0.00, 1.22, 0.00, 0.35, 1.54, 0.00, 0.03, 0.91, 1.39, 0.00, 0.37, 0.00, 0.00, 1.45, 0.70, 0.00, 0.00, 0.00, 1.00, 1.00, 0.00, 1.00, 0.00, 1.00, 1.00, 1.00, 0.00, 0.00, 0.00, 0.00, 1.00, 0.00, 0.00, 0.00
4918,  0,  163.900,  0.98,  1, 0.02, 0.04, 1.17, 0.00, 0.39, 1.52, 0.00, 0.03, 0.87, 1.36, 0.00, 0.39, 0.00, 0.00, 1.37, 0.59, 0.00, 0.00, 0.00, 1.00, 1.00, 0.00, 1.00, 0.00, 1.00, 1.00, 1.00, 0.00, 0.00, 0.00, 0.00, 1.00, 0.00, 0.00, 0.00
4919,  0,  163.933,  0.98,  1, 0.02, 0.11, 1.10, 0.00, 0.44, 1.51, 0.00, 0.08, 0.88, 1.42, 0.00, 0.44, 0.00, 0.00, 1.29, 0.54, 0.00, 0.00, 0.00, 1.00, 1.00, 0.00, 1.00, 0.00, 1.00, 1.00, 1.00, 0.00, 0.00, 0.00, 0.00, 1.00, 0.00, 0.00, 0.00
4920,  0,  163.967,  0.98,  1, 0.01, 0.23, 1.03, 0.00, 0.51, 1.42, 0.00, 0.22, 0.88, 1.51, 0.00, 0.54, 0.00, 0.00, 1.26, 0.48, 0.00, 0.00, 0.00, 1.00, 1.00, 0.00, 1.00, 0.00, 1.00, 1.00, 1.00, 0.00, 0.00, 0.00, 1.00, 1.00, 0.00, 0.00, 0.00
4921,  0,  164.000,  0.98,  1, 0.01, 0.29, 1.07, 0.00, 0.59, 1.46, 0.00, 0.35, 0.98, 1.60, 0.00, 0.51, 0.00, 0.00, 1.26, 0.49, 0.00, 0.00, 0.00, 1.00, 1.00, 0.00, 1.00, 0.00, 1.00, 1.00, 1.00, 0.00, 0.00, 0.00, 1.00, 1.00, 0.00, 0.00, 0.00
4922,  0,  164.033,  0.98,  1, 0.01, 0.40, 1.16, 0.00, 0.67, 1.44, 0.00, 0.43, 1.02, 1.62, 0.00, 0.41, 0.00, 0.00, 1.30, 0.47, 0.00, 0.00, 0.00, 1.00, 1.00, 0.00, 1.00, 0.00, 1.00, 1.00, 1.00, 0.00, 0.00, 0.00, 1.00, 1.00, 0.00, 0.00, 0.00
4923,  0,  164.067,  0.98,  1, 0.00, 0.34, 1.18, 0.00, 0.76, 1.51, 0.00, 0.43, 1.09, 1.61, 0.00, 0.22, 0.00, 0.00, 1.33, 0.49, 0.00, 0.00, 0.00, 1.00, 1.00, 0.00, 1.00, 0.00, 1.00, 1.00, 1.00, 0.00, 0.00, 0.00, 1.00, 1.00, 0.00, 0.00, 0.00
4924,  0,  164.100,  0.98,  1, 0.00, 0.24, 1.12, 0.00, 0.74, 1.52, 0.00, 0.45, 1.11, 1.57, 0.00, 0.17, 0.00, 0.00, 1.47, 0.50, 0.00, 0.00, 0.00, 1.00, 1.00, 0.00, 1.00, 0.00, 1.00, 1.00, 1.00, 0.00, 0.00, 0.00, 1.00, 1.00, 0.00, 0.00, 0.00
4925,  0,  164.133,  0.98,  1, 0.00, 0.06, 1.12, 0.00, 0.74, 1.46, 0.00, 0.47, 1.18, 1.64, 0.00, 0.15, 0.00, 0.00, 1.56, 0.57, 0.00, 0.00, 0.00, 1.00, 1.00, 0.00, 1.00, 0.00, 1.00, 1.00, 1.00, 0.00, 0.00, 0.00, 1.00, 1.00, 1.00, 0.00, 0.00
4926,  0,  164.167,  0.98,  1, 0.01, 0.00, 1.16, 0.00, 0.70, 1.47, 0.00, 0.50, 1.24, 1.59, 0.00, 0.13, 0.00, 0.00, 1.70, 0.55, 0.00, 0.00, 0.00, 1.00, 1.00, 0.00, 1.00, 0.00, 1.00, 1.00, 1.00, 0.00, 0.00, 0.00, 1.00, 1.00, 1.00, 0.00, 0.00
4927,  0,  164.200,  0.98,  1, 0.01, 0.00, 1.32, 0.00, 0.70, 1.37, 0.00, 0.56, 1.27, 1.56, 0.00, 0.08, 0.00, 0.00, 1.75, 0.59, 0.00, 0.00, 0.00, 1.00, 1.00, 0.00, 1.00, 0.00, 1.00, 1.00, 1.00, 0.00, 0.00, 0.00, 1.00, 1.00, 1.00, 0.00, 0.00
4928,  0,  164.233,  0.98,  1, 0.01, 0.00, 1.32, 0.00, 0.67, 1.40, 0.00, 0.64, 1.27, 1.42, 0.00, 0.06, 0.00, 0.00, 1.83, 0.58, 0.00, 0.00, 0.00, 1.00, 1.00, 1.00, 1.00, 0.00, 1.00, 1.00, 1.00, 0.00, 0.00, 0.00, 1.00, 1.00, 1.00, 0.00, 0.00
4929,  0,  164.267,  0.98,  1, 0.03, 0.05, 1.38, 0.00, 0.65, 1.36, 0.00, 0.65, 1.25, 1.39, 0.00, 0.09, 0.00, 0.00, 1.86, 0.57, 0.00, 0.00, 0.00, 1.00, 1.00, 0.00, 1.00, 0.00, 1.00, 1.00, 1.00, 0.00, 0.00, 0.00, 1.00, 1.00, 1.00, 0.00, 0.00
4930,  0,  164.300,  0.98,  1, 0.04, 0.05, 1.46, 0.12, 0.68, 1.65, 0.00, 0.55, 1.20, 1.40, 0.00, 0.11, 0.00, 0.00, 1.83, 0.57, 0.00, 0.00, 0.00, 1.00, 1.00, 0.00, 1.00, 0.00, 1.00, 1.00, 1.00, 0.00, 0.00, 0.00, 1.00, 1.00, 1.00, 0.00, 0.00
4931,  0,  164.333,  0.98,  1, 0.06, 0.06, 1.49, 0.25, 0.67, 1.83, 0.00, 0.34, 1.08, 1.47, 0.00, 0.07, 0.00, 0.00, 1.55, 0.41, 0.00, 0.00, 0.00, 1.00, 1.00, 0.00, 1.00, 0.00, 1.00, 1.00, 1.00, 0.00, 0.00, 0.00, 1.00, 1.00, 1.00, 0.00, 0.00
4932,  0,  164.367,  0.98,  1, 0.04, 0.00, 1.52, 0.34, 0.59, 1.95, 0.00, 0.23, 0.81, 1.39, 0.01, 0.28, 0.00, 0.00, 1.09, 0.31, 0.00, 0.00, 0.00, 1.00, 1.00, 0.00, 1.00, 0.00, 1.00, 1.00, 1.00, 0.00, 0.00, 0.00, 1.00, 0.00, 0.00, 0.00, 0.00
4933,  0,  164.400,  0.98,  1, 0.03, 0.00, 1.40, 0.22, 0.47, 1.87, 0.00, 0.21, 0.56, 1.26, 0.01, 0.51, 0.00, 0.02, 0.60, 0.19, 0.00, 0.00, 0.00, 1.00, 1.00, 0.00, 1.00, 0.00, 1.00, 0.00, 1.00, 0.00, 0.00, 0.00, 1.00, 0.00, 0.00, 0.00, 0.00
4934,  0,  164.433,  0.98,  1, 0.03, 0.00, 1.35, 0.09, 0.38, 1.68, 0.00, 0.33, 0.34, 0.99, 0.01, 0.91, 0.00, 0.07, 0.29, 0.27, 0.00, 0.00, 0.00, 1.00, 1.00, 0.00, 1.00, 0.00, 1.00, 0.00, 1.00, 0.00, 0.00, 0.00, 1.00, 0.00, 0.00, 0.00, 0.00
4935,  0,  164.467,  0.98,  1, 0.02, 0.00, 1.24, 0.00, 0.36, 1.66, 0.00, 0.31, 0.26, 0.91, 0.00, 1.03, 0.00, 0.12, 0.16, 0.33, 0.00, 0.00, 0.00, 1.00, 1.00, 0.00, 1.00, 0.00, 1.00, 0.00, 1.00, 0.00, 0.00, 0.00, 1.00, 0.00, 0.00, 0.00, 0.00
4936,  0,  164.500,  0.98,  1, 0.05, 0.00, 1.19, 0.02, 0.29, 1.70, 0.00, 0.24, 0.22, 0.89, 0.05, 1.07, 0.00, 0.12, 0.08, 0.25, 0.00, 0.00, 0.00, 1.00, 1.00, 0.00, 1.00, 0.00, 1.00, 0.00, 1.00, 0.00, 0.00, 0.00, 1.00, 0.00, 0.00, 0.00, 0.00
4937,  0,  164.533,  0.98,  1, 0.03, 0.00, 1.19, 0.02, 0.25, 1.75, 0.00, 0.11, 0.26, 1.01, 0.17, 0.91, 0.00, 0.07, 0.04, 0.11, 0.00, 0.00, 0.00, 1.00, 1.00, 0.00, 1.00, 0.00, 1.00, 0.00, 1.00, 0.00, 1.00, 0.00, 1.00, 0.00, 0.00, 0.00, 0.00
4938,  0,  164.567,  0.98,  1, 0.03, 0.00, 1.25, 0.02, 0.25, 1.80, 0.00, 0.04, 0.30, 0.98, 0.18, 0.77, 0.00, 0.02, 0.07, 0.00, 0.00, 0.00, 0.00, 1.00, 1.00, 0.00, 1.00, 0.00, 1.00, 0.00, 1.00, 0.00, 0.00, 0.00, 1.00, 0.00, 0.00, 0.00, 0.00
4939,  0,  164.600,  0.98,  1, 0.00, 0.00, 1.24, 0.00, 0.29, 1.77, 0.00, 0.02, 0.35, 0.95, 0.20, 0.76, 0.00, 0.00, 0.07, 0.04, 0.00, 0.00, 0.00, 1.00, 1.00, 0.00, 1.00, 0.00, 1.00, 0.00, 1.00, 0.00, 0.00, 0.00, 1.00, 0.00, 0.00, 0.00, 0.00
4940,  0,  164.633,  0.98,  1, 0.02, 0.00, 1.23, 0.00, 0.32, 1.82, 0.00, 0.08, 0.38, 0.90, 0.08, 0.76, 0.00, 0.02, 0.13, 0.06, 0.00, 0.00, 0.00, 1.00, 1.00, 0.00, 1.00, 0.00, 1.00, 0.00, 1.00, 0.00, 0.00, 0.00, 1.00, 0.00, 0.00, 0.00, 0.00
4941,  0,  164.667,  0.98,  1, 0.06, 0.00, 1.23, 0.00, 0.30, 1.79, 0.01, 0.09, 0.40, 0.88, 0.08, 0.73, 0.00, 0.06, 0.07, 0.07, 0.00, 0.00, 0.00, 1.00, 1.00, 0.00, 1.00, 0.00, 1.00, 0.00, 1.00, 0.00, 0.00, 0.00, 1.00, 0.00, 0.00, 0.00, 0.00
4942,  0,  164.700,  0.98,  1, 0.06, 0.00, 1.18, 0.00, 0.34, 1.49, 0.01, 0.15, 0.48, 0.87, 0.02, 0.70, 0.00, 0.12, 0.11, 0.03, 0.00, 0.00, 0.00, 1.00, 1.00, 0.00, 1.00, 0.00, 1.00, 1.00, 1.00, 0.00, 1.00, 0.00, 1.00, 0.00, 0.00, 0.00, 0.00
4943,  0,  164.733,  0.98,  1, 0.04, 0.00, 1.10, 0.00, 0.39, 1.31, 0.01, 0.17, 0.54, 0.86, 0.06, 0.67, 0.00, 0.16, 0.04, 0.01, 0.00, 0.00, 0.00, 1.00, 1.00, 0.00, 1.00, 0.00, 1.00, 1.00, 1.00, 0.00, 1.00, 0.00, 1.00, 0.00, 0.00, 0.00, 0.00
4944,  0,  164.767,  0.98,  1, 0.00, 0.00, 1.15, 0.00, 0.46, 1.32, 0.02, 0.20, 0.67, 0.87, 0.31, 0.68, 0.00, 0.14, 0.04, 0.00, 0.18, 0.00, 0.00, 1.00, 1.00, 0.00, 1.00, 0.00, 1.00, 1.00, 1.00, 0.00, 1.00, 0.00, 1.00, 0.00, 0.00, 0.00, 0.00
4945,  0,  164.800,  0.98,  1, 0.00, 0.00, 1.34, 0.00, 0.53, 1.66, 0.02, 0.22, 0.72, 0.89, 0.54, 0.55, 0.00, 0.08, 0.00, 0.00, 0.75, 0.00, 0.00, 1.00, 1.00, 0.00, 1.00, 0.00, 1.00, 1.00, 1.00, 0.00, 1.00, 0.00, 0.00, 0.00, 0.00, 0.00, 0.00
4946,  0,  164.833,  0.98,  1, 0.00, 0.00, 1.59, 0.00, 0.56, 1.76, 0.02, 0.15, 0.80, 0.87, 0.74, 0.43, 0.00, 0.02, 0.03, 0.00, 1.60, 0.00, 0.00, 1.00, 1.00, 0.00, 1.00, 0.00, 1.00, 1.00, 1.00, 0.00, 1.00, 0.00, 0.00, 0.00, 0.00, 0.00, 1.00
4947,  0,  164.867,  0.98,  1, 0.06, 0.00, 1.64, 0.00, 0.66, 1.76, 0.00, 0.21, 0.81, 0.95, 0.64, 0.32, 0.00, 0.00, 0.11, 0.00, 2.10, 0.00, 0.00, 1.00, 1.00, 0.00, 1.00, 0.00, 1.00, 1.00, 1.00, 0.00, 0.00, 0.00, 0.00, 0.00, 0.00, 0.00, 1.00
4948,  0,  164.900,  0.98,  1, 0.06, 0.00, 1.69, 0.00, 0.74, 1.73, 0.00, 0.31, 0.92, 1.05, 0.55, 0.26, 0.00, 0.00, 0.41, 0.04, 1.99, 0.00, 0.00, 1.00, 1.00, 1.00, 1.00, 0.00, 1.00, 1.00, 1.00, 0.00, 0.00, 0.00, 0.00, 0.00, 0.00, 0.00, 1.00
4949,  0,  164.933,  0.98,  1, 0.06, 0.00, 1.66, 0.00, 0.81, 1.89, 0.00, 0.49, 0.97, 1.20, 0.43, 0.24, 0.00, 0.00, 0.88, 0.11, 1.46, 0.00, 0.00, 1.00, 1.00, 1.00, 1.00, 0.00, 1.00, 1.00, 1.00, 0.00, 0.00, 0.00, 0.00, 0.00, 0.00, 0.00, 1.00
4950,  0,  164.967,  0.98,  1, 0.00, 0.00, 1.58, 0.00, 0.86, 1.94, 0.00, 0.51, 1.01, 1.33, 0.28, 0.20, 0.00, 0.00, 1.28, 0.30, 0.94, 0.00, 0.00, 1.00, 1.00, 1.00, 1.00, 0.00, 1.00, 1.00, 1.00, 0.00, 0.00, 0.00, 0.00, 1.00, 0.00, 0.00, 1.00
4951,  0,  165.000,  0.98,  1, 0.00, 0.00, 1.44, 0.00, 0.84, 1.91, 0.00, 0.48, 0.97, 1.40, 0.12, 0.21, 0.00, 0.00, 1.54, 0.52, 0.66, 0.00, 0.00, 1.00, 1.00, 1.00, 1.00, 0.00, 1.00, 1.00, 1.00, 0.00, 0.00, 0.00, 0.00, 1.00, 1.00, 0.00, 1.00
4952,  0,  165.033,  0.98,  1, 0.00, 0.00, 1.38, 0.00, 0.83, 1.97, 0.00, 0.44, 0.97, 1.47, 0.00, 0.24, 0.00, 0.00, 1.59, 0.73, 0.48, 0.00, 0.00, 1.00, 1.00, 1.00, 1.00, 0.00, 1.00, 1.00, 1.00, 0.00, 0.00, 0.00, 1.00, 1.00, 1.00, 0.00, 1.00
4953,  0,  165.067,  0.98,  1, 0.00, 0.00, 1.31, 0.00, 0.78, 2.08, 0.00, 0.51, 0.97, 1.51, 0.00, 0.30, 0.00, 0.00, 1.67, 0.84, 0.47, 0.00, 0.00, 1.00, 1.00, 1.00, 1.00, 0.00, 1.00, 1.00, 1.00, 0.00, 0.00, 0.00, 1.00, 1.00, 1.00, 0.00, 1.00
4954,  0,  165.100,  0.98,  1, 0.00, 0.00, 1.37, 0.00, 0.76, 2.06, 0.00, 0.49, 0.95, 1.58, 0.00, 0.28, 0.00, 0.00, 1.69, 0.75, 0.35, 0.00, 0.00, 1.00, 1.00, 1.00, 1.00, 0.00, 1.00, 1.00, 1.00, 0.00, 0.00, 0.00, 1.00, 1.00, 1.00, 0.00, 1.00
4955,  0,  165.133,  0.98,  1, 0.00, 0.00, 1.39, 0.00, 0.77, 2.11, 0.00, 0.46, 0.94, 1.57, 0.00, 0.27, 0.00, 0.00, 1.72, 0.62, 0.52, 0.00, 0.00, 1.00, 1.00, 1.00, 1.00, 0.00, 1.00, 1.00, 1.00, 0.00, 0.00, 0.00, 1.00, 1.00, 1.00, 0.00, 1.00
4956,  0,  165.167,  0.98,  1, 0.00, 0.00, 1.50, 0.00, 0.82, 1.84, 0.00, 0.48, 1.04, 1.47, 0.00, 0.20, 0.01, 0.00, 1.65, 0.55, 1.10, 0.00, 0.00, 1.00, 1.00, 1.00, 1.00, 0.00, 1.00, 1.00, 1.00, 0.00, 0.00, 0.00, 1.00, 1.00, 1.00, 0.00, 1.00
4957,  0,  165.200,  0.98,  1, 0.00, 0.00, 1.44, 0.05, 0.80, 1.68, 0.00, 0.55, 1.14, 1.37, 0.00, 0.17, 0.08, 0.00, 1.61, 0.55, 1.91, 0.00, 0.00, 1.00, 1.00, 1.00, 1.00, 0.00, 1.00, 1.00, 1.00, 0.00, 0.00, 0.00, 1.00, 1.00, 1.00, 0.00, 1.00
4958,  0,  165.233,  0.98,  1, 0.00, 0.00, 1.46, 0.10, 0.84, 1.53, 0.05, 0.64, 1.20, 1.36, 0.00, 0.17, 0.08, 0.00, 1.54, 0.65, 2.43, 0.00, 0.00, 1.00, 1.00, 1.00, 1.00, 0.00, 1.00, 1.00, 1.00, 0.00, 0.00, 0.00, 1.00, 1.00, 0.00, 0.00, 1.00
4959,  0,  165.267,  0.98,  1, 0.00, 0.00, 1.45, 0.10, 0.92, 1.73, 0.08, 0.61, 1.11, 1.34, 0.00, 0.20, 0.07, 0.00, 1.53, 0.62, 2.32, 0.00, 0.00, 1.00, 1.00, 1.00, 1.00, 0.00, 1.00, 1.00, 1.00, 0.00, 0.00, 0.00, 1.00, 1.00, 0.00, 0.00, 1.00
4960,  0,  165.300,  0.98,  1, 0.00, 0.00, 1.55, 0.05, 1.04, 2.13, 0.11, 0.55, 1.06, 1.37, 0.00, 0.23, 0.04, 0.00, 1.48, 0.59, 1.86, 0.00, 0.00, 1.00, 1.00, 1.00, 1.00, 0.00, 1.00, 1.00, 1.00, 0.00, 0.00, 0.00, 1.00, 1.00, 0.00, 0.00, 1.00
4961,  0,  165.333,  0.98,  1, 0.00, 0.00, 1.48, 0.00, 1.13, 2.33, 0.06, 0.48, 1.00, 1.40, 0.00, 0.23, 0.16, 0.00, 1.48, 0.50, 1.28, 0.00, 0.00, 1.00, 1.00, 1.00, 1.00, 0.00, 1.00, 1.00, 1.00, 0.00, 0.00, 0.00, 1.00, 1.00, 0.00, 0.00, 1.00
4962,  0,  165.367,  0.98,  1, 0.00, 0.00, 1.43, 0.00, 1.11, 2.42, 0.03, 0.46, 0.95, 1.52, 0.00, 0.25, 0.21, 0.00, 1.46, 0.40, 0.76, 0.00, 0.00, 1.00, 1.00, 1.00, 1.00, 0.00, 1.00, 1.00, 1.00, 0.00, 0.00, 0.00, 1.00, 1.00, 0.00, 0.00, 1.00
4963,  0,  165.400,  0.98,  1, 0.00, 0.00, 1.27, 0.00, 1.08, 2.28, 0.00, 0.47, 0.91, 1.55, 0.00, 0.23, 0.23, 0.00, 1.47, 0.40, 0.35, 0.00, 0.00, 1.00, 1.00, 1.00, 1.00, 0.00, 1.00, 1.00, 1.00, 0.00, 0.00, 0.00, 1.00, 1.00, 0.00, 0.00, 1.00
4964,  0,  165.433,  0.98,  1, 0.00, 0.00, 1.22, 0.00, 1.00, 2.23, 0.00, 0.46, 0.91, 1.48, 0.00, 0.24, 0.21, 0.00, 1.43, 0.39, 0.19, 0.00, 0.00, 1.00, 1.00, 1.00, 1.00, 0.00, 1.00, 1.00, 1.00, 0.00, 0.00, 0.00, 1.00, 1.00, 0.00, 0.00, 0.00
4965,  0,  165.467,  0.98,  1, 0.00, 0.00, 1.19, 0.00, 0.97, 2.12, 0.00, 0.47, 0.93, 1.44, 0.00, 0.26, 0.25, 0.00, 1.45, 0.44, 0.16, 0.00, 0.00, 1.00, 1.00, 1.00, 1.00, 0.00, 1.00, 1.00, 1.00, 0.00, 0.00, 0.00, 1.00, 1.00, 0.00, 0.00, 0.00
4966,  0,  165.500,  0.98,  1, 0.00, 0.00, 1.20, 0.00, 0.99, 2.20, 0.00, 0.46, 1.00, 1.24, 0.00, 0.33, 0.23, 0.00, 1.44, 0.40, 0.15, 0.00, 0.00, 1.00, 1.00, 1.00, 1.00, 0.00, 1.00, 1.00, 1.00, 0.00, 0.00, 0.00, 1.00, 1.00, 0.00, 0.00, 0.00
4967,  0,  165.533,  0.98,  1, 0.00, 0.01, 1.23, 0.00, 1.01, 2.23, 0.00, 0.46, 1.07, 1.19, 0.00, 0.38, 0.20, 0.00, 1.41, 0.34, 0.07, 0.00, 0.00, 1.00, 1.00, 1.00, 1.00, 0.00, 1.00, 1.00, 1.00, 0.00, 0.00, 0.00, 1.00, 1.00, 0.00, 0.00, 0.00
4968,  0,  165.567,  0.98,  1, 0.00, 0.01, 1.28, 0.00, 0.95, 2.12, 0.00, 0.37, 1.13, 1.29, 0.00, 0.45, 0.17, 0.00, 1.29, 0.37, 0.00, 0.00, 0.00, 1.00, 1.00, 1.00, 1.00, 0.00, 1.00, 1.00, 1.00, 0.00, 0.00, 0.00, 1.00, 1.00, 0.00, 0.00, 0.00
4969,  0,  165.600,  0.98,  1, 0.00, 0.01, 1.32, 0.00, 0.90, 2.07, 0.00, 0.31, 1.07, 1.64, 0.00, 0.54, 0.14, 0.00, 1.16, 0.45, 0.00, 0.00, 0.00, 1.00, 1.00, 1.00, 1.00, 0.00, 1.00, 1.00, 1.00, 0.00, 0.00, 0.00, 1.00, 1.00, 0.00, 0.00, 0.00
4970,  0,  165.633,  0.98,  1, 0.00, 0.00, 1.28, 0.00, 0.79, 1.90, 0.00, 0.23, 0.96, 1.82, 0.00, 0.63, 0.06, 0.00, 1.08, 0.43, 0.00, 0.00, 0.00, 1.00, 1.00, 1.00, 1.00, 0.00, 1.00, 1.00, 1.00, 0.00, 1.00, 0.00, 1.00, 1.00, 0.00, 0.00, 0.00
4971,  0,  165.667,  0.98,  1, 0.00, 0.00, 1.23, 0.00, 0.75, 1.89, 0.00, 0.21, 0.82, 1.73, 0.00, 0.71, 0.00, 0.00, 0.93, 0.26, 0.00, 0.00, 0.00, 1.00, 1.00, 1.00, 1.00, 0.00, 1.00, 1.00, 1.00, 0.00, 1.00, 0.00, 1.00, 1.00, 0.00, 0.00, 0.00
4972,  0,  165.700,  0.98,  1, 0.00, 0.00, 1.24, 0.00, 0.68, 1.75, 0.00, 0.15, 0.70, 1.62, 0.00, 0.74, 0.00, 0.02, 0.73, 0.08, 0.00, 0.00, 0.00, 1.00, 1.00, 1.00, 1.00, 0.00, 1.00, 1.00, 1.00, 0.00, 1.00, 0.00, 1.00, 0.00, 0.00, 0.00, 0.00
4973,  0,  165.733,  0.98,  1, 0.00, 0.00, 1.24, 0.00, 0.63, 1.71, 0.00, 0.15, 0.60, 1.55, 0.00, 0.82, 0.00, 0.07, 0.54, 0.02, 0.00, 0.00, 0.00, 1.00, 1.00, 0.00, 1.00, 0.00, 1.00, 1.00, 1.00, 0.00, 1.00, 0.00, 1.00, 0.00, 0.00, 0.00, 0.00
4974,  0,  165.767,  0.98,  1, 0.00, 0.00, 1.24, 0.00, 0.61, 1.84, 0.00, 0.13, 0.50, 1.48, 0.00, 0.88, 0.00, 0.14, 0.49, 0.02, 0.00, 0.00, 0.00, 1.00, 1.00, 0.00, 1.00, 0.00, 1.00, 1.00, 1.00, 0.00, 1.00, 0.00, 1.00, 0.00, 0.00, 0.00, 0.00
4975,  0,  165.800,  0.98,  1, 0.00, 0.00, 1.18, 0.08, 0.57, 1.78, 0.00, 0.23, 0.42, 1.45, 0.05, 0.92, 0.04, 0.17, 0.45, 0.03, 0.00, 0.00, 0.00, 1.00, 1.00, 0.00, 1.00, 0.00, 1.00, 0.00, 1.00, 0.00, 1.00, 0.00, 1.00, 0.00, 0.00, 0.00, 0.00
4976,  0,  165.833,  0.98,  1, 0.00, 0.00, 1.21, 0.07, 0.58, 1.73, 0.01, 0.28, 0.35, 1.46, 0.11, 0.92, 0.11, 0.15, 0.44, 0.03, 0.01, 0.00, 0.00, 1.00, 1.00, 0.00, 1.00, 0.00, 1.00, 0.00, 1.00, 0.00, 1.00, 0.00, 1.00, 0.00, 0.00, 0.00, 0.00
4977,  0,  165.867,  0.98,  1, 0.00, 0.00, 1.17, 0.09, 0.54, 1.54, 0.01, 0.32, 0.32, 1.53, 0.16, 0.91, 0.19, 0.14, 0.44, 0.03, 0.01, 0.00, 0.00, 1.00, 1.00, 0.00, 1.00, 0.00, 1.00, 0.00, 1.00, 0.00, 1.00, 0.00, 1.00, 0.00, 0.00, 0.00, 0.00
4978,  0,  165.900,  0.98,  1, 0.00, 0.00, 1.25, 0.01, 0.55, 1.66, 0.01, 0.25, 0.28, 1.45, 0.22, 0.95, 0.21, 0.14, 0.32, 0.04, 0.01, 0.00, 0.00, 1.00, 1.00, 0.00, 1.00, 0.00, 1.00, 0.00, 1.00, 0.00, 1.00, 0.00, 1.00, 0.00, 0.00, 0.00, 0.00
4979,  0,  165.933,  0.98,  1, 0.02, 0.00, 1.35, 0.09, 0.54, 1.81, 0.00, 0.22, 0.28, 1.37, 0.15, 0.93, 0.14, 0.15, 0.24, 0.06, 0.00, 0.00, 0.00, 1.00, 1.00, 0.00, 1.00, 0.00, 1.00, 0.00, 1.00, 0.00, 1.00, 0.00, 1.00, 0.00, 0.00, 0.00, 0.00
4980,  0,  165.967,  0.98,  1, 0.02, 0.00, 1.33, 0.07, 0.60, 1.81, 0.00, 0.22, 0.33, 1.30, 0.19, 0.97, 0.10, 0.14, 0.08, 0.04, 0.00, 0.00, 0.00, 1.00, 1.00, 1.00, 1.00, 0.00, 1.00, 0.00, 1.00, 0.00, 1.00, 0.00, 1.00, 0.00, 0.00, 0.00, 0.00
4981,  0,  166.000,  0.98,  1, 0.02, 0.00, 1.18, 0.07, 0.67, 1.74, 0.00, 0.23, 0.39, 1.33, 0.14, 0.97, 0.06, 0.13, 0.08, 0.02, 0.00, 0.00, 0.00, 1.00, 1.00, 1.00, 1.00, 0.00, 1.00, 0.00, 1.00, 0.00, 1.00, 0.00, 1.00, 0.00, 0.00, 0.00, 0.00
4982,  0,  166.033,  0.98,  1, 0.00, 0.00, 0.96, 0.02, 0.75, 1.64, 0.00, 0.25, 0.43, 1.38, 0.22, 1.03, 0.13, 0.11, 0.00, 0.00, 0.00, 0.00, 0.00, 1.00, 1.00, 1.00, 1.00, 0.00, 1.00, 0.00, 1.00, 0.00, 1.00, 0.00, 1.00, 0.00, 0.00, 0.00, 0.00
4983,  0,  166.067,  0.98,  1, 0.00, 0.00, 0.92, 0.02, 0.81, 1.72, 0.00, 0.22, 0.45, 1.41, 0.16, 0.99, 0.22, 0.11, 0.00, 0.00, 0.00, 0.00, 0.00, 1.00, 1.00, 1.00, 1.00, 0.00, 1.00, 0.00, 1.00, 0.00, 1.00, 0.00, 1.00, 0.00, 0.00, 0.00, 0.00
4984,  0,  166.100,  0.98,  1, 0.00, 0.00, 0.91, 0.02, 0.80, 1.73, 0.00, 0.19, 0.45, 1.42, 0.10, 0.99, 0.26, 0.09, 0.00, 0.00, 0.00, 0.00, 0.00, 1.00, 1.00, 1.00, 1.00, 0.00, 1.00, 0.00, 1.00, 0.00, 1.00, 0.00, 1.00, 0.00, 0.00, 0.00, 0.00
4985,  0,  166.133,  0.98,  1, 0.00, 0.00, 0.92, 0.00, 0.75, 1.69, 0.00, 0.18, 0.44, 1.40, 0.03, 0.93, 0.21, 0.10, 0.10, 0.00, 0.00, 0.00, 0.00, 1.00, 1.00, 1.00, 1.00, 0.00, 1.00, 0.00, 1.00, 0.00, 1.00, 0.00, 1.00, 0.00, 0.00, 0.00, 0.00
4986,  0,  166.167,  0.98,  1, 0.00, 0.00, 0.87, 0.00, 0.70, 1.65, 0.00, 0.26, 0.43, 1.38, 0.00, 0.91, 0.17, 0.11, 0.15, 0.03, 0.00, 0.00, 0.00, 1.00, 1.00, 1.00, 1.00, 0.00, 1.00, 0.00, 1.00, 0.00, 1.00, 0.00, 1.00, 0.00, 0.00, 0.00, 0.00
4987,  0,  166.200,  0.98,  1, 0.00, 0.00, 0.86, 0.00, 0.70, 1.60, 0.00, 0.33, 0.42, 1.39, 0.00, 0.87, 0.17, 0.11, 0.25, 0.15, 0.00, 0.00, 0.00, 1.00, 1.00, 1.00, 1.00, 0.00, 1.00, 0.00, 1.00, 0.00, 1.00, 0.00, 1.00, 0.00, 0.00, 0.00, 0.00
4988,  0,  166.233,  0.98,  1, 0.00, 0.00, 0.89, 0.00, 0.73, 1.65, 0.00, 0.42, 0.43, 1.48, 0.00, 0.86, 0.26, 0.10, 0.25, 0.27, 0.00, 0.00, 0.00, 1.00, 1.00, 0.00, 1.00, 0.00, 1.00, 0.00, 1.00, 0.00, 1.00, 0.00, 1.00, 0.00, 0.00, 0.00, 0.00
4989,  0,  166.267,  0.98,  1, 0.00, 0.00, 0.91, 0.00, 0.74, 1.63, 0.00, 0.41, 0.45, 1.54, 0.00, 0.84, 0.24, 0.10, 0.45, 0.33, 0.00, 0.00, 0.00, 1.00, 1.00, 0.00, 1.00, 0.00, 1.00, 0.00, 1.00, 0.00, 1.00, 0.00, 1.00, 0.00, 0.00, 0.00, 0.00
4990,  0,  166.300,  0.98,  1, 0.00, 0.02, 1.00, 0.00, 0.66, 1.66, 0.00, 0.38, 0.54, 1.47, 0.00, 0.81, 0.18, 0.07, 0.74, 0.38, 0.00, 0.00, 0.00, 1.00, 1.00, 0.00, 1.00, 0.00, 1.00, 0.00, 1.00, 0.00, 1.00, 0.00, 1.00, 0.00, 0.00, 0.00, 0.00
4991,  0,  166.333,  0.98,  1, 0.00, 0.02, 1.09, 0.00, 0.62, 1.66, 0.00, 0.32, 0.63, 1.31, 0.00, 0.70, 0.14, 0.04, 0.99, 0.39, 0.00, 0.00, 0.00, 1.00, 1.00, 1.00, 1.00, 0.00, 1.00, 0.00, 1.00, 0.00, 1.00, 0.00, 1.00, 0.00, 0.00, 0.00, 0.00
4992,  0,  166.367,  0.98,  1, 0.02, 0.08, 1.24, 0.00, 0.62, 1.75, 0.02, 0.33, 0.70, 1.25, 0.00, 0.72, 0.09, 0.00, 1.14, 0.44, 0.00, 0.00, 0.00, 1.00, 1.00, 0.00, 1.00, 0.00, 1.00, 0.00, 1.00, 0.00, 1.00, 0.00, 1.00, 1.00, 0.00, 0.00, 0.00
4993,  0,  166.400,  0.98,  1, 0.02, 0.07, 1.32, 0.08, 0.71, 1.82, 0.06, 0.36, 0.73, 1.38, 0.00, 0.73, 0.08, 0.00, 1.27, 0.49, 0.00, 0.00, 0.00, 1.00, 1.00, 0.00, 1.00, 0.00, 1.00, 1.00, 1.00, 0.00, 1.00, 0.00, 1.00, 1.00, 0.00, 0.00, 0.00
4994,  0,  166.433,  0.98,  1, 0.05, 0.07, 1.36, 0.11, 0.75, 1.83, 0.09, 0.46, 0.79, 1.55, 0.00, 0.79, 0.00, 0.00, 1.42, 0.57, 0.00, 0.00, 0.00, 1.00, 1.00, 0.00, 1.00, 0.00, 1.00, 1.00, 1.00, 0.00, 0.00, 0.00, 1.00, 1.00, 1.00, 0.00, 0.00
4995,  0,  166.467,  0.98,  1, 0.09, 0.08, 1.45, 0.21, 0.73, 1.80, 0.09, 0.51, 0.85, 1.64, 0.00, 0.68, 0.00, 0.00, 1.52, 0.66, 0.00, 0.00, 0.00, 1.00, 1.00, 0.00, 1.00, 0.00, 1.00, 0.00, 1.00, 0.00, 0.00, 0.00, 1.00, 1.00, 1.00, 0.00, 0.00
4996,  0,  166.500,  0.98,  1, 0.19, 0.21, 1.52, 0.25, 0.70, 1.76, 0.07, 0.56, 0.87, 1.68, 0.00, 0.61, 0.00, 0.00, 1.48, 0.70, 0.00, 0.00, 0.00, 1.00, 1.00, 0.00, 1.00, 0.00, 1.00, 0.00, 1.00, 0.00, 0.00, 0.00, 1.00, 1.00, 1.00, 0.00, 0.00
4997,  0,  166.533,  0.98,  1, 0.21, 0.25, 1.55, 0.29, 0.68, 1.75, 0.06, 0.58, 0.87, 1.66, 0.00, 0.55, 0.00, 0.00, 1.45, 0.72, 0.00, 0.00, 0.00, 1.00, 1.00, 0.00, 1.00, 0.00, 1.00, 0.00, 1.00, 0.00, 0.00, 0.00, 1.00, 1.00, 1.00, 0.00, 0.00
4998,  0,  166.567,  0.98,  1, 0.27, 0.23, 1.53, 0.20, 0.70, 1.82, 0.06, 0.63, 0.87, 1.63, 0.00, 0.48, 0.00, 0.00, 1.39, 0.64, 0.00, 0.00, 0.00, 1.00, 1.00, 0.00, 1.00, 0.00, 1.00, 0.00, 1.00, 0.00, 0.00, 0.00, 1.00, 1.00, 1.00, 0.00, 0.00
4999,  0,  166.600,  0.98,  1, 0.23, 0.10, 1.49, 0.07, 0.70, 1.88, 0.07, 0.65, 0.88, 1.58, 0.00, 0.41, 0.00, 0.00, 1.38, 0.47, 0.00, 0.00, 0.00, 1.00, 1.00, 0.00, 1.00, 0.00, 1.00, 0.00, 1.00, 0.00, 0.00, 0.00, 1.00, 1.00, 1.00, 0.00, 0.00
5000,  0,  166.633,  0.98,  1, 0.27, 0.12, 1.51, 0.02, 0.69, 1.84, 0.08, 0.67, 0.93, 1.62, 0.00, 0.34, 0.00, 0.00, 1.35, 0.35, 0.00, 0.00, 0.00, 1.00, 1.00, 0.00, 1.00, 0.00, 1.00, 0.00, 1.00, 0.00, 0.00, 0.00, 1.00, 1.00, 1.00, 0.00, 0.00
5001,  0,  166.667,  0.98,  1, 0.22, 0.08, 1.52, 0.03, 0.66, 1.81, 0.09, 0.74, 0.99, 1.58, 0.00, 0.27, 0.00, 0.00, 1.43, 0.37, 0.00, 0.00, 0.00, 1.00, 1.00, 0.00, 1.00, 0.00, 1.00, 1.00, 1.00, 0.00, 0.00, 0.00, 1.00, 1.00, 1.00, 0.00, 0.00
5002,  0,  166.700,  0.98,  1, 0.24, 0.08, 1.39, 0.03, 0.68, 1.65, 0.05, 0.67, 1.06, 1.60, 0.00, 0.29, 0.00, 0.00, 1.38, 0.39, 0.00, 0.00, 0.00, 1.00, 1.00, 0.00, 1.00, 0.00, 1.00, 1.00, 1.00, 0.00, 0.00, 0.00, 1.00, 1.00, 1.00, 0.00, 0.00
5003,  0,  166.733,  0.98,  1, 0.25, 0.19, 1.23, 0.01, 0.67, 1.62, 0.02, 0.48, 1.10, 1.57, 0.00, 0.31, 0.00, 0.00, 1.42, 0.43, 0.00, 0.00, 0.00, 1.00, 1.00, 0.00, 1.00, 0.00, 1.00, 1.00, 1.00, 0.00, 0.00, 0.00, 1.00, 1.00, 1.00, 0.00, 0.00
5004,  0,  166.767,  0.98,  1, 0.18, 0.18, 1.12, 0.00, 0.70, 1.57, 0.02, 0.27, 1.03, 1.50, 0.00, 0.36, 0.01, 0.00, 1.38, 0.41, 0.00, 0.00, 0.00, 1.00, 1.00, 0.00, 1.00, 0.00, 1.00, 1.00, 1.00, 0.00, 0.00, 0.00, 1.00, 1.00, 0.00, 0.00, 0.00
5005,  0,  166.800,  0.98,  1, 0.10, 0.18, 1.15, 0.00, 0.69, 1.56, 0.05, 0.21, 0.95, 1.35, 0.00, 0.31, 0.01, 0.00, 1.43, 0.48, 0.00, 0.00, 0.00, 1.00, 1.00, 0.00, 1.00, 0.00, 1.00, 1.00, 1.00, 0.00, 0.00, 0.00, 1.00, 1.00, 0.00, 0.00, 0.00
5006,  0,  166.833,  0.98,  1, 0.00, 0.02, 1.15, 0.00, 0.72, 1.56, 0.08, 0.24, 0.85, 1.20, 0.00, 0.29, 0.03, 0.00, 1.45, 0.54, 0.00, 0.00, 0.00, 1.00, 1.00, 0.00, 1.00, 0.00, 1.00, 1.00, 1.00, 0.00, 0.00, 0.00, 1.00, 1.00, 0.00, 0.00, 0.00
5007,  0,  166.867,  0.98,  1, 0.01, 0.03, 1.17, 0.00, 0.68, 1.52, 0.06, 0.25, 0.86, 1.19, 0.00, 0.29, 0.02, 0.00, 1.49, 0.56, 0.00, 0.00, 0.00, 1.00, 1.00, 0.00, 1.00, 0.00, 1.00, 1.00, 1.00, 0.00, 0.00, 0.00, 1.00, 1.00, 0.00, 0.00, 0.00
5008,  0,  166.900,  0.98,  1, 0.02, 0.12, 1.17, 0.00, 0.66, 1.52, 0.03, 0.29, 0.86, 1.23, 0.00, 0.32, 0.02, 0.00, 1.54, 0.60, 0.00, 0.00, 0.00, 1.00, 1.00, 0.00, 1.00, 0.00, 1.00, 1.00, 1.00, 0.00, 0.00, 0.00, 1.00, 1.00, 0.00, 0.00, 0.00
5009,  0,  166.933,  0.98,  1, 0.05, 0.17, 1.18, 0.00, 0.66, 1.55, 0.01, 0.30, 0.86, 1.24, 0.00, 0.39, 0.00, 0.00, 1.56, 0.58, 0.00, 0.00, 0.00, 1.00, 1.00, 0.00, 1.00, 0.00, 1.00, 1.00, 1.00, 0.00, 0.00, 0.00, 1.00, 1.00, 0.00, 0.00, 0.00
5010,  0,  166.967,  0.98,  1, 0.04, 0.16, 1.14, 0.00, 0.64, 1.63, 0.07, 0.32, 0.83, 1.25, 0.00, 0.49, 0.00, 0.00, 1.55, 0.60, 0.00, 0.00, 0.00, 1.00, 1.00, 0.00, 1.00, 0.00, 1.00, 0.00, 1.00, 0.00, 0.00, 0.00, 1.00, 1.00, 0.00, 0.00, 0.00
5011,  0,  167.000,  0.98,  1, 0.03, 0.08, 1.17, 0.00, 0.64, 1.77, 0.15, 0.37, 0.80, 1.18, 0.00, 0.55, 0.00, 0.00, 1.55, 0.58, 0.00, 0.00, 0.00, 1.00, 1.00, 0.00, 1.00, 0.00, 1.00, 0.00, 1.00, 0.00, 0.00, 0.00, 1.00, 1.00, 0.00, 0.00, 0.00
5012,  0,  167.033,  0.98,  1, 0.02, 0.04, 1.23, 0.00, 0.61, 1.83, 0.21, 0.45, 0.79, 1.16, 0.00, 0.56, 0.00, 0.00, 1.55, 0.62, 0.00, 0.00, 0.00, 1.00, 1.00, 0.00, 1.00, 0.00, 1.00, 0.00, 1.00, 0.00, 0.00, 0.00, 1.00, 1.00, 0.00, 0.00, 0.00
5013,  0,  167.067,  0.98,  1, 0.02, 0.02, 1.26, 0.00, 0.60, 1.73, 0.19, 0.50, 0.80, 1.12, 0.00, 0.53, 0.00, 0.00, 1.60, 0.69, 0.00, 0.00, 0.00, 1.00, 1.00, 0.00, 1.00, 0.00, 1.00, 0.00, 1.00, 0.00, 0.00, 0.00, 1.00, 1.00, 0.00, 0.00, 0.00
5014,  0,  167.100,  0.98,  1, 0.04, 0.01, 1.24, 0.00, 0.56, 1.55, 0.11, 0.47, 0.80, 1.17, 0.00, 0.56, 0.00, 0.00, 1.49, 0.67, 0.00, 0.00, 0.00, 1.00, 1.00, 0.00, 1.00, 0.00, 1.00, 0.00, 1.00, 0.00, 0.00, 0.00, 1.00, 1.00, 0.00, 0.00, 0.00
5015,  0,  167.133,  0.98,  1, 0.02, 0.00, 1.29, 0.00, 0.50, 1.46, 0.03, 0.37, 0.81, 1.22, 0.00, 0.61, 0.00, 0.00, 1.36, 0.60, 0.00, 0.00, 0.00, 1.00, 1.00, 0.00, 1.00, 0.00, 1.00, 0.00, 1.00, 0.00, 0.00, 0.00, 1.00, 1.00, 0.00, 0.00, 0.00
5016,  0,  167.167,  0.98,  1, 0.02, 0.00, 1.37, 0.00, 0.46, 1.49, 0.00, 0.24, 0.81, 1.23, 0.00, 0.67, 0.00, 0.00, 1.13, 0.60, 0.00, 0.00, 0.00, 1.00, 1.00, 0.00, 1.00, 0.00, 1.00, 0.00, 1.00, 0.00, 1.00, 0.00, 1.00, 1.00, 0.00, 0.00, 0.00
5017,  0,  167.200,  0.98,  1, 0.00, 0.00, 1.43, 0.00, 0.42, 1.59, 0.04, 0.12, 0.79, 1.22, 0.00, 0.67, 0.00, 0.00, 1.07, 0.62, 0.00, 0.00, 0.00, 1.00, 1.00, 0.00, 1.00, 0.00, 1.00, 0.00, 1.00, 0.00, 1.00, 0.00, 1.00, 1.00, 1.00, 0.00, 0.00
5018,  0,  167.233,  0.98,  1, 0.00, 0.00, 1.39, 0.00, 0.44, 1.56, 0.09, 0.05, 0.77, 1.20, 0.00, 0.68, 0.00, 0.00, 1.16, 0.69, 0.00, 0.00, 0.00, 1.00, 1.00, 0.00, 1.00, 0.00, 1.00, 0.00, 1.00, 0.00, 1.00, 0.00, 1.00, 1.00, 1.00, 0.00, 0.00
5019,  0,  167.267,  0.98,  1, 0.00, 0.00, 1.34, 0.00, 0.42, 1.64, 0.09, 0.04, 0.75, 1.18, 0.00, 0.62, 0.00, 0.00, 1.32, 0.62, 0.00, 0.00, 0.00, 1.00, 1.00, 0.00, 1.00, 0.00, 1.00, 0.00, 1.00, 0.00, 1.00, 0.00, 1.00, 1.00, 1.00, 0.00, 0.00
5020,  0,  167.300,  0.98,  1, 0.00, 0.00, 1.23, 0.00, 0.40, 1.54, 0.05, 0.08, 0.74, 1.18, 0.00, 0.54, 0.00, 0.00, 1.46, 0.62, 0.00, 0.00, 0.00, 1.00, 1.00, 0.00, 1.00, 0.00, 1.00, 0.00, 1.00, 0.00, 0.00, 0.00, 1.00, 1.00, 1.00, 0.00, 0.00
5021,  0,  167.333,  0.98,  1, 0.00, 0.00, 1.13, 0.00, 0.36, 1.47, 0.00, 0.16, 0.71, 1.11, 0.00, 0.47, 0.00, 0.00, 1.42, 0.58, 0.00, 0.00, 0.00, 1.00, 1.00, 0.00, 1.00, 0.00, 1.00, 0.00, 1.00, 0.00, 0.00, 0.00, 1.00, 1.00, 1.00, 0.00, 0.00
5022,  0,  167.367,  0.98,  1, 0.00, 0.00, 1.04, 0.00, 0.38, 1.35, 0.01, 0.26, 0.70, 1.13, 0.00, 0.42, 0.00, 0.00, 1.38, 0.62, 0.00, 0.00, 0.00, 1.00, 1.00, 0.00, 1.00, 0.00, 1.00, 0.00, 1.00, 0.00, 0.00, 0.00, 1.00, 1.00, 1.00, 0.00, 0.00
5023,  0,  167.400,  0.98,  1, 0.01, 0.00, 1.07, 0.00, 0.40, 1.40, 0.01, 0.31, 0.69, 1.12, 0.00, 0.41, 0.00, 0.00, 1.34, 0.61, 0.00, 0.00, 0.00, 1.00, 1.00, 0.00, 1.00, 0.00, 1.00, 0.00, 1.00, 0.00, 0.00, 0.00, 1.00, 1.00, 1.00, 0.00, 0.00
5024,  0,  167.433,  0.98,  1, 0.01, 0.00, 1.16, 0.00, 0.36, 1.50, 0.03, 0.28, 0.67, 1.16, 0.00, 0.38, 0.00, 0.00, 1.31, 0.56, 0.00, 0.00, 0.00, 1.00, 1.00, 0.00, 1.00, 0.00, 1.00, 0.00, 1.00, 0.00, 0.00, 0.00, 1.00, 1.00, 0.00, 0.00, 0.00
5025,  0,  167.467,  0.98,  1, 0.01, 0.00, 1.20, 0.00, 0.34, 1.56, 0.03, 0.20, 0.66, 1.19, 0.00, 0.43, 0.00, 0.00, 1.24, 0.46, 0.00, 0.00, 0.00, 1.00, 1.00, 0.00, 1.00, 0.00, 1.00, 0.00, 1.00, 0.00, 0.00, 0.00, 1.00, 1.00, 0.00, 0.00, 0.00
5026,  0,  167.500,  0.98,  1, 0.00, 0.00, 1.19, 0.00, 0.36, 1.61, 0.03, 0.19, 0.66, 1.20, 0.00, 0.47, 0.00, 0.00, 1.20, 0.42, 0.00, 0.00, 0.00, 1.00, 1.00, 0.00, 1.00, 0.00, 1.00, 0.00, 1.00, 0.00, 0.00, 0.00, 1.00, 1.00, 0.00, 0.00, 0.00
5027,  0,  167.533,  0.98,  1, 0.00, 0.00, 1.08, 0.00, 0.39, 1.59, 0.00, 0.27, 0.62, 1.29, 0.00, 0.53, 0.00, 0.00, 1.15, 0.44, 0.00, 0.00, 0.00, 1.00, 1.00, 0.00, 1.00, 0.00, 1.00, 0.00, 1.00, 0.00, 0.00, 0.00, 1.00, 1.00, 0.00, 0.00, 0.00
5028,  0,  167.567,  0.98,  1, 0.00, 0.00, 0.99, 0.00, 0.44, 1.53, 0.02, 0.28, 0.59, 1.27, 0.00, 0.58, 0.00, 0.00, 1.08, 0.49, 0.00, 0.00, 0.00, 1.00, 1.00, 0.00, 1.00, 0.00, 1.00, 0.00, 1.00, 0.00, 0.00, 0.00, 1.00, 1.00, 0.00, 0.00, 0.00
5029,  0,  167.600,  0.98,  1, 0.00, 0.00, 1.01, 0.00, 0.43, 1.52, 0.02, 0.31, 0.59, 1.30, 0.00, 0.60, 0.00, 0.00, 1.04, 0.59, 0.00, 0.00, 0.00, 1.00, 1.00, 0.00, 1.00, 0.00, 1.00, 0.00, 1.00, 0.00, 1.00, 0.00, 1.00, 1.00, 0.00, 0.00, 0.00
5030,  0,  167.633,  0.98,  1, 0.04, 0.00, 1.14, 0.04, 0.46, 1.58, 0.05, 0.29, 0.61, 1.29, 0.00, 0.65, 0.00, 0.00, 1.01, 0.57, 0.01, 0.00, 0.00, 1.00, 1.00, 0.00, 1.00, 0.00, 1.00, 0.00, 1.00, 0.00, 1.00, 0.00, 1.00, 1.00, 0.00, 0.00, 0.00
5031,  0,  167.667,  0.98,  1, 0.04, 0.00, 1.31, 0.06, 0.43, 1.66, 0.06, 0.31, 0.62, 1.33, 0.00, 0.65, 0.00, 0.00, 1.06, 0.55, 0.03, 0.00, 0.00, 1.00, 1.00, 0.00, 1.00, 0.00, 1.00, 0.00, 1.00, 0.00, 1.00, 0.00, 1.00, 1.00, 0.00, 0.00, 0.00
5032,  0,  167.700,  0.98,  1, 0.04, 0.00, 1.35, 0.06, 0.43, 1.68, 0.10, 0.30, 0.62, 1.29, 0.00, 0.72, 0.00, 0.00, 1.04, 0.47, 0.07, 0.00, 0.00, 1.00, 1.00, 0.00, 1.00, 0.00, 1.00, 0.00, 1.00, 0.00, 1.00, 0.00, 1.00, 1.00, 0.00, 0.00, 0.00
5033,  0,  167.733,  0.98,  1, 0.00, 0.00, 1.37, 0.02, 0.43, 1.68, 0.10, 0.29, 0.66, 1.22, 0.00, 0.73, 0.00, 0.00, 1.00, 0.47, 0.10, 0.00, 0.00, 1.00, 1.00, 0.00, 1.00, 0.00, 1.00, 0.00, 1.00, 0.00, 1.00, 0.00, 1.00, 1.00, 0.00, 0.00, 0.00
5034,  0,  167.767,  0.98,  1, 0.00, 0.00, 1.28, 0.00, 0.44, 1.65, 0.06, 0.33, 0.69, 1.22, 0.00, 0.75, 0.00, 0.00, 0.97, 0.49, 0.13, 0.00, 0.00, 1.00, 1.00, 0.00, 1.00, 0.00, 1.00, 0.00, 1.00, 0.00, 1.00, 0.00, 1.00, 1.00, 0.00, 0.00, 0.00
5035,  0,  167.800,  0.98,  1, 0.00, 0.00, 1.26, 0.00, 0.45, 1.56, 0.03, 0.36, 0.69, 1.24, 0.00, 0.72, 0.00, 0.00, 0.95, 0.52, 0.12, 0.00, 0.00, 1.00, 1.00, 0.00, 1.00, 0.00, 1.00, 1.00, 1.00, 0.00, 1.00, 0.00, 1.00, 1.00, 0.00, 0.00, 0.00
5036,  0,  167.833,  0.98,  1, 0.00, 0.00, 1.21, 0.06, 0.44, 1.45, 0.00, 0.35, 0.67, 1.29, 0.00, 0.74, 0.00, 0.00, 0.99, 0.63, 0.08, 0.00, 0.00, 1.00, 1.00, 0.00, 1.00, 0.00, 1.00, 1.00, 1.00, 0.00, 1.00, 0.00, 1.00, 1.00, 0.00, 0.00, 0.00
5037,  0,  167.867,  0.98,  1, 0.00, 0.00, 1.27, 0.06, 0.44, 1.40, 0.00, 0.39, 0.67, 1.30, 0.02, 0.72, 0.00, 0.00, 0.99, 0.72, 0.04, 0.00, 0.00, 1.00, 1.00, 0.00, 1.00, 0.00, 1.00, 1.00, 1.00, 0.00, 1.00, 0.00, 1.00, 1.00, 0.00, 0.00, 0.00
5038,  0,  167.900,  0.98,  1, 0.00, 0.00, 1.28, 0.06, 0.47, 1.39, 0.03, 0.36, 0.67, 1.33, 0.02, 0.74, 0.00, 0.00, 0.96, 0.75, 0.04, 0.00, 0.00, 1.00, 1.00, 0.00, 1.00, 0.00, 1.00, 0.00, 1.00, 0.00, 1.00, 0.00, 1.00, 1.00, 0.00, 0.00, 0.00
5039,  0,  167.933,  0.98,  1, 0.00, 0.00, 1.23, 0.00, 0.49, 1.36, 0.06, 0.35, 0.66, 1.34, 0.02, 0.72, 0.00, 0.00, 0.86, 0.63, 0.15, 0.00, 0.00, 1.00, 1.00, 0.00, 1.00, 0.00, 1.00, 0.00, 1.00, 0.00, 0.00, 0.00, 1.00, 1.00, 0.00, 0.00, 0.00
5040,  0,  167.967,  0.98,  1, 0.00, 0.10, 1.28, 0.00, 0.51, 1.31, 0.16, 0.30, 0.61, 1.42, 0.00, 0.64, 0.00, 0.00, 0.77, 0.51, 0.25, 0.00, 0.00, 1.00, 1.00, 0.00, 1.00, 0.00, 1.00, 0.00, 1.00, 0.00, 1.00, 0.00, 1.00, 0.00, 0.00, 0.00, 0.00
5041,  0,  168.000,  0.98,  1, 0.00, 0.10, 1.35, 0.00, 0.48, 1.27, 0.19, 0.27, 0.56, 1.44, 0.00, 0.59, 0.00, 0.00, 0.67, 0.41, 0.35, 0.00, 0.00, 1.00, 1.00, 0.00, 1.00, 0.00, 1.00, 0.00, 1.00, 0.00, 0.00, 0.00, 1.00, 0.00, 0.00, 0.00, 0.00
5042,  0,  168.033,  0.98,  1, 0.00, 0.12, 1.47, 0.03, 0.48, 1.24, 0.22, 0.28, 0.51, 1.49, 0.00, 0.57, 0.00, 0.00, 0.64, 0.37, 0.39, 0.00, 0.00, 1.00, 1.00, 0.00, 1.00, 0.00, 1.00, 0.00, 1.00, 0.00, 0.00, 0.00, 1.00, 0.00, 0.00, 0.00, 0.00
5043,  0,  168.067,  0.98,  1, 0.01, 0.07, 1.51, 0.02, 0.43, 1.27, 0.21, 0.24, 0.47, 1.44, 0.00, 0.59, 0.00, 0.00, 0.60, 0.33, 0.42, 0.00, 0.00, 1.00, 1.00, 0.00, 1.00, 0.00, 1.00, 0.00, 1.00, 0.00, 1.00, 0.00, 1.00, 0.00, 0.00, 0.00, 0.00
5044,  0,  168.100,  0.98,  1, 0.02, 0.10, 1.52, 0.02, 0.34, 1.31, 0.15, 0.22, 0.43, 1.37, 0.03, 0.69, 0.00, 0.00, 0.45, 0.21, 0.28, 0.00, 0.00, 1.00, 1.00, 0.00, 1.00, 0.00, 1.00, 0.00, 1.00, 0.00, 1.00, 0.00, 1.00, 0.00, 0.00, 0.00, 0.00
5045,  0,  168.133,  0.98,  1, 0.03, 0.09, 1.48, 0.00, 0.26, 1.38, 0.08, 0.13, 0.38, 1.20, 0.03, 0.80, 0.00, 0.01, 0.25, 0.11, 0.13, 0.00, 0.00, 1.00, 1.00, 0.00, 1.00, 0.00, 1.00, 0.00, 1.00, 0.00, 1.00, 0.00, 1.00, 0.00, 0.00, 0.00, 0.00
5046,  0,  168.167,  0.98,  1, 0.03, 0.04, 1.43, 0.00, 0.18, 1.36, 0.00, 0.09, 0.30, 1.11, 0.08, 1.04, 0.00, 0.04, 0.06, 0.00, 0.02, 0.00, 0.00, 1.00, 1.00, 0.00, 1.00, 0.00, 1.00, 0.00, 1.00, 0.00, 1.00, 0.00, 1.00, 0.00, 0.00, 0.00, 0.00
5047,  0,  168.200,  0.98,  1, 0.06, 0.03, 1.37, 0.00, 0.14, 1.43, 0.03, 0.03, 0.24, 1.07, 0.12, 1.13, 0.00, 0.06, 0.07, 0.00, 0.03, 0.00, 0.00, 1.00, 1.00, 0.00, 1.00, 0.00, 1.00, 0.00, 1.00, 0.00, 1.00, 0.00, 1.00, 0.00, 0.00, 0.00, 0.00
5048,  0,  168.233,  0.98,  1, 0.07, 0.03, 1.32, 0.00, 0.08, 1.32, 0.03, 0.03, 0.16, 1.03, 0.21, 1.23, 0.00, 0.06, 0.06, 0.00, 0.04, 0.00, 0.00, 1.00, 1.00, 0.00, 1.00, 0.00, 1.00, 0.00, 1.00, 0.00, 1.00, 0.00, 1.00, 0.00, 0.00, 0.00, 0.00
5049,  0,  168.267,  0.98,  1, 0.07, 0.03, 1.26, 0.00, 0.05, 1.24, 0.03, 0.00, 0.11, 0.96, 0.29, 1.26, 0.00, 0.04, 0.07, 0.00, 0.03, 0.00, 0.00, 1.00, 1.00, 0.00, 1.00, 0.00, 1.00, 0.00, 1.00, 0.00, 1.00, 0.00, 1.00, 0.00, 0.00, 0.00, 0.00
5050,  0,  168.300,  0.98,  1, 0.02, 0.00, 1.20, 0.00, 0.05, 0.95, 0.00, 0.00, 0.06, 0.92, 0.30, 1.24, 0.00, 0.06, 0.02, 0.00, 0.04, 0.00, 0.00, 1.00, 1.00, 0.00, 1.00, 0.00, 1.00, 0.00, 1.00, 0.00, 1.00, 0.00, 1.00, 0.00, 0.00, 0.00, 0.00
5051,  0,  168.333,  0.98,  1, 0.02, 0.00, 1.19, 0.07, 0.11, 0.94, 0.00, 0.03, 0.11, 1.05, 0.27, 1.18, 0.00, 0.09, 0.01, 0.00, 0.04, 0.00, 0.00, 1.00, 1.00, 0.00, 1.00, 0.00, 1.00, 0.00, 1.00, 0.00, 1.00, 0.00, 1.00, 0.00, 0.00, 0.00, 0.00
5052,  0,  168.367,  0.98,  1, 0.01, 0.00, 1.16, 0.07, 0.14, 0.95, 0.00, 0.03, 0.17, 1.16, 0.37, 0.99, 0.00, 0.09, 0.00, 0.00, 0.04, 0.00, 0.00, 1.00, 1.00, 0.00, 1.00, 0.00, 1.00, 0.00, 1.00, 0.00, 1.00, 0.00, 1.00, 0.00, 0.00, 0.00, 0.00
5053,  0,  168.400,  0.98,  1, 0.01, 0.00, 1.16, 0.07, 0.17, 1.08, 0.00, 0.03, 0.22, 1.24, 0.54, 0.89, 0.00, 0.06, 0.01, 0.00, 0.01, 0.00, 0.00, 1.00, 1.00, 0.00, 1.00, 0.00, 1.00, 0.00, 1.00, 1.00, 1.00, 0.00, 1.00, 0.00, 0.00, 0.00, 0.00
5054,  0,  168.433,  0.98,  1, 0.00, 0.00, 1.13, 0.00, 0.16, 1.07, 0.00, 0.00, 0.20, 1.22, 0.69, 0.72, 0.00, 0.02, 0.02, 0.00, 0.00, 0.00, 0.00, 1.00, 1.00, 0.00, 1.00, 0.00, 1.00, 0.00, 1.00, 1.00, 1.00, 0.00, 1.00, 0.00, 0.00, 0.00, 0.00
5055,  0,  168.467,  0.98,  1, 0.01, 0.00, 1.15, 0.02, 0.17, 1.02, 0.00, 0.00, 0.15, 1.18, 0.69, 0.64, 0.00, 0.01, 0.02, 0.00, 0.00, 0.00, 0.00, 1.00, 1.00, 0.00, 1.00, 0.00, 1.00, 0.00, 1.00, 1.00, 1.00, 0.00, 1.00, 0.00, 0.00, 0.00, 0.00
5056,  0,  168.500,  0.98,  1, 0.01, 0.00, 1.17, 0.04, 0.20, 0.96, 0.00, 0.00, 0.13, 1.20, 0.62, 0.54, 0.00, 0.00, 0.00, 0.00, 0.00, 0.00, 0.00, 1.00, 1.00, 0.00, 1.00, 0.00, 1.00, 0.00, 1.00, 1.00, 1.00, 0.00, 1.00, 0.00, 0.00, 0.00, 0.00
5057,  0,  168.533,  0.98,  1, 0.01, 0.04, 1.17, 0.04, 0.20, 0.96, 0.00, 0.00, 0.14, 1.25, 0.60, 0.57, 0.00, 0.00, 0.00, 0.00, 0.00, 0.00, 0.00, 1.00, 1.00, 0.00, 1.00, 0.00, 1.00, 0.00, 1.00, 1.00, 1.00, 0.00, 1.00, 0.00, 0.00, 0.00, 0.00
5058,  0,  168.567,  0.98,  1, 0.00, 0.04, 1.22, 0.01, 0.22, 0.97, 0.00, 0.00, 0.14, 1.26, 0.73, 0.70, 0.00, 0.00, 0.00, 0.00, 0.00, 0.00, 0.00, 1.00, 1.00, 0.00, 1.00, 0.00, 1.00, 0.00, 1.00, 1.00, 0.00, 0.00, 1.00, 0.00, 0.00, 0.00, 0.00
5059,  0,  168.600,  0.98,  1, 0.05, 0.10, 1.23, 0.00, 0.24, 1.11, 0.00, 0.00, 0.11, 1.29, 0.90, 0.77, 0.02, 0.00, 0.01, 0.00, 0.00, 0.00, 0.00, 1.00, 1.00, 0.00, 1.00, 0.00, 1.00, 0.00, 1.00, 1.00, 0.00, 0.00, 1.00, 0.00, 0.00, 0.00, 0.00
5060,  0,  168.633,  0.98,  1, 0.07, 0.13, 1.26, 0.00, 0.25, 1.17, 0.00, 0.00, 0.09, 1.35, 1.07, 0.76, 0.04, 0.00, 0.01, 0.00, 0.00, 0.00, 0.00, 1.00, 1.00, 0.00, 1.00, 0.00, 1.00, 0.00, 1.00, 1.00, 1.00, 0.00, 1.00, 0.00, 0.00, 0.00, 0.00
5061,  0,  168.667,  0.98,  1, 0.11, 0.23, 1.20, 0.00, 0.27, 1.26, 0.00, 0.00, 0.10, 1.33, 1.03, 0.64, 0.11, 0.00, 0.01, 0.00, 0.00, 0.00, 0.00, 1.00, 1.00, 0.00, 1.00, 0.00, 1.00, 0.00, 1.00, 1.00, 1.00, 0.00, 1.00, 0.00, 0.00, 0.00, 0.00
5062,  0,  168.700,  0.98,  1, 0.08, 0.17, 1.18, 0.00, 0.33, 1.29, 0.03, 0.00, 0.16, 1.26, 0.99, 0.77, 0.09, 0.04, 0.00, 0.00, 0.00, 0.00, 0.00, 1.00, 1.00, 0.00, 1.00, 0.00, 1.00, 0.00, 1.00, 1.00, 1.00, 0.00, 1.00, 0.00, 0.00, 0.00, 0.00
5063,  0,  168.733,  0.98,  1, 0.09, 0.10, 1.15, 0.00, 0.40, 1.27, 0.07, 0.00, 0.22, 1.21, 0.86, 0.91, 0.07, 0.06, 0.00, 0.00, 0.00, 0.00, 0.00, 1.00, 1.00, 0.00, 1.00, 0.00, 1.00, 0.00, 1.00, 1.00, 1.00, 0.00, 1.00, 0.00, 0.00, 0.00, 0.00
5064,  0,  168.767,  0.98,  1, 0.05, 0.00, 1.18, 0.00, 0.41, 1.25, 0.11, 0.00, 0.26, 1.29, 0.58, 1.15, 0.01, 0.12, 0.00, 0.01, 0.00, 0.00, 0.00, 1.00, 1.00, 0.00, 1.00, 0.00, 1.00, 0.00, 1.00, 1.00, 1.00, 0.00, 1.00, 0.00, 0.00, 0.00, 0.00
5065,  0,  168.800,  0.98,  1, 0.03, 0.00, 1.23, 0.00, 0.37, 1.22, 0.12, 0.00, 0.25, 1.39, 0.33, 1.17, 0.01, 0.15, 0.00, 0.05, 0.00, 0.00, 0.00, 1.00, 1.00, 0.00, 1.00, 0.00, 1.00, 0.00, 1.00, 1.00, 1.00, 0.00, 1.00, 0.00, 0.00, 0.00, 0.00
5066,  0,  168.833,  0.98,  1, 0.00, 0.00, 1.27, 0.00, 0.33, 1.24, 0.11, 0.03, 0.27, 1.45, 0.15, 1.19, 0.06, 0.18, 0.01, 0.12, 0.00, 0.00, 0.00, 1.00, 1.00, 0.00, 1.00, 0.00, 1.00, 0.00, 1.00, 1.00, 1.00, 0.00, 1.00, 0.00, 0.00, 0.00, 0.00
5067,  0,  168.867,  0.98,  1, 0.00, 0.00, 1.30, 0.00, 0.35, 1.29, 0.09, 0.07, 0.28, 1.48, 0.19, 1.11, 0.05, 0.18, 0.01, 0.11, 0.00, 0.00, 0.00, 1.00, 1.00, 0.00, 1.00, 0.00, 1.00, 0.00, 1.00, 1.00, 1.00, 0.00, 1.00, 0.00, 0.00, 0.00, 0.00
5068,  0,  168.900,  0.98,  1, 0.00, 0.00, 1.23, 0.00, 0.37, 1.37, 0.06, 0.12, 0.28, 1.50, 0.24, 1.03, 0.06, 0.15, 0.02, 0.07, 0.00, 0.00, 0.00, 1.00, 1.00, 0.00, 1.00, 0.00, 1.00, 0.00, 1.00, 1.00, 1.00, 0.00, 1.00, 0.00, 0.00, 0.00, 0.00
5069,  0,  168.933,  0.98,  1, 0.00, 0.00, 1.20, 0.00, 0.38, 1.50, 0.05, 0.15, 0.22, 1.48, 0.27, 0.96, 0.01, 0.10, 0.02, 0.01, 0.00, 0.00, 0.00, 1.00, 1.00, 0.00, 1.00, 0.00, 1.00, 0.00, 1.00, 1.00, 1.00, 0.00, 1.00, 0.00, 0.00, 0.00, 0.00
5070,  0,  168.967,  0.98,  1, 0.00, 0.00, 1.16, 0.00, 0.39, 1.53, 0.04, 0.16, 0.18, 1.46, 0.28, 0.97, 0.01, 0.07, 0.02, 0.00, 0.00, 0.00, 0.00, 1.00, 1.00, 0.00, 1.00, 0.00, 1.00, 0.00, 1.00, 1.00, 1.00, 0.00, 1.00, 0.00, 0.00, 0.00, 0.00
5071,  0,  169.000,  0.98,  1, 0.01, 0.00, 1.24, 0.01, 0.38, 1.45, 0.05, 0.14, 0.15, 1.46, 0.27, 0.95, 0.01, 0.04, 0.03, 0.00, 0.00, 0.00, 0.00, 1.00, 1.00, 0.00, 1.00, 0.00, 1.00, 0.00, 1.00, 1.00, 1.00, 0.00, 1.00, 0.00, 0.00, 0.00, 0.00
5072,  0,  169.033,  0.98,  1, 0.07, 0.02, 1.33, 0.01, 0.38, 1.46, 0.05, 0.11, 0.16, 1.40, 0.20, 0.94, 0.00, 0.02, 0.12, 0.00, 0.00, 0.00, 0.00, 1.00, 1.00, 0.00, 1.00, 0.00, 1.00, 0.00, 1.00, 0.00, 1.00, 0.00, 1.00, 0.00, 0.00, 0.00, 0.00
5073,  0,  169.067,  0.98,  1, 0.07, 0.02, 1.33, 0.01, 0.35, 1.38, 0.06, 0.13, 0.20, 1.37, 0.16, 0.82, 0.02, 0.01, 0.25, 0.04, 0.00, 0.00, 0.00, 1.00, 1.00, 0.00, 1.00, 0.00, 1.00, 0.00, 1.00, 0.00, 1.00, 0.00, 1.00, 0.00, 0.00, 0.00, 0.00
5074,  0,  169.100,  0.98,  1, 0.06, 0.02, 1.31, 0.00, 0.39, 1.34, 0.09, 0.14, 0.27, 1.25, 0.11, 0.73, 0.02, 0.00, 0.44, 0.10, 0.00, 0.00, 0.00, 1.00, 1.00, 0.00, 1.00, 0.00, 1.00, 0.00, 1.00, 0.00, 1.00, 0.00, 1.00, 0.00, 0.00, 0.00, 0.00
5075,  0,  169.133,  0.98,  1, 0.00, 0.00, 1.24, 0.00, 0.43, 1.22, 0.07, 0.12, 0.35, 1.21, 0.10, 0.59, 0.02, 0.00, 0.71, 0.17, 0.00, 0.00, 0.00, 1.00, 1.00, 0.00, 1.00, 0.00, 1.00, 0.00, 1.00, 0.00, 1.00, 0.00, 1.00, 0.00, 0.00, 0.00, 0.00
5076,  0,  169.167,  0.98,  1, 0.02, 0.01, 1.25, 0.00, 0.45, 1.19, 0.05, 0.05, 0.43, 1.16, 0.05, 0.56, 0.07, 0.00, 0.99, 0.28, 0.00, 0.00, 0.00, 1.00, 1.00, 0.00, 1.00, 0.00, 1.00, 0.00, 1.00, 0.00, 0.00, 0.00, 1.00, 0.00, 0.00, 0.00, 0.00
5077,  0,  169.200,  0.98,  1, 0.03, 0.01, 1.27, 0.00, 0.46, 1.24, 0.00, 0.01, 0.49, 1.21, 0.03, 0.47, 0.15, 0.00, 1.26, 0.35, 0.00, 0.00, 0.00, 1.00, 1.00, 0.00, 1.00, 0.00, 1.00, 0.00, 1.00, 0.00, 0.00, 0.00, 1.00, 0.00, 0.00, 0.00, 0.00
5078,  0,  169.233,  0.98,  1, 0.03, 0.01, 1.31, 0.00, 0.44, 1.26, 0.00, 0.00, 0.53, 1.15, 0.00, 0.47, 0.18, 0.00, 1.38, 0.47, 0.00, 0.00, 0.00, 1.00, 1.00, 0.00, 1.00, 0.00, 1.00, 0.00, 1.00, 0.00, 0.00, 0.00, 1.00, 1.00, 0.00, 0.00, 0.00
5079,  0,  169.267,  0.98,  1, 0.01, 0.00, 1.34, 0.00, 0.44, 1.34, 0.00, 0.00, 0.55, 1.04, 0.00, 0.42, 0.11, 0.00, 1.51, 0.51, 0.00, 0.00, 0.00, 1.00, 1.00, 0.00, 1.00, 0.00, 1.00, 0.00, 1.00, 0.00, 0.00, 0.00, 1.00, 1.00, 1.00, 0.00, 0.00
5080,  0,  169.300,  0.98,  1, 0.00, 0.00, 1.35, 0.00, 0.45, 1.40, 0.00, 0.00, 0.55, 0.95, 0.00, 0.45, 0.03, 0.00, 1.54, 0.58, 0.00, 0.00, 0.00, 1.00, 1.00, 0.00, 1.00, 0.00, 1.00, 0.00, 1.00, 0.00, 0.00, 0.00, 1.00, 1.00, 1.00, 0.00, 0.00
5081,  0,  169.333,  0.98,  1, 0.00, 0.00, 1.35, 0.00, 0.45, 1.48, 0.00, 0.00, 0.51, 1.04, 0.00, 0.45, 0.07, 0.00, 1.50, 0.46, 0.00, 0.00, 0.00, 1.00, 1.00, 0.00, 1.00, 0.00, 1.00, 0.00, 1.00, 0.00, 0.00, 0.00, 1.00, 1.00, 1.00, 0.00, 0.00
5082,  0,  169.367,  0.98,  1, 0.00, 0.00, 1.34, 0.00, 0.44, 1.50, 0.00, 0.00, 0.49, 1.22, 0.00, 0.59, 0.11, 0.00, 1.30, 0.43, 0.00, 0.00, 0.00, 1.00, 1.00, 0.00, 1.00, 0.00, 1.00, 0.00, 1.00, 0.00, 0.00, 0.00, 1.00, 1.00, 1.00, 0.00, 0.00
5083,  0,  169.400,  0.98,  1, 0.00, 0.00, 1.37, 0.00, 0.39, 1.46, 0.00, 0.00, 0.48, 1.35, 0.00, 0.60, 0.25, 0.00, 1.13, 0.38, 0.00, 0.00, 0.00, 1.00, 1.00, 0.00, 1.00, 0.00, 1.00, 0.00, 1.00, 0.00, 0.00, 0.00, 1.00, 1.00, 1.00, 0.00, 0.00
5084,  0,  169.433,  0.98,  1, 0.00, 0.00, 1.55, 0.00, 0.41, 1.55, 0.00, 0.00, 0.51, 1.43, 0.00, 0.65, 0.33, 0.00, 1.06, 0.35, 0.31, 0.00, 0.00, 1.00, 0.00, 0.00, 1.00, 0.00, 1.00, 0.00, 1.00, 0.00, 0.00, 0.00, 1.00, 1.00, 0.00, 0.00, 0.00
5085,  0,  169.467,  0.98,  1, 0.00, 0.00, 1.75, 0.00, 0.51, 1.76, 0.06, 0.00, 0.52, 1.36, 0.00, 0.55, 0.42, 0.00, 1.09, 0.27, 0.94, 0.00, 0.00, 1.00, 0.00, 0.00, 1.00, 0.00, 1.00, 0.00, 1.00, 0.00, 0.00, 0.00, 1.00, 1.00, 0.00, 0.00, 1.00
5086,  0,  169.500,  0.98,  1, 0.00, 0.00, 1.79, 0.00, 0.70, 1.87, 0.07, 0.03, 0.56, 1.30, 0.00, 0.59, 0.27, 0.00, 1.13, 0.16, 1.42, 0.00, 0.00, 1.00, 0.00, 0.00, 1.00, 0.00, 1.00, 0.00, 1.00, 0.00, 0.00, 0.00, 1.00, 1.00, 0.00, 0.00, 1.00
5087,  0,  169.533,  0.98,  1, 0.00, 0.00, 1.63, 0.00, 0.81, 1.97, 0.07, 0.03, 0.56, 1.19, 0.00, 0.56, 0.13, 0.00, 1.15, 0.18, 1.31, 0.00, 0.00, 1.00, 0.00, 0.00, 1.00, 0.00, 1.00, 0.00, 1.00, 0.00, 0.00, 0.00, 1.00, 1.00, 0.00, 0.00, 1.00
5088,  0,  169.567,  0.98,  1, 0.00, 0.00, 1.44, 0.00, 0.80, 1.78, 0.01, 0.08, 0.58, 1.23, 0.00, 0.50, 0.04, 0.00, 1.28, 0.33, 0.68, 0.00, 0.00, 1.00, 1.00, 0.00, 1.00, 0.00, 1.00, 0.00, 1.00, 0.00, 0.00, 0.00, 1.00, 1.00, 0.00, 0.00, 1.00
5089,  0,  169.600,  0.98,  1, 0.00, 0.05, 1.31, 0.00, 0.71, 1.52, 0.00, 0.05, 0.53, 1.32, 0.00, 0.42, 0.13, 0.00, 1.39, 0.45, 0.20, 0.00, 0.00, 1.00, 1.00, 0.00, 1.00, 0.00, 1.00, 0.00, 1.00, 0.00, 0.00, 0.00, 1.00, 1.00, 1.00, 0.00, 0.00
5090,  0,  169.633,  0.98,  1, 0.00, 0.06, 1.25, 0.00, 0.70, 1.20, 0.03, 0.08, 0.51, 1.35, 0.00, 0.39, 0.20, 0.00, 1.41, 0.66, 0.00, 0.00, 0.00, 1.00, 1.00, 0.00, 1.00, 0.00, 1.00, 0.00, 1.00, 0.00, 0.00, 0.00, 0.00, 1.00, 1.00, 0.00, 0.00
5091,  0,  169.667,  0.98,  1, 0.00, 0.08, 1.15, 0.00, 0.68, 1.10, 0.05, 0.06, 0.48, 1.36, 0.00, 0.45, 0.16, 0.00, 1.42, 0.66, 0.00, 0.00, 0.00, 1.00, 1.00, 0.00, 1.00, 0.00, 1.00, 0.00, 1.00, 0.00, 0.00, 0.00, 0.00, 1.00, 1.00, 0.00, 0.00
5092,  0,  169.700,  0.98,  1, 0.00, 0.03, 1.15, 0.00, 0.62, 1.09, 0.09, 0.06, 0.38, 1.25, 0.00, 0.51, 0.09, 0.00, 1.36, 0.66, 0.00, 0.00, 0.00, 1.00, 1.00, 0.00, 1.00, 0.00, 1.00, 0.00, 1.00, 0.00, 1.00, 0.00, 0.00, 1.00, 1.00, 0.00, 0.00
5093,  0,  169.733,  0.98,  1, 0.00, 0.02, 1.06, 0.02, 0.41, 1.01, 0.06, 0.02, 0.24, 1.08, 0.00, 0.66, 0.02, 0.03, 1.19, 0.54, 0.00, 0.00, 0.00, 1.00, 1.00, 0.00, 1.00, 0.00, 1.00, 0.00, 1.00, 0.00, 1.00, 0.00, 0.00, 0.00, 0.00, 0.00, 0.00
5094,  0,  169.767,  0.98,  1, 0.01, 0.00, 1.07, 0.02, 0.26, 0.97, 0.04, 0.00, 0.07, 0.93, 0.00, 0.72, 0.02, 0.04, 0.83, 0.35, 0.00, 0.00, 0.00, 1.00, 1.00, 0.00, 1.00, 0.00, 1.00, 0.00, 1.00, 0.00, 1.00, 0.00, 1.00, 0.00, 0.00, 0.00, 0.00
5095,  0,  169.800,  0.98,  1, 0.01, 0.00, 1.10, 0.02, 0.14, 0.91, 0.00, 0.00, 0.01, 0.83, 0.00, 0.81, 0.00, 0.05, 0.53, 0.29, 0.00, 0.00, 0.00, 1.00, 1.00, 0.00, 1.00, 0.00, 1.00, 0.00, 1.00, 0.00, 1.00, 0.00, 1.00, 0.00, 0.00, 0.00, 0.00
5096,  0,  169.833,  0.98,  1, 0.01, 0.00, 1.16, 0.00, 0.09, 1.00, 0.00, 0.00, 0.00, 0.77, 0.00, 0.76, 0.00, 0.02, 0.45, 0.17, 0.00, 0.00, 0.00, 1.00, 1.00, 0.00, 1.00, 0.00, 1.00, 0.00, 1.00, 0.00, 1.00, 0.00, 1.00, 0.00, 0.00, 0.00, 0.00
5097,  0,  169.867,  0.98,  1, 0.00, 0.00, 1.19, 0.00, 0.04, 0.92, 0.00, 0.00, 0.00, 0.67, 0.00, 0.79, 0.00, 0.01, 0.44, 0.12, 0.00, 0.00, 0.00, 1.00, 1.00, 0.00, 1.00, 0.00, 1.00, 0.00, 1.00, 0.00, 1.00, 0.00, 1.00, 0.00, 0.00, 0.00, 0.00
5098,  0,  169.900,  0.98,  1, 0.00, 0.05, 1.18, 0.05, 0.02, 1.03, 0.00, 0.00, 0.02, 0.68, 0.00, 0.88, 0.00, 0.00, 0.39, 0.15, 0.00, 0.00, 0.00, 1.00, 1.00, 0.00, 1.00, 0.00, 1.00, 0.00, 1.00, 0.00, 1.00, 0.00, 1.00, 0.00, 0.00, 0.00, 0.00
5099,  0,  169.933,  0.98,  1, 0.02, 0.10, 1.24, 0.08, 0.01, 0.98, 0.00, 0.00, 0.05, 0.72, 0.00, 0.87, 0.00, 0.00, 0.32, 0.22, 0.00, 0.00, 0.00, 1.00, 1.00, 0.00, 1.00, 0.00, 1.00, 0.00, 1.00, 0.00, 1.00, 0.00, 1.00, 0.00, 0.00, 0.00, 0.00
5100,  0,  169.967,  0.98,  1, 0.02, 0.10, 1.19, 0.08, 0.01, 1.05, 0.00, 0.00, 0.10, 0.67, 0.03, 0.89, 0.00, 0.00, 0.31, 0.36, 0.00, 0.00, 0.00, 1.00, 1.00, 0.00, 1.00, 0.00, 1.00, 0.00, 1.00, 0.00, 1.00, 0.00, 1.00, 0.00, 0.00, 0.00, 0.00
5101,  0,  170.000,  0.98,  1, 0.02, 0.18, 1.10, 0.10, 0.01, 0.90, 0.00, 0.00, 0.11, 0.61, 0.04, 0.77, 0.00, 0.00, 0.35, 0.30, 0.00, 0.00, 0.00, 1.00, 1.00, 0.00, 1.00, 0.00, 1.00, 0.00, 1.00, 0.00, 1.00, 0.00, 1.00, 0.00, 0.00, 0.00, 0.00
5102,  0,  170.033,  0.98,  1, 0.00, 0.14, 0.92, 0.15, 0.06, 0.94, 0.00, 0.00, 0.12, 0.58, 0.09, 0.94, 0.00, 0.00, 0.31, 0.20, 0.00, 0.00, 0.00, 1.00, 1.00, 0.00, 1.00, 0.00, 1.00, 0.00, 1.00, 0.00, 1.00, 0.00, 1.00, 0.00, 0.00, 0.00, 0.00
5103,  0,  170.067,  0.98,  1, 0.00, 0.14, 0.88, 0.29, 0.08, 0.98, 0.00, 0.01, 0.08, 0.58, 0.14, 1.07, 0.00, 0.02, 0.17, 0.06, 0.00, 0.00, 0.00, 1.00, 1.00, 0.00, 1.00, 0.00, 1.00, 0.00, 1.00, 0.00, 1.00, 0.00, 1.00, 0.00, 0.00, 0.00, 0.00
5104,  0,  170.100,  0.98,  1, 0.00, 0.01, 0.85, 0.34, 0.07, 1.23, 0.00, 0.01, 0.04, 0.50, 0.19, 1.19, 0.00, 0.02, 0.09, 0.00, 0.00, 0.00, 0.00, 0.00, 1.00, 0.00, 1.00, 0.00, 1.00, 0.00, 1.00, 0.00, 1.00, 0.00, 1.00, 0.00, 0.00, 0.00, 0.00
5105,  0,  170.133,  0.98,  1, 0.00, 0.08, 0.87, 0.44, 0.05, 1.27, 0.00, 0.01, 0.03, 0.48, 0.16, 0.99, 0.00, 0.01, 0.24, 0.07, 0.00, 0.00, 0.00, 1.00, 1.00, 0.00, 1.00, 0.00, 1.00, 0.00, 1.00, 0.00, 1.00, 0.00, 1.00, 0.00, 0.00, 0.00, 0.00
5106,  0,  170.167,  0.98,  1, 0.00, 0.14, 0.90, 0.55, 0.06, 1.15, 0.00, 0.00, 0.10, 0.57, 0.08, 0.81, 0.00, 0.00, 0.49, 0.16, 0.00, 0.00, 0.00, 1.00, 1.00, 0.00, 1.00, 0.00, 1.00, 0.00, 1.00, 0.00, 1.00, 0.00, 1.00, 0.00, 0.00, 0.00, 0.00
5107,  0,  170.200,  0.98,  1, 0.00, 0.21, 0.95, 0.68, 0.11, 1.01, 0.00, 0.00, 0.18, 0.68, 0.02, 0.61, 0.00, 0.00, 0.74, 0.26, 0.00, 0.00, 0.00, 1.00, 1.00, 0.00, 1.00, 0.00, 1.00, 0.00, 1.00, 0.00, 1.00, 0.00, 1.00, 0.00, 0.00, 0.00, 0.00
5108,  0,  170.233,  0.98,  1, 0.01, 0.31, 1.09, 0.78, 0.14, 0.96, 0.00, 0.00, 0.27, 0.83, 0.01, 0.61, 0.00, 0.00, 0.92, 0.31, 0.00, 0.00, 0.00, 1.00, 1.00, 0.00, 1.00, 0.00, 1.00, 0.00, 1.00, 0.00, 1.00, 0.00, 1.00, 0.00, 0.00, 0.00, 0.00
5109,  0,  170.267,  0.98,  1, 0.01, 0.32, 1.06, 0.72, 0.16, 1.03, 0.00, 0.00, 0.33, 0.81, 0.00, 0.57, 0.00, 0.00, 1.04, 0.30, 0.00, 0.00, 0.00, 1.00, 1.00, 0.00, 1.00, 0.00, 1.00, 0.00, 1.00, 0.00, 0.00, 0.00, 1.00, 1.00, 1.00, 0.00, 0.00
5110,  0,  170.300,  0.98,  1, 0.01, 0.25, 1.06, 0.75, 0.15, 1.24, 0.00, 0.00, 0.38, 0.81, 0.00, 0.53, 0.00, 0.00, 1.19, 0.33, 0.00, 0.00, 0.00, 1.00, 1.00, 0.00, 1.00, 0.00, 1.00, 0.00, 1.00, 0.00, 1.00, 0.00, 1.00, 1.00, 1.00, 0.00, 0.00
5111,  0,  170.333,  0.98,  1, 0.00, 0.13, 1.05, 0.76, 0.12, 1.36, 0.00, 0.00, 0.43, 0.79, 0.00, 0.44, 0.04, 0.00, 1.32, 0.42, 0.00, 0.00, 0.00, 1.00, 1.00, 0.00, 1.00, 0.00, 1.00, 0.00, 1.00, 0.00, 1.00, 0.00, 1.00, 1.00, 1.00, 0.00, 0.00
5112,  0,  170.367,  0.98,  1, 0.00, 0.06, 1.12, 0.68, 0.11, 1.41, 0.00, 0.00, 0.36, 0.79, 0.00, 0.52, 0.04, 0.00, 1.33, 0.55, 0.00, 0.00, 0.00, 1.00, 1.00, 0.00, 1.00, 0.00, 1.00, 0.00, 1.00, 0.00, 1.00, 0.00, 1.00, 1.00, 1.00, 0.00, 0.00
5113,  0,  170.400,  0.98,  1, 0.00, 0.05, 1.15, 0.40, 0.16, 1.31, 0.00, 0.00, 0.27, 0.84, 0.00, 0.66, 0.04, 0.00, 1.11, 0.59, 0.00, 0.00, 0.00, 1.00, 1.00, 0.00, 1.00, 0.00, 1.00, 0.00, 1.00, 0.00, 1.00, 0.00, 1.00, 1.00, 1.00, 0.00, 0.00
5114,  0,  170.433,  0.98,  1, 0.00, 0.00, 1.12, 0.13, 0.22, 1.16, 0.00, 0.00, 0.15, 0.84, 0.01, 0.94, 0.00, 0.09, 0.62, 0.40, 0.00, 0.00, 0.00, 1.00, 1.00, 0.00, 1.00, 0.00, 1.00, 0.00, 1.00, 0.00, 1.00, 0.00, 1.00, 0.00, 0.00, 0.00, 0.00
5115,  0,  170.467,  0.98,  1, 0.01, 0.00, 1.21, 0.07, 0.24, 1.14, 0.00, 0.00, 0.13, 0.97, 0.02, 1.15, 0.08, 0.17, 0.30, 0.21, 0.00, 0.00, 0.00, 1.00, 1.00, 0.00, 1.00, 0.00, 1.00, 0.00, 1.00, 1.00, 1.00, 0.00, 1.00, 0.00, 0.00, 0.00, 0.00
5116,  0,  170.500,  0.98,  1, 0.01, 0.00, 1.29, 0.07, 0.24, 1.16, 0.00, 0.00, 0.11, 1.04, 0.06, 1.31, 0.12, 0.25, 0.08, 0.03, 0.00, 0.00, 0.00, 1.00, 1.00, 0.00, 1.00, 0.00, 1.00, 0.00, 1.00, 1.00, 1.00, 0.00, 1.00, 0.00, 0.00, 0.00, 0.00
5117,  0,  170.533,  0.98,  1, 0.01, 0.00, 1.37, 0.14, 0.21, 1.28, 0.00, 0.03, 0.13, 1.14, 0.17, 1.39, 0.24, 0.25, 0.07, 0.00, 0.00, 0.00, 0.00, 1.00, 1.00, 0.00, 1.00, 0.00, 1.00, 0.00, 1.00, 1.00, 1.00, 0.00, 1.00, 0.00, 0.00, 0.00, 0.00
5118,  0,  170.567,  0.98,  1, 0.00, 0.00, 1.38, 0.10, 0.24, 1.45, 0.00, 0.06, 0.15, 1.18, 0.16, 1.30, 0.18, 0.25, 0.02, 0.00, 0.00, 0.00, 0.00, 1.00, 1.00, 0.00, 1.00, 0.00, 1.00, 0.00, 1.00, 1.00, 1.00, 0.00, 1.00, 0.00, 0.00, 0.00, 0.00
5119,  0,  170.600,  0.98,  1, 0.00, 0.00, 1.39, 0.10, 0.22, 1.49, 0.00, 0.07, 0.18, 1.17, 0.12, 1.26, 0.22, 0.26, 0.02, 0.01, 0.00, 0.00, 0.00, 1.00, 1.00, 0.00, 1.00, 0.00, 1.00, 0.00, 1.00, 1.00, 1.00, 0.00, 1.00, 0.00, 0.00, 0.00, 0.00
5120,  0,  170.633,  0.98,  1, 0.00, 0.00, 1.41, 0.01, 0.25, 1.52, 0.00, 0.05, 0.16, 1.15, 0.00, 1.20, 0.18, 0.26, 0.02, 0.02, 0.00, 0.00, 0.00, 1.00, 1.00, 0.00, 1.00, 0.00, 1.00, 0.00, 1.00, 1.00, 1.00, 0.00, 1.00, 0.00, 0.00, 0.00, 0.00
5121,  0,  170.667,  0.98,  1, 0.00, 0.00, 1.36, 0.00, 0.23, 1.36, 0.00, 0.06, 0.17, 1.17, 0.03, 1.20, 0.28, 0.25, 0.05, 0.02, 0.00, 0.00, 0.00, 1.00, 1.00, 0.00, 1.00, 0.00, 1.00, 0.00, 1.00, 1.00, 1.00, 0.00, 1.00, 0.00, 0.00, 0.00, 0.00
5122,  0,  170.700,  0.98,  1, 0.01, 0.00, 1.36, 0.06, 0.23, 1.20, 0.00, 0.05, 0.19, 1.19, 0.03, 1.17, 0.20, 0.24, 0.06, 0.01, 0.00, 0.00, 0.00, 1.00, 1.00, 0.00, 1.00, 0.00, 1.00, 0.00, 1.00, 1.00, 1.00, 0.00, 1.00, 0.00, 0.00, 0.00, 0.00
5123,  0,  170.733,  0.98,  1, 0.07, 0.00, 1.36, 0.06, 0.21, 1.06, 0.00, 0.04, 0.17, 1.18, 0.03, 1.11, 0.12, 0.23, 0.11, 0.01, 0.00, 0.00, 0.00, 1.00, 1.00, 0.00, 1.00, 0.00, 1.00, 0.00, 1.00, 1.00, 1.00, 0.00, 1.00, 0.00, 0.00, 0.00, 0.00
5124,  0,  170.767,  0.98,  1, 0.07, 0.00, 1.32, 0.16, 0.20, 1.10, 0.00, 0.00, 0.09, 1.15, 0.04, 1.15, 0.02, 0.21, 0.08, 0.01, 0.00, 0.00, 0.00, 1.00, 1.00, 0.00, 1.00, 0.00, 1.00, 0.00, 1.00, 1.00, 1.00, 0.00, 1.00, 0.00, 0.00, 0.00, 0.00
5125,  0,  170.800,  0.98,  1, 0.13, 0.09, 1.22, 0.16, 0.13, 1.16, 0.00, 0.00, 0.02, 1.07, 0.14, 1.16, 0.10, 0.13, 0.05, 0.01, 0.08, 0.00, 0.00, 1.00, 1.00, 0.00, 1.00, 0.00, 1.00, 0.00, 1.00, 1.00, 1.00, 0.00, 1.00, 0.00, 0.00, 0.00, 0.00
5126,  0,  170.833,  0.98,  1, 0.11, 0.19, 1.16, 0.30, 0.07, 1.14, 0.00, 0.00, 0.01, 0.92, 0.16, 1.18, 0.11, 0.06, 0.00, 0.00, 0.26, 0.00, 0.00, 1.00, 1.00, 0.00, 1.00, 0.00, 1.00, 0.00, 1.00, 1.00, 1.00, 0.00, 1.00, 0.00, 0.00, 0.00, 0.00
5127,  0,  170.867,  0.98,  1, 0.20, 0.23, 1.13, 0.25, 0.01, 1.10, 0.00, 0.00, 0.01, 0.88, 0.12, 1.14, 0.11, 0.00, 0.00, 0.00, 0.44, 0.00, 0.00, 1.00, 1.00, 0.00, 1.00, 0.00, 1.00, 0.00, 1.00, 1.00, 1.00, 0.00, 1.00, 0.00, 0.00, 0.00, 0.00
5128,  0,  170.900,  0.98,  1, 0.18, 0.14, 1.07, 0.19, 0.02, 1.03, 0.00, 0.00, 0.03, 0.81, 0.02, 1.14, 0.02, 0.00, 0.00, 0.00, 0.55, 0.00, 0.00, 1.00, 1.00, 0.00, 1.00, 0.00, 1.00, 0.00, 1.00, 1.00, 1.00, 0.00, 1.00, 0.00, 0.00, 0.00, 1.00
5129,  0,  170.933,  0.98,  1, 0.19, 0.04, 0.96, 0.07, 0.05, 1.03, 0.00, 0.00, 0.03, 0.92, 0.00, 1.11, 0.04, 0.00, 0.00, 0.00, 0.56, 0.00, 0.00, 1.00, 1.00, 0.00, 1.00, 0.00, 1.00, 0.00, 1.00, 1.00, 1.00, 0.00, 1.00, 0.00, 0.00, 0.00, 1.00
5130,  0,  170.967,  0.98,  1, 0.18, 0.00, 0.92, 0.05, 0.06, 0.97, 0.00, 0.00, 0.03, 0.97, 0.00, 1.09, 0.06, 0.00, 0.00, 0.00, 0.60, 0.00, 0.00, 1.00, 1.00, 0.00, 1.00, 0.00, 1.00, 0.00, 1.00, 1.00, 1.00, 0.00, 1.00, 0.00, 0.00, 0.00, 1.00
5131,  0,  171.000,  0.98,  1, 0.16, 0.00, 0.94, 0.13, 0.05, 1.07, 0.00, 0.00, 0.01, 1.03, 0.00, 1.03, 0.10, 0.00, 0.09, 0.00, 0.68, 0.00, 0.00, 1.00, 1.00, 0.00, 1.00, 0.00, 1.00, 0.00, 1.00, 1.00, 1.00, 0.00, 1.00, 0.00, 0.00, 0.00, 1.00
5132,  0,  171.033,  0.98,  1, 0.13, 0.00, 0.98, 0.12, 0.02, 1.05, 0.00, 0.00, 0.01, 1.02, 0.00, 1.00, 0.11, 0.00, 0.20, 0.00, 0.76, 0.00, 0.00, 1.00, 1.00, 0.00, 1.00, 0.00, 1.00, 0.00, 1.00, 0.00, 1.00, 0.00, 1.00, 0.00, 0.00, 0.00, 1.00
5133,  0,  171.067,  0.98,  1, 0.04, 0.00, 1.00, 0.08, 0.00, 1.15, 0.00, 0.00, 0.01, 1.00, 0.00, 0.98, 0.13, 0.00, 0.37, 0.06, 0.79, 0.00, 0.00, 1.00, 1.00, 0.00, 1.00, 0.00, 1.00, 0.00, 1.00, 0.00, 1.00, 0.00, 1.00, 0.00, 0.00, 0.00, 1.00
5134,  0,  171.100,  0.98,  1, 0.02, 0.00, 0.89, 0.00, 0.00, 1.00, 0.00, 0.00, 0.01, 0.99, 0.00, 1.04, 0.18, 0.00, 0.54, 0.07, 0.80, 0.00, 0.00, 1.00, 1.00, 0.00, 1.00, 0.00, 1.00, 0.00, 1.00, 0.00, 1.00, 0.00, 1.00, 0.00, 0.00, 0.00, 1.00
5135,  0,  171.133,  0.98,  1, 0.00, 0.00, 0.80, 0.00, 0.00, 0.91, 0.00, 0.00, 0.03, 0.90, 0.00, 1.01, 0.23, 0.00, 0.78, 0.11, 0.87, 0.00, 0.00, 1.00, 1.00, 0.00, 1.00, 0.00, 1.00, 0.00, 1.00, 0.00, 1.00, 0.00, 1.00, 0.00, 0.00, 0.00, 1.00
5136,  0,  171.167,  0.98,  1, 0.00, 0.00, 0.73, 0.00, 0.00, 0.93, 0.00, 0.00, 0.09, 0.72, 0.00, 0.96, 0.20, 0.00, 0.99, 0.09, 0.84, 0.00, 0.00, 1.00, 1.00, 0.00, 1.00, 0.00, 1.00, 0.00, 1.00, 0.00, 1.00, 0.00, 1.00, 0.00, 0.00, 0.00, 1.00
5137,  0,  171.200,  0.98,  1, 0.00, 0.00, 0.77, 0.00, 0.00, 1.12, 0.00, 0.00, 0.15, 0.55, 0.00, 0.89, 0.11, 0.00, 1.12, 0.16, 0.85, 0.00, 0.00, 1.00, 1.00, 0.00, 1.00, 0.00, 1.00, 0.00, 1.00, 0.00, 1.00, 0.00, 1.00, 0.00, 0.00, 0.00, 1.00
5138,  0,  171.233,  0.98,  1, 0.00, 0.00, 0.82, 0.00, 0.00, 1.28, 0.00, 0.00, 0.18, 0.50, 0.00, 0.86, 0.04, 0.00, 1.20, 0.17, 0.75, 0.00, 0.00, 1.00, 1.00, 0.00, 1.00, 0.00, 1.00, 0.00, 1.00, 0.00, 1.00, 0.00, 1.00, 0.00, 0.00, 0.00, 1.00
5139,  0,  171.267,  0.98,  1, 0.01, 0.00, 0.88, 0.00, 0.00, 1.31, 0.00, 0.00, 0.17, 0.59, 0.00, 0.81, 0.05, 0.00, 1.17, 0.18, 0.65, 0.00, 0.00, 1.00, 1.00, 0.00, 1.00, 0.00, 1.00, 0.00, 1.00, 0.00, 1.00, 0.00, 1.00, 0.00, 0.00, 0.00, 1.00
5140,  0,  171.300,  0.98,  1, 0.01, 0.00, 1.01, 0.00, 0.00, 1.41, 0.00, 0.00, 0.15, 0.71, 0.00, 0.81, 0.05, 0.00, 1.21, 0.16, 0.65, 0.00, 0.00, 1.00, 1.00, 0.00, 1.00, 0.00, 1.00, 0.00, 1.00, 0.00, 1.00, 0.00, 1.00, 0.00, 0.00, 0.00, 1.00
5141,  0,  171.333,  0.98,  1, 0.08, 0.00, 1.04, 0.00, 0.00, 1.49, 0.00, 0.00, 0.15, 0.76, 0.00, 0.92, 0.03, 0.00, 1.19, 0.28, 0.64, 0.00, 0.00, 1.00, 1.00, 0.00, 1.00, 0.00, 1.00, 0.00, 1.00, 0.00, 1.00, 0.00, 1.00, 0.00, 0.00, 0.00, 1.00
5142,  0,  171.367,  0.98,  1, 0.18, 0.00, 1.08, 0.00, 0.00, 1.51, 0.00, 0.00, 0.17, 0.76, 0.00, 1.02, 0.05, 0.00, 1.27, 0.37, 0.68, 0.00, 0.00, 1.00, 1.00, 0.00, 1.00, 0.00, 1.00, 0.00, 1.00, 0.00, 1.00, 0.00, 1.00, 0.00, 0.00, 0.00, 1.00
5143,  0,  171.400,  0.98,  1, 0.24, 0.00, 1.07, 0.00, 0.02, 1.43, 0.00, 0.00, 0.19, 0.74, 0.00, 1.05, 0.08, 0.00, 1.30, 0.46, 0.67, 0.00, 0.00, 1.00, 1.00, 0.00, 1.00, 0.00, 1.00, 0.00, 1.00, 0.00, 1.00, 0.00, 1.00, 0.00, 0.00, 0.00, 1.00
5144,  0,  171.433,  0.98,  1, 0.25, 0.00, 1.12, 0.00, 0.03, 1.57, 0.00, 0.00, 0.15, 0.71, 0.00, 0.97, 0.18, 0.00, 1.32, 0.40, 0.66, 0.00, 0.00, 1.00, 0.00, 0.00, 1.00, 0.00, 1.00, 0.00, 1.00, 0.00, 1.00, 0.00, 1.00, 0.00, 0.00, 0.00, 1.00
5145,  0,  171.467,  0.98,  1, 0.22, 0.00, 1.16, 0.01, 0.03, 1.70, 0.00, 0.00, 0.12, 0.63, 0.00, 0.87, 0.14, 0.00, 1.30, 0.38, 0.75, 0.00, 0.00, 1.00, 0.00, 0.00, 1.00, 0.00, 1.00, 0.00, 1.00, 0.00, 1.00, 0.00, 1.00, 0.00, 0.00, 0.00, 1.00
5146,  0,  171.500,  0.98,  1, 0.17, 0.00, 1.13, 0.01, 0.04, 1.65, 0.00, 0.00, 0.06, 0.61, 0.00, 0.85, 0.21, 0.00, 1.19, 0.39, 0.59, 0.00, 0.00, 1.00, 0.00, 0.00, 1.00, 0.00, 1.00, 0.00, 1.00, 0.00, 1.00, 0.00, 1.00, 0.00, 0.00, 0.00, 1.00
5147,  0,  171.533,  0.98,  1, 0.09, 0.00, 1.09, 0.01, 0.03, 1.45, 0.00, 0.00, 0.04, 0.64, 0.00, 0.76, 0.11, 0.00, 1.19, 0.47, 0.53, 0.00, 0.00, 1.00, 0.00, 0.00, 1.00, 0.00, 1.00, 0.00, 1.00, 0.00, 1.00, 0.00, 1.00, 0.00, 0.00, 0.00, 1.00
5148,  0,  171.567,  0.98,  1, 0.08, 0.00, 1.04, 0.00, 0.03, 1.20, 0.00, 0.00, 0.00, 0.62, 0.00, 0.75, 0.24, 0.00, 1.07, 0.41, 0.34, 0.00, 0.00, 1.00, 0.00, 0.00, 1.00, 0.00, 1.00, 0.00, 1.00, 0.00, 1.00, 0.00, 1.00, 0.00, 0.00, 0.00, 1.00
5149,  0,  171.600,  0.98,  1, 0.11, 0.00, 1.02, 0.00, 0.00, 1.07, 0.00, 0.00, 0.01, 0.57, 0.00, 0.69, 0.24, 0.00, 1.01, 0.31, 0.42, 0.00, 0.00, 1.00, 0.00, 0.00, 1.00, 0.00, 1.00, 0.00, 1.00, 0.00, 1.00, 0.00, 1.00, 0.00, 0.00, 0.00, 1.00
5150,  0,  171.633,  0.98,  1, 0.15, 0.00, 0.97, 0.00, 0.00, 0.97, 0.00, 0.00, 0.01, 0.57, 0.00, 0.75, 0.31, 0.00, 0.85, 0.20, 0.47, 0.00, 0.00, 1.00, 0.00, 0.00, 1.00, 0.00, 1.00, 0.00, 1.00, 0.00, 1.00, 0.00, 1.00, 0.00, 0.00, 0.00, 1.00
5151,  0,  171.667,  0.98,  1, 0.16, 0.00, 1.04, 0.00, 0.06, 0.97, 0.00, 0.00, 0.01, 0.68, 0.00, 0.86, 0.36, 0.00, 0.76, 0.22, 0.75, 0.00, 0.00, 1.00, 0.00, 0.00, 1.00, 0.00, 1.00, 0.00, 1.00, 0.00, 1.00, 0.00, 1.00, 0.00, 0.00, 0.00, 1.00
5152,  0,  171.700,  0.98,  1, 0.13, 0.00, 1.10, 0.00, 0.09, 0.94, 0.00, 0.00, 0.01, 0.73, 0.00, 0.96, 0.45, 0.00, 0.74, 0.27, 1.16, 0.00, 0.00, 1.00, 0.00, 0.00, 1.00, 0.00, 1.00, 0.00, 1.00, 0.00, 1.00, 0.00, 1.00, 0.00, 0.00, 0.00, 1.00
5153,  0,  171.733,  0.98,  1, 0.07, 0.00, 1.10, 0.00, 0.13, 0.79, 0.00, 0.00, 0.06, 0.66, 0.00, 1.01, 0.49, 0.00, 0.75, 0.39, 1.56, 0.00, 0.00, 1.00, 0.00, 0.00, 1.00, 0.00, 1.00, 0.00, 1.00, 0.00, 1.00, 0.00, 1.00, 0.00, 0.00, 0.00, 1.00
5154,  0,  171.767,  0.98,  1, 0.00, 0.00, 0.95, 0.00, 0.12, 0.47, 0.00, 0.01, 0.10, 0.68, 0.00, 0.90, 0.41, 0.00, 0.79, 0.51, 1.83, 0.00, 0.00, 1.00, 0.00, 0.00, 1.00, 0.00, 1.00, 0.00, 1.00, 0.00, 1.00, 0.00, 1.00, 0.00, 0.00, 0.00, 1.00
5155,  0,  171.800,  0.98,  1, 0.00, 0.00, 0.82, 0.00, 0.15, 0.31, 0.00, 0.09, 0.14, 0.80, 0.00, 0.80, 0.29, 0.00, 0.77, 0.63, 1.90, 0.00, 0.00, 1.00, 0.00, 0.00, 1.00, 0.00, 1.00, 0.00, 1.00, 0.00, 1.00, 0.00, 1.00, 0.00, 0.00, 0.00, 1.00
5156,  0,  171.833,  0.98,  1, 0.05, 0.00, 0.76, 0.00, 0.18, 0.19, 0.00, 0.22, 0.15, 1.07, 0.00, 0.76, 0.25, 0.00, 0.66, 0.69, 1.99, 0.00, 0.00, 1.00, 0.00, 0.00, 1.00, 0.00, 1.00, 0.00, 1.00, 0.00, 1.00, 0.00, 1.00, 0.00, 0.00, 0.00, 1.00
5157,  0,  171.867,  0.98,  1, 0.05, 0.00, 0.79, 0.00, 0.19, 0.16, 0.01, 0.38, 0.16, 1.32, 0.00, 0.73, 0.19, 0.00, 0.51, 0.74, 2.26, 0.00, 0.00, 1.00, 0.00, 0.00, 1.00, 0.00, 1.00, 0.00, 1.00, 0.00, 1.00, 0.00, 1.00, 0.00, 0.00, 0.00, 1.00
5158,  0,  171.900,  0.98,  1, 0.05, 0.00, 0.82, 0.00, 0.24, 0.17, 0.01, 0.43, 0.19, 1.34, 0.00, 0.73, 0.17, 0.00, 0.45, 0.92, 2.39, 0.00, 0.00, 1.00, 0.00, 0.00, 1.00, 0.00, 1.00, 0.00, 1.00, 0.00, 0.00, 0.00, 1.00, 0.00, 0.00, 0.00, 1.00
5159,  0,  171.933,  0.98,  1, 0.00, 0.00, 0.94, 0.00, 0.31, 0.17, 0.02, 0.41, 0.22, 1.38, 0.05, 0.56, 0.15, 0.00, 0.53, 0.91, 2.67, 0.00, 0.00, 1.00, 0.00, 0.00, 1.00, 0.00, 1.00, 0.00, 1.00, 0.00, 0.00, 0.00, 1.00, 0.00, 0.00, 0.00, 1.00
5160,  0,  171.967,  0.98,  1, 0.17, 0.00, 1.08, 0.00, 0.31, 0.14, 0.03, 0.24, 0.26, 1.21, 0.31, 0.37, 0.10, 0.00, 0.55, 0.97, 2.54, 0.00, 0.00, 1.00, 0.00, 0.00, 1.00, 0.00, 1.00, 0.00, 1.00, 0.00, 0.00, 0.00, 1.00, 0.00, 0.00, 0.00, 1.00
5161,  0,  172.000,  0.98,  1, 0.36, 0.03, 1.17, 0.00, 0.24, 0.10, 0.04, 0.12, 0.25, 1.13, 0.65, 0.16, 0.05, 0.00, 0.49, 1.03, 2.42, 0.00, 1.00, 1.00, 0.00, 0.00, 1.00, 0.00, 1.00, 0.00, 1.00, 0.00, 0.00, 0.00, 0.00, 0.00, 0.00, 0.00, 1.00
5162,  0,  172.033,  0.98,  1, 0.62, 0.05, 1.24, 0.00, 0.18, 0.07, 0.03, 0.00, 0.26, 0.94, 0.80, 0.05, 0.00, 0.00, 0.32, 1.16, 2.11, 0.00, 1.00, 1.00, 0.00, 0.00, 1.00, 0.00, 1.00, 0.00, 1.00, 0.00, 0.00, 0.00, 0.00, 0.00, 0.00, 0.00, 1.00
5163,  0,  172.067,  0.98,  1, 0.71, 0.15, 1.26, 0.00, 0.17, 0.07, 0.05, 0.00, 0.22, 0.84, 0.81, 0.02, 0.00, 0.00, 0.37, 1.17, 1.83, 1.00, 1.00, 1.00, 0.00, 0.00, 1.00, 0.00, 1.00, 0.00, 1.00, 0.00, 0.00, 0.00, 0.00, 0.00, 0.00, 0.00, 1.00
5164,  0,  172.100,  0.98,  1, 0.83, 0.34, 1.35, 0.00, 0.20, 0.04, 0.06, 0.00, 0.18, 0.81, 0.62, 0.00, 0.00, 0.00, 0.38, 1.05, 1.82, 1.00, 1.00, 1.00, 0.00, 0.00, 1.00, 0.00, 0.00, 0.00, 1.00, 0.00, 0.00, 0.00, 0.00, 0.00, 0.00, 0.00, 1.00
5165,  0,  172.133,  0.98,  1, 0.81, 0.45, 1.33, 0.00, 0.18, 0.13, 0.07, 0.00, 0.09, 0.88, 0.50, 0.00, 0.00, 0.00, 0.39, 1.05, 1.83, 1.00, 1.00, 1.00, 0.00, 0.00, 1.00, 0.00, 0.00, 0.00, 1.00, 0.00, 0.00, 0.00, 0.00, 0.00, 0.00, 0.00, 1.00
5166,  0,  172.167,  0.98,  1, 0.82, 0.57, 1.34, 0.00, 0.22, 0.12, 0.03, 0.00, 0.05, 0.96, 0.22, 0.00, 0.00, 0.00, 0.23, 1.10, 2.08, 1.00, 1.00, 1.00, 0.00, 0.00, 1.00, 0.00, 0.00, 0.00, 1.00, 0.00, 0.00, 0.00, 0.00, 0.00, 0.00, 0.00, 1.00
5167,  0,  172.200,  0.98,  1, 0.72, 0.37, 1.30, 0.00, 0.25, 0.09, 0.04, 0.00, 0.03, 0.99, 0.15, 0.00, 0.00, 0.00, 0.22, 1.22, 2.06, 1.00, 1.00, 1.00, 0.00, 0.00, 1.00, 0.00, 0.00, 0.00, 1.00, 0.00, 0.00, 0.00, 0.00, 0.00, 0.00, 0.00, 1.00
5168,  0,  172.233,  0.98,  1, 0.77, 0.26, 1.29, 0.00, 0.26, 0.00, 0.07, 0.00, 0.07, 0.90, 0.18, 0.00, 0.00, 0.00, 0.19, 1.27, 2.04, 1.00, 1.00, 1.00, 0.00, 0.00, 1.00, 0.00, 0.00, 0.00, 1.00, 0.00, 0.00, 0.00, 0.00, 0.00, 0.00, 0.00, 1.00
5169,  0,  172.267,  0.98,  1, 0.78, 0.17, 1.17, 0.00, 0.23, 0.00, 0.06, 0.00, 0.05, 0.85, 0.21, 0.00, 0.00, 0.00, 0.25, 1.24, 1.91, 1.00, 1.00, 1.00, 0.00, 0.00, 1.00, 0.00, 0.00, 0.00, 1.00, 0.00, 0.00, 0.00, 0.00, 0.00, 0.00, 0.00, 1.00
5170,  0,  172.300,  0.98,  1, 0.85, 0.32, 1.08, 0.00, 0.21, 0.00, 0.03, 0.00, 0.07, 0.89, 0.39, 0.00, 0.00, 0.00, 0.23, 1.31, 1.82, 1.00, 1.00, 1.00, 0.00, 0.00, 1.00, 0.00, 0.00, 0.00, 1.00, 0.00, 0.00, 0.00, 0.00, 0.00, 0.00, 0.00, 1.00
5171,  0,  172.333,  0.98,  1, 0.86, 0.38, 1.05, 0.00, 0.21, 0.00, 0.00, 0.00, 0.07, 0.92, 0.46, 0.03, 0.00, 0.00, 0.18, 1.30, 1.81, 1.00, 1.00, 1.00, 0.00, 0.00, 1.00, 0.00, 0.00, 0.00, 1.00, 0.00, 0.00, 0.00, 0.00, 0.00, 0.00, 0.00, 1.00
5172,  0,  172.367,  0.98,  1, 0.76, 0.26, 1.11, 0.00, 0.15, 0.00, 0.00, 0.00, 0.07, 0.94, 0.63, 0.03, 0.00, 0.00, 0.09, 1.30, 1.73, 1.00, 1.00, 1.00, 0.00, 0.00, 1.00, 0.00, 0.00, 0.00, 1.00, 0.00, 0.00, 0.00, 0.00, 0.00, 0.00, 0.00, 1.00
5173,  0,  172.400,  0.98,  1, 0.70, 0.12, 1.18, 0.00, 0.06, 0.00, 0.00, 0.00, 0.03, 0.97, 0.59, 0.03, 0.00, 0.00, 0.06, 1.10, 1.77, 1.00, 1.00, 1.00, 0.00, 0.00, 1.00, 0.00, 0.00, 0.00, 1.00, 0.00, 0.00, 0.00, 0.00, 0.00, 0.00, 0.00, 1.00
5174,  0,  172.433,  0.98,  1, 0.64, 0.06, 1.27, 0.00, 0.00, 0.00, 0.00, 0.00, 0.00, 0.98, 0.71, 0.00, 0.00, 0.00, 0.06, 1.01, 1.70, 1.00, 1.00, 1.00, 0.00, 0.00, 1.00, 0.00, 0.00, 0.00, 1.00, 0.00, 0.00, 0.00, 0.00, 0.00, 0.00, 0.00, 1.00
5175,  0,  172.467,  0.98,  1, 0.77, 0.17, 1.33, 0.00, 0.00, 0.00, 0.00, 0.00, 0.00, 0.90, 0.78, 0.00, 0.00, 0.00, 0.06, 0.92, 1.81, 1.00, 1.00, 1.00, 0.00, 0.00, 1.00, 0.00, 0.00, 0.00, 1.00, 0.00, 0.00, 0.00, 0.00, 0.00, 0.00, 0.00, 1.00
5176,  0,  172.500,  0.98,  1, 0.85, 0.19, 1.40, 0.00, 0.00, 0.00, 0.00, 0.00, 0.00, 0.87, 0.85, 0.00, 0.00, 0.00, 0.00, 0.79, 1.91, 1.00, 1.00, 1.00, 0.00, 0.00, 1.00, 0.00, 0.00, 0.00, 1.00, 0.00, 0.00, 0.00, 0.00, 0.00, 0.00, 0.00, 1.00
5177,  0,  172.533,  0.93,  1, 0.87, 0.17, 1.44, 0.00, 0.00, 0.00, 0.00, 0.00, 0.00, 0.90, 0.83, 0.00, 0.10, 0.00, 0.02, 0.75, 2.05, 1.00, 1.00, 1.00, 0.00, 0.00, 1.00, 0.00, 0.00, 0.00, 1.00, 0.00, 0.00, 0.00, 0.00, 0.00, 0.00, 0.00, 1.00
5178,  0,  172.567,  0.93,  1, 0.88, 0.06, 1.49, 0.00, 0.01, 0.00, 0.00, 0.00, 0.00, 1.01, 0.85, 0.00, 0.19, 0.00, 0.02, 0.80, 2.02, 1.00, 0.00, 1.00, 0.00, 0.00, 1.00, 0.00, 0.00, 0.00, 1.00, 0.00, 0.00, 0.00, 0.00, 0.00, 0.00, 0.00, 1.00
5179,  0,  172.600,  0.93,  1, 0.93, 0.00, 1.57, 0.00, 0.01, 0.00, 0.00, 0.00, 0.00, 0.99, 0.91, 0.00, 0.20, 0.00, 0.02, 0.91, 2.03, 1.00, 0.00, 1.00, 0.00, 0.00, 1.00, 0.00, 0.00, 0.00, 1.00, 0.00, 0.00, 0.00, 0.00, 0.00, 0.00, 0.00, 1.00
5180,  0,  172.633,  0.98,  1, 0.93, 0.00, 1.61, 0.00, 0.02, 0.00, 0.00, 0.00, 0.00, 0.94, 1.01, 0.00, 0.12, 0.00, 0.01, 1.01, 1.99, 1.00, 0.00, 1.00, 0.00, 0.00, 1.00, 0.00, 0.00, 0.00, 1.00, 0.00, 0.00, 0.00, 0.00, 0.00, 0.00, 0.00, 1.00
5181,  0,  172.667,  0.98,  1, 0.89, 0.05, 1.62, 0.00, 0.01, 0.00, 0.00, 0.00, 0.00, 0.92, 1.03, 0.00, 0.03, 0.00, 0.00, 1.09, 2.05, 1.00, 0.00, 1.00, 0.00, 0.00, 1.00, 0.00, 0.00, 0.00, 1.00, 0.00, 0.00, 0.00, 0.00, 0.00, 0.00, 0.00, 1.00
5182,  0,  172.700,  0.98,  1, 0.87, 0.16, 1.45, 0.00, 0.02, 0.00, 0.00, 0.00, 0.00, 0.93, 1.05, 0.00, 0.02, 0.00, 0.00, 1.13, 1.94, 1.00, 1.00, 1.00, 0.00, 0.00, 1.00, 0.00, 0.00, 0.00, 1.00, 0.00, 0.00, 0.00, 0.00, 0.00, 0.00, 0.00, 1.00
5183,  0,  172.733,  0.98,  1, 0.92, 0.29, 1.38, 0.00, 0.03, 0.00, 0.00, 0.00, 0.00, 0.98, 0.88, 0.00, 0.00, 0.00, 0.00, 1.15, 1.90, 1.00, 1.00, 1.00, 0.00, 0.00, 1.00, 0.00, 0.00, 0.00, 1.00, 0.00, 0.00, 0.00, 0.00, 0.00, 0.00, 0.00, 1.00
5184,  0,  172.767,  0.98,  1, 1.00, 0.53, 1.25, 0.00, 0.04, 0.00, 0.00, 0.00, 0.00, 0.89, 0.86, 0.00, 0.00, 0.00, 0.00, 1.10, 1.58, 1.00, 1.00, 1.00, 0.00, 0.00, 1.00, 0.00, 0.00, 0.00, 1.00, 0.00, 0.00, 0.00, 0.00, 0.00, 0.00, 0.00, 1.00
5185,  0,  172.800,  0.98,  1, 1.03, 0.70, 1.29, 0.00, 0.07, 0.00, 0.00, 0.00, 0.00, 0.86, 0.88, 0.00, 0.00, 0.00, 0.00, 1.07, 1.38, 1.00, 1.00, 1.00, 0.00, 0.00, 1.00, 0.00, 0.00, 0.00, 1.00, 0.00, 0.00, 0.00, 0.00, 0.00, 0.00, 0.00, 1.00
5186,  0,  172.833,  0.98,  1, 1.06, 0.84, 1.19, 0.00, 0.05, 0.00, 0.00, 0.00, 0.00, 0.80, 1.03, 0.00, 0.00, 0.00, 0.00, 0.92, 1.32, 1.00, 1.00, 1.00, 0.00, 0.00, 1.00, 0.00, 0.00, 0.00, 1.00, 0.00, 0.00, 0.00, 0.00, 0.00, 0.00, 0.00, 1.00
5187,  0,  172.867,  0.98,  1, 1.05, 0.76, 1.24, 0.00, 0.07, 0.00, 0.00, 0.00, 0.00, 0.86, 1.06, 0.00, 0.00, 0.00, 0.00, 0.96, 1.38, 1.00, 1.00, 1.00, 0.00, 0.00, 1.00, 0.00, 0.00, 0.00, 1.00, 0.00, 0.00, 0.00, 0.00, 0.00, 0.00, 0.00, 1.00
5188,  0,  172.900,  0.98,  1, 1.04, 0.62, 1.21, 0.00, 0.08, 0.00, 0.00, 0.00, 0.00, 0.97, 1.02, 0.00, 0.00, 0.00, 0.00, 1.01, 1.52, 1.00, 1.00, 1.00, 0.00, 0.00, 1.00, 0.00, 0.00, 0.00, 1.00, 0.00, 0.00, 0.00, 0.00, 0.00, 0.00, 0.00, 1.00
5189,  0,  172.933,  0.98,  1, 1.00, 0.53, 1.34, 0.00, 0.12, 0.00, 0.00, 0.00, 0.00, 1.03, 0.95, 0.00, 0.00, 0.00, 0.00, 1.08, 1.41, 1.00, 1.00, 1.00, 0.00, 0.00, 1.00, 0.00, 0.00, 0.00, 1.00, 0.00, 0.00, 0.00, 0.00, 0.00, 0.00, 0.00, 1.00
5190,  0,  172.967,  0.98,  1, 1.02, 0.63, 1.39, 0.00, 0.15, 0.00, 0.00, 0.00, 0.00, 1.13, 0.93, 0.00, 0.00, 0.00, 0.00, 1.06, 1.42, 1.00, 1.00, 1.00, 0.00, 0.00, 1.00, 0.00, 0.00, 0.00, 1.00, 0.00, 0.00, 0.00, 0.00, 0.00, 0.00, 0.00, 1.00
5191,  0,  173.000,  0.98,  1, 1.03, 0.63, 1.47, 0.00, 0.13, 0.00, 0.00, 0.00, 0.00, 1.17, 0.86, 0.00, 0.00, 0.00, 0.02, 1.03, 1.36, 1.00, 1.00, 1.00, 0.00, 0.00, 1.00, 0.00, 0.00, 0.00, 1.00, 0.00, 0.00, 0.00, 0.00, 0.00, 0.00, 0.00, 1.00
5192,  0,  173.033,  0.98,  1, 1.03, 0.50, 1.38, 0.00, 0.13, 0.00, 0.00, 0.00, 0.00, 1.30, 0.86, 0.00, 0.00, 0.00, 0.02, 1.00, 1.43, 1.00, 1.00, 1.00, 0.00, 0.00, 1.00, 0.00, 0.00, 0.00, 1.00, 0.00, 0.00, 0.00, 0.00, 0.00, 0.00, 0.00, 1.00
5193,  0,  173.067,  0.98,  1, 0.97, 0.31, 1.33, 0.00, 0.14, 0.00, 0.00, 0.00, 0.00, 1.31, 0.79, 0.00, 0.00, 0.00, 0.02, 0.96, 1.48, 0.00, 1.00, 1.00, 0.00, 0.00, 1.00, 0.00, 0.00, 0.00, 1.00, 0.00, 0.00, 0.00, 0.00, 0.00, 0.00, 0.00, 1.00
5194,  0,  173.100,  0.98,  1, 0.90, 0.22, 1.31, 0.00, 0.10, 0.00, 0.00, 0.00, 0.00, 1.23, 1.02, 0.00, 0.00, 0.00, 0.00, 0.64, 1.58, 0.00, 1.00, 1.00, 0.00, 0.00, 1.00, 0.00, 0.00, 0.00, 1.00, 0.00, 0.00, 0.00, 0.00, 0.00, 0.00, 0.00, 1.00
5195,  0,  173.133,  0.98,  1, 0.86, 0.24, 1.32, 0.00, 0.07, 0.00, 0.00, 0.00, 0.00, 1.18, 1.13, 0.00, 0.00, 0.00, 0.00, 0.52, 1.63, 0.00, 0.00, 1.00, 0.00, 0.00, 1.00, 0.00, 0.00, 0.00, 1.00, 0.00, 0.00, 0.00, 0.00, 0.00, 0.00, 0.00, 1.00
5196,  0,  173.167,  0.98,  1, 0.88, 0.12, 1.35, 0.00, 0.03, 0.00, 0.00, 0.00, 0.00, 1.12, 1.21, 0.00, 0.00, 0.00, 0.00, 0.28, 1.77, 0.00, 0.00, 1.00, 0.00, 0.00, 1.00, 0.00, 0.00, 0.00, 1.00, 0.00, 0.00, 0.00, 0.00, 0.00, 0.00, 0.00, 1.00
5197,  0,  173.200,  0.98,  1, 0.90, 0.07, 1.39, 0.00, 0.11, 0.00, 0.00, 0.00, 0.00, 1.17, 0.98, 0.00, 0.00, 0.00, 0.00, 0.39, 1.79, 0.00, 0.00, 1.00, 0.00, 0.00, 1.00, 0.00, 0.00, 0.00, 1.00, 0.00, 0.00, 0.00, 0.00, 0.00, 0.00, 0.00, 1.00
5198,  0,  173.233,  0.98,  1, 0.94, 0.10, 1.43, 0.00, 0.17, 0.00, 0.00, 0.00, 0.00, 1.22, 0.86, 0.00, 0.00, 0.00, 0.00, 0.38, 1.81, 0.00, 0.00, 1.00, 0.00, 0.00, 1.00, 0.00, 0.00, 0.00, 1.00, 0.00, 0.00, 0.00, 0.00, 0.00, 0.00, 0.00, 1.00
5199,  0,  173.267,  0.98,  1, 0.92, 0.14, 1.45, 0.00, 0.23, 0.00, 0.00, 0.00, 0.00, 1.30, 0.81, 0.00, 0.00, 0.00, 0.00, 0.47, 1.79, 0.00, 1.00, 1.00, 0.00, 0.00, 1.00, 0.00, 0.00, 0.00, 1.00, 0.00, 0.00, 0.00, 0.00, 0.00, 0.00, 0.00, 1.00
5200,  0,  173.300,  0.98,  1, 0.93, 0.26, 1.43, 0.00, 0.21, 0.00, 0.00, 0.00, 0.00, 1.29, 0.84, 0.00, 0.00, 0.00, 0.00, 0.51, 1.92, 0.00, 1.00, 1.00, 0.00, 0.00, 1.00, 0.00, 0.00, 0.00, 1.00, 0.00, 0.00, 0.00, 0.00, 0.00, 0.00, 0.00, 1.00
5201,  0,  173.333,  0.98,  1, 0.94, 0.35, 1.40, 0.00, 0.19, 0.00, 0.00, 0.00, 0.00, 1.23, 0.87, 0.00, 0.00, 0.00, 0.04, 0.47, 1.95, 0.00, 1.00, 1.00, 0.00, 0.00, 1.00, 0.00, 0.00, 0.00, 1.00, 0.00, 0.00, 0.00, 0.00, 0.00, 0.00, 0.00, 1.00
5202,  0,  173.367,  0.98,  1, 0.91, 0.42, 1.27, 0.00, 0.18, 0.00, 0.00, 0.00, 0.00, 1.13, 0.83, 0.00, 0.00, 0.00, 0.05, 0.42, 1.97, 0.00, 1.00, 1.00, 0.00, 0.00, 1.00, 0.00, 0.00, 0.00, 1.00, 0.00, 0.00, 0.00, 0.00, 0.00, 0.00, 0.00, 1.00
5203,  0,  173.400,  0.98,  1, 0.89, 0.32, 1.24, 0.00, 0.17, 0.00, 0.00, 0.00, 0.00, 1.05, 0.78, 0.00, 0.00, 0.00, 0.06, 0.44, 1.93, 0.00, 1.00, 1.00, 0.00, 0.00, 1.00, 0.00, 0.00, 0.00, 1.00, 0.00, 0.00, 0.00, 0.00, 0.00, 0.00, 0.00, 1.00
5204,  0,  173.433,  0.98,  1, 0.90, 0.26, 1.24, 0.00, 0.16, 0.00, 0.00, 0.00, 0.00, 1.01, 0.72, 0.00, 0.00, 0.00, 0.02, 0.47, 1.93, 0.00, 1.00, 1.00, 0.00, 0.00, 1.00, 0.00, 0.00, 0.00, 1.00, 0.00, 0.00, 0.00, 0.00, 0.00, 0.00, 0.00, 1.00
5205,  0,  173.467,  0.98,  1, 0.91, 0.28, 1.32, 0.00, 0.15, 0.00, 0.00, 0.00, 0.00, 0.96, 0.79, 0.00, 0.00, 0.00, 0.01, 0.51, 1.87, 0.00, 1.00, 1.00, 0.00, 0.00, 1.00, 0.00, 0.00, 0.00, 1.00, 0.00, 0.00, 0.00, 0.00, 0.00, 0.00, 0.00, 1.00
5206,  0,  173.500,  0.98,  1, 0.84, 0.30, 1.35, 0.00, 0.19, 0.00, 0.00, 0.00, 0.02, 0.89, 0.82, 0.00, 0.00, 0.00, 0.05, 0.48, 1.89, 0.00, 1.00, 1.00, 0.00, 0.00, 1.00, 0.00, 0.00, 0.00, 1.00, 0.00, 0.00, 0.00, 0.00, 0.00, 0.00, 0.00, 1.00
5207,  0,  173.533,  0.98,  1, 0.75, 0.19, 1.35, 0.00, 0.24, 0.00, 0.00, 0.00, 0.03, 0.75, 0.84, 0.00, 0.05, 0.00, 0.07, 0.52, 1.98, 0.00, 0.00, 1.00, 0.00, 0.00, 1.00, 0.00, 0.00, 0.00, 1.00, 0.00, 0.00, 0.00, 0.00, 0.00, 0.00, 0.00, 1.00
5208,  0,  173.567,  0.98,  1, 0.71, 0.29, 1.30, 0.00, 0.23, 0.00, 0.00, 0.00, 0.05, 0.84, 0.82, 0.00, 0.05, 0.00, 0.17, 0.70, 2.01, 0.00, 0.00, 1.00, 0.00, 0.00, 1.00, 0.00, 0.00, 0.00, 1.00, 0.00, 0.00, 0.00, 0.00, 0.00, 0.00, 0.00, 1.00
5209,  0,  173.600,  0.98,  1, 0.75, 0.31, 1.24, 0.00, 0.19, 0.00, 0.00, 0.00, 0.03, 0.91, 0.76, 0.00, 0.05, 0.00, 0.21, 0.92, 2.03, 0.00, 0.00, 1.00, 0.00, 0.00, 1.00, 0.00, 0.00, 0.00, 1.00, 0.00, 0.00, 0.00, 0.00, 0.00, 0.00, 0.00, 1.00
5210,  0,  173.633,  0.98,  1, 0.76, 0.39, 1.19, 0.00, 0.13, 0.00, 0.00, 0.00, 0.02, 0.98, 0.70, 0.00, 0.00, 0.00, 0.32, 0.96, 1.87, 0.00, 0.00, 1.00, 0.00, 0.00, 1.00, 0.00, 0.00, 0.00, 1.00, 0.00, 0.00, 0.00, 0.00, 0.00, 0.00, 0.00, 1.00
5211,  0,  173.667,  0.98,  1, 0.75, 0.30, 1.19, 0.00, 0.17, 0.00, 0.00, 0.00, 0.00, 0.94, 0.53, 0.00, 0.00, 0.00, 0.27, 0.75, 1.82, 0.00, 0.00, 1.00, 0.00, 0.00, 1.00, 0.00, 0.00, 0.00, 1.00, 0.00, 0.00, 0.00, 0.00, 0.00, 0.00, 0.00, 1.00
5212,  0,  173.700,  0.98,  1, 0.71, 0.34, 1.18, 0.00, 0.20, 0.00, 0.00, 0.00, 0.00, 0.91, 0.50, 0.00, 0.00, 0.00, 0.27, 0.62, 1.67, 0.00, 0.00, 1.00, 0.00, 0.00, 1.00, 0.00, 0.00, 0.00, 1.00, 0.00, 0.00, 0.00, 0.00, 0.00, 0.00, 0.00, 1.00
5213,  0,  173.733,  0.98,  1, 0.68, 0.32, 1.15, 0.00, 0.24, 0.00, 0.00, 0.00, 0.01, 0.85, 0.52, 0.00, 0.00, 0.00, 0.24, 0.56, 1.73, 0.00, 0.00, 1.00, 0.00, 0.00, 1.00, 0.00, 0.00, 0.00, 1.00, 0.00, 0.00, 0.00, 0.00, 0.00, 0.00, 0.00, 1.00
5214,  0,  173.767,  0.98,  1, 0.60, 0.25, 1.15, 0.00, 0.23, 0.00, 0.00, 0.00, 0.02, 0.79, 0.59, 0.00, 0.00, 0.00, 0.22, 0.54, 1.82, 0.00, 1.00, 1.00, 0.00, 0.00, 1.00, 0.00, 0.00, 0.00, 1.00, 0.00, 0.00, 0.00, 0.00, 0.00, 0.00, 0.00, 1.00
5215,  0,  173.800,  0.98,  1, 0.58, 0.23, 1.21, 0.00, 0.26, 0.00, 0.00, 0.00, 0.03, 0.77, 0.53, 0.00, 0.00, 0.00, 0.27, 0.44, 1.89, 0.00, 1.00, 1.00, 0.00, 0.00, 1.00, 0.00, 0.00, 0.00, 1.00, 0.00, 0.00, 0.00, 0.00, 0.00, 0.00, 0.00, 1.00
5216,  0,  173.833,  0.98,  1, 0.61, 0.24, 1.30, 0.00, 0.33, 0.00, 0.00, 0.00, 0.02, 0.80, 0.39, 0.00, 0.00, 0.00, 0.29, 0.43, 1.87, 0.00, 1.00, 1.00, 0.00, 0.00, 1.00, 0.00, 0.00, 0.00, 1.00, 0.00, 0.00, 0.00, 0.00, 0.00, 0.00, 0.00, 1.00
5217,  0,  173.867,  0.98,  1, 0.66, 0.21, 1.34, 0.00, 0.39, 0.00, 0.00, 0.00, 0.01, 0.77, 0.42, 0.00, 0.00, 0.00, 0.36, 0.60, 1.87, 0.00, 1.00, 1.00, 0.00, 0.00, 1.00, 0.00, 0.00, 0.00, 1.00, 0.00, 0.00, 0.00, 0.00, 0.00, 0.00, 0.00, 1.00
5218,  0,  173.900,  0.98,  1, 0.65, 0.22, 1.30, 0.00, 0.38, 0.00, 0.00, 0.00, 0.02, 0.82, 0.52, 0.00, 0.00, 0.00, 0.23, 0.60, 1.99, 0.00, 1.00, 1.00, 0.00, 0.00, 1.00, 0.00, 0.00, 0.00, 1.00, 0.00, 0.00, 0.00, 0.00, 0.00, 0.00, 0.00, 1.00
5219,  0,  173.933,  0.98,  1, 0.57, 0.18, 1.21, 0.00, 0.33, 0.00, 0.00, 0.00, 0.04, 0.90, 0.70, 0.00, 0.00, 0.00, 0.13, 0.48, 2.09, 0.00, 1.00, 1.00, 0.00, 0.00, 1.00, 0.00, 0.00, 0.00, 1.00, 0.00, 0.00, 0.00, 0.00, 0.00, 0.00, 0.00, 1.00
5220,  0,  173.967,  0.98,  1, 0.64, 0.23, 1.19, 0.00, 0.32, 0.00, 0.00, 0.00, 0.04, 0.87, 0.77, 0.00, 0.00, 0.03, 0.04, 0.31, 2.08, 0.00, 1.00, 1.00, 0.00, 0.00, 1.00, 0.00, 0.00, 0.00, 1.00, 0.00, 0.00, 0.00, 0.00, 0.00, 0.00, 0.00, 1.00
5221,  0,  174.000,  0.98,  1, 0.72, 0.24, 1.16, 0.00, 0.32, 0.00, 0.00, 0.00, 0.01, 0.77, 0.80, 0.00, 0.00, 0.06, 0.05, 0.32, 1.96, 0.00, 1.00, 1.00, 0.00, 0.00, 1.00, 0.00, 0.00, 0.00, 1.00, 0.00, 0.00, 0.00, 0.00, 0.00, 0.00, 0.00, 1.00
5222,  0,  174.033,  0.98,  1, 0.76, 0.23, 1.19, 0.00, 0.33, 0.00, 0.00, 0.00, 0.00, 0.63, 0.83, 0.00, 0.00, 0.07, 0.03, 0.43, 1.90, 0.00, 1.00, 1.00, 0.00, 0.00, 1.00, 0.00, 0.00, 0.00, 1.00, 0.00, 0.00, 0.00, 0.00, 0.00, 0.00, 0.00, 1.00
5223,  0,  174.067,  0.98,  1, 0.70, 0.18, 1.22, 0.00, 0.33, 0.00, 0.00, 0.00, 0.00, 0.61, 0.82, 0.00, 0.00, 0.05, 0.01, 0.42, 1.96, 0.00, 1.00, 1.00, 0.00, 0.00, 1.00, 0.00, 0.00, 0.00, 1.00, 0.00, 0.00, 0.00, 0.00, 0.00, 0.00, 0.00, 1.00
5224,  0,  174.100,  0.98,  1, 0.66, 0.14, 1.28, 0.00, 0.35, 0.06, 0.00, 0.00, 0.00, 0.57, 0.86, 0.00, 0.00, 0.04, 0.01, 0.43, 1.99, 0.00, 1.00, 1.00, 0.00, 0.00, 1.00, 0.00, 0.00, 0.00, 1.00, 0.00, 0.00, 0.00, 0.00, 0.00, 0.00, 0.00, 1.00
5225,  0,  174.133,  0.98,  1, 0.63, 0.09, 1.28, 0.00, 0.38, 0.10, 0.00, 0.00, 0.00, 0.53, 0.84, 0.00, 0.00, 0.02, 0.05, 0.42, 2.03, 0.00, 1.00, 1.00, 0.00, 0.00, 1.00, 0.00, 0.00, 0.00, 1.00, 0.00, 0.00, 0.00, 0.00, 0.00, 0.00, 0.00, 1.00
5226,  0,  174.167,  0.98,  1, 0.63, 0.23, 1.24, 0.00, 0.38, 0.10, 0.00, 0.00, 0.00, 0.63, 0.89, 0.00, 0.00, 0.01, 0.12, 0.42, 1.99, 0.00, 1.00, 1.00, 0.00, 0.00, 1.00, 0.00, 0.00, 0.00, 1.00, 0.00, 0.00, 0.00, 0.00, 0.00, 0.00, 0.00, 1.00
5227,  0,  174.200,  0.98,  1, 0.62, 0.31, 1.20, 0.00, 0.38, 0.04, 0.00, 0.00, 0.00, 0.69, 0.87, 0.00, 0.00, 0.00, 0.14, 0.37, 1.95, 0.00, 1.00, 1.00, 0.00, 0.00, 1.00, 0.00, 0.00, 0.00, 1.00, 0.00, 0.00, 0.00, 0.00, 0.00, 0.00, 0.00, 1.00
5228,  0,  174.233,  0.98,  1, 0.65, 0.43, 1.13, 0.00, 0.38, 0.00, 0.00, 0.00, 0.00, 0.78, 0.89, 0.00, 0.00, 0.01, 0.12, 0.36, 1.99, 0.00, 1.00, 1.00, 0.00, 0.00, 1.00, 0.00, 0.00, 0.00, 1.00, 0.00, 0.00, 0.00, 0.00, 0.00, 0.00, 0.00, 1.00
5229,  0,  174.267,  0.98,  1, 0.67, 0.40, 1.11, 0.00, 0.40, 0.00, 0.00, 0.00, 0.00, 0.77, 0.84, 0.00, 0.00, 0.03, 0.05, 0.35, 2.01, 0.00, 1.00, 1.00, 0.00, 0.00, 1.00, 0.00, 0.00, 0.00, 1.00, 0.00, 0.00, 0.00, 0.00, 0.00, 0.00, 0.00, 1.00
5230,  0,  174.300,  0.98,  1, 0.67, 0.43, 1.16, 0.00, 0.36, 0.00, 0.00, 0.00, 0.00, 0.85, 0.90, 0.00, 0.00, 0.08, 0.02, 0.30, 2.08, 0.00, 1.00, 1.00, 0.00, 0.00, 1.00, 0.00, 0.00, 0.00, 1.00, 0.00, 0.00, 0.00, 0.00, 0.00, 0.00, 0.00, 1.00
5231,  0,  174.333,  0.98,  1, 0.62, 0.41, 1.24, 0.00, 0.32, 0.00, 0.00, 0.00, 0.00, 0.95, 0.89, 0.00, 0.00, 0.11, 0.00, 0.28, 2.03, 0.00, 1.00, 1.00, 0.00, 0.00, 1.00, 0.00, 0.00, 0.00, 1.00, 0.00, 0.00, 0.00, 0.00, 0.00, 0.00, 0.00, 1.00
5232,  0,  174.367,  0.98,  1, 0.61, 0.45, 1.29, 0.00, 0.25, 0.00, 0.00, 0.00, 0.00, 0.97, 1.05, 0.00, 0.00, 0.08, 0.00, 0.39, 1.95, 0.00, 1.00, 1.00, 0.00, 0.00, 1.00, 0.00, 0.00, 0.00, 1.00, 0.00, 0.00, 0.00, 0.00, 0.00, 0.00, 0.00, 1.00
5233,  0,  174.400,  0.98,  1, 0.65, 0.43, 1.23, 0.00, 0.22, 0.00, 0.00, 0.00, 0.00, 0.91, 1.09, 0.00, 0.00, 0.03, 0.04, 0.63, 1.82, 0.00, 1.00, 1.00, 0.00, 0.00, 1.00, 0.00, 0.00, 0.00, 1.00, 0.00, 0.00, 0.00, 0.00, 0.00, 0.00, 0.00, 1.00
5234,  0,  174.433,  0.98,  1, 0.71, 0.54, 1.20, 0.00, 0.19, 0.00, 0.00, 0.00, 0.00, 0.79, 1.24, 0.00, 0.00, 0.01, 0.08, 0.81, 1.67, 0.00, 1.00, 1.00, 0.00, 0.00, 1.00, 0.00, 0.00, 0.00, 1.00, 0.00, 0.00, 0.00, 0.00, 0.00, 0.00, 0.00, 1.00
5235,  0,  174.467,  0.98,  1, 0.72, 0.52, 1.19, 0.00, 0.16, 0.00, 0.00, 0.00, 0.00, 0.74, 1.25, 0.00, 0.00, 0.03, 0.10, 0.87, 1.58, 0.00, 1.00, 1.00, 0.00, 0.00, 1.00, 0.00, 0.00, 0.00, 1.00, 0.00, 0.00, 0.00, 0.00, 0.00, 0.00, 0.00, 1.00
5236,  0,  174.500,  0.98,  1, 0.72, 0.53, 1.21, 0.00, 0.15, 0.00, 0.00, 0.00, 0.00, 0.78, 1.21, 0.00, 0.00, 0.05, 0.06, 0.88, 1.53, 0.00, 1.00, 1.00, 0.00, 0.00, 1.00, 0.00, 0.00, 0.00, 1.00, 0.00, 0.00, 0.00, 0.00, 0.00, 0.00, 0.00, 1.00
5237,  0,  174.533,  0.98,  1, 0.75, 0.49, 1.22, 0.00, 0.13, 0.00, 0.00, 0.00, 0.00, 0.83, 1.18, 0.00, 0.00, 0.05, 0.02, 0.91, 1.59, 1.00, 1.00, 1.00, 0.00, 0.00, 1.00, 0.00, 0.00, 0.00, 1.00, 0.00, 0.00, 0.00, 0.00, 0.00, 0.00, 0.00, 1.00
5238,  0,  174.567,  0.98,  1, 0.77, 0.50, 1.24, 0.00, 0.12, 0.00, 0.00, 0.00, 0.00, 0.89, 0.98, 0.00, 0.00, 0.05, 0.00, 0.83, 1.82, 1.00, 1.00, 1.00, 0.00, 0.00, 1.00, 0.00, 0.00, 0.00, 1.00, 0.00, 0.00, 0.00, 0.00, 0.00, 0.00, 0.00, 1.00
5239,  0,  174.600,  0.98,  1, 0.80, 0.55, 1.28, 0.00, 0.12, 0.00, 0.00, 0.00, 0.00, 0.88, 0.92, 0.00, 0.00, 0.03, 0.01, 0.73, 2.00, 1.00, 1.00, 1.00, 0.00, 0.00, 1.00, 0.00, 0.00, 0.00, 1.00, 0.00, 0.00, 0.00, 0.00, 0.00, 0.00, 0.00, 1.00
5240,  0,  174.633,  0.98,  1, 0.79, 0.57, 1.28, 0.00, 0.13, 0.00, 0.00, 0.00, 0.00, 0.84, 0.80, 0.00, 0.00, 0.02, 0.04, 0.60, 2.12, 1.00, 1.00, 1.00, 0.00, 0.00, 1.00, 0.00, 0.00, 0.00, 1.00, 0.00, 0.00, 0.00, 0.00, 0.00, 0.00, 0.00, 1.00
5241,  0,  174.667,  0.98,  1, 0.81, 0.55, 1.24, 0.00, 0.15, 0.00, 0.00, 0.00, 0.00, 0.76, 0.85, 0.00, 0.00, 0.01, 0.08, 0.59, 2.08, 1.00, 1.00, 1.00, 0.00, 0.00, 1.00, 0.00, 0.00, 0.00, 1.00, 0.00, 0.00, 0.00, 0.00, 0.00, 0.00, 0.00, 1.00
5242,  0,  174.700,  0.98,  1, 0.73, 0.44, 1.21, 0.00, 0.19, 0.00, 0.00, 0.00, 0.00, 0.68, 0.91, 0.00, 0.00, 0.01, 0.07, 0.52, 1.96, 1.00, 1.00, 1.00, 0.00, 0.00, 1.00, 0.00, 0.00, 0.00, 1.00, 0.00, 0.00, 0.00, 0.00, 0.00, 0.00, 0.00, 1.00
5243,  0,  174.733,  0.98,  1, 0.68, 0.34, 1.22, 0.00, 0.21, 0.00, 0.00, 0.00, 0.00, 0.64, 0.94, 0.00, 0.00, 0.00, 0.04, 0.51, 1.81, 1.00, 1.00, 1.00, 0.00, 0.00, 1.00, 0.00, 0.00, 0.00, 1.00, 0.00, 0.00, 0.00, 0.00, 0.00, 0.00, 0.00, 1.00
5244,  0,  174.767,  0.98,  1, 0.66, 0.35, 1.28, 0.00, 0.24, 0.00, 0.00, 0.00, 0.00, 0.70, 0.90, 0.01, 0.00, 0.04, 0.00, 0.52, 1.84, 1.00, 1.00, 1.00, 0.00, 0.00, 1.00, 0.00, 0.00, 0.00, 1.00, 0.00, 0.00, 0.00, 0.00, 0.00, 0.00, 0.00, 1.00
5245,  0,  174.800,  0.98,  1, 0.69, 0.40, 1.32, 0.00, 0.26, 0.00, 0.00, 0.00, 0.00, 0.82, 0.83, 0.01, 0.00, 0.08, 0.00, 0.61, 1.94, 1.00, 1.00, 1.00, 0.00, 0.00, 1.00, 0.00, 0.00, 0.00, 1.00, 0.00, 0.00, 0.00, 0.00, 0.00, 0.00, 0.00, 1.00
5246,  0,  174.833,  0.98,  1, 0.69, 0.41, 1.33, 0.00, 0.28, 0.00, 0.00, 0.00, 0.00, 0.96, 0.70, 0.01, 0.00, 0.11, 0.00, 0.62, 2.07, 1.00, 1.00, 1.00, 0.00, 0.00, 1.00, 0.00, 0.00, 0.00, 1.00, 0.00, 0.00, 0.00, 0.00, 0.00, 0.00, 0.00, 1.00
5247,  0,  174.867,  0.98,  1, 0.68, 0.36, 1.36, 0.00, 0.28, 0.00, 0.00, 0.00, 0.00, 1.05, 0.63, 0.00, 0.00, 0.11, 0.00, 0.67, 2.03, 1.00, 1.00, 1.00, 0.00, 0.00, 1.00, 0.00, 0.00, 0.00, 1.00, 0.00, 0.00, 0.00, 0.00, 0.00, 0.00, 0.00, 1.00
5248,  0,  174.900,  0.98,  1, 0.70, 0.37, 1.34, 0.00, 0.29, 0.00, 0.00, 0.00, 0.00, 1.12, 0.54, 0.00, 0.00, 0.11, 0.00, 0.74, 2.04, 1.00, 1.00, 1.00, 0.00, 0.00, 1.00, 0.00, 0.00, 0.00, 1.00, 0.00, 0.00, 0.00, 0.00, 0.00, 0.00, 0.00, 1.00
5249,  0,  174.933,  0.98,  1, 0.72, 0.39, 1.35, 0.00, 0.32, 0.00, 0.00, 0.00, 0.00, 1.17, 0.58, 0.00, 0.00, 0.13, 0.00, 0.92, 2.04, 0.00, 1.00, 1.00, 0.00, 0.00, 1.00, 0.00, 0.00, 0.00, 1.00, 0.00, 0.00, 0.00, 0.00, 0.00, 0.00, 0.00, 1.00
5250,  0,  174.967,  0.98,  1, 0.65, 0.41, 1.26, 0.00, 0.34, 0.00, 0.00, 0.00, 0.00, 1.18, 0.60, 0.00, 0.00, 0.15, 0.00, 1.05, 1.96, 0.00, 1.00, 1.00, 0.00, 0.00, 1.00, 0.00, 0.00, 0.00, 1.00, 0.00, 0.00, 0.00, 0.00, 0.00, 0.00, 0.00, 1.00
5251,  0,  175.000,  0.98,  1, 0.62, 0.40, 1.22, 0.00, 0.35, 0.00, 0.00, 0.00, 0.00, 1.12, 0.56, 0.00, 0.00, 0.16, 0.00, 1.06, 1.89, 0.00, 1.00, 1.00, 0.00, 0.00, 1.00, 0.00, 0.00, 0.00, 1.00, 0.00, 0.00, 0.00, 0.00, 0.00, 0.00, 0.00, 1.00
5252,  0,  175.033,  0.98,  1, 0.60, 0.40, 1.14, 0.00, 0.36, 0.00, 0.00, 0.00, 0.00, 1.05, 0.52, 0.00, 0.00, 0.14, 0.02, 1.05, 1.80, 1.00, 1.00, 1.00, 0.00, 0.00, 1.00, 0.00, 0.00, 0.00, 1.00, 0.00, 0.00, 0.00, 0.00, 0.00, 0.00, 0.00, 1.00
5253,  0,  175.067,  0.98,  1, 0.61, 0.38, 1.13, 0.00, 0.37, 0.00, 0.00, 0.00, 0.00, 0.99, 0.53, 0.00, 0.00, 0.11, 0.02, 0.91, 1.76, 0.00, 1.00, 1.00, 0.00, 0.00, 1.00, 0.00, 0.00, 0.00, 1.00, 0.00, 0.00, 0.00, 0.00, 0.00, 0.00, 0.00, 1.00
5254,  0,  175.100,  0.98,  1, 0.64, 0.40, 1.16, 0.00, 0.32, 0.00, 0.00, 0.00, 0.00, 0.90, 0.59, 0.00, 0.00, 0.07, 0.05, 0.81, 1.70, 0.00, 1.00, 1.00, 0.00, 0.00, 1.00, 0.00, 0.00, 0.00, 1.00, 0.00, 0.00, 0.00, 0.00, 0.00, 0.00, 0.00, 1.00
5255,  0,  175.133,  0.98,  1, 0.64, 0.39, 1.24, 0.00, 0.28, 0.00, 0.00, 0.00, 0.00, 0.87, 0.62, 0.00, 0.00, 0.09, 0.11, 0.59, 1.65, 0.00, 1.00, 1.00, 0.00, 0.00, 1.00, 0.00, 0.00, 0.00, 1.00, 0.00, 0.00, 0.00, 0.00, 0.00, 0.00, 0.00, 1.00
5256,  0,  175.167,  0.98,  1, 0.68, 0.32, 1.35, 0.00, 0.24, 0.00, 0.00, 0.00, 0.04, 0.73, 0.62, 0.00, 0.00, 0.11, 0.16, 0.43, 1.78, 0.00, 1.00, 1.00, 0.00, 0.00, 1.00, 0.00, 0.00, 0.00, 1.00, 0.00, 0.00, 0.00, 0.00, 0.00, 0.00, 0.00, 1.00
5257,  0,  175.200,  0.98,  1, 0.67, 0.25, 1.40, 0.00, 0.26, 0.00, 0.00, 0.00, 0.06, 0.61, 0.65, 0.00, 0.00, 0.10, 0.18, 0.23, 1.86, 0.00, 0.00, 1.00, 0.00, 0.00, 1.00, 0.00, 0.00, 0.00, 1.00, 0.00, 0.00, 0.00, 0.00, 0.00, 0.00, 0.00, 1.00
5258,  0,  175.233,  0.98,  1, 0.65, 0.17, 1.45, 0.00, 0.25, 0.00, 0.00, 0.00, 0.09, 0.37, 0.74, 0.00, 0.00, 0.04, 0.17, 0.10, 1.89, 0.00, 0.00, 1.00, 0.00, 0.00, 1.00, 0.00, 0.00, 0.00, 1.00, 0.00, 0.00, 0.00, 0.00, 0.00, 0.00, 0.00, 1.00
5259,  0,  175.267,  0.98,  1, 0.63, 0.16, 1.45, 0.00, 0.25, 0.00, 0.00, 0.00, 0.08, 0.29, 0.81, 0.00, 0.00, 0.00, 0.19, 0.00, 1.73, 0.00, 0.00, 1.00, 0.00, 0.00, 1.00, 0.00, 0.00, 0.00, 1.00, 0.00, 0.00, 0.00, 0.00, 0.00, 0.00, 0.00, 1.00
5260,  0,  175.300,  0.98,  1, 0.64, 0.12, 1.40, 0.00, 0.25, 0.00, 0.00, 0.00, 0.10, 0.30, 0.77, 0.00, 0.00, 0.00, 0.14, 0.00, 1.61, 0.00, 0.00, 1.00, 0.00, 0.00, 1.00, 0.00, 0.00, 0.00, 1.00, 0.00, 0.00, 0.00, 0.00, 0.00, 0.00, 0.00, 1.00
5261,  0,  175.333,  0.98,  1, 0.69, 0.22, 1.36, 0.00, 0.25, 0.00, 0.00, 0.00, 0.11, 0.40, 0.74, 0.00, 0.00, 0.00, 0.10, 0.00, 1.53, 0.00, 0.00, 1.00, 0.00, 0.00, 1.00, 0.00, 0.00, 0.00, 1.00, 0.00, 0.00, 0.00, 0.00, 0.00, 0.00, 0.00, 1.00
5262,  0,  175.367,  0.98,  1, 0.67, 0.22, 1.34, 0.00, 0.28, 0.00, 0.00, 0.00, 0.13, 0.49, 0.81, 0.00, 0.00, 0.00, 0.05, 0.00, 1.52, 0.00, 0.00, 1.00, 0.00, 0.00, 1.00, 0.00, 0.00, 0.00, 1.00, 0.00, 0.00, 0.00, 0.00, 0.00, 0.00, 0.00, 1.00
5263,  0,  175.400,  0.98,  1, 0.63, 0.29, 1.34, 0.00, 0.29, 0.00, 0.00, 0.00, 0.16, 0.51, 0.92, 0.00, 0.00, 0.00, 0.06, 0.00, 1.56, 0.00, 0.00, 1.00, 0.00, 0.00, 1.00, 0.00, 0.00, 0.00, 1.00, 0.00, 0.00, 0.00, 0.00, 0.00, 0.00, 0.00, 1.00
5264,  0,  175.433,  0.98,  1, 0.58, 0.23, 1.33, 0.00, 0.31, 0.00, 0.00, 0.00, 0.16, 0.49, 0.96, 0.00, 0.00, 0.00, 0.07, 0.00, 1.59, 0.00, 0.00, 1.00, 0.00, 0.00, 1.00, 0.00, 0.00, 0.00, 1.00, 0.00, 0.00, 0.00, 0.00, 0.00, 0.00, 0.00, 1.00
5265,  0,  175.467,  0.98,  1, 0.60, 0.27, 1.30, 0.00, 0.28, 0.00, 0.00, 0.00, 0.16, 0.47, 0.92, 0.00, 0.00, 0.00, 0.06, 0.00, 1.59, 0.00, 0.00, 1.00, 0.00, 0.00, 1.00, 0.00, 0.00, 0.00, 1.00, 0.00, 0.00, 0.00, 0.00, 0.00, 0.00, 0.00, 1.00
5266,  0,  175.500,  0.98,  1, 0.67, 0.39, 1.33, 0.00, 0.23, 0.00, 0.00, 0.00, 0.11, 0.61, 0.83, 0.00, 0.00, 0.00, 0.04, 0.02, 1.74, 0.00, 0.00, 1.00, 0.00, 0.00, 1.00, 0.00, 0.00, 0.00, 1.00, 0.00, 0.00, 0.00, 0.00, 0.00, 0.00, 0.00, 1.00
5267,  0,  175.533,  0.98,  1, 0.74, 0.46, 1.35, 0.00, 0.17, 0.00, 0.00, 0.00, 0.06, 0.80, 0.78, 0.00, 0.00, 0.00, 0.01, 0.04, 1.94, 0.00, 1.00, 1.00, 0.00, 0.00, 1.00, 0.00, 0.00, 0.00, 1.00, 0.00, 0.00, 0.00, 0.00, 0.00, 0.00, 0.00, 1.00
5268,  0,  175.567,  0.98,  1, 0.81, 0.54, 1.37, 0.00, 0.19, 0.00, 0.00, 0.00, 0.01, 0.88, 0.67, 0.00, 0.00, 0.00, 0.06, 0.11, 2.10, 0.00, 1.00, 1.00, 0.00, 0.00, 1.00, 0.00, 0.00, 0.00, 1.00, 0.00, 0.00, 0.00, 0.00, 0.00, 0.00, 0.00, 1.00
5269,  0,  175.600,  0.98,  1, 0.74, 0.34, 1.36, 0.00, 0.29, 0.00, 0.00, 0.00, 0.00, 0.76, 0.55, 0.00, 0.00, 0.00, 0.14, 0.14, 2.10, 0.00, 1.00, 1.00, 0.00, 0.00, 1.00, 0.00, 0.00, 0.00, 1.00, 0.00, 0.00, 0.00, 0.00, 0.00, 0.00, 0.00, 1.00
5270,  0,  175.633,  0.98,  1, 0.69, 0.27, 1.34, 0.00, 0.36, 0.00, 0.00, 0.00, 0.00, 0.66, 0.51, 0.00, 0.00, 0.00, 0.23, 0.26, 2.05, 0.00, 0.00, 1.00, 0.00, 0.00, 1.00, 0.00, 0.00, 0.00, 1.00, 0.00, 0.00, 0.00, 0.00, 0.00, 0.00, 0.00, 1.00
5271,  0,  175.667,  0.98,  1, 0.64, 0.16, 1.30, 0.00, 0.37, 0.00, 0.00, 0.00, 0.00, 0.66, 0.53, 0.00, 0.00, 0.00, 0.24, 0.33, 2.07, 0.00, 0.00, 1.00, 0.00, 0.00, 1.00, 0.00, 0.00, 0.00, 1.00, 0.00, 0.00, 0.00, 0.00, 0.00, 0.00, 0.00, 1.00
5272,  0,  175.700,  0.98,  1, 0.67, 0.27, 1.21, 0.00, 0.34, 0.00, 0.01, 0.00, 0.00, 0.80, 0.51, 0.00, 0.00, 0.00, 0.21, 0.37, 2.12, 0.00, 1.00, 1.00, 0.00, 0.00, 1.00, 0.00, 0.00, 0.00, 1.00, 0.00, 0.00, 0.00, 0.00, 0.00, 0.00, 0.00, 1.00
5273,  0,  175.733,  0.98,  1, 0.75, 0.38, 1.18, 0.00, 0.38, 0.00, 0.02, 0.00, 0.01, 1.02, 0.45, 0.00, 0.00, 0.00, 0.15, 0.34, 2.21, 0.00, 0.00, 1.00, 0.00, 0.00, 1.00, 0.00, 0.00, 0.00, 1.00, 0.00, 0.00, 0.00, 0.00, 0.00, 0.00, 0.00, 1.00
5274,  0,  175.767,  0.98,  1, 0.80, 0.46, 1.20, 0.00, 0.39, 0.00, 0.02, 0.00, 0.01, 1.21, 0.37, 0.00, 0.00, 0.00, 0.12, 0.34, 2.19, 0.00, 0.00, 1.00, 0.00, 0.00, 1.00, 0.00, 0.00, 0.00, 1.00, 0.00, 0.00, 0.00, 0.00, 0.00, 0.00, 0.00, 1.00
5275,  0,  175.800,  0.98,  1, 0.83, 0.43, 1.24, 0.00, 0.44, 0.00, 0.01, 0.00, 0.02, 1.23, 0.56, 0.00, 0.00, 0.00, 0.14, 0.47, 2.22, 0.00, 0.00, 1.00, 0.00, 0.00, 1.00, 0.00, 0.00, 0.00, 1.00, 0.00, 0.00, 0.00, 0.00, 0.00, 0.00, 0.00, 1.00
5276,  0,  175.833,  0.98,  1, 0.78, 0.37, 1.21, 0.00, 0.42, 0.00, 0.01, 0.00, 0.01, 1.13, 0.76, 0.00, 0.00, 0.00, 0.13, 0.55, 2.20, 0.00, 1.00, 1.00, 0.00, 0.00, 1.00, 0.00, 0.00, 0.00, 1.00, 0.00, 0.00, 0.00, 0.00, 0.00, 0.00, 0.00, 1.00
5277,  0,  175.867,  0.98,  1, 0.71, 0.31, 1.22, 0.00, 0.42, 0.00, 0.00, 0.00, 0.01, 1.03, 1.05, 0.00, 0.00, 0.00, 0.10, 0.63, 2.26, 0.00, 1.00, 1.00, 0.00, 0.00, 1.00, 0.00, 0.00, 0.00, 1.00, 0.00, 0.00, 0.00, 0.00, 0.00, 0.00, 0.00, 1.00
5278,  0,  175.900,  0.98,  1, 0.75, 0.29, 1.31, 0.00, 0.36, 0.00, 0.00, 0.00, 0.00, 0.99, 1.06, 0.00, 0.00, 0.00, 0.04, 0.42, 2.23, 0.00, 0.00, 1.00, 0.00, 0.00, 1.00, 0.00, 0.00, 0.00, 1.00, 0.00, 0.00, 0.00, 0.00, 0.00, 0.00, 0.00, 1.00
5279,  0,  175.933,  0.98,  1, 0.79, 0.26, 1.40, 0.00, 0.32, 0.00, 0.00, 0.00, 0.00, 0.91, 1.04, 0.00, 0.00, 0.00, 0.09, 0.22, 2.23, 0.00, 0.00, 1.00, 0.00, 0.00, 1.00, 0.00, 0.00, 0.00, 1.00, 0.00, 0.00, 0.00, 0.00, 0.00, 0.00, 0.00, 1.00
5280,  0,  175.967,  0.98,  1, 0.86, 0.25, 1.40, 0.00, 0.25, 0.00, 0.00, 0.00, 0.00, 0.83, 0.89, 0.00, 0.00, 0.00, 0.07, 0.00, 2.20, 0.00, 1.00, 1.00, 0.00, 0.00, 1.00, 0.00, 0.00, 0.00, 1.00, 0.00, 0.00, 0.00, 0.00, 0.00, 0.00, 0.00, 1.00
5281,  0,  176.000,  0.98,  1, 0.84, 0.34, 1.39, 0.00, 0.19, 0.00, 0.00, 0.00, 0.00, 0.74, 0.93, 0.00, 0.00, 0.00, 0.07, 0.03, 2.16, 0.00, 1.00, 1.00, 0.00, 0.00, 1.00, 0.00, 0.00, 0.00, 1.00, 0.00, 0.00, 0.00, 0.00, 0.00, 0.00, 0.00, 1.00
5282,  0,  176.033,  0.98,  1, 0.86, 0.44, 1.34, 0.00, 0.12, 0.00, 0.00, 0.00, 0.00, 0.74, 0.98, 0.00, 0.00, 0.00, 0.00, 0.03, 2.12, 0.00, 1.00, 1.00, 0.00, 0.00, 1.00, 0.00, 0.00, 0.00, 1.00, 0.00, 0.00, 0.00, 0.00, 0.00, 0.00, 0.00, 1.00
5283,  0,  176.067,  0.98,  1, 0.88, 0.55, 1.37, 0.00, 0.10, 0.00, 0.00, 0.00, 0.00, 0.85, 1.17, 0.00, 0.00, 0.00, 0.01, 0.07, 2.08, 0.00, 1.00, 1.00, 0.00, 0.00, 1.00, 0.00, 0.00, 0.00, 1.00, 0.00, 0.00, 0.00, 0.00, 0.00, 0.00, 0.00, 1.00
5284,  0,  176.100,  0.98,  1, 0.87, 0.61, 1.45, 0.00, 0.17, 0.00, 0.00, 0.00, 0.00, 0.94, 1.21, 0.00, 0.00, 0.00, 0.01, 0.09, 2.10, 0.00, 1.00, 1.00, 0.00, 0.00, 1.00, 0.00, 0.00, 0.00, 1.00, 0.00, 0.00, 0.00, 0.00, 0.00, 0.00, 0.00, 1.00
5285,  0,  176.133,  0.98,  1, 0.80, 0.59, 1.59, 0.00, 0.27, 0.00, 0.00, 0.00, 0.00, 0.98, 1.25, 0.00, 0.00, 0.00, 0.01, 0.09, 2.12, 0.00, 1.00, 1.00, 0.00, 0.00, 1.00, 0.00, 0.00, 0.00, 1.00, 0.00, 0.00, 0.00, 0.00, 0.00, 0.00, 0.00, 1.00
5286,  0,  176.167,  0.98,  1, 0.73, 0.63, 1.67, 0.00, 0.36, 0.00, 0.00, 0.00, 0.00, 0.96, 1.22, 0.00, 0.00, 0.00, 0.03, 0.05, 2.09, 0.00, 1.00, 1.00, 0.00, 0.00, 1.00, 0.00, 0.00, 0.00, 1.00, 0.00, 0.00, 0.00, 0.00, 0.00, 0.00, 0.00, 1.00
5287,  0,  176.200,  0.98,  1, 0.70, 0.66, 1.61, 0.00, 0.36, 0.00, 0.00, 0.00, 0.00, 0.86, 1.19, 0.00, 0.00, 0.00, 0.03, 0.01, 2.07, 0.00, 1.00, 1.00, 0.00, 0.00, 1.00, 0.00, 0.00, 0.00, 1.00, 0.00, 0.00, 0.00, 0.00, 0.00, 0.00, 0.00, 1.00
5288,  0,  176.233,  0.98,  1, 0.75, 0.74, 1.50, 0.00, 0.35, 0.00, 0.00, 0.00, 0.02, 0.88, 1.07, 0.00, 0.00, 0.00, 0.05, 0.08, 1.98, 0.00, 1.00, 1.00, 0.00, 0.00, 1.00, 0.00, 0.00, 0.00, 1.00, 0.00, 0.00, 0.00, 0.00, 0.00, 0.00, 0.00, 1.00
5289,  0,  176.267,  0.98,  1, 0.73, 0.56, 1.37, 0.00, 0.34, 0.00, 0.00, 0.00, 0.02, 0.85, 0.89, 0.00, 0.00, 0.00, 0.04, 0.17, 1.97, 0.00, 1.00, 1.00, 0.00, 0.00, 1.00, 0.00, 0.00, 0.00, 1.00, 0.00, 0.00, 0.00, 0.00, 0.00, 0.00, 0.00, 1.00
5290,  0,  176.300,  0.98,  1, 0.78, 0.41, 1.38, 0.00, 0.37, 0.11, 0.00, 0.00, 0.06, 1.02, 0.69, 0.00, 0.00, 0.00, 0.08, 0.27, 1.95, 0.00, 1.00, 1.00, 0.00, 0.00, 1.00, 0.00, 0.00, 0.00, 1.00, 0.00, 0.00, 0.00, 0.00, 0.00, 0.00, 0.00, 1.00
5291,  0,  176.333,  0.98,  1, 0.79, 0.40, 1.39, 0.00, 0.38, 0.19, 0.00, 0.00, 0.06, 1.14, 0.53, 0.00, 0.00, 0.03, 0.07, 0.39, 1.91, 0.00, 1.00, 1.00, 0.00, 0.00, 1.00, 0.00, 0.00, 0.00, 1.00, 0.00, 0.00, 0.00, 0.00, 0.00, 0.00, 0.00, 1.00
5292,  0,  176.367,  0.98,  1, 0.77, 0.56, 1.42, 0.00, 0.37, 0.19, 0.00, 0.00, 0.06, 1.18, 0.39, 0.00, 0.00, 0.07, 0.05, 0.38, 2.10, 0.00, 1.00, 1.00, 0.00, 0.00, 1.00, 0.00, 0.00, 0.00, 1.00, 0.00, 0.00, 0.00, 0.00, 0.00, 0.00, 0.00, 1.00
5293,  0,  176.400,  0.98,  1, 0.72, 0.68, 1.33, 0.00, 0.40, 0.08, 0.00, 0.00, 0.02, 1.06, 0.25, 0.00, 0.00, 0.07, 0.00, 0.32, 2.04, 0.00, 1.00, 1.00, 0.00, 0.00, 1.00, 0.00, 0.00, 0.00, 1.00, 0.00, 0.00, 0.00, 0.00, 0.00, 0.00, 0.00, 1.00
5294,  0,  176.433,  0.98,  1, 0.71, 0.66, 1.36, 0.00, 0.37, 0.00, 0.00, 0.00, 0.00, 0.87, 0.12, 0.00, 0.00, 0.04, 0.00, 0.13, 2.14, 1.00, 1.00, 1.00, 0.00, 0.00, 1.00, 0.00, 0.00, 0.00, 1.00, 0.00, 0.00, 0.00, 0.00, 0.00, 0.00, 0.00, 1.00
5295,  0,  176.467,  0.98,  1, 0.77, 0.52, 1.47, 0.00, 0.27, 0.00, 0.00, 0.00, 0.00, 0.71, 0.14, 0.00, 0.00, 0.00, 0.07, 0.13, 2.04, 1.00, 1.00, 1.00, 0.00, 0.00, 1.00, 0.00, 0.00, 0.00, 1.00, 0.00, 0.00, 0.00, 0.00, 0.00, 0.00, 0.00, 1.00
5296,  0,  176.500,  0.98,  1, 0.85, 0.30, 1.56, 0.02, 0.12, 0.00, 0.00, 0.00, 0.00, 0.51, 0.19, 0.00, 0.00, 0.00, 0.11, 0.28, 2.33, 0.00, 1.00, 1.00, 0.00, 0.00, 1.00, 0.00, 0.00, 0.00, 1.00, 0.00, 0.00, 0.00, 0.00, 0.00, 0.00, 0.00, 1.00
5297,  0,  176.533,  0.98,  1, 0.81, 0.09, 1.42, 0.19, 0.00, 0.00, 0.00, 0.00, 0.00, 0.29, 0.32, 0.00, 0.00, 0.00, 0.30, 0.45, 2.47, 0.00, 1.00, 1.00, 0.00, 0.00, 1.00, 0.00, 0.00, 0.00, 0.00, 0.00, 0.00, 0.00, 0.00, 0.00, 0.00, 0.00, 1.00
5298,  0,  176.567,  0.98,  1, 0.71, 0.00, 1.22, 0.35, 0.00, 0.06, 0.00, 0.02, 0.00, 0.15, 0.41, 0.00, 0.00, 0.00, 0.36, 0.59, 2.62, 0.00, 1.00, 1.00, 0.00, 0.00, 1.00, 0.00, 0.00, 0.00, 0.00, 0.00, 0.00, 0.00, 0.00, 0.00, 0.00, 0.00, 1.00
5299,  0,  176.600,  0.98,  1, 0.53, 0.00, 1.05, 0.53, 0.00, 0.30, 0.00, 0.02, 0.00, 0.09, 0.65, 0.00, 0.00, 0.00, 0.44, 0.69, 2.42, 0.00, 0.00, 1.00, 0.00, 0.00, 1.00, 0.00, 0.00, 0.00, 0.00, 0.00, 0.00, 0.00, 0.00, 0.00, 0.00, 0.00, 1.00
5300,  0,  176.633,  0.93,  1, 0.39, 0.00, 1.04, 0.50, 0.00, 0.66, 0.00, 0.02, 0.00, 0.03, 0.72, 0.00, 0.00, 0.00, 0.29, 0.63, 2.24, 0.00, 0.00, 1.00, 0.00, 0.00, 1.00, 0.00, 0.00, 0.00, 0.00, 0.00, 0.00, 0.00, 0.00, 0.00, 0.00, 0.00, 1.00
5301,  0,  176.667,  0.98,  1, 0.37, 0.00, 0.98, 0.34, 0.00, 0.91, 0.00, 0.00, 0.00, 0.00, 0.66, 0.00, 0.00, 0.00, 0.30, 0.41, 1.63, 0.00, 0.00, 1.00, 0.00, 0.00, 1.00, 0.00, 0.00, 0.00, 0.00, 0.00, 0.00, 0.00, 0.00, 0.00, 0.00, 0.00, 1.00
5302,  0,  176.700,  0.98,  1, 0.42, 0.00, 1.05, 0.14, 0.00, 1.09, 0.00, 0.02, 0.00, 0.16, 0.43, 0.28, 0.00, 0.00, 0.24, 0.11, 1.08, 0.00, 0.00, 1.00, 0.00, 0.00, 1.00, 0.00, 0.00, 0.00, 0.00, 0.00, 0.00, 0.00, 0.00, 0.00, 0.00, 0.00, 1.00
5303,  0,  176.733,  0.98,  1, 0.44, 0.00, 1.02, 0.00, 0.00, 1.06, 0.00, 0.01, 0.00, 0.34, 0.32, 0.53, 0.00, 0.00, 0.28, 0.01, 0.47, 0.00, 0.00, 1.00, 0.00, 0.00, 1.00, 0.00, 0.00, 0.00, 0.00, 0.00, 1.00, 0.00, 1.00, 0.00, 0.00, 0.00, 1.00
5304,  0,  176.767,  0.98,  1, 0.44, 0.00, 1.12, 0.00, 0.00, 1.19, 0.00, 0.12, 0.04, 0.42, 0.25, 0.87, 0.00, 0.00, 0.26, 0.03, 0.20, 0.00, 0.00, 1.00, 0.00, 0.00, 1.00, 0.00, 0.00, 0.00, 0.00, 0.00, 1.00, 0.00, 1.00, 0.00, 0.00, 0.00, 0.00
5305,  0,  176.800,  0.98,  1, 0.31, 0.00, 1.09, 0.00, 0.05, 1.10, 0.00, 0.31, 0.14, 0.52, 0.17, 0.92, 0.00, 0.00, 0.39, 0.11, 0.04, 0.00, 0.00, 1.00, 0.00, 0.00, 1.00, 0.00, 1.00, 0.00, 0.00, 0.00, 1.00, 0.00, 1.00, 0.00, 0.00, 0.00, 0.00
5306,  0,  176.833,  0.98,  1, 0.21, 0.00, 1.15, 0.00, 0.15, 1.23, 0.00, 0.43, 0.30, 0.49, 0.08, 0.85, 0.00, 0.00, 0.89, 0.28, 0.00, 0.00, 0.00, 1.00, 0.00, 0.00, 1.00, 0.00, 1.00, 0.00, 1.00, 0.00, 1.00, 0.00, 1.00, 0.00, 0.00, 0.00, 0.00
5307,  0,  176.867,  0.98,  1, 0.06, 0.00, 1.20, 0.00, 0.31, 1.25, 0.04, 0.55, 0.49, 0.73, 0.00, 0.63, 0.00, 0.00, 1.49, 0.62, 0.04, 0.00, 0.00, 1.00, 0.00, 0.00, 1.00, 0.00, 1.00, 0.00, 1.00, 0.00, 0.00, 0.00, 1.00, 1.00, 1.00, 0.00, 0.00
5308,  0,  176.900,  0.98,  1, 0.01, 0.00, 1.36, 0.00, 0.45, 1.54, 0.07, 0.55, 0.64, 0.71, 0.00, 0.40, 0.00, 0.00, 2.03, 0.92, 0.08, 0.00, 0.00, 1.00, 1.00, 0.00, 1.00, 0.00, 1.00, 0.00, 1.00, 0.00, 0.00, 0.00, 1.00, 1.00, 1.00, 0.00, 0.00
5309,  0,  176.933,  0.98,  1, 0.00, 0.00, 1.43, 0.00, 0.58, 1.71, 0.10, 0.62, 0.75, 0.88, 0.00, 0.32, 0.00, 0.00, 2.12, 0.98, 0.08, 0.00, 0.00, 1.00, 1.00, 0.00, 1.00, 0.00, 1.00, 0.00, 1.00, 0.00, 0.00, 0.00, 1.00, 1.00, 1.00, 0.00, 0.00
5310,  0,  176.967,  0.98,  1, 0.00, 0.00, 1.46, 0.00, 0.68, 1.77, 0.08, 0.70, 0.80, 1.00, 0.00, 0.29, 0.00, 0.00, 2.04, 0.83, 0.04, 0.00, 0.00, 1.00, 1.00, 0.00, 1.00, 0.00, 1.00, 0.00, 1.00, 0.00, 0.00, 0.00, 1.00, 1.00, 1.00, 0.00, 0.00
5311,  0,  177.000,  0.98,  1, 0.00, 0.00, 1.43, 0.00, 0.75, 1.79, 0.13, 0.69, 0.80, 1.22, 0.00, 0.25, 0.01, 0.00, 1.80, 0.52, 0.00, 0.00, 0.00, 1.00, 1.00, 0.00, 1.00, 0.00, 1.00, 0.00, 1.00, 0.00, 0.00, 0.00, 1.00, 1.00, 1.00, 0.00, 0.00
5312,  0,  177.033,  0.98,  1, 0.00, 0.00, 1.41, 0.00, 0.76, 1.80, 0.16, 0.64, 0.72, 1.34, 0.00, 0.22, 0.01, 0.00, 1.76, 0.46, 0.00, 0.00, 0.00, 1.00, 1.00, 0.00, 1.00, 0.00, 1.00, 0.00, 1.00, 0.00, 0.00, 0.00, 1.00, 1.00, 1.00, 0.00, 0.00
5313,  0,  177.067,  0.98,  1, 0.00, 0.00, 1.42, 0.00, 0.73, 1.87, 0.16, 0.40, 0.61, 1.20, 0.00, 0.21, 0.01, 0.00, 1.55, 0.32, 0.00, 0.00, 0.00, 1.00, 1.00, 0.00, 1.00, 0.00, 1.00, 0.00, 1.00, 0.00, 0.00, 0.00, 1.00, 1.00, 1.00, 0.00, 0.00
5314,  0,  177.100,  0.98,  1, 0.00, 0.00, 1.32, 0.00, 0.71, 1.77, 0.15, 0.25, 0.43, 1.09, 0.00, 0.40, 0.00, 0.00, 1.55, 0.26, 0.00, 0.00, 0.00, 1.00, 1.00, 0.00, 1.00, 0.00, 1.00, 0.00, 1.00, 0.00, 0.00, 0.00, 1.00, 1.00, 1.00, 0.00, 0.00
5315,  0,  177.133,  0.98,  1, 0.00, 0.00, 1.28, 0.00, 0.66, 1.73, 0.12, 0.11, 0.33, 1.01, 0.00, 0.54, 0.00, 0.00, 1.44, 0.27, 0.01, 0.00, 0.00, 1.00, 1.00, 0.00, 1.00, 0.00, 1.00, 0.00, 1.00, 0.00, 0.00, 0.00, 1.00, 1.00, 0.00, 0.00, 0.00
5316,  0,  177.167,  0.98,  1, 0.00, 0.00, 1.34, 0.00, 0.59, 1.75, 0.09, 0.04, 0.28, 1.01, 0.00, 0.69, 0.00, 0.00, 1.36, 0.30, 0.00, 0.00, 0.00, 1.00, 1.00, 0.00, 1.00, 0.00, 1.00, 0.00, 1.00, 0.00, 0.00, 0.00, 1.00, 1.00, 0.00, 0.00, 0.00
5317,  0,  177.200,  0.98,  1, 0.00, 0.00, 1.53, 0.00, 0.49, 1.76, 0.03, 0.01, 0.32, 1.02, 0.00, 0.54, 0.00, 0.00, 1.28, 0.29, 0.00, 0.00, 0.00, 1.00, 1.00, 0.00, 1.00, 0.00, 1.00, 0.00, 1.00, 0.00, 0.00, 0.00, 1.00, 1.00, 0.00, 0.00, 0.00
5318,  0,  177.233,  0.98,  1, 0.00, 0.00, 1.67, 0.00, 0.45, 1.83, 0.00, 0.06, 0.36, 0.96, 0.00, 0.49, 0.00, 0.00, 1.20, 0.18, 0.00, 0.00, 0.00, 1.00, 1.00, 0.00, 1.00, 0.00, 1.00, 0.00, 1.00, 0.00, 0.00, 0.00, 1.00, 1.00, 0.00, 0.00, 0.00
5319,  0,  177.267,  0.98,  1, 0.00, 0.00, 1.66, 0.01, 0.41, 1.85, 0.00, 0.09, 0.37, 0.90, 0.00, 0.47, 0.00, 0.00, 1.25, 0.13, 0.01, 0.00, 0.00, 1.00, 1.00, 0.00, 1.00, 0.00, 1.00, 0.00, 1.00, 0.00, 0.00, 0.00, 1.00, 1.00, 0.00, 0.00, 0.00
5320,  0,  177.300,  0.98,  1, 0.00, 0.00, 1.65, 0.01, 0.38, 1.93, 0.00, 0.21, 0.42, 0.70, 0.00, 0.57, 0.00, 0.00, 1.21, 0.11, 0.01, 0.00, 0.00, 1.00, 1.00, 0.00, 1.00, 0.00, 1.00, 0.00, 1.00, 0.00, 1.00, 0.00, 1.00, 1.00, 0.00, 0.00, 0.00
5321,  0,  177.333,  0.98,  1, 0.04, 0.00, 1.57, 0.01, 0.37, 1.87, 0.00, 0.31, 0.43, 0.49, 0.00, 0.68, 0.00, 0.00, 1.24, 0.05, 0.01, 0.00, 0.00, 1.00, 1.00, 0.00, 1.00, 0.00, 1.00, 0.00, 1.00, 0.00, 0.00, 0.00, 1.00, 1.00, 0.00, 0.00, 0.00
5322,  0,  177.367,  0.98,  1, 0.10, 0.00, 1.47, 0.08, 0.32, 1.83, 0.00, 0.44, 0.45, 0.42, 0.00, 0.73, 0.00, 0.00, 1.26, 0.01, 0.00, 0.00, 0.00, 1.00, 1.00, 0.00, 1.00, 0.00, 1.00, 0.00, 1.00, 0.00, 0.00, 0.00, 1.00, 1.00, 0.00, 0.00, 0.00
5323,  0,  177.400,  0.98,  1, 0.18, 0.00, 1.42, 0.09, 0.34, 1.85, 0.04, 0.43, 0.43, 0.51, 0.00, 0.72, 0.00, 0.00, 1.33, 0.01, 0.00, 0.00, 0.00, 1.00, 1.00, 0.00, 1.00, 0.00, 1.00, 0.00, 1.00, 0.00, 0.00, 0.00, 1.00, 1.00, 0.00, 0.00, 0.00
5324,  0,  177.433,  0.98,  1, 0.21, 0.00, 1.45, 0.09, 0.39, 1.96, 0.07, 0.44, 0.51, 0.72, 0.00, 0.58, 0.00, 0.00, 1.56, 0.01, 0.00, 0.00, 0.00, 1.00, 1.00, 0.00, 1.00, 0.00, 1.00, 0.00, 1.00, 0.00, 0.00, 0.00, 1.00, 1.00, 0.00, 0.00, 0.00
5325,  0,  177.467,  0.98,  1, 0.15, 0.00, 1.47, 0.01, 0.48, 2.04, 0.11, 0.44, 0.64, 0.95, 0.00, 0.45, 0.00, 0.00, 1.77, 0.06, 0.00, 0.00, 0.00, 1.00, 1.00, 0.00, 1.00, 0.00, 1.00, 0.00, 1.00, 0.00, 0.00, 0.00, 1.00, 1.00, 1.00, 0.00, 0.00
5326,  0,  177.500,  0.98,  1, 0.09, 0.00, 1.46, 0.00, 0.64, 2.05, 0.15, 0.59, 0.74, 1.27, 0.00, 0.30, 0.00, 0.00, 1.88, 0.17, 0.00, 0.00, 0.00, 1.00, 1.00, 0.00, 1.00, 0.00, 1.00, 0.00, 1.00, 0.00, 0.00, 0.00, 1.00, 1.00, 1.00, 0.00, 0.00
5327,  0,  177.533,  0.98,  1, 0.03, 0.00, 1.39, 0.00, 0.72, 1.85, 0.16, 0.69, 0.74, 1.56, 0.00, 0.33, 0.00, 0.00, 1.79, 0.35, 0.00, 0.00, 0.00, 1.00, 1.00, 0.00, 1.00, 0.00, 1.00, 0.00, 1.00, 0.00, 0.00, 0.00, 1.00, 1.00, 1.00, 0.00, 0.00
5328,  0,  177.567,  0.98,  1, 0.03, 0.00, 1.33, 0.00, 0.80, 1.76, 0.16, 0.63, 0.63, 1.62, 0.00, 0.37, 0.00, 0.00, 1.49, 0.35, 0.00, 0.00, 0.00, 1.00, 1.00, 0.00, 1.00, 0.00, 1.00, 0.00, 1.00, 0.00, 0.00, 0.00, 1.00, 1.00, 1.00, 0.00, 0.00
5329,  0,  177.600,  0.98,  1, 0.01, 0.00, 1.24, 0.00, 0.79, 1.66, 0.12, 0.47, 0.56, 1.48, 0.00, 0.42, 0.02, 0.00, 1.37, 0.29, 0.00, 0.00, 0.00, 1.00, 1.00, 1.00, 1.00, 0.00, 1.00, 0.00, 1.00, 0.00, 0.00, 0.00, 1.00, 1.00, 0.00, 0.00, 0.00
5330,  0,  177.633,  0.98,  1, 0.00, 0.00, 1.28, 0.00, 0.79, 1.68, 0.15, 0.37, 0.56, 1.30, 0.00, 0.27, 0.04, 0.00, 1.25, 0.15, 0.00, 0.00, 0.00, 1.00, 1.00, 1.00, 1.00, 0.00, 1.00, 0.00, 1.00, 0.00, 0.00, 0.00, 1.00, 1.00, 0.00, 0.00, 0.00
5331,  0,  177.667,  0.98,  1, 0.00, 0.00, 1.31, 0.00, 0.82, 1.75, 0.15, 0.53, 0.64, 1.36, 0.00, 0.16, 0.10, 0.00, 1.39, 0.19, 0.00, 0.00, 0.00, 1.00, 1.00, 1.00, 1.00, 0.00, 1.00, 0.00, 1.00, 0.00, 0.00, 0.00, 1.00, 1.00, 0.00, 0.00, 0.00
5332,  0,  177.700,  0.98,  1, 0.00, 0.00, 1.41, 0.00, 0.86, 1.85, 0.11, 0.64, 0.68, 1.47, 0.00, 0.12, 0.12, 0.00, 1.48, 0.25, 0.00, 0.00, 0.00, 1.00, 1.00, 1.00, 1.00, 0.00, 1.00, 0.00, 1.00, 0.00, 0.00, 0.00, 1.00, 1.00, 0.00, 0.00, 0.00
5333,  0,  177.733,  0.98,  1, 0.00, 0.00, 1.42, 0.00, 0.94, 2.05, 0.07, 0.69, 0.71, 1.52, 0.00, 0.15, 0.21, 0.00, 1.58, 0.36, 0.00, 0.00, 0.00, 1.00, 1.00, 1.00, 1.00, 0.00, 1.00, 0.00, 1.00, 0.00, 0.00, 0.00, 1.00, 1.00, 1.00, 0.00, 0.00
5334,  0,  177.767,  0.98,  1, 0.00, 0.00, 1.46, 0.00, 0.97, 2.25, 0.03, 0.65, 0.77, 1.53, 0.00, 0.18, 0.19, 0.00, 1.56, 0.47, 0.00, 0.00, 0.00, 1.00, 1.00, 1.00, 1.00, 0.00, 1.00, 0.00, 1.00, 0.00, 0.00, 0.00, 1.00, 1.00, 1.00, 0.00, 0.00
5335,  0,  177.800,  0.98,  1, 0.00, 0.00, 1.39, 0.04, 1.04, 2.38, 0.06, 0.77, 0.89, 1.49, 0.00, 0.13, 0.16, 0.00, 1.54, 0.54, 0.00, 0.00, 0.00, 1.00, 1.00, 1.00, 1.00, 0.00, 1.00, 0.00, 1.00, 0.00, 0.00, 0.00, 1.00, 1.00, 1.00, 0.00, 0.00
5336,  0,  177.833,  0.98,  1, 0.00, 0.00, 1.36, 0.04, 0.99, 2.37, 0.06, 0.92, 0.95, 1.49, 0.00, 0.12, 0.05, 0.00, 1.50, 0.62, 0.00, 0.00, 0.00, 1.00, 1.00, 1.00, 1.00, 0.00, 1.00, 0.00, 1.00, 0.00, 0.00, 0.00, 1.00, 1.00, 1.00, 0.00, 0.00
5337,  0,  177.867,  0.98,  1, 0.00, 0.00, 1.37, 0.04, 0.96, 2.21, 0.06, 1.13, 1.05, 1.52, 0.00, 0.10, 0.00, 0.00, 1.53, 0.57, 0.00, 0.00, 0.00, 1.00, 1.00, 1.00, 1.00, 0.00, 1.00, 1.00, 1.00, 0.00, 0.00, 0.00, 1.00, 1.00, 1.00, 0.00, 0.00
5338,  0,  177.900,  0.98,  1, 0.00, 0.00, 1.40, 0.00, 0.94, 2.15, 0.03, 1.16, 1.13, 1.53, 0.00, 0.14, 0.01, 0.00, 1.58, 0.55, 0.00, 0.00, 0.00, 1.00, 1.00, 1.00, 1.00, 0.00, 1.00, 1.00, 1.00, 0.00, 0.00, 0.00, 1.00, 1.00, 1.00, 0.00, 0.00
5339,  0,  177.933,  0.98,  1, 0.00, 0.00, 1.35, 0.00, 0.97, 2.13, 0.00, 1.12, 1.27, 1.45, 0.00, 0.23, 0.07, 0.03, 1.53, 0.41, 0.00, 0.00, 0.00, 1.00, 1.00, 1.00, 1.00, 0.00, 1.00, 1.00, 1.00, 0.00, 0.00, 0.00, 1.00, 1.00, 1.00, 0.00, 0.00
5340,  0,  177.967,  0.98,  1, 0.00, 0.00, 1.36, 0.00, 0.89, 2.06, 0.00, 0.88, 1.32, 1.39, 0.00, 0.25, 0.11, 0.03, 1.63, 0.46, 0.00, 0.00, 0.00, 1.00, 1.00, 1.00, 1.00, 0.00, 1.00, 1.00, 1.00, 0.00, 0.00, 0.00, 0.00, 1.00, 1.00, 0.00, 0.00
5341,  0,  178.000,  0.98,  1, 0.00, 0.00, 1.40, 0.00, 0.81, 1.92, 0.00, 0.70, 1.36, 1.28, 0.00, 0.21, 0.10, 0.03, 1.74, 0.41, 0.00, 0.00, 0.00, 1.00, 1.00, 1.00, 1.00, 0.00, 1.00, 1.00, 1.00, 0.00, 0.00, 0.00, 0.00, 1.00, 1.00, 0.00, 0.00
5342,  0,  178.033,  0.98,  1, 0.00, 0.00, 1.38, 0.20, 0.73, 1.89, 0.00, 0.68, 1.38, 1.32, 0.00, 0.11, 0.05, 0.00, 1.95, 0.39, 0.00, 0.00, 0.00, 1.00, 1.00, 1.00, 1.00, 0.00, 1.00, 1.00, 1.00, 0.00, 0.00, 0.00, 0.00, 1.00, 1.00, 0.00, 0.00
5343,  0,  178.067,  0.98,  1, 0.00, 0.00, 1.33, 0.39, 0.74, 1.89, 0.00, 0.74, 1.39, 1.22, 0.00, 0.03, 0.04, 0.00, 2.00, 0.29, 0.00, 0.00, 0.00, 1.00, 1.00, 1.00, 1.00, 0.00, 1.00, 1.00, 1.00, 0.00, 0.00, 0.00, 0.00, 1.00, 1.00, 0.00, 0.00
5344,  0,  178.100,  0.98,  1, 0.00, 0.00, 1.25, 0.55, 0.72, 1.88, 0.00, 0.81, 1.35, 1.27, 0.00, 0.01, 0.07, 0.00, 2.00, 0.26, 0.00, 0.00, 0.00, 1.00, 1.00, 1.00, 1.00, 0.00, 1.00, 1.00, 1.00, 0.00, 0.00, 0.00, 0.00, 1.00, 1.00, 0.00, 0.00
5345,  0,  178.133,  0.98,  1, 0.02, 0.00, 1.25, 0.42, 0.74, 1.74, 0.00, 0.78, 1.34, 1.33, 0.00, 0.03, 0.12, 0.00, 1.96, 0.27, 0.00, 0.00, 0.00, 1.00, 1.00, 1.00, 1.00, 0.00, 1.00, 1.00, 1.00, 0.00, 0.00, 0.00, 0.00, 1.00, 1.00, 0.00, 0.00
5346,  0,  178.167,  0.98,  1, 0.02, 0.01, 1.14, 0.24, 0.79, 1.75, 0.00, 0.83, 1.39, 1.49, 0.00, 0.03, 0.12, 0.00, 1.99, 0.25, 0.00, 0.00, 0.00, 1.00, 1.00, 1.00, 1.00, 0.00, 1.00, 1.00, 1.00, 0.00, 0.00, 0.00, 0.00, 1.00, 1.00, 0.00, 0.00
5347,  0,  178.200,  0.98,  1, 0.02, 0.01, 1.08, 0.18, 0.89, 1.81, 0.00, 0.89, 1.46, 1.61, 0.00, 0.03, 0.12, 0.03, 1.95, 0.27, 0.00, 0.00, 0.00, 1.00, 1.00, 1.00, 1.00, 0.00, 1.00, 1.00, 1.00, 0.00, 0.00, 0.00, 0.00, 1.00, 1.00, 0.00, 0.00
5348,  0,  178.233,  0.98,  1, 0.00, 0.01, 0.96, 0.11, 0.97, 1.98, 0.00, 0.92, 1.51, 1.67, 0.00, 0.00, 0.07, 0.05, 1.97, 0.40, 0.00, 0.00, 0.00, 1.00, 1.00, 1.00, 1.00, 0.00, 1.00, 1.00, 1.00, 0.00, 0.00, 0.00, 0.00, 1.00, 0.00, 0.00, 0.00
5349,  0,  178.267,  0.98,  1, 0.00, 0.00, 0.83, 0.12, 1.03, 1.93, 0.00, 0.95, 1.55, 1.62, 0.00, 0.00, 0.03, 0.07, 1.85, 0.42, 0.00, 0.00, 0.00, 1.00, 1.00, 1.00, 1.00, 0.00, 1.00, 1.00, 1.00, 0.00, 0.00, 0.00, 0.00, 1.00, 0.00, 0.00, 0.00
5350,  0,  178.300,  0.98,  1, 0.00, 0.00, 0.83, 0.01, 1.12, 1.73, 0.00, 0.97, 1.57, 1.56, 0.00, 0.00, 0.10, 0.05, 1.83, 0.48, 0.06, 0.00, 0.00, 1.00, 1.00, 1.00, 1.00, 0.00, 1.00, 1.00, 1.00, 0.00, 0.00, 0.00, 0.00, 1.00, 0.00, 0.00, 0.00
5351,  0,  178.333,  0.98,  1, 0.00, 0.00, 0.91, 0.01, 1.18, 1.56, 0.00, 0.95, 1.62, 1.44, 0.01, 0.00, 0.19, 0.04, 1.71, 0.46, 0.06, 0.00, 0.00, 1.00, 1.00, 1.00, 1.00, 0.00, 1.00, 1.00, 1.00, 0.00, 0.00, 0.00, 0.00, 1.00, 0.00, 0.00, 0.00
5352,  0,  178.367,  0.98,  1, 0.00, 0.00, 1.00, 0.00, 1.33, 1.66, 0.00, 1.03, 1.66, 1.27, 0.01, 0.00, 0.19, 0.01, 1.78, 0.63, 0.06, 0.00, 0.00, 1.00, 1.00, 1.00, 1.00, 0.00, 1.00, 1.00, 1.00, 0.00, 0.00, 0.00, 0.00, 1.00, 0.00, 0.00, 0.00
5353,  0,  178.400,  0.98,  1, 0.00, 0.00, 0.94, 0.00, 1.39, 1.89, 0.02, 1.08, 1.69, 1.18, 0.01, 0.00, 0.13, 0.00, 1.77, 0.67, 0.00, 0.00, 0.00, 1.00, 1.00, 1.00, 1.00, 0.00, 1.00, 1.00, 1.00, 0.00, 0.00, 0.00, 0.00, 1.00, 0.00, 0.00, 0.00
5354,  0,  178.433,  0.98,  1, 0.00, 0.00, 0.90, 0.00, 1.51, 2.10, 0.02, 1.21, 1.77, 1.21, 0.00, 0.00, 0.04, 0.00, 1.89, 0.66, 0.00, 0.00, 0.00, 1.00, 1.00, 1.00, 1.00, 0.00, 1.00, 1.00, 1.00, 0.00, 0.00, 0.00, 0.00, 1.00, 0.00, 0.00, 0.00
5355,  0,  178.467,  0.98,  1, 0.00, 0.00, 0.92, 0.00, 1.55, 2.05, 0.02, 1.20, 1.84, 1.38, 0.00, 0.00, 0.13, 0.00, 1.87, 0.58, 0.00, 0.00, 0.00, 1.00, 1.00, 1.00, 1.00, 0.00, 1.00, 1.00, 1.00, 0.00, 0.00, 0.00, 0.00, 1.00, 0.00, 0.00, 0.00
5356,  0,  178.500,  0.98,  1, 0.00, 0.00, 1.01, 0.00, 1.59, 1.96, 0.01, 1.22, 1.89, 1.42, 0.00, 0.00, 0.21, 0.00, 1.89, 0.54, 0.00, 0.00, 0.00, 1.00, 1.00, 1.00, 1.00, 0.00, 1.00, 1.00, 1.00, 0.00, 0.00, 0.00, 0.00, 1.00, 0.00, 0.00, 0.00
5357,  0,  178.533,  0.98,  1, 0.00, 0.00, 1.13, 0.00, 1.54, 1.78, 0.04, 1.21, 1.82, 1.49, 0.00, 0.00, 0.21, 0.00, 1.90, 0.50, 0.00, 0.00, 0.00, 1.00, 1.00, 1.00, 1.00, 0.00, 1.00, 1.00, 1.00, 0.00, 0.00, 0.00, 0.00, 1.00, 0.00, 0.00, 0.00
5358,  0,  178.567,  0.98,  1, 0.00, 0.00, 1.19, 0.00, 1.50, 1.91, 0.11, 1.27, 1.78, 1.53, 0.00, 0.00, 0.17, 0.00, 1.90, 0.48, 0.00, 0.00, 0.00, 1.00, 1.00, 1.00, 1.00, 0.00, 1.00, 1.00, 1.00, 0.00, 0.00, 0.00, 0.00, 1.00, 0.00, 0.00, 1.00
5359,  0,  178.600,  0.98,  1, 0.00, 0.00, 1.20, 0.00, 1.49, 2.05, 0.18, 1.30, 1.77, 1.61, 0.00, 0.00, 0.04, 0.00, 1.96, 0.54, 0.00, 0.00, 0.00, 1.00, 1.00, 1.00, 1.00, 0.00, 1.00, 1.00, 1.00, 0.00, 0.00, 0.00, 0.00, 1.00, 0.00, 0.00, 1.00
5360,  0,  178.633,  0.98,  1, 0.00, 0.00, 1.08, 0.00, 1.50, 2.05, 0.16, 1.33, 1.82, 1.71, 0.00, 0.00, 0.05, 0.00, 1.92, 0.48, 0.00, 0.00, 0.00, 1.00, 1.00, 1.00, 1.00, 0.00, 1.00, 1.00, 1.00, 0.00, 0.00, 0.00, 0.00, 1.00, 0.00, 0.00, 1.00
5361,  0,  178.667,  0.98,  1, 0.00, 0.00, 1.02, 0.00, 1.49, 1.91, 0.09, 1.22, 1.82, 1.73, 0.00, 0.00, 0.02, 0.00, 1.96, 0.46, 0.00, 0.00, 0.00, 1.00, 1.00, 1.00, 1.00, 0.00, 1.00, 1.00, 1.00, 0.00, 0.00, 0.00, 0.00, 1.00, 0.00, 0.00, 1.00
5362,  0,  178.700,  0.98,  1, 0.00, 0.00, 0.91, 0.00, 1.51, 1.83, 0.04, 1.17, 1.85, 1.82, 0.00, 0.06, 0.13, 0.02, 1.88, 0.32, 0.00, 0.00, 0.00, 1.00, 1.00, 1.00, 1.00, 0.00, 1.00, 1.00, 1.00, 0.00, 0.00, 0.00, 0.00, 1.00, 0.00, 0.00, 0.00
5363,  0,  178.733,  0.98,  1, 0.00, 0.00, 0.87, 0.00, 1.52, 1.94, 0.03, 1.03, 1.86, 1.84, 0.00, 0.06, 0.30, 0.04, 1.92, 0.39, 0.00, 0.00, 0.00, 1.00, 1.00, 1.00, 1.00, 0.00, 1.00, 1.00, 1.00, 0.00, 0.00, 0.00, 0.00, 1.00, 0.00, 0.00, 0.00
5364,  0,  178.767,  0.98,  1, 0.00, 0.01, 1.01, 0.00, 1.48, 2.01, 0.03, 1.04, 1.86, 1.79, 0.00, 0.06, 0.42, 0.05, 1.90, 0.42, 0.05, 0.00, 0.00, 1.00, 1.00, 1.00, 1.00, 0.00, 1.00, 1.00, 1.00, 0.00, 0.00, 1.00, 0.00, 1.00, 0.00, 0.00, 0.00
5365,  0,  178.800,  0.98,  1, 0.00, 0.01, 1.16, 0.09, 1.40, 2.25, 0.02, 1.04, 1.83, 1.81, 0.00, 0.00, 0.44, 0.04, 1.85, 0.47, 0.05, 0.00, 0.00, 1.00, 1.00, 1.00, 1.00, 0.00, 1.00, 1.00, 1.00, 0.00, 0.00, 1.00, 0.00, 1.00, 0.00, 0.00, 0.00
5366,  0,  178.833,  0.98,  1, 0.00, 0.01, 1.28, 0.09, 1.37, 2.44, 0.10, 1.04, 1.76, 1.81, 0.00, 0.00, 0.39, 0.02, 1.83, 0.57, 0.05, 0.00, 0.00, 1.00, 1.00, 1.00, 1.00, 0.00, 1.00, 1.00, 1.00, 0.00, 0.00, 1.00, 0.00, 1.00, 0.00, 0.00, 0.00
5367,  0,  178.867,  0.98,  1, 0.00, 0.00, 1.25, 0.12, 1.39, 2.62, 0.16, 1.00, 1.73, 1.94, 0.04, 0.00, 0.32, 0.01, 1.88, 0.59, 0.04, 0.00, 0.00, 1.00, 1.00, 1.00, 1.00, 0.00, 1.00, 1.00, 1.00, 0.00, 0.00, 1.00, 0.00, 1.00, 0.00, 0.00, 0.00
5368,  0,  178.900,  0.98,  1, 0.00, 0.00, 1.29, 0.03, 1.43, 2.55, 0.16, 0.93, 1.71, 1.93, 0.04, 0.02, 0.26, 0.00, 1.98, 0.56, 0.04, 0.00, 0.00, 1.00, 1.00, 1.00, 1.00, 0.00, 1.00, 1.00, 1.00, 0.00, 0.00, 0.00, 1.00, 1.00, 0.00, 0.00, 0.00
5369,  0,  178.933,  0.98,  1, 0.00, 0.00, 1.26, 0.02, 1.48, 2.58, 0.10, 0.96, 1.74, 1.91, 0.04, 0.07, 0.22, 0.00, 1.92, 0.41, 0.04, 0.00, 0.00, 1.00, 1.00, 1.00, 1.00, 0.00, 1.00, 1.00, 1.00, 0.00, 0.00, 0.00, 1.00, 1.00, 0.00, 0.00, 0.00
5370,  0,  178.967,  0.98,  1, 0.00, 0.00, 1.20, 0.04, 1.48, 2.47, 0.06, 1.00, 1.79, 1.83, 0.00, 0.07, 0.21, 0.00, 1.86, 0.33, 0.00, 0.00, 0.00, 1.00, 1.00, 1.00, 1.00, 0.00, 1.00, 1.00, 1.00, 0.00, 0.00, 0.00, 0.00, 1.00, 0.00, 0.00, 0.00
5371,  0,  179.000,  0.98,  1, 0.00, 0.00, 1.13, 0.12, 1.49, 2.52, 0.05, 1.02, 1.81, 1.77, 0.00, 0.05, 0.25, 0.00, 1.78, 0.35, 0.00, 0.00, 0.00, 1.00, 1.00, 1.00, 1.00, 0.00, 1.00, 1.00, 1.00, 0.00, 0.00, 0.00, 0.00, 1.00, 0.00, 0.00, 0.00
5372,  0,  179.033,  0.98,  1, 0.00, 0.06, 1.15, 0.24, 1.47, 2.50, 0.04, 1.05, 1.80, 1.67, 0.00, 0.00, 0.31, 0.00, 1.74, 0.30, 0.00, 0.00, 0.00, 1.00, 1.00, 1.00, 1.00, 0.00, 1.00, 1.00, 1.00, 0.00, 0.00, 0.00, 0.00, 1.00, 0.00, 0.00, 0.00
5373,  0,  179.067,  0.98,  1, 0.00, 0.07, 1.23, 0.20, 1.45, 2.45, 0.01, 1.04, 1.79, 1.68, 0.00, 0.00, 0.45, 0.00, 1.79, 0.29, 0.00, 0.00, 0.00, 1.00, 1.00, 1.00, 1.00, 0.00, 1.00, 1.00, 1.00, 0.00, 0.00, 0.00, 0.00, 1.00, 0.00, 0.00, 0.00
5374,  0,  179.100,  0.98,  1, 0.00, 0.07, 1.27, 0.11, 1.45, 2.48, 0.02, 1.03, 1.77, 1.72, 0.00, 0.00, 0.58, 0.01, 1.83, 0.23, 0.00, 0.00, 0.00, 1.00, 1.00, 1.00, 1.00, 0.00, 1.00, 1.00, 1.00, 0.00, 0.00, 0.00, 0.00, 1.00, 0.00, 0.00, 0.00
5375,  0,  179.133,  0.98,  1, 0.00, 0.01, 1.28, 0.00, 1.48, 2.47, 0.02, 1.08, 1.79, 1.89, 0.00, 0.00, 0.62, 0.05, 1.91, 0.27, 0.00, 0.00, 0.00, 1.00, 1.00, 1.00, 1.00, 0.00, 1.00, 1.00, 1.00, 0.00, 0.00, 0.00, 0.00, 1.00, 0.00, 0.00, 0.00
5376,  0,  179.167,  0.98,  1, 0.00, 0.00, 1.31, 0.04, 1.55, 2.48, 0.02, 1.04, 1.81, 1.83, 0.00, 0.00, 0.43, 0.06, 1.87, 0.36, 0.00, 0.00, 0.00, 1.00, 1.00, 1.00, 1.00, 0.00, 1.00, 1.00, 1.00, 0.00, 0.00, 0.00, 0.00, 1.00, 0.00, 0.00, 0.00
5377,  0,  179.200,  0.98,  1, 0.00, 0.00, 1.35, 0.05, 1.58, 2.43, 0.01, 1.07, 1.85, 1.78, 0.00, 0.00, 0.19, 0.05, 1.89, 0.45, 0.00, 0.00, 0.00, 1.00, 1.00, 1.00, 1.00, 0.00, 1.00, 1.00, 1.00, 0.00, 0.00, 0.00, 1.00, 1.00, 0.00, 0.00, 0.00
5378,  0,  179.233,  0.98,  1, 0.00, 0.00, 1.48, 0.10, 1.61, 2.49, 0.00, 1.04, 1.89, 1.63, 0.00, 0.00, 0.05, 0.02, 1.87, 0.49, 0.00, 0.00, 0.00, 1.00, 1.00, 1.00, 1.00, 0.00, 1.00, 1.00, 1.00, 0.00, 0.00, 0.00, 1.00, 1.00, 0.00, 0.00, 0.00
5379,  0,  179.267,  0.98,  1, 0.00, 0.00, 1.54, 0.15, 1.62, 2.70, 0.00, 1.13, 1.89, 1.69, 0.00, 0.00, 0.11, 0.01, 1.87, 0.47, 0.00, 0.00, 0.00, 1.00, 1.00, 1.00, 1.00, 0.00, 1.00, 1.00, 1.00, 0.00, 0.00, 0.00, 1.00, 1.00, 0.00, 0.00, 0.00
5380,  0,  179.300,  0.98,  1, 0.00, 0.00, 1.49, 0.23, 1.60, 2.77, 0.00, 1.18, 1.88, 1.73, 0.00, 0.00, 0.22, 0.00, 1.86, 0.51, 0.00, 0.00, 0.00, 1.00, 1.00, 1.00, 1.00, 0.00, 1.00, 1.00, 1.00, 0.00, 0.00, 0.00, 1.00, 1.00, 0.00, 0.00, 0.00
5381,  0,  179.333,  0.98,  1, 0.00, 0.00, 1.39, 0.27, 1.54, 2.76, 0.00, 1.17, 1.88, 1.76, 0.00, 0.00, 0.19, 0.00, 1.89, 0.53, 0.00, 0.00, 0.00, 1.00, 1.00, 1.00, 1.00, 0.00, 1.00, 1.00, 1.00, 0.00, 0.00, 0.00, 1.00, 1.00, 0.00, 0.00, 0.00
5382,  0,  179.367,  0.98,  1, 0.00, 0.00, 1.35, 0.29, 1.48, 2.70, 0.00, 1.08, 1.87, 1.75, 0.00, 0.00, 0.12, 0.00, 1.84, 0.52, 0.00, 0.00, 0.00, 1.00, 1.00, 1.00, 1.00, 0.00, 1.00, 1.00, 1.00, 0.00, 0.00, 0.00, 1.00, 1.00, 0.00, 0.00, 0.00
5383,  0,  179.400,  0.98,  1, 0.00, 0.00, 1.40, 0.20, 1.54, 2.63, 0.01, 1.07, 1.91, 1.76, 0.00, 0.00, 0.02, 0.00, 1.81, 0.44, 0.00, 0.00, 0.00, 1.00, 1.00, 1.00, 1.00, 0.00, 1.00, 1.00, 1.00, 0.00, 0.00, 0.00, 1.00, 1.00, 0.00, 0.00, 0.00
5384,  0,  179.433,  0.98,  1, 0.00, 0.00, 1.51, 0.14, 1.60, 2.54, 0.01, 1.18, 1.91, 1.80, 0.00, 0.00, 0.01, 0.00, 1.80, 0.46, 0.03, 0.00, 0.00, 1.00, 1.00, 1.00, 1.00, 0.00, 1.00, 1.00, 1.00, 0.00, 0.00, 0.00, 1.00, 1.00, 0.00, 0.00, 0.00
5385,  0,  179.467,  0.98,  1, 0.00, 0.00, 1.53, 0.06, 1.68, 2.54, 0.05, 1.26, 1.97, 1.91, 0.00, 0.00, 0.00, 0.00, 1.90, 0.48, 0.05, 0.00, 0.00, 1.00, 1.00, 1.00, 1.00, 0.00, 1.00, 1.00, 1.00, 0.00, 0.00, 0.00, 1.00, 1.00, 0.00, 0.00, 0.00
5386,  0,  179.500,  0.98,  1, 0.00, 0.00, 1.54, 0.11, 1.74, 2.59, 0.04, 1.22, 2.01, 1.97, 0.00, 0.00, 0.00, 0.00, 1.96, 0.59, 0.05, 0.00, 0.00, 1.00, 1.00, 1.00, 1.00, 0.00, 1.00, 1.00, 1.00, 0.00, 0.00, 0.00, 1.00, 1.00, 0.00, 0.00, 0.00
5387,  0,  179.533,  0.98,  1, 0.00, 0.00, 1.54, 0.08, 1.82, 2.72, 0.08, 1.17, 2.06, 2.01, 0.00, 0.00, 0.00, 0.00, 1.89, 0.65, 0.02, 0.00, 0.00, 1.00, 1.00, 1.00, 1.00, 0.00, 1.00, 1.00, 1.00, 0.00, 0.00, 0.00, 1.00, 1.00, 0.00, 0.00, 0.00
5388,  0,  179.567,  0.98,  1, 0.00, 0.00, 1.47, 0.08, 1.77, 2.81, 0.04, 1.10, 2.04, 1.84, 0.00, 0.08, 0.00, 0.00, 1.82, 0.72, 0.00, 0.00, 0.00, 1.00, 1.00, 1.00, 1.00, 0.00, 1.00, 1.00, 1.00, 0.00, 0.00, 0.00, 1.00, 1.00, 0.00, 0.00, 0.00
5389,  0,  179.600,  0.98,  1, 0.00, 0.00, 1.47, 0.03, 1.65, 2.84, 0.05, 1.07, 1.99, 1.72, 0.00, 0.14, 0.00, 0.00, 1.83, 0.72, 0.00, 0.00, 0.00, 1.00, 1.00, 1.00, 1.00, 0.00, 1.00, 1.00, 1.00, 0.00, 0.00, 0.00, 1.00, 1.00, 0.00, 0.00, 0.00
5390,  0,  179.633,  0.98,  1, 0.00, 0.00, 1.45, 0.03, 1.56, 2.79, 0.01, 1.04, 1.95, 1.62, 0.00, 0.14, 0.02, 0.00, 1.93, 0.63, 0.00, 0.00, 0.00, 1.00, 1.00, 1.00, 1.00, 0.00, 1.00, 1.00, 1.00, 0.00, 0.00, 0.00, 1.00, 1.00, 0.00, 0.00, 0.00
5391,  0,  179.667,  0.98,  1, 0.00, 0.00, 1.54, 0.00, 1.57, 2.79, 0.03, 1.10, 1.95, 1.73, 0.00, 0.09, 0.02, 0.01, 1.96, 0.56, 0.00, 0.00, 0.00, 1.00, 1.00, 1.00, 1.00, 0.00, 1.00, 1.00, 1.00, 0.00, 0.00, 0.00, 1.00, 1.00, 0.00, 0.00, 0.00
5392,  0,  179.700,  0.98,  1, 0.00, 0.00, 1.50, 0.00, 1.55, 2.79, 0.04, 1.25, 1.91, 1.56, 0.00, 0.03, 0.03, 0.00, 1.97, 0.58, 0.00, 0.00, 0.00, 1.00, 1.00, 1.00, 1.00, 0.00, 1.00, 1.00, 1.00, 0.00, 0.00, 0.00, 1.00, 1.00, 0.00, 0.00, 0.00
5393,  0,  179.733,  0.98,  1, 0.00, 0.00, 1.34, 0.00, 1.53, 2.82, 0.09, 1.34, 1.85, 1.49, 0.00, 0.04, 0.03, 0.05, 1.91, 0.70, 0.00, 0.00, 0.00, 1.00, 1.00, 1.00, 1.00, 0.00, 1.00, 1.00, 1.00, 0.00, 0.00, 0.00, 1.00, 1.00, 0.00, 0.00, 0.00
5394,  0,  179.767,  0.98,  1, 0.00, 0.00, 1.25, 0.00, 1.53, 2.87, 0.10, 1.38, 1.80, 1.39, 0.00, 0.01, 0.06, 0.10, 1.84, 0.73, 0.00, 0.00, 0.00, 1.00, 1.00, 1.00, 1.00, 0.00, 1.00, 1.00, 1.00, 0.00, 0.00, 0.00, 0.00, 1.00, 0.00, 0.00, 0.00
5395,  0,  179.800,  0.98,  1, 0.00, 0.00, 1.25, 0.00, 1.59, 2.96, 0.14, 1.31, 1.82, 1.54, 0.00, 0.01, 0.18, 0.10, 1.81, 0.70, 0.00, 0.00, 0.00, 1.00, 1.00, 1.00, 1.00, 0.00, 1.00, 1.00, 1.00, 0.00, 0.00, 0.00, 0.00, 1.00, 0.00, 0.00, 0.00
5396,  0,  179.833,  0.98,  1, 0.00, 0.00, 1.32, 0.00, 1.61, 3.00, 0.19, 1.23, 1.86, 1.60, 0.00, 0.00, 0.20, 0.04, 1.86, 0.66, 0.00, 0.00, 0.00, 1.00, 1.00, 1.00, 1.00, 0.00, 1.00, 1.00, 1.00, 0.00, 0.00, 0.00, 0.00, 1.00, 0.00, 0.00, 0.00
5397,  0,  179.867,  0.98,  1, 0.00, 0.00, 1.25, 0.04, 1.60, 2.92, 0.21, 1.17, 1.85, 1.51, 0.00, 0.00, 0.21, 0.00, 1.96, 0.67, 0.00, 0.00, 0.00, 1.00, 1.00, 1.00, 1.00, 0.00, 1.00, 1.00, 1.00, 0.00, 0.00, 0.00, 0.00, 1.00, 0.00, 0.00, 0.00
5398,  0,  179.900,  0.98,  1, 0.00, 0.00, 1.16, 0.11, 1.52, 2.86, 0.17, 1.11, 1.84, 1.41, 0.00, 0.00, 0.15, 0.00, 1.99, 0.63, 0.00, 0.00, 0.00, 1.00, 1.00, 1.00, 1.00, 0.00, 1.00, 1.00, 1.00, 0.00, 0.00, 0.00, 0.00, 1.00, 0.00, 0.00, 0.00
5399,  0,  179.933,  0.98,  1, 0.00, 0.00, 1.19, 0.12, 1.49, 2.69, 0.11, 0.98, 1.85, 1.30, 0.00, 0.00, 0.21, 0.00, 2.03, 0.54, 0.00, 0.00, 0.00, 1.00, 1.00, 1.00, 1.00, 0.00, 1.00, 1.00, 1.00, 0.00, 0.00, 0.00, 0.00, 1.00, 0.00, 0.00, 0.00
5400,  0,  179.967,  0.98,  1, 0.00, 0.00, 1.26, 0.07, 1.48, 2.59, 0.06, 0.96, 1.89, 1.30, 0.00, 0.00, 0.29, 0.00, 2.03, 0.56, 0.01, 0.00, 0.00, 1.00, 1.00, 1.00, 1.00, 0.00, 1.00, 1.00, 1.00, 0.00, 0.00, 0.00, 0.00, 1.00, 0.00, 0.00, 0.00
5401,  0,  180.000,  0.98,  1, 0.00, 0.00, 1.27, 0.12, 1.53, 2.43, 0.05, 0.93, 1.94, 1.32, 0.00, 0.00, 0.33, 0.00, 2.01, 0.69, 0.07, 0.00, 0.00, 1.00, 1.00, 1.00, 1.00, 0.00, 1.00, 1.00, 1.00, 0.00, 0.00, 0.00, 0.00, 1.00, 0.00, 0.00, 1.00
5402,  0,  180.033,  0.98,  1, 0.00, 0.00, 1.10, 0.11, 1.57, 2.26, 0.02, 0.97, 1.94, 1.37, 0.00, 0.00, 0.41, 0.00, 2.04, 0.90, 0.24, 0.00, 0.00, 1.00, 1.00, 1.00, 1.00, 0.00, 1.00, 1.00, 1.00, 0.00, 0.00, 0.00, 0.00, 1.00, 0.00, 0.00, 1.00
5403,  0,  180.067,  0.98,  1, 0.00, 0.00, 0.87, 0.11, 1.64, 2.12, 0.04, 0.99, 1.97, 1.43, 0.00, 0.00, 0.32, 0.00, 2.17, 1.13, 0.54, 0.00, 0.00, 1.00, 1.00, 1.00, 1.00, 0.00, 1.00, 1.00, 1.00, 0.00, 0.00, 0.00, 0.00, 1.00, 0.00, 0.00, 1.00
5404,  0,  180.100,  0.98,  1, 0.00, 0.00, 0.70, 0.00, 1.68, 1.99, 0.06, 1.07, 1.98, 1.51, 0.00, 0.00, 0.24, 0.00, 2.26, 1.22, 0.75, 0.00, 0.00, 1.00, 1.00, 1.00, 1.00, 0.00, 1.00, 1.00, 1.00, 0.00, 0.00, 0.00, 0.00, 1.00, 0.00, 0.00, 1.00
5405,  0,  180.133,  0.98,  1, 0.00, 0.00, 0.69, 0.00, 1.75, 1.96, 0.04, 1.14, 2.02, 1.60, 0.00, 0.00, 0.16, 0.00, 2.28, 1.21, 0.80, 0.00, 0.00, 1.00, 1.00, 1.00, 1.00, 0.00, 1.00, 1.00, 1.00, 0.00, 0.00, 0.00, 0.00, 1.00, 0.00, 0.00, 1.00
5406,  0,  180.167,  0.98,  1, 0.00, 0.00, 0.84, 0.00, 1.78, 2.00, 0.04, 1.11, 2.01, 1.66, 0.00, 0.00, 0.19, 0.00, 2.22, 1.25, 0.77, 0.00, 0.00, 1.00, 1.00, 1.00, 1.00, 0.00, 1.00, 1.00, 1.00, 0.00, 0.00, 0.00, 0.00, 1.00, 0.00, 0.00, 1.00
5407,  0,  180.200,  0.98,  1, 0.00, 0.00, 0.98, 0.00, 1.79, 1.94, 0.04, 1.04, 2.03, 1.73, 0.00, 0.00, 0.20, 0.00, 2.17, 1.39, 0.71, 0.00, 0.00, 0.00, 0.00, 1.00, 1.00, 0.00, 1.00, 1.00, 1.00, 0.00, 0.00, 0.00, 0.00, 1.00, 0.00, 0.00, 1.00
5408,  0,  180.233,  0.98,  1, 0.00, 0.00, 1.07, 0.00, 1.78, 1.89, 0.05, 0.98, 2.06, 1.80, 0.00, 0.00, 0.24, 0.00, 2.14, 1.48, 0.62, 0.00, 0.00, 0.00, 0.00, 1.00, 1.00, 0.00, 1.00, 1.00, 1.00, 0.00, 0.00, 0.00, 0.00, 1.00, 0.00, 0.00, 1.00
5409,  0,  180.267,  0.98,  1, 0.00, 0.00, 1.07, 0.00, 1.76, 1.81, 0.02, 0.94, 2.12, 1.77, 0.00, 0.00, 0.23, 0.00, 2.12, 1.37, 0.47, 0.00, 0.00, 1.00, 0.00, 1.00, 1.00, 0.00, 1.00, 1.00, 1.00, 0.00, 0.00, 0.00, 0.00, 1.00, 0.00, 0.00, 1.00
5410,  0,  180.300,  0.98,  1, 0.00, 0.08, 1.12, 0.00, 1.78, 1.88, 0.07, 0.90, 2.17, 1.70, 0.00, 0.00, 0.25, 0.01, 2.02, 1.33, 0.33, 0.00, 0.00, 1.00, 0.00, 1.00, 1.00, 0.00, 1.00, 1.00, 1.00, 0.00, 0.00, 0.00, 0.00, 1.00, 0.00, 0.00, 1.00
5411,  0,  180.333,  0.98,  1, 0.00, 0.08, 1.14, 0.00, 1.81, 2.02, 0.13, 0.84, 2.20, 1.69, 0.00, 0.00, 0.17, 0.05, 1.92, 1.35, 0.32, 0.00, 0.00, 1.00, 0.00, 1.00, 1.00, 0.00, 1.00, 1.00, 1.00, 0.00, 0.00, 0.00, 0.00, 1.00, 0.00, 0.00, 1.00
5412,  0,  180.367,  0.98,  1, 0.00, 0.08, 1.24, 0.00, 1.82, 2.01, 0.16, 0.86, 2.31, 1.76, 0.00, 0.00, 0.09, 0.10, 1.85, 1.37, 0.40, 0.00, 0.00, 0.00, 0.00, 1.00, 1.00, 0.00, 1.00, 1.00, 1.00, 0.00, 0.00, 0.00, 0.00, 1.00, 0.00, 0.00, 1.00
5413,  0,  180.400,  0.98,  1, 0.00, 0.00, 1.25, 0.00, 1.83, 2.01, 0.16, 0.86, 2.36, 1.84, 0.00, 0.00, 0.05, 0.13, 1.84, 1.37, 0.41, 0.00, 0.00, 0.00, 0.00, 1.00, 1.00, 0.00, 1.00, 1.00, 1.00, 0.00, 0.00, 0.00, 0.00, 1.00, 0.00, 0.00, 0.00
5414,  0,  180.433,  0.98,  1, 0.00, 0.00, 1.22, 0.00, 1.79, 1.78, 0.09, 0.90, 2.35, 1.84, 0.04, 0.00, 0.00, 0.23, 1.84, 1.29, 0.38, 0.00, 0.00, 0.00, 0.00, 1.00, 1.00, 0.00, 1.00, 1.00, 1.00, 0.00, 0.00, 0.00, 0.00, 1.00, 0.00, 0.00, 0.00
5415,  0,  180.467,  0.98,  1, 0.00, 0.00, 0.98, 0.00, 1.76, 1.87, 0.06, 0.94, 2.24, 1.95, 0.04, 0.00, 0.00, 0.30, 1.79, 1.22, 0.29, 0.00, 0.00, 0.00, 0.00, 1.00, 1.00, 0.00, 1.00, 1.00, 1.00, 0.00, 0.00, 0.00, 0.00, 1.00, 0.00, 0.00, 0.00
5416,  0,  180.500,  0.98,  1, 0.00, 0.00, 0.83, 0.00, 1.70, 1.83, 0.00, 1.02, 2.16, 1.93, 0.04, 0.00, 0.00, 0.34, 1.85, 1.14, 0.31, 0.00, 0.00, 0.00, 1.00, 1.00, 1.00, 0.00, 1.00, 1.00, 1.00, 0.00, 0.00, 0.00, 0.00, 1.00, 0.00, 0.00, 0.00
5417,  0,  180.533,  0.98,  1, 0.00, 0.00, 0.76, 0.00, 1.69, 2.09, 0.00, 1.11, 2.13, 1.88, 0.00, 0.00, 0.00, 0.31, 1.91, 1.02, 0.23, 0.00, 0.00, 0.00, 1.00, 1.00, 1.00, 0.00, 1.00, 1.00, 1.00, 0.00, 0.00, 0.00, 0.00, 1.00, 0.00, 0.00, 0.00
5418,  0,  180.567,  0.98,  1, 0.00, 0.00, 0.83, 0.00, 1.69, 2.07, 0.00, 1.17, 2.14, 1.73, 0.08, 0.00, 0.00, 0.29, 2.08, 0.99, 0.18, 0.00, 0.00, 0.00, 1.00, 1.00, 1.00, 0.00, 1.00, 1.00, 1.00, 0.00, 0.00, 0.00, 0.00, 1.00, 0.00, 0.00, 0.00
5419,  0,  180.600,  0.98,  1, 0.00, 0.00, 0.87, 0.00, 1.74, 2.22, 0.00, 1.22, 2.12, 1.76, 0.15, 0.00, 0.03, 0.30, 2.16, 0.91, 0.19, 0.00, 0.00, 0.00, 1.00, 1.00, 1.00, 0.00, 1.00, 1.00, 1.00, 0.00, 0.00, 0.00, 0.00, 1.00, 0.00, 0.00, 0.00
5420,  0,  180.633,  0.98,  1, 0.00, 0.00, 0.89, 0.02, 1.75, 2.17, 0.00, 1.24, 2.08, 1.72, 0.24, 0.00, 0.03, 0.26, 2.18, 0.76, 0.31, 0.00, 0.00, 0.00, 1.00, 1.00, 1.00, 0.00, 1.00, 1.00, 1.00, 0.00, 0.00, 0.00, 0.00, 1.00, 0.00, 0.00, 0.00
5421,  0,  180.667,  0.98,  1, 0.00, 0.00, 0.94, 0.02, 1.80, 2.16, 0.00, 1.25, 2.09, 1.82, 0.21, 0.00, 0.03, 0.22, 2.08, 0.54, 0.37, 0.00, 0.00, 0.00, 1.00, 1.00, 1.00, 0.00, 1.00, 1.00, 1.00, 0.00, 0.00, 0.00, 0.00, 1.00, 0.00, 0.00, 0.00
5422,  0,  180.700,  0.98,  1, 0.00, 0.00, 1.03, 0.03, 1.79, 2.10, 0.00, 1.27, 2.04, 1.69, 0.13, 0.00, 0.14, 0.21, 2.02, 0.42, 0.25, 0.00, 0.00, 1.00, 1.00, 1.00, 1.00, 0.00, 1.00, 1.00, 1.00, 0.00, 0.00, 0.00, 0.00, 1.00, 0.00, 0.00, 0.00
5423,  0,  180.733,  0.98,  1, 0.00, 0.00, 1.11, 0.01, 1.81, 2.11, 0.01, 1.28, 2.00, 1.69, 0.06, 0.05, 0.30, 0.24, 1.96, 0.38, 0.11, 0.00, 0.00, 1.00, 1.00, 1.00, 1.00, 0.00, 1.00, 1.00, 1.00, 0.00, 0.00, 0.00, 0.00, 1.00, 0.00, 0.00, 0.00
5424,  0,  180.767,  0.98,  1, 0.00, 0.00, 1.12, 0.01, 1.80, 2.00, 0.01, 1.30, 1.94, 1.75, 0.01, 0.05, 0.35, 0.23, 1.89, 0.40, 0.09, 0.00, 0.00, 1.00, 1.00, 1.00, 1.00, 0.00, 1.00, 1.00, 1.00, 0.00, 0.00, 0.00, 0.00, 1.00, 0.00, 0.00, 0.00
5425,  0,  180.800,  0.98,  1, 0.00, 0.00, 1.14, 0.00, 1.84, 2.07, 0.01, 1.32, 1.98, 1.87, 0.01, 0.05, 0.22, 0.20, 1.85, 0.36, 0.18, 0.00, 0.00, 1.00, 1.00, 1.00, 1.00, 0.00, 1.00, 1.00, 1.00, 0.00, 0.00, 0.00, 0.00, 1.00, 0.00, 0.00, 1.00
5426,  0,  180.833,  0.98,  1, 0.00, 0.00, 1.12, 0.00, 1.85, 2.17, 0.03, 1.31, 1.99, 1.94, 0.00, 0.03, 0.14, 0.14, 1.90, 0.45, 0.30, 0.00, 0.00, 1.00, 1.00, 1.00, 1.00, 0.00, 1.00, 1.00, 1.00, 0.00, 0.00, 0.00, 1.00, 1.00, 0.00, 0.00, 1.00
5427,  0,  180.867,  0.98,  1, 0.00, 0.00, 1.17, 0.00, 1.86, 2.39, 0.05, 1.34, 1.97, 1.84, 0.00, 0.03, 0.22, 0.13, 1.99, 0.54, 0.32, 0.00, 0.00, 1.00, 1.00, 1.00, 1.00, 0.00, 1.00, 1.00, 1.00, 0.00, 0.00, 0.00, 1.00, 1.00, 0.00, 0.00, 1.00
5428,  0,  180.900,  0.98,  1, 0.00, 0.00, 1.20, 0.00, 1.82, 2.45, 0.06, 1.33, 1.89, 1.78, 0.00, 0.03, 0.37, 0.10, 2.02, 0.62, 0.23, 0.00, 0.00, 1.00, 1.00, 1.00, 1.00, 0.00, 1.00, 1.00, 1.00, 0.00, 0.00, 0.00, 1.00, 1.00, 0.00, 0.00, 1.00
5429,  0,  180.933,  0.98,  1, 0.00, 0.00, 1.30, 0.00, 1.81, 2.46, 0.06, 1.37, 1.83, 1.71, 0.00, 0.01, 0.49, 0.07, 2.08, 0.58, 0.10, 0.00, 0.00, 1.00, 1.00, 1.00, 1.00, 0.00, 1.00, 1.00, 1.00, 0.00, 0.00, 0.00, 1.00, 1.00, 0.00, 0.00, 1.00
5430,  0,  180.967,  0.98,  1, 0.00, 0.00, 1.36, 0.00, 1.82, 2.45, 0.13, 1.42, 1.78, 1.61, 0.00, 0.01, 0.52, 0.05, 2.05, 0.53, 0.00, 0.00, 0.00, 1.00, 1.00, 1.00, 1.00, 0.00, 1.00, 1.00, 1.00, 0.00, 0.00, 0.00, 1.00, 1.00, 0.00, 0.00, 1.00
5431,  0,  181.000,  0.98,  1, 0.00, 0.00, 1.37, 0.00, 1.82, 2.52, 0.11, 1.50, 1.87, 1.58, 0.00, 0.02, 0.46, 0.01, 2.16, 0.38, 0.00, 0.00, 0.00, 1.00, 1.00, 1.00, 1.00, 0.00, 1.00, 1.00, 1.00, 0.00, 0.00, 0.00, 1.00, 1.00, 0.00, 0.00, 1.00
5432,  0,  181.033,  0.98,  1, 0.00, 0.00, 1.47, 0.00, 1.79, 2.56, 0.11, 1.48, 1.91, 1.51, 0.00, 0.02, 0.45, 0.01, 2.20, 0.34, 0.00, 0.00, 0.00, 1.00, 1.00, 1.00, 1.00, 0.00, 1.00, 1.00, 1.00, 0.00, 0.00, 0.00, 1.00, 1.00, 0.00, 0.00, 1.00
5433,  0,  181.067,  0.98,  1, 0.00, 0.00, 1.51, 0.00, 1.77, 2.54, 0.08, 1.37, 1.97, 1.49, 0.00, 0.02, 0.42, 0.00, 2.29, 0.34, 0.00, 0.00, 0.00, 1.00, 1.00, 1.00, 1.00, 0.00, 1.00, 1.00, 1.00, 0.00, 0.00, 0.00, 1.00, 1.00, 0.00, 0.00, 1.00
5434,  0,  181.100,  0.98,  1, 0.00, 0.00, 1.54, 0.00, 1.73, 2.31, 0.08, 1.25, 1.87, 1.44, 0.00, 0.02, 0.64, 0.00, 2.30, 0.31, 0.00, 0.00, 0.00, 1.00, 1.00, 1.00, 1.00, 0.00, 1.00, 1.00, 1.00, 0.00, 0.00, 0.00, 1.00, 1.00, 0.00, 0.00, 1.00
5435,  0,  181.133,  0.98,  1, 0.00, 0.00, 1.34, 0.03, 1.70, 2.23, 0.05, 1.22, 1.86, 1.58, 0.00, 0.02, 0.67, 0.00, 2.17, 0.22, 0.00, 0.00, 0.00, 1.00, 1.00, 1.00, 1.00, 0.00, 1.00, 1.00, 1.00, 0.00, 0.00, 0.00, 1.00, 1.00, 0.00, 0.00, 0.00
5436,  0,  181.167,  0.98,  1, 0.00, 0.00, 1.28, 0.03, 1.59, 2.27, 0.00, 1.11, 1.76, 1.52, 0.00, 0.03, 0.72, 0.01, 1.95, 0.10, 0.00, 0.00, 0.00, 1.00, 1.00, 1.00, 1.00, 0.00, 1.00, 1.00, 1.00, 0.00, 0.00, 0.00, 1.00, 1.00, 0.00, 0.00, 1.00
5437,  0,  181.200,  0.98,  1, 0.07, 0.03, 1.29, 0.14, 1.54, 2.41, 0.00, 1.09, 1.70, 1.52, 0.00, 0.03, 0.58, 0.02, 1.74, 0.07, 0.00, 0.00, 0.00, 1.00, 1.00, 1.00, 1.00, 0.00, 1.00, 1.00, 1.00, 0.00, 0.00, 0.00, 1.00, 1.00, 0.00, 0.00, 1.00
5438,  0,  181.233,  0.98,  1, 0.08, 0.09, 1.34, 0.11, 1.49, 2.62, 0.00, 1.06, 1.62, 1.50, 0.01, 0.03, 0.47, 0.02, 1.74, 0.07, 0.00, 0.00, 0.00, 1.00, 1.00, 1.00, 1.00, 0.00, 1.00, 1.00, 1.00, 0.00, 0.00, 0.00, 1.00, 1.00, 0.00, 0.00, 1.00
5439,  0,  181.267,  0.98,  1, 0.08, 0.09, 1.32, 0.15, 1.48, 2.78, 0.00, 1.13, 1.59, 1.65, 0.02, 0.02, 0.46, 0.01, 1.80, 0.06, 0.02, 0.00, 0.00, 1.00, 1.00, 1.00, 1.00, 0.00, 1.00, 1.00, 1.00, 0.00, 0.00, 0.00, 1.00, 1.00, 0.00, 0.00, 1.00
5440,  0,  181.300,  0.98,  1, 0.01, 0.06, 1.34, 0.04, 1.46, 2.92, 0.00, 1.16, 1.61, 1.75, 0.02, 0.00, 0.44, 0.00, 1.83, 0.13, 0.02, 0.00, 0.00, 1.00, 1.00, 1.00, 1.00, 0.00, 1.00, 1.00, 1.00, 0.00, 0.00, 0.00, 1.00, 1.00, 0.00, 0.00, 1.00
5441,  0,  181.333,  0.98,  1, 0.00, 0.01, 1.41, 0.04, 1.47, 2.85, 0.00, 1.21, 1.65, 1.82, 0.01, 0.00, 0.42, 0.00, 1.83, 0.14, 0.02, 0.00, 0.00, 1.00, 1.00, 1.00, 1.00, 0.00, 1.00, 1.00, 1.00, 0.00, 0.00, 0.00, 1.00, 1.00, 0.00, 0.00, 1.00
5442,  0,  181.367,  0.98,  1, 0.00, 0.00, 1.48, 0.00, 1.52, 2.83, 0.00, 1.21, 1.68, 1.85, 0.00, 0.00, 0.39, 0.00, 1.85, 0.13, 0.00, 0.00, 0.00, 1.00, 1.00, 1.00, 1.00, 0.00, 1.00, 1.00, 1.00, 0.00, 0.00, 0.00, 1.00, 1.00, 0.00, 0.00, 1.00
5443,  0,  181.400,  0.98,  1, 0.00, 0.00, 1.48, 0.00, 1.53, 2.79, 0.00, 1.27, 1.70, 1.83, 0.00, 0.00, 0.36, 0.00, 1.92, 0.10, 0.00, 0.00, 0.00, 1.00, 1.00, 1.00, 1.00, 0.00, 1.00, 1.00, 1.00, 0.00, 0.00, 0.00, 1.00, 1.00, 0.00, 0.00, 1.00
5444,  0,  181.433,  0.98,  1, 0.00, 0.00, 1.42, 0.00, 1.52, 2.78, 0.00, 1.25, 1.64, 1.81, 0.00, 0.00, 0.36, 0.00, 1.90, 0.13, 0.05, 0.00, 0.00, 1.00, 1.00, 1.00, 1.00, 0.00, 1.00, 1.00, 1.00, 0.00, 0.00, 0.00, 1.00, 1.00, 0.00, 0.00, 1.00
5445,  0,  181.467,  0.98,  1, 0.00, 0.00, 1.39, 0.00, 1.50, 2.71, 0.00, 1.28, 1.63, 1.82, 0.00, 0.00, 0.27, 0.00, 1.98, 0.16, 0.05, 0.00, 0.00, 1.00, 1.00, 1.00, 1.00, 0.00, 1.00, 1.00, 1.00, 0.00, 0.00, 0.00, 1.00, 1.00, 0.00, 0.00, 1.00
5446,  0,  181.500,  0.98,  1, 0.00, 0.00, 1.42, 0.00, 1.54, 2.66, 0.06, 1.29, 1.64, 1.83, 0.05, 0.00, 0.14, 0.01, 1.97, 0.17, 0.05, 0.00, 0.00, 1.00, 1.00, 1.00, 1.00, 0.00, 1.00, 1.00, 1.00, 0.00, 0.00, 0.00, 1.00, 1.00, 0.00, 0.00, 1.00
5447,  0,  181.533,  0.98,  1, 0.00, 0.00, 1.42, 0.00, 1.53, 2.62, 0.07, 1.32, 1.64, 1.86, 0.05, 0.00, 0.06, 0.05, 2.02, 0.19, 0.00, 0.00, 0.00, 1.00, 1.00, 1.00, 1.00, 0.00, 1.00, 1.00, 1.00, 0.00, 0.00, 0.00, 1.00, 1.00, 0.00, 0.00, 1.00
5448,  0,  181.567,  0.98,  1, 0.00, 0.00, 1.41, 0.00, 1.49, 2.39, 0.07, 1.25, 1.64, 1.79, 0.05, 0.06, 0.14, 0.09, 1.97, 0.34, 0.06, 0.00, 0.00, 1.00, 1.00, 1.00, 1.00, 0.00, 1.00, 1.00, 1.00, 0.00, 0.00, 0.00, 1.00, 1.00, 0.00, 0.00, 1.00
5449,  0,  181.600,  0.98,  1, 0.00, 0.00, 1.34, 0.00, 1.45, 2.16, 0.01, 1.12, 1.61, 1.79, 0.00, 0.12, 0.21, 0.14, 1.96, 0.41, 0.10, 0.00, 0.00, 1.00, 1.00, 1.00, 1.00, 0.00, 1.00, 1.00, 1.00, 0.00, 0.00, 0.00, 1.00, 1.00, 0.00, 0.00, 0.00
5450,  0,  181.633,  0.98,  1, 0.00, 0.00, 1.34, 0.00, 1.44, 1.94, 0.00, 0.96, 1.62, 1.72, 0.00, 0.16, 0.31, 0.19, 2.00, 0.47, 0.17, 0.00, 0.00, 1.00, 1.00, 1.00, 1.00, 0.00, 1.00, 1.00, 1.00, 0.00, 0.00, 0.00, 1.00, 1.00, 0.00, 0.00, 0.00
5451,  0,  181.667,  0.98,  1, 0.00, 0.00, 1.32, 0.00, 1.45, 1.95, 0.00, 0.90, 1.60, 1.79, 0.00, 0.14, 0.27, 0.23, 2.12, 0.46, 0.20, 0.00, 0.00, 1.00, 1.00, 1.00, 1.00, 0.00, 1.00, 1.00, 1.00, 0.00, 0.00, 0.00, 1.00, 1.00, 0.00, 0.00, 0.00
5452,  0,  181.700,  0.98,  1, 0.00, 0.00, 1.29, 0.00, 1.48, 2.00, 0.00, 0.90, 1.62, 1.92, 0.00, 0.18, 0.27, 0.25, 2.13, 0.51, 0.18, 0.00, 0.00, 1.00, 1.00, 1.00, 1.00, 0.00, 1.00, 1.00, 1.00, 0.00, 0.00, 0.00, 1.00, 1.00, 0.00, 0.00, 0.00
5453,  0,  181.733,  0.98,  1, 0.00, 0.00, 1.29, 0.00, 1.52, 2.07, 0.00, 0.97, 1.62, 2.05, 0.00, 0.27, 0.18, 0.24, 2.13, 0.63, 0.16, 0.00, 0.00, 1.00, 1.00, 1.00, 1.00, 0.00, 1.00, 1.00, 1.00, 0.00, 0.00, 0.00, 1.00, 1.00, 1.00, 0.00, 0.00
5454,  0,  181.767,  0.98,  1, 0.00, 0.00, 1.31, 0.00, 1.59, 2.15, 0.00, 1.06, 1.68, 2.13, 0.00, 0.39, 0.15, 0.25, 2.05, 0.66, 0.09, 0.00, 0.00, 1.00, 1.00, 1.00, 1.00, 0.00, 1.00, 1.00, 1.00, 0.00, 0.00, 0.00, 1.00, 1.00, 1.00, 0.00, 0.00
5455,  0,  181.800,  0.98,  1, 0.00, 0.00, 1.35, 0.00, 1.65, 2.21, 0.00, 1.18, 1.71, 2.03, 0.00, 0.44, 0.12, 0.24, 2.11, 0.72, 0.06, 0.00, 0.00, 1.00, 1.00, 1.00, 1.00, 0.00, 1.00, 1.00, 1.00, 0.00, 0.00, 0.00, 1.00, 1.00, 1.00, 0.00, 0.00
5456,  0,  181.833,  0.98,  1, 0.00, 0.00, 1.29, 0.00, 1.69, 2.22, 0.00, 1.23, 1.72, 1.98, 0.00, 0.45, 0.17, 0.27, 2.01, 0.64, 0.01, 0.00, 0.00, 1.00, 1.00, 1.00, 1.00, 0.00, 1.00, 1.00, 1.00, 0.00, 0.00, 0.00, 1.00, 1.00, 1.00, 0.00, 0.00
5457,  0,  181.867,  0.98,  1, 0.00, 0.00, 1.31, 0.00, 1.72, 2.36, 0.02, 1.24, 1.69, 1.92, 0.00, 0.45, 0.12, 0.26, 1.92, 0.56, 0.00, 0.00, 0.00, 1.00, 1.00, 1.00, 1.00, 0.00, 1.00, 1.00, 1.00, 0.00, 0.00, 0.00, 1.00, 1.00, 1.00, 0.00, 0.00
5458,  0,  181.900,  0.98,  1, 0.00, 0.00, 1.22, 0.00, 1.64, 2.35, 0.06, 1.26, 1.65, 1.94, 0.00, 0.35, 0.08, 0.23, 1.82, 0.59, 0.00, 0.00, 0.00, 1.00, 1.00, 1.00, 1.00, 0.00, 1.00, 1.00, 1.00, 0.00, 0.00, 0.00, 1.00, 1.00, 1.00, 0.00, 0.00
5459,  0,  181.933,  0.98,  1, 0.00, 0.00, 1.21, 0.00, 1.62, 2.53, 0.07, 1.23, 1.60, 1.99, 0.00, 0.29, 0.01, 0.21, 1.89, 0.71, 0.10, 0.00, 0.00, 1.00, 1.00, 1.00, 1.00, 0.00, 1.00, 1.00, 1.00, 0.00, 0.00, 0.00, 1.00, 1.00, 1.00, 0.00, 1.00
5460,  0,  181.967,  0.98,  1, 0.00, 0.00, 1.13, 0.00, 1.57, 2.57, 0.11, 1.19, 1.59, 1.99, 0.00, 0.13, 0.00, 0.19, 1.94, 0.71, 0.24, 0.00, 0.00, 1.00, 1.00, 1.00, 1.00, 0.00, 1.00, 1.00, 1.00, 0.00, 0.00, 0.00, 1.00, 1.00, 1.00, 0.00, 1.00
5461,  0,  182.000,  0.98,  1, 0.00, 0.00, 1.16, 0.00, 1.60, 2.62, 0.07, 1.11, 1.59, 2.00, 0.00, 0.08, 0.00, 0.15, 1.88, 0.61, 0.30, 0.00, 0.00, 1.00, 1.00, 1.00, 1.00, 0.00, 1.00, 1.00, 1.00, 0.00, 0.00, 0.00, 1.00, 1.00, 1.00, 0.00, 1.00
5462,  0,  182.033,  0.98,  1, 0.00, 0.00, 1.18, 0.00, 1.62, 2.60, 0.07, 1.11, 1.70, 1.88, 0.00, 0.00, 0.00, 0.07, 1.89, 0.56, 0.34, 0.00, 0.00, 1.00, 1.00, 1.00, 1.00, 0.00, 1.00, 1.00, 1.00, 0.00, 0.00, 0.00, 1.00, 1.00, 1.00, 0.00, 1.00
5463,  0,  182.067,  0.98,  1, 0.00, 0.00, 1.17, 0.00, 1.68, 2.56, 0.01, 1.20, 1.78, 1.86, 0.00, 0.01, 0.00, 0.01, 1.94, 0.65, 0.66, 0.00, 0.00, 1.00, 1.00, 1.00, 1.00, 0.00, 1.00, 1.00, 1.00, 0.00, 0.00, 0.00, 1.00, 1.00, 1.00, 0.00, 1.00
5464,  0,  182.100,  0.98,  1, 0.00, 0.00, 1.15, 0.00, 1.71, 2.41, 0.01, 1.27, 1.82, 1.88, 0.00, 0.01, 0.00, 0.00, 2.05, 0.65, 1.23, 0.00, 0.00, 1.00, 1.00, 1.00, 1.00, 0.00, 1.00, 1.00, 1.00, 0.00, 0.00, 0.00, 1.00, 1.00, 1.00, 0.00, 1.00
5465,  0,  182.133,  0.98,  1, 0.00, 0.00, 1.07, 0.00, 1.76, 2.10, 0.00, 1.30, 1.76, 1.95, 0.00, 0.01, 0.00, 0.02, 2.05, 0.66, 1.85, 0.00, 0.00, 1.00, 1.00, 1.00, 1.00, 0.00, 1.00, 1.00, 1.00, 0.00, 0.00, 0.00, 1.00, 1.00, 0.00, 0.00, 1.00
5466,  0,  182.167,  0.98,  1, 0.00, 0.00, 1.06, 0.00, 1.70, 1.79, 0.00, 1.21, 1.66, 2.03, 0.00, 0.00, 0.00, 0.05, 2.04, 0.72, 2.15, 0.00, 0.00, 1.00, 1.00, 1.00, 1.00, 0.00, 1.00, 1.00, 1.00, 0.00, 0.00, 0.00, 1.00, 1.00, 0.00, 0.00, 1.00
5467,  0,  182.200,  0.98,  1, 0.00, 0.00, 1.16, 0.00, 1.67, 1.84, 0.09, 1.26, 1.61, 2.08, 0.22, 0.00, 0.00, 0.05, 2.00, 0.72, 2.19, 0.00, 0.00, 1.00, 1.00, 1.00, 1.00, 0.00, 1.00, 1.00, 1.00, 0.00, 0.00, 0.00, 1.00, 1.00, 0.00, 0.00, 1.00
5468,  0,  182.233,  0.98,  1, 0.00, 0.00, 1.33, 0.00, 1.52, 2.02, 0.16, 1.28, 1.64, 1.89, 0.51, 0.00, 0.00, 0.03, 2.07, 0.62, 1.91, 0.00, 0.00, 1.00, 1.00, 1.00, 1.00, 0.00, 1.00, 1.00, 1.00, 0.00, 0.00, 0.00, 0.00, 1.00, 0.00, 0.00, 1.00
5469,  0,  182.267,  0.98,  1, 0.00, 0.00, 1.44, 0.00, 1.43, 2.03, 0.22, 1.32, 1.70, 1.77, 0.69, 0.00, 0.00, 0.00, 1.99, 0.47, 1.47, 0.00, 0.00, 1.00, 1.00, 1.00, 1.00, 0.00, 1.00, 1.00, 1.00, 0.00, 0.00, 0.00, 0.00, 1.00, 0.00, 0.00, 1.00
5470,  0,  182.300,  0.98,  1, 0.00, 0.00, 1.31, 0.00, 1.37, 1.99, 0.16, 1.30, 1.80, 1.49, 0.57, 0.00, 0.00, 0.00, 1.90, 0.53, 1.07, 0.00, 0.00, 1.00, 1.00, 1.00, 1.00, 0.00, 1.00, 1.00, 1.00, 0.00, 0.00, 0.00, 0.00, 1.00, 0.00, 0.00, 1.00
5471,  0,  182.333,  0.98,  1, 0.00, 0.00, 1.24, 0.00, 1.42, 1.94, 0.10, 1.33, 1.83, 1.41, 0.32, 0.00, 0.11, 0.00, 1.63, 0.69, 0.95, 0.00, 0.00, 1.00, 1.00, 1.00, 1.00, 0.00, 1.00, 1.00, 1.00, 0.00, 0.00, 0.00, 0.00, 1.00, 0.00, 0.00, 1.00
5472,  0,  182.367,  0.98,  1, 0.04, 0.00, 1.19, 0.00, 1.38, 1.91, 0.05, 1.26, 1.74, 1.35, 0.14, 0.00, 0.11, 0.03, 1.58, 0.73, 0.90, 0.00, 0.00, 1.00, 1.00, 1.00, 1.00, 0.00, 1.00, 1.00, 1.00, 0.00, 0.00, 0.00, 0.00, 1.00, 0.00, 0.00, 1.00
5473,  0,  182.400,  0.98,  1, 0.04, 0.05, 1.27, 0.00, 1.33, 1.87, 0.04, 1.09, 1.60, 1.35, 0.05, 0.00, 0.15, 0.06, 1.53, 0.72, 0.87, 0.00, 0.00, 1.00, 1.00, 1.00, 1.00, 0.00, 1.00, 1.00, 1.00, 0.00, 0.00, 0.00, 0.00, 1.00, 0.00, 0.00, 1.00
5474,  0,  182.433,  0.98,  1, 0.04, 0.12, 1.30, 0.00, 1.28, 1.71, 0.09, 0.95, 1.50, 1.43, 0.00, 0.00, 0.11, 0.07, 1.60, 0.73, 0.74, 0.00, 0.00, 1.00, 1.00, 1.00, 1.00, 0.00, 1.00, 1.00, 1.00, 0.00, 0.00, 0.00, 0.00, 1.00, 0.00, 0.00, 1.00
5475,  0,  182.467,  0.98,  1, 0.01, 0.12, 1.26, 0.00, 1.30, 1.78, 0.09, 0.95, 1.53, 1.48, 0.00, 0.00, 0.15, 0.07, 1.54, 0.70, 0.64, 0.00, 0.00, 0.00, 1.00, 1.00, 1.00, 0.00, 1.00, 1.00, 1.00, 0.00, 0.00, 0.00, 0.00, 1.00, 0.00, 0.00, 1.00
5476,  0,  182.500,  0.98,  1, 0.04, 0.14, 1.23, 0.00, 1.37, 1.68, 0.07, 1.04, 1.54, 1.63, 0.00, 0.00, 0.13, 0.06, 1.51, 0.63, 0.54, 0.00, 0.00, 0.00, 1.00, 1.00, 1.00, 0.00, 1.00, 1.00, 1.00, 0.00, 0.00, 0.00, 0.00, 1.00, 0.00, 0.00, 1.00
5477,  0,  182.533,  0.98,  1, 0.14, 0.29, 1.12, 0.00, 1.36, 1.72, 0.03, 0.96, 1.55, 1.71, 0.00, 0.00, 0.21, 0.07, 1.43, 0.49, 0.32, 0.00, 0.00, 0.00, 0.00, 1.00, 1.00, 0.00, 1.00, 1.00, 1.00, 0.00, 0.00, 0.00, 0.00, 1.00, 0.00, 0.00, 0.00
5478,  0,  182.567,  0.98,  1, 0.24, 0.49, 1.11, 0.00, 1.37, 1.75, 0.04, 0.97, 1.53, 1.76, 0.00, 0.00, 0.30, 0.08, 1.46, 0.41, 0.27, 0.00, 0.00, 0.00, 0.00, 1.00, 1.00, 0.00, 1.00, 1.00, 1.00, 0.00, 0.00, 0.00, 0.00, 1.00, 0.00, 0.00, 0.00
5479,  0,  182.600,  0.98,  1, 0.25, 0.44, 1.07, 0.00, 1.35, 1.77, 0.03, 1.03, 1.51, 1.76, 0.00, 0.00, 0.34, 0.10, 1.50, 0.50, 0.19, 1.00, 0.00, 0.00, 0.00, 1.00, 1.00, 0.00, 1.00, 1.00, 1.00, 0.00, 0.00, 0.00, 0.00, 1.00, 0.00, 0.00, 0.00
5480,  0,  182.633,  0.98,  1, 0.25, 0.21, 1.15, 0.00, 1.33, 1.77, 0.02, 1.14, 1.50, 1.78, 0.00, 0.00, 0.21, 0.13, 1.54, 0.49, 0.18, 1.00, 0.00, 0.00, 0.00, 1.00, 1.00, 0.00, 1.00, 1.00, 1.00, 0.00, 0.00, 1.00, 0.00, 1.00, 0.00, 0.00, 0.00
5481,  0,  182.667,  0.98,  1, 0.26, 0.11, 1.18, 0.00, 1.27, 1.68, 0.00, 1.12, 1.46, 1.75, 0.00, 0.00, 0.17, 0.19, 1.46, 0.50, 0.13, 1.00, 0.00, 0.00, 0.00, 1.00, 1.00, 0.00, 1.00, 1.00, 1.00, 0.00, 0.00, 1.00, 0.00, 1.00, 0.00, 0.00, 0.00
5482,  0,  182.700,  0.98,  1, 0.39, 0.24, 1.25, 0.00, 1.20, 1.62, 0.00, 0.99, 1.41, 1.69, 0.00, 0.00, 0.11, 0.24, 1.41, 0.52, 0.17, 1.00, 0.00, 0.00, 0.00, 1.00, 1.00, 0.00, 1.00, 1.00, 1.00, 0.00, 0.00, 1.00, 0.00, 1.00, 0.00, 0.00, 0.00
5483,  0,  182.733,  0.98,  1, 0.37, 0.34, 1.14, 0.00, 1.16, 1.51, 0.00, 1.00, 1.36, 1.60, 0.00, 0.00, 0.09, 0.27, 1.37, 0.62, 0.18, 0.00, 0.00, 0.00, 0.00, 1.00, 1.00, 0.00, 1.00, 1.00, 1.00, 0.00, 0.00, 1.00, 0.00, 1.00, 0.00, 0.00, 0.00
5484,  0,  182.767,  0.98,  1, 0.36, 0.25, 1.05, 0.00, 1.22, 1.53, 0.00, 0.89, 1.47, 1.49, 0.11, 0.00, 0.01, 0.24, 1.55, 0.82, 0.24, 0.00, 0.00, 0.00, 0.00, 1.00, 1.00, 0.00, 1.00, 1.00, 1.00, 0.00, 0.00, 0.00, 0.00, 1.00, 0.00, 0.00, 1.00
5485,  0,  182.800,  0.98,  1, 0.19, 0.10, 0.84, 0.00, 1.31, 1.66, 0.00, 0.85, 1.53, 1.36, 0.21, 0.00, 0.01, 0.20, 1.73, 0.82, 0.62, 0.00, 0.00, 0.00, 0.00, 1.00, 1.00, 0.00, 1.00, 1.00, 1.00, 0.00, 0.00, 0.00, 0.00, 1.00, 0.00, 0.00, 1.00
5486,  0,  182.833,  0.98,  1, 0.16, 0.00, 0.71, 0.00, 1.33, 1.57, 0.00, 0.71, 1.56, 1.08, 0.27, 0.00, 0.00, 0.11, 1.82, 0.92, 1.13, 0.00, 0.00, 0.00, 0.00, 1.00, 1.00, 0.00, 1.00, 1.00, 1.00, 0.00, 0.00, 0.00, 0.00, 1.00, 0.00, 0.00, 1.00
5487,  0,  182.867,  0.98,  1, 0.06, 0.00, 0.49, 0.00, 1.26, 1.21, 0.00, 0.74, 1.40, 0.82, 0.16, 0.00, 0.00, 0.09, 1.73, 1.08, 1.68, 0.00, 0.00, 0.00, 0.00, 1.00, 1.00, 0.00, 1.00, 1.00, 1.00, 0.00, 0.00, 0.00, 0.00, 1.00, 0.00, 0.00, 1.00
5488,  0,  182.900,  0.98,  1, 0.13, 0.00, 0.35, 0.00, 1.05, 0.71, 0.00, 0.77, 1.28, 0.62, 0.20, 0.00, 0.00, 0.12, 1.58, 1.32, 1.64, 0.00, 0.00, 0.00, 0.00, 1.00, 1.00, 0.00, 1.00, 1.00, 1.00, 0.00, 0.00, 0.00, 0.00, 1.00, 0.00, 0.00, 1.00
5489,  0,  182.933,  0.98,  1, 0.22, 0.00, 0.27, 0.00, 0.88, 0.37, 0.00, 0.82, 1.11, 0.40, 0.25, 0.00, 0.00, 0.24, 1.50, 1.38, 1.39, 0.00, 0.00, 0.00, 0.00, 1.00, 1.00, 0.00, 1.00, 1.00, 1.00, 0.00, 0.00, 0.00, 0.00, 1.00, 0.00, 0.00, 1.00
5490,  0,  182.967,  0.98,  1, 0.35, 0.00, 0.27, 0.00, 0.72, 0.29, 0.00, 0.86, 1.05, 0.19, 0.40, 0.00, 0.00, 0.35, 1.56, 1.44, 0.86, 0.00, 0.00, 0.00, 0.00, 1.00, 1.00, 0.00, 1.00, 1.00, 1.00, 0.00, 0.00, 0.00, 0.00, 1.00, 0.00, 0.00, 1.00
5491,  0,  183.000,  0.98,  1, 0.38, 0.00, 0.32, 0.00, 0.59, 0.38, 0.00, 0.95, 1.06, 0.02, 0.50, 0.00, 0.00, 0.47, 1.57, 1.58, 0.56, 0.00, 0.00, 0.00, 0.00, 1.00, 1.00, 0.00, 1.00, 1.00, 1.00, 0.00, 0.00, 0.00, 0.00, 1.00, 0.00, 0.00, 1.00
5492,  0,  183.033,  0.98,  1, 0.33, 0.00, 0.22, 0.00, 0.49, 0.33, 0.00, 1.08, 1.04, 0.00, 0.57, 0.00, 0.00, 0.55, 1.60, 1.85, 0.29, 0.00, 0.00, 1.00, 0.00, 1.00, 1.00, 0.00, 1.00, 1.00, 1.00, 0.00, 0.00, 0.00, 0.00, 1.00, 0.00, 0.00, 1.00
5493,  0,  183.067,  0.98,  1, 0.31, 0.00, 0.21, 0.00, 0.44, 0.32, 0.00, 1.24, 1.02, 0.00, 0.70, 0.00, 0.00, 0.60, 1.54, 1.99, 0.24, 0.00, 0.00, 1.00, 0.00, 0.00, 1.00, 0.00, 1.00, 1.00, 1.00, 0.00, 0.00, 0.00, 0.00, 1.00, 0.00, 0.00, 1.00
5494,  0,  183.100,  0.98,  1, 0.39, 0.00, 0.27, 0.00, 0.43, 0.21, 0.00, 1.19, 0.90, 0.00, 0.66, 0.00, 0.00, 0.62, 1.45, 1.92, 0.22, 0.00, 0.00, 1.00, 0.00, 0.00, 1.00, 0.00, 1.00, 1.00, 1.00, 0.00, 0.00, 0.00, 0.00, 1.00, 0.00, 0.00, 1.00
5495,  0,  183.133,  0.98,  1, 0.49, 0.00, 0.43, 0.00, 0.43, 0.26, 0.00, 1.06, 0.86, 0.00, 0.73, 0.00, 0.00, 0.65, 1.32, 1.82, 0.39, 0.00, 0.00, 1.00, 0.00, 0.00, 1.00, 0.00, 1.00, 1.00, 1.00, 0.00, 0.00, 0.00, 0.00, 1.00, 0.00, 0.00, 1.00
5496,  0,  183.167,  0.98,  1, 0.59, 0.00, 0.59, 0.00, 0.40, 0.15, 0.00, 0.88, 0.77, 0.01, 0.74, 0.00, 0.00, 0.75, 1.20, 1.62, 0.48, 0.00, 0.00, 1.00, 1.00, 0.00, 1.00, 0.00, 1.00, 1.00, 1.00, 0.00, 0.00, 0.00, 0.00, 1.00, 0.00, 0.00, 1.00
5497,  0,  183.200,  0.98,  1, 0.58, 0.00, 0.61, 0.00, 0.39, 0.06, 0.00, 0.79, 0.81, 0.07, 0.86, 0.00, 0.00, 0.88, 1.17, 1.33, 0.57, 0.00, 0.00, 1.00, 0.00, 1.00, 1.00, 0.00, 1.00, 1.00, 1.00, 0.00, 0.00, 0.00, 0.00, 0.00, 0.00, 0.00, 1.00
5498,  0,  183.233,  0.98,  1, 0.48, 0.00, 0.56, 0.00, 0.37, 0.00, 0.00, 0.79, 0.86, 0.07, 1.02, 0.03, 0.00, 1.01, 1.16, 1.07, 0.55, 1.00, 0.00, 1.00, 0.00, 0.00, 1.00, 0.00, 1.00, 1.00, 1.00, 0.00, 0.00, 0.00, 0.00, 0.00, 0.00, 0.00, 1.00
5499,  0,  183.267,  0.98,  1, 0.41, 0.00, 0.41, 0.00, 0.36, 0.00, 0.00, 0.86, 0.92, 0.06, 1.19, 0.03, 0.00, 1.07, 1.14, 0.95, 0.59, 0.00, 0.00, 1.00, 0.00, 1.00, 1.00, 0.00, 1.00, 1.00, 1.00, 0.00, 0.00, 0.00, 0.00, 0.00, 0.00, 0.00, 1.00
5500,  0,  183.300,  0.98,  1, 0.39, 0.00, 0.38, 0.00, 0.33, 0.00, 0.00, 0.87, 0.91, 0.00, 1.29, 0.08, 0.00, 1.11, 1.21, 1.08, 0.61, 0.00, 0.00, 1.00, 0.00, 1.00, 1.00, 0.00, 1.00, 1.00, 1.00, 0.00, 0.00, 0.00, 0.00, 0.00, 0.00, 0.00, 1.00
5501,  0,  183.333,  0.98,  1, 0.50, 0.00, 0.47, 0.00, 0.34, 0.00, 0.00, 0.89, 0.91, 0.01, 1.32, 0.05, 0.00, 1.07, 1.27, 1.21, 0.63, 0.00, 0.00, 1.00, 0.00, 1.00, 1.00, 0.00, 1.00, 1.00, 1.00, 0.00, 0.00, 0.00, 0.00, 0.00, 0.00, 0.00, 1.00
5502,  0,  183.367,  0.98,  1, 0.65, 0.00, 0.57, 0.00, 0.38, 0.09, 0.00, 0.90, 0.97, 0.09, 1.25, 0.05, 0.00, 1.01, 1.35, 1.20, 0.61, 0.00, 0.00, 1.00, 0.00, 1.00, 1.00, 0.00, 1.00, 1.00, 1.00, 0.00, 0.00, 0.00, 0.00, 0.00, 0.00, 0.00, 1.00
5503,  0,  183.400,  0.98,  1, 0.78, 0.00, 0.70, 0.00, 0.53, 0.15, 0.00, 0.97, 1.03, 0.09, 1.31, 0.00, 0.00, 0.88, 1.32, 1.13, 1.00, 0.00, 0.00, 1.00, 0.00, 1.00, 1.00, 0.00, 1.00, 1.00, 1.00, 0.00, 0.00, 0.00, 0.00, 1.00, 0.00, 0.00, 1.00
5504,  0,  183.433,  0.93,  1, 0.77, 0.00, 0.76, 0.00, 0.67, 0.26, 0.00, 1.07, 1.10, 0.16, 1.11, 0.00, 0.01, 0.75, 1.29, 1.09, 1.67, 0.00, 0.00, 1.00, 0.00, 1.00, 1.00, 0.00, 1.00, 1.00, 1.00, 0.00, 0.00, 0.00, 0.00, 1.00, 0.00, 0.00, 1.00
5505,  0,  183.467,  0.93,  1, 0.54, 0.00, 0.77, 0.00, 0.84, 0.39, 0.00, 1.15, 1.13, 0.21, 0.98, 0.00, 0.25, 0.59, 1.24, 1.02, 2.33, 0.00, 0.00, 1.00, 0.00, 1.00, 1.00, 0.00, 1.00, 1.00, 1.00, 0.00, 0.00, 0.00, 0.00, 1.00, 0.00, 0.00, 1.00
5506,  0,  183.500,  0.93,  1, 0.27, 0.00, 0.70, 0.00, 0.99, 0.65, 0.00, 1.11, 1.12, 0.40, 0.79, 0.00, 0.44, 0.45, 1.22, 1.12, 2.52, 0.00, 0.00, 0.00, 0.00, 1.00, 1.00, 0.00, 1.00, 1.00, 1.00, 0.00, 0.00, 0.00, 0.00, 1.00, 0.00, 0.00, 1.00
5507,  0,  183.533,  0.93,  1, 0.07, 0.00, 0.62, 0.05, 1.08, 0.89, 0.00, 0.89, 1.14, 0.56, 0.78, 0.00, 0.72, 0.36, 1.22, 0.98, 2.30, 0.00, 0.00, 0.00, 0.00, 1.00, 1.00, 0.00, 1.00, 1.00, 1.00, 0.00, 0.00, 1.00, 0.00, 1.00, 0.00, 0.00, 1.00
5508,  0,  183.567,  0.93,  1, 0.01, 0.00, 0.61, 0.05, 1.06, 0.79, 0.00, 0.49, 1.19, 0.59, 0.78, 0.00, 0.68, 0.37, 1.17, 0.89, 1.62, 0.00, 0.00, 0.00, 0.00, 1.00, 1.00, 0.00, 1.00, 1.00, 1.00, 0.00, 0.00, 1.00, 0.00, 1.00, 0.00, 0.00, 1.00
5509,  0,  183.600,  0.98,  1, 0.00, 0.03, 0.56, 0.05, 1.01, 0.97, 0.00, 0.30, 1.27, 0.60, 0.70, 0.00, 0.65, 0.38, 1.15, 0.52, 0.98, 0.00, 0.00, 0.00, 1.00, 1.00, 1.00, 0.00, 1.00, 1.00, 1.00, 0.00, 0.00, 1.00, 0.00, 1.00, 0.00, 0.00, 1.00
5510,  0,  183.633,  0.98,  1, 0.00, 0.08, 0.64, 0.00, 0.95, 1.02, 0.00, 0.18, 1.30, 0.67, 0.59, 0.00, 0.49, 0.33, 1.22, 0.44, 0.46, 0.00, 0.00, 0.00, 1.00, 1.00, 1.00, 0.00, 1.00, 1.00, 1.00, 0.00, 0.00, 1.00, 0.00, 1.00, 0.00, 0.00, 1.00
5511,  0,  183.667,  0.98,  1, 0.00, 0.08, 0.71, 0.00, 0.95, 1.39, 0.00, 0.33, 1.29, 0.84, 0.40, 0.00, 0.44, 0.27, 1.26, 0.43, 0.27, 0.00, 0.00, 0.00, 1.00, 1.00, 1.00, 0.00, 1.00, 1.00, 1.00, 0.00, 0.00, 1.00, 0.00, 1.00, 0.00, 0.00, 0.00
5512,  0,  183.700,  0.98,  1, 0.00, 0.05, 0.83, 0.00, 0.90, 1.43, 0.00, 0.25, 1.25, 0.95, 0.19, 0.00, 0.40, 0.14, 1.28, 0.41, 0.12, 0.00, 0.00, 0.00, 1.00, 1.00, 1.00, 0.00, 1.00, 1.00, 1.00, 0.00, 0.00, 0.00, 0.00, 1.00, 0.00, 0.00, 0.00
5513,  0,  183.733,  0.98,  1, 0.00, 0.00, 0.85, 0.00, 0.89, 1.54, 0.02, 0.17, 1.23, 1.00, 0.07, 0.00, 0.42, 0.08, 1.19, 0.28, 0.00, 0.00, 0.00, 1.00, 1.00, 1.00, 1.00, 0.00, 1.00, 1.00, 1.00, 0.00, 0.00, 0.00, 0.00, 1.00, 0.00, 0.00, 0.00
5514,  0,  183.767,  0.98,  1, 0.00, 0.05, 0.92, 0.00, 0.87, 1.75, 0.05, 0.03, 1.16, 1.09, 0.03, 0.03, 0.41, 0.00, 1.06, 0.10, 0.00, 0.00, 0.00, 1.00, 1.00, 1.00, 1.00, 0.00, 1.00, 1.00, 1.00, 0.00, 0.00, 0.00, 0.00, 1.00, 0.00, 0.00, 0.00
5515,  0,  183.800,  0.98,  1, 0.02, 0.05, 1.03, 0.00, 0.80, 1.74, 0.05, 0.02, 1.05, 1.21, 0.16, 0.08, 0.39, 0.00, 1.01, 0.06, 0.00, 0.00, 0.00, 1.00, 1.00, 0.00, 1.00, 0.00, 1.00, 1.00, 1.00, 0.00, 0.00, 0.00, 0.00, 0.00, 0.00, 0.00, 0.00
5516,  0,  183.833,  0.98,  1, 0.05, 0.14, 1.14, 0.00, 0.70, 1.77, 0.03, 0.05, 0.88, 1.36, 0.38, 0.17, 0.36, 0.00, 1.01, 0.00, 0.00, 0.00, 0.00, 1.00, 1.00, 0.00, 1.00, 0.00, 1.00, 1.00, 1.00, 0.00, 0.00, 0.00, 0.00, 0.00, 0.00, 0.00, 0.00
5517,  0,  183.867,  0.98,  1, 0.09, 0.10, 1.19, 0.00, 0.60, 1.64, 0.00, 0.14, 0.73, 1.57, 0.54, 0.22, 0.32, 0.00, 1.07, 0.00, 0.00, 0.00, 0.00, 1.00, 1.00, 0.00, 1.00, 0.00, 1.00, 1.00, 1.00, 0.00, 0.00, 0.00, 1.00, 0.00, 0.00, 0.00, 0.00
5518,  0,  183.900,  0.98,  1, 0.09, 0.10, 1.14, 0.00, 0.51, 1.55, 0.00, 0.18, 0.51, 1.56, 0.46, 0.38, 0.34, 0.00, 0.99, 0.00, 0.00, 0.00, 0.00, 1.00, 1.00, 0.00, 1.00, 0.00, 1.00, 1.00, 1.00, 0.00, 0.00, 0.00, 1.00, 0.00, 0.00, 0.00, 0.00
5519,  0,  183.933,  0.98,  1, 0.14, 0.01, 1.16, 0.00, 0.40, 1.44, 0.00, 0.23, 0.36, 1.49, 0.24, 0.52, 0.25, 0.00, 0.74, 0.00, 0.00, 0.00, 0.00, 1.00, 1.00, 0.00, 1.00, 0.00, 1.00, 1.00, 1.00, 0.00, 0.00, 0.00, 1.00, 0.00, 0.00, 0.00, 0.00
5520,  0,  183.967,  0.98,  1, 0.13, 0.00, 1.06, 0.00, 0.22, 1.19, 0.00, 0.16, 0.16, 1.24, 0.07, 0.71, 0.15, 0.02, 0.44, 0.00, 0.00, 0.00, 0.00, 1.00, 1.00, 0.00, 1.00, 0.00, 1.00, 1.00, 1.00, 0.00, 1.00, 0.00, 1.00, 0.00, 0.00, 0.00, 0.00
5521,  0,  184.000,  0.98,  1, 0.18, 0.03, 1.10, 0.00, 0.14, 1.17, 0.00, 0.15, 0.09, 1.13, 0.01, 0.89, 0.03, 0.04, 0.19, 0.00, 0.03, 0.00, 0.00, 1.00, 1.00, 0.00, 1.00, 0.00, 1.00, 0.00, 1.00, 0.00, 1.00, 0.00, 1.00, 0.00, 0.00, 0.00, 0.00
5522,  0,  184.033,  0.98,  1, 0.19, 0.03, 1.00, 0.00, 0.07, 1.16, 0.00, 0.14, 0.02, 1.00, 0.00, 0.98, 0.00, 0.04, 0.05, 0.00, 0.03, 0.00, 0.00, 1.00, 1.00, 0.00, 1.00, 0.00, 1.00, 0.00, 1.00, 0.00, 1.00, 0.00, 1.00, 0.00, 0.00, 0.00, 0.00
5523,  0,  184.067,  0.98,  1, 0.22, 0.05, 1.09, 0.00, 0.12, 1.25, 0.00, 0.17, 0.02, 0.98, 0.05, 1.02, 0.00, 0.02, 0.01, 0.00, 0.03, 0.00, 0.00, 1.00, 1.00, 0.00, 1.00, 0.00, 1.00, 0.00, 1.00, 0.00, 1.00, 0.00, 1.00, 0.00, 0.00, 0.00, 0.00
5524,  0,  184.100,  0.98,  1, 0.20, 0.02, 1.04, 0.00, 0.11, 1.18, 0.00, 0.19, 0.03, 1.00, 0.11, 0.99, 0.00, 0.02, 0.00, 0.00, 0.00, 0.00, 0.00, 1.00, 1.00, 0.00, 1.00, 0.00, 1.00, 0.00, 1.00, 0.00, 1.00, 0.00, 1.00, 0.00, 0.00, 0.00, 0.00
5525,  0,  184.133,  0.98,  1, 0.17, 0.06, 1.09, 0.00, 0.13, 1.17, 0.00, 0.13, 0.04, 1.04, 0.15, 1.03, 0.00, 0.02, 0.04, 0.00, 0.06, 0.00, 0.00, 1.00, 1.00, 0.00, 1.00, 0.00, 1.00, 0.00, 1.00, 0.00, 1.00, 0.00, 1.00, 0.00, 0.00, 0.00, 0.00
5526,  0,  184.167,  0.98,  1, 0.12, 0.09, 1.11, 0.00, 0.14, 1.18, 0.00, 0.11, 0.05, 0.98, 0.19, 0.93, 0.00, 0.01, 0.11, 0.00, 0.28, 0.00, 0.00, 1.00, 1.00, 0.00, 1.00, 0.00, 1.00, 0.00, 1.00, 0.00, 1.00, 0.00, 1.00, 0.00, 0.00, 0.00, 0.00
5527,  0,  184.200,  0.98,  1, 0.07, 0.09, 1.17, 0.00, 0.18, 1.23, 0.00, 0.11, 0.06, 0.92, 0.20, 0.81, 0.00, 0.01, 0.23, 0.00, 0.42, 0.00, 0.00, 1.00, 1.00, 0.00, 1.00, 0.00, 1.00, 0.00, 1.00, 0.00, 1.00, 0.00, 1.00, 0.00, 0.00, 0.00, 0.00
5528,  0,  184.233,  0.98,  1, 0.05, 0.06, 1.26, 0.00, 0.23, 1.34, 0.00, 0.08, 0.04, 0.85, 0.16, 0.73, 0.00, 0.02, 0.23, 0.00, 0.40, 0.00, 0.00, 1.00, 1.00, 0.00, 1.00, 0.00, 1.00, 0.00, 1.00, 0.00, 1.00, 0.00, 1.00, 0.00, 0.00, 0.00, 0.00
5529,  0,  184.267,  0.98,  1, 0.05, 0.01, 1.35, 0.00, 0.26, 1.49, 0.00, 0.09, 0.03, 0.81, 0.07, 0.73, 0.00, 0.02, 0.19, 0.00, 0.29, 0.00, 0.00, 1.00, 1.00, 0.00, 1.00, 0.00, 1.00, 0.00, 1.00, 0.00, 1.00, 0.00, 1.00, 0.00, 0.00, 0.00, 0.00
5530,  0,  184.300,  0.98,  1, 0.12, 0.01, 1.34, 0.00, 0.26, 1.53, 0.00, 0.10, 0.01, 0.85, 0.05, 0.84, 0.00, 0.01, 0.08, 0.00, 0.22, 0.00, 0.00, 1.00, 1.00, 0.00, 1.00, 0.00, 1.00, 0.00, 1.00, 0.00, 1.00, 0.00, 1.00, 0.00, 0.00, 0.00, 0.00
5531,  0,  184.333,  0.98,  1, 0.12, 0.00, 1.28, 0.00, 0.24, 1.52, 0.00, 0.19, 0.01, 0.90, 0.05, 0.90, 0.00, 0.00, 0.04, 0.00, 0.20, 0.00, 0.00, 1.00, 1.00, 0.00, 1.00, 0.00, 1.00, 0.00, 1.00, 0.00, 1.00, 0.00, 1.00, 0.00, 0.00, 0.00, 0.00
5532,  0,  184.367,  0.98,  1, 0.11, 0.05, 1.20, 0.00, 0.25, 1.66, 0.00, 0.15, 0.01, 1.09, 0.04, 1.04, 0.00, 0.00, 0.01, 0.00, 0.11, 0.00, 0.00, 1.00, 1.00, 0.00, 1.00, 0.00, 1.00, 0.00, 1.00, 0.00, 1.00, 0.00, 1.00, 0.00, 0.00, 0.00, 0.00
5533,  0,  184.400,  0.98,  1, 0.03, 0.06, 1.20, 0.00, 0.30, 1.88, 0.00, 0.12, 0.03, 1.21, 0.00, 1.11, 0.00, 0.00, 0.01, 0.00, 0.04, 0.00, 0.00, 1.00, 1.00, 0.00, 1.00, 0.00, 1.00, 0.00, 1.00, 0.00, 1.00, 0.00, 1.00, 0.00, 0.00, 0.00, 0.00
5534,  0,  184.433,  0.98,  1, 0.02, 0.06, 1.20, 0.00, 0.35, 1.92, 0.00, 0.07, 0.08, 1.24, 0.00, 1.07, 0.00, 0.00, 0.00, 0.00, 0.01, 0.00, 0.00, 1.00, 1.00, 0.00, 1.00, 0.00, 1.00, 0.00, 1.00, 0.00, 1.00, 0.00, 1.00, 0.00, 0.00, 0.00, 0.00
5535,  0,  184.467,  0.98,  1, 0.02, 0.01, 1.22, 0.00, 0.34, 1.58, 0.00, 0.07, 0.07, 1.22, 0.00, 1.06, 0.00, 0.00, 0.00, 0.02, 0.00, 0.00, 0.00, 1.00, 1.00, 0.00, 1.00, 0.00, 1.00, 0.00, 1.00, 0.00, 1.00, 0.00, 1.00, 0.00, 0.00, 0.00, 0.00
5536,  0,  184.500,  0.98,  1, 0.02, 0.00, 1.23, 0.00, 0.29, 1.32, 0.00, 0.07, 0.05, 1.23, 0.00, 1.09, 0.00, 0.02, 0.00, 0.04, 0.00, 0.00, 0.00, 1.00, 1.00, 0.00, 1.00, 0.00, 1.00, 0.00, 1.00, 0.00, 1.00, 0.00, 1.00, 0.00, 0.00, 0.00, 0.00
5537,  0,  184.533,  0.98,  1, 0.05, 0.00, 1.18, 0.00, 0.28, 1.06, 0.00, 0.07, 0.00, 1.35, 0.00, 1.24, 0.00, 0.04, 0.00, 0.04, 0.02, 0.00, 0.00, 0.00, 1.00, 0.00, 1.00, 0.00, 1.00, 0.00, 1.00, 1.00, 1.00, 0.00, 1.00, 0.00, 0.00, 0.00, 0.00
5538,  0,  184.567,  0.98,  1, 0.10, 0.00, 1.10, 0.00, 0.28, 1.00, 0.00, 0.12, 0.00, 1.36, 0.00, 1.28, 0.00, 0.04, 0.00, 0.01, 0.08, 0.00, 0.00, 0.00, 1.00, 0.00, 1.00, 0.00, 1.00, 0.00, 1.00, 1.00, 1.00, 0.00, 1.00, 0.00, 0.00, 0.00, 0.00
5539,  0,  184.600,  0.98,  1, 0.23, 0.00, 1.09, 0.00, 0.30, 1.05, 0.00, 0.27, 0.00, 1.22, 0.01, 1.30, 0.00, 0.02, 0.00, 0.02, 0.12, 0.00, 0.00, 0.00, 1.00, 0.00, 1.00, 0.00, 1.00, 0.00, 1.00, 1.00, 1.00, 0.00, 1.00, 0.00, 0.00, 0.00, 0.00
5540,  0,  184.633,  0.98,  1, 0.33, 0.00, 1.05, 0.00, 0.28, 1.12, 0.00, 0.33, 0.00, 1.12, 0.15, 1.16, 0.00, 0.00, 0.00, 0.03, 0.11, 0.00, 0.00, 0.00, 1.00, 0.00, 1.00, 0.00, 1.00, 0.00, 1.00, 1.00, 1.00, 0.00, 1.00, 0.00, 0.00, 0.00, 0.00
5541,  0,  184.667,  0.98,  1, 0.42, 0.00, 1.04, 0.00, 0.27, 1.19, 0.00, 0.40, 0.00, 1.16, 0.32, 1.14, 0.00, 0.00, 0.00, 0.03, 0.07, 0.00, 0.00, 0.00, 1.00, 0.00, 1.00, 0.00, 1.00, 0.00, 1.00, 1.00, 1.00, 0.00, 1.00, 0.00, 0.00, 0.00, 0.00
5542,  0,  184.700,  0.98,  1, 0.32, 0.00, 1.02, 0.00, 0.25, 1.16, 0.00, 0.29, 0.00, 1.16, 0.54, 0.91, 0.00, 0.02, 0.00, 0.08, 0.02, 0.00, 0.00, 0.00, 1.00, 0.00, 1.00, 0.00, 1.00, 0.00, 1.00, 1.00, 1.00, 0.00, 1.00, 0.00, 0.00, 0.00, 0.00
5543,  0,  184.733,  0.98,  1, 0.29, 0.00, 1.06, 0.00, 0.22, 1.38, 0.00, 0.19, 0.00, 1.15, 0.53, 0.81, 0.00, 0.02, 0.00, 0.07, 0.03, 0.00, 0.00, 1.00, 1.00, 0.00, 1.00, 0.00, 1.00, 0.00, 1.00, 1.00, 1.00, 0.00, 1.00, 0.00, 0.00, 0.00, 0.00
5544,  0,  184.767,  0.98,  1, 0.22, 0.13, 1.09, 0.00, 0.20, 1.40, 0.00, 0.06, 0.04, 0.95, 0.62, 0.54, 0.00, 0.02, 0.00, 0.16, 0.01, 0.00, 0.00, 1.00, 1.00, 0.00, 1.00, 0.00, 1.00, 0.00, 1.00, 1.00, 1.00, 0.00, 1.00, 0.00, 0.00, 0.00, 0.00
5545,  0,  184.800,  0.98,  1, 0.24, 0.15, 1.11, 0.00, 0.20, 1.23, 0.00, 0.03, 0.06, 0.88, 0.50, 0.40, 0.00, 0.00, 0.00, 0.11, 0.04, 0.00, 0.00, 1.00, 1.00, 0.00, 1.00, 0.00, 1.00, 0.00, 1.00, 1.00, 1.00, 0.00, 0.00, 0.00, 0.00, 0.00, 0.00
5546,  0,  184.833,  0.98,  1, 0.14, 0.15, 1.14, 0.00, 0.24, 0.99, 0.01, 0.09, 0.13, 0.73, 0.54, 0.34, 0.08, 0.00, 0.00, 0.15, 0.03, 0.00, 0.00, 1.00, 1.00, 0.00, 1.00, 0.00, 1.00, 0.00, 1.00, 1.00, 1.00, 0.00, 0.00, 0.00, 0.00, 0.00, 0.00
5547,  0,  184.867,  0.98,  1, 0.10, 0.03, 1.14, 0.00, 0.28, 1.00, 0.07, 0.09, 0.12, 0.75, 0.44, 0.44, 0.11, 0.00, 0.00, 0.13, 0.03, 0.00, 0.00, 1.00, 1.00, 0.00, 1.00, 0.00, 1.00, 0.00, 1.00, 1.00, 0.00, 0.00, 0.00, 0.00, 0.00, 0.00, 0.00
5548,  0,  184.900,  0.98,  1, 0.16, 0.00, 1.15, 0.00, 0.27, 1.21, 0.09, 0.07, 0.12, 0.83, 0.45, 0.53, 0.17, 0.00, 0.00, 0.11, 0.00, 0.00, 0.00, 1.00, 1.00, 0.00, 1.00, 0.00, 1.00, 0.00, 1.00, 1.00, 0.00, 0.00, 0.00, 0.00, 0.00, 0.00, 0.00
5549,  0,  184.933,  0.98,  1, 0.17, 0.00, 1.10, 0.00, 0.27, 1.23, 0.08, 0.01, 0.14, 0.93, 0.36, 0.49, 0.09, 0.00, 0.00, 0.07, 0.00, 0.00, 0.00, 1.00, 1.00, 0.00, 1.00, 0.00, 1.00, 0.00, 1.00, 1.00, 0.00, 0.00, 0.00, 0.00, 0.00, 0.00, 0.00
5550,  0,  184.967,  0.98,  1, 0.17, 0.00, 1.07, 0.00, 0.25, 1.08, 0.02, 0.00, 0.16, 1.02, 0.19, 0.42, 0.09, 0.00, 0.00, 0.18, 0.02, 0.00, 0.00, 1.00, 1.00, 0.00, 1.00, 0.00, 1.00, 0.00, 1.00, 1.00, 0.00, 0.00, 0.00, 0.00, 0.00, 0.00, 0.00
5551,  0,  185.000,  0.98,  1, 0.10, 0.06, 1.06, 0.00, 0.26, 0.94, 0.00, 0.00, 0.21, 1.08, 0.07, 0.36, 0.10, 0.00, 0.05, 0.33, 0.02, 0.00, 0.00, 1.00, 1.00, 0.00, 1.00, 0.00, 1.00, 0.00, 1.00, 1.00, 0.00, 0.00, 0.00, 0.00, 0.00, 0.00, 0.00
5552,  0,  185.033,  0.98,  1, 0.19, 0.10, 1.14, 0.00, 0.23, 0.97, 0.00, 0.00, 0.27, 1.14, 0.00, 0.35, 0.20, 0.00, 0.05, 0.45, 0.02, 0.00, 0.00, 1.00, 1.00, 0.00, 1.00, 0.00, 1.00, 0.00, 1.00, 1.00, 0.00, 0.00, 0.00, 0.00, 0.00, 0.00, 0.00
5553,  0,  185.067,  0.98,  1, 0.18, 0.10, 1.16, 0.00, 0.16, 1.03, 0.00, 0.00, 0.30, 1.20, 0.00, 0.39, 0.22, 0.00, 0.05, 0.31, 0.00, 0.00, 0.00, 1.00, 1.00, 0.00, 1.00, 0.00, 1.00, 0.00, 1.00, 1.00, 0.00, 0.00, 0.00, 0.00, 0.00, 0.00, 0.00
5554,  0,  185.100,  0.98,  1, 0.20, 0.07, 1.21, 0.00, 0.11, 1.14, 0.00, 0.00, 0.33, 1.18, 0.07, 0.53, 0.16, 0.00, 0.01, 0.33, 0.00, 0.00, 0.00, 1.00, 1.00, 0.00, 1.00, 0.00, 1.00, 0.00, 1.00, 1.00, 0.00, 0.00, 0.00, 0.00, 0.00, 0.00, 0.00
5555,  0,  185.133,  0.98,  1, 0.20, 0.09, 1.21, 0.00, 0.08, 1.20, 0.00, 0.01, 0.30, 1.18, 0.07, 0.68, 0.05, 0.00, 0.10, 0.37, 0.00, 0.00, 0.00, 1.00, 1.00, 0.00, 1.00, 0.00, 1.00, 0.00, 1.00, 1.00, 1.00, 0.00, 1.00, 0.00, 0.00, 0.00, 0.00
5556,  0,  185.167,  0.98,  1, 0.27, 0.09, 1.14, 0.00, 0.15, 1.12, 0.00, 0.03, 0.44, 1.14, 0.21, 0.93, 0.03, 0.00, 0.34, 0.45, 0.00, 0.00, 1.00, 1.00, 1.00, 0.00, 1.00, 0.00, 1.00, 0.00, 1.00, 0.00, 1.00, 0.00, 1.00, 0.00, 0.00, 0.00, 0.00
5557,  0,  185.200,  0.98,  1, 0.30, 0.06, 1.08, 0.00, 0.21, 1.12, 0.00, 0.13, 0.54, 1.23, 0.28, 1.10, 0.11, 0.00, 0.67, 0.45, 0.00, 0.00, 0.00, 1.00, 1.00, 0.00, 1.00, 0.00, 1.00, 1.00, 1.00, 0.00, 1.00, 0.00, 1.00, 0.00, 0.00, 0.00, 0.00
5558,  0,  185.233,  0.98,  1, 0.32, 0.00, 1.04, 0.00, 0.28, 1.07, 0.00, 0.19, 0.68, 1.29, 0.37, 1.18, 0.18, 0.00, 0.97, 0.47, 0.00, 0.00, 0.00, 1.00, 1.00, 0.00, 1.00, 0.00, 1.00, 1.00, 1.00, 0.00, 1.00, 0.00, 1.00, 0.00, 0.00, 0.00, 0.00
5559,  0,  185.267,  0.98,  1, 0.35, 0.00, 1.08, 0.00, 0.30, 1.21, 0.00, 0.24, 0.67, 1.46, 0.27, 1.13, 0.15, 0.00, 1.16, 0.52, 0.00, 0.00, 0.00, 1.00, 1.00, 0.00, 1.00, 0.00, 1.00, 1.00, 1.00, 0.00, 1.00, 0.00, 1.00, 0.00, 0.00, 0.00, 0.00
5560,  0,  185.300,  0.98,  1, 0.45, 0.00, 1.09, 0.00, 0.34, 1.22, 0.00, 0.25, 0.70, 1.54, 0.18, 1.01, 0.06, 0.00, 1.32, 0.57, 0.00, 0.00, 0.00, 1.00, 1.00, 0.00, 1.00, 0.00, 1.00, 1.00, 1.00, 0.00, 1.00, 0.00, 1.00, 0.00, 0.00, 0.00, 0.00
5561,  0,  185.333,  0.98,  1, 0.49, 0.00, 0.99, 0.00, 0.39, 1.29, 0.00, 0.24, 0.65, 1.63, 0.12, 0.95, 0.00, 0.00, 1.32, 0.63, 0.00, 0.00, 0.00, 1.00, 1.00, 0.00, 1.00, 0.00, 1.00, 1.00, 1.00, 0.00, 1.00, 0.00, 1.00, 0.00, 0.00, 0.00, 0.00
5562,  0,  185.367,  0.98,  1, 0.49, 0.02, 1.00, 0.00, 0.43, 1.29, 0.00, 0.28, 0.65, 1.53, 0.12, 0.90, 0.00, 0.00, 1.19, 0.57, 0.00, 0.00, 0.00, 1.00, 1.00, 0.00, 1.00, 0.00, 1.00, 1.00, 1.00, 0.00, 1.00, 0.00, 1.00, 0.00, 0.00, 0.00, 0.00
5563,  0,  185.400,  0.98,  1, 0.40, 0.02, 1.00, 0.00, 0.40, 1.17, 0.00, 0.28, 0.62, 1.52, 0.06, 0.85, 0.06, 0.00, 1.05, 0.58, 0.00, 0.00, 0.00, 1.00, 1.00, 0.00, 1.00, 0.00, 1.00, 1.00, 1.00, 0.00, 0.00, 0.00, 1.00, 1.00, 0.00, 0.00, 0.00
5564,  0,  185.433,  0.98,  1, 0.29, 0.02, 1.10, 0.00, 0.35, 1.07, 0.00, 0.37, 0.60, 1.43, 0.04, 0.81, 0.07, 0.00, 1.05, 0.53, 0.00, 0.00, 0.00, 1.00, 1.00, 0.00, 1.00, 0.00, 1.00, 1.00, 1.00, 0.00, 0.00, 0.00, 1.00, 1.00, 0.00, 0.00, 0.00
5565,  0,  185.467,  0.98,  1, 0.16, 0.00, 1.17, 0.00, 0.32, 1.16, 0.00, 0.39, 0.57, 1.42, 0.01, 0.73, 0.07, 0.00, 1.27, 0.58, 0.00, 0.00, 0.00, 1.00, 1.00, 0.00, 1.00, 0.00, 1.00, 1.00, 1.00, 0.00, 0.00, 0.00, 1.00, 1.00, 0.00, 0.00, 0.00
5566,  0,  185.500,  0.98,  1, 0.10, 0.00, 1.17, 0.00, 0.35, 1.24, 0.00, 0.39, 0.56, 1.34, 0.01, 0.67, 0.03, 0.00, 1.33, 0.59, 0.00, 0.00, 0.00, 1.00, 1.00, 0.00, 1.00, 0.00, 1.00, 1.00, 1.00, 0.00, 0.00, 0.00, 1.00, 1.00, 0.00, 0.00, 0.00
5567,  0,  185.533,  0.98,  1, 0.04, 0.00, 1.19, 0.00, 0.39, 1.42, 0.00, 0.35, 0.56, 1.34, 0.00, 0.64, 0.10, 0.00, 1.31, 0.58, 0.05, 0.00, 0.00, 1.00, 1.00, 0.00, 1.00, 0.00, 1.00, 1.00, 1.00, 0.00, 0.00, 0.00, 1.00, 1.00, 0.00, 0.00, 0.00
5568,  0,  185.567,  0.98,  1, 0.03, 0.00, 1.15, 0.00, 0.42, 1.38, 0.05, 0.42, 0.57, 1.34, 0.00, 0.51, 0.11, 0.00, 1.33, 0.65, 0.12, 0.00, 0.00, 1.00, 1.00, 0.00, 1.00, 0.00, 1.00, 1.00, 1.00, 0.00, 0.00, 0.00, 1.00, 1.00, 0.00, 0.00, 0.00
5569,  0,  185.600,  0.98,  1, 0.01, 0.00, 1.17, 0.00, 0.47, 1.41, 0.08, 0.44, 0.59, 1.38, 0.00, 0.45, 0.19, 0.00, 1.43, 0.71, 0.12, 0.00, 0.00, 1.00, 1.00, 0.00, 1.00, 0.00, 1.00, 1.00, 1.00, 0.00, 0.00, 0.00, 1.00, 1.00, 1.00, 0.00, 0.00
5570,  0,  185.633,  0.98,  1, 0.07, 0.00, 1.12, 0.00, 0.43, 1.26, 0.09, 0.41, 0.59, 1.39, 0.00, 0.37, 0.12, 0.00, 1.53, 0.81, 0.07, 0.00, 0.00, 1.00, 1.00, 0.00, 1.00, 0.00, 1.00, 1.00, 1.00, 0.00, 0.00, 0.00, 1.00, 1.00, 1.00, 0.00, 0.00
5571,  0,  185.667,  0.98,  1, 0.09, 0.00, 1.10, 0.00, 0.44, 1.41, 0.04, 0.29, 0.55, 1.42, 0.00, 0.39, 0.11, 0.00, 1.41, 0.96, 0.01, 0.00, 0.00, 1.00, 1.00, 0.00, 1.00, 0.00, 1.00, 1.00, 1.00, 0.00, 0.00, 0.00, 1.00, 1.00, 1.00, 0.00, 0.00
5572,  0,  185.700,  0.98,  1, 0.09, 0.00, 1.01, 0.00, 0.42, 1.53, 0.00, 0.22, 0.49, 1.41, 0.00, 0.32, 0.01, 0.00, 1.37, 1.08, 0.00, 0.00, 0.00, 1.00, 1.00, 0.00, 1.00, 0.00, 1.00, 1.00, 1.00, 0.00, 0.00, 0.00, 1.00, 1.00, 1.00, 0.00, 0.00
5573,  0,  185.733,  0.98,  1, 0.02, 0.00, 0.93, 0.00, 0.46, 1.65, 0.00, 0.23, 0.48, 1.40, 0.00, 0.28, 0.01, 0.00, 1.39, 1.23, 0.00, 0.00, 0.00, 1.00, 1.00, 0.00, 1.00, 0.00, 1.00, 0.00, 1.00, 0.00, 0.00, 0.00, 1.00, 1.00, 1.00, 0.00, 0.00
5574,  0,  185.767,  0.98,  1, 0.00, 0.00, 0.88, 0.00, 0.44, 1.55, 0.00, 0.17, 0.49, 1.44, 0.00, 0.26, 0.01, 0.00, 1.42, 1.23, 0.00, 0.00, 0.00, 1.00, 1.00, 0.00, 1.00, 0.00, 1.00, 0.00, 1.00, 0.00, 0.00, 0.00, 1.00, 1.00, 1.00, 0.00, 0.00
5575,  0,  185.800,  0.98,  1, 0.01, 0.00, 0.88, 0.00, 0.42, 1.44, 0.00, 0.14, 0.48, 1.55, 0.00, 0.25, 0.00, 0.00, 1.36, 1.22, 0.05, 0.00, 0.00, 1.00, 1.00, 0.00, 1.00, 0.00, 1.00, 0.00, 1.00, 0.00, 0.00, 0.00, 1.00, 1.00, 1.00, 0.00, 0.00
5576,  0,  185.833,  0.98,  1, 0.01, 0.00, 0.90, 0.00, 0.43, 1.37, 0.00, 0.07, 0.46, 1.64, 0.00, 0.22, 0.00, 0.00, 1.36, 1.15, 0.13, 0.00, 0.00, 1.00, 1.00, 0.00, 1.00, 0.00, 1.00, 0.00, 1.00, 0.00, 0.00, 0.00, 1.00, 1.00, 0.00, 0.00, 0.00
5577,  0,  185.867,  0.98,  1, 0.01, 0.00, 0.87, 0.00, 0.43, 1.25, 0.00, 0.08, 0.42, 1.68, 0.00, 0.22, 0.00, 0.00, 1.44, 1.14, 0.18, 0.00, 0.00, 1.00, 1.00, 0.00, 1.00, 0.00, 1.00, 0.00, 1.00, 0.00, 0.00, 0.00, 1.00, 1.00, 0.00, 0.00, 0.00
5578,  0,  185.900,  0.98,  1, 0.00, 0.00, 0.81, 0.00, 0.42, 0.97, 0.00, 0.07, 0.36, 1.52, 0.00, 0.39, 0.00, 0.00, 1.54, 1.20, 0.15, 0.00, 0.00, 1.00, 1.00, 0.00, 1.00, 0.00, 1.00, 0.00, 1.00, 0.00, 0.00, 0.00, 1.00, 1.00, 0.00, 0.00, 0.00
5579,  0,  185.933,  0.98,  1, 0.00, 0.00, 0.71, 0.00, 0.33, 0.72, 0.00, 0.05, 0.28, 1.54, 0.00, 0.58, 0.00, 0.00, 1.56, 1.10, 0.09, 0.00, 0.00, 0.00, 1.00, 0.00, 1.00, 0.00, 1.00, 0.00, 1.00, 0.00, 0.00, 0.00, 1.00, 1.00, 0.00, 0.00, 0.00
5580,  0,  185.967,  0.98,  1, 0.03, 0.00, 0.81, 0.00, 0.36, 0.90, 0.00, 0.06, 0.27, 1.49, 0.00, 0.78, 0.00, 0.00, 1.44, 1.05, 0.04, 0.00, 0.00, 0.00, 1.00, 0.00, 1.00, 0.00, 1.00, 0.00, 1.00, 0.00, 0.00, 0.00, 1.00, 1.00, 0.00, 0.00, 0.00
5581,  0,  186.000,  0.98,  1, 0.03, 0.00, 0.95, 0.00, 0.38, 1.16, 0.00, 0.12, 0.30, 1.56, 0.00, 0.76, 0.06, 0.00, 1.35, 0.99, 0.02, 0.00, 0.00, 0.00, 1.00, 0.00, 1.00, 0.00, 1.00, 0.00, 1.00, 0.00, 0.00, 0.00, 1.00, 1.00, 0.00, 0.00, 0.00
5582,  0,  186.033,  0.98,  1, 0.04, 0.00, 1.12, 0.00, 0.37, 1.39, 0.02, 0.22, 0.33, 1.43, 0.00, 0.63, 0.17, 0.00, 1.24, 0.94, 0.01, 0.00, 0.00, 0.00, 1.00, 0.00, 1.00, 0.00, 1.00, 0.00, 1.00, 0.00, 0.00, 0.00, 1.00, 1.00, 0.00, 0.00, 0.00
5583,  0,  186.067,  0.98,  1, 0.08, 0.00, 1.13, 0.00, 0.25, 1.18, 0.02, 0.21, 0.42, 1.22, 0.12, 0.41, 0.21, 0.00, 1.21, 0.91, 0.01, 0.00, 0.00, 0.00, 1.00, 0.00, 1.00, 0.00, 1.00, 0.00, 1.00, 0.00, 0.00, 0.00, 1.00, 1.00, 0.00, 0.00, 0.00
5584,  0,  186.100,  0.98,  1, 0.23, 0.05, 1.18, 0.00, 0.15, 1.06, 0.02, 0.19, 0.47, 1.00, 0.23, 0.23, 0.15, 0.00, 1.01, 0.89, 0.00, 0.00, 0.00, 1.00, 1.00, 0.00, 1.00, 0.00, 1.00, 0.00, 1.00, 0.00, 0.00, 0.00, 0.00, 1.00, 0.00, 0.00, 0.00
5585,  0,  186.133,  0.98,  1, 0.35, 0.05, 1.20, 0.00, 0.17, 0.78, 0.00, 0.14, 0.52, 0.87, 0.23, 0.19, 0.04, 0.00, 0.90, 0.90, 0.00, 0.00, 0.00, 1.00, 1.00, 0.00, 1.00, 0.00, 1.00, 0.00, 1.00, 0.00, 0.00, 0.00, 0.00, 0.00, 0.00, 0.00, 0.00
5586,  0,  186.167,  0.98,  1, 0.44, 0.05, 1.14, 0.00, 0.24, 0.66, 0.00, 0.13, 0.47, 1.01, 0.14, 0.39, 0.00, 0.00, 0.86, 0.80, 0.00, 0.00, 0.00, 1.00, 1.00, 0.00, 1.00, 0.00, 1.00, 0.00, 1.00, 0.00, 0.00, 0.00, 0.00, 0.00, 0.00, 0.00, 0.00
5587,  0,  186.200,  0.98,  1, 0.48, 0.00, 1.00, 0.00, 0.34, 0.58, 0.00, 0.14, 0.43, 1.18, 0.03, 0.56, 0.00, 0.00, 0.88, 0.49, 0.00, 0.00, 0.00, 1.00, 1.00, 0.00, 1.00, 0.00, 1.00, 0.00, 1.00, 0.00, 0.00, 0.00, 0.00, 0.00, 0.00, 0.00, 0.00
5588,  0,  186.233,  0.98,  1, 0.55, 0.02, 0.89, 0.00, 0.39, 0.81, 0.00, 0.09, 0.36, 1.42, 0.05, 0.67, 0.00, 0.00, 0.90, 0.40, 0.00, 0.00, 0.00, 1.00, 1.00, 0.00, 1.00, 0.00, 1.00, 0.00, 1.00, 0.00, 0.00, 0.00, 1.00, 0.00, 0.00, 0.00, 0.00
5589,  0,  186.267,  0.98,  1, 0.52, 0.02, 0.83, 0.00, 0.39, 0.88, 0.00, 0.08, 0.29, 1.57, 0.06, 0.71, 0.00, 0.00, 0.86, 0.36, 0.00, 0.00, 0.00, 1.00, 1.00, 0.00, 1.00, 0.00, 1.00, 0.00, 1.00, 0.00, 0.00, 0.00, 1.00, 0.00, 0.00, 0.00, 0.00
5590,  0,  186.300,  0.98,  1, 0.34, 0.02, 0.88, 0.00, 0.44, 1.04, 0.00, 0.14, 0.28, 1.78, 0.06, 0.84, 0.00, 0.00, 0.87, 0.57, 0.01, 0.00, 0.00, 1.00, 1.00, 0.00, 1.00, 0.00, 1.00, 0.00, 1.00, 0.00, 0.00, 0.00, 1.00, 0.00, 0.00, 0.00, 0.00
5591,  0,  186.333,  0.98,  1, 0.14, 0.00, 0.93, 0.00, 0.48, 1.10, 0.00, 0.19, 0.29, 1.94, 0.08, 0.99, 0.00, 0.00, 0.81, 0.60, 0.01, 0.00, 0.00, 1.00, 1.00, 0.00, 1.00, 0.00, 1.00, 0.00, 1.00, 0.00, 0.00, 0.00, 1.00, 0.00, 0.00, 0.00, 0.00
5592,  0,  186.367,  0.98,  1, 0.00, 0.00, 1.04, 0.00, 0.47, 1.26, 0.00, 0.16, 0.27, 1.89, 0.03, 0.84, 0.02, 0.00, 0.77, 0.60, 0.01, 0.00, 0.00, 1.00, 1.00, 0.00, 1.00, 0.00, 1.00, 0.00, 1.00, 0.00, 0.00, 1.00, 1.00, 0.00, 0.00, 0.00, 0.00
5593,  0,  186.400,  0.98,  1, 0.00, 0.00, 1.07, 0.00, 0.35, 1.24, 0.00, 0.06, 0.20, 1.78, 0.04, 0.66, 0.05, 0.00, 0.76, 0.55, 0.00, 0.00, 0.00, 1.00, 1.00, 0.00, 1.00, 0.00, 1.00, 0.00, 1.00, 0.00, 0.00, 1.00, 1.00, 0.00, 0.00, 0.00, 0.00
5594,  0,  186.433,  0.98,  1, 0.00, 0.00, 1.23, 0.00, 0.34, 1.29, 0.01, 0.00, 0.15, 1.64, 0.01, 0.43, 0.16, 0.00, 0.72, 0.60, 0.00, 0.00, 0.00, 1.00, 1.00, 0.00, 1.00, 0.00, 1.00, 0.00, 1.00, 0.00, 0.00, 0.00, 1.00, 0.00, 0.00, 0.00, 0.00
5595,  0,  186.467,  0.98,  1, 0.00, 0.00, 1.29, 0.00, 0.41, 1.31, 0.06, 0.00, 0.18, 1.77, 0.01, 0.44, 0.22, 0.00, 0.67, 0.63, 0.00, 0.00, 0.00, 1.00, 1.00, 0.00, 1.00, 0.00, 1.00, 0.00, 1.00, 0.00, 0.00, 0.00, 1.00, 0.00, 0.00, 0.00, 0.00
5596,  0,  186.500,  0.98,  1, 0.01, 0.00, 1.37, 0.00, 0.50, 1.37, 0.11, 0.00, 0.17, 1.86, 0.00, 0.42, 0.28, 0.00, 0.61, 0.61, 0.00, 0.00, 0.00, 1.00, 1.00, 0.00, 1.00, 0.00, 1.00, 0.00, 1.00, 0.00, 0.00, 0.00, 1.00, 0.00, 0.00, 0.00, 0.00
5597,  0,  186.533,  0.98,  1, 0.01, 0.00, 1.34, 0.00, 0.49, 1.34, 0.10, 0.00, 0.15, 1.87, 0.00, 0.35, 0.27, 0.00, 0.60, 0.50, 0.00, 0.00, 0.00, 1.00, 1.00, 0.00, 1.00, 0.00, 1.00, 0.00, 1.00, 0.00, 0.00, 0.00, 1.00, 0.00, 0.00, 0.00, 0.00
5598,  0,  186.567,  0.98,  1, 0.01, 0.00, 1.33, 0.00, 0.46, 1.40, 0.07, 0.00, 0.18, 1.86, 0.00, 0.24, 0.29, 0.00, 0.70, 0.47, 0.00, 0.00, 0.00, 1.00, 1.00, 0.00, 1.00, 0.00, 1.00, 0.00, 1.00, 0.00, 0.00, 0.00, 1.00, 0.00, 0.00, 0.00, 0.00
5599,  0,  186.600,  0.98,  1, 0.00, 0.00, 1.28, 0.00, 0.41, 1.46, 0.04, 0.02, 0.24, 1.88, 0.00, 0.14, 0.26, 0.00, 0.94, 0.52, 0.00, 0.00, 0.00, 1.00, 1.00, 0.00, 1.00, 0.00, 1.00, 0.00, 1.00, 0.00, 0.00, 0.00, 1.00, 0.00, 0.00, 0.00, 0.00
5600,  0,  186.633,  0.98,  1, 0.00, 0.00, 1.28, 0.00, 0.40, 1.51, 0.04, 0.09, 0.33, 1.91, 0.00, 0.15, 0.16, 0.00, 1.27, 0.65, 0.00, 0.00, 0.00, 1.00, 1.00, 0.00, 1.00, 0.00, 1.00, 0.00, 1.00, 0.00, 0.00, 0.00, 1.00, 1.00, 0.00, 0.00, 0.00
5601,  0,  186.667,  0.98,  1, 0.00, 0.00, 1.30, 0.00, 0.36, 1.52, 0.01, 0.09, 0.41, 1.77, 0.00, 0.18, 0.07, 0.00, 1.55, 0.79, 0.00, 0.00, 0.00, 1.00, 1.00, 0.00, 1.00, 0.00, 1.00, 0.00, 1.00, 0.00, 0.00, 0.00, 1.00, 1.00, 0.00, 0.00, 0.00
5602,  0,  186.700,  0.98,  1, 0.00, 0.00, 1.20, 0.00, 0.40, 1.43, 0.00, 0.17, 0.53, 1.69, 0.00, 0.25, 0.00, 0.00, 1.77, 1.02, 0.00, 0.00, 0.00, 1.00, 1.00, 0.00, 1.00, 0.00, 1.00, 0.00, 1.00, 0.00, 0.00, 0.00, 1.00, 1.00, 1.00, 0.00, 0.00
5603,  0,  186.733,  0.98,  1, 0.00, 0.00, 1.16, 0.00, 0.49, 1.26, 0.01, 0.26, 0.61, 1.78, 0.00, 0.23, 0.00, 0.00, 1.88, 1.17, 0.00, 0.00, 0.00, 1.00, 1.00, 0.00, 1.00, 0.00, 1.00, 0.00, 1.00, 0.00, 0.00, 0.00, 1.00, 1.00, 1.00, 0.00, 0.00
5604,  0,  186.767,  0.98,  1, 0.00, 0.00, 1.08, 0.00, 0.66, 1.20, 0.01, 0.44, 0.70, 1.90, 0.00, 0.36, 0.00, 0.00, 1.89, 1.27, 0.00, 0.00, 0.00, 1.00, 1.00, 0.00, 1.00, 0.00, 1.00, 0.00, 1.00, 0.00, 0.00, 0.00, 1.00, 1.00, 1.00, 0.00, 0.00
5605,  0,  186.800,  0.98,  1, 0.00, 0.00, 1.13, 0.00, 0.74, 1.23, 0.01, 0.51, 0.70, 2.07, 0.00, 0.46, 0.00, 0.00, 1.76, 1.25, 0.00, 0.00, 1.00, 1.00, 1.00, 0.00, 1.00, 0.00, 1.00, 0.00, 1.00, 0.00, 0.00, 0.00, 1.00, 1.00, 1.00, 0.00, 0.00
5606,  0,  186.833,  0.98,  1, 0.00, 0.00, 1.08, 0.00, 0.73, 1.43, 0.00, 0.53, 0.70, 2.07, 0.00, 0.62, 0.00, 0.00, 1.52, 1.25, 0.00, 0.00, 1.00, 1.00, 1.00, 0.00, 1.00, 0.00, 1.00, 0.00, 1.00, 0.00, 0.00, 0.00, 1.00, 1.00, 1.00, 0.00, 0.00
5607,  0,  186.867,  0.98,  1, 0.00, 0.00, 1.06, 0.00, 0.65, 1.49, 0.00, 0.49, 0.60, 2.21, 0.00, 0.67, 0.00, 0.00, 1.17, 1.19, 0.03, 0.00, 1.00, 1.00, 1.00, 0.00, 1.00, 0.00, 1.00, 0.00, 1.00, 0.00, 0.00, 0.00, 1.00, 1.00, 1.00, 0.00, 0.00
5608,  0,  186.900,  0.98,  1, 0.02, 0.07, 1.10, 0.00, 0.63, 1.53, 0.00, 0.43, 0.49, 2.23, 0.00, 0.67, 0.05, 0.01, 0.75, 1.06, 0.07, 0.00, 0.00, 1.00, 1.00, 0.00, 1.00, 0.00, 1.00, 0.00, 1.00, 0.00, 0.00, 0.00, 1.00, 0.00, 0.00, 0.00, 0.00
5609,  0,  186.933,  0.98,  1, 0.02, 0.07, 1.15, 0.00, 0.58, 1.47, 0.00, 0.34, 0.33, 2.19, 0.00, 0.71, 0.14, 0.03, 0.41, 0.97, 0.07, 0.00, 0.00, 1.00, 1.00, 0.00, 1.00, 0.00, 1.00, 0.00, 1.00, 0.00, 0.00, 0.00, 1.00, 0.00, 0.00, 0.00, 0.00
5610,  0,  186.967,  0.98,  1, 0.03, 0.07, 1.19, 0.00, 0.54, 1.38, 0.00, 0.33, 0.27, 2.13, 0.00, 0.70, 0.14, 0.03, 0.22, 0.85, 0.04, 0.00, 0.00, 1.00, 1.00, 0.00, 1.00, 0.00, 1.00, 0.00, 1.00, 0.00, 0.00, 0.00, 1.00, 0.00, 0.00, 0.00, 0.00
5611,  0,  187.000,  0.98,  1, 0.03, 0.00, 1.16, 0.00, 0.49, 1.36, 0.00, 0.24, 0.26, 2.06, 0.00, 0.74, 0.13, 0.02, 0.22, 0.79, 0.00, 0.00, 0.00, 1.00, 1.00, 0.00, 1.00, 0.00, 1.00, 0.00, 1.00, 0.00, 0.00, 0.00, 1.00, 0.00, 0.00, 0.00, 0.00
5612,  0,  187.033,  0.98,  1, 0.03, 0.00, 1.13, 0.00, 0.50, 1.45, 0.00, 0.17, 0.32, 2.10, 0.00, 0.70, 0.04, 0.00, 0.37, 0.70, 0.00, 0.00, 0.00, 1.00, 1.00, 0.00, 1.00, 0.00, 1.00, 0.00, 1.00, 0.00, 0.00, 0.00, 1.00, 0.00, 0.00, 0.00, 0.00
5613,  0,  187.067,  0.98,  1, 0.02, 0.00, 1.13, 0.00, 0.54, 1.69, 0.00, 0.15, 0.36, 2.02, 0.00, 0.62, 0.04, 0.00, 0.76, 0.78, 0.00, 0.00, 0.00, 1.00, 1.00, 0.00, 1.00, 0.00, 1.00, 0.00, 1.00, 0.00, 0.00, 0.00, 1.00, 0.00, 0.00, 0.00, 0.00
5614,  0,  187.100,  0.98,  1, 0.13, 0.00, 1.26, 0.00, 0.57, 1.84, 0.00, 0.30, 0.45, 1.82, 0.00, 0.51, 0.00, 0.00, 1.19, 0.85, 0.12, 0.00, 0.00, 1.00, 1.00, 0.00, 1.00, 0.00, 1.00, 0.00, 1.00, 0.00, 0.00, 0.00, 1.00, 0.00, 0.00, 0.00, 0.00
5615,  0,  187.133,  0.98,  1, 0.26, 0.00, 1.36, 0.00, 0.54, 1.65, 0.00, 0.41, 0.44, 1.60, 0.00, 0.46, 0.19, 0.00, 1.35, 0.78, 0.77, 0.00, 0.00, 1.00, 1.00, 0.00, 1.00, 0.00, 1.00, 0.00, 1.00, 0.00, 0.00, 0.00, 1.00, 0.00, 0.00, 0.00, 0.00
5616,  0,  187.167,  0.98,  1, 0.29, 0.00, 1.33, 0.00, 0.47, 1.14, 0.03, 0.30, 0.36, 1.38, 0.11, 0.58, 0.36, 0.00, 0.90, 0.57, 1.59, 0.00, 0.00, 1.00, 1.00, 0.00, 1.00, 0.00, 1.00, 0.00, 1.00, 0.00, 0.00, 0.00, 1.00, 0.00, 0.00, 0.00, 1.00
5617,  0,  187.200,  0.98,  1, 0.17, 0.00, 1.31, 0.00, 0.42, 0.86, 0.04, 0.12, 0.19, 1.29, 0.33, 0.74, 0.49, 0.00, 0.45, 0.35, 2.39, 0.00, 0.00, 1.00, 1.00, 0.00, 1.00, 0.00, 1.00, 0.00, 1.00, 1.00, 0.00, 0.00, 1.00, 0.00, 0.00, 0.00, 1.00
5618,  0,  187.233,  0.98,  1, 0.05, 0.00, 1.39, 0.00, 0.47, 1.02, 0.08, 0.00, 0.11, 1.14, 0.45, 0.84, 0.43, 0.00, 0.20, 0.33, 2.34, 0.00, 0.00, 1.00, 0.00, 0.00, 1.00, 0.00, 1.00, 0.00, 1.00, 1.00, 0.00, 0.00, 1.00, 0.00, 0.00, 0.00, 1.00
5619,  0,  187.267,  0.98,  1, 0.00, 0.00, 1.65, 0.00, 0.61, 1.51, 0.09, 0.16, 0.20, 1.20, 0.34, 0.80, 0.40, 0.00, 0.56, 0.50, 1.96, 0.00, 0.00, 1.00, 0.00, 0.00, 1.00, 0.00, 1.00, 0.00, 1.00, 1.00, 0.00, 0.00, 1.00, 0.00, 0.00, 0.00, 1.00
5620,  0,  187.300,  0.98,  1, 0.00, 0.00, 1.73, 0.00, 0.73, 1.86, 0.08, 0.33, 0.34, 1.24, 0.12, 0.66, 0.34, 0.00, 1.03, 0.68, 1.35, 0.00, 0.00, 1.00, 0.00, 1.00, 1.00, 0.00, 1.00, 0.00, 1.00, 1.00, 0.00, 0.00, 1.00, 1.00, 0.00, 0.00, 1.00
5621,  0,  187.333,  0.98,  1, 0.00, 0.00, 1.65, 0.00, 0.83, 1.98, 0.04, 0.57, 0.48, 1.39, 0.00, 0.63, 0.27, 0.00, 1.43, 0.90, 0.96, 0.00, 0.00, 1.00, 0.00, 1.00, 1.00, 0.00, 1.00, 0.00, 1.00, 0.00, 0.00, 0.00, 1.00, 1.00, 0.00, 0.00, 1.00
5622,  0,  187.367,  0.98,  1, 0.00, 0.00, 1.56, 0.00, 0.85, 2.08, 0.05, 0.63, 0.52, 1.46, 0.00, 0.55, 0.25, 0.00, 1.58, 0.92, 0.68, 0.00, 0.00, 1.00, 0.00, 1.00, 1.00, 0.00, 1.00, 0.00, 1.00, 0.00, 0.00, 0.00, 1.00, 1.00, 0.00, 0.00, 1.00
5623,  0,  187.400,  0.98,  1, 0.00, 0.00, 1.49, 0.00, 0.85, 2.03, 0.11, 0.66, 0.54, 1.57, 0.00, 0.58, 0.37, 0.00, 1.50, 0.91, 0.50, 0.00, 0.00, 1.00, 1.00, 1.00, 1.00, 0.00, 1.00, 0.00, 1.00, 0.00, 0.00, 0.00, 1.00, 1.00, 0.00, 0.00, 1.00
5624,  0,  187.433,  0.98,  1, 0.00, 0.00, 1.41, 0.00, 0.82, 1.90, 0.20, 0.59, 0.54, 1.61, 0.00, 0.48, 0.31, 0.00, 1.35, 0.84, 0.40, 0.00, 0.00, 1.00, 1.00, 1.00, 1.00, 0.00, 1.00, 0.00, 1.00, 0.00, 0.00, 0.00, 1.00, 1.00, 0.00, 0.00, 0.00
5625,  0,  187.467,  0.98,  1, 0.00, 0.00, 1.24, 0.00, 0.76, 1.87, 0.20, 0.48, 0.47, 1.65, 0.04, 0.45, 0.23, 0.05, 1.03, 0.68, 0.36, 0.00, 0.00, 1.00, 1.00, 1.00, 1.00, 0.00, 1.00, 0.00, 1.00, 0.00, 0.00, 0.00, 1.00, 1.00, 0.00, 0.00, 0.00
5626,  0,  187.500,  0.98,  1, 0.00, 0.00, 1.14, 0.00, 0.70, 1.77, 0.26, 0.45, 0.41, 1.68, 0.14, 0.47, 0.05, 0.07, 0.76, 0.54, 0.24, 0.00, 0.00, 1.00, 1.00, 1.00, 1.00, 0.00, 1.00, 0.00, 1.00, 0.00, 0.00, 0.00, 1.00, 1.00, 0.00, 0.00, 0.00
5627,  0,  187.533,  0.98,  1, 0.00, 0.00, 1.16, 0.00, 0.64, 1.72, 0.24, 0.46, 0.36, 1.72, 0.21, 0.57, 0.03, 0.07, 0.64, 0.29, 0.17, 0.00, 0.00, 1.00, 1.00, 0.00, 1.00, 0.00, 1.00, 0.00, 1.00, 0.00, 0.00, 0.00, 1.00, 1.00, 0.00, 0.00, 0.00
5628,  0,  187.567,  0.98,  1, 0.00, 0.00, 1.15, 0.00, 0.59, 1.49, 0.19, 0.52, 0.39, 1.70, 0.17, 0.57, 0.06, 0.02, 0.94, 0.28, 0.20, 0.00, 0.00, 1.00, 1.00, 0.00, 1.00, 0.00, 1.00, 0.00, 1.00, 0.00, 0.00, 0.00, 1.00, 1.00, 0.00, 0.00, 0.00
5629,  0,  187.600,  0.98,  1, 0.00, 0.00, 1.11, 0.00, 0.61, 1.49, 0.14, 0.54, 0.38, 1.77, 0.07, 0.48, 0.06, 0.00, 1.31, 0.34, 0.38, 0.00, 0.00, 1.00, 1.00, 0.00, 1.00, 0.00, 1.00, 0.00, 1.00, 0.00, 0.00, 0.00, 1.00, 1.00, 0.00, 0.00, 0.00
5630,  0,  187.633,  0.98,  1, 0.00, 0.00, 1.07, 0.00, 0.66, 1.59, 0.14, 0.48, 0.34, 1.82, 0.00, 0.45, 0.06, 0.00, 1.52, 0.49, 0.50, 0.00, 0.00, 1.00, 1.00, 0.00, 1.00, 0.00, 1.00, 0.00, 1.00, 0.00, 0.00, 0.00, 1.00, 1.00, 0.00, 0.00, 0.00
5631,  0,  187.667,  0.98,  1, 0.00, 0.00, 1.10, 0.00, 0.68, 1.81, 0.19, 0.47, 0.25, 1.80, 0.00, 0.48, 0.00, 0.00, 1.38, 0.60, 0.49, 0.00, 0.00, 0.00, 1.00, 0.00, 1.00, 0.00, 1.00, 0.00, 1.00, 0.00, 0.00, 0.00, 1.00, 1.00, 0.00, 0.00, 0.00
5632,  0,  187.700,  0.98,  1, 0.00, 0.00, 1.12, 0.00, 0.59, 1.94, 0.19, 0.41, 0.19, 1.65, 0.00, 0.56, 0.00, 0.00, 1.14, 0.60, 0.41, 0.00, 0.00, 0.00, 1.00, 0.00, 1.00, 0.00, 1.00, 0.00, 1.00, 0.00, 0.00, 0.00, 1.00, 1.00, 0.00, 0.00, 0.00
5633,  0,  187.733,  0.98,  1, 0.02, 0.00, 1.10, 0.00, 0.49, 1.91, 0.13, 0.46, 0.16, 1.61, 0.00, 0.51, 0.00, 0.00, 0.98, 0.50, 0.33, 0.00, 0.00, 1.00, 1.00, 0.00, 1.00, 0.00, 1.00, 0.00, 1.00, 0.00, 0.00, 0.00, 1.00, 1.00, 0.00, 0.00, 0.00
5634,  0,  187.767,  0.98,  1, 0.03, 0.00, 1.06, 0.00, 0.48, 1.93, 0.08, 0.43, 0.18, 1.58, 0.00, 0.49, 0.00, 0.00, 1.06, 0.34, 0.21, 0.00, 0.00, 1.00, 1.00, 0.00, 1.00, 0.00, 1.00, 0.00, 1.00, 0.00, 0.00, 0.00, 1.00, 1.00, 0.00, 0.00, 0.00
5635,  0,  187.800,  0.98,  1, 0.03, 0.00, 0.94, 0.00, 0.52, 1.83, 0.02, 0.51, 0.22, 1.71, 0.00, 0.46, 0.00, 0.00, 1.10, 0.23, 0.16, 0.00, 0.00, 1.00, 1.00, 0.00, 1.00, 0.00, 1.00, 0.00, 1.00, 0.00, 0.00, 0.00, 1.00, 1.00, 0.00, 0.00, 0.00
5636,  0,  187.833,  0.98,  1, 0.02, 0.00, 0.91, 0.00, 0.60, 1.89, 0.00, 0.58, 0.31, 1.77, 0.00, 0.57, 0.00, 0.00, 1.15, 0.27, 0.08, 0.00, 0.00, 1.00, 1.00, 0.00, 1.00, 0.00, 1.00, 0.00, 1.00, 0.00, 0.00, 0.00, 1.00, 1.00, 0.00, 0.00, 0.00
5637,  0,  187.867,  0.98,  1, 0.01, 0.00, 0.99, 0.00, 0.66, 1.87, 0.00, 0.64, 0.45, 1.97, 0.00, 0.57, 0.00, 0.00, 1.17, 0.39, 0.13, 0.00, 0.00, 1.00, 1.00, 0.00, 1.00, 0.00, 1.00, 0.00, 1.00, 0.00, 0.00, 0.00, 1.00, 1.00, 0.00, 0.00, 0.00
5638,  0,  187.900,  0.98,  1, 0.01, 0.00, 1.15, 0.00, 0.75, 1.97, 0.00, 0.63, 0.59, 2.06, 0.00, 0.61, 0.00, 0.00, 1.27, 0.55, 0.12, 0.00, 0.00, 1.00, 1.00, 0.00, 1.00, 0.00, 1.00, 0.00, 1.00, 0.00, 0.00, 0.00, 1.00, 1.00, 0.00, 0.00, 0.00
5639,  0,  187.933,  0.98,  1, 0.00, 0.00, 1.31, 0.00, 0.84, 2.14, 0.04, 0.65, 0.72, 2.06, 0.00, 0.57, 0.00, 0.00, 1.40, 0.76, 0.12, 0.00, 0.00, 1.00, 1.00, 1.00, 1.00, 0.00, 1.00, 1.00, 1.00, 0.00, 0.00, 0.00, 1.00, 1.00, 0.00, 0.00, 0.00
5640,  0,  187.967,  0.98,  1, 0.00, 0.00, 1.28, 0.00, 0.98, 2.19, 0.06, 0.65, 0.82, 1.90, 0.00, 0.41, 0.00, 0.00, 1.60, 0.90, 0.05, 0.00, 0.00, 1.00, 1.00, 1.00, 1.00, 0.00, 1.00, 1.00, 1.00, 0.00, 0.00, 0.00, 1.00, 1.00, 1.00, 0.00, 0.00
5641,  0,  188.000,  0.98,  1, 0.00, 0.00, 1.27, 0.00, 1.08, 2.09, 0.08, 0.63, 0.91, 1.75, 0.00, 0.22, 0.00, 0.00, 1.91, 0.97, 0.00, 0.00, 0.00, 1.00, 1.00, 1.00, 1.00, 0.00, 1.00, 1.00, 1.00, 0.00, 0.00, 0.00, 1.00, 1.00, 1.00, 0.00, 0.00
5642,  0,  188.033,  0.98,  1, 0.00, 0.00, 1.17, 0.00, 1.10, 1.85, 0.05, 0.57, 0.98, 1.64, 0.00, 0.04, 0.00, 0.00, 2.15, 0.95, 0.07, 0.00, 0.00, 1.00, 1.00, 1.00, 1.00, 0.00, 1.00, 1.00, 1.00, 0.00, 0.00, 0.00, 1.00, 1.00, 1.00, 0.00, 0.00
5643,  0,  188.067,  0.98,  1, 0.00, 0.00, 1.17, 0.00, 1.06, 1.77, 0.03, 0.61, 1.02, 1.65, 0.00, 0.05, 0.00, 0.00, 2.24, 1.02, 0.14, 0.00, 0.00, 1.00, 1.00, 1.00, 1.00, 0.00, 1.00, 1.00, 1.00, 0.00, 0.00, 0.00, 1.00, 1.00, 1.00, 0.00, 0.00
5644,  0,  188.100,  0.98,  1, 0.00, 0.00, 1.12, 0.00, 1.05, 1.96, 0.06, 0.61, 1.03, 1.62, 0.00, 0.11, 0.00, 0.00, 2.17, 1.12, 0.20, 0.00, 0.00, 1.00, 1.00, 1.00, 1.00, 0.00, 1.00, 1.00, 1.00, 0.00, 0.00, 0.00, 1.00, 1.00, 1.00, 0.00, 0.00
5645,  0,  188.133,  0.98,  1, 0.00, 0.00, 1.08, 0.00, 1.01, 2.06, 0.10, 0.61, 1.00, 1.60, 0.00, 0.17, 0.00, 0.00, 1.97, 1.08, 0.28, 0.00, 0.00, 1.00, 1.00, 1.00, 1.00, 0.00, 1.00, 1.00, 1.00, 0.00, 0.00, 0.00, 1.00, 1.00, 1.00, 0.00, 0.00
5646,  0,  188.167,  0.98,  1, 0.00, 0.00, 1.04, 0.00, 0.96, 2.04, 0.13, 0.56, 0.93, 1.62, 0.00, 0.25, 0.00, 0.00, 1.74, 0.87, 0.37, 0.00, 0.00, 1.00, 1.00, 1.00, 1.00, 0.00, 1.00, 1.00, 1.00, 0.00, 0.00, 0.00, 1.00, 1.00, 1.00, 0.00, 0.00
5647,  0,  188.200,  0.98,  1, 0.00, 0.00, 1.03, 0.00, 0.88, 1.93, 0.11, 0.57, 0.83, 1.59, 0.00, 0.31, 0.00, 0.00, 1.43, 0.58, 0.45, 0.00, 0.00, 1.00, 1.00, 1.00, 1.00, 0.00, 1.00, 1.00, 1.00, 0.00, 0.00, 0.00, 1.00, 1.00, 0.00, 0.00, 0.00
5648,  0,  188.233,  0.98,  1, 0.00, 0.00, 1.03, 0.00, 0.83, 1.87, 0.11, 0.49, 0.72, 1.56, 0.00, 0.37, 0.04, 0.08, 1.15, 0.41, 0.50, 0.00, 0.00, 1.00, 1.00, 1.00, 1.00, 0.00, 1.00, 1.00, 1.00, 0.00, 0.00, 0.00, 1.00, 1.00, 0.00, 0.00, 0.00
5649,  0,  188.267,  0.98,  1, 0.00, 0.00, 1.01, 0.00, 0.79, 1.82, 0.14, 0.45, 0.65, 1.54, 0.00, 0.47, 0.08, 0.16, 0.81, 0.31, 0.41, 0.00, 0.00, 1.00, 1.00, 0.00, 1.00, 0.00, 1.00, 1.00, 1.00, 0.00, 0.00, 0.00, 1.00, 0.00, 0.00, 0.00, 0.00
5650,  0,  188.300,  0.98,  1, 0.00, 0.00, 1.02, 0.00, 0.70, 1.82, 0.14, 0.28, 0.49, 1.62, 0.00, 0.56, 0.13, 0.29, 0.46, 0.20, 0.25, 0.00, 0.00, 1.00, 1.00, 0.00, 1.00, 0.00, 1.00, 1.00, 1.00, 0.00, 0.00, 0.00, 1.00, 0.00, 0.00, 0.00, 0.00
5651,  0,  188.333,  0.98,  1, 0.00, 0.00, 1.12, 0.00, 0.66, 1.91, 0.10, 0.15, 0.40, 1.67, 0.00, 0.66, 0.22, 0.35, 0.20, 0.12, 0.07, 0.00, 0.00, 1.00, 1.00, 0.00, 1.00, 0.00, 1.00, 0.00, 1.00, 0.00, 0.00, 0.00, 1.00, 0.00, 0.00, 0.00, 0.00
5652,  0,  188.367,  0.98,  1, 0.00, 0.00, 1.18, 0.00, 0.63, 2.00, 0.08, 0.00, 0.25, 1.59, 0.00, 0.68, 0.18, 0.38, 0.06, 0.07, 0.00, 0.00, 0.00, 1.00, 1.00, 0.00, 1.00, 0.00, 1.00, 0.00, 1.00, 0.00, 0.00, 0.00, 1.00, 0.00, 0.00, 0.00, 0.00
5653,  0,  188.400,  0.98,  1, 0.00, 0.00, 1.19, 0.00, 0.67, 2.08, 0.12, 0.04, 0.20, 1.46, 0.00, 0.66, 0.15, 0.34, 0.00, 0.07, 0.00, 0.00, 0.00, 1.00, 1.00, 0.00, 1.00, 0.00, 1.00, 0.00, 1.00, 0.00, 0.00, 0.00, 1.00, 0.00, 0.00, 0.00, 0.00
5654,  0,  188.433,  0.98,  1, 0.00, 0.00, 1.14, 0.00, 0.66, 2.11, 0.12, 0.06, 0.19, 1.42, 0.00, 0.56, 0.02, 0.33, 0.00, 0.05, 0.00, 0.00, 0.00, 1.00, 1.00, 0.00, 1.00, 0.00, 1.00, 0.00, 1.00, 0.00, 0.00, 0.00, 1.00, 0.00, 0.00, 0.00, 0.00
5655,  0,  188.467,  0.98,  1, 0.00, 0.00, 1.21, 0.00, 0.65, 2.09, 0.12, 0.06, 0.25, 1.42, 0.00, 0.53, 0.02, 0.33, 0.00, 0.00, 0.00, 0.00, 0.00, 1.00, 1.00, 0.00, 1.00, 0.00, 1.00, 0.00, 1.00, 0.00, 0.00, 0.00, 1.00, 0.00, 0.00, 0.00, 0.00
5656,  0,  188.500,  0.98,  1, 0.00, 0.00, 1.22, 0.00, 0.62, 1.94, 0.05, 0.03, 0.30, 1.41, 0.00, 0.51, 0.00, 0.34, 0.00, 0.00, 0.00, 0.00, 0.00, 1.00, 1.00, 0.00, 1.00, 0.00, 1.00, 0.00, 1.00, 0.00, 0.00, 0.00, 1.00, 0.00, 0.00, 0.00, 0.00
5657,  0,  188.533,  0.98,  1, 0.00, 0.00, 1.22, 0.00, 0.63, 1.79, 0.04, 0.00, 0.32, 1.32, 0.00, 0.51, 0.00, 0.32, 0.00, 0.00, 0.00, 0.00, 0.00, 1.00, 1.00, 0.00, 1.00, 0.00, 1.00, 0.00, 1.00, 0.00, 0.00, 0.00, 1.00, 0.00, 0.00, 0.00, 0.00
5658,  0,  188.567,  0.98,  1, 0.00, 0.00, 1.18, 0.00, 0.64, 1.67, 0.00, 0.00, 0.33, 1.29, 0.00, 0.51, 0.00, 0.33, 0.00, 0.00, 0.00, 0.00, 0.00, 1.00, 1.00, 0.00, 1.00, 0.00, 1.00, 0.00, 1.00, 0.00, 0.00, 0.00, 1.00, 0.00, 0.00, 0.00, 0.00
5659,  0,  188.600,  0.98,  1, 0.00, 0.00, 1.24, 0.00, 0.65, 1.73, 0.00, 0.00, 0.34, 1.30, 0.00, 0.51, 0.00, 0.35, 0.00, 0.00, 0.00, 0.00, 0.00, 1.00, 1.00, 0.00, 1.00, 0.00, 1.00, 0.00, 1.00, 0.00, 0.00, 0.00, 1.00, 0.00, 0.00, 0.00, 0.00
5660,  0,  188.633,  0.98,  1, 0.03, 0.00, 1.30, 0.00, 0.64, 1.81, 0.00, 0.00, 0.34, 1.36, 0.00, 0.52, 0.00, 0.36, 0.00, 0.00, 0.00, 0.00, 0.00, 1.00, 1.00, 0.00, 1.00, 0.00, 1.00, 0.00, 1.00, 0.00, 0.00, 0.00, 1.00, 0.00, 0.00, 0.00, 0.00
5661,  0,  188.667,  0.98,  1, 0.03, 0.00, 1.39, 0.00, 0.64, 1.99, 0.05, 0.01, 0.33, 1.33, 0.00, 0.53, 0.00, 0.36, 0.00, 0.00, 0.00, 0.00, 0.00, 1.00, 1.00, 0.00, 1.00, 0.00, 1.00, 0.00, 1.00, 0.00, 0.00, 0.00, 1.00, 0.00, 0.00, 0.00, 0.00
5662,  0,  188.700,  0.98,  1, 0.03, 0.00, 1.40, 0.00, 0.73, 1.92, 0.05, 0.14, 0.36, 1.30, 0.00, 0.64, 0.00, 0.35, 0.00, 0.00, 0.00, 0.00, 0.00, 1.00, 1.00, 0.00, 1.00, 0.00, 1.00, 0.00, 1.00, 0.00, 0.00, 0.00, 1.00, 0.00, 0.00, 0.00, 0.00
5663,  0,  188.733,  0.98,  1, 0.00, 0.00, 1.43, 0.00, 0.85, 1.87, 0.05, 0.25, 0.39, 1.39, 0.00, 0.74, 0.04, 0.27, 0.08, 0.01, 0.00, 0.00, 0.00, 1.00, 1.00, 1.00, 1.00, 0.00, 1.00, 0.00, 1.00, 0.00, 0.00, 0.00, 1.00, 0.00, 0.00, 0.00, 0.00
5664,  0,  188.767,  0.98,  1, 0.00, 0.00, 1.41, 0.00, 0.89, 1.90, 0.01, 0.34, 0.48, 1.40, 0.00, 0.87, 0.04, 0.22, 0.31, 0.30, 0.00, 0.00, 0.00, 1.00, 1.00, 1.00, 1.00, 0.00, 1.00, 0.00, 1.00, 0.00, 0.00, 0.00, 1.00, 0.00, 0.00, 0.00, 0.00
5665,  0,  188.800,  0.98,  1, 0.00, 0.00, 1.36, 0.00, 0.84, 2.11, 0.01, 0.34, 0.53, 1.41, 0.00, 0.77, 0.06, 0.13, 0.75, 0.73, 0.00, 0.00, 0.00, 1.00, 1.00, 1.00, 1.00, 0.00, 1.00, 0.00, 1.00, 0.00, 0.00, 0.00, 1.00, 0.00, 0.00, 0.00, 0.00
5666,  0,  188.833,  0.98,  1, 0.00, 0.00, 1.27, 0.00, 0.74, 2.22, 0.01, 0.36, 0.61, 1.30, 0.00, 0.65, 0.02, 0.08, 1.16, 1.11, 0.00, 0.00, 0.00, 1.00, 1.00, 1.00, 1.00, 0.00, 1.00, 0.00, 1.00, 0.00, 1.00, 0.00, 1.00, 0.00, 1.00, 0.00, 0.00
5667,  0,  188.867,  0.98,  1, 0.00, 0.00, 1.19, 0.00, 0.69, 2.19, 0.00, 0.38, 0.62, 1.35, 0.00, 0.56, 0.02, 0.02, 1.33, 1.17, 0.00, 0.00, 0.00, 1.00, 1.00, 0.00, 1.00, 0.00, 1.00, 0.00, 1.00, 0.00, 1.00, 0.00, 1.00, 0.00, 1.00, 0.00, 0.00
5668,  0,  188.900,  0.98,  1, 0.00, 0.00, 1.17, 0.00, 0.60, 2.03, 0.00, 0.41, 0.64, 1.33, 0.00, 0.61, 0.00, 0.01, 1.29, 1.05, 0.00, 0.00, 0.00, 1.00, 1.00, 0.00, 1.00, 0.00, 1.00, 0.00, 1.00, 0.00, 1.00, 0.00, 1.00, 0.00, 1.00, 0.00, 0.00
5669,  0,  188.933,  0.98,  1, 0.00, 0.00, 1.16, 0.00, 0.58, 1.91, 0.00, 0.34, 0.61, 1.28, 0.00, 0.73, 0.00, 0.04, 1.17, 0.91, 0.00, 0.00, 0.00, 1.00, 1.00, 0.00, 1.00, 0.00, 1.00, 0.00, 1.00, 0.00, 1.00, 0.00, 1.00, 0.00, 1.00, 0.00, 0.00
5670,  0,  188.967,  0.98,  1, 0.00, 0.00, 1.13, 0.00, 0.56, 1.86, 0.00, 0.23, 0.53, 1.15, 0.00, 0.75, 0.00, 0.11, 1.03, 0.71, 0.00, 0.00, 0.00, 1.00, 1.00, 0.00, 1.00, 0.00, 1.00, 0.00, 1.00, 0.00, 1.00, 0.00, 1.00, 0.00, 1.00, 0.00, 0.00
5671,  0,  189.000,  0.98,  1, 0.00, 0.00, 1.10, 0.00, 0.58, 1.80, 0.00, 0.12, 0.41, 1.17, 0.00, 0.77, 0.00, 0.19, 0.77, 0.47, 0.00, 0.00, 0.00, 1.00, 1.00, 0.00, 1.00, 0.00, 1.00, 0.00, 1.00, 0.00, 1.00, 0.00, 1.00, 0.00, 0.00, 0.00, 0.00
5672,  0,  189.033,  0.98,  1, 0.00, 0.00, 1.10, 0.00, 0.58, 1.85, 0.00, 0.14, 0.39, 1.24, 0.00, 0.78, 0.00, 0.27, 0.41, 0.26, 0.00, 0.00, 0.00, 1.00, 1.00, 0.00, 1.00, 0.00, 1.00, 0.00, 1.00, 0.00, 1.00, 0.00, 1.00, 0.00, 0.00, 0.00, 0.00
5673,  0,  189.067,  0.98,  1, 0.00, 0.00, 1.17, 0.00, 0.59, 1.98, 0.00, 0.16, 0.42, 1.42, 0.00, 0.85, 0.00, 0.30, 0.19, 0.14, 0.00, 0.00, 0.00, 1.00, 1.00, 0.00, 1.00, 0.00, 1.00, 0.00, 1.00, 0.00, 1.00, 0.00, 1.00, 0.00, 0.00, 0.00, 0.00
5674,  0,  189.100,  0.98,  1, 0.00, 0.00, 1.20, 0.00, 0.66, 2.04, 0.00, 0.16, 0.43, 1.53, 0.00, 0.85, 0.00, 0.32, 0.14, 0.17, 0.01, 0.00, 0.00, 1.00, 1.00, 0.00, 1.00, 0.00, 1.00, 0.00, 1.00, 0.00, 1.00, 0.00, 1.00, 0.00, 0.00, 0.00, 0.00
5675,  0,  189.133,  0.98,  1, 0.00, 0.00, 1.18, 0.00, 0.68, 2.00, 0.02, 0.16, 0.36, 1.53, 0.00, 0.80, 0.00, 0.28, 0.14, 0.15, 0.01, 0.00, 0.00, 1.00, 1.00, 0.00, 1.00, 0.00, 1.00, 0.00, 1.00, 0.00, 1.00, 0.00, 1.00, 0.00, 0.00, 0.00, 0.00
5676,  0,  189.167,  0.98,  1, 0.00, 0.00, 1.09, 0.04, 0.68, 1.78, 0.04, 0.13, 0.30, 1.45, 0.00, 0.66, 0.07, 0.20, 0.10, 0.22, 0.06, 0.00, 0.00, 1.00, 1.00, 0.00, 1.00, 0.00, 1.00, 0.00, 1.00, 0.00, 1.00, 0.00, 1.00, 0.00, 0.00, 0.00, 0.00
5677,  0,  189.200,  0.98,  1, 0.00, 0.00, 1.07, 0.07, 0.65, 1.77, 0.08, 0.18, 0.28, 1.49, 0.00, 0.64, 0.16, 0.14, 0.03, 0.27, 0.12, 0.00, 0.00, 1.00, 1.00, 0.00, 1.00, 0.00, 1.00, 0.00, 1.00, 0.00, 1.00, 0.00, 1.00, 0.00, 0.00, 0.00, 0.00
5678,  0,  189.233,  0.98,  1, 0.00, 0.00, 1.10, 0.07, 0.63, 1.74, 0.12, 0.26, 0.23, 1.49, 0.00, 0.64, 0.18, 0.12, 0.07, 0.34, 0.17, 0.00, 0.00, 1.00, 1.00, 0.00, 1.00, 0.00, 1.00, 0.00, 1.00, 0.00, 0.00, 0.00, 1.00, 0.00, 0.00, 0.00, 0.00
5679,  0,  189.267,  0.98,  1, 0.00, 0.00, 1.16, 0.03, 0.62, 1.76, 0.14, 0.43, 0.24, 1.57, 0.00, 0.68, 0.17, 0.15, 0.07, 0.23, 0.17, 0.00, 0.00, 1.00, 1.00, 0.00, 1.00, 0.00, 1.00, 0.00, 1.00, 0.00, 0.00, 0.00, 1.00, 0.00, 0.00, 0.00, 0.00
5680,  0,  189.300,  0.98,  1, 0.00, 0.00, 1.22, 0.00, 0.61, 1.69, 0.14, 0.45, 0.21, 1.56, 0.00, 0.67, 0.14, 0.17, 0.03, 0.11, 0.11, 0.00, 0.00, 1.00, 1.00, 0.00, 1.00, 0.00, 1.00, 0.00, 1.00, 0.00, 0.00, 0.00, 1.00, 0.00, 0.00, 0.00, 0.00
5681,  0,  189.333,  0.98,  1, 0.00, 0.00, 1.27, 0.00, 0.63, 1.63, 0.12, 0.37, 0.21, 1.64, 0.00, 0.63, 0.20, 0.19, 0.00, 0.05, 0.10, 0.00, 0.00, 1.00, 1.00, 0.00, 1.00, 0.00, 1.00, 0.00, 1.00, 0.00, 0.00, 0.00, 1.00, 0.00, 0.00, 0.00, 0.00
5682,  0,  189.367,  0.98,  1, 0.00, 0.00, 1.26, 0.00, 0.64, 1.58, 0.15, 0.27, 0.16, 1.58, 0.00, 0.59, 0.25, 0.20, 0.00, 0.05, 0.06, 0.00, 0.00, 1.00, 1.00, 0.00, 1.00, 0.00, 1.00, 0.00, 1.00, 0.00, 0.00, 0.00, 1.00, 0.00, 0.00, 0.00, 0.00
5683,  0,  189.400,  0.98,  1, 0.00, 0.00, 1.27, 0.00, 0.62, 1.51, 0.19, 0.27, 0.16, 1.54, 0.00, 0.57, 0.25, 0.22, 0.00, 0.02, 0.11, 0.00, 0.00, 1.00, 1.00, 0.00, 1.00, 0.00, 1.00, 0.00, 1.00, 0.00, 0.00, 0.00, 1.00, 0.00, 0.00, 0.00, 0.00
5684,  0,  189.433,  0.98,  1, 0.00, 0.00, 1.18, 0.00, 0.64, 1.67, 0.23, 0.37, 0.22, 1.56, 0.00, 0.63, 0.19, 0.24, 0.00, 0.04, 0.06, 0.00, 0.00, 1.00, 1.00, 0.00, 1.00, 0.00, 1.00, 0.00, 1.00, 0.00, 0.00, 0.00, 1.00, 0.00, 0.00, 0.00, 0.00
5685,  0,  189.467,  0.98,  1, 0.00, 0.00, 1.11, 0.00, 0.64, 1.75, 0.27, 0.45, 0.28, 1.63, 0.00, 0.71, 0.17, 0.25, 0.00, 0.13, 0.06, 0.00, 0.00, 1.00, 1.00, 0.00, 1.00, 0.00, 1.00, 0.00, 1.00, 0.00, 1.00, 0.00, 1.00, 0.00, 0.00, 0.00, 0.00
5686,  0,  189.500,  0.98,  1, 0.00, 0.00, 1.02, 0.00, 0.66, 1.87, 0.23, 0.52, 0.30, 1.60, 0.00, 0.76, 0.12, 0.25, 0.00, 0.13, 0.07, 0.00, 0.00, 1.00, 1.00, 0.00, 1.00, 0.00, 1.00, 0.00, 1.00, 0.00, 1.00, 0.00, 1.00, 0.00, 0.00, 0.00, 0.00
5687,  0,  189.533,  0.98,  1, 0.00, 0.00, 1.03, 0.00, 0.62, 1.83, 0.23, 0.60, 0.32, 1.46, 0.00, 0.76, 0.09, 0.22, 0.00, 0.10, 0.18, 0.00, 0.00, 1.00, 1.00, 0.00, 1.00, 0.00, 1.00, 0.00, 1.00, 0.00, 1.00, 0.00, 1.00, 0.00, 0.00, 0.00, 0.00
5688,  0,  189.567,  0.98,  1, 0.00, 0.00, 1.09, 0.00, 0.58, 1.87, 0.15, 0.56, 0.35, 1.31, 0.00, 0.70, 0.01, 0.16, 0.00, 0.06, 0.21, 0.00, 0.00, 1.00, 1.00, 0.00, 1.00, 0.00, 1.00, 0.00, 1.00, 0.00, 1.00, 0.00, 1.00, 0.00, 0.00, 0.00, 0.00
5689,  0,  189.600,  0.98,  1, 0.00, 0.00, 1.17, 0.00, 0.54, 2.05, 0.13, 0.53, 0.38, 1.22, 0.00, 0.59, 0.02, 0.10, 0.00, 0.06, 0.14, 0.00, 0.00, 1.00, 1.00, 0.00, 1.00, 0.00, 1.00, 0.00, 1.00, 0.00, 0.00, 0.00, 1.00, 0.00, 0.00, 0.00, 0.00
5690,  0,  189.633,  0.98,  1, 0.00, 0.00, 1.21, 0.00, 0.54, 2.07, 0.07, 0.46, 0.38, 1.23, 0.00, 0.47, 0.02, 0.05, 0.00, 0.07, 0.03, 0.00, 0.00, 1.00, 1.00, 0.00, 1.00, 0.00, 1.00, 0.00, 1.00, 0.00, 0.00, 0.00, 1.00, 0.00, 0.00, 0.00, 0.00
5691,  0,  189.667,  0.98,  1, 0.00, 0.00, 1.19, 0.00, 0.53, 1.97, 0.06, 0.50, 0.35, 1.29, 0.00, 0.40, 0.07, 0.03, 0.00, 0.01, 0.03, 0.00, 0.00, 1.00, 1.00, 0.00, 1.00, 0.00, 1.00, 0.00, 1.00, 0.00, 0.00, 0.00, 1.00, 0.00, 0.00, 0.00, 0.00
5692,  0,  189.700,  0.98,  1, 0.00, 0.00, 1.16, 0.00, 0.48, 1.86, 0.03, 0.51, 0.32, 1.38, 0.00, 0.39, 0.07, 0.06, 0.00, 0.01, 0.03, 0.00, 0.00, 1.00, 1.00, 0.00, 1.00, 0.00, 1.00, 0.00, 1.00, 0.00, 0.00, 0.00, 1.00, 0.00, 0.00, 0.00, 0.00
5693,  0,  189.733,  0.98,  1, 0.00, 0.00, 1.11, 0.00, 0.41, 1.73, 0.01, 0.52, 0.29, 1.39, 0.00, 0.36, 0.08, 0.09, 0.02, 0.00, 0.05, 0.00, 0.00, 1.00, 1.00, 0.00, 1.00, 0.00, 1.00, 0.00, 1.00, 0.00, 0.00, 0.00, 1.00, 0.00, 0.00, 0.00, 0.00
5694,  0,  189.767,  0.98,  1, 0.00, 0.00, 1.11, 0.00, 0.40, 1.70, 0.00, 0.56, 0.29, 1.43, 0.00, 0.27, 0.07, 0.10, 0.04, 0.00, 0.09, 0.00, 0.00, 1.00, 1.00, 0.00, 1.00, 0.00, 1.00, 0.00, 1.00, 0.00, 0.00, 0.00, 1.00, 0.00, 0.00, 0.00, 0.00
5695,  0,  189.800,  0.98,  1, 0.00, 0.00, 1.10, 0.00, 0.44, 1.59, 0.00, 0.53, 0.30, 1.50, 0.00, 0.20, 0.12, 0.10, 0.04, 0.00, 0.12, 0.00, 0.00, 1.00, 1.00, 0.00, 1.00, 0.00, 1.00, 0.00, 1.00, 0.00, 0.00, 0.00, 1.00, 0.00, 0.00, 0.00, 0.00
5696,  0,  189.833,  0.98,  1, 0.00, 0.00, 1.07, 0.00, 0.46, 1.63, 0.00, 0.51, 0.34, 1.52, 0.00, 0.14, 0.12, 0.10, 0.02, 0.02, 0.12, 0.00, 0.00, 1.00, 1.00, 0.00, 1.00, 0.00, 1.00, 0.00, 1.00, 0.00, 0.00, 0.00, 1.00, 0.00, 0.00, 0.00, 0.00
5697,  0,  189.867,  0.98,  1, 0.00, 0.00, 1.09, 0.00, 0.48, 1.72, 0.01, 0.55, 0.38, 1.54, 0.00, 0.17, 0.19, 0.11, 0.00, 0.02, 0.10, 0.00, 0.00, 1.00, 1.00, 0.00, 1.00, 0.00, 1.00, 0.00, 1.00, 0.00, 0.00, 0.00, 1.00, 0.00, 0.00, 0.00, 0.00
5698,  0,  189.900,  0.98,  1, 0.00, 0.00, 1.15, 0.00, 0.59, 1.82, 0.02, 0.59, 0.48, 1.41, 0.00, 0.26, 0.11, 0.13, 0.09, 0.05, 0.07, 0.00, 0.00, 1.00, 1.00, 0.00, 1.00, 0.00, 1.00, 0.00, 1.00, 0.00, 0.00, 0.00, 1.00, 0.00, 0.00, 0.00, 0.00
5699,  0,  189.933,  0.98,  1, 0.00, 0.00, 1.27, 0.01, 0.74, 1.91, 0.02, 0.68, 0.64, 1.41, 0.00, 0.31, 0.11, 0.09, 0.31, 0.16, 0.05, 0.00, 0.00, 1.00, 1.00, 1.00, 1.00, 0.00, 1.00, 0.00, 1.00, 0.00, 0.00, 0.00, 1.00, 0.00, 0.00, 0.00, 0.00
5700,  0,  189.967,  0.98,  1, 0.00, 0.00, 1.27, 0.01, 0.89, 1.98, 0.02, 0.63, 0.82, 1.46, 0.00, 0.36, 0.00, 0.07, 0.67, 0.34, 0.00, 0.00, 0.00, 1.00, 1.00, 1.00, 1.00, 0.00, 1.00, 0.00, 1.00, 0.00, 0.00, 0.00, 1.00, 1.00, 0.00, 0.00, 0.00
5701,  0,  190.000,  0.98,  1, 0.00, 0.00, 1.25, 0.01, 0.97, 2.04, 0.02, 0.60, 0.95, 1.65, 0.00, 0.26, 0.00, 0.03, 0.95, 0.55, 0.00, 0.00, 0.00, 1.00, 1.00, 1.00, 1.00, 0.00, 1.00, 1.00, 1.00, 0.00, 0.00, 0.00, 1.00, 1.00, 0.00, 0.00, 0.00
5702,  0,  190.033,  0.98,  1, 0.00, 0.00, 1.18, 0.00, 1.02, 2.03, 0.03, 0.53, 1.00, 1.81, 0.00, 0.22, 0.00, 0.03, 1.00, 0.62, 0.00, 0.00, 0.00, 1.00, 1.00, 1.00, 1.00, 0.00, 1.00, 1.00, 1.00, 0.00, 0.00, 0.00, 1.00, 1.00, 0.00, 0.00, 0.00
5703,  0,  190.067,  0.98,  1, 0.00, 0.00, 1.18, 0.00, 1.05, 1.86, 0.02, 0.57, 1.04, 1.91, 0.00, 0.22, 0.06, 0.06, 0.92, 0.63, 0.00, 0.00, 0.00, 1.00, 1.00, 1.00, 1.00, 0.00, 1.00, 1.00, 1.00, 0.00, 0.00, 0.00, 1.00, 1.00, 0.00, 0.00, 0.00
5704,  0,  190.100,  0.98,  1, 0.00, 0.00, 1.25, 0.00, 1.04, 1.84, 0.03, 0.62, 1.07, 1.89, 0.00, 0.27, 0.13, 0.07, 0.83, 0.48, 0.30, 0.00, 0.00, 1.00, 1.00, 1.00, 1.00, 0.00, 1.00, 1.00, 1.00, 0.00, 0.00, 0.00, 1.00, 1.00, 0.00, 0.00, 0.00
5705,  0,  190.133,  0.98,  1, 0.00, 0.00, 1.41, 0.00, 1.09, 1.76, 0.05, 0.66, 1.14, 1.89, 0.00, 0.34, 0.17, 0.07, 0.87, 0.34, 1.01, 0.00, 0.00, 1.00, 1.00, 1.00, 1.00, 0.00, 1.00, 1.00, 1.00, 0.00, 0.00, 0.00, 1.00, 1.00, 0.00, 0.00, 1.00
5706,  0,  190.167,  0.98,  1, 0.00, 0.00, 1.52, 0.00, 1.12, 1.68, 0.05, 0.69, 1.16, 1.88, 0.00, 0.27, 0.17, 0.03, 0.86, 0.23, 2.00, 0.00, 0.00, 1.00, 1.00, 1.00, 1.00, 0.00, 1.00, 1.00, 1.00, 0.00, 0.00, 0.00, 1.00, 1.00, 0.00, 0.00, 1.00
5707,  0,  190.200,  0.98,  1, 0.00, 0.00, 1.53, 0.00, 1.15, 1.44, 0.07, 0.73, 1.18, 1.88, 0.00, 0.19, 0.15, 0.00, 0.82, 0.16, 2.57, 0.00, 0.00, 1.00, 1.00, 1.00, 1.00, 0.00, 1.00, 1.00, 1.00, 0.00, 0.00, 0.00, 1.00, 1.00, 0.00, 0.00, 1.00
5708,  0,  190.233,  0.98,  1, 0.00, 0.00, 1.46, 0.00, 1.13, 1.45, 0.13, 0.72, 1.18, 1.89, 0.00, 0.07, 0.12, 0.00, 0.88, 0.11, 2.76, 0.00, 0.00, 1.00, 0.00, 1.00, 1.00, 0.00, 1.00, 1.00, 1.00, 0.00, 0.00, 0.00, 1.00, 1.00, 0.00, 0.00, 1.00
5709,  0,  190.267,  0.98,  1, 0.00, 0.00, 1.50, 0.00, 1.19, 1.51, 0.25, 0.74, 1.20, 1.92, 0.00, 0.04, 0.08, 0.00, 1.02, 0.09, 2.72, 0.00, 0.00, 1.00, 0.00, 1.00, 1.00, 0.00, 1.00, 1.00, 1.00, 0.00, 0.00, 0.00, 1.00, 1.00, 0.00, 0.00, 1.00
5710,  0,  190.300,  0.98,  1, 0.00, 0.00, 1.40, 0.00, 1.34, 1.66, 0.23, 0.78, 1.28, 1.99, 0.00, 0.13, 0.05, 0.00, 1.20, 0.08, 2.68, 0.00, 0.00, 1.00, 0.00, 1.00, 1.00, 0.00, 1.00, 1.00, 1.00, 0.00, 0.00, 0.00, 1.00, 1.00, 0.00, 0.00, 1.00
5711,  0,  190.333,  0.98,  1, 0.00, 0.00, 1.33, 0.00, 1.46, 1.58, 0.14, 0.87, 1.33, 2.01, 0.00, 0.22, 0.06, 0.00, 1.27, 0.06, 2.58, 0.00, 0.00, 1.00, 0.00, 1.00, 1.00, 0.00, 1.00, 1.00, 1.00, 0.00, 0.00, 0.00, 1.00, 1.00, 0.00, 0.00, 1.00
5712,  0,  190.367,  0.98,  1, 0.00, 0.00, 1.24, 0.00, 1.50, 1.73, 0.03, 0.89, 1.41, 1.91, 0.00, 0.35, 0.09, 0.00, 1.40, 0.07, 2.34, 0.00, 0.00, 1.00, 0.00, 1.00, 1.00, 0.00, 1.00, 1.00, 1.00, 0.00, 0.00, 0.00, 1.00, 1.00, 0.00, 0.00, 1.00
5713,  0,  190.400,  0.98,  1, 0.00, 0.00, 1.32, 0.00, 1.45, 1.84, 0.00, 0.91, 1.46, 1.90, 0.00, 0.30, 0.07, 0.00, 1.48, 0.16, 2.03, 0.00, 0.00, 1.00, 0.00, 1.00, 1.00, 0.00, 1.00, 1.00, 1.00, 0.00, 0.00, 0.00, 1.00, 1.00, 0.00, 0.00, 1.00
5714,  0,  190.433,  0.98,  1, 0.00, 0.00, 1.43, 0.00, 1.41, 2.15, 0.01, 0.89, 1.49, 1.82, 0.00, 0.27, 0.07, 0.00, 1.60, 0.36, 1.69, 0.00, 0.00, 1.00, 0.00, 1.00, 1.00, 0.00, 1.00, 1.00, 1.00, 0.00, 0.00, 0.00, 1.00, 1.00, 0.00, 0.00, 1.00
5715,  0,  190.467,  0.98,  1, 0.00, 0.00, 1.50, 0.00, 1.43, 2.24, 0.02, 0.95, 1.48, 1.85, 0.00, 0.19, 0.03, 0.00, 1.62, 0.49, 1.50, 0.00, 0.00, 1.00, 1.00, 1.00, 1.00, 0.00, 1.00, 1.00, 1.00, 0.00, 0.00, 0.00, 1.00, 1.00, 0.00, 0.00, 1.00
5716,  0,  190.500,  0.98,  1, 0.00, 0.00, 1.55, 0.00, 1.38, 2.21, 0.02, 0.99, 1.42, 1.78, 0.00, 0.13, 0.02, 0.00, 1.59, 0.51, 1.40, 0.00, 0.00, 1.00, 1.00, 1.00, 1.00, 0.00, 1.00, 1.00, 1.00, 0.00, 0.00, 0.00, 1.00, 1.00, 0.00, 0.00, 1.00
5717,  0,  190.533,  0.98,  1, 0.00, 0.00, 1.57, 0.00, 1.33, 2.06, 0.01, 0.98, 1.41, 1.73, 0.00, 0.14, 0.00, 0.00, 1.51, 0.37, 1.36, 0.00, 0.00, 1.00, 1.00, 1.00, 1.00, 0.00, 1.00, 1.00, 1.00, 0.00, 0.00, 0.00, 1.00, 1.00, 0.00, 0.00, 1.00
5718,  0,  190.567,  0.98,  1, 0.00, 0.00, 1.58, 0.00, 1.28, 1.99, 0.04, 0.96, 1.40, 1.81, 0.00, 0.25, 0.05, 0.00, 1.45, 0.25, 1.26, 0.00, 0.00, 1.00, 1.00, 1.00, 1.00, 0.00, 1.00, 1.00, 1.00, 0.00, 0.00, 0.00, 1.00, 1.00, 0.00, 0.00, 1.00
5719,  0,  190.600,  0.98,  1, 0.00, 0.00, 1.53, 0.00, 1.27, 2.13, 0.12, 0.88, 1.31, 1.88, 0.00, 0.33, 0.10, 0.00, 1.33, 0.14, 1.26, 0.00, 0.00, 1.00, 1.00, 1.00, 1.00, 0.00, 1.00, 1.00, 1.00, 0.00, 0.00, 0.00, 1.00, 1.00, 0.00, 0.00, 1.00
5720,  0,  190.633,  0.98,  1, 0.00, 0.00, 1.52, 0.00, 1.21, 2.14, 0.12, 0.86, 1.20, 1.95, 0.00, 0.35, 0.16, 0.00, 1.20, 0.08, 1.27, 0.00, 0.00, 1.00, 1.00, 1.00, 1.00, 0.00, 1.00, 1.00, 1.00, 0.00, 0.00, 0.00, 1.00, 1.00, 0.00, 0.00, 1.00
5721,  0,  190.667,  0.98,  1, 0.00, 0.00, 1.46, 0.00, 1.12, 2.05, 0.08, 0.80, 1.11, 1.90, 0.00, 0.39, 0.15, 0.00, 1.03, 0.00, 1.15, 0.00, 0.00, 1.00, 1.00, 1.00, 1.00, 0.00, 1.00, 1.00, 1.00, 0.00, 0.00, 0.00, 1.00, 1.00, 0.00, 0.00, 1.00
5722,  0,  190.700,  0.98,  1, 0.00, 0.00, 1.42, 0.00, 1.06, 1.89, 0.05, 0.65, 1.00, 1.74, 0.02, 0.47, 0.15, 0.00, 0.94, 0.00, 1.00, 0.00, 0.00, 1.00, 1.00, 1.00, 1.00, 0.00, 1.00, 1.00, 1.00, 0.00, 0.00, 0.00, 1.00, 1.00, 0.00, 0.00, 1.00
5723,  0,  190.733,  0.98,  1, 0.00, 0.00, 1.35, 0.00, 1.02, 1.79, 0.05, 0.48, 0.90, 1.67, 0.02, 0.57, 0.10, 0.00, 0.82, 0.00, 1.03, 0.00, 0.00, 1.00, 1.00, 1.00, 1.00, 0.00, 1.00, 1.00, 1.00, 0.00, 0.00, 0.00, 1.00, 1.00, 0.00, 0.00, 1.00
5724,  0,  190.767,  0.98,  1, 0.00, 0.00, 1.32, 0.00, 0.96, 1.67, 0.08, 0.22, 0.69, 1.47, 0.02, 0.70, 0.05, 0.00, 0.68, 0.00, 1.23, 0.00, 0.00, 1.00, 1.00, 1.00, 1.00, 0.00, 1.00, 1.00, 1.00, 0.00, 0.00, 0.00, 1.00, 1.00, 0.00, 0.00, 1.00
5725,  0,  190.800,  0.98,  1, 0.00, 0.00, 1.38, 0.00, 0.86, 1.43, 0.03, 0.11, 0.54, 1.31, 0.00, 0.84, 0.00, 0.00, 0.50, 0.00, 1.49, 0.00, 0.00, 1.00, 1.00, 1.00, 1.00, 0.00, 1.00, 0.00, 1.00, 0.00, 0.00, 0.00, 1.00, 1.00, 0.00, 0.00, 1.00
5726,  0,  190.833,  0.98,  1, 0.01, 0.00, 1.33, 0.00, 0.78, 1.22, 0.03, 0.07, 0.42, 1.06, 0.00, 0.91, 0.00, 0.00, 0.45, 0.07, 1.42, 0.00, 0.00, 1.00, 1.00, 1.00, 1.00, 0.00, 1.00, 0.00, 1.00, 0.00, 0.00, 0.00, 1.00, 1.00, 0.00, 0.00, 1.00
5727,  0,  190.867,  0.98,  1, 0.01, 0.00, 1.32, 0.00, 0.75, 1.15, 0.00, 0.12, 0.45, 1.00, 0.00, 0.77, 0.00, 0.00, 0.61, 0.19, 1.30, 0.00, 0.00, 1.00, 1.00, 1.00, 1.00, 0.00, 1.00, 0.00, 1.00, 0.00, 0.00, 0.00, 1.00, 1.00, 0.00, 0.00, 1.00
5728,  0,  190.900,  0.98,  1, 0.01, 0.00, 1.26, 0.00, 0.82, 1.22, 0.00, 0.28, 0.61, 1.06, 0.00, 0.59, 0.00, 0.00, 1.12, 0.51, 1.14, 0.00, 0.00, 1.00, 1.00, 1.00, 1.00, 0.00, 1.00, 0.00, 1.00, 0.00, 0.00, 0.00, 1.00, 1.00, 0.00, 0.00, 1.00
5729,  0,  190.933,  0.98,  1, 0.00, 0.00, 1.31, 0.00, 0.96, 1.51, 0.00, 0.48, 0.79, 1.27, 0.00, 0.46, 0.00, 0.00, 1.48, 0.69, 1.13, 0.00, 0.00, 1.00, 1.00, 1.00, 1.00, 0.00, 1.00, 0.00, 1.00, 0.00, 0.00, 0.00, 1.00, 1.00, 0.00, 0.00, 1.00
5730,  0,  190.967,  0.98,  1, 0.02, 0.00, 1.30, 0.00, 1.07, 1.77, 0.00, 0.64, 0.93, 1.48, 0.00, 0.43, 0.00, 0.00, 1.61, 0.70, 1.18, 0.00, 0.00, 1.00, 1.00, 1.00, 1.00, 0.00, 1.00, 0.00, 1.00, 0.00, 0.00, 0.00, 1.00, 1.00, 0.00, 0.00, 1.00
5731,  0,  191.000,  0.98,  1, 0.02, 0.00, 1.27, 0.00, 1.10, 1.85, 0.00, 0.65, 0.94, 1.61, 0.00, 0.47, 0.00, 0.00, 1.22, 0.45, 1.17, 0.00, 0.00, 1.00, 1.00, 1.00, 1.00, 0.00, 1.00, 0.00, 1.00, 0.00, 0.00, 0.00, 1.00, 1.00, 0.00, 0.00, 1.00
5732,  0,  191.033,  0.98,  1, 0.02, 0.00, 1.24, 0.00, 1.07, 1.71, 0.01, 0.57, 0.85, 1.51, 0.00, 0.62, 0.00, 0.00, 0.66, 0.21, 1.12, 0.00, 0.00, 1.00, 1.00, 1.00, 1.00, 0.00, 1.00, 0.00, 1.00, 0.00, 0.00, 0.00, 1.00, 0.00, 0.00, 0.00, 1.00
5733,  0,  191.067,  0.98,  1, 0.00, 0.00, 1.27, 0.00, 0.99, 1.57, 0.04, 0.54, 0.75, 1.50, 0.00, 0.68, 0.00, 0.00, 0.20, 0.09, 1.01, 0.00, 0.00, 1.00, 1.00, 1.00, 1.00, 0.00, 1.00, 1.00, 1.00, 0.00, 1.00, 0.00, 1.00, 0.00, 0.00, 0.00, 1.00
5734,  0,  191.100,  0.98,  1, 0.00, 0.00, 1.38, 0.00, 0.96, 1.59, 0.06, 0.61, 0.67, 1.39, 0.00, 0.67, 0.00, 0.00, 0.00, 0.02, 1.20, 0.00, 0.00, 1.00, 1.00, 1.00, 1.00, 0.00, 1.00, 1.00, 1.00, 0.00, 1.00, 0.00, 1.00, 0.00, 0.00, 0.00, 1.00
5735,  0,  191.133,  0.98,  1, 0.00, 0.00, 1.46, 0.00, 0.93, 1.59, 0.04, 0.63, 0.69, 1.48, 0.00, 0.63, 0.14, 0.00, 0.00, 0.00, 1.38, 0.00, 0.00, 1.00, 1.00, 1.00, 1.00, 0.00, 1.00, 1.00, 1.00, 0.00, 1.00, 0.00, 1.00, 0.00, 0.00, 0.00, 1.00
5736,  0,  191.167,  0.98,  1, 0.00, 0.00, 1.51, 0.00, 0.91, 1.58, 0.01, 0.67, 0.65, 1.47, 0.08, 0.63, 0.14, 0.00, 0.00, 0.00, 1.55, 0.00, 0.00, 1.00, 1.00, 1.00, 1.00, 0.00, 1.00, 1.00, 1.00, 0.00, 1.00, 0.00, 1.00, 0.00, 0.00, 0.00, 1.00
5737,  0,  191.200,  0.98,  1, 0.00, 0.00, 1.52, 0.00, 0.88, 1.51, 0.00, 0.66, 0.62, 1.62, 0.17, 0.66, 0.17, 0.00, 0.00, 0.00, 1.55, 0.00, 0.00, 1.00, 1.00, 1.00, 1.00, 0.00, 1.00, 1.00, 1.00, 0.00, 1.00, 0.00, 1.00, 0.00, 0.00, 0.00, 1.00
5738,  0,  191.233,  0.98,  1, 0.00, 0.00, 1.66, 0.02, 0.89, 1.74, 0.02, 0.74, 0.56, 1.72, 0.25, 0.69, 0.06, 0.00, 0.00, 0.02, 1.43, 0.00, 0.00, 1.00, 1.00, 1.00, 1.00, 0.00, 1.00, 1.00, 1.00, 0.00, 1.00, 0.00, 1.00, 0.00, 0.00, 0.00, 1.00
5739,  0,  191.267,  0.98,  1, 0.00, 0.00, 1.68, 0.02, 0.94, 2.09, 0.02, 0.72, 0.51, 1.77, 0.25, 0.76, 0.06, 0.00, 0.00, 0.13, 0.93, 0.00, 0.00, 1.00, 1.00, 1.00, 1.00, 0.00, 1.00, 1.00, 1.00, 0.00, 1.00, 0.00, 1.00, 0.00, 0.00, 0.00, 1.00
5740,  0,  191.300,  0.98,  1, 0.00, 0.00, 1.70, 0.14, 0.95, 2.46, 0.02, 0.70, 0.48, 1.79, 0.16, 0.81, 0.03, 0.00, 0.03, 0.13, 0.39, 0.00, 0.00, 1.00, 1.00, 1.00, 1.00, 0.00, 1.00, 1.00, 1.00, 0.00, 1.00, 0.00, 1.00, 0.00, 0.00, 0.00, 0.00
5741,  0,  191.333,  0.98,  1, 0.00, 0.00, 1.60, 0.25, 0.96, 2.57, 0.00, 0.69, 0.52, 1.86, 0.14, 0.79, 0.00, 0.04, 0.06, 0.16, 0.00, 0.00, 0.00, 1.00, 1.00, 1.00, 1.00, 0.00, 1.00, 1.00, 1.00, 0.00, 1.00, 0.00, 1.00, 0.00, 0.00, 0.00, 0.00
5742,  0,  191.367,  0.98,  1, 0.00, 0.00, 1.57, 0.43, 0.96, 2.47, 0.02, 0.73, 0.54, 1.91, 0.11, 0.76, 0.00, 0.08, 0.06, 0.14, 0.00, 0.00, 0.00, 1.00, 1.00, 1.00, 1.00, 0.00, 1.00, 1.00, 1.00, 0.00, 1.00, 0.00, 1.00, 0.00, 0.00, 0.00, 0.00
5743,  0,  191.400,  0.98,  1, 0.00, 0.00, 1.57, 0.42, 0.97, 2.35, 0.02, 0.73, 0.59, 1.93, 0.17, 0.67, 0.00, 0.10, 0.03, 0.13, 0.00, 0.00, 0.00, 1.00, 1.00, 1.00, 1.00, 0.00, 1.00, 1.00, 1.00, 0.00, 1.00, 0.00, 1.00, 0.00, 0.00, 0.00, 0.00
5744,  0,  191.433,  0.98,  1, 0.00, 0.00, 1.54, 0.29, 0.98, 2.36, 0.02, 0.78, 0.60, 1.96, 0.13, 0.64, 0.00, 0.10, 0.00, 0.08, 0.00, 0.00, 0.00, 1.00, 1.00, 1.00, 1.00, 0.00, 1.00, 1.00, 1.00, 0.00, 1.00, 0.00, 1.00, 0.00, 0.00, 0.00, 0.00
5745,  0,  191.467,  0.98,  1, 0.00, 0.00, 1.50, 0.19, 0.97, 2.32, 0.00, 0.78, 0.65, 1.92, 0.08, 0.59, 0.10, 0.11, 0.00, 0.00, 0.00, 0.00, 0.00, 1.00, 1.00, 1.00, 1.00, 0.00, 1.00, 1.00, 1.00, 0.00, 1.00, 0.00, 1.00, 0.00, 0.00, 0.00, 0.00
5746,  0,  191.500,  0.98,  1, 0.00, 0.00, 1.49, 0.15, 1.01, 2.48, 0.10, 0.66, 0.67, 1.98, 0.04, 0.62, 0.14, 0.17, 0.00, 0.06, 0.00, 0.00, 0.00, 1.00, 1.00, 1.00, 1.00, 0.00, 1.00, 0.00, 1.00, 0.00, 1.00, 0.00, 1.00, 0.00, 0.00, 0.00, 0.00
5747,  0,  191.533,  0.98,  1, 0.00, 0.07, 1.54, 0.14, 1.02, 2.52, 0.15, 0.56, 0.67, 2.03, 0.02, 0.56, 0.18, 0.20, 0.00, 0.08, 0.00, 0.00, 0.00, 1.00, 1.00, 1.00, 1.00, 0.00, 1.00, 0.00, 1.00, 0.00, 1.00, 0.00, 1.00, 0.00, 0.00, 0.00, 0.00
5748,  0,  191.567,  0.98,  1, 0.00, 0.07, 1.57, 0.06, 1.02, 2.56, 0.27, 0.46, 0.60, 2.00, 0.03, 0.45, 0.15, 0.23, 0.00, 0.08, 0.08, 0.00, 0.00, 1.00, 1.00, 1.00, 1.00, 0.00, 1.00, 1.00, 1.00, 0.00, 1.00, 0.00, 1.00, 0.00, 0.00, 0.00, 0.00
5749,  0,  191.600,  0.98,  1, 0.00, 0.07, 1.55, 0.00, 1.04, 2.53, 0.24, 0.55, 0.56, 1.93, 0.01, 0.37, 0.22, 0.14, 0.02, 0.02, 0.53, 0.00, 0.00, 1.00, 1.00, 1.00, 1.00, 0.00, 1.00, 1.00, 1.00, 0.00, 0.00, 0.00, 1.00, 0.00, 0.00, 0.00, 0.00
5750,  0,  191.633,  0.98,  1, 0.00, 0.00, 1.52, 0.00, 1.00, 2.21, 0.28, 0.61, 0.57, 1.82, 0.01, 0.34, 0.22, 0.08, 0.11, 0.00, 1.26, 0.00, 0.00, 1.00, 1.00, 1.00, 1.00, 0.00, 1.00, 1.00, 1.00, 0.00, 0.00, 0.00, 1.00, 0.00, 0.00, 0.00, 1.00
5751,  0,  191.667,  0.98,  1, 0.00, 0.00, 1.48, 0.01, 1.07, 1.97, 0.22, 0.75, 0.70, 1.86, 0.00, 0.30, 0.25, 0.00, 0.35, 0.00, 1.94, 0.00, 0.00, 1.00, 1.00, 1.00, 1.00, 0.00, 1.00, 1.00, 1.00, 0.00, 0.00, 0.00, 1.00, 0.00, 0.00, 0.00, 1.00
5752,  0,  191.700,  0.98,  1, 0.00, 0.00, 1.39, 0.07, 1.04, 1.85, 0.25, 0.78, 0.76, 1.94, 0.00, 0.19, 0.20, 0.00, 0.71, 0.06, 2.18, 0.00, 0.00, 1.00, 0.00, 1.00, 1.00, 0.00, 1.00, 1.00, 1.00, 0.00, 0.00, 0.00, 1.00, 0.00, 0.00, 0.00, 1.00
5753,  0,  191.733,  0.98,  1, 0.00, 0.00, 1.34, 0.07, 1.15, 2.16, 0.29, 0.86, 0.80, 1.97, 0.00, 0.11, 0.27, 0.00, 1.04, 0.18, 2.00, 0.00, 0.00, 1.00, 0.00, 1.00, 1.00, 0.00, 1.00, 1.00, 1.00, 0.00, 0.00, 0.00, 1.00, 1.00, 0.00, 0.00, 1.00
5754,  0,  191.767,  0.98,  1, 0.00, 0.00, 1.25, 0.06, 1.14, 2.46, 0.25, 0.85, 0.77, 1.93, 0.00, 0.15, 0.22, 0.00, 1.25, 0.29, 1.60, 0.00, 0.00, 1.00, 0.00, 1.00, 1.00, 0.00, 1.00, 1.00, 1.00, 0.00, 0.00, 0.00, 1.00, 1.00, 0.00, 0.00, 1.00
5755,  0,  191.800,  0.98,  1, 0.00, 0.00, 1.18, 0.00, 1.11, 2.53, 0.15, 0.78, 0.80, 1.86, 0.00, 0.16, 0.23, 0.00, 1.29, 0.44, 1.17, 0.00, 0.00, 1.00, 1.00, 1.00, 1.00, 0.00, 1.00, 1.00, 1.00, 0.00, 0.00, 0.00, 1.00, 1.00, 1.00, 0.00, 1.00
5756,  0,  191.833,  0.98,  1, 0.00, 0.00, 1.07, 0.00, 1.05, 2.45, 0.01, 0.68, 0.81, 1.87, 0.00, 0.19, 0.12, 0.00, 1.36, 0.65, 0.74, 0.00, 0.00, 1.00, 1.00, 1.00, 1.00, 0.00, 1.00, 1.00, 1.00, 0.00, 0.00, 0.00, 1.00, 1.00, 1.00, 0.00, 1.00
5757,  0,  191.867,  0.98,  1, 0.00, 0.00, 1.04, 0.00, 1.04, 2.28, 0.00, 0.64, 0.85, 1.88, 0.00, 0.22, 0.09, 0.00, 1.47, 0.82, 0.48, 0.00, 0.00, 1.00, 1.00, 1.00, 1.00, 0.00, 1.00, 1.00, 1.00, 0.00, 0.00, 0.00, 1.00, 1.00, 1.00, 0.00, 0.00
5758,  0,  191.900,  0.98,  1, 0.00, 0.00, 1.06, 0.00, 1.01, 2.05, 0.00, 0.66, 0.92, 1.82, 0.00, 0.34, 0.06, 0.00, 1.36, 0.81, 0.32, 0.00, 0.00, 1.00, 1.00, 1.00, 1.00, 0.00, 1.00, 1.00, 1.00, 0.00, 0.00, 0.00, 1.00, 1.00, 1.00, 0.00, 0.00
5759,  0,  191.933,  0.98,  1, 0.03, 0.00, 1.05, 0.00, 0.96, 1.88, 0.00, 0.70, 0.93, 1.69, 0.00, 0.41, 0.08, 0.00, 1.26, 0.64, 0.27, 0.00, 0.00, 1.00, 1.00, 1.00, 1.00, 0.00, 1.00, 1.00, 1.00, 0.00, 0.00, 0.00, 1.00, 1.00, 1.00, 0.00, 0.00
5760,  0,  191.967,  0.98,  1, 0.03, 0.00, 1.10, 0.00, 0.95, 1.94, 0.01, 0.80, 0.95, 1.57, 0.00, 0.40, 0.05, 0.00, 1.08, 0.61, 0.28, 0.00, 0.00, 1.00, 1.00, 1.00, 1.00, 0.00, 1.00, 0.00, 1.00, 0.00, 0.00, 0.00, 1.00, 1.00, 1.00, 0.00, 0.00
5761,  0,  192.000,  0.98,  1, 0.03, 0.03, 1.14, 0.00, 0.98, 2.05, 0.03, 0.95, 0.92, 1.47, 0.00, 0.49, 0.02, 0.00, 1.06, 0.63, 0.22, 0.00, 0.00, 1.00, 1.00, 1.00, 1.00, 0.00, 1.00, 0.00, 1.00, 0.00, 0.00, 0.00, 1.00, 1.00, 1.00, 0.00, 0.00
5762,  0,  192.033,  0.98,  1, 0.00, 0.03, 1.16, 0.00, 1.00, 2.20, 0.03, 0.91, 0.92, 1.46, 0.00, 0.52, 0.00, 0.00, 1.05, 0.62, 0.16, 0.00, 0.00, 1.00, 1.00, 1.00, 1.00, 0.00, 1.00, 0.00, 1.00, 0.00, 0.00, 0.00, 1.00, 1.00, 0.00, 0.00, 0.00
5763,  0,  192.067,  0.98,  1, 0.00, 0.04, 1.15, 0.00, 0.96, 2.15, 0.01, 0.79, 0.85, 1.48, 0.00, 0.52, 0.00, 0.00, 1.09, 0.54, 0.04, 0.00, 0.00, 1.00, 1.00, 1.00, 1.00, 0.00, 1.00, 0.00, 1.00, 0.00, 0.00, 0.00, 1.00, 1.00, 0.00, 0.00, 0.00
5764,  0,  192.100,  0.98,  1, 0.00, 0.05, 1.14, 0.00, 0.91, 2.09, 0.00, 0.65, 0.82, 1.60, 0.00, 0.42, 0.00, 0.00, 1.18, 0.45, 0.01, 0.00, 0.00, 1.00, 1.00, 1.00, 1.00, 0.00, 1.00, 0.00, 1.00, 0.00, 0.00, 0.00, 1.00, 1.00, 0.00, 0.00, 0.00
5765,  0,  192.133,  0.98,  1, 0.00, 0.07, 1.16, 0.00, 0.88, 1.96, 0.00, 0.61, 0.77, 1.63, 0.00, 0.38, 0.00, 0.00, 1.23, 0.49, 0.01, 0.00, 0.00, 1.00, 1.00, 1.00, 1.00, 0.00, 1.00, 0.00, 1.00, 0.00, 0.00, 0.00, 1.00, 1.00, 0.00, 0.00, 0.00
5766,  0,  192.167,  0.98,  1, 0.00, 0.06, 1.18, 0.00, 0.88, 1.99, 0.00, 0.63, 0.73, 1.60, 0.00, 0.36, 0.00, 0.00, 1.25, 0.57, 0.02, 0.00, 0.00, 1.00, 1.00, 1.00, 1.00, 0.00, 1.00, 0.00, 1.00, 0.00, 0.00, 0.00, 0.00, 1.00, 0.00, 0.00, 0.00
5767,  0,  192.200,  0.98,  1, 0.00, 0.02, 1.18, 0.00, 0.89, 2.03, 0.00, 0.63, 0.70, 1.50, 0.00, 0.38, 0.00, 0.00, 1.29, 0.70, 0.01, 0.00, 0.00, 1.00, 1.00, 1.00, 1.00, 0.00, 1.00, 0.00, 1.00, 0.00, 0.00, 0.00, 0.00, 1.00, 1.00, 0.00, 0.00
5768,  0,  192.233,  0.98,  1, 0.00, 0.00, 1.13, 0.00, 0.84, 2.06, 0.01, 0.65, 0.67, 1.44, 0.00, 0.50, 0.00, 0.00, 1.18, 0.80, 0.10, 0.00, 0.00, 1.00, 1.00, 1.00, 1.00, 0.00, 1.00, 0.00, 1.00, 0.00, 0.00, 0.00, 0.00, 1.00, 1.00, 0.00, 0.00
5769,  0,  192.267,  0.98,  1, 0.00, 0.00, 1.10, 0.00, 0.80, 2.07, 0.03, 0.65, 0.66, 1.48, 0.00, 0.59, 0.00, 0.00, 1.12, 0.83, 0.09, 0.00, 0.00, 1.00, 1.00, 1.00, 1.00, 0.00, 1.00, 0.00, 1.00, 0.00, 0.00, 0.00, 0.00, 1.00, 1.00, 0.00, 0.00
5770,  0,  192.300,  0.98,  1, 0.00, 0.00, 1.12, 0.12, 0.75, 1.99, 0.03, 0.63, 0.67, 1.58, 0.00, 0.68, 0.00, 0.00, 1.06, 0.86, 0.10, 0.00, 0.00, 1.00, 1.00, 1.00, 1.00, 0.00, 1.00, 0.00, 1.00, 0.00, 0.00, 0.00, 1.00, 1.00, 1.00, 0.00, 0.00
5771,  0,  192.333,  0.98,  1, 0.00, 0.01, 1.12, 0.23, 0.70, 1.78, 0.03, 0.57, 0.71, 1.70, 0.00, 0.64, 0.00, 0.00, 1.08, 0.72, 0.06, 0.00, 0.00, 1.00, 1.00, 0.00, 1.00, 0.00, 1.00, 0.00, 1.00, 0.00, 0.00, 0.00, 1.00, 1.00, 1.00, 0.00, 0.00
5772,  0,  192.367,  0.98,  1, 0.00, 0.01, 1.17, 0.34, 0.65, 1.56, 0.00, 0.38, 0.72, 1.60, 0.00, 0.60, 0.00, 0.00, 0.89, 0.64, 0.06, 0.00, 0.00, 1.00, 1.00, 0.00, 1.00, 0.00, 1.00, 1.00, 1.00, 0.00, 0.00, 0.00, 1.00, 1.00, 1.00, 0.00, 0.00
5773,  0,  192.400,  0.98,  1, 0.00, 0.04, 1.15, 0.38, 0.64, 1.51, 0.04, 0.19, 0.71, 1.44, 0.00, 0.55, 0.00, 0.00, 0.73, 0.51, 0.12, 0.00, 0.00, 1.00, 1.00, 0.00, 1.00, 0.00, 1.00, 1.00, 1.00, 0.00, 0.00, 0.00, 1.00, 0.00, 0.00, 0.00, 0.00
5774,  0,  192.433,  0.98,  1, 0.00, 0.07, 1.22, 0.41, 0.69, 1.58, 0.04, 0.05, 0.67, 1.28, 0.00, 0.53, 0.00, 0.00, 0.54, 0.54, 0.12, 0.00, 0.00, 1.00, 1.00, 0.00, 1.00, 0.00, 1.00, 1.00, 1.00, 0.00, 0.00, 0.00, 1.00, 0.00, 0.00, 0.00, 0.00
5775,  0,  192.467,  0.98,  1, 0.00, 0.18, 1.32, 0.49, 0.71, 1.73, 0.07, 0.02, 0.65, 1.35, 0.00, 0.56, 0.00, 0.00, 0.51, 0.53, 0.12, 0.00, 0.00, 1.00, 1.00, 0.00, 1.00, 0.00, 1.00, 1.00, 1.00, 0.00, 0.00, 0.00, 1.00, 0.00, 0.00, 0.00, 0.00
5776,  0,  192.500,  0.98,  1, 0.00, 0.19, 1.36, 0.52, 0.68, 1.75, 0.09, 0.03, 0.59, 1.33, 0.00, 0.51, 0.00, 0.00, 0.44, 0.56, 0.05, 0.00, 0.00, 1.00, 1.00, 0.00, 1.00, 0.00, 1.00, 1.00, 1.00, 0.00, 0.00, 0.00, 1.00, 0.00, 0.00, 0.00, 0.00
5777,  0,  192.533,  0.98,  1, 0.00, 0.15, 1.33, 0.57, 0.62, 1.76, 0.10, 0.03, 0.51, 1.29, 0.00, 0.45, 0.00, 0.00, 0.44, 0.48, 0.00, 0.00, 0.00, 0.00, 1.00, 0.00, 1.00, 0.00, 1.00, 0.00, 1.00, 0.00, 0.00, 0.00, 1.00, 0.00, 0.00, 0.00, 0.00
5778,  0,  192.567,  0.98,  1, 0.00, 0.04, 1.17, 0.51, 0.54, 1.63, 0.12, 0.01, 0.39, 1.16, 0.00, 0.51, 0.00, 0.00, 0.44, 0.42, 0.00, 0.00, 0.00, 0.00, 1.00, 0.00, 1.00, 0.00, 1.00, 0.00, 1.00, 0.00, 0.00, 0.00, 1.00, 0.00, 0.00, 0.00, 0.00
5779,  0,  192.600,  0.98,  1, 0.00, 0.00, 1.05, 0.38, 0.48, 1.58, 0.10, 0.02, 0.25, 1.11, 0.00, 0.66, 0.00, 0.00, 0.40, 0.39, 0.00, 0.00, 0.00, 0.00, 1.00, 0.00, 1.00, 0.00, 1.00, 0.00, 1.00, 0.00, 0.00, 0.00, 1.00, 0.00, 0.00, 0.00, 0.00
5780,  0,  192.633,  0.98,  1, 0.01, 0.00, 0.93, 0.34, 0.39, 1.55, 0.07, 0.02, 0.19, 1.09, 0.00, 0.73, 0.00, 0.01, 0.29, 0.39, 0.00, 0.00, 0.00, 0.00, 1.00, 0.00, 1.00, 0.00, 1.00, 0.00, 1.00, 0.00, 1.00, 0.00, 1.00, 0.00, 0.00, 0.00, 0.00
5781,  0,  192.667,  0.98,  1, 0.01, 0.00, 0.93, 0.30, 0.30, 1.55, 0.03, 0.02, 0.13, 1.15, 0.00, 0.71, 0.00, 0.04, 0.22, 0.34, 0.00, 0.00, 0.00, 0.00, 1.00, 0.00, 1.00, 0.00, 1.00, 0.00, 1.00, 0.00, 1.00, 0.00, 1.00, 0.00, 0.00, 0.00, 0.00
5782,  0,  192.700,  0.98,  1, 0.11, 0.00, 0.94, 0.23, 0.20, 1.57, 0.00, 0.05, 0.09, 1.21, 0.00, 0.77, 0.00, 0.12, 0.24, 0.24, 0.00, 0.00, 0.00, 0.00, 1.00, 0.00, 1.00, 0.00, 1.00, 0.00, 1.00, 0.00, 1.00, 0.00, 1.00, 0.00, 0.00, 0.00, 0.00
5783,  0,  192.733,  0.98,  1, 0.19, 0.00, 1.03, 0.08, 0.14, 1.58, 0.02, 0.06, 0.03, 1.18, 0.00, 0.90, 0.02, 0.17, 0.25, 0.14, 0.00, 0.00, 0.00, 1.00, 1.00, 0.00, 1.00, 0.00, 1.00, 0.00, 1.00, 0.00, 1.00, 0.00, 1.00, 0.00, 0.00, 0.00, 0.00
5784,  0,  192.767,  0.98,  1, 0.33, 0.05, 1.01, 0.00, 0.07, 1.47, 0.02, 0.06, 0.00, 1.21, 0.00, 1.10, 0.02, 0.25, 0.17, 0.26, 0.00, 0.00, 0.00, 1.00, 1.00, 0.00, 1.00, 0.00, 1.00, 0.00, 1.00, 0.00, 1.00, 0.00, 1.00, 0.00, 0.00, 0.00, 0.00
5785,  0,  192.800,  0.98,  1, 0.36, 0.05, 1.03, 0.00, 0.04, 1.38, 0.02, 0.03, 0.00, 1.26, 0.00, 1.13, 0.02, 0.26, 0.06, 0.25, 0.00, 0.00, 0.00, 1.00, 1.00, 0.00, 1.00, 0.00, 1.00, 0.00, 1.00, 0.00, 1.00, 0.00, 1.00, 0.00, 0.00, 0.00, 0.00
5786,  0,  192.833,  0.98,  1, 0.45, 0.08, 1.05, 0.00, 0.01, 1.32, 0.00, 0.02, 0.02, 1.44, 0.00, 1.21, 0.00, 0.28, 0.00, 0.29, 0.00, 0.00, 0.00, 1.00, 1.00, 0.00, 1.00, 0.00, 1.00, 0.00, 1.00, 1.00, 1.00, 0.00, 1.00, 0.00, 0.00, 0.00, 0.00
5787,  0,  192.867,  0.98,  1, 0.47, 0.03, 1.13, 0.00, 0.03, 1.30, 0.00, 0.02, 0.02, 1.59, 0.00, 1.14, 0.02, 0.23, 0.00, 0.13, 0.01, 0.00, 0.00, 1.00, 1.00, 0.00, 1.00, 0.00, 1.00, 0.00, 1.00, 1.00, 1.00, 0.00, 1.00, 0.00, 0.00, 0.00, 0.00
5788,  0,  192.900,  0.98,  1, 0.52, 0.03, 1.15, 0.00, 0.03, 1.17, 0.00, 0.00, 0.04, 1.67, 0.00, 1.12, 0.03, 0.22, 0.00, 0.11, 0.01, 0.00, 0.00, 1.00, 1.00, 0.00, 1.00, 0.00, 1.00, 0.00, 1.00, 1.00, 1.00, 0.00, 1.00, 0.00, 0.00, 0.00, 0.00
5789,  0,  192.933,  0.98,  1, 0.50, 0.00, 1.10, 0.00, 0.06, 1.10, 0.00, 0.00, 0.04, 1.72, 0.10, 1.10, 0.03, 0.21, 0.04, 0.14, 0.01, 0.00, 0.00, 1.00, 1.00, 0.00, 1.00, 0.00, 1.00, 0.00, 1.00, 1.00, 1.00, 0.00, 1.00, 0.00, 0.00, 0.00, 0.00
5790,  0,  192.967,  0.98,  1, 0.49, 0.00, 1.10, 0.00, 0.07, 1.23, 0.00, 0.00, 0.05, 1.70, 0.12, 1.11, 0.01, 0.21, 0.04, 0.19, 0.00, 0.00, 0.00, 1.00, 1.00, 0.00, 1.00, 0.00, 1.00, 0.00, 1.00, 0.00, 1.00, 0.00, 1.00, 0.00, 0.00, 0.00, 0.00
5791,  0,  193.000,  0.98,  1, 0.36, 0.00, 1.09, 0.00, 0.09, 1.44, 0.00, 0.00, 0.06, 1.75, 0.12, 1.12, 0.00, 0.20, 0.04, 0.27, 0.00, 0.00, 0.00, 1.00, 1.00, 0.00, 1.00, 0.00, 1.00, 0.00, 1.00, 0.00, 1.00, 0.00, 1.00, 0.00, 0.00, 0.00, 0.00
5792,  0,  193.033,  0.98,  1, 0.36, 0.00, 1.14, 0.00, 0.06, 1.62, 0.00, 0.00, 0.07, 1.80, 0.03, 1.10, 0.00, 0.21, 0.00, 0.25, 0.00, 0.00, 0.00, 1.00, 1.00, 0.00, 1.00, 0.00, 1.00, 0.00, 1.00, 0.00, 1.00, 0.00, 1.00, 0.00, 0.00, 0.00, 0.00
5793,  0,  193.067,  0.98,  1, 0.31, 0.03, 1.09, 0.00, 0.07, 1.66, 0.00, 0.00, 0.06, 1.76, 0.01, 1.04, 0.00, 0.24, 0.00, 0.30, 0.00, 0.00, 0.00, 1.00, 1.00, 0.00, 1.00, 0.00, 1.00, 0.00, 1.00, 0.00, 1.00, 0.00, 1.00, 0.00, 0.00, 0.00, 0.00
5794,  0,  193.100,  0.98,  1, 0.35, 0.03, 1.06, 0.00, 0.04, 1.57, 0.00, 0.01, 0.05, 1.59, 0.00, 0.94, 0.00, 0.21, 0.00, 0.24, 0.09, 0.00, 0.00, 1.00, 1.00, 0.00, 1.00, 0.00, 1.00, 0.00, 1.00, 0.00, 1.00, 0.00, 1.00, 0.00, 0.00, 0.00, 0.00
5795,  0,  193.133,  0.98,  1, 0.26, 0.03, 1.08, 0.00, 0.03, 1.50, 0.00, 0.01, 0.03, 1.35, 0.00, 0.90, 0.00, 0.19, 0.00, 0.18, 0.23, 0.00, 0.00, 1.00, 1.00, 0.00, 1.00, 0.00, 1.00, 0.00, 1.00, 0.00, 1.00, 0.00, 1.00, 0.00, 0.00, 0.00, 0.00
5796,  0,  193.167,  0.98,  1, 0.18, 0.09, 1.13, 0.02, 0.07, 1.09, 0.00, 0.04, 0.12, 1.32, 0.00, 0.74, 0.01, 0.11, 0.00, 0.16, 0.24, 0.00, 0.00, 1.00, 1.00, 0.00, 1.00, 0.00, 1.00, 0.00, 1.00, 0.00, 1.00, 0.00, 1.00, 0.00, 0.00, 0.00, 0.00
5797,  0,  193.200,  0.98,  1, 0.12, 0.11, 1.19, 0.09, 0.16, 0.98, 0.00, 0.03, 0.17, 1.31, 0.06, 0.63, 0.03, 0.07, 0.08, 0.20, 0.16, 0.00, 0.00, 1.00, 1.00, 0.00, 1.00, 0.00, 1.00, 0.00, 1.00, 0.00, 0.00, 0.00, 1.00, 0.00, 0.00, 0.00, 0.00
5798,  0,  193.233,  0.98,  1, 0.06, 0.11, 1.18, 0.09, 0.22, 0.74, 0.00, 0.03, 0.27, 1.27, 0.16, 0.42, 0.03, 0.02, 0.12, 0.25, 0.01, 0.00, 0.00, 1.00, 1.00, 0.00, 1.00, 0.00, 1.00, 0.00, 1.00, 0.00, 0.00, 0.00, 1.00, 0.00, 0.00, 0.00, 0.00
5799,  0,  193.267,  0.98,  1, 0.06, 0.02, 1.22, 0.07, 0.22, 0.93, 0.00, 0.00, 0.26, 1.11, 0.31, 0.41, 0.01, 0.00, 0.17, 0.20, 0.00, 0.00, 0.00, 1.00, 1.00, 0.00, 1.00, 0.00, 1.00, 0.00, 1.00, 0.00, 0.00, 0.00, 1.00, 0.00, 0.00, 0.00, 0.00
5800,  0,  193.300,  0.98,  1, 0.08, 0.00, 1.28, 0.01, 0.22, 1.11, 0.00, 0.00, 0.23, 1.01, 0.42, 0.39, 0.00, 0.00, 0.17, 0.13, 0.00, 0.00, 0.00, 1.00, 1.00, 0.00, 1.00, 0.00, 1.00, 0.00, 1.00, 0.00, 0.00, 0.00, 0.00, 0.00, 0.00, 0.00, 0.00
5801,  0,  193.333,  0.98,  1, 0.19, 0.02, 1.33, 0.01, 0.22, 1.28, 0.00, 0.00, 0.20, 0.92, 0.48, 0.43, 0.00, 0.00, 0.24, 0.08, 0.00, 0.00, 0.00, 1.00, 1.00, 0.00, 1.00, 0.00, 1.00, 0.00, 1.00, 0.00, 0.00, 0.00, 0.00, 0.00, 0.00, 0.00, 0.00
5802,  0,  193.367,  0.98,  1, 0.29, 0.02, 1.31, 0.03, 0.23, 1.27, 0.00, 0.00, 0.19, 0.85, 0.49, 0.45, 0.00, 0.00, 0.30, 0.05, 0.00, 0.00, 0.00, 1.00, 1.00, 0.00, 1.00, 0.00, 1.00, 0.00, 1.00, 0.00, 0.00, 0.00, 0.00, 0.00, 0.00, 0.00, 0.00
5803,  0,  193.400,  0.98,  1, 0.34, 0.04, 1.29, 0.03, 0.18, 1.14, 0.00, 0.00, 0.20, 0.79, 0.41, 0.51, 0.00, 0.00, 0.23, 0.05, 0.00, 0.00, 0.00, 1.00, 1.00, 0.00, 1.00, 0.00, 1.00, 0.00, 1.00, 0.00, 0.00, 0.00, 0.00, 0.00, 0.00, 0.00, 0.00
5804,  0,  193.433,  0.98,  1, 0.32, 0.07, 1.25, 0.05, 0.17, 1.07, 0.00, 0.00, 0.21, 0.77, 0.37, 0.56, 0.00, 0.00, 0.14, 0.08, 0.00, 0.00, 0.00, 1.00, 1.00, 0.00, 1.00, 0.00, 1.00, 0.00, 1.00, 0.00, 0.00, 0.00, 0.00, 0.00, 0.00, 0.00, 0.00
5805,  0,  193.467,  0.98,  1, 0.29, 0.12, 1.22, 0.04, 0.14, 1.15, 0.00, 0.00, 0.23, 0.77, 0.35, 0.57, 0.00, 0.00, 0.03, 0.08, 0.00, 0.00, 0.00, 1.00, 1.00, 0.00, 1.00, 0.00, 1.00, 0.00, 1.00, 0.00, 0.00, 0.00, 1.00, 0.00, 0.00, 0.00, 0.00
5806,  0,  193.500,  0.98,  1, 0.29, 0.19, 1.25, 0.03, 0.11, 1.03, 0.00, 0.00, 0.20, 0.75, 0.36, 0.60, 0.00, 0.00, 0.10, 0.07, 0.00, 0.00, 0.00, 1.00, 1.00, 0.00, 1.00, 0.00, 1.00, 0.00, 1.00, 0.00, 0.00, 0.00, 1.00, 0.00, 0.00, 0.00, 0.00
5807,  0,  193.533,  0.98,  1, 0.30, 0.25, 1.27, 0.01, 0.06, 0.88, 0.00, 0.00, 0.17, 0.74, 0.30, 0.57, 0.00, 0.00, 0.15, 0.03, 0.00, 0.00, 0.00, 1.00, 1.00, 0.00, 1.00, 0.00, 1.00, 0.00, 1.00, 0.00, 1.00, 0.00, 1.00, 0.00, 0.00, 0.00, 0.00
5808,  0,  193.567,  0.98,  1, 0.29, 0.39, 1.31, 0.00, 0.03, 0.73, 0.00, 0.00, 0.12, 0.72, 0.25, 0.66, 0.00, 0.00, 0.15, 0.04, 0.00, 0.00, 0.00, 1.00, 1.00, 0.00, 1.00, 0.00, 1.00, 0.00, 1.00, 0.00, 1.00, 0.00, 1.00, 0.00, 0.00, 0.00, 0.00
5809,  0,  193.600,  0.98,  1, 0.33, 0.54, 1.25, 0.01, 0.01, 0.73, 0.00, 0.00, 0.10, 0.70, 0.25, 0.70, 0.00, 0.00, 0.08, 0.05, 0.00, 0.00, 0.00, 1.00, 1.00, 0.00, 1.00, 0.00, 1.00, 0.00, 1.00, 0.00, 1.00, 0.00, 1.00, 0.00, 0.00, 0.00, 0.00
5810,  0,  193.633,  0.98,  1, 0.38, 0.60, 1.19, 0.03, 0.02, 0.82, 0.00, 0.00, 0.10, 0.72, 0.28, 0.80, 0.00, 0.00, 0.00, 0.08, 0.00, 0.00, 1.00, 1.00, 1.00, 0.00, 1.00, 0.00, 1.00, 0.00, 1.00, 0.00, 1.00, 0.00, 1.00, 0.00, 0.00, 0.00, 0.00
5811,  0,  193.667,  0.98,  1, 0.40, 0.53, 1.11, 0.11, 0.03, 0.84, 0.00, 0.00, 0.11, 0.75, 0.28, 0.76, 0.00, 0.00, 0.00, 0.06, 0.00, 0.00, 1.00, 1.00, 1.00, 0.00, 1.00, 0.00, 1.00, 0.00, 1.00, 0.00, 1.00, 0.00, 1.00, 0.00, 0.00, 0.00, 0.00
5812,  0,  193.700,  0.98,  1, 0.35, 0.38, 1.15, 0.11, 0.07, 1.02, 0.00, 0.00, 0.11, 0.80, 0.31, 0.74, 0.00, 0.00, 0.01, 0.09, 0.00, 0.00, 1.00, 1.00, 1.00, 0.00, 1.00, 0.00, 1.00, 0.00, 1.00, 0.00, 1.00, 0.00, 1.00, 0.00, 0.00, 0.00, 0.00
5813,  0,  193.733,  0.98,  1, 0.37, 0.36, 1.22, 0.09, 0.13, 1.17, 0.00, 0.00, 0.09, 0.84, 0.32, 0.69, 0.01, 0.00, 0.01, 0.07, 0.00, 0.00, 0.00, 1.00, 1.00, 0.00, 1.00, 0.00, 1.00, 0.00, 1.00, 0.00, 1.00, 0.00, 1.00, 0.00, 0.00, 0.00, 0.00
5814,  0,  193.767,  0.98,  1, 0.50, 0.38, 1.31, 0.01, 0.14, 1.18, 0.00, 0.00, 0.09, 0.91, 0.33, 0.67, 0.01, 0.00, 0.01, 0.04, 0.00, 0.00, 0.00, 1.00, 1.00, 0.00, 1.00, 0.00, 1.00, 0.00, 1.00, 0.00, 0.00, 0.00, 1.00, 0.00, 0.00, 0.00, 0.00
5815,  0,  193.800,  0.98,  1, 0.61, 0.52, 1.28, 0.12, 0.13, 1.10, 0.00, 0.00, 0.09, 0.99, 0.25, 0.61, 0.01, 0.00, 0.00, 0.00, 0.00, 0.00, 0.00, 1.00, 1.00, 0.00, 1.00, 0.00, 1.00, 0.00, 1.00, 0.00, 0.00, 0.00, 1.00, 0.00, 0.00, 0.00, 0.00
5816,  0,  193.833,  0.98,  1, 0.70, 0.61, 1.32, 0.28, 0.10, 0.95, 0.00, 0.00, 0.08, 1.01, 0.20, 0.56, 0.00, 0.00, 0.00, 0.02, 0.00, 0.00, 0.00, 1.00, 1.00, 0.00, 1.00, 0.00, 1.00, 0.00, 1.00, 0.00, 0.00, 0.00, 0.00, 0.00, 0.00, 0.00, 0.00
5817,  0,  193.867,  0.98,  1, 0.69, 0.64, 1.32, 0.39, 0.12, 0.94, 0.00, 0.00, 0.06, 0.95, 0.18, 0.52, 0.00, 0.00, 0.00, 0.04, 0.00, 0.00, 0.00, 1.00, 1.00, 0.00, 1.00, 0.00, 1.00, 0.00, 1.00, 0.00, 0.00, 0.00, 0.00, 0.00, 0.00, 0.00, 0.00
5818,  0,  193.900,  0.98,  1, 0.58, 0.42, 1.40, 0.28, 0.14, 0.72, 0.00, 0.00, 0.09, 0.93, 0.23, 0.52, 0.00, 0.00, 0.01, 0.19, 0.00, 0.00, 0.00, 1.00, 1.00, 0.00, 1.00, 0.00, 1.00, 0.00, 1.00, 0.00, 0.00, 0.00, 0.00, 0.00, 0.00, 0.00, 0.00
5819,  0,  193.933,  0.98,  1, 0.49, 0.28, 1.45, 0.16, 0.15, 0.62, 0.00, 0.00, 0.12, 0.92, 0.30, 0.52, 0.00, 0.00, 0.01, 0.29, 0.00, 0.00, 0.00, 1.00, 1.00, 0.00, 1.00, 0.00, 1.00, 0.00, 1.00, 0.00, 0.00, 0.00, 0.00, 0.00, 0.00, 0.00, 0.00
5820,  0,  193.967,  0.98,  1, 0.41, 0.31, 1.53, 0.10, 0.10, 0.51, 0.00, 0.00, 0.11, 0.79, 0.40, 0.58, 0.00, 0.00, 0.09, 0.41, 0.00, 0.00, 0.00, 1.00, 1.00, 0.00, 1.00, 0.00, 1.00, 0.00, 1.00, 0.00, 0.00, 0.00, 0.00, 0.00, 0.00, 0.00, 0.00
5821,  0,  194.000,  0.98,  1, 0.48, 0.45, 1.55, 0.18, 0.05, 0.44, 0.00, 0.00, 0.06, 0.69, 0.44, 0.61, 0.00, 0.00, 0.12, 0.45, 0.00, 0.00, 0.00, 1.00, 1.00, 0.00, 1.00, 0.00, 1.00, 0.00, 1.00, 0.00, 1.00, 0.00, 0.00, 0.00, 0.00, 0.00, 0.00
5822,  0,  194.033,  0.98,  1, 0.45, 0.43, 1.53, 0.24, 0.00, 0.31, 0.00, 0.00, 0.00, 0.58, 0.42, 0.68, 0.00, 0.00, 0.14, 0.51, 0.00, 0.00, 0.00, 1.00, 1.00, 0.00, 1.00, 0.00, 1.00, 0.00, 1.00, 0.00, 1.00, 0.00, 0.00, 0.00, 0.00, 0.00, 0.00
5823,  0,  194.067,  0.98,  1, 0.47, 0.42, 1.52, 0.27, 0.00, 0.22, 0.00, 0.00, 0.00, 0.67, 0.33, 0.67, 0.00, 0.00, 0.08, 0.55, 0.00, 0.00, 0.00, 1.00, 1.00, 0.00, 1.00, 0.00, 1.00, 0.00, 1.00, 0.00, 1.00, 0.00, 0.00, 0.00, 0.00, 0.00, 0.00
5824,  0,  194.100,  0.98,  1, 0.50, 0.49, 1.55, 0.29, 0.00, 0.28, 0.00, 0.00, 0.00, 0.74, 0.29, 0.69, 0.00, 0.00, 0.04, 0.49, 0.00, 0.00, 0.00, 1.00, 1.00, 0.00, 1.00, 0.00, 1.00, 0.00, 1.00, 0.00, 1.00, 0.00, 1.00, 0.00, 0.00, 0.00, 0.00
5825,  0,  194.133,  0.98,  1, 0.57, 0.62, 1.61, 0.25, 0.00, 0.39, 0.00, 0.00, 0.00, 0.83, 0.24, 0.72, 0.00, 0.00, 0.05, 0.42, 0.00, 0.00, 0.00, 1.00, 1.00, 0.00, 1.00, 0.00, 1.00, 0.00, 1.00, 0.00, 1.00, 0.00, 1.00, 0.00, 0.00, 0.00, 0.00
5826,  0,  194.167,  0.98,  1, 0.57, 0.60, 1.59, 0.33, 0.00, 0.49, 0.00, 0.00, 0.00, 0.79, 0.15, 0.68, 0.00, 0.00, 0.04, 0.31, 0.00, 0.00, 0.00, 1.00, 1.00, 0.00, 1.00, 0.00, 1.00, 0.00, 1.00, 0.00, 1.00, 0.00, 1.00, 0.00, 0.00, 0.00, 0.00
5827,  0,  194.200,  0.98,  1, 0.53, 0.60, 1.53, 0.35, 0.00, 0.60, 0.00, 0.00, 0.00, 0.71, 0.09, 0.66, 0.00, 0.00, 0.05, 0.23, 0.00, 0.00, 0.00, 1.00, 1.00, 0.00, 1.00, 0.00, 1.00, 0.00, 1.00, 0.00, 0.00, 0.00, 1.00, 0.00, 0.00, 0.00, 0.00
5828,  0,  194.233,  0.98,  1, 0.49, 0.58, 1.49, 0.33, 0.00, 0.67, 0.00, 0.00, 0.00, 0.65, 0.02, 0.55, 0.00, 0.00, 0.01, 0.26, 0.00, 0.00, 0.00, 1.00, 1.00, 0.00, 1.00, 0.00, 1.00, 0.00, 1.00, 0.00, 0.00, 0.00, 1.00, 0.00, 0.00, 0.00, 0.00
5829,  0,  194.267,  0.98,  1, 0.49, 0.54, 1.50, 0.28, 0.00, 0.74, 0.00, 0.00, 0.01, 0.66, 0.03, 0.55, 0.00, 0.00, 0.03, 0.32, 0.00, 0.00, 0.00, 1.00, 1.00, 0.00, 1.00, 0.00, 1.00, 0.00, 1.00, 0.00, 0.00, 0.00, 1.00, 0.00, 0.00, 0.00, 0.00
5830,  0,  194.300,  0.98,  1, 0.53, 0.49, 1.36, 0.28, 0.00, 0.77, 0.00, 0.00, 0.02, 0.61, 0.03, 0.56, 0.00, 0.00, 0.02, 0.28, 0.00, 0.00, 0.00, 1.00, 1.00, 0.00, 1.00, 0.00, 0.00, 0.00, 1.00, 0.00, 0.00, 0.00, 1.00, 0.00, 0.00, 0.00, 0.00
5831,  0,  194.333,  0.98,  1, 0.58, 0.47, 1.23, 0.35, 0.00, 0.92, 0.00, 0.00, 0.03, 0.50, 0.04, 0.60, 0.00, 0.00, 0.02, 0.13, 0.00, 0.00, 0.00, 1.00, 1.00, 0.00, 1.00, 0.00, 0.00, 0.00, 1.00, 0.00, 0.00, 0.00, 1.00, 0.00, 0.00, 0.00, 0.00
5832,  0,  194.367,  0.98,  1, 0.59, 0.46, 1.14, 0.34, 0.00, 1.07, 0.00, 0.00, 0.03, 0.44, 0.10, 0.62, 0.00, 0.00, 0.00, 0.07, 0.00, 0.00, 0.00, 1.00, 1.00, 0.00, 1.00, 0.00, 1.00, 0.00, 1.00, 0.00, 0.00, 0.00, 1.00, 0.00, 0.00, 0.00, 0.00
5833,  0,  194.400,  0.98,  1, 0.56, 0.39, 1.29, 0.36, 0.00, 1.27, 0.00, 0.00, 0.02, 0.42, 0.11, 0.63, 0.00, 0.00, 0.00, 0.07, 0.00, 0.00, 0.00, 1.00, 1.00, 0.00, 1.00, 0.00, 1.00, 0.00, 1.00, 0.00, 0.00, 0.00, 1.00, 0.00, 0.00, 0.00, 0.00
5834,  0,  194.433,  0.98,  1, 0.51, 0.35, 1.32, 0.37, 0.00, 1.27, 0.00, 0.00, 0.00, 0.47, 0.12, 0.65, 0.00, 0.00, 0.00, 0.09, 0.00, 0.00, 0.00, 1.00, 1.00, 0.00, 1.00, 0.00, 1.00, 0.00, 1.00, 0.00, 0.00, 0.00, 1.00, 0.00, 0.00, 0.00, 0.00
5835,  0,  194.467,  0.98,  1, 0.49, 0.35, 1.31, 0.38, 0.00, 1.23, 0.00, 0.00, 0.00, 0.46, 0.06, 0.67, 0.00, 0.00, 0.00, 0.10, 0.02, 0.00, 0.00, 1.00, 1.00, 0.00, 1.00, 0.00, 1.00, 0.00, 1.00, 0.00, 0.00, 0.00, 1.00, 0.00, 0.00, 0.00, 0.00
5836,  0,  194.500,  0.98,  1, 0.48, 0.33, 1.25, 0.25, 0.00, 1.14, 0.00, 0.00, 0.00, 0.47, 0.02, 0.71, 0.00, 0.00, 0.00, 0.09, 0.02, 0.00, 0.00, 1.00, 1.00, 0.00, 1.00, 0.00, 1.00, 0.00, 1.00, 0.00, 0.00, 0.00, 1.00, 0.00, 0.00, 0.00, 0.00
5837,  0,  194.533,  0.98,  1, 0.48, 0.28, 1.28, 0.22, 0.00, 1.20, 0.00, 0.00, 0.01, 0.46, 0.00, 0.74, 0.00, 0.00, 0.00, 0.14, 0.02, 0.00, 0.00, 1.00, 1.00, 0.00, 1.00, 0.00, 1.00, 0.00, 1.00, 0.00, 0.00, 0.00, 1.00, 0.00, 0.00, 0.00, 0.00
5838,  0,  194.567,  0.98,  1, 0.46, 0.15, 1.32, 0.11, 0.00, 1.18, 0.00, 0.00, 0.01, 0.43, 0.01, 0.78, 0.00, 0.00, 0.00, 0.08, 0.00, 0.00, 0.00, 1.00, 1.00, 0.00, 1.00, 0.00, 1.00, 0.00, 1.00, 0.00, 0.00, 0.00, 1.00, 0.00, 0.00, 0.00, 0.00
5839,  0,  194.600,  0.98,  1, 0.44, 0.13, 1.33, 0.11, 0.00, 1.06, 0.00, 0.00, 0.01, 0.38, 0.04, 0.75, 0.00, 0.00, 0.00, 0.12, 0.00, 0.00, 0.00, 1.00, 1.00, 0.00, 1.00, 0.00, 1.00, 0.00, 1.00, 0.00, 0.00, 0.00, 1.00, 0.00, 0.00, 0.00, 0.00
5840,  0,  194.633,  0.98,  1, 0.43, 0.06, 1.32, 0.00, 0.00, 0.94, 0.00, 0.00, 0.01, 0.34, 0.11, 0.74, 0.00, 0.00, 0.00, 0.15, 0.03, 0.00, 0.00, 1.00, 1.00, 0.00, 1.00, 0.00, 1.00, 0.00, 1.00, 0.00, 1.00, 0.00, 1.00, 0.00, 0.00, 0.00, 0.00
5841,  0,  194.667,  0.98,  1, 0.45, 0.06, 1.33, 0.01, 0.00, 0.95, 0.00, 0.00, 0.01, 0.36, 0.19, 0.67, 0.00, 0.00, 0.01, 0.25, 0.03, 0.00, 0.00, 1.00, 1.00, 0.00, 1.00, 0.00, 1.00, 0.00, 1.00, 0.00, 1.00, 0.00, 1.00, 0.00, 0.00, 0.00, 0.00
5842,  0,  194.700,  0.98,  1, 0.40, 0.05, 1.31, 0.01, 0.00, 0.84, 0.00, 0.04, 0.00, 0.36, 0.29, 0.90, 0.00, 0.00, 0.01, 0.33, 0.03, 0.00, 0.00, 1.00, 1.00, 0.00, 1.00, 0.00, 1.00, 0.00, 1.00, 0.00, 1.00, 0.00, 1.00, 0.00, 0.00, 0.00, 0.00
5843,  0,  194.733,  0.98,  1, 0.32, 0.03, 1.28, 0.01, 0.00, 0.69, 0.00, 0.05, 0.00, 0.38, 0.34, 1.09, 0.00, 0.04, 0.01, 0.44, 0.00, 0.00, 0.00, 1.00, 1.00, 0.00, 1.00, 0.00, 1.00, 0.00, 1.00, 0.00, 1.00, 0.00, 1.00, 0.00, 0.00, 0.00, 0.00
5844,  0,  194.767,  0.98,  1, 0.25, 0.03, 1.16, 0.00, 0.00, 0.44, 0.00, 0.05, 0.00, 0.41, 0.37, 1.30, 0.00, 0.10, 0.00, 0.63, 0.00, 0.00, 0.00, 1.00, 1.00, 0.00, 1.00, 0.00, 1.00, 0.00, 1.00, 1.00, 1.00, 0.00, 1.00, 0.00, 0.00, 0.00, 0.00
5845,  0,  194.800,  0.98,  1, 0.22, 0.00, 1.04, 0.00, 0.00, 0.43, 0.00, 0.01, 0.00, 0.38, 0.31, 1.18, 0.00, 0.12, 0.00, 0.65, 0.00, 0.00, 0.00, 1.00, 1.00, 0.00, 1.00, 0.00, 1.00, 0.00, 1.00, 1.00, 1.00, 0.00, 1.00, 0.00, 0.00, 0.00, 0.00
5846,  0,  194.833,  0.98,  1, 0.22, 0.00, 1.02, 0.00, 0.00, 0.36, 0.00, 0.00, 0.00, 0.34, 0.18, 1.16, 0.00, 0.14, 0.00, 0.76, 0.00, 0.00, 0.00, 1.00, 1.00, 0.00, 1.00, 0.00, 1.00, 0.00, 1.00, 1.00, 1.00, 0.00, 1.00, 0.00, 0.00, 0.00, 0.00
5847,  0,  194.867,  0.98,  1, 0.25, 0.07, 1.07, 0.00, 0.00, 0.37, 0.00, 0.04, 0.00, 0.21, 0.12, 1.11, 0.00, 0.11, 0.00, 0.77, 0.00, 0.00, 0.00, 1.00, 1.00, 0.00, 1.00, 0.00, 1.00, 0.00, 1.00, 0.00, 1.00, 0.00, 1.00, 0.00, 1.00, 0.00, 0.00
5848,  0,  194.900,  0.98,  1, 0.25, 0.14, 1.09, 0.00, 0.00, 0.36, 0.00, 0.07, 0.00, 0.26, 0.05, 1.14, 0.00, 0.11, 0.00, 0.98, 0.00, 0.00, 0.00, 1.00, 1.00, 0.00, 1.00, 0.00, 1.00, 0.00, 1.00, 0.00, 1.00, 0.00, 1.00, 0.00, 1.00, 0.00, 0.00
5849,  0,  194.933,  0.98,  1, 0.28, 0.20, 1.12, 0.00, 0.00, 0.49, 0.00, 0.15, 0.00, 0.18, 0.05, 1.11, 0.00, 0.07, 0.00, 1.09, 0.00, 0.00, 0.00, 1.00, 1.00, 0.00, 1.00, 0.00, 1.00, 0.00, 1.00, 0.00, 1.00, 0.00, 1.00, 0.00, 1.00, 0.00, 0.00
5850,  0,  194.967,  0.98,  1, 0.31, 0.12, 1.10, 0.00, 0.00, 0.51, 0.00, 0.12, 0.00, 0.18, 0.01, 1.07, 0.00, 0.08, 0.00, 1.18, 0.00, 0.00, 0.00, 1.00, 1.00, 0.00, 1.00, 0.00, 1.00, 0.00, 1.00, 1.00, 1.00, 0.00, 1.00, 0.00, 1.00, 0.00, 0.00
5851,  0,  195.000,  0.98,  1, 0.38, 0.15, 1.13, 0.00, 0.00, 0.47, 0.00, 0.09, 0.00, 0.17, 0.04, 1.07, 0.00, 0.09, 0.00, 1.16, 0.00, 0.00, 0.00, 1.00, 1.00, 0.00, 1.00, 0.00, 1.00, 0.00, 1.00, 1.00, 1.00, 0.00, 1.00, 0.00, 1.00, 0.00, 0.00
5852,  0,  195.033,  0.98,  1, 0.34, 0.15, 1.08, 0.00, 0.00, 0.39, 0.00, 0.01, 0.00, 0.28, 0.12, 1.09, 0.00, 0.08, 0.00, 1.06, 0.00, 0.00, 0.00, 1.00, 1.00, 0.00, 1.00, 0.00, 1.00, 0.00, 1.00, 1.00, 1.00, 0.00, 1.00, 0.00, 1.00, 0.00, 0.00
5853,  0,  195.067,  0.98,  1, 0.32, 0.19, 1.03, 0.00, 0.00, 0.42, 0.00, 0.00, 0.00, 0.38, 0.12, 1.15, 0.00, 0.05, 0.00, 0.98, 0.00, 0.00, 0.00, 1.00, 1.00, 0.00, 1.00, 0.00, 1.00, 0.00, 1.00, 1.00, 1.00, 0.00, 1.00, 0.00, 0.00, 0.00, 0.00
5854,  0,  195.100,  0.98,  1, 0.35, 0.10, 0.97, 0.00, 0.00, 0.54, 0.00, 0.00, 0.00, 0.43, 0.08, 1.21, 0.00, 0.05, 0.00, 0.96, 0.00, 0.00, 0.00, 1.00, 1.00, 0.00, 1.00, 0.00, 1.00, 0.00, 1.00, 1.00, 1.00, 0.00, 1.00, 0.00, 0.00, 0.00, 0.00
5855,  0,  195.133,  0.98,  1, 0.45, 0.05, 0.91, 0.00, 0.00, 0.72, 0.00, 0.00, 0.00, 0.51, 0.00, 1.26, 0.00, 0.09, 0.00, 0.94, 0.00, 0.00, 0.00, 1.00, 1.00, 0.00, 1.00, 0.00, 1.00, 0.00, 1.00, 1.00, 1.00, 0.00, 1.00, 0.00, 0.00, 0.00, 0.00
5856,  0,  195.167,  0.98,  1, 0.55, 0.01, 0.91, 0.00, 0.00, 0.66, 0.00, 0.00, 0.00, 0.41, 0.00, 1.34, 0.00, 0.16, 0.00, 0.82, 0.00, 0.00, 0.00, 1.00, 1.00, 0.00, 1.00, 0.00, 1.00, 0.00, 1.00, 1.00, 1.00, 0.00, 1.00, 0.00, 0.00, 0.00, 0.00
5857,  0,  195.200,  0.98,  1, 0.57, 0.01, 0.96, 0.01, 0.00, 0.76, 0.00, 0.00, 0.00, 0.25, 0.00, 1.34, 0.00, 0.17, 0.00, 0.78, 0.00, 0.00, 0.00, 1.00, 1.00, 0.00, 1.00, 0.00, 1.00, 0.00, 1.00, 0.00, 1.00, 0.00, 1.00, 0.00, 0.00, 0.00, 0.00
5858,  0,  195.233,  0.98,  1, 0.59, 0.00, 0.98, 0.06, 0.00, 0.84, 0.00, 0.00, 0.00, 0.03, 0.00, 1.39, 0.00, 0.16, 0.00, 0.74, 0.00, 0.00, 0.00, 1.00, 1.00, 0.00, 1.00, 0.00, 0.00, 0.00, 1.00, 0.00, 1.00, 0.00, 1.00, 0.00, 0.00, 0.00, 0.00
5859,  0,  195.267,  0.98,  1, 0.60, 0.00, 1.00, 0.06, 0.00, 1.16, 0.00, 0.00, 0.00, 0.00, 0.00, 1.37, 0.00, 0.10, 0.07, 0.85, 0.00, 0.00, 0.00, 1.00, 1.00, 0.00, 1.00, 0.00, 0.00, 0.00, 1.00, 0.00, 1.00, 0.00, 1.00, 0.00, 1.00, 0.00, 0.00
5860,  0,  195.300,  0.98,  1, 0.61, 0.00, 0.98, 0.11, 0.00, 1.13, 0.00, 0.00, 0.00, 0.00, 0.00, 1.39, 0.00, 0.13, 0.07, 0.82, 0.00, 0.00, 0.00, 1.00, 1.00, 0.00, 1.00, 0.00, 0.00, 0.00, 0.00, 0.00, 1.00, 0.00, 1.00, 0.00, 1.00, 0.00, 0.00
5861,  0,  195.333,  0.98,  1, 0.59, 0.00, 0.97, 0.13, 0.00, 1.09, 0.00, 0.00, 0.00, 0.08, 0.00, 1.40, 0.00, 0.20, 0.07, 0.85, 0.00, 0.00, 0.00, 1.00, 1.00, 0.00, 1.00, 0.00, 0.00, 0.00, 0.00, 0.00, 1.00, 0.00, 1.00, 0.00, 1.00, 0.00, 0.00
5862,  0,  195.367,  0.98,  1, 0.55, 0.00, 0.91, 0.19, 0.00, 0.90, 0.00, 0.00, 0.00, 0.10, 0.00, 1.48, 0.00, 0.29, 0.00, 0.92, 0.00, 0.00, 0.00, 0.00, 1.00, 0.00, 1.00, 0.00, 0.00, 0.00, 0.00, 0.00, 1.00, 0.00, 1.00, 0.00, 1.00, 0.00, 0.00
5863,  0,  195.400,  0.98,  1, 0.53, 0.00, 0.91, 0.13, 0.00, 0.97, 0.00, 0.01, 0.00, 0.18, 0.00, 1.50, 0.00, 0.29, 0.00, 1.03, 0.00, 0.00, 0.00, 0.00, 1.00, 0.00, 1.00, 0.00, 0.00, 0.00, 1.00, 0.00, 1.00, 0.00, 1.00, 0.00, 1.00, 0.00, 0.00
5864,  0,  195.433,  0.98,  1, 0.57, 0.00, 0.93, 0.07, 0.00, 0.95, 0.00, 0.05, 0.00, 0.23, 0.00, 1.51, 0.00, 0.30, 0.00, 1.14, 0.00, 0.00, 0.00, 0.00, 1.00, 0.00, 1.00, 0.00, 0.00, 0.00, 1.00, 0.00, 1.00, 0.00, 1.00, 0.00, 1.00, 0.00, 0.00
5865,  0,  195.467,  0.98,  1, 0.56, 0.00, 1.00, 0.02, 0.00, 1.04, 0.00, 0.05, 0.00, 0.26, 0.00, 1.44, 0.00, 0.30, 0.02, 1.12, 0.00, 0.00, 0.00, 0.00, 1.00, 0.00, 1.00, 0.00, 0.00, 0.00, 1.00, 0.00, 1.00, 0.00, 1.00, 0.00, 1.00, 0.00, 0.00
5866,  0,  195.500,  0.98,  1, 0.46, 0.00, 1.06, 0.02, 0.00, 1.03, 0.00, 0.03, 0.00, 0.38, 0.00, 1.44, 0.00, 0.30, 0.02, 1.06, 0.00, 0.00, 0.00, 0.00, 1.00, 0.00, 1.00, 0.00, 0.00, 0.00, 1.00, 0.00, 1.00, 0.00, 1.00, 0.00, 1.00, 0.00, 0.00
5867,  0,  195.533,  0.98,  1, 0.35, 0.00, 1.04, 0.02, 0.00, 0.86, 0.00, 0.03, 0.00, 0.45, 0.00, 1.45, 0.00, 0.26, 0.05, 0.98, 0.00, 0.00, 0.00, 0.00, 1.00, 0.00, 1.00, 0.00, 0.00, 0.00, 1.00, 0.00, 1.00, 0.00, 1.00, 0.00, 1.00, 0.00, 0.00
5868,  0,  195.567,  0.98,  1, 0.24, 0.00, 1.03, 0.00, 0.00, 0.72, 0.00, 0.03, 0.00, 0.50, 0.00, 1.42, 0.00, 0.24, 0.08, 0.97, 0.00, 0.00, 0.00, 0.00, 1.00, 0.00, 1.00, 0.00, 0.00, 0.00, 1.00, 0.00, 1.00, 0.00, 1.00, 0.00, 1.00, 0.00, 0.00
5869,  0,  195.600,  0.98,  1, 0.24, 0.00, 0.97, 0.00, 0.00, 0.60, 0.00, 0.03, 0.01, 0.36, 0.00, 1.30, 0.00, 0.27, 0.17, 1.05, 0.00, 0.00, 0.00, 0.00, 1.00, 0.00, 1.00, 0.00, 0.00, 0.00, 1.00, 0.00, 1.00, 0.00, 1.00, 0.00, 1.00, 0.00, 0.00
5870,  0,  195.633,  0.98,  1, 0.27, 0.00, 1.02, 0.00, 0.00, 0.74, 0.00, 0.00, 0.01, 0.24, 0.00, 1.16, 0.00, 0.32, 0.19, 1.09, 0.00, 0.00, 0.00, 1.00, 1.00, 0.00, 1.00, 0.00, 0.00, 0.00, 1.00, 0.00, 1.00, 0.00, 1.00, 0.00, 1.00, 0.00, 0.00
5871,  0,  195.667,  0.98,  1, 0.36, 0.00, 1.08, 0.00, 0.00, 0.72, 0.00, 0.00, 0.01, 0.29, 0.00, 1.11, 0.00, 0.27, 0.19, 1.07, 0.00, 0.00, 0.00, 1.00, 1.00, 0.00, 1.00, 0.00, 0.00, 0.00, 1.00, 0.00, 1.00, 0.00, 1.00, 0.00, 1.00, 0.00, 0.00
5872,  0,  195.700,  0.98,  1, 0.46, 0.00, 1.11, 0.04, 0.00, 0.69, 0.00, 0.00, 0.00, 0.40, 0.00, 1.09, 0.00, 0.24, 0.10, 0.93, 0.00, 0.00, 0.00, 1.00, 1.00, 0.00, 1.00, 0.00, 0.00, 0.00, 1.00, 0.00, 1.00, 0.00, 1.00, 0.00, 1.00, 0.00, 0.00
5873,  0,  195.733,  0.98,  1, 0.56, 0.00, 1.07, 0.04, 0.00, 0.68, 0.00, 0.00, 0.00, 0.50, 0.00, 1.17, 0.00, 0.18, 0.05, 0.82, 0.00, 0.00, 0.00, 1.00, 1.00, 0.00, 1.00, 0.00, 0.00, 0.00, 1.00, 0.00, 1.00, 0.00, 1.00, 0.00, 1.00, 0.00, 0.00
5874,  0,  195.767,  0.98,  1, 0.52, 0.00, 1.06, 0.04, 0.00, 0.82, 0.00, 0.00, 0.01, 0.52, 0.00, 1.22, 0.00, 0.17, 0.02, 0.68, 0.00, 0.00, 0.00, 1.00, 1.00, 0.00, 1.00, 0.00, 0.00, 0.00, 1.00, 0.00, 1.00, 0.00, 1.00, 0.00, 0.00, 0.00, 0.00
5875,  0,  195.800,  0.98,  1, 0.49, 0.00, 1.06, 0.00, 0.00, 0.82, 0.00, 0.00, 0.01, 0.58, 0.00, 1.21, 0.00, 0.09, 0.02, 0.55, 0.00, 0.00, 0.00, 1.00, 1.00, 0.00, 1.00, 0.00, 0.00, 0.00, 1.00, 0.00, 1.00, 0.00, 1.00, 0.00, 0.00, 0.00, 0.00
5876,  0,  195.833,  0.98,  1, 0.40, 0.00, 1.10, 0.00, 0.00, 0.74, 0.00, 0.03, 0.01, 0.62, 0.00, 1.13, 0.00, 0.07, 0.04, 0.42, 0.00, 0.00, 0.00, 1.00, 1.00, 0.00, 1.00, 0.00, 0.00, 0.00, 1.00, 0.00, 1.00, 0.00, 1.00, 0.00, 0.00, 0.00, 0.00
5877,  0,  195.867,  0.98,  1, 0.46, 0.02, 1.08, 0.00, 0.00, 0.53, 0.00, 0.07, 0.00, 0.62, 0.00, 1.07, 0.00, 0.04, 0.07, 0.38, 0.00, 0.00, 0.00, 1.00, 1.00, 0.00, 1.00, 0.00, 0.00, 0.00, 1.00, 0.00, 1.00, 0.00, 1.00, 0.00, 0.00, 0.00, 0.00
5878,  0,  195.900,  0.98,  1, 0.46, 0.02, 1.08, 0.00, 0.00, 0.38, 0.00, 0.14, 0.00, 0.62, 0.03, 1.16, 0.00, 0.15, 0.06, 0.38, 0.00, 0.00, 0.00, 1.00, 1.00, 0.00, 1.00, 0.00, 0.00, 0.00, 1.00, 0.00, 1.00, 0.00, 1.00, 0.00, 0.00, 0.00, 0.00
5879,  0,  195.933,  0.98,  1, 0.48, 0.02, 1.05, 0.11, 0.00, 0.25, 0.00, 0.14, 0.00, 0.61, 0.04, 1.18, 0.00, 0.19, 0.04, 0.41, 0.00, 0.00, 0.00, 1.00, 1.00, 0.00, 1.00, 0.00, 0.00, 0.00, 1.00, 0.00, 1.00, 0.00, 1.00, 0.00, 0.00, 0.00, 0.00
5880,  0,  195.967,  0.98,  1, 0.45, 0.00, 1.02, 0.14, 0.00, 0.18, 0.00, 0.10, 0.00, 0.57, 0.18, 1.30, 0.00, 0.21, 0.00, 0.45, 0.00, 0.00, 0.00, 1.00, 1.00, 0.00, 1.00, 0.00, 0.00, 0.00, 1.00, 0.00, 1.00, 0.00, 1.00, 0.00, 0.00, 0.00, 0.00
5881,  0,  196.000,  0.98,  1, 0.43, 0.00, 1.03, 0.15, 0.00, 0.26, 0.00, 0.02, 0.00, 0.44, 0.26, 1.40, 0.00, 0.19, 0.00, 0.57, 0.00, 0.00, 0.00, 1.00, 1.00, 0.00, 1.00, 0.00, 0.00, 0.00, 1.00, 0.00, 1.00, 0.00, 1.00, 0.00, 0.00, 0.00, 0.00
5882,  0,  196.033,  0.98,  1, 0.42, 0.00, 1.00, 0.04, 0.00, 0.29, 0.00, 0.00, 0.00, 0.38, 0.25, 1.48, 0.00, 0.19, 0.00, 0.75, 0.00, 0.00, 0.00, 1.00, 1.00, 0.00, 1.00, 0.00, 0.00, 0.00, 1.00, 0.00, 1.00, 0.00, 1.00, 0.00, 0.00, 0.00, 0.00
5883,  0,  196.067,  0.98,  1, 0.48, 0.00, 0.97, 0.01, 0.00, 0.49, 0.00, 0.00, 0.00, 0.33, 0.11, 1.41, 0.00, 0.15, 0.00, 0.88, 0.00, 0.00, 0.00, 1.00, 1.00, 0.00, 1.00, 0.00, 0.00, 0.00, 1.00, 0.00, 1.00, 0.00, 1.00, 0.00, 0.00, 0.00, 0.00
5884,  0,  196.100,  0.98,  1, 0.51, 0.00, 1.07, 0.00, 0.00, 0.59, 0.00, 0.00, 0.00, 0.24, 0.04, 1.28, 0.00, 0.06, 0.00, 0.89, 0.56, 0.00, 0.00, 1.00, 1.00, 0.00, 1.00, 0.00, 0.00, 0.00, 1.00, 0.00, 1.00, 0.00, 1.00, 0.00, 0.00, 0.00, 0.00
5885,  0,  196.133,  0.98,  1, 0.49, 0.00, 1.16, 0.00, 0.00, 0.46, 0.00, 0.00, 0.01, 0.20, 0.07, 1.27, 0.00, 0.00, 0.04, 0.89, 1.31, 0.00, 0.00, 1.00, 1.00, 0.00, 1.00, 0.00, 0.00, 0.00, 1.00, 0.00, 1.00, 0.00, 1.00, 0.00, 0.00, 0.00, 1.00
5886,  0,  196.167,  0.98,  1, 0.33, 0.00, 1.22, 0.02, 0.00, 0.42, 0.00, 0.00, 0.03, 0.15, 0.07, 1.25, 0.00, 0.00, 0.04, 0.97, 1.93, 0.00, 0.00, 1.00, 1.00, 0.00, 1.00, 0.00, 0.00, 0.00, 1.00, 0.00, 1.00, 0.00, 1.00, 0.00, 1.00, 0.00, 1.00
5887,  0,  196.200,  0.98,  1, 0.21, 0.00, 1.14, 0.02, 0.00, 0.44, 0.00, 0.00, 0.03, 0.15, 0.04, 1.27, 0.00, 0.00, 0.04, 1.11, 1.65, 0.00, 0.00, 1.00, 1.00, 0.00, 1.00, 0.00, 0.00, 0.00, 1.00, 0.00, 1.00, 0.00, 1.00, 0.00, 1.00, 0.00, 1.00
5888,  0,  196.233,  0.98,  1, 0.16, 0.00, 1.18, 0.02, 0.00, 0.96, 0.00, 0.00, 0.02, 0.09, 0.00, 1.24, 0.00, 0.03, 0.00, 1.14, 1.09, 0.00, 0.00, 1.00, 1.00, 0.00, 1.00, 0.00, 0.00, 0.00, 1.00, 0.00, 1.00, 0.00, 1.00, 0.00, 1.00, 0.00, 1.00
5889,  0,  196.267,  0.98,  1, 0.19, 0.00, 1.23, 0.00, 0.00, 1.05, 0.00, 0.00, 0.00, 0.05, 0.00, 1.18, 0.00, 0.06, 0.03, 1.05, 0.55, 0.00, 0.00, 1.00, 1.00, 0.00, 1.00, 0.00, 0.00, 0.00, 1.00, 0.00, 1.00, 0.00, 1.00, 0.00, 1.00, 0.00, 1.00
5890,  0,  196.300,  0.98,  1, 0.15, 0.00, 1.18, 0.00, 0.00, 1.14, 0.00, 0.00, 0.02, 0.28, 0.00, 1.21, 0.00, 0.11, 0.04, 0.86, 0.29, 0.00, 0.00, 1.00, 1.00, 0.00, 1.00, 0.00, 0.00, 0.00, 1.00, 0.00, 1.00, 0.00, 1.00, 0.00, 1.00, 0.00, 1.00
5891,  0,  196.333,  0.98,  1, 0.10, 0.00, 1.07, 0.00, 0.00, 0.87, 0.00, 0.02, 0.04, 0.45, 0.00, 1.20, 0.00, 0.11, 0.09, 0.68, 0.10, 0.00, 0.00, 1.00, 1.00, 0.00, 1.00, 0.00, 0.00, 0.00, 0.00, 0.00, 1.00, 0.00, 1.00, 0.00, 1.00, 0.00, 0.00
5892,  0,  196.367,  0.98,  1, 0.07, 0.00, 1.03, 0.00, 0.00, 0.79, 0.00, 0.02, 0.04, 0.45, 0.00, 1.14, 0.00, 0.10, 0.10, 0.61, 0.05, 0.00, 0.00, 1.00, 0.00, 0.00, 1.00, 0.00, 0.00, 0.00, 1.00, 0.00, 1.00, 0.00, 1.00, 0.00, 1.00, 0.00, 0.00
5893,  0,  196.400,  0.98,  1, 0.09, 0.00, 1.07, 0.00, 0.00, 0.65, 0.00, 0.02, 0.02, 0.25, 0.00, 0.98, 0.00, 0.05, 0.16, 0.62, 0.05, 0.00, 0.00, 1.00, 1.00, 0.00, 1.00, 0.00, 0.00, 0.00, 0.00, 0.00, 1.00, 0.00, 1.00, 0.00, 1.00, 0.00, 0.00
5894,  0,  196.433,  0.98,  1, 0.07, 0.00, 1.05, 0.00, 0.00, 0.72, 0.00, 0.00, 0.03, 0.07, 0.00, 0.84, 0.00, 0.02, 0.24, 0.64, 0.05, 0.00, 0.00, 1.00, 1.00, 0.00, 1.00, 0.00, 0.00, 0.00, 1.00, 0.00, 1.00, 0.00, 1.00, 0.00, 0.00, 0.00, 0.00
5895,  0,  196.467,  0.98,  1, 0.06, 0.00, 1.00, 0.00, 0.00, 0.80, 0.00, 0.00, 0.07, 0.13, 0.00, 0.95, 0.00, 0.03, 0.27, 0.60, 0.06, 0.00, 0.00, 1.00, 1.00, 0.00, 1.00, 0.00, 0.00, 0.00, 0.00, 0.00, 1.00, 0.00, 1.00, 0.00, 0.00, 0.00, 0.00
5896,  0,  196.500,  0.98,  1, 0.04, 0.00, 1.03, 0.00, 0.00, 0.84, 0.00, 0.00, 0.12, 0.23, 0.00, 1.00, 0.00, 0.05, 0.25, 0.51, 0.04, 0.00, 0.00, 1.00, 1.00, 0.00, 1.00, 0.00, 0.00, 0.00, 0.00, 0.00, 1.00, 0.00, 1.00, 0.00, 0.00, 0.00, 0.00
5897,  0,  196.533,  0.98,  1, 0.03, 0.00, 1.03, 0.00, 0.00, 0.80, 0.00, 0.00, 0.10, 0.27, 0.00, 1.15, 0.00, 0.13, 0.13, 0.34, 0.10, 0.00, 0.00, 1.00, 1.00, 0.00, 1.00, 0.00, 0.00, 0.00, 1.00, 0.00, 1.00, 0.00, 1.00, 0.00, 0.00, 0.00, 0.00
5898,  0,  196.567,  0.98,  1, 0.05, 0.00, 1.04, 0.05, 0.00, 0.69, 0.00, 0.00, 0.10, 0.40, 0.00, 1.15, 0.00, 0.18, 0.12, 0.23, 0.15, 0.00, 0.00, 1.00, 1.00, 0.00, 1.00, 0.00, 0.00, 0.00, 1.00, 0.00, 1.00, 0.00, 1.00, 0.00, 0.00, 0.00, 0.00
5899,  0,  196.600,  0.98,  1, 0.06, 0.00, 1.02, 0.05, 0.00, 0.65, 0.00, 0.00, 0.09, 0.45, 0.00, 1.23, 0.00, 0.22, 0.11, 0.12, 0.21, 0.00, 0.00, 1.00, 1.00, 0.00, 1.00, 0.00, 0.00, 0.00, 1.00, 0.00, 1.00, 0.00, 1.00, 0.00, 0.00, 0.00, 0.00
5900,  0,  196.633,  0.98,  1, 0.17, 0.00, 1.05, 0.05, 0.00, 0.59, 0.00, 0.00, 0.14, 0.56, 0.00, 1.16, 0.00, 0.21, 0.12, 0.17, 0.18, 0.00, 0.00, 1.00, 1.00, 0.00, 1.00, 0.00, 1.00, 0.00, 1.00, 0.00, 1.00, 0.00, 1.00, 0.00, 0.00, 0.00, 0.00
5901,  0,  196.667,  0.98,  1, 0.22, 0.00, 1.09, 0.00, 0.00, 0.70, 0.00, 0.02, 0.20, 0.62, 0.00, 1.12, 0.00, 0.17, 0.07, 0.09, 0.17, 0.00, 0.00, 1.00, 1.00, 0.00, 1.00, 0.00, 1.00, 0.00, 1.00, 0.00, 1.00, 0.00, 1.00, 0.00, 0.00, 0.00, 0.00
5902,  0,  196.700,  0.98,  1, 0.38, 0.00, 1.16, 0.00, 0.04, 0.74, 0.00, 0.02, 0.29, 0.80, 0.00, 1.11, 0.00, 0.12, 0.10, 0.19, 0.10, 0.00, 0.00, 1.00, 1.00, 0.00, 1.00, 0.00, 1.00, 0.00, 1.00, 0.00, 1.00, 0.00, 1.00, 0.00, 0.00, 0.00, 0.00
5903,  0,  196.733,  0.98,  1, 0.34, 0.00, 1.20, 0.00, 0.14, 0.83, 0.06, 0.02, 0.37, 0.97, 0.07, 1.12, 0.00, 0.09, 0.14, 0.28, 0.12, 0.00, 0.00, 1.00, 1.00, 0.00, 1.00, 0.00, 1.00, 0.00, 1.00, 0.00, 1.00, 0.00, 1.00, 0.00, 0.00, 0.00, 0.00
5904,  0,  196.767,  0.98,  1, 0.26, 0.00, 1.26, 0.00, 0.27, 0.76, 0.06, 0.00, 0.52, 0.90, 0.09, 1.04, 0.00, 0.05, 0.28, 0.34, 0.16, 0.00, 0.00, 1.00, 1.00, 0.00, 1.00, 0.00, 1.00, 1.00, 1.00, 0.00, 1.00, 0.00, 1.00, 0.00, 0.00, 0.00, 0.00
5905,  0,  196.800,  0.98,  1, 0.11, 0.00, 1.35, 0.00, 0.44, 0.98, 0.06, 0.10, 0.73, 0.77, 0.10, 0.86, 0.00, 0.03, 0.53, 0.45, 0.16, 0.00, 0.00, 1.00, 1.00, 0.00, 1.00, 0.00, 1.00, 1.00, 1.00, 0.00, 1.00, 0.00, 1.00, 0.00, 0.00, 0.00, 0.00
5906,  0,  196.833,  0.98,  1, 0.11, 0.00, 1.42, 0.00, 0.51, 1.19, 0.00, 0.15, 0.96, 0.72, 0.03, 0.64, 0.00, 0.01, 0.87, 0.48, 0.11, 0.00, 0.00, 1.00, 1.00, 0.00, 1.00, 0.00, 1.00, 1.00, 1.00, 0.00, 0.00, 0.00, 1.00, 0.00, 0.00, 0.00, 0.00
5907,  0,  196.867,  0.98,  1, 0.09, 0.00, 1.44, 0.03, 0.66, 1.52, 0.00, 0.36, 1.17, 0.96, 0.01, 0.46, 0.00, 0.00, 1.24, 0.66, 0.04, 0.00, 0.00, 1.00, 1.00, 0.00, 1.00, 0.00, 1.00, 1.00, 1.00, 0.00, 0.00, 0.00, 1.00, 0.00, 0.00, 0.00, 0.00
5908,  0,  196.900,  0.98,  1, 0.06, 0.00, 1.39, 0.03, 0.79, 1.64, 0.00, 0.57, 1.32, 1.16, 0.00, 0.28, 0.00, 0.00, 1.55, 0.64, 0.12, 0.00, 0.00, 1.00, 1.00, 1.00, 1.00, 0.00, 1.00, 1.00, 1.00, 0.00, 0.00, 0.00, 1.00, 1.00, 1.00, 0.00, 0.00
5909,  0,  196.933,  0.98,  1, 0.02, 0.00, 1.36, 0.03, 0.99, 1.60, 0.00, 0.82, 1.43, 1.39, 0.00, 0.16, 0.00, 0.04, 1.70, 0.58, 0.12, 0.00, 0.00, 1.00, 1.00, 1.00, 1.00, 0.00, 1.00, 1.00, 1.00, 0.00, 0.00, 0.00, 1.00, 1.00, 1.00, 0.00, 0.00
5910,  0,  196.967,  0.98,  1, 0.02, 0.00, 1.39, 0.00, 1.13, 1.57, 0.00, 1.01, 1.52, 1.48, 0.00, 0.08, 0.00, 0.07, 1.76, 0.43, 0.08, 0.00, 0.00, 1.00, 1.00, 1.00, 1.00, 0.00, 1.00, 1.00, 1.00, 0.00, 0.00, 0.00, 0.00, 1.00, 1.00, 0.00, 0.00
5911,  0,  197.000,  0.98,  1, 0.02, 0.00, 1.41, 0.00, 1.20, 1.79, 0.00, 1.06, 1.66, 1.49, 0.00, 0.03, 0.04, 0.07, 1.81, 0.44, 0.00, 0.00, 0.00, 1.00, 1.00, 1.00, 1.00, 0.00, 1.00, 1.00, 1.00, 0.00, 0.00, 0.00, 1.00, 1.00, 1.00, 0.00, 0.00
5912,  0,  197.033,  0.98,  1, 0.00, 0.00, 1.35, 0.00, 1.25, 2.04, 0.00, 1.03, 1.77, 1.37, 0.00, 0.00, 0.05, 0.03, 1.95, 0.50, 0.00, 0.00, 0.00, 1.00, 1.00, 1.00, 1.00, 0.00, 1.00, 1.00, 1.00, 0.00, 0.00, 0.00, 1.00, 1.00, 1.00, 0.00, 0.00
5913,  0,  197.067,  0.98,  1, 0.00, 0.00, 1.32, 0.00, 1.29, 2.28, 0.00, 0.93, 1.85, 1.28, 0.00, 0.00, 0.05, 0.01, 2.04, 0.56, 0.00, 0.00, 0.00, 1.00, 1.00, 1.00, 1.00, 0.00, 1.00, 1.00, 1.00, 0.00, 0.00, 0.00, 1.00, 1.00, 1.00, 0.00, 0.00
5914,  0,  197.100,  0.98,  1, 0.00, 0.00, 1.25, 0.00, 1.34, 2.17, 0.00, 0.82, 1.83, 1.36, 0.00, 0.09, 0.18, 0.03, 1.98, 0.48, 0.00, 0.00, 0.00, 1.00, 1.00, 1.00, 1.00, 0.00, 1.00, 1.00, 1.00, 0.00, 0.00, 0.00, 1.00, 1.00, 1.00, 0.00, 0.00
5915,  0,  197.133,  0.98,  1, 0.00, 0.00, 1.27, 0.00, 1.40, 2.27, 0.00, 0.88, 1.82, 1.56, 0.00, 0.13, 0.33, 0.04, 1.96, 0.38, 0.00, 0.00, 0.00, 1.00, 1.00, 1.00, 1.00, 0.00, 1.00, 1.00, 1.00, 0.00, 0.00, 0.00, 1.00, 1.00, 1.00, 0.00, 0.00
5916,  0,  197.167,  0.98,  1, 0.00, 0.00, 1.26, 0.00, 1.45, 2.25, 0.00, 0.87, 1.83, 1.76, 0.00, 0.22, 0.38, 0.03, 1.93, 0.28, 0.00, 0.00, 0.00, 1.00, 1.00, 1.00, 1.00, 0.00, 1.00, 1.00, 1.00, 0.00, 0.00, 0.00, 1.00, 1.00, 1.00, 0.00, 0.00
5917,  0,  197.200,  0.98,  1, 0.00, 0.00, 1.24, 0.00, 1.43, 2.21, 0.00, 0.90, 1.84, 1.79, 0.00, 0.15, 0.26, 0.01, 1.92, 0.16, 0.00, 0.00, 0.00, 1.00, 1.00, 1.00, 1.00, 0.00, 1.00, 1.00, 1.00, 0.00, 0.00, 0.00, 1.00, 1.00, 0.00, 0.00, 0.00
5918,  0,  197.233,  0.98,  1, 0.00, 0.00, 1.23, 0.00, 1.44, 2.08, 0.00, 0.92, 1.90, 1.75, 0.00, 0.11, 0.15, 0.00, 1.85, 0.17, 0.00, 0.00, 0.00, 1.00, 1.00, 1.00, 1.00, 0.00, 1.00, 1.00, 1.00, 0.00, 0.00, 0.00, 1.00, 1.00, 0.00, 0.00, 0.00
5919,  0,  197.267,  0.98,  1, 0.00, 0.00, 1.20, 0.00, 1.51, 2.16, 0.00, 1.01, 1.95, 1.81, 0.00, 0.06, 0.11, 0.00, 1.84, 0.24, 0.00, 0.00, 0.00, 1.00, 1.00, 1.00, 1.00, 0.00, 1.00, 1.00, 1.00, 0.00, 0.00, 0.00, 1.00, 1.00, 0.00, 0.00, 0.00
5920,  0,  197.300,  0.98,  1, 0.00, 0.00, 1.25, 0.00, 1.65, 2.41, 0.00, 1.11, 2.03, 1.93, 0.00, 0.04, 0.05, 0.00, 1.82, 0.27, 0.00, 0.00, 0.00, 1.00, 1.00, 1.00, 1.00, 0.00, 1.00, 1.00, 1.00, 0.00, 0.00, 0.00, 1.00, 1.00, 0.00, 0.00, 0.00
5921,  0,  197.333,  0.98,  1, 0.00, 0.00, 1.12, 0.00, 1.77, 2.57, 0.00, 1.14, 2.09, 2.03, 0.00, 0.04, 0.05, 0.00, 1.89, 0.16, 0.01, 0.00, 0.00, 1.00, 1.00, 1.00, 1.00, 0.00, 1.00, 1.00, 1.00, 0.00, 0.00, 0.00, 1.00, 1.00, 0.00, 0.00, 0.00
5922,  0,  197.367,  0.98,  1, 0.00, 0.00, 1.06, 0.00, 1.81, 2.60, 0.00, 1.14, 2.07, 2.10, 0.00, 0.00, 0.11, 0.00, 1.92, 0.07, 0.19, 0.00, 0.00, 1.00, 1.00, 1.00, 1.00, 0.00, 1.00, 1.00, 1.00, 0.00, 0.00, 0.00, 1.00, 1.00, 0.00, 0.00, 1.00
5923,  0,  197.400,  0.98,  1, 0.00, 0.00, 1.08, 0.00, 1.80, 2.44, 0.00, 1.10, 2.05, 2.11, 0.00, 0.00, 0.13, 0.00, 1.90, 0.09, 0.41, 0.00, 0.00, 1.00, 1.00, 1.00, 1.00, 0.00, 1.00, 1.00, 1.00, 0.00, 0.00, 0.00, 1.00, 1.00, 0.00, 0.00, 1.00
5924,  0,  197.433,  0.98,  1, 0.00, 0.00, 1.15, 0.00, 1.74, 2.23, 0.00, 1.12, 2.03, 1.97, 0.00, 0.00, 0.20, 0.00, 1.80, 0.10, 0.93, 0.00, 0.00, 1.00, 1.00, 1.00, 1.00, 0.00, 1.00, 1.00, 1.00, 0.00, 0.00, 0.00, 1.00, 1.00, 1.00, 0.00, 1.00
5925,  0,  197.467,  0.93,  1, 0.00, 0.00, 1.16, 0.06, 1.68, 1.95, 0.00, 1.15, 2.05, 1.80, 0.00, 0.00, 0.17, 0.00, 1.76, 0.23, 1.32, 0.00, 0.00, 1.00, 1.00, 1.00, 1.00, 0.00, 1.00, 1.00, 1.00, 0.00, 0.00, 0.00, 1.00, 1.00, 1.00, 0.00, 1.00
5926,  0,  197.500,  0.93,  1, 0.00, 0.00, 0.98, 0.06, 1.65, 1.88, 0.00, 1.27, 2.06, 1.76, 0.00, 0.00, 0.15, 0.00, 1.91, 0.34, 1.60, 0.00, 0.00, 1.00, 1.00, 1.00, 1.00, 0.00, 1.00, 1.00, 1.00, 0.00, 0.00, 0.00, 1.00, 1.00, 1.00, 0.00, 1.00
5927,  0,  197.533,  0.93,  1, 0.00, 0.00, 0.82, 0.15, 1.54, 1.81, 0.00, 1.22, 2.01, 1.82, 0.00, 0.00, 0.09, 0.00, 2.01, 0.51, 1.62, 0.00, 0.00, 1.00, 1.00, 1.00, 1.00, 0.00, 1.00, 1.00, 1.00, 0.00, 0.00, 0.00, 1.00, 1.00, 1.00, 0.00, 1.00
5928,  0,  197.567,  0.93,  1, 0.00, 0.00, 0.71, 0.29, 1.44, 1.69, 0.00, 1.10, 1.96, 1.60, 0.00, 0.00, 0.07, 0.00, 2.05, 0.52, 1.72, 0.00, 0.00, 1.00, 1.00, 1.00, 1.00, 0.00, 1.00, 1.00, 1.00, 0.00, 0.00, 0.00, 1.00, 1.00, 1.00, 0.00, 1.00
5929,  0,  197.600,  0.93,  1, 0.00, 0.00, 0.72, 0.44, 1.34, 1.44, 0.00, 1.01, 1.95, 1.39, 0.00, 0.00, 0.07, 0.00, 2.01, 0.54, 1.83, 0.00, 0.00, 0.00, 1.00, 1.00, 1.00, 0.00, 1.00, 1.00, 1.00, 0.00, 0.00, 0.00, 1.00, 1.00, 1.00, 0.00, 1.00
5930,  0,  197.633,  0.93,  1, 0.00, 0.00, 0.81, 0.48, 1.33, 1.43, 0.00, 0.92, 1.93, 1.17, 0.00, 0.00, 0.03, 0.00, 2.01, 0.51, 1.81, 0.00, 0.00, 0.00, 1.00, 1.00, 1.00, 0.00, 1.00, 1.00, 1.00, 0.00, 0.00, 0.00, 0.00, 1.00, 1.00, 0.00, 1.00
5931,  0,  197.667,  0.93,  1, 0.00, 0.00, 0.76, 0.31, 1.26, 1.43, 0.00, 0.84, 1.87, 1.27, 0.00, 0.00, 0.03, 0.00, 2.01, 0.46, 1.82, 0.00, 0.00, 0.00, 1.00, 1.00, 1.00, 0.00, 1.00, 1.00, 1.00, 0.00, 0.00, 0.00, 0.00, 1.00, 1.00, 0.00, 1.00
5932,  0,  197.700,  0.93,  1, 0.00, 0.00, 0.72, 0.26, 1.23, 1.47, 0.00, 0.71, 1.78, 1.27, 0.00, 0.00, 0.06, 0.00, 2.04, 0.38, 1.78, 0.00, 0.00, 0.00, 1.00, 1.00, 1.00, 0.00, 1.00, 1.00, 1.00, 0.00, 0.00, 0.00, 0.00, 1.00, 1.00, 0.00, 1.00
5933,  0,  197.733,  0.93,  1, 0.00, 0.00, 0.66, 0.16, 1.15, 1.30, 0.02, 0.67, 1.74, 1.23, 0.00, 0.03, 0.15, 0.00, 2.03, 0.29, 1.78, 0.00, 0.00, 0.00, 0.00, 1.00, 1.00, 0.00, 1.00, 1.00, 1.00, 0.00, 0.00, 0.00, 0.00, 1.00, 1.00, 0.00, 1.00
5934,  0,  197.767,  0.93,  1, 0.00, 0.00, 0.70, 0.13, 1.09, 1.27, 0.04, 0.70, 1.67, 1.07, 0.00, 0.10, 0.18, 0.01, 2.01, 0.40, 1.54, 0.00, 0.00, 0.00, 0.00, 1.00, 1.00, 0.00, 1.00, 1.00, 1.00, 0.00, 0.00, 0.00, 0.00, 1.00, 1.00, 0.00, 1.00
5935,  0,  197.800,  0.93,  1, 0.00, 0.00, 0.70, 0.12, 0.96, 1.29, 0.05, 0.62, 1.59, 0.88, 0.00, 0.23, 0.21, 0.03, 1.81, 0.53, 1.46, 0.00, 0.00, 0.00, 0.00, 1.00, 0.00, 0.00, 1.00, 1.00, 1.00, 0.00, 0.00, 0.00, 0.00, 1.00, 1.00, 0.00, 1.00
5936,  0,  197.833,  0.93,  1, 0.00, 0.00, 0.65, 0.25, 0.79, 1.24, 0.07, 0.53, 1.35, 0.66, 0.00, 0.37, 0.23, 0.04, 1.58, 0.83, 1.41, 0.00, 0.00, 0.00, 0.00, 1.00, 0.00, 0.00, 1.00, 1.00, 1.00, 0.00, 1.00, 0.00, 1.00, 1.00, 1.00, 0.00, 1.00
5937,  0,  197.867,  0.98,  1, 0.00, 0.00, 0.58, 0.24, 0.65, 1.10, 0.08, 0.55, 1.01, 0.52, 0.00, 0.60, 0.43, 0.10, 1.16, 0.78, 1.47, 0.00, 0.00, 0.00, 0.00, 0.00, 0.00, 0.00, 1.00, 1.00, 1.00, 0.00, 1.00, 0.00, 1.00, 1.00, 1.00, 0.00, 1.00
5938,  0,  197.900,  0.98,  1, 0.00, 0.00, 0.56, 0.29, 0.50, 0.97, 0.08, 0.56, 0.66, 0.41, 0.00, 0.69, 0.40, 0.13, 0.83, 0.63, 1.48, 0.00, 0.00, 0.00, 0.00, 0.00, 0.00, 0.00, 1.00, 0.00, 1.00, 1.00, 1.00, 0.00, 1.00, 0.00, 0.00, 0.00, 1.00
5939,  0,  197.933,  0.98,  1, 0.00, 0.00, 0.66, 0.24, 0.47, 1.11, 0.13, 0.62, 0.49, 0.30, 0.06, 0.71, 0.33, 0.12, 0.46, 0.33, 1.59, 0.00, 0.00, 0.00, 0.00, 0.00, 0.00, 0.00, 1.00, 0.00, 1.00, 1.00, 1.00, 0.00, 1.00, 0.00, 0.00, 0.00, 1.00
5940,  0,  197.967,  0.98,  1, 0.00, 0.00, 0.72, 0.35, 0.48, 0.99, 0.10, 0.45, 0.54, 0.36, 0.06, 0.58, 0.25, 0.05, 0.51, 0.33, 1.53, 0.00, 0.00, 0.00, 0.00, 0.00, 0.00, 0.00, 1.00, 0.00, 1.00, 1.00, 1.00, 0.00, 1.00, 0.00, 0.00, 0.00, 1.00
5941,  0,  198.000,  0.98,  1, 0.03, 0.00, 0.68, 0.36, 0.55, 1.00, 0.09, 0.32, 0.69, 0.54, 0.06, 0.48, 0.27, 0.00, 0.77, 0.27, 1.67, 0.00, 0.00, 0.00, 0.00, 0.00, 1.00, 0.00, 1.00, 0.00, 1.00, 1.00, 0.00, 0.00, 1.00, 0.00, 0.00, 0.00, 1.00
5942,  0,  198.033,  0.98,  1, 0.08, 0.00, 0.61, 0.32, 0.53, 0.75, 0.02, 0.14, 0.82, 0.70, 0.00, 0.36, 0.35, 0.00, 1.23, 0.25, 1.75, 0.00, 0.00, 0.00, 0.00, 0.00, 1.00, 0.00, 1.00, 0.00, 1.00, 0.00, 0.00, 0.00, 1.00, 0.00, 0.00, 0.00, 1.00
5943,  0,  198.067,  0.93,  1, 0.12, 0.00, 0.59, 0.21, 0.55, 0.81, 0.11, 0.07, 0.91, 0.53, 0.00, 0.26, 0.25, 0.00, 1.47, 0.07, 2.08, 0.00, 0.00, 1.00, 0.00, 1.00, 1.00, 0.00, 1.00, 0.00, 1.00, 0.00, 0.00, 0.00, 1.00, 0.00, 0.00, 0.00, 1.00
5944,  0,  198.100,  0.93,  1, 0.15, 0.00, 0.67, 0.12, 0.58, 0.84, 0.25, 0.05, 0.92, 0.27, 0.00, 0.23, 0.24, 0.00, 1.57, 0.05, 2.19, 0.00, 0.00, 1.00, 0.00, 1.00, 1.00, 0.00, 1.00, 1.00, 1.00, 0.00, 0.00, 0.00, 1.00, 0.00, 0.00, 0.00, 1.00
5945,  0,  198.133,  0.93,  1, 0.14, 0.00, 0.73, 0.04, 0.61, 0.92, 0.36, 0.09, 0.92, 0.19, 0.00, 0.28, 0.16, 0.00, 1.53, 0.02, 2.29, 0.00, 0.00, 1.00, 0.00, 1.00, 1.00, 0.00, 1.00, 1.00, 1.00, 0.00, 0.00, 0.00, 1.00, 0.00, 0.00, 0.00, 1.00
5946,  0,  198.167,  0.93,  1, 0.20, 0.00, 0.90, 0.03, 0.59, 1.09, 0.40, 0.15, 0.93, 0.12, 0.00, 0.28, 0.09, 0.00, 1.50, 0.02, 2.24, 0.00, 0.00, 1.00, 0.00, 1.00, 1.00, 0.00, 1.00, 1.00, 1.00, 1.00, 0.00, 0.00, 1.00, 0.00, 0.00, 0.00, 1.00
5947,  0,  198.200,  0.93,  1, 0.24, 0.00, 0.98, 0.00, 0.53, 0.96, 0.43, 0.21, 0.94, 0.17, 0.03, 0.31, 0.11, 0.00, 1.43, 0.00, 2.19, 0.00, 0.00, 1.00, 0.00, 1.00, 1.00, 0.00, 1.00, 1.00, 1.00, 1.00, 0.00, 0.00, 1.00, 0.00, 0.00, 0.00, 1.00
5948,  0,  198.233,  0.93,  1, 0.25, 0.00, 1.05, 0.02, 0.49, 0.95, 0.40, 0.29, 0.97, 0.06, 0.09, 0.31, 0.08, 0.00, 1.37, 0.00, 2.11, 0.00, 0.00, 1.00, 0.00, 0.00, 1.00, 0.00, 1.00, 1.00, 1.00, 1.00, 0.00, 0.00, 1.00, 0.00, 0.00, 0.00, 1.00
5949,  0,  198.267,  0.93,  1, 0.31, 0.00, 0.99, 0.02, 0.49, 0.81, 0.41, 0.21, 1.00, 0.14, 0.11, 0.32, 0.21, 0.00, 1.27, 0.00, 2.14, 0.00, 0.00, 1.00, 0.00, 0.00, 1.00, 0.00, 1.00, 1.00, 1.00, 1.00, 0.00, 0.00, 1.00, 0.00, 0.00, 0.00, 1.00
5950,  0,  198.300,  0.93,  1, 0.19, 0.00, 0.90, 0.02, 0.50, 0.69, 0.32, 0.14, 0.99, 0.25, 0.28, 0.36, 0.36, 0.00, 1.19, 0.00, 2.25, 0.00, 0.00, 1.00, 0.00, 0.00, 0.00, 0.00, 1.00, 1.00, 1.00, 1.00, 0.00, 0.00, 1.00, 0.00, 0.00, 0.00, 1.00
5951,  0,  198.333,  0.93,  1, 0.15, 0.00, 0.90, 0.00, 0.52, 0.50, 0.26, 0.10, 1.02, 0.36, 0.29, 0.32, 0.43, 0.00, 1.10, 0.00, 2.37, 0.00, 0.00, 1.00, 0.00, 0.00, 0.00, 0.00, 1.00, 1.00, 1.00, 1.00, 1.00, 0.00, 1.00, 0.00, 0.00, 0.00, 1.00
5952,  0,  198.367,  0.93,  1, 0.00, 0.00, 0.93, 0.00, 0.53, 0.37, 0.29, 0.21, 0.98, 0.38, 0.26, 0.41, 0.39, 0.00, 1.16, 0.00, 2.38, 0.00, 0.00, 1.00, 0.00, 0.00, 0.00, 0.00, 1.00, 1.00, 1.00, 0.00, 1.00, 0.00, 1.00, 0.00, 0.00, 0.00, 1.00
5953,  0,  198.400,  0.93,  1, 0.00, 0.00, 1.04, 0.00, 0.57, 0.36, 0.32, 0.22, 1.00, 0.33, 0.06, 0.45, 0.32, 0.00, 1.16, 0.00, 2.29, 0.00, 0.00, 1.00, 0.00, 0.00, 0.00, 0.00, 1.00, 1.00, 1.00, 0.00, 0.00, 0.00, 1.00, 0.00, 0.00, 0.00, 1.00
5954,  0,  198.433,  0.93,  1, 0.00, 0.00, 0.96, 0.00, 0.57, 0.50, 0.43, 0.26, 1.06, 0.38, 0.00, 0.40, 0.41, 0.00, 1.42, 0.04, 2.07, 0.00, 0.00, 0.00, 0.00, 0.00, 0.00, 0.00, 1.00, 1.00, 1.00, 0.00, 0.00, 0.00, 1.00, 0.00, 0.00, 0.00, 1.00
5955,  0,  198.467,  0.93,  1, 0.00, 0.00, 0.86, 0.09, 0.60, 0.57, 0.39, 0.24, 1.21, 0.36, 0.00, 0.23, 0.38, 0.00, 1.55, 0.05, 1.86, 0.00, 0.00, 1.00, 0.00, 0.00, 0.00, 0.00, 1.00, 1.00, 1.00, 0.00, 0.00, 0.00, 1.00, 0.00, 0.00, 0.00, 1.00
5956,  0,  198.500,  0.93,  1, 0.00, 0.00, 0.71, 0.12, 0.59, 0.78, 0.41, 0.41, 1.36, 0.40, 0.00, 0.10, 0.36, 0.00, 1.70, 0.15, 1.60, 0.00, 0.00, 1.00, 0.00, 0.00, 0.00, 0.00, 1.00, 1.00, 1.00, 0.00, 0.00, 0.00, 1.00, 1.00, 0.00, 0.00, 1.00
5957,  0,  198.533,  0.98,  1, 0.00, 0.00, 0.70, 0.12, 0.62, 0.77, 0.33, 0.47, 1.37, 0.44, 0.00, 0.08, 0.31, 0.00, 1.58, 0.11, 1.54, 0.00, 0.00, 1.00, 0.00, 0.00, 0.00, 0.00, 1.00, 1.00, 1.00, 0.00, 0.00, 0.00, 1.00, 1.00, 0.00, 0.00, 1.00
5958,  0,  198.567,  0.98,  1, 0.00, 0.00, 0.70, 0.03, 0.57, 0.66, 0.25, 0.44, 1.34, 0.66, 0.05, 0.11, 0.42, 0.00, 1.52, 0.09, 1.80, 0.00, 0.00, 1.00, 0.00, 0.00, 0.00, 0.00, 1.00, 1.00, 1.00, 0.00, 0.00, 0.00, 1.00, 1.00, 0.00, 0.00, 1.00
5959,  0,  198.600,  0.93,  1, 0.00, 0.00, 0.84, 0.04, 0.55, 0.44, 0.21, 0.29, 1.30, 0.81, 0.11, 0.12, 0.44, 0.00, 1.43, 0.00, 2.09, 0.00, 0.00, 1.00, 0.00, 0.00, 0.00, 0.00, 1.00, 1.00, 1.00, 0.00, 0.00, 0.00, 0.00, 1.00, 0.00, 0.00, 1.00
5960,  0,  198.633,  0.93,  1, 0.00, 0.00, 0.92, 0.04, 0.55, 0.36, 0.25, 0.18, 1.37, 0.90, 0.11, 0.15, 0.39, 0.00, 1.47, 0.00, 2.31, 0.00, 0.00, 1.00, 0.00, 0.00, 1.00, 0.00, 1.00, 1.00, 1.00, 0.00, 0.00, 0.00, 0.00, 1.00, 0.00, 0.00, 1.00
5961,  0,  198.667,  0.93,  1, 0.00, 0.00, 0.99, 0.06, 0.61, 0.50, 0.25, 0.16, 1.48, 0.99, 0.07, 0.11, 0.27, 0.00, 1.54, 0.00, 2.23, 0.00, 0.00, 1.00, 0.00, 0.00, 1.00, 0.00, 1.00, 1.00, 1.00, 0.00, 0.00, 0.00, 0.00, 1.00, 0.00, 0.00, 1.00
5962,  0,  198.700,  0.93,  1, 0.00, 0.00, 0.96, 0.02, 0.68, 0.69, 0.17, 0.34, 1.64, 1.11, 0.00, 0.04, 0.21, 0.00, 1.52, 0.00, 2.15, 0.00, 0.00, 1.00, 0.00, 0.00, 1.00, 0.00, 1.00, 1.00, 1.00, 0.00, 0.00, 0.00, 0.00, 1.00, 0.00, 0.00, 1.00
5963,  0,  198.733,  0.93,  1, 0.00, 0.00, 0.84, 0.16, 0.67, 0.75, 0.05, 0.45, 1.70, 1.16, 0.05, 0.02, 0.27, 0.00, 1.50, 0.00, 2.08, 0.00, 0.00, 1.00, 0.00, 0.00, 1.00, 0.00, 1.00, 1.00, 1.00, 0.00, 0.00, 0.00, 0.00, 1.00, 0.00, 0.00, 1.00
5964,  0,  198.767,  0.93,  1, 0.02, 0.00, 0.86, 0.13, 0.69, 0.56, 0.09, 0.53, 1.68, 1.04, 0.06, 0.05, 0.39, 0.00, 1.40, 0.00, 1.99, 0.00, 0.00, 1.00, 0.00, 0.00, 1.00, 0.00, 1.00, 1.00, 1.00, 0.00, 0.00, 0.00, 0.00, 1.00, 0.00, 0.00, 1.00
5965,  0,  198.800,  0.93,  1, 0.11, 0.00, 1.00, 0.13, 0.67, 0.42, 0.12, 0.50, 1.64, 0.95, 0.07, 0.10, 0.44, 0.00, 1.37, 0.00, 1.89, 0.00, 0.00, 1.00, 0.00, 0.00, 1.00, 0.00, 1.00, 1.00, 1.00, 0.00, 0.00, 0.00, 0.00, 1.00, 0.00, 0.00, 1.00
5966,  0,  198.833,  0.93,  1, 0.15, 0.00, 1.21, 0.00, 0.72, 0.48, 0.13, 0.42, 1.64, 0.93, 0.14, 0.09, 0.47, 0.00, 1.37, 0.00, 1.94, 0.00, 0.00, 1.00, 0.00, 0.00, 1.00, 0.00, 1.00, 1.00, 1.00, 0.00, 0.00, 0.00, 0.00, 1.00, 0.00, 0.00, 1.00
5967,  0,  198.867,  0.93,  1, 0.19, 0.00, 1.25, 0.00, 0.73, 0.55, 0.11, 0.47, 1.70, 0.99, 0.17, 0.06, 0.45, 0.00, 1.32, 0.00, 2.01, 0.00, 0.00, 1.00, 0.00, 0.00, 1.00, 0.00, 1.00, 1.00, 1.00, 0.00, 0.00, 0.00, 0.00, 1.00, 0.00, 0.00, 1.00
5968,  0,  198.900,  0.93,  1, 0.12, 0.00, 1.11, 0.00, 0.79, 0.56, 0.13, 0.48, 1.72, 0.95, 0.29, 0.00, 0.44, 0.00, 1.32, 0.00, 2.11, 0.00, 0.00, 1.00, 0.00, 1.00, 1.00, 0.00, 1.00, 1.00, 1.00, 0.00, 0.00, 0.00, 0.00, 1.00, 0.00, 0.00, 1.00
5969,  0,  198.933,  0.93,  1, 0.10, 0.00, 0.97, 0.00, 0.82, 0.41, 0.22, 0.59, 1.73, 0.94, 0.27, 0.00, 0.37, 0.00, 1.22, 0.00, 2.21, 0.00, 0.00, 1.00, 0.00, 1.00, 1.00, 0.00, 1.00, 1.00, 1.00, 0.00, 0.00, 0.00, 0.00, 1.00, 0.00, 0.00, 1.00
5970,  0,  198.967,  0.93,  1, 0.05, 0.00, 0.90, 0.00, 0.84, 0.39, 0.22, 0.63, 1.72, 0.90, 0.41, 0.00, 0.28, 0.00, 1.22, 0.00, 2.21, 0.00, 0.00, 1.00, 0.00, 1.00, 1.00, 0.00, 1.00, 1.00, 1.00, 0.00, 0.00, 0.00, 0.00, 1.00, 0.00, 0.00, 1.00
5971,  0,  199.000,  0.93,  1, 0.03, 0.00, 0.92, 0.00, 0.84, 0.39, 0.27, 0.60, 1.70, 0.89, 0.47, 0.00, 0.30, 0.00, 1.25, 0.00, 2.21, 0.00, 0.00, 1.00, 0.00, 1.00, 1.00, 0.00, 1.00, 1.00, 1.00, 0.00, 0.00, 0.00, 1.00, 1.00, 0.00, 0.00, 1.00
5972,  0,  199.033,  0.93,  1, 0.00, 0.00, 0.97, 0.00, 0.91, 0.39, 0.32, 0.55, 1.66, 0.85, 0.50, 0.02, 0.26, 0.00, 1.32, 0.00, 2.08, 0.00, 0.00, 1.00, 0.00, 1.00, 1.00, 0.00, 1.00, 1.00, 1.00, 0.00, 0.00, 0.00, 1.00, 1.00, 0.00, 0.00, 1.00
5973,  0,  199.067,  0.93,  1, 0.00, 0.00, 1.09, 0.00, 0.97, 0.42, 0.37, 0.55, 1.65, 0.78, 0.48, 0.02, 0.21, 0.00, 1.35, 0.00, 2.07, 0.00, 0.00, 1.00, 0.00, 1.00, 1.00, 0.00, 1.00, 1.00, 1.00, 0.00, 0.00, 0.00, 1.00, 1.00, 0.00, 0.00, 1.00
5974,  0,  199.100,  0.93,  1, 0.00, 0.00, 1.27, 0.00, 0.98, 0.44, 0.29, 0.47, 1.62, 0.91, 0.46, 0.03, 0.20, 0.00, 1.32, 0.00, 2.12, 0.00, 0.00, 1.00, 0.00, 1.00, 1.00, 0.00, 1.00, 1.00, 1.00, 0.00, 0.00, 0.00, 1.00, 1.00, 0.00, 0.00, 1.00
5975,  0,  199.133,  0.93,  1, 0.03, 0.00, 1.41, 0.00, 0.92, 0.45, 0.22, 0.37, 1.62, 1.03, 0.46, 0.06, 0.30, 0.00, 1.28, 0.00, 2.15, 0.00, 0.00, 1.00, 0.00, 1.00, 1.00, 0.00, 1.00, 1.00, 1.00, 0.00, 0.00, 0.00, 1.00, 1.00, 0.00, 0.00, 1.00
5976,  0,  199.167,  0.93,  1, 0.03, 0.00, 1.44, 0.00, 0.77, 0.33, 0.13, 0.16, 1.54, 1.20, 0.31, 0.14, 0.37, 0.00, 1.38, 0.00, 2.25, 0.00, 0.00, 1.00, 1.00, 1.00, 1.00, 0.00, 1.00, 1.00, 1.00, 0.00, 0.00, 0.00, 1.00, 1.00, 0.00, 0.00, 1.00
5977,  0,  199.200,  0.93,  1, 0.06, 0.00, 1.56, 0.00, 0.65, 0.47, 0.09, 0.08, 1.46, 1.17, 0.21, 0.16, 0.30, 0.00, 1.43, 0.00, 2.31, 0.00, 0.00, 1.00, 1.00, 1.00, 1.00, 0.00, 1.00, 1.00, 1.00, 0.00, 0.00, 0.00, 1.00, 1.00, 0.00, 0.00, 1.00
5978,  0,  199.233,  0.93,  1, 0.03, 0.00, 1.56, 0.00, 0.57, 0.53, 0.07, 0.07, 1.39, 1.18, 0.15, 0.15, 0.28, 0.00, 1.52, 0.00, 2.36, 0.00, 0.00, 1.00, 1.00, 0.00, 1.00, 0.00, 1.00, 1.00, 1.00, 0.00, 0.00, 0.00, 0.00, 1.00, 0.00, 0.00, 1.00
5979,  0,  199.267,  0.93,  1, 0.03, 0.00, 1.53, 0.07, 0.55, 0.78, 0.14, 0.06, 1.29, 1.04, 0.17, 0.06, 0.25, 0.00, 1.50, 0.00, 2.40, 0.00, 0.00, 1.00, 1.00, 0.00, 1.00, 0.00, 1.00, 1.00, 1.00, 0.00, 0.00, 0.00, 0.00, 1.00, 0.00, 0.00, 1.00
5980,  0,  199.300,  0.93,  1, 0.00, 0.00, 1.36, 0.11, 0.47, 0.76, 0.20, 0.06, 1.14, 0.88, 0.10, 0.03, 0.20, 0.00, 1.60, 0.00, 2.45, 0.00, 0.00, 1.00, 1.00, 0.00, 1.00, 0.00, 1.00, 1.00, 1.00, 0.00, 0.00, 0.00, 0.00, 1.00, 0.00, 0.00, 1.00
5981,  0,  199.333,  0.93,  1, 0.00, 0.00, 1.26, 0.22, 0.36, 0.85, 0.21, 0.00, 0.91, 0.63, 0.02, 0.00, 0.15, 0.00, 1.63, 0.00, 2.33, 0.00, 0.00, 1.00, 1.00, 0.00, 1.00, 0.00, 1.00, 0.00, 1.00, 0.00, 0.00, 0.00, 0.00, 1.00, 0.00, 0.00, 1.00
5982,  0,  199.367,  0.93,  1, 0.00, 0.00, 1.21, 0.27, 0.28, 0.79, 0.18, 0.00, 0.74, 0.51, 0.00, 0.02, 0.20, 0.00, 1.63, 0.00, 2.19, 0.00, 0.00, 1.00, 1.00, 0.00, 1.00, 0.00, 1.00, 0.00, 1.00, 0.00, 0.00, 0.00, 0.00, 1.00, 0.00, 0.00, 1.00
5983,  0,  199.400,  0.93,  1, 0.11, 0.00, 1.19, 0.31, 0.23, 0.88, 0.15, 0.00, 0.57, 0.38, 0.06, 0.12, 0.18, 0.00, 1.39, 0.00, 2.04, 0.00, 0.00, 1.00, 1.00, 0.00, 1.00, 0.00, 1.00, 0.00, 1.00, 0.00, 0.00, 0.00, 1.00, 0.00, 0.00, 0.00, 1.00
5984,  0,  199.433,  0.98,  1, 0.21, 0.00, 1.20, 0.34, 0.14, 0.83, 0.09, 0.00, 0.40, 0.31, 0.22, 0.35, 0.25, 0.00, 1.04, 0.00, 2.11, 0.00, 0.00, 1.00, 1.00, 0.00, 1.00, 0.00, 1.00, 0.00, 1.00, 0.00, 1.00, 0.00, 1.00, 0.00, 0.00, 0.00, 1.00
5985,  0,  199.467,  0.93,  1, 0.28, 0.00, 1.17, 0.34, 0.08, 0.87, 0.03, 0.00, 0.23, 0.20, 0.30, 0.56, 0.21, 0.00, 0.69, 0.00, 2.17, 0.00, 0.00, 1.00, 1.00, 0.00, 1.00, 0.00, 1.00, 0.00, 1.00, 0.00, 1.00, 0.00, 1.00, 0.00, 0.00, 0.00, 1.00
5986,  0,  199.500,  0.93,  1, 0.23, 0.00, 1.22, 0.31, 0.13, 0.87, 0.00, 0.00, 0.21, 0.24, 0.32, 0.69, 0.27, 0.00, 0.47, 0.00, 2.16, 0.00, 0.00, 1.00, 1.00, 0.00, 1.00, 0.00, 1.00, 0.00, 1.00, 0.00, 1.00, 0.00, 1.00, 0.00, 0.00, 0.00, 1.00
5987,  0,  199.533,  0.98,  1, 0.24, 0.00, 1.20, 0.17, 0.18, 0.64, 0.00, 0.00, 0.32, 0.31, 0.16, 0.50, 0.21, 0.00, 0.57, 0.00, 2.06, 0.00, 0.00, 1.00, 1.00, 0.00, 1.00, 0.00, 1.00, 0.00, 1.00, 0.00, 1.00, 0.00, 1.00, 0.00, 0.00, 0.00, 1.00
5988,  0,  199.567,  0.93,  1, 0.18, 0.00, 1.15, 0.06, 0.30, 0.54, 0.00, 0.01, 0.50, 0.41, 0.07, 0.34, 0.24, 0.00, 0.83, 0.04, 1.96, 0.00, 0.00, 1.00, 1.00, 0.00, 1.00, 0.00, 1.00, 0.00, 1.00, 0.00, 0.00, 0.00, 1.00, 0.00, 0.00, 0.00, 1.00
5989,  0,  199.600,  0.93,  1, 0.18, 0.00, 1.10, 0.04, 0.35, 0.41, 0.02, 0.05, 0.64, 0.51, 0.00, 0.18, 0.35, 0.00, 1.24, 0.08, 1.87, 0.00, 0.00, 1.00, 1.00, 0.00, 1.00, 0.00, 1.00, 0.00, 1.00, 0.00, 0.00, 0.00, 0.00, 1.00, 0.00, 0.00, 1.00
5990,  0,  199.633,  0.93,  1, 0.16, 0.00, 1.12, 0.04, 0.46, 0.72, 0.02, 0.05, 0.75, 0.68, 0.00, 0.20, 0.38, 0.00, 1.54, 0.08, 1.90, 0.00, 0.00, 1.00, 1.00, 0.00, 1.00, 0.00, 1.00, 0.00, 1.00, 0.00, 0.00, 0.00, 0.00, 1.00, 0.00, 0.00, 1.00
5991,  0,  199.667,  0.93,  1, 0.20, 0.00, 1.07, 0.04, 0.52, 0.78, 0.03, 0.11, 0.88, 0.80, 0.00, 0.12, 0.42, 0.00, 1.72, 0.03, 2.01, 0.00, 0.00, 1.00, 1.00, 0.00, 1.00, 0.00, 1.00, 0.00, 1.00, 0.00, 0.00, 0.00, 0.00, 1.00, 1.00, 0.00, 1.00
5992,  0,  199.700,  0.93,  1, 0.17, 0.00, 1.02, 0.01, 0.55, 0.82, 0.01, 0.14, 1.00, 0.85, 0.00, 0.05, 0.39, 0.00, 1.77, 0.00, 2.16, 0.00, 0.00, 1.00, 1.00, 0.00, 1.00, 0.00, 1.00, 1.00, 1.00, 0.00, 0.00, 0.00, 0.00, 1.00, 1.00, 0.00, 1.00
5993,  0,  199.733,  0.93,  1, 0.10, 0.00, 1.05, 0.03, 0.63, 0.80, 0.01, 0.23, 1.10, 0.81, 0.00, 0.00, 0.38, 0.00, 1.72, 0.01, 2.13, 0.00, 0.00, 1.00, 1.00, 0.00, 1.00, 0.00, 1.00, 1.00, 1.00, 0.00, 0.00, 0.00, 0.00, 1.00, 1.00, 0.00, 1.00
5994,  0,  199.767,  0.93,  1, 0.09, 0.00, 1.20, 0.06, 0.67, 0.84, 0.00, 0.29, 1.18, 0.91, 0.00, 0.00, 0.36, 0.00, 1.63, 0.08, 2.04, 0.00, 0.00, 1.00, 1.00, 1.00, 1.00, 0.00, 1.00, 1.00, 1.00, 0.00, 0.00, 0.00, 0.00, 1.00, 1.00, 0.00, 1.00
5995,  0,  199.800,  0.93,  1, 0.05, 0.00, 1.30, 0.10, 0.75, 0.82, 0.00, 0.38, 1.31, 0.95, 0.00, 0.02, 0.28, 0.00, 1.49, 0.12, 2.02, 0.00, 0.00, 1.00, 1.00, 1.00, 1.00, 0.00, 1.00, 1.00, 1.00, 0.00, 0.00, 0.00, 0.00, 1.00, 1.00, 0.00, 1.00
5996,  0,  199.833,  0.93,  1, 0.03, 0.00, 1.36, 0.08, 0.80, 0.76, 0.00, 0.37, 1.44, 1.03, 0.00, 0.02, 0.26, 0.00, 1.44, 0.16, 2.19, 0.00, 0.00, 1.00, 1.00, 1.00, 1.00, 0.00, 1.00, 1.00, 1.00, 0.00, 0.00, 0.00, 0.00, 1.00, 0.00, 0.00, 1.00
5997,  0,  199.867,  0.93,  1, 0.00, 0.00, 1.54, 0.07, 0.87, 0.65, 0.00, 0.30, 1.54, 1.05, 0.00, 0.02, 0.16, 0.00, 1.30, 0.11, 2.33, 0.00, 0.00, 1.00, 1.00, 1.00, 1.00, 0.00, 1.00, 1.00, 1.00, 0.00, 0.00, 0.00, 0.00, 1.00, 0.00, 0.00, 1.00
5998,  0,  199.900,  0.93,  1, 0.00, 0.00, 1.67, 0.02, 0.89, 0.59, 0.00, 0.25, 1.56, 1.08, 0.00, 0.00, 0.10, 0.00, 1.37, 0.07, 2.30, 0.00, 0.00, 1.00, 1.00, 1.00, 1.00, 0.00, 1.00, 1.00, 1.00, 0.00, 0.00, 0.00, 0.00, 1.00, 0.00, 0.00, 1.00
5999,  0,  199.933,  0.93,  1, 0.00, 0.00, 1.67, 0.01, 0.92, 0.67, 0.00, 0.27, 1.59, 1.03, 0.00, 0.00, 0.01, 0.00, 1.38, 0.02, 2.16, 0.00, 0.00, 1.00, 1.00, 1.00, 1.00, 0.00, 1.00, 1.00, 1.00, 0.00, 0.00, 0.00, 0.00, 1.00, 0.00, 0.00, 1.00
6000,  0,  199.967,  0.93,  1, 0.00, 0.00, 1.57, 0.05, 0.92, 0.81, 0.00, 0.30, 1.59, 0.95, 0.00, 0.00, 0.04, 0.00, 1.44, 0.00, 1.92, 0.00, 0.00, 1.00, 1.00, 1.00, 1.00, 0.00, 1.00, 1.00, 1.00, 0.00, 0.00, 0.00, 0.00, 1.00, 0.00, 0.00, 1.00
6001,  0,  200.000,  0.93,  1, 0.00, 0.00, 1.53, 0.11, 0.87, 0.95, 0.00, 0.20, 1.59, 0.96, 0.02, 0.01, 0.06, 0.00, 1.39, 0.00, 1.91, 0.00, 0.00, 1.00, 1.00, 1.00, 1.00, 0.00, 1.00, 1.00, 1.00, 0.00, 0.00, 0.00, 0.00, 1.00, 0.00, 0.00, 1.00
6002,  0,  200.033,  0.93,  1, 0.00, 0.00, 1.62, 0.23, 0.80, 0.92, 0.00, 0.16, 1.56, 1.01, 0.11, 0.01, 0.08, 0.00, 1.31, 0.00, 1.84, 0.00, 0.00, 1.00, 1.00, 1.00, 1.00, 0.00, 1.00, 1.00, 1.00, 0.00, 0.00, 0.00, 1.00, 1.00, 0.00, 0.00, 1.00
6003,  0,  200.067,  0.93,  1, 0.00, 0.00, 1.58, 0.26, 0.72, 0.88, 0.00, 0.07, 1.55, 1.06, 0.21, 0.04, 0.04, 0.00, 1.31, 0.00, 2.00, 0.00, 0.00, 1.00, 1.00, 1.00, 1.00, 0.00, 1.00, 1.00, 1.00, 0.00, 0.00, 0.00, 1.00, 1.00, 0.00, 0.00, 1.00
6004,  0,  200.100,  0.93,  1, 0.07, 0.00, 1.58, 0.19, 0.67, 0.89, 0.00, 0.06, 1.51, 1.01, 0.28, 0.09, 0.04, 0.00, 1.23, 0.00, 1.99, 0.00, 0.00, 1.00, 1.00, 1.00, 1.00, 0.00, 1.00, 1.00, 1.00, 0.00, 0.00, 0.00, 1.00, 1.00, 0.00, 0.00, 1.00
6005,  0,  200.133,  0.93,  1, 0.09, 0.00, 1.62, 0.08, 0.61, 0.89, 0.00, 0.00, 1.44, 0.83, 0.33, 0.09, 0.02, 0.00, 1.21, 0.00, 2.08, 0.00, 0.00, 1.00, 0.00, 1.00, 1.00, 0.00, 1.00, 1.00, 1.00, 0.00, 0.00, 0.00, 1.00, 1.00, 0.00, 0.00, 1.00
6006,  0,  200.167,  0.93,  1, 0.10, 0.00, 1.80, 0.00, 0.58, 0.95, 0.05, 0.00, 1.31, 0.77, 0.40, 0.07, 0.03, 0.00, 1.12, 0.00, 2.15, 0.00, 0.00, 1.00, 1.00, 1.00, 1.00, 0.00, 1.00, 1.00, 1.00, 0.00, 0.00, 0.00, 1.00, 1.00, 0.00, 0.00, 1.00
6007,  0,  200.200,  0.93,  1, 0.08, 0.00, 1.95, 0.00, 0.55, 0.96, 0.05, 0.00, 1.19, 0.64, 0.40, 0.00, 0.02, 0.00, 1.14, 0.00, 2.29, 0.00, 0.00, 1.00, 1.00, 1.00, 1.00, 0.00, 1.00, 1.00, 1.00, 0.00, 0.00, 0.00, 1.00, 1.00, 0.00, 0.00, 1.00
6008,  0,  200.233,  0.93,  1, 0.07, 0.00, 1.90, 0.00, 0.41, 0.99, 0.08, 0.00, 1.04, 0.56, 0.36, 0.00, 0.02, 0.00, 1.16, 0.00, 2.36, 0.00, 0.00, 1.00, 1.00, 1.00, 1.00, 0.00, 1.00, 1.00, 1.00, 0.00, 0.00, 0.00, 1.00, 1.00, 0.00, 0.00, 1.00
6009,  0,  200.267,  0.93,  1, 0.12, 0.00, 1.92, 0.02, 0.31, 1.01, 0.08, 0.00, 0.87, 0.39, 0.33, 0.06, 0.00, 0.00, 0.89, 0.00, 2.38, 0.00, 0.00, 1.00, 1.00, 0.00, 1.00, 0.00, 1.00, 0.00, 1.00, 0.00, 0.00, 0.00, 1.00, 0.00, 0.00, 0.00, 1.00
6010,  0,  200.300,  0.93,  1, 0.06, 0.00, 1.83, 0.02, 0.15, 0.87, 0.08, 0.00, 0.68, 0.28, 0.46, 0.27, 0.00, 0.00, 0.50, 0.00, 2.27, 0.00, 0.00, 1.00, 1.00, 0.00, 1.00, 0.00, 1.00, 0.00, 1.00, 0.00, 0.00, 0.00, 1.00, 0.00, 0.00, 0.00, 1.00
6011,  0,  200.333,  0.98,  1, 0.06, 0.00, 1.85, 0.02, 0.13, 0.62, 0.05, 0.00, 0.59, 0.32, 0.64, 0.49, 0.00, 0.00, 0.19, 0.00, 2.23, 0.00, 0.00, 1.00, 1.00, 0.00, 1.00, 0.00, 1.00, 0.00, 1.00, 0.00, 0.00, 0.00, 1.00, 0.00, 0.00, 0.00, 1.00
6012,  0,  200.367,  0.93,  1, 0.00, 0.00, 1.90, 0.13, 0.09, 0.43, 0.01, 0.05, 0.59, 0.32, 0.84, 0.45, 0.00, 0.00, 0.31, 0.00, 2.07, 0.00, 0.00, 1.00, 1.00, 0.00, 1.00, 0.00, 1.00, 0.00, 1.00, 0.00, 0.00, 0.00, 1.00, 0.00, 0.00, 0.00, 1.00
6013,  0,  200.400,  0.93,  1, 0.00, 0.00, 1.90, 0.14, 0.19, 0.48, 0.01, 0.10, 0.70, 0.50, 0.89, 0.24, 0.00, 0.00, 0.66, 0.00, 2.09, 0.00, 0.00, 1.00, 1.00, 0.00, 1.00, 0.00, 1.00, 0.00, 1.00, 0.00, 0.00, 0.00, 0.00, 0.00, 0.00, 0.00, 1.00
6014,  0,  200.433,  0.93,  1, 0.00, 0.00, 1.88, 0.14, 0.28, 0.61, 0.01, 0.15, 0.86, 0.59, 0.82, 0.02, 0.00, 0.00, 0.95, 0.05, 2.11, 0.00, 0.00, 1.00, 1.00, 0.00, 1.00, 0.00, 1.00, 0.00, 1.00, 0.00, 0.00, 0.00, 0.00, 1.00, 0.00, 0.00, 1.00
6015,  0,  200.467,  0.93,  1, 0.00, 0.00, 1.66, 0.00, 0.46, 0.68, 0.06, 0.16, 1.04, 0.81, 0.62, 0.00, 0.04, 0.00, 1.25, 0.05, 2.31, 0.00, 0.00, 1.00, 1.00, 0.00, 1.00, 0.00, 1.00, 1.00, 1.00, 0.00, 0.00, 0.00, 0.00, 1.00, 0.00, 0.00, 1.00
6016,  0,  200.500,  0.93,  1, 0.00, 0.00, 1.58, 0.01, 0.64, 0.52, 0.06, 0.21, 1.25, 1.00, 0.50, 0.00, 0.07, 0.00, 1.44, 0.09, 2.52, 0.00, 0.00, 1.00, 1.00, 1.00, 1.00, 0.00, 1.00, 1.00, 1.00, 0.00, 0.00, 0.00, 0.00, 1.00, 0.00, 0.00, 1.00
6017,  0,  200.533,  0.93,  1, 0.00, 0.00, 1.58, 0.12, 0.84, 0.72, 0.06, 0.17, 1.43, 1.26, 0.35, 0.00, 0.07, 0.00, 1.51, 0.04, 2.60, 0.00, 0.00, 1.00, 1.00, 1.00, 1.00, 0.00, 1.00, 1.00, 1.00, 0.00, 0.00, 0.00, 0.00, 1.00, 0.00, 0.00, 1.00
6018,  0,  200.567,  0.98,  1, 0.00, 0.00, 1.60, 0.20, 0.98, 0.92, 0.00, 0.23, 1.59, 1.39, 0.35, 0.00, 0.04, 0.00, 1.45, 0.04, 2.55, 0.00, 0.00, 1.00, 1.00, 1.00, 1.00, 0.00, 1.00, 1.00, 1.00, 0.00, 0.00, 0.00, 0.00, 1.00, 0.00, 0.00, 1.00
6019,  0,  200.600,  0.98,  1, 0.00, 0.00, 1.68, 0.24, 1.17, 1.39, 0.00, 0.24, 1.68, 1.42, 0.24, 0.00, 0.01, 0.00, 1.32, 0.00, 2.32, 0.00, 0.00, 1.00, 1.00, 1.00, 1.00, 0.00, 1.00, 1.00, 1.00, 0.00, 0.00, 0.00, 1.00, 1.00, 0.00, 0.00, 1.00
6020,  0,  200.633,  0.98,  1, 0.00, 0.00, 1.65, 0.15, 1.35, 1.68, 0.00, 0.37, 1.70, 1.49, 0.22, 0.00, 0.01, 0.00, 1.31, 0.00, 1.91, 0.00, 0.00, 1.00, 1.00, 1.00, 1.00, 0.00, 1.00, 1.00, 1.00, 0.00, 0.00, 0.00, 1.00, 1.00, 0.00, 0.00, 1.00
6021,  0,  200.667,  0.98,  1, 0.00, 0.00, 1.70, 0.07, 1.48, 2.11, 0.00, 0.30, 1.66, 1.61, 0.15, 0.00, 0.00, 0.00, 1.33, 0.00, 1.34, 0.00, 0.00, 1.00, 1.00, 1.00, 1.00, 0.00, 1.00, 1.00, 1.00, 0.00, 0.00, 0.00, 1.00, 1.00, 0.00, 0.00, 1.00
6022,  0,  200.700,  0.98,  1, 0.00, 0.00, 1.56, 0.01, 1.45, 2.23, 0.00, 0.34, 1.64, 1.78, 0.11, 0.00, 0.00, 0.00, 1.27, 0.00, 0.81, 0.00, 0.00, 1.00, 1.00, 1.00, 1.00, 0.00, 1.00, 1.00, 1.00, 0.00, 0.00, 0.00, 1.00, 1.00, 0.00, 0.00, 1.00
6023,  0,  200.733,  0.98,  1, 0.00, 0.00, 1.49, 0.00, 1.41, 2.25, 0.00, 0.36, 1.67, 1.82, 0.07, 0.00, 0.00, 0.00, 1.25, 0.00, 0.40, 0.00, 0.00, 1.00, 1.00, 1.00, 1.00, 0.00, 1.00, 1.00, 1.00, 0.00, 0.00, 0.00, 1.00, 1.00, 0.00, 0.00, 0.00
6024,  0,  200.767,  0.98,  1, 0.00, 0.00, 1.41, 0.00, 1.37, 2.08, 0.00, 0.52, 1.70, 1.78, 0.01, 0.00, 0.00, 0.00, 1.23, 0.00, 0.18, 0.00, 0.00, 1.00, 1.00, 1.00, 1.00, 0.00, 1.00, 1.00, 1.00, 0.00, 0.00, 0.00, 1.00, 1.00, 0.00, 0.00, 0.00
6025,  0,  200.800,  0.98,  1, 0.00, 0.00, 1.38, 0.00, 1.40, 2.05, 0.00, 0.63, 1.72, 1.72, 0.01, 0.00, 0.00, 0.00, 1.36, 0.00, 0.01, 0.00, 0.00, 1.00, 1.00, 1.00, 1.00, 0.00, 1.00, 1.00, 1.00, 0.00, 0.00, 0.00, 1.00, 1.00, 0.00, 0.00, 0.00
6026,  0,  200.833,  0.98,  1, 0.00, 0.00, 1.40, 0.00, 1.37, 2.18, 0.00, 0.71, 1.69, 1.61, 0.00, 0.00, 0.00, 0.00, 1.45, 0.02, 0.01, 0.00, 0.00, 1.00, 1.00, 1.00, 1.00, 0.00, 1.00, 1.00, 1.00, 0.00, 0.00, 0.00, 1.00, 1.00, 1.00, 0.00, 0.00
6027,  0,  200.867,  0.98,  1, 0.00, 0.00, 1.41, 0.00, 1.32, 2.40, 0.00, 0.76, 1.65, 1.40, 0.00, 0.00, 0.00, 0.00, 1.53, 0.21, 0.01, 0.00, 0.00, 1.00, 1.00, 1.00, 1.00, 0.00, 1.00, 1.00, 1.00, 0.00, 0.00, 0.00, 1.00, 1.00, 1.00, 0.00, 0.00
6028,  0,  200.900,  0.98,  1, 0.00, 0.00, 1.44, 0.00, 1.24, 2.69, 0.00, 0.66, 1.58, 1.17, 0.00, 0.00, 0.00, 0.00, 1.56, 0.41, 0.00, 0.00, 0.00, 1.00, 1.00, 1.00, 1.00, 0.00, 1.00, 1.00, 1.00, 0.00, 0.00, 0.00, 1.00, 1.00, 1.00, 0.00, 0.00
6029,  0,  200.933,  0.98,  1, 0.00, 0.00, 1.43, 0.00, 1.17, 2.84, 0.00, 0.59, 1.53, 0.93, 0.00, 0.00, 0.00, 0.00, 1.59, 0.67, 0.00, 0.00, 0.00, 1.00, 1.00, 1.00, 1.00, 0.00, 1.00, 1.00, 1.00, 0.00, 0.00, 0.00, 1.00, 1.00, 1.00, 0.00, 0.00
6030,  0,  200.967,  0.98,  1, 0.00, 0.00, 1.47, 0.00, 1.12, 2.88, 0.00, 0.51, 1.49, 0.81, 0.00, 0.00, 0.00, 0.00, 1.54, 0.76, 0.09, 0.00, 0.00, 1.00, 1.00, 1.00, 1.00, 0.00, 1.00, 1.00, 1.00, 0.00, 0.00, 0.00, 1.00, 1.00, 1.00, 0.00, 0.00
6031,  0,  201.000,  0.98,  1, 0.00, 0.00, 1.42, 0.00, 1.09, 2.90, 0.00, 0.55, 1.48, 0.71, 0.00, 0.00, 0.00, 0.00, 1.62, 0.94, 0.09, 0.00, 0.00, 1.00, 1.00, 1.00, 1.00, 0.00, 1.00, 1.00, 1.00, 0.00, 0.00, 0.00, 0.00, 1.00, 1.00, 0.00, 0.00
6032,  0,  201.033,  0.98,  1, 0.00, 0.00, 1.33, 0.02, 1.04, 2.80, 0.00, 0.62, 1.43, 0.67, 0.00, 0.00, 0.00, 0.00, 1.69, 1.05, 0.09, 0.00, 0.00, 1.00, 1.00, 1.00, 1.00, 0.00, 1.00, 1.00, 1.00, 0.00, 0.00, 0.00, 0.00, 1.00, 1.00, 0.00, 0.00
6033,  0,  201.067,  0.98,  1, 0.00, 0.00, 1.18, 0.02, 1.01, 2.74, 0.01, 0.74, 1.41, 0.69, 0.00, 0.00, 0.00, 0.00, 1.83, 1.20, 0.02, 0.00, 0.00, 1.00, 1.00, 1.00, 1.00, 0.00, 1.00, 1.00, 1.00, 0.00, 0.00, 0.00, 0.00, 1.00, 1.00, 0.00, 0.00
6034,  0,  201.100,  0.98,  1, 0.00, 0.00, 1.13, 0.02, 1.03, 2.62, 0.01, 0.80, 1.42, 0.73, 0.00, 0.00, 0.00, 0.00, 1.86, 1.20, 0.02, 0.00, 0.00, 1.00, 1.00, 1.00, 1.00, 0.00, 1.00, 1.00, 1.00, 0.00, 0.00, 0.00, 0.00, 1.00, 1.00, 0.00, 0.00
6035,  0,  201.133,  0.98,  1, 0.00, 0.00, 1.11, 0.00, 1.06, 2.69, 0.01, 0.82, 1.46, 0.84, 0.00, 0.00, 0.00, 0.00, 1.86, 1.02, 0.02, 0.00, 0.00, 1.00, 1.00, 1.00, 1.00, 0.00, 1.00, 1.00, 1.00, 0.00, 0.00, 0.00, 0.00, 1.00, 1.00, 0.00, 0.00
6036,  0,  201.167,  0.98,  1, 0.00, 0.00, 1.25, 0.00, 1.16, 2.74, 0.00, 0.80, 1.43, 1.00, 0.00, 0.00, 0.00, 0.00, 1.87, 0.61, 0.00, 0.00, 0.00, 1.00, 1.00, 1.00, 1.00, 0.00, 1.00, 1.00, 1.00, 0.00, 0.00, 0.00, 1.00, 1.00, 1.00, 0.00, 0.00
6037,  0,  201.200,  0.98,  1, 0.00, 0.00, 1.45, 0.00, 1.18, 2.78, 0.05, 0.84, 1.38, 1.20, 0.00, 0.04, 0.00, 0.00, 1.80, 0.25, 0.00, 0.00, 0.00, 1.00, 1.00, 1.00, 1.00, 0.00, 1.00, 1.00, 1.00, 0.00, 0.00, 0.00, 1.00, 1.00, 1.00, 0.00, 0.00
6038,  0,  201.233,  0.98,  1, 0.00, 0.00, 1.59, 0.00, 1.22, 2.72, 0.05, 0.82, 1.25, 1.29, 0.00, 0.04, 0.00, 0.00, 1.83, 0.07, 0.00, 0.00, 0.00, 1.00, 1.00, 1.00, 1.00, 0.00, 1.00, 1.00, 1.00, 0.00, 0.00, 0.00, 1.00, 1.00, 1.00, 0.00, 0.00
6039,  0,  201.267,  0.98,  1, 0.00, 0.00, 1.58, 0.02, 1.17, 2.60, 0.05, 0.87, 1.23, 1.32, 0.00, 0.04, 0.00, 0.00, 1.93, 0.09, 0.00, 0.00, 0.00, 1.00, 1.00, 1.00, 1.00, 0.00, 1.00, 1.00, 1.00, 0.00, 0.00, 0.00, 1.00, 1.00, 1.00, 0.00, 0.00
6040,  0,  201.300,  0.98,  1, 0.00, 0.00, 1.48, 0.02, 1.25, 2.58, 0.00, 0.91, 1.26, 1.41, 0.00, 0.03, 0.00, 0.00, 2.04, 0.09, 0.00, 0.00, 0.00, 1.00, 1.00, 1.00, 1.00, 0.00, 1.00, 1.00, 1.00, 0.00, 0.00, 0.00, 1.00, 1.00, 1.00, 0.00, 0.00
6041,  0,  201.333,  0.98,  1, 0.00, 0.00, 1.46, 0.02, 1.30, 2.67, 0.01, 1.04, 1.37, 1.47, 0.00, 0.03, 0.00, 0.00, 2.12, 0.18, 0.00, 0.00, 0.00, 1.00, 1.00, 1.00, 1.00, 0.00, 1.00, 1.00, 1.00, 0.00, 0.00, 0.00, 1.00, 1.00, 1.00, 0.00, 0.00
6042,  0,  201.367,  0.98,  1, 0.00, 0.00, 1.48, 0.00, 1.45, 2.96, 0.03, 1.08, 1.47, 1.49, 0.00, 0.03, 0.00, 0.00, 2.08, 0.28, 0.00, 0.00, 0.00, 1.00, 1.00, 1.00, 1.00, 0.00, 1.00, 1.00, 1.00, 0.00, 0.00, 0.00, 1.00, 1.00, 1.00, 0.00, 0.00
6043,  0,  201.400,  0.98,  1, 0.00, 0.00, 1.41, 0.00, 1.53, 3.25, 0.04, 1.13, 1.56, 1.43, 0.00, 0.00, 0.00, 0.00, 2.12, 0.41, 0.00, 0.00, 0.00, 1.00, 1.00, 1.00, 1.00, 0.00, 1.00, 1.00, 1.00, 0.00, 0.00, 0.00, 1.00, 1.00, 1.00, 0.00, 0.00
6044,  0,  201.433,  0.98,  1, 0.00, 0.00, 1.30, 0.00, 1.59, 3.35, 0.07, 1.18, 1.66, 1.44, 0.00, 0.00, 0.00, 0.00, 2.10, 0.35, 0.00, 0.00, 0.00, 1.00, 1.00, 1.00, 1.00, 0.00, 1.00, 1.00, 1.00, 0.00, 0.00, 0.00, 1.00, 1.00, 1.00, 0.00, 0.00
6045,  0,  201.467,  0.98,  1, 0.00, 0.00, 1.26, 0.00, 1.64, 3.33, 0.14, 1.25, 1.65, 1.53, 0.00, 0.00, 0.00, 0.00, 2.04, 0.31, 0.00, 0.00, 0.00, 1.00, 1.00, 1.00, 1.00, 0.00, 1.00, 1.00, 1.00, 0.00, 0.00, 0.00, 1.00, 1.00, 1.00, 0.00, 0.00
6046,  0,  201.500,  0.98,  1, 0.00, 0.00, 1.34, 0.04, 1.56, 3.03, 0.16, 1.20, 1.57, 1.61, 0.00, 0.03, 0.00, 0.00, 2.02, 0.17, 0.00, 0.00, 0.00, 1.00, 1.00, 1.00, 1.00, 0.00, 1.00, 1.00, 1.00, 0.00, 0.00, 0.00, 1.00, 1.00, 1.00, 0.00, 0.00
6047,  0,  201.533,  0.98,  1, 0.00, 0.00, 1.38, 0.04, 1.43, 2.82, 0.20, 1.11, 1.35, 1.61, 0.00, 0.18, 0.00, 0.00, 1.96, 0.16, 0.00, 0.00, 0.00, 1.00, 1.00, 1.00, 1.00, 0.00, 1.00, 1.00, 1.00, 0.00, 0.00, 0.00, 1.00, 1.00, 1.00, 0.00, 0.00
6048,  0,  201.567,  0.98,  1, 0.00, 0.00, 1.42, 0.04, 1.16, 2.63, 0.12, 0.92, 1.07, 1.49, 0.00, 0.42, 0.09, 0.00, 1.82, 0.16, 0.00, 0.00, 0.00, 1.00, 1.00, 1.00, 1.00, 0.00, 1.00, 1.00, 1.00, 0.00, 0.00, 0.00, 1.00, 1.00, 1.00, 0.00, 0.00
6049,  0,  201.600,  0.98,  1, 0.00, 0.00, 1.36, 0.00, 0.94, 2.63, 0.08, 0.80, 0.81, 1.33, 0.00, 0.62, 0.09, 0.00, 1.74, 0.28, 0.00, 0.00, 0.00, 1.00, 1.00, 1.00, 1.00, 0.00, 1.00, 1.00, 1.00, 0.00, 0.00, 0.00, 1.00, 1.00, 1.00, 0.00, 0.00
6050,  0,  201.633,  0.98,  1, 0.04, 0.00, 1.40, 0.00, 0.81, 2.67, 0.00, 0.72, 0.68, 1.32, 0.00, 0.71, 0.15, 0.00, 1.74, 0.35, 0.00, 0.00, 0.00, 1.00, 1.00, 1.00, 1.00, 0.00, 1.00, 1.00, 1.00, 0.00, 0.00, 0.00, 1.00, 1.00, 1.00, 0.00, 0.00
6051,  0,  201.667,  0.98,  1, 0.04, 0.00, 1.30, 0.00, 0.82, 2.65, 0.00, 0.72, 0.72, 1.32, 0.00, 0.66, 0.09, 0.00, 1.92, 0.34, 0.00, 0.00, 0.00, 1.00, 1.00, 1.00, 1.00, 0.00, 1.00, 1.00, 1.00, 0.00, 0.00, 0.00, 1.00, 1.00, 1.00, 0.00, 0.00
6052,  0,  201.700,  0.98,  1, 0.04, 0.00, 1.27, 0.00, 0.93, 2.67, 0.00, 0.73, 0.82, 1.35, 0.00, 0.54, 0.20, 0.00, 2.00, 0.28, 0.00, 0.00, 0.00, 1.00, 1.00, 1.00, 1.00, 0.00, 1.00, 1.00, 1.00, 0.00, 0.00, 0.00, 1.00, 1.00, 1.00, 0.00, 0.00
6053,  0,  201.733,  0.98,  1, 0.00, 0.00, 1.21, 0.00, 1.03, 2.41, 0.00, 0.63, 0.97, 1.30, 0.00, 0.35, 0.28, 0.00, 2.10, 0.17, 0.23, 0.00, 0.00, 1.00, 1.00, 1.00, 1.00, 0.00, 1.00, 1.00, 1.00, 0.00, 0.00, 0.00, 1.00, 1.00, 1.00, 0.00, 1.00
6054,  0,  201.767,  0.98,  1, 0.00, 0.00, 1.01, 0.01, 1.02, 1.78, 0.00, 0.53, 1.06, 1.33, 0.00, 0.34, 0.47, 0.00, 2.19, 0.07, 0.73, 0.00, 0.00, 1.00, 1.00, 1.00, 1.00, 0.00, 1.00, 1.00, 1.00, 0.00, 1.00, 0.00, 1.00, 1.00, 1.00, 0.00, 1.00
6055,  0,  201.800,  0.98,  1, 0.01, 0.00, 0.94, 0.12, 0.98, 1.09, 0.05, 0.39, 1.12, 1.35, 0.00, 0.44, 0.51, 0.00, 2.31, 0.02, 1.31, 0.00, 0.00, 1.00, 0.00, 1.00, 1.00, 0.00, 1.00, 1.00, 1.00, 0.00, 1.00, 0.00, 1.00, 1.00, 1.00, 0.00, 1.00
6056,  0,  201.833,  0.93,  1, 0.02, 0.00, 0.84, 0.12, 0.91, 0.73, 0.05, 0.25, 1.13, 1.35, 0.00, 0.64, 0.58, 0.00, 2.36, 0.00, 1.56, 0.00, 0.00, 0.00, 0.00, 1.00, 1.00, 0.00, 1.00, 1.00, 1.00, 0.00, 1.00, 0.00, 1.00, 1.00, 0.00, 0.00, 1.00
6057,  0,  201.867,  0.93,  1, 0.09, 0.00, 0.90, 0.11, 0.85, 0.85, 0.13, 0.17, 1.07, 1.16, 0.00, 0.70, 0.60, 0.00, 2.39, 0.00, 1.53, 0.00, 0.00, 0.00, 0.00, 1.00, 1.00, 0.00, 1.00, 1.00, 1.00, 0.00, 1.00, 0.00, 1.00, 1.00, 0.00, 0.00, 1.00
6058,  0,  201.900,  0.93,  1, 0.17, 0.00, 0.75, 0.09, 0.71, 0.93, 0.18, 0.12, 0.94, 0.85, 0.00, 0.70, 0.59, 0.00, 2.17, 0.10, 1.49, 0.00, 0.00, 0.00, 0.00, 1.00, 1.00, 0.00, 1.00, 1.00, 1.00, 0.00, 1.00, 0.00, 1.00, 1.00, 0.00, 0.00, 1.00
6059,  0,  201.933,  0.93,  1, 0.31, 0.00, 0.67, 0.10, 0.52, 0.99, 0.34, 0.12, 0.72, 0.47, 0.00, 0.66, 0.47, 0.00, 1.94, 0.10, 1.68, 0.00, 0.00, 0.00, 0.00, 0.00, 1.00, 0.00, 1.00, 0.00, 1.00, 0.00, 1.00, 0.00, 1.00, 1.00, 0.00, 0.00, 1.00
6060,  0,  201.967,  0.93,  1, 0.38, 0.00, 0.62, 0.10, 0.35, 1.06, 0.33, 0.05, 0.57, 0.21, 0.14, 0.79, 0.28, 0.00, 1.36, 0.10, 1.82, 0.00, 0.00, 0.00, 0.00, 0.00, 1.00, 0.00, 1.00, 0.00, 1.00, 1.00, 1.00, 0.00, 1.00, 1.00, 0.00, 0.00, 1.00
6061,  0,  202.000,  0.93,  1, 0.53, 0.02, 0.73, 0.08, 0.25, 1.13, 0.27, 0.02, 0.45, 0.08, 0.31, 0.92, 0.18, 0.00, 0.94, 0.00, 1.89, 0.00, 0.00, 0.00, 0.00, 0.00, 1.00, 0.00, 1.00, 0.00, 1.00, 1.00, 1.00, 0.00, 1.00, 0.00, 0.00, 0.00, 1.00
6062,  0,  202.033,  0.98,  1, 0.55, 0.02, 0.84, 0.09, 0.22, 1.11, 0.24, 0.00, 0.44, 0.04, 0.51, 0.97, 0.16, 0.00, 0.62, 0.00, 1.80, 0.00, 0.00, 0.00, 0.00, 0.00, 1.00, 0.00, 1.00, 0.00, 1.00, 1.00, 1.00, 0.00, 1.00, 0.00, 0.00, 0.00, 1.00
6063,  0,  202.067,  0.93,  1, 0.59, 0.02, 0.94, 0.15, 0.24, 0.85, 0.21, 0.00, 0.45, 0.04, 0.48, 0.89, 0.24, 0.00, 0.80, 0.00, 1.74, 0.00, 0.00, 0.00, 0.00, 0.00, 1.00, 0.00, 1.00, 0.00, 1.00, 1.00, 1.00, 0.00, 1.00, 0.00, 0.00, 0.00, 1.00
6064,  0,  202.100,  0.98,  1, 0.57, 0.00, 1.04, 0.08, 0.31, 0.62, 0.29, 0.00, 0.55, 0.06, 0.45, 0.74, 0.40, 0.00, 1.13, 0.00, 1.73, 0.00, 0.00, 0.00, 0.00, 0.00, 1.00, 0.00, 1.00, 0.00, 1.00, 1.00, 1.00, 0.00, 1.00, 0.00, 0.00, 0.00, 1.00
6065,  0,  202.133,  0.93,  1, 0.59, 0.00, 1.10, 0.09, 0.39, 0.49, 0.28, 0.02, 0.67, 0.20, 0.32, 0.70, 0.51, 0.00, 1.46, 0.00, 1.83, 0.00, 0.00, 0.00, 0.00, 0.00, 1.00, 0.00, 1.00, 0.00, 1.00, 1.00, 1.00, 0.00, 1.00, 1.00, 0.00, 0.00, 1.00
6066,  0,  202.167,  0.93,  1, 0.54, 0.00, 1.10, 0.08, 0.48, 0.36, 0.32, 0.02, 0.79, 0.29, 0.21, 0.51, 0.50, 0.00, 1.72, 0.00, 1.89, 0.00, 0.00, 0.00, 0.00, 0.00, 1.00, 0.00, 1.00, 0.00, 1.00, 1.00, 1.00, 0.00, 1.00, 1.00, 0.00, 0.00, 1.00
6067,  0,  202.200,  0.93,  1, 0.41, 0.00, 1.03, 0.08, 0.52, 0.38, 0.27, 0.02, 0.85, 0.32, 0.06, 0.35, 0.31, 0.00, 1.84, 0.00, 1.88, 0.00, 0.00, 0.00, 0.00, 0.00, 1.00, 0.00, 1.00, 0.00, 1.00, 1.00, 1.00, 0.00, 1.00, 1.00, 0.00, 0.00, 1.00
6068,  0,  202.233,  0.93,  1, 0.36, 0.00, 1.05, 0.06, 0.46, 0.36, 0.18, 0.05, 0.78, 0.23, 0.06, 0.33, 0.12, 0.00, 1.49, 0.00, 1.82, 0.00, 0.00, 0.00, 0.00, 0.00, 1.00, 0.00, 1.00, 0.00, 1.00, 1.00, 1.00, 0.00, 1.00, 1.00, 0.00, 0.00, 1.00
6069,  0,  202.267,  0.93,  1, 0.35, 0.00, 1.09, 0.03, 0.31, 0.29, 0.14, 0.05, 0.60, 0.16, 0.06, 0.45, 0.01, 0.00, 0.95, 0.00, 1.84, 0.00, 0.00, 0.00, 0.00, 0.00, 1.00, 0.00, 1.00, 0.00, 1.00, 1.00, 1.00, 0.00, 1.00, 0.00, 0.00, 0.00, 1.00
6070,  0,  202.300,  0.93,  1, 0.38, 0.00, 1.02, 0.03, 0.18, 0.26, 0.06, 0.10, 0.46, 0.07, 0.08, 0.63, 0.01, 0.00, 0.47, 0.00, 1.98, 0.00, 0.00, 1.00, 0.00, 0.00, 1.00, 0.00, 1.00, 0.00, 1.00, 1.00, 1.00, 0.00, 1.00, 0.00, 0.00, 0.00, 1.00
6071,  0,  202.333,  0.93,  1, 0.38, 0.00, 0.95, 0.08, 0.15, 0.33, 0.04, 0.06, 0.39, 0.12, 0.05, 0.65, 0.01, 0.00, 0.52, 0.00, 2.09, 0.00, 0.00, 1.00, 0.00, 0.00, 1.00, 0.00, 1.00, 0.00, 1.00, 1.00, 1.00, 0.00, 1.00, 0.00, 0.00, 0.00, 1.00
6072,  0,  202.367,  0.93,  1, 0.38, 0.00, 0.90, 0.06, 0.13, 0.44, 0.00, 0.07, 0.40, 0.10, 0.11, 0.61, 0.00, 0.00, 0.62, 0.00, 2.05, 0.00, 0.00, 1.00, 1.00, 0.00, 1.00, 0.00, 1.00, 0.00, 1.00, 1.00, 1.00, 0.00, 1.00, 0.00, 0.00, 0.00, 1.00
6073,  0,  202.400,  0.93,  1, 0.38, 0.00, 0.83, 0.09, 0.07, 0.58, 0.00, 0.02, 0.37, 0.10, 0.23, 0.55, 0.00, 0.00, 0.70, 0.00, 2.10, 0.00, 0.00, 1.00, 1.00, 0.00, 1.00, 0.00, 1.00, 0.00, 0.00, 1.00, 1.00, 0.00, 1.00, 0.00, 0.00, 0.00, 1.00
6074,  0,  202.433,  0.93,  1, 0.24, 0.00, 0.68, 0.09, 0.03, 0.69, 0.02, 0.01, 0.35, 0.00, 0.38, 0.40, 0.00, 0.00, 0.71, 0.03, 2.14, 0.00, 0.00, 1.00, 1.00, 0.00, 1.00, 0.00, 1.00, 0.00, 0.00, 1.00, 1.00, 0.00, 1.00, 0.00, 0.00, 0.00, 1.00
6075,  0,  202.467,  0.98,  1, 0.11, 0.00, 0.48, 0.12, 0.08, 0.86, 0.02, 0.00, 0.34, 0.08, 0.51, 0.30, 0.00, 0.00, 0.75, 0.04, 2.36, 0.00, 0.00, 1.00, 0.00, 0.00, 1.00, 0.00, 1.00, 0.00, 0.00, 0.00, 0.00, 0.00, 1.00, 0.00, 0.00, 0.00, 1.00
6076,  0,  202.500,  0.93,  1, 0.00, 0.00, 0.55, 0.08, 0.17, 0.68, 0.04, 0.00, 0.33, 0.15, 0.50, 0.17, 0.00, 0.00, 0.78, 0.13, 2.44, 0.00, 0.00, 1.00, 0.00, 0.00, 1.00, 0.00, 1.00, 0.00, 0.00, 0.00, 0.00, 0.00, 1.00, 0.00, 0.00, 0.00, 1.00
6077,  0,  202.533,  0.93,  1, 0.00, 0.00, 0.65, 0.03, 0.37, 0.36, 0.07, 0.00, 0.44, 0.27, 0.58, 0.17, 0.00, 0.00, 0.75, 0.20, 2.59, 0.00, 0.00, 1.00, 0.00, 0.00, 1.00, 0.00, 1.00, 0.00, 1.00, 0.00, 0.00, 0.00, 1.00, 0.00, 0.00, 0.00, 1.00
6078,  0,  202.567,  0.93,  1, 0.00, 0.00, 0.67, 0.00, 0.65, 0.13, 0.07, 0.05, 0.67, 0.36, 0.78, 0.09, 0.00, 0.00, 0.68, 0.33, 2.62, 0.00, 0.00, 1.00, 0.00, 0.00, 1.00, 0.00, 1.00, 1.00, 1.00, 0.00, 0.00, 0.00, 0.00, 0.00, 0.00, 0.00, 1.00
6079,  0,  202.600,  0.93,  1, 0.00, 0.00, 0.73, 0.00, 0.87, 0.22, 0.10, 0.08, 0.95, 0.41, 0.87, 0.06, 0.00, 0.00, 0.69, 0.52, 2.65, 0.00, 0.00, 1.00, 0.00, 1.00, 1.00, 0.00, 1.00, 1.00, 1.00, 0.00, 0.00, 0.00, 0.00, 0.00, 0.00, 0.00, 1.00
6080,  0,  202.633,  0.93,  1, 0.00, 0.00, 0.80, 0.00, 0.96, 0.42, 0.06, 0.08, 1.17, 0.46, 0.80, 0.00, 0.00, 0.00, 0.90, 0.68, 2.66, 0.00, 0.00, 1.00, 0.00, 1.00, 1.00, 0.00, 1.00, 1.00, 1.00, 0.00, 0.00, 0.00, 0.00, 0.00, 0.00, 0.00, 1.00
6081,  0,  202.667,  0.98,  1, 0.07, 0.00, 1.15, 0.00, 1.04, 0.75, 0.10, 0.04, 1.27, 0.53, 0.68, 0.00, 0.00, 0.00, 1.06, 0.90, 2.69, 0.00, 0.00, 1.00, 0.00, 1.00, 1.00, 0.00, 1.00, 1.00, 1.00, 0.00, 0.00, 0.00, 0.00, 1.00, 0.00, 0.00, 1.00
6082,  0,  202.700,  0.98,  1, 0.15, 0.04, 1.46, 0.00, 1.09, 0.90, 0.06, 0.06, 1.32, 0.75, 0.61, 0.00, 0.00, 0.00, 1.19, 0.94, 2.61, 0.00, 0.00, 1.00, 0.00, 1.00, 1.00, 0.00, 1.00, 1.00, 1.00, 0.00, 0.00, 0.00, 0.00, 1.00, 0.00, 0.00, 1.00
6083,  0,  202.733,  0.93,  1, 0.31, 0.22, 1.67, 0.00, 1.16, 0.97, 0.06, 0.18, 1.34, 1.01, 0.67, 0.00, 0.00, 0.00, 1.13, 0.82, 2.51, 0.00, 0.00, 1.00, 0.00, 1.00, 1.00, 0.00, 1.00, 1.00, 1.00, 0.00, 0.00, 0.00, 0.00, 1.00, 0.00, 0.00, 1.00
6084,  0,  202.767,  0.93,  1, 0.33, 0.39, 1.82, 0.00, 1.14, 0.63, 0.02, 0.28, 1.29, 1.16, 0.49, 0.00, 0.00, 0.00, 1.02, 0.51, 2.66, 0.00, 0.00, 1.00, 0.00, 1.00, 1.00, 0.00, 1.00, 1.00, 1.00, 0.00, 0.00, 0.00, 0.00, 1.00, 0.00, 0.00, 1.00
6085,  0,  202.800,  0.93,  1, 0.41, 0.47, 1.81, 0.00, 1.06, 0.46, 0.01, 0.33, 1.15, 1.18, 0.52, 0.00, 0.00, 0.00, 0.88, 0.31, 2.96, 0.00, 0.00, 1.00, 0.00, 1.00, 1.00, 0.00, 1.00, 0.00, 1.00, 0.00, 0.00, 0.00, 0.00, 0.00, 0.00, 0.00, 1.00
6086,  0,  202.833,  0.93,  1, 0.44, 0.46, 1.89, 0.00, 0.88, 0.28, 0.00, 0.38, 0.94, 0.92, 0.53, 0.00, 0.00, 0.00, 0.73, 0.19, 3.13, 0.00, 0.00, 1.00, 0.00, 1.00, 1.00, 0.00, 1.00, 0.00, 1.00, 0.00, 0.00, 0.00, 0.00, 0.00, 0.00, 0.00, 1.00
6087,  0,  202.867,  0.93,  1, 0.66, 0.48, 1.87, 0.00, 0.73, 0.31, 0.01, 0.47, 0.75, 0.75, 0.86, 0.00, 0.00, 0.00, 0.64, 0.36, 3.05, 1.00, 0.00, 1.00, 0.00, 0.00, 1.00, 0.00, 1.00, 0.00, 1.00, 0.00, 0.00, 0.00, 0.00, 0.00, 0.00, 0.00, 1.00
6088,  0,  202.900,  0.93,  1, 0.85, 0.53, 1.87, 0.00, 0.59, 0.18, 0.01, 0.56, 0.62, 0.58, 1.09, 0.00, 0.00, 0.00, 0.55, 0.47, 2.91, 1.00, 0.00, 1.00, 0.00, 0.00, 1.00, 0.00, 1.00, 0.00, 1.00, 0.00, 0.00, 0.00, 0.00, 0.00, 0.00, 0.00, 1.00
6089,  0,  202.933,  0.93,  1, 0.96, 0.44, 1.82, 0.00, 0.50, 0.15, 0.01, 0.51, 0.58, 0.62, 1.26, 0.00, 0.00, 0.00, 0.53, 0.69, 2.85, 1.00, 0.00, 1.00, 0.00, 0.00, 1.00, 0.00, 1.00, 0.00, 1.00, 0.00, 0.00, 0.00, 0.00, 0.00, 0.00, 0.00, 1.00
6090,  0,  202.967,  0.93,  1, 0.96, 0.30, 1.83, 0.00, 0.41, 0.18, 0.00, 0.37, 0.60, 0.56, 1.19, 0.00, 0.00, 0.00, 0.61, 0.63, 2.80, 1.00, 0.00, 1.00, 0.00, 0.00, 1.00, 0.00, 1.00, 0.00, 1.00, 0.00, 0.00, 0.00, 0.00, 0.00, 0.00, 0.00, 1.00
6091,  0,  203.000,  0.93,  1, 0.94, 0.13, 1.76, 0.00, 0.38, 0.25, 0.00, 0.18, 0.65, 0.62, 0.97, 0.00, 0.00, 0.00, 0.80, 0.54, 2.82, 1.00, 0.00, 1.00, 0.00, 0.00, 1.00, 0.00, 1.00, 0.00, 1.00, 0.00, 0.00, 0.00, 0.00, 0.00, 0.00, 0.00, 1.00
6092,  0,  203.033,  0.93,  1, 1.00, 0.05, 1.82, 0.00, 0.41, 0.29, 0.00, 0.06, 0.80, 0.62, 0.77, 0.00, 0.00, 0.00, 1.12, 0.57, 2.85, 1.00, 0.00, 1.00, 0.00, 0.00, 1.00, 0.00, 1.00, 1.00, 1.00, 0.00, 0.00, 0.00, 0.00, 0.00, 0.00, 0.00, 1.00
6093,  0,  203.067,  0.93,  1, 1.02, 0.04, 1.79, 0.00, 0.49, 0.25, 0.00, 0.04, 0.94, 0.62, 0.65, 0.00, 0.00, 0.00, 1.43, 0.66, 2.86, 1.00, 0.00, 1.00, 0.00, 0.00, 1.00, 0.00, 1.00, 1.00, 1.00, 0.00, 0.00, 0.00, 0.00, 1.00, 0.00, 0.00, 1.00
6094,  0,  203.100,  0.93,  1, 1.03, 0.23, 1.76, 0.00, 0.59, 0.36, 0.00, 0.09, 1.08, 0.42, 0.61, 0.00, 0.00, 0.00, 1.64, 0.89, 2.86, 1.00, 0.00, 1.00, 0.00, 0.00, 1.00, 0.00, 1.00, 1.00, 1.00, 0.00, 0.00, 0.00, 0.00, 1.00, 0.00, 0.00, 1.00
6095,  0,  203.133,  0.93,  1, 0.98, 0.30, 1.71, 0.00, 0.60, 0.32, 0.00, 0.09, 1.03, 0.27, 0.62, 0.00, 0.00, 0.00, 1.63, 0.83, 2.81, 1.00, 1.00, 1.00, 0.00, 0.00, 1.00, 0.00, 1.00, 1.00, 1.00, 0.00, 0.00, 0.00, 0.00, 1.00, 0.00, 0.00, 1.00
6096,  0,  203.167,  0.93,  1, 1.05, 0.57, 1.71, 0.00, 0.71, 0.56, 0.00, 0.04, 1.00, 0.27, 0.61, 0.00, 0.00, 0.00, 1.49, 0.71, 2.89, 1.00, 1.00, 1.00, 0.00, 0.00, 1.00, 0.00, 1.00, 1.00, 1.00, 0.00, 0.00, 0.00, 0.00, 1.00, 0.00, 0.00, 1.00
6097,  0,  203.200,  0.93,  1, 1.11, 0.67, 1.80, 0.00, 0.78, 0.62, 0.00, 0.00, 0.90, 0.47, 0.64, 0.00, 0.00, 0.00, 1.36, 0.44, 2.92, 1.00, 1.00, 1.00, 0.00, 1.00, 1.00, 0.00, 1.00, 0.00, 1.00, 0.00, 0.00, 0.00, 0.00, 1.00, 0.00, 0.00, 1.00
6098,  0,  203.233,  0.93,  1, 1.24, 0.84, 1.82, 0.00, 0.88, 0.69, 0.00, 0.00, 0.88, 0.63, 0.64, 0.00, 0.00, 0.00, 1.27, 0.23, 2.90, 1.00, 1.00, 1.00, 0.00, 1.00, 1.00, 0.00, 1.00, 0.00, 1.00, 0.00, 0.00, 0.00, 0.00, 1.00, 0.00, 0.00, 1.00
6099,  0,  203.267,  0.93,  1, 1.38, 0.86, 1.76, 0.00, 0.84, 0.51, 0.00, 0.02, 0.81, 0.75, 0.64, 0.00, 0.00, 0.00, 1.22, 0.22, 2.92, 1.00, 1.00, 1.00, 0.00, 1.00, 1.00, 0.00, 1.00, 0.00, 1.00, 0.00, 0.00, 0.00, 0.00, 1.00, 0.00, 0.00, 1.00
6100,  0,  203.300,  0.93,  1, 1.48, 0.72, 1.67, 0.00, 0.81, 0.28, 0.00, 0.02, 0.79, 0.73, 0.59, 0.00, 0.00, 0.00, 1.15, 0.23, 2.87, 1.00, 1.00, 1.00, 0.00, 1.00, 1.00, 0.00, 1.00, 0.00, 1.00, 0.00, 0.00, 0.00, 0.00, 1.00, 0.00, 0.00, 1.00
6101,  0,  203.333,  0.93,  1, 1.48, 0.59, 1.56, 0.00, 0.83, 0.31, 0.00, 0.02, 0.77, 0.67, 0.54, 0.00, 0.00, 0.00, 1.11, 0.33, 2.88, 1.00, 1.00, 1.00, 0.00, 1.00, 1.00, 0.00, 1.00, 0.00, 1.00, 0.00, 0.00, 0.00, 0.00, 1.00, 0.00, 0.00, 1.00
6102,  0,  203.367,  0.93,  1, 1.43, 0.41, 1.49, 0.00, 0.80, 0.20, 0.00, 0.00, 0.80, 0.58, 0.47, 0.00, 0.00, 0.00, 1.21, 0.36, 2.84, 1.00, 1.00, 1.00, 0.00, 0.00, 1.00, 0.00, 1.00, 0.00, 1.00, 0.00, 0.00, 0.00, 0.00, 1.00, 0.00, 0.00, 1.00
6103,  0,  203.400,  0.93,  1, 1.48, 0.53, 1.53, 0.00, 0.78, 0.21, 0.00, 0.00, 0.84, 0.58, 0.54, 0.00, 0.00, 0.00, 1.29, 0.43, 2.90, 1.00, 1.00, 1.00, 0.00, 0.00, 1.00, 0.00, 1.00, 0.00, 1.00, 0.00, 0.00, 0.00, 0.00, 1.00, 0.00, 0.00, 1.00
6104,  0,  203.433,  0.93,  1, 1.44, 0.56, 1.62, 0.00, 0.74, 0.12, 0.00, 0.00, 0.87, 0.72, 0.59, 0.00, 0.00, 0.00, 1.37, 0.49, 3.12, 1.00, 1.00, 1.00, 0.00, 0.00, 1.00, 0.00, 1.00, 0.00, 1.00, 0.00, 0.00, 0.00, 0.00, 1.00, 0.00, 0.00, 1.00
6105,  0,  203.467,  0.93,  1, 1.41, 0.65, 1.62, 0.00, 0.73, 0.13, 0.00, 0.00, 0.88, 0.74, 0.64, 0.00, 0.00, 0.00, 1.38, 0.48, 3.23, 1.00, 1.00, 1.00, 0.00, 0.00, 1.00, 0.00, 1.00, 0.00, 1.00, 0.00, 0.00, 0.00, 0.00, 1.00, 0.00, 0.00, 1.00
6106,  0,  203.500,  0.93,  1, 1.31, 0.52, 1.58, 0.00, 0.68, 0.28, 0.00, 0.00, 0.87, 0.73, 0.65, 0.00, 0.00, 0.00, 1.32, 0.66, 3.22, 1.00, 1.00, 1.00, 0.00, 0.00, 1.00, 0.00, 1.00, 0.00, 1.00, 0.00, 0.00, 0.00, 0.00, 1.00, 0.00, 0.00, 1.00
6107,  0,  203.533,  0.93,  1, 1.31, 0.57, 1.50, 0.00, 0.63, 0.34, 0.00, 0.00, 0.91, 0.59, 0.65, 0.00, 0.00, 0.00, 1.35, 0.82, 3.03, 1.00, 1.00, 1.00, 0.00, 0.00, 1.00, 0.00, 1.00, 0.00, 1.00, 0.00, 0.00, 0.00, 0.00, 1.00, 0.00, 0.00, 1.00
6108,  0,  203.567,  0.93,  1, 1.23, 0.44, 1.45, 0.00, 0.64, 0.29, 0.00, 0.00, 1.00, 0.42, 0.72, 0.00, 0.00, 0.00, 1.57, 0.95, 2.97, 1.00, 1.00, 1.00, 0.00, 0.00, 1.00, 0.00, 1.00, 1.00, 1.00, 0.00, 0.00, 0.00, 0.00, 1.00, 0.00, 0.00, 1.00
6109,  0,  203.600,  0.93,  1, 1.13, 0.42, 1.44, 0.00, 0.68, 0.26, 0.00, 0.00, 1.10, 0.31, 0.75, 0.00, 0.00, 0.00, 1.78, 0.84, 3.00, 1.00, 1.00, 1.00, 0.00, 0.00, 1.00, 0.00, 1.00, 1.00, 1.00, 0.00, 0.00, 0.00, 0.00, 1.00, 0.00, 0.00, 1.00
6110,  0,  203.633,  0.93,  1, 1.02, 0.34, 1.44, 0.00, 0.80, 0.39, 0.00, 0.00, 1.19, 0.34, 0.77, 0.00, 0.00, 0.00, 1.93, 0.75, 3.15, 1.00, 1.00, 1.00, 0.00, 0.00, 1.00, 0.00, 1.00, 1.00, 1.00, 0.00, 0.00, 0.00, 0.00, 1.00, 0.00, 0.00, 1.00
6111,  0,  203.667,  0.93,  1, 0.88, 0.39, 1.49, 0.00, 0.87, 0.39, 0.00, 0.00, 1.32, 0.52, 0.72, 0.00, 0.00, 0.00, 1.88, 0.53, 3.03, 1.00, 1.00, 1.00, 0.00, 1.00, 1.00, 0.00, 1.00, 1.00, 1.00, 0.00, 0.00, 0.00, 0.00, 1.00, 0.00, 0.00, 1.00
6112,  0,  203.700,  0.93,  1, 0.68, 0.26, 1.47, 0.00, 0.93, 0.42, 0.00, 0.00, 1.44, 0.70, 0.69, 0.00, 0.00, 0.00, 1.86, 0.45, 3.00, 1.00, 1.00, 1.00, 0.00, 1.00, 1.00, 0.00, 1.00, 1.00, 1.00, 0.00, 0.00, 0.00, 0.00, 1.00, 0.00, 0.00, 1.00
6113,  0,  203.733,  0.93,  1, 0.52, 0.31, 1.51, 0.00, 0.97, 0.41, 0.00, 0.01, 1.52, 0.69, 0.63, 0.00, 0.00, 0.00, 1.93, 0.52, 2.84, 1.00, 1.00, 1.00, 0.00, 1.00, 1.00, 0.00, 1.00, 1.00, 1.00, 0.00, 0.00, 0.00, 0.00, 1.00, 0.00, 0.00, 1.00
6114,  0,  203.767,  0.93,  1, 0.42, 0.48, 1.60, 0.00, 1.09, 0.77, 0.00, 0.01, 1.57, 0.77, 0.78, 0.00, 0.00, 0.03, 1.95, 0.62, 2.62, 0.00, 1.00, 1.00, 0.00, 1.00, 1.00, 0.00, 1.00, 1.00, 1.00, 0.00, 0.00, 0.00, 0.00, 1.00, 0.00, 0.00, 1.00
6115,  0,  203.800,  0.93,  1, 0.43, 0.80, 1.55, 0.00, 1.18, 0.84, 0.00, 0.03, 1.61, 0.86, 0.87, 0.00, 0.00, 0.06, 1.93, 0.60, 2.00, 0.00, 1.00, 1.00, 0.00, 1.00, 1.00, 0.00, 1.00, 1.00, 1.00, 0.00, 0.00, 0.00, 0.00, 1.00, 0.00, 0.00, 1.00
6116,  0,  203.833,  0.98,  1, 0.43, 0.97, 1.54, 0.00, 1.22, 0.90, 0.01, 0.14, 1.63, 1.08, 0.92, 0.00, 0.00, 0.06, 1.77, 0.51, 1.19, 0.00, 1.00, 1.00, 0.00, 1.00, 1.00, 0.00, 1.00, 1.00, 1.00, 0.00, 0.00, 0.00, 0.00, 1.00, 0.00, 0.00, 1.00
6117,  0,  203.867,  0.98,  1, 0.29, 0.75, 1.36, 0.00, 1.18, 0.88, 0.01, 0.25, 1.62, 1.27, 0.72, 0.00, 0.00, 0.07, 1.72, 0.63, 0.63, 0.00, 1.00, 0.00, 0.00, 1.00, 1.00, 0.00, 1.00, 1.00, 1.00, 0.00, 0.00, 0.00, 0.00, 1.00, 0.00, 0.00, 0.00
6118,  0,  203.900,  0.98,  1, 0.15, 0.43, 1.26, 0.00, 1.19, 1.23, 0.03, 0.54, 1.68, 1.40, 0.64, 0.00, 0.00, 0.11, 1.63, 0.92, 0.25, 0.00, 0.00, 0.00, 0.00, 1.00, 1.00, 0.00, 1.00, 1.00, 1.00, 0.00, 0.00, 0.00, 0.00, 1.00, 0.00, 0.00, 0.00
6119,  0,  203.933,  0.98,  1, 0.00, 0.10, 1.03, 0.00, 1.13, 1.46, 0.02, 0.70, 1.74, 1.39, 0.51, 0.00, 0.00, 0.20, 1.61, 1.01, 0.11, 0.00, 0.00, 0.00, 0.00, 1.00, 1.00, 0.00, 1.00, 1.00, 1.00, 0.00, 0.00, 0.00, 0.00, 1.00, 0.00, 0.00, 0.00
6120,  0,  203.967,  0.98,  1, 0.00, 0.01, 0.90, 0.00, 1.06, 1.46, 0.02, 0.80, 1.82, 1.28, 0.43, 0.00, 0.00, 0.16, 1.57, 1.01, 0.00, 0.00, 0.00, 0.00, 0.00, 1.00, 1.00, 0.00, 1.00, 1.00, 1.00, 0.00, 0.00, 0.00, 0.00, 1.00, 0.00, 0.00, 0.00
6121,  0,  204.000,  0.98,  1, 0.00, 0.01, 0.94, 0.00, 1.01, 1.42, 0.00, 0.68, 1.78, 1.20, 0.23, 0.00, 0.00, 0.09, 1.73, 0.85, 0.00, 0.00, 0.00, 0.00, 1.00, 1.00, 1.00, 0.00, 1.00, 1.00, 1.00, 0.00, 0.00, 0.00, 0.00, 1.00, 0.00, 0.00, 0.00
6122,  0,  204.033,  0.98,  1, 0.00, 0.01, 1.01, 0.00, 0.99, 1.43, 0.03, 0.64, 1.77, 1.29, 0.12, 0.00, 0.00, 0.00, 1.77, 0.68, 0.00, 0.00, 0.00, 1.00, 1.00, 1.00, 1.00, 0.00, 1.00, 1.00, 1.00, 0.00, 0.00, 0.00, 0.00, 1.00, 0.00, 0.00, 0.00
6123,  0,  204.067,  0.98,  1, 0.00, 0.00, 1.09, 0.00, 1.02, 1.61, 0.03, 0.70, 1.75, 1.36, 0.11, 0.00, 0.00, 0.00, 1.84, 0.55, 0.00, 0.00, 0.00, 1.00, 1.00, 1.00, 1.00, 0.00, 1.00, 1.00, 1.00, 0.00, 0.00, 0.00, 0.00, 1.00, 0.00, 0.00, 0.00
6124,  0,  204.100,  0.98,  1, 0.00, 0.00, 1.10, 0.00, 0.97, 1.66, 0.03, 0.68, 1.72, 1.35, 0.09, 0.01, 0.00, 0.00, 1.79, 0.42, 0.00, 0.00, 0.00, 1.00, 1.00, 1.00, 1.00, 0.00, 1.00, 1.00, 1.00, 0.00, 0.00, 0.00, 0.00, 1.00, 0.00, 0.00, 0.00
6125,  0,  204.133,  0.98,  1, 0.00, 0.00, 1.15, 0.00, 0.94, 1.79, 0.00, 0.59, 1.69, 1.38, 0.09, 0.01, 0.00, 0.00, 1.84, 0.49, 0.00, 0.00, 0.00, 1.00, 1.00, 1.00, 1.00, 0.00, 1.00, 1.00, 1.00, 0.00, 0.00, 0.00, 0.00, 1.00, 0.00, 0.00, 0.00
6126,  0,  204.167,  0.98,  1, 0.00, 0.00, 1.09, 0.00, 0.88, 1.88, 0.00, 0.47, 1.63, 1.35, 0.00, 0.01, 0.00, 0.00, 1.86, 0.59, 0.00, 0.00, 0.00, 1.00, 1.00, 1.00, 1.00, 0.00, 1.00, 1.00, 1.00, 0.00, 0.00, 0.00, 0.00, 1.00, 1.00, 0.00, 0.00
6127,  0,  204.200,  0.98,  1, 0.00, 0.00, 1.06, 0.00, 0.97, 1.97, 0.00, 0.48, 1.62, 1.37, 0.00, 0.00, 0.00, 0.00, 1.90, 0.71, 0.00, 0.00, 0.00, 1.00, 1.00, 1.00, 1.00, 0.00, 1.00, 1.00, 1.00, 0.00, 0.00, 0.00, 0.00, 1.00, 1.00, 0.00, 0.00
6128,  0,  204.233,  0.98,  1, 0.00, 0.00, 1.02, 0.00, 1.02, 1.96, 0.00, 0.55, 1.63, 1.21, 0.00, 0.00, 0.00, 0.00, 1.93, 0.79, 0.00, 0.00, 0.00, 1.00, 1.00, 1.00, 1.00, 0.00, 1.00, 1.00, 1.00, 0.00, 0.00, 0.00, 0.00, 1.00, 1.00, 0.00, 0.00
6129,  0,  204.267,  0.98,  1, 0.00, 0.00, 1.10, 0.00, 1.06, 2.06, 0.00, 0.64, 1.64, 1.13, 0.00, 0.00, 0.09, 0.00, 1.96, 0.80, 0.00, 0.00, 0.00, 1.00, 1.00, 1.00, 1.00, 0.00, 1.00, 1.00, 1.00, 0.00, 0.00, 0.00, 0.00, 1.00, 1.00, 0.00, 0.00
6130,  0,  204.300,  0.98,  1, 0.00, 0.00, 1.18, 0.05, 1.03, 2.10, 0.00, 0.65, 1.65, 1.12, 0.00, 0.04, 0.14, 0.01, 1.93, 0.80, 0.00, 0.00, 0.00, 1.00, 1.00, 1.00, 1.00, 0.00, 1.00, 1.00, 1.00, 0.00, 0.00, 0.00, 0.00, 1.00, 1.00, 0.00, 0.00
6131,  0,  204.333,  0.98,  1, 0.02, 0.00, 1.27, 0.05, 1.03, 2.08, 0.00, 0.65, 1.65, 1.24, 0.00, 0.10, 0.19, 0.01, 1.89, 0.74, 0.00, 0.00, 0.00, 1.00, 1.00, 1.00, 1.00, 0.00, 1.00, 1.00, 1.00, 0.00, 0.00, 0.00, 1.00, 1.00, 1.00, 0.00, 0.00
6132,  0,  204.367,  0.98,  1, 0.02, 0.00, 1.33, 0.23, 1.08, 2.05, 0.00, 0.61, 1.67, 1.18, 0.00, 0.17, 0.20, 0.01, 1.78, 0.57, 0.00, 0.00, 0.00, 1.00, 1.00, 1.00, 1.00, 0.00, 1.00, 1.00, 1.00, 0.00, 0.00, 0.00, 1.00, 1.00, 1.00, 0.00, 0.00
6133,  0,  204.400,  0.98,  1, 0.02, 0.00, 1.32, 0.36, 1.09, 2.02, 0.00, 0.62, 1.65, 1.15, 0.00, 0.27, 0.20, 0.00, 1.75, 0.32, 0.00, 0.00, 0.00, 1.00, 1.00, 1.00, 1.00, 0.00, 1.00, 1.00, 1.00, 0.00, 0.00, 0.00, 1.00, 1.00, 1.00, 0.00, 0.00
6134,  0,  204.433,  0.98,  1, 0.08, 0.00, 1.24, 0.36, 1.08, 2.13, 0.00, 0.72, 1.63, 1.12, 0.00, 0.28, 0.14, 0.00, 1.72, 0.20, 0.00, 0.00, 0.00, 1.00, 1.00, 1.00, 1.00, 0.00, 1.00, 1.00, 1.00, 0.00, 0.00, 0.00, 1.00, 1.00, 1.00, 0.00, 0.00
6135,  0,  204.467,  0.98,  1, 0.07, 0.00, 1.21, 0.18, 1.07, 2.20, 0.00, 0.77, 1.64, 1.27, 0.00, 0.33, 0.05, 0.00, 1.73, 0.18, 0.00, 0.00, 0.00, 1.00, 1.00, 1.00, 1.00, 0.00, 1.00, 1.00, 1.00, 0.00, 0.00, 0.00, 1.00, 1.00, 1.00, 0.00, 0.00
6136,  0,  204.500,  0.98,  1, 0.08, 0.00, 1.23, 0.01, 1.09, 2.16, 0.00, 0.79, 1.63, 1.33, 0.00, 0.30, 0.08, 0.00, 1.77, 0.23, 0.00, 0.00, 0.00, 1.00, 1.00, 1.00, 1.00, 0.00, 1.00, 1.00, 1.00, 0.00, 0.00, 0.00, 1.00, 1.00, 1.00, 0.00, 0.00
6137,  0,  204.533,  0.98,  1, 0.05, 0.00, 1.23, 0.05, 1.13, 2.15, 0.00, 0.72, 1.63, 1.34, 0.00, 0.26, 0.08, 0.05, 1.83, 0.30, 0.00, 0.00, 0.00, 1.00, 1.00, 1.00, 1.00, 0.00, 1.00, 1.00, 1.00, 0.00, 0.00, 0.00, 1.00, 1.00, 1.00, 0.00, 0.00
6138,  0,  204.567,  0.98,  1, 0.05, 0.00, 1.22, 0.09, 1.21, 2.15, 0.00, 0.76, 1.64, 1.35, 0.00, 0.25, 0.08, 0.09, 1.92, 0.52, 0.00, 0.00, 0.00, 1.00, 1.00, 1.00, 1.00, 0.00, 1.00, 1.00, 1.00, 0.00, 0.00, 0.00, 1.00, 1.00, 1.00, 0.00, 0.00
6139,  0,  204.600,  0.98,  1, 0.04, 0.00, 1.19, 0.12, 1.29, 2.29, 0.00, 0.81, 1.62, 1.36, 0.00, 0.20, 0.06, 0.14, 1.86, 0.58, 0.00, 0.00, 0.00, 1.00, 1.00, 1.00, 1.00, 0.00, 1.00, 1.00, 1.00, 0.00, 0.00, 0.00, 1.00, 1.00, 1.00, 0.00, 0.00
6140,  0,  204.633,  0.98,  1, 0.00, 0.00, 1.15, 0.07, 1.31, 2.29, 0.00, 0.88, 1.63, 1.42, 0.00, 0.21, 0.08, 0.09, 1.85, 0.60, 0.00, 0.00, 0.00, 1.00, 1.00, 1.00, 1.00, 0.00, 1.00, 1.00, 1.00, 0.00, 0.00, 0.00, 1.00, 1.00, 1.00, 0.00, 0.00
6141,  0,  204.667,  0.98,  1, 0.00, 0.00, 1.15, 0.04, 1.30, 2.39, 0.00, 0.88, 1.60, 1.47, 0.00, 0.15, 0.08, 0.08, 1.79, 0.47, 0.00, 0.00, 0.00, 1.00, 1.00, 1.00, 1.00, 0.00, 1.00, 1.00, 1.00, 0.00, 0.00, 0.00, 1.00, 1.00, 1.00, 0.00, 0.00
6142,  0,  204.700,  0.98,  1, 0.00, 0.01, 1.05, 0.00, 1.33, 2.45, 0.00, 0.88, 1.62, 1.47, 0.00, 0.21, 0.14, 0.08, 1.90, 0.49, 0.00, 0.00, 0.00, 1.00, 1.00, 1.00, 1.00, 0.00, 1.00, 1.00, 1.00, 0.00, 0.00, 0.00, 0.00, 1.00, 1.00, 0.00, 0.00
6143,  0,  204.733,  0.98,  1, 0.00, 0.02, 1.10, 0.06, 1.39, 2.59, 0.00, 0.80, 1.61, 1.38, 0.00, 0.17, 0.21, 0.14, 1.89, 0.41, 0.00, 0.00, 0.00, 1.00, 1.00, 1.00, 1.00, 0.00, 1.00, 1.00, 1.00, 0.00, 0.00, 0.00, 0.00, 1.00, 1.00, 0.00, 0.00
6144,  0,  204.767,  0.98,  1, 0.00, 0.02, 1.13, 0.06, 1.39, 2.41, 0.00, 0.78, 1.65, 1.24, 0.00, 0.12, 0.33, 0.10, 1.97, 0.25, 0.00, 0.00, 0.00, 1.00, 1.00, 1.00, 1.00, 0.00, 1.00, 1.00, 1.00, 0.00, 0.00, 0.00, 0.00, 1.00, 1.00, 0.00, 0.00
6145,  0,  204.800,  0.98,  1, 0.00, 0.07, 1.22, 0.15, 1.33, 2.22, 0.00, 0.75, 1.66, 1.24, 0.00, 0.05, 0.32, 0.10, 1.98, 0.08, 0.00, 0.00, 0.00, 1.00, 1.00, 1.00, 1.00, 0.00, 1.00, 1.00, 1.00, 0.00, 0.00, 0.00, 0.00, 1.00, 1.00, 0.00, 0.00
6146,  0,  204.833,  0.98,  1, 0.10, 0.12, 1.27, 0.12, 1.23, 1.88, 0.00, 0.79, 1.68, 1.36, 0.00, 0.11, 0.40, 0.05, 2.04, 0.03, 0.00, 0.00, 0.00, 1.00, 1.00, 1.00, 1.00, 0.00, 1.00, 1.00, 1.00, 0.00, 0.00, 0.00, 1.00, 1.00, 1.00, 0.00, 0.00
6147,  0,  204.867,  0.98,  1, 0.15, 0.22, 1.30, 0.22, 1.21, 1.84, 0.00, 0.78, 1.66, 1.52, 0.00, 0.12, 0.52, 0.05, 2.03, 0.02, 0.00, 0.00, 0.00, 1.00, 1.00, 1.00, 1.00, 0.00, 1.00, 1.00, 1.00, 0.00, 0.00, 0.00, 1.00, 1.00, 1.00, 0.00, 0.00
6148,  0,  204.900,  0.98,  1, 0.18, 0.17, 1.32, 0.12, 1.23, 1.82, 0.00, 0.82, 1.67, 1.61, 0.00, 0.10, 0.69, 0.06, 2.01, 0.02, 0.00, 0.00, 0.00, 1.00, 1.00, 1.00, 1.00, 0.00, 1.00, 1.00, 1.00, 0.00, 0.00, 0.00, 1.00, 1.00, 1.00, 0.00, 0.00
6149,  0,  204.933,  0.98,  1, 0.10, 0.11, 1.33, 0.11, 1.27, 1.94, 0.00, 0.82, 1.65, 1.58, 0.00, 0.02, 0.74, 0.08, 2.04, 0.02, 0.00, 0.00, 0.00, 1.00, 1.00, 1.00, 1.00, 0.00, 1.00, 1.00, 1.00, 0.00, 0.00, 0.00, 1.00, 1.00, 1.00, 0.00, 0.00
6150,  0,  204.967,  0.98,  1, 0.06, 0.01, 1.31, 0.10, 1.26, 1.94, 0.00, 0.81, 1.64, 1.62, 0.00, 0.00, 0.70, 0.08, 2.02, 0.07, 0.00, 0.00, 0.00, 1.00, 1.00, 1.00, 1.00, 0.00, 1.00, 1.00, 1.00, 0.00, 0.00, 0.00, 1.00, 1.00, 1.00, 0.00, 0.00
6151,  0,  205.000,  0.98,  1, 0.06, 0.00, 1.32, 0.18, 1.24, 2.03, 0.00, 0.79, 1.64, 1.70, 0.00, 0.01, 0.53, 0.04, 2.07, 0.13, 0.00, 0.00, 0.00, 1.00, 1.00, 1.00, 1.00, 0.00, 1.00, 1.00, 1.00, 0.00, 0.00, 0.00, 1.00, 1.00, 1.00, 0.00, 0.00
6152,  0,  205.033,  0.98,  1, 0.03, 0.00, 1.35, 0.20, 1.23, 1.87, 0.00, 0.79, 1.67, 1.72, 0.00, 0.01, 0.47, 0.01, 2.08, 0.17, 0.00, 0.00, 0.00, 1.00, 1.00, 1.00, 1.00, 0.00, 1.00, 1.00, 1.00, 0.00, 0.00, 0.00, 1.00, 1.00, 1.00, 0.00, 0.00
6153,  0,  205.067,  0.98,  1, 0.02, 0.00, 1.41, 0.11, 1.31, 1.83, 0.00, 0.88, 1.71, 1.73, 0.00, 0.01, 0.45, 0.03, 2.12, 0.15, 0.00, 0.00, 0.00, 1.00, 1.00, 1.00, 1.00, 0.00, 1.00, 1.00, 1.00, 0.00, 0.00, 0.00, 1.00, 1.00, 1.00, 0.00, 0.00
6154,  0,  205.100,  0.98,  1, 0.00, 0.00, 1.34, 0.17, 1.30, 1.79, 0.00, 0.83, 1.67, 1.70, 0.00, 0.05, 0.54, 0.04, 2.06, 0.10, 0.00, 0.00, 0.00, 1.00, 1.00, 1.00, 1.00, 0.00, 1.00, 1.00, 1.00, 0.00, 0.00, 0.00, 1.00, 1.00, 1.00, 0.00, 0.00
6155,  0,  205.133,  0.98,  1, 0.00, 0.00, 1.31, 0.24, 1.28, 1.88, 0.00, 0.71, 1.60, 1.74, 0.00, 0.12, 0.66, 0.06, 1.93, 0.10, 0.00, 0.00, 0.00, 1.00, 1.00, 1.00, 1.00, 0.00, 1.00, 1.00, 1.00, 0.00, 0.00, 0.00, 1.00, 1.00, 1.00, 0.00, 0.00
6156,  0,  205.167,  0.98,  1, 0.00, 0.00, 1.24, 0.28, 1.21, 2.02, 0.00, 0.55, 1.58, 1.67, 0.00, 0.14, 0.62, 0.07, 1.86, 0.11, 0.00, 0.00, 0.00, 1.00, 1.00, 1.00, 1.00, 0.00, 1.00, 1.00, 1.00, 0.00, 0.00, 0.00, 0.00, 1.00, 1.00, 0.00, 0.00
6157,  0,  205.200,  0.98,  1, 0.00, 0.00, 1.20, 0.25, 1.19, 2.06, 0.00, 0.61, 1.60, 1.53, 0.00, 0.13, 0.51, 0.07, 1.82, 0.13, 0.00, 0.00, 0.00, 1.00, 1.00, 1.00, 1.00, 0.00, 1.00, 1.00, 1.00, 0.00, 0.00, 0.00, 0.00, 1.00, 1.00, 0.00, 0.00
6158,  0,  205.233,  0.98,  1, 0.00, 0.00, 1.16, 0.23, 1.24, 2.17, 0.00, 0.68, 1.64, 1.49, 0.00, 0.13, 0.34, 0.07, 1.85, 0.07, 0.00, 0.00, 0.00, 1.00, 1.00, 1.00, 1.00, 0.00, 1.00, 1.00, 1.00, 0.00, 0.00, 0.00, 0.00, 1.00, 1.00, 0.00, 0.00
6159,  0,  205.267,  0.98,  1, 0.00, 0.00, 1.16, 0.37, 1.32, 2.17, 0.00, 0.78, 1.65, 1.54, 0.00, 0.20, 0.34, 0.06, 1.81, 0.04, 0.00, 0.00, 0.00, 0.00, 1.00, 1.00, 1.00, 0.00, 1.00, 1.00, 1.00, 0.00, 0.00, 0.00, 0.00, 1.00, 1.00, 0.00, 0.00
6160,  0,  205.300,  0.98,  1, 0.00, 0.00, 1.28, 0.41, 1.46, 2.22, 0.00, 0.78, 1.64, 1.63, 0.00, 0.24, 0.34, 0.06, 1.81, 0.06, 0.00, 0.00, 0.00, 0.00, 1.00, 1.00, 1.00, 0.00, 1.00, 1.00, 1.00, 0.00, 0.00, 0.00, 0.00, 1.00, 1.00, 0.00, 0.00
6161,  0,  205.333,  0.98,  1, 0.00, 0.00, 1.31, 0.48, 1.51, 2.26, 0.00, 0.83, 1.65, 1.58, 0.00, 0.26, 0.36, 0.06, 1.76, 0.06, 0.00, 0.00, 0.00, 0.00, 1.00, 1.00, 1.00, 0.00, 1.00, 1.00, 1.00, 0.00, 0.00, 0.00, 0.00, 1.00, 1.00, 0.00, 0.00
6162,  0,  205.367,  0.98,  1, 0.00, 0.00, 1.35, 0.41, 1.51, 2.41, 0.00, 0.88, 1.64, 1.49, 0.00, 0.16, 0.35, 0.07, 1.76, 0.05, 0.00, 0.00, 0.00, 0.00, 1.00, 1.00, 1.00, 0.00, 1.00, 1.00, 1.00, 0.00, 0.00, 0.00, 0.00, 1.00, 1.00, 0.00, 0.00
6163,  0,  205.400,  0.98,  1, 0.00, 0.00, 1.36, 0.36, 1.51, 2.48, 0.00, 0.90, 1.62, 1.48, 0.00, 0.20, 0.40, 0.11, 1.82, 0.14, 0.00, 0.00, 0.00, 0.00, 1.00, 1.00, 1.00, 0.00, 1.00, 1.00, 1.00, 0.00, 0.00, 0.00, 1.00, 1.00, 1.00, 0.00, 0.00
6164,  0,  205.433,  0.98,  1, 0.00, 0.00, 1.36, 0.28, 1.54, 2.52, 0.00, 0.90, 1.62, 1.57, 0.00, 0.20, 0.33, 0.13, 1.87, 0.26, 0.00, 0.00, 0.00, 0.00, 1.00, 1.00, 1.00, 0.00, 1.00, 1.00, 1.00, 0.00, 0.00, 0.00, 1.00, 1.00, 1.00, 0.00, 0.00
6165,  0,  205.467,  0.98,  1, 0.00, 0.00, 1.30, 0.20, 1.52, 2.46, 0.00, 0.90, 1.63, 1.72, 0.00, 0.38, 0.29, 0.15, 1.84, 0.26, 0.00, 0.00, 0.00, 1.00, 1.00, 1.00, 1.00, 0.00, 1.00, 1.00, 1.00, 0.00, 0.00, 0.00, 1.00, 1.00, 1.00, 0.00, 0.00
6166,  0,  205.500,  0.98,  1, 0.00, 0.00, 1.33, 0.14, 1.48, 2.34, 0.00, 0.84, 1.63, 1.71, 0.00, 0.35, 0.32, 0.12, 1.68, 0.12, 0.00, 0.00, 0.00, 1.00, 1.00, 1.00, 1.00, 0.00, 1.00, 1.00, 1.00, 0.00, 0.00, 0.00, 1.00, 1.00, 1.00, 0.00, 0.00
6167,  0,  205.533,  0.98,  1, 0.00, 0.00, 1.35, 0.17, 1.43, 2.24, 0.00, 0.79, 1.65, 1.68, 0.00, 0.32, 0.46, 0.09, 1.59, 0.04, 0.00, 0.00, 0.00, 1.00, 1.00, 1.00, 1.00, 0.00, 1.00, 1.00, 1.00, 0.00, 0.00, 0.00, 1.00, 1.00, 1.00, 0.00, 0.00
6168,  0,  205.567,  0.98,  1, 0.00, 0.00, 1.34, 0.20, 1.39, 2.30, 0.00, 0.77, 1.72, 1.57, 0.00, 0.29, 0.36, 0.09, 1.57, 0.16, 0.00, 0.00, 0.00, 1.00, 1.00, 1.00, 1.00, 0.00, 1.00, 1.00, 1.00, 0.00, 0.00, 0.00, 1.00, 1.00, 1.00, 0.00, 0.00
6169,  0,  205.600,  0.98,  1, 0.00, 0.00, 1.26, 0.16, 1.36, 2.38, 0.00, 0.85, 1.83, 1.65, 0.00, 0.22, 0.20, 0.09, 1.66, 0.23, 0.00, 0.00, 0.00, 1.00, 1.00, 1.00, 1.00, 0.00, 1.00, 1.00, 1.00, 0.00, 0.00, 0.00, 1.00, 1.00, 1.00, 0.00, 0.00
6170,  0,  205.633,  0.98,  1, 0.00, 0.00, 1.26, 0.06, 1.36, 2.49, 0.00, 0.91, 1.91, 1.67, 0.00, 0.19, 0.00, 0.08, 1.66, 0.31, 0.00, 0.00, 0.00, 1.00, 1.00, 1.00, 1.00, 0.00, 1.00, 1.00, 1.00, 0.00, 0.00, 0.00, 1.00, 1.00, 1.00, 0.00, 0.00
6171,  0,  205.667,  0.98,  1, 0.00, 0.00, 1.28, 0.02, 1.40, 2.43, 0.00, 0.92, 1.90, 1.77, 0.00, 0.04, 0.00, 0.05, 1.70, 0.24, 0.00, 0.00, 0.00, 1.00, 1.00, 1.00, 1.00, 0.00, 1.00, 1.00, 1.00, 0.00, 0.00, 0.00, 1.00, 1.00, 1.00, 0.00, 0.00
6172,  0,  205.700,  0.98,  1, 0.00, 0.00, 1.34, 0.14, 1.45, 2.42, 0.00, 0.87, 1.91, 1.84, 0.00, 0.04, 0.00, 0.04, 1.67, 0.30, 0.00, 0.00, 0.00, 1.00, 1.00, 1.00, 1.00, 0.00, 1.00, 1.00, 1.00, 0.00, 0.00, 0.00, 1.00, 1.00, 1.00, 0.00, 0.00
6173,  0,  205.733,  0.98,  1, 0.00, 0.00, 1.36, 0.15, 1.44, 2.36, 0.00, 0.91, 1.90, 1.87, 0.00, 0.01, 0.01, 0.03, 1.66, 0.27, 0.00, 0.00, 0.00, 1.00, 1.00, 1.00, 1.00, 0.00, 1.00, 1.00, 1.00, 0.00, 0.00, 0.00, 1.00, 1.00, 1.00, 0.00, 0.00
6174,  0,  205.767,  0.98,  1, 0.00, 0.00, 1.45, 0.13, 1.44, 2.42, 0.00, 0.92, 1.92, 1.89, 0.00, 0.02, 0.01, 0.01, 1.61, 0.21, 0.00, 0.00, 0.00, 1.00, 1.00, 1.00, 1.00, 0.00, 1.00, 1.00, 1.00, 0.00, 0.00, 0.00, 1.00, 1.00, 1.00, 0.00, 0.00
6175,  0,  205.800,  0.98,  1, 0.00, 0.00, 1.47, 0.02, 1.44, 2.57, 0.00, 0.95, 1.91, 1.90, 0.00, 0.05, 0.01, 0.02, 1.57, 0.20, 0.03, 0.00, 0.00, 1.00, 1.00, 1.00, 1.00, 0.00, 1.00, 1.00, 1.00, 0.00, 0.00, 0.00, 1.00, 1.00, 1.00, 0.00, 0.00
6176,  0,  205.833,  0.98,  1, 0.00, 0.00, 1.53, 0.00, 1.48, 2.80, 0.00, 0.95, 1.90, 1.94, 0.00, 0.12, 0.00, 0.02, 1.55, 0.20, 0.03, 0.00, 0.00, 1.00, 1.00, 1.00, 1.00, 0.00, 1.00, 1.00, 1.00, 0.00, 0.00, 0.00, 1.00, 1.00, 1.00, 0.00, 0.00
6177,  0,  205.867,  0.98,  1, 0.00, 0.00, 1.63, 0.09, 1.53, 2.81, 0.00, 0.92, 1.84, 1.82, 0.00, 0.12, 0.00, 0.02, 1.62, 0.28, 0.05, 0.00, 0.00, 1.00, 1.00, 1.00, 1.00, 0.00, 1.00, 1.00, 1.00, 0.00, 0.00, 0.00, 1.00, 1.00, 0.00, 0.00, 0.00
6178,  0,  205.900,  0.98,  1, 0.00, 0.00, 1.64, 0.09, 1.48, 2.62, 0.00, 0.96, 1.87, 1.75, 0.00, 0.13, 0.00, 0.00, 1.66, 0.32, 0.04, 0.00, 0.00, 1.00, 1.00, 1.00, 1.00, 0.00, 1.00, 1.00, 1.00, 0.00, 0.00, 0.00, 1.00, 1.00, 0.00, 0.00, 0.00
6179,  0,  205.933,  0.98,  1, 0.00, 0.00, 1.53, 0.08, 1.46, 2.43, 0.00, 0.95, 1.92, 1.70, 0.00, 0.09, 0.00, 0.02, 1.69, 0.32, 0.11, 0.00, 0.00, 1.00, 1.00, 1.00, 1.00, 0.00, 1.00, 1.00, 1.00, 0.00, 0.00, 0.00, 1.00, 1.00, 0.00, 0.00, 0.00
6180,  0,  205.967,  0.98,  1, 0.00, 0.00, 1.40, 0.01, 1.45, 2.25, 0.00, 0.97, 2.00, 1.80, 0.00, 0.11, 0.10, 0.05, 1.68, 0.27, 0.09, 0.00, 0.00, 1.00, 1.00, 1.00, 1.00, 0.00, 1.00, 1.00, 1.00, 0.00, 0.00, 0.00, 1.00, 1.00, 0.00, 0.00, 0.00
6181,  0,  206.000,  0.98,  1, 0.00, 0.00, 1.39, 0.01, 1.53, 2.28, 0.00, 1.01, 2.01, 1.83, 0.00, 0.13, 0.16, 0.10, 1.63, 0.12, 0.07, 0.00, 0.00, 1.00, 1.00, 1.00, 1.00, 0.00, 1.00, 1.00, 1.00, 0.00, 0.00, 0.00, 1.00, 1.00, 0.00, 0.00, 0.00
6182,  0,  206.033,  0.98,  1, 0.00, 0.00, 1.48, 0.02, 1.57, 2.26, 0.00, 1.05, 2.06, 1.90, 0.00, 0.18, 0.16, 0.14, 1.58, 0.02, 0.00, 0.00, 0.00, 1.00, 1.00, 1.00, 1.00, 0.00, 1.00, 1.00, 1.00, 0.00, 0.00, 0.00, 1.00, 1.00, 0.00, 0.00, 0.00
6183,  0,  206.067,  0.98,  1, 0.00, 0.00, 1.46, 0.01, 1.60, 2.46, 0.00, 1.11, 2.05, 1.94, 0.00, 0.26, 0.12, 0.15, 1.57, 0.10, 0.00, 0.00, 0.00, 1.00, 1.00, 1.00, 1.00, 0.00, 1.00, 1.00, 1.00, 0.00, 0.00, 0.00, 1.00, 1.00, 0.00, 0.00, 0.00
6184,  0,  206.100,  0.98,  1, 0.00, 0.00, 1.50, 0.05, 1.62, 2.55, 0.00, 1.10, 2.04, 2.00, 0.00, 0.29, 0.07, 0.16, 1.62, 0.14, 0.00, 0.00, 0.00, 1.00, 1.00, 1.00, 1.00, 0.00, 1.00, 1.00, 1.00, 0.00, 0.00, 0.00, 1.00, 1.00, 0.00, 0.00, 0.00
6185,  0,  206.133,  0.98,  1, 0.00, 0.00, 1.50, 0.04, 1.67, 2.71, 0.00, 1.18, 1.94, 2.04, 0.00, 0.33, 0.11, 0.19, 1.58, 0.16, 0.00, 0.00, 0.00, 1.00, 1.00, 1.00, 1.00, 0.00, 1.00, 1.00, 1.00, 0.00, 0.00, 0.00, 1.00, 1.00, 0.00, 0.00, 0.00
6186,  0,  206.167,  0.98,  1, 0.00, 0.00, 1.47, 0.12, 1.68, 2.86, 0.00, 1.18, 1.92, 2.02, 0.00, 0.34, 0.04, 0.26, 1.54, 0.10, 0.01, 0.00, 0.00, 1.00, 1.00, 1.00, 1.00, 0.00, 1.00, 1.00, 1.00, 0.00, 0.00, 0.00, 1.00, 1.00, 0.00, 0.00, 0.00
6187,  0,  206.200,  0.98,  1, 0.00, 0.00, 1.39, 0.08, 1.68, 3.05, 0.00, 1.22, 1.92, 1.93, 0.00, 0.40, 0.10, 0.27, 1.51, 0.13, 0.01, 0.00, 0.00, 1.00, 1.00, 1.00, 1.00, 0.00, 1.00, 1.00, 1.00, 0.00, 0.00, 0.00, 1.00, 1.00, 0.00, 0.00, 0.00
6188,  0,  206.233,  0.98,  1, 0.00, 0.00, 1.28, 0.12, 1.65, 3.09, 0.00, 1.16, 1.94, 1.85, 0.00, 0.41, 0.09, 0.27, 1.57, 0.17, 0.01, 0.00, 0.00, 1.00, 1.00, 1.00, 1.00, 0.00, 1.00, 1.00, 1.00, 0.00, 0.00, 0.00, 1.00, 1.00, 1.00, 0.00, 0.00
6189,  0,  206.267,  0.98,  1, 0.00, 0.00, 1.30, 0.06, 1.67, 2.98, 0.00, 1.19, 1.97, 1.85, 0.00, 0.40, 0.13, 0.23, 1.59, 0.29, 0.00, 0.00, 0.00, 1.00, 1.00, 1.00, 1.00, 0.00, 1.00, 1.00, 1.00, 0.00, 0.00, 0.00, 1.00, 1.00, 1.00, 0.00, 0.00
6190,  0,  206.300,  0.98,  1, 0.00, 0.00, 1.33, 0.06, 1.69, 2.90, 0.00, 1.32, 2.03, 1.91, 0.00, 0.33, 0.07, 0.21, 1.57, 0.29, 0.00, 0.00, 0.00, 1.00, 1.00, 1.00, 1.00, 0.00, 1.00, 1.00, 1.00, 0.00, 0.00, 0.00, 1.00, 1.00, 1.00, 0.00, 0.00
6191,  0,  206.333,  0.98,  1, 0.00, 0.00, 1.47, 0.02, 1.75, 2.96, 0.00, 1.37, 2.12, 1.97, 0.00, 0.34, 0.06, 0.21, 1.54, 0.27, 0.00, 0.00, 0.00, 1.00, 1.00, 1.00, 1.00, 0.00, 1.00, 1.00, 1.00, 0.00, 0.00, 0.00, 1.00, 1.00, 1.00, 0.00, 0.00
6192,  0,  206.367,  0.98,  1, 0.00, 0.00, 1.65, 0.00, 1.76, 2.71, 0.00, 1.32, 2.17, 1.86, 0.00, 0.34, 0.07, 0.13, 1.62, 0.12, 0.60, 0.00, 0.00, 1.00, 1.00, 1.00, 1.00, 0.00, 1.00, 1.00, 1.00, 0.00, 0.00, 0.00, 1.00, 1.00, 1.00, 0.00, 0.00
6193,  0,  206.400,  0.98,  1, 0.00, 0.00, 1.73, 0.00, 1.67, 2.17, 0.00, 1.17, 2.16, 1.72, 0.00, 0.30, 0.08, 0.07, 1.74, 0.05, 1.29, 0.00, 0.00, 1.00, 1.00, 1.00, 1.00, 0.00, 1.00, 1.00, 1.00, 0.00, 0.00, 0.00, 1.00, 1.00, 1.00, 0.00, 1.00
6194,  0,  206.433,  0.98,  1, 0.00, 0.00, 1.75, 0.00, 1.54, 1.48, 0.00, 1.07, 2.14, 1.52, 0.00, 0.20, 0.08, 0.00, 1.87, 0.00, 2.03, 0.00, 0.00, 1.00, 1.00, 1.00, 1.00, 0.00, 1.00, 1.00, 1.00, 0.00, 0.00, 0.00, 1.00, 1.00, 1.00, 0.00, 1.00
6195,  0,  206.467,  0.98,  1, 0.00, 0.00, 1.68, 0.00, 1.47, 1.35, 0.00, 1.08, 2.10, 1.55, 0.00, 0.14, 0.06, 0.01, 1.87, 0.00, 2.09, 0.00, 0.00, 1.00, 1.00, 1.00, 1.00, 0.00, 1.00, 1.00, 1.00, 0.00, 0.00, 0.00, 1.00, 1.00, 1.00, 0.00, 1.00
6196,  0,  206.500,  0.98,  1, 0.00, 0.00, 1.74, 0.06, 1.52, 1.62, 0.00, 1.04, 2.06, 1.68, 0.00, 0.22, 0.07, 0.04, 1.87, 0.00, 1.92, 0.00, 0.00, 1.00, 0.00, 1.00, 1.00, 0.00, 1.00, 1.00, 1.00, 0.00, 0.00, 0.00, 1.00, 1.00, 1.00, 0.00, 1.00
6197,  0,  206.533,  0.98,  1, 0.00, 0.00, 1.76, 0.06, 1.62, 2.13, 0.00, 1.04, 2.06, 1.82, 0.00, 0.22, 0.04, 0.11, 1.87, 0.00, 1.62, 0.00, 0.00, 1.00, 0.00, 1.00, 1.00, 0.00, 1.00, 1.00, 1.00, 0.00, 0.00, 0.00, 1.00, 1.00, 1.00, 0.00, 1.00
6198,  0,  206.567,  0.98,  1, 0.00, 0.00, 1.78, 0.06, 1.73, 2.50, 0.00, 1.02, 2.10, 1.88, 0.00, 0.22, 0.02, 0.17, 1.85, 0.05, 1.33, 0.00, 0.00, 1.00, 0.00, 1.00, 1.00, 0.00, 1.00, 1.00, 1.00, 0.00, 0.00, 0.00, 1.00, 1.00, 1.00, 0.00, 1.00
6199,  0,  206.600,  0.98,  1, 0.00, 0.00, 1.60, 0.00, 1.83, 2.68, 0.00, 1.13, 2.14, 1.84, 0.00, 0.12, 0.00, 0.23, 1.81, 0.09, 1.06, 0.00, 0.00, 1.00, 1.00, 1.00, 1.00, 0.00, 1.00, 1.00, 1.00, 0.00, 0.00, 0.00, 1.00, 1.00, 1.00, 0.00, 1.00
6200,  0,  206.633,  0.98,  1, 0.00, 0.00, 1.41, 0.00, 1.86, 2.65, 0.00, 1.27, 2.13, 1.83, 0.00, 0.16, 0.04, 0.28, 1.69, 0.17, 0.82, 0.00, 0.00, 1.00, 1.00, 1.00, 1.00, 0.00, 1.00, 1.00, 1.00, 0.00, 0.00, 0.00, 1.00, 1.00, 1.00, 0.00, 1.00
6201,  0,  206.667,  0.98,  1, 0.00, 0.00, 1.26, 0.00, 1.89, 2.74, 0.00, 1.44, 2.10, 1.78, 0.00, 0.17, 0.04, 0.31, 1.71, 0.23, 0.70, 0.00, 0.00, 1.00, 1.00, 1.00, 1.00, 0.00, 1.00, 1.00, 1.00, 0.00, 0.00, 0.00, 1.00, 1.00, 1.00, 0.00, 1.00
6202,  0,  206.700,  0.98,  1, 0.00, 0.00, 1.25, 0.00, 1.85, 2.73, 0.00, 1.44, 2.08, 1.84, 0.00, 0.25, 0.13, 0.33, 1.67, 0.31, 0.57, 0.00, 0.00, 1.00, 1.00, 1.00, 1.00, 0.00, 1.00, 1.00, 1.00, 0.00, 0.00, 0.00, 1.00, 1.00, 1.00, 0.00, 1.00
6203,  0,  206.733,  0.98,  1, 0.00, 0.00, 1.30, 0.00, 1.84, 2.71, 0.00, 1.35, 2.03, 1.81, 0.00, 0.22, 0.15, 0.33, 1.77, 0.39, 0.53, 0.00, 0.00, 1.00, 1.00, 1.00, 1.00, 0.00, 1.00, 1.00, 1.00, 0.00, 0.00, 0.00, 1.00, 1.00, 1.00, 0.00, 1.00
6204,  0,  206.767,  0.98,  1, 0.00, 0.00, 1.31, 0.00, 1.81, 2.52, 0.00, 1.36, 1.97, 1.84, 0.00, 0.41, 0.15, 0.34, 1.87, 0.48, 0.41, 0.00, 0.00, 1.00, 1.00, 1.00, 1.00, 0.00, 1.00, 1.00, 1.00, 0.00, 0.00, 0.00, 1.00, 1.00, 1.00, 0.00, 1.00
6205,  0,  206.800,  0.98,  1, 0.00, 0.00, 1.35, 0.00, 1.81, 2.62, 0.00, 1.44, 1.93, 1.87, 0.00, 0.51, 0.08, 0.33, 2.03, 0.59, 0.42, 0.00, 0.00, 1.00, 1.00, 1.00, 1.00, 0.00, 1.00, 1.00, 1.00, 0.00, 0.00, 0.00, 1.00, 1.00, 1.00, 0.00, 1.00
6206,  0,  206.833,  0.98,  1, 0.00, 0.00, 1.36, 0.00, 1.85, 2.84, 0.00, 1.52, 1.94, 1.95, 0.00, 0.66, 0.07, 0.33, 2.02, 0.53, 0.39, 0.00, 0.00, 1.00, 1.00, 1.00, 1.00, 0.00, 1.00, 1.00, 1.00, 0.00, 0.00, 0.00, 1.00, 1.00, 1.00, 0.00, 1.00
6207,  0,  206.867,  0.98,  1, 0.00, 0.00, 1.37, 0.00, 1.86, 3.01, 0.00, 1.51, 1.97, 1.95, 0.00, 0.59, 0.07, 0.32, 1.93, 0.46, 0.28, 0.00, 0.00, 1.00, 1.00, 1.00, 1.00, 0.00, 1.00, 1.00, 1.00, 0.00, 0.00, 0.00, 1.00, 1.00, 1.00, 0.00, 1.00
6208,  0,  206.900,  0.98,  1, 0.00, 0.00, 1.44, 0.00, 1.90, 3.07, 0.00, 1.56, 1.97, 1.95, 0.00, 0.55, 0.05, 0.32, 1.83, 0.37, 0.15, 0.00, 0.00, 1.00, 1.00, 1.00, 1.00, 0.00, 1.00, 1.00, 1.00, 0.00, 0.00, 0.00, 1.00, 1.00, 1.00, 0.00, 1.00
6209,  0,  206.933,  0.98,  1, 0.00, 0.00, 1.51, 0.00, 1.88, 3.00, 0.00, 1.65, 1.98, 1.95, 0.00, 0.43, 0.05, 0.27, 1.89, 0.43, 0.06, 0.00, 0.00, 1.00, 1.00, 1.00, 1.00, 0.00, 1.00, 1.00, 1.00, 0.00, 0.00, 0.00, 1.00, 1.00, 0.00, 0.00, 1.00
6210,  0,  206.967,  0.98,  1, 0.00, 0.00, 1.53, 0.00, 1.87, 2.94, 0.00, 1.73, 1.96, 1.99, 0.00, 0.40, 0.11, 0.24, 1.90, 0.47, 0.14, 0.00, 0.00, 1.00, 1.00, 1.00, 1.00, 0.00, 1.00, 1.00, 1.00, 0.00, 0.00, 0.00, 1.00, 1.00, 0.00, 0.00, 1.00
6211,  0,  207.000,  0.98,  1, 0.00, 0.00, 1.42, 0.00, 1.84, 2.80, 0.00, 1.70, 1.97, 1.97, 0.00, 0.42, 0.11, 0.21, 1.97, 0.46, 0.19, 0.00, 0.00, 1.00, 1.00, 1.00, 1.00, 0.00, 1.00, 1.00, 1.00, 0.00, 0.00, 0.00, 1.00, 1.00, 0.00, 0.00, 1.00
6212,  0,  207.033,  0.98,  1, 0.00, 0.00, 1.23, 0.00, 1.80, 2.75, 0.00, 1.66, 1.99, 1.95, 0.05, 0.45, 0.07, 0.19, 1.95, 0.35, 0.16, 0.00, 0.00, 1.00, 1.00, 1.00, 1.00, 0.00, 1.00, 1.00, 1.00, 0.00, 0.00, 0.00, 1.00, 1.00, 0.00, 0.00, 1.00
6213,  0,  207.067,  0.98,  1, 0.00, 0.00, 1.21, 0.00, 1.77, 2.73, 0.01, 1.59, 2.03, 1.96, 0.14, 0.47, 0.00, 0.15, 1.92, 0.22, 0.15, 0.00, 0.00, 1.00, 1.00, 1.00, 1.00, 0.00, 1.00, 1.00, 1.00, 0.00, 0.00, 0.00, 1.00, 1.00, 0.00, 0.00, 1.00
6214,  0,  207.100,  0.98,  1, 0.00, 0.00, 1.20, 0.00, 1.74, 2.86, 0.01, 1.53, 2.06, 1.89, 0.14, 0.40, 0.02, 0.08, 1.86, 0.16, 0.18, 0.00, 0.00, 1.00, 1.00, 1.00, 1.00, 0.00, 1.00, 1.00, 1.00, 0.00, 0.00, 0.00, 1.00, 1.00, 0.00, 0.00, 1.00
6215,  0,  207.133,  0.98,  1, 0.00, 0.00, 1.28, 0.00, 1.74, 2.89, 0.01, 1.49, 2.05, 1.80, 0.09, 0.38, 0.02, 0.07, 1.84, 0.27, 0.18, 0.00, 0.00, 1.00, 1.00, 1.00, 1.00, 0.00, 1.00, 1.00, 1.00, 0.00, 0.00, 0.00, 1.00, 1.00, 0.00, 0.00, 1.00
6216,  0,  207.167,  0.98,  1, 0.00, 0.00, 1.23, 0.00, 1.78, 2.74, 0.06, 1.45, 2.00, 1.67, 0.02, 0.37, 0.02, 0.03, 1.91, 0.37, 0.07, 0.00, 0.00, 1.00, 1.00, 1.00, 1.00, 0.00, 1.00, 1.00, 1.00, 0.00, 0.00, 0.00, 1.00, 1.00, 0.00, 0.00, 1.00
6217,  0,  207.200,  0.98,  1, 0.00, 0.00, 1.23, 0.00, 1.80, 2.56, 0.11, 1.46, 1.95, 1.62, 0.02, 0.40, 0.00, 0.06, 1.87, 0.29, 0.00, 0.00, 0.00, 1.00, 1.00, 1.00, 1.00, 0.00, 1.00, 1.00, 1.00, 0.00, 0.00, 0.00, 1.00, 1.00, 0.00, 0.00, 0.00
6218,  0,  207.233,  0.98,  1, 0.00, 0.00, 1.18, 0.00, 1.84, 2.48, 0.18, 1.47, 1.91, 1.62, 0.02, 0.45, 0.00, 0.07, 1.86, 0.17, 0.00, 0.00, 0.00, 1.00, 1.00, 1.00, 1.00, 0.00, 1.00, 1.00, 1.00, 0.00, 0.00, 0.00, 1.00, 1.00, 0.00, 0.00, 0.00
6219,  0,  207.267,  0.98,  1, 0.00, 0.00, 1.21, 0.00, 1.83, 2.55, 0.20, 1.48, 1.93, 1.66, 0.00, 0.46, 0.01, 0.08, 1.81, 0.04, 0.00, 0.00, 0.00, 1.00, 1.00, 1.00, 1.00, 0.00, 1.00, 1.00, 1.00, 0.00, 0.00, 0.00, 1.00, 1.00, 0.00, 0.00, 0.00
6220,  0,  207.300,  0.98,  1, 0.00, 0.00, 1.18, 0.03, 1.84, 2.56, 0.23, 1.48, 1.96, 1.67, 0.00, 0.47, 0.08, 0.07, 1.84, 0.11, 0.00, 0.00, 0.00, 1.00, 1.00, 1.00, 1.00, 0.00, 1.00, 1.00, 1.00, 0.00, 0.00, 0.00, 1.00, 1.00, 0.00, 0.00, 0.00
6221,  0,  207.333,  0.98,  1, 0.00, 0.00, 1.19, 0.05, 1.84, 2.64, 0.24, 1.49, 1.99, 1.62, 0.00, 0.47, 0.12, 0.06, 1.86, 0.19, 0.00, 0.00, 0.00, 1.00, 1.00, 1.00, 1.00, 0.00, 1.00, 1.00, 1.00, 0.00, 0.00, 0.00, 1.00, 1.00, 0.00, 0.00, 0.00
6222,  0,  207.367,  0.98,  1, 0.00, 0.00, 1.15, 0.05, 1.84, 2.76, 0.21, 1.48, 2.00, 1.55, 0.00, 0.46, 0.14, 0.05, 1.88, 0.25, 0.00, 0.00, 0.00, 1.00, 1.00, 1.00, 1.00, 0.00, 1.00, 1.00, 1.00, 0.00, 0.00, 0.00, 1.00, 1.00, 0.00, 0.00, 0.00
6223,  0,  207.400,  0.98,  1, 0.00, 0.00, 1.15, 0.09, 1.79, 2.72, 0.19, 1.44, 1.99, 1.57, 0.00, 0.50, 0.18, 0.05, 1.94, 0.23, 0.00, 0.00, 0.00, 1.00, 1.00, 1.00, 1.00, 0.00, 1.00, 1.00, 1.00, 0.00, 0.00, 0.00, 1.00, 1.00, 0.00, 0.00, 0.00
6224,  0,  207.433,  0.98,  1, 0.00, 0.00, 1.11, 0.11, 1.74, 2.58, 0.19, 1.41, 1.98, 1.62, 0.00, 0.54, 0.25, 0.04, 1.96, 0.17, 0.00, 0.00, 0.00, 1.00, 1.00, 1.00, 1.00, 0.00, 1.00, 1.00, 1.00, 0.00, 0.00, 0.00, 1.00, 1.00, 0.00, 0.00, 0.00
6225,  0,  207.467,  0.98,  1, 0.00, 0.00, 1.14, 0.12, 1.70, 2.44, 0.19, 1.38, 1.98, 1.69, 0.00, 0.56, 0.32, 0.03, 2.03, 0.14, 0.02, 0.00, 0.00, 1.00, 1.00, 1.00, 1.00, 0.00, 1.00, 1.00, 1.00, 0.00, 0.00, 0.00, 1.00, 1.00, 0.00, 0.00, 0.00
6226,  0,  207.500,  0.98,  1, 0.00, 0.00, 1.17, 0.05, 1.67, 2.36, 0.17, 1.40, 1.96, 1.74, 0.00, 0.45, 0.31, 0.02, 2.06, 0.14, 0.02, 0.00, 0.00, 1.00, 1.00, 1.00, 1.00, 0.00, 1.00, 1.00, 1.00, 0.00, 0.00, 0.00, 1.00, 1.00, 0.00, 0.00, 0.00
6227,  0,  207.533,  0.98,  1, 0.00, 0.00, 1.23, 0.02, 1.68, 2.29, 0.16, 1.41, 1.91, 1.76, 0.00, 0.36, 0.25, 0.04, 2.05, 0.13, 0.02, 0.00, 0.00, 1.00, 1.00, 1.00, 1.00, 0.00, 1.00, 1.00, 1.00, 0.00, 0.00, 0.00, 1.00, 1.00, 0.00, 0.00, 1.00
6228,  0,  207.567,  0.98,  1, 0.00, 0.00, 1.24, 0.00, 1.72, 2.30, 0.16, 1.45, 1.92, 1.90, 0.00, 0.32, 0.17, 0.06, 1.96, 0.12, 0.10, 0.00, 0.00, 1.00, 1.00, 1.00, 1.00, 0.00, 1.00, 1.00, 1.00, 0.00, 0.00, 0.00, 1.00, 1.00, 0.00, 0.00, 1.00
6229,  0,  207.600,  0.98,  1, 0.00, 0.00, 1.21, 0.00, 1.75, 2.44, 0.19, 1.40, 1.95, 2.03, 0.00, 0.35, 0.12, 0.06, 1.91, 0.15, 0.12, 0.00, 0.00, 1.00, 1.00, 1.00, 1.00, 0.00, 1.00, 1.00, 1.00, 0.00, 0.00, 0.00, 1.00, 1.00, 0.00, 0.00, 1.00
6230,  0,  207.633,  0.98,  1, 0.00, 0.00, 1.25, 0.00, 1.76, 2.61, 0.19, 1.37, 1.99, 2.12, 0.00, 0.34, 0.05, 0.03, 1.93, 0.18, 0.15, 0.00, 0.00, 1.00, 1.00, 1.00, 1.00, 0.00, 1.00, 1.00, 1.00, 0.00, 0.00, 0.00, 1.00, 1.00, 0.00, 0.00, 1.00
6231,  0,  207.667,  0.98,  1, 0.00, 0.00, 1.31, 0.00, 1.73, 2.76, 0.22, 1.32, 1.95, 2.04, 0.00, 0.30, 0.05, 0.01, 1.97, 0.23, 0.07, 0.00, 0.00, 1.00, 1.00, 1.00, 1.00, 0.00, 1.00, 1.00, 1.00, 0.00, 0.00, 0.00, 1.00, 1.00, 0.00, 0.00, 1.00
6232,  0,  207.700,  0.98,  1, 0.00, 0.00, 1.37, 0.00, 1.74, 2.84, 0.23, 1.35, 1.91, 1.92, 0.00, 0.19, 0.01, 0.00, 2.00, 0.18, 0.13, 0.00, 0.00, 1.00, 1.00, 1.00, 1.00, 0.00, 1.00, 1.00, 1.00, 0.00, 0.00, 0.00, 1.00, 1.00, 0.00, 0.00, 1.00
6233,  0,  207.733,  0.98,  1, 0.00, 0.00, 1.35, 0.00, 1.76, 2.98, 0.24, 1.34, 1.89, 1.84, 0.00, 0.10, 0.03, 0.00, 1.95, 0.11, 0.21, 0.00, 0.00, 1.00, 1.00, 1.00, 1.00, 0.00, 1.00, 1.00, 1.00, 0.00, 0.00, 0.00, 1.00, 1.00, 0.00, 0.00, 1.00
6234,  0,  207.767,  0.98,  1, 0.00, 0.00, 1.29, 0.00, 1.79, 2.95, 0.22, 1.36, 1.89, 1.75, 0.00, 0.02, 0.01, 0.00, 1.94, 0.03, 0.25, 0.00, 0.00, 1.00, 1.00, 1.00, 1.00, 0.00, 1.00, 1.00, 1.00, 0.00, 0.00, 0.00, 1.00, 1.00, 0.00, 0.00, 1.00
6235,  0,  207.800,  0.98,  1, 0.00, 0.00, 1.29, 0.00, 1.80, 3.00, 0.23, 1.38, 1.91, 1.70, 0.00, 0.03, 0.04, 0.00, 1.92, 0.00, 0.17, 0.00, 0.00, 1.00, 1.00, 1.00, 1.00, 0.00, 1.00, 1.00, 1.00, 0.00, 0.00, 0.00, 1.00, 1.00, 0.00, 0.00, 1.00
6236,  0,  207.833,  0.98,  1, 0.00, 0.00, 1.27, 0.00, 1.78, 2.90, 0.22, 1.45, 1.91, 1.68, 0.00, 0.06, 0.07, 0.00, 1.94, 0.00, 0.07, 0.00, 0.00, 1.00, 1.00, 1.00, 1.00, 0.00, 1.00, 1.00, 1.00, 0.00, 0.00, 0.00, 1.00, 1.00, 0.00, 0.00, 1.00
6237,  0,  207.867,  0.98,  1, 0.00, 0.00, 1.26, 0.00, 1.76, 2.95, 0.20, 1.46, 1.93, 1.73, 0.00, 0.11, 0.07, 0.00, 1.95, 0.00, 0.00, 0.00, 0.00, 1.00, 1.00, 1.00, 1.00, 0.00, 1.00, 1.00, 1.00, 0.00, 0.00, 0.00, 1.00, 1.00, 0.00, 0.00, 1.00
6238,  0,  207.900,  0.98,  1, 0.00, 0.00, 1.31, 0.00, 1.76, 2.89, 0.12, 1.50, 1.98, 1.77, 0.00, 0.32, 0.05, 0.04, 1.86, 0.06, 0.00, 0.00, 0.00, 1.00, 1.00, 1.00, 1.00, 0.00, 1.00, 1.00, 1.00, 0.00, 0.00, 0.00, 1.00, 1.00, 0.00, 0.00, 1.00
6239,  0,  207.933,  0.98,  1, 0.00, 0.00, 1.37, 0.00, 1.76, 2.85, 0.05, 1.51, 2.02, 1.83, 0.00, 0.52, 0.00, 0.09, 1.79, 0.11, 0.00, 0.00, 0.00, 1.00, 1.00, 1.00, 1.00, 0.00, 1.00, 1.00, 1.00, 0.00, 0.00, 0.00, 1.00, 1.00, 0.00, 0.00, 1.00
6240,  0,  207.967,  0.98,  1, 0.00, 0.00, 1.40, 0.00, 1.73, 2.63, 0.00, 1.52, 2.10, 1.92, 0.00, 0.68, 0.03, 0.13, 1.74, 0.21, 0.00, 0.00, 0.00, 1.00, 1.00, 1.00, 1.00, 0.00, 1.00, 1.00, 1.00, 0.00, 0.00, 0.00, 1.00, 1.00, 0.00, 0.00, 1.00
6241,  0,  208.000,  0.98,  1, 0.00, 0.00, 1.34, 0.00, 1.73, 2.37, 0.00, 1.46, 2.12, 2.01, 0.00, 0.64, 0.06, 0.09, 1.88, 0.29, 0.49, 0.00, 0.00, 1.00, 1.00, 1.00, 1.00, 0.00, 1.00, 1.00, 1.00, 0.00, 0.00, 0.00, 1.00, 1.00, 0.00, 0.00, 1.00
6242,  0,  208.033,  0.98,  1, 0.00, 0.00, 1.29, 0.00, 1.66, 1.84, 0.01, 1.44, 2.15, 2.02, 0.00, 0.58, 0.08, 0.04, 1.92, 0.28, 1.30, 0.00, 0.00, 1.00, 1.00, 1.00, 1.00, 0.00, 1.00, 1.00, 1.00, 0.00, 0.00, 0.00, 1.00, 1.00, 0.00, 0.00, 1.00
6243,  0,  208.067,  0.98,  1, 0.00, 0.00, 1.32, 0.00, 1.58, 1.43, 0.04, 1.42, 2.12, 1.93, 0.00, 0.51, 0.07, 0.00, 1.94, 0.19, 2.17, 0.00, 0.00, 1.00, 0.00, 1.00, 1.00, 0.00, 1.00, 1.00, 1.00, 0.00, 0.00, 0.00, 1.00, 1.00, 0.00, 0.00, 1.00
6244,  0,  208.100,  0.98,  1, 0.00, 0.00, 1.35, 0.00, 1.53, 1.17, 0.04, 1.47, 2.15, 1.91, 0.00, 0.41, 0.07, 0.00, 1.88, 0.04, 2.47, 0.00, 0.00, 1.00, 0.00, 1.00, 1.00, 0.00, 1.00, 1.00, 1.00, 0.00, 0.00, 0.00, 1.00, 1.00, 0.00, 0.00, 1.00
6245,  0,  208.133,  0.98,  1, 0.00, 0.00, 1.42, 0.03, 1.56, 1.28, 0.09, 1.48, 2.15, 1.99, 0.00, 0.45, 0.05, 0.00, 1.86, 0.02, 2.35, 0.00, 0.00, 1.00, 0.00, 1.00, 1.00, 0.00, 1.00, 1.00, 1.00, 0.00, 0.00, 0.00, 1.00, 1.00, 0.00, 0.00, 1.00
6246,  0,  208.167,  0.98,  1, 0.00, 0.00, 1.46, 0.03, 1.68, 1.62, 0.11, 1.51, 2.19, 2.13, 0.00, 0.36, 0.03, 0.00, 1.90, 0.02, 2.03, 0.00, 0.00, 1.00, 1.00, 1.00, 1.00, 0.00, 1.00, 1.00, 1.00, 0.00, 0.00, 0.00, 1.00, 1.00, 0.00, 0.00, 1.00
6247,  0,  208.200,  0.98,  1, 0.00, 0.00, 1.57, 0.03, 1.77, 1.97, 0.11, 1.50, 2.21, 2.16, 0.00, 0.32, 0.00, 0.00, 1.94, 0.02, 1.69, 0.00, 0.00, 1.00, 1.00, 1.00, 1.00, 0.00, 1.00, 1.00, 1.00, 0.00, 0.00, 0.00, 1.00, 1.00, 0.00, 0.00, 1.00
6248,  0,  208.233,  0.98,  1, 0.00, 0.00, 1.59, 0.00, 1.86, 2.29, 0.05, 1.42, 2.22, 2.17, 0.00, 0.16, 0.00, 0.00, 2.00, 0.00, 1.27, 0.00, 0.00, 1.00, 1.00, 1.00, 1.00, 0.00, 1.00, 1.00, 1.00, 0.00, 0.00, 0.00, 1.00, 1.00, 0.00, 0.00, 1.00
6249,  0,  208.267,  0.98,  1, 0.00, 0.00, 1.59, 0.00, 1.91, 2.38, 0.00, 1.41, 2.24, 2.17, 0.00, 0.20, 0.00, 0.00, 2.03, 0.03, 0.98, 0.00, 0.00, 1.00, 1.00, 1.00, 1.00, 0.00, 1.00, 1.00, 1.00, 0.00, 0.00, 0.00, 1.00, 1.00, 0.00, 0.00, 1.00
6250,  0,  208.300,  0.98,  1, 0.00, 0.00, 1.54, 0.00, 1.90, 2.52, 0.00, 1.35, 2.19, 2.08, 0.00, 0.21, 0.00, 0.03, 2.02, 0.11, 0.74, 0.00, 0.00, 1.00, 1.00, 1.00, 1.00, 0.00, 1.00, 1.00, 1.00, 0.00, 0.00, 0.00, 1.00, 1.00, 0.00, 0.00, 1.00
6251,  0,  208.333,  0.98,  1, 0.00, 0.00, 1.49, 0.00, 1.91, 2.57, 0.00, 1.36, 2.18, 1.96, 0.00, 0.24, 0.00, 0.06, 2.06, 0.12, 0.69, 0.00, 0.00, 1.00, 1.00, 1.00, 1.00, 0.00, 1.00, 1.00, 1.00, 0.00, 0.00, 0.00, 1.00, 1.00, 0.00, 0.00, 1.00
6252,  0,  208.367,  0.98,  1, 0.00, 0.00, 1.51, 0.00, 1.85, 2.61, 0.00, 1.35, 2.15, 1.79, 0.00, 0.24, 0.00, 0.06, 2.11, 0.14, 0.71, 0.00, 0.00, 1.00, 1.00, 1.00, 1.00, 0.00, 1.00, 1.00, 1.00, 0.00, 0.00, 0.00, 1.00, 1.00, 0.00, 0.00, 1.00
6253,  0,  208.400,  0.98,  1, 0.00, 0.00, 1.47, 0.00, 1.84, 2.52, 0.03, 1.37, 2.14, 1.72, 0.00, 0.28, 0.01, 0.03, 2.16, 0.10, 0.78, 0.00, 0.00, 1.00, 1.00, 1.00, 1.00, 0.00, 1.00, 1.00, 1.00, 0.00, 0.00, 0.00, 1.00, 1.00, 0.00, 0.00, 1.00
6254,  0,  208.433,  0.98,  1, 0.00, 0.00, 1.43, 0.00, 1.75, 2.45, 0.03, 1.40, 2.10, 1.65, 0.00, 0.22, 0.06, 0.00, 2.19, 0.15, 0.85, 0.00, 0.00, 1.00, 1.00, 1.00, 1.00, 0.00, 1.00, 1.00, 1.00, 0.00, 0.00, 0.00, 1.00, 1.00, 0.00, 0.00, 1.00
6255,  0,  208.467,  0.98,  1, 0.00, 0.00, 1.35, 0.00, 1.75, 2.41, 0.07, 1.43, 2.09, 1.65, 0.00, 0.19, 0.06, 0.00, 2.20, 0.15, 0.82, 0.00, 0.00, 1.00, 1.00, 1.00, 1.00, 0.00, 1.00, 1.00, 1.00, 0.00, 0.00, 0.00, 1.00, 1.00, 0.00, 0.00, 1.00
6256,  0,  208.500,  0.98,  1, 0.00, 0.00, 1.35, 0.00, 1.73, 2.45, 0.09, 1.50, 2.04, 1.64, 0.00, 0.19, 0.14, 0.01, 2.17, 0.19, 0.70, 0.00, 0.00, 1.00, 1.00, 1.00, 1.00, 0.00, 1.00, 1.00, 1.00, 0.00, 0.00, 0.00, 1.00, 1.00, 0.00, 0.00, 1.00
6257,  0,  208.533,  0.98,  1, 0.00, 0.00, 1.37, 0.00, 1.75, 2.53, 0.09, 1.51, 2.02, 1.58, 0.00, 0.24, 0.13, 0.01, 2.10, 0.19, 0.60, 0.00, 0.00, 1.00, 1.00, 1.00, 1.00, 0.00, 1.00, 1.00, 1.00, 0.00, 0.00, 0.00, 1.00, 1.00, 0.00, 0.00, 1.00
6258,  0,  208.567,  0.98,  1, 0.00, 0.00, 1.42, 0.00, 1.70, 2.59, 0.07, 1.55, 1.97, 1.64, 0.00, 0.19, 0.19, 0.01, 2.09, 0.26, 0.51, 0.00, 0.00, 1.00, 1.00, 1.00, 1.00, 0.00, 1.00, 1.00, 1.00, 0.00, 0.00, 0.00, 1.00, 1.00, 0.00, 0.00, 1.00
6259,  0,  208.600,  0.98,  1, 0.00, 0.00, 1.35, 0.00, 1.68, 2.47, 0.04, 1.52, 1.98, 1.66, 0.00, 0.08, 0.11, 0.00, 2.11, 0.28, 0.53, 0.00, 0.00, 1.00, 1.00, 1.00, 1.00, 0.00, 1.00, 1.00, 1.00, 0.00, 0.00, 0.00, 1.00, 1.00, 0.00, 0.00, 1.00
6260,  0,  208.633,  0.98,  1, 0.00, 0.00, 1.37, 0.00, 1.69, 2.40, 0.08, 1.55, 1.98, 1.75, 0.00, 0.00, 0.10, 0.00, 2.11, 0.25, 0.41, 0.00, 0.00, 1.00, 1.00, 1.00, 1.00, 0.00, 1.00, 1.00, 1.00, 0.00, 0.00, 0.00, 1.00, 1.00, 0.00, 0.00, 1.00
6261,  0,  208.667,  0.98,  1, 0.00, 0.00, 1.40, 0.00, 1.77, 2.52, 0.10, 1.48, 1.98, 1.64, 0.00, 0.00, 0.09, 0.00, 2.06, 0.25, 0.25, 0.00, 0.00, 1.00, 1.00, 1.00, 1.00, 0.00, 1.00, 1.00, 1.00, 0.00, 0.00, 0.00, 1.00, 1.00, 0.00, 0.00, 1.00
6262,  0,  208.700,  0.98,  1, 0.00, 0.00, 1.46, 0.00, 1.86, 2.66, 0.13, 1.43, 1.98, 1.65, 0.00, 0.00, 0.11, 0.00, 1.99, 0.20, 0.19, 0.00, 0.00, 1.00, 1.00, 1.00, 1.00, 0.00, 1.00, 1.00, 1.00, 0.00, 0.00, 0.00, 1.00, 1.00, 0.00, 0.00, 1.00
6263,  0,  208.733,  0.98,  1, 0.00, 0.00, 1.49, 0.00, 1.92, 2.79, 0.14, 1.36, 1.96, 1.63, 0.00, 0.01, 0.15, 0.00, 1.91, 0.20, 0.15, 0.00, 0.00, 1.00, 1.00, 1.00, 1.00, 0.00, 1.00, 1.00, 1.00, 0.00, 0.00, 0.00, 1.00, 1.00, 0.00, 0.00, 1.00
6264,  0,  208.767,  0.98,  1, 0.00, 0.00, 1.52, 0.00, 1.93, 2.76, 0.12, 1.38, 1.99, 1.71, 0.00, 0.01, 0.15, 0.00, 1.87, 0.24, 0.15, 0.00, 0.00, 1.00, 1.00, 1.00, 1.00, 0.00, 1.00, 1.00, 1.00, 0.00, 0.00, 0.00, 1.00, 1.00, 0.00, 0.00, 1.00
6265,  0,  208.800,  0.98,  1, 0.00, 0.00, 1.59, 0.00, 1.95, 2.75, 0.11, 1.41, 2.00, 1.78, 0.00, 0.02, 0.24, 0.03, 1.91, 0.42, 0.02, 0.00, 0.00, 1.00, 1.00, 1.00, 1.00, 0.00, 1.00, 1.00, 1.00, 0.00, 0.00, 0.00, 1.00, 1.00, 0.00, 0.00, 1.00
6266,  0,  208.833,  0.98,  1, 0.00, 0.00, 1.61, 0.00, 2.00, 2.68, 0.10, 1.44, 2.06, 1.92, 0.00, 0.03, 0.24, 0.05, 1.97, 0.45, 0.00, 0.00, 0.00, 1.00, 1.00, 1.00, 1.00, 0.00, 1.00, 1.00, 1.00, 0.00, 0.00, 0.00, 1.00, 1.00, 0.00, 0.00, 0.00
6267,  0,  208.867,  0.98,  1, 0.00, 0.00, 1.53, 0.00, 2.08, 2.70, 0.11, 1.44, 2.05, 2.02, 0.00, 0.07, 0.30, 0.10, 1.90, 0.31, 0.02, 0.00, 0.00, 1.00, 1.00, 1.00, 1.00, 0.00, 1.00, 1.00, 1.00, 0.00, 0.00, 0.00, 1.00, 1.00, 0.00, 0.00, 0.00
6268,  0,  208.900,  0.98,  1, 0.00, 0.00, 1.41, 0.00, 2.06, 2.54, 0.08, 1.46, 2.06, 2.12, 0.00, 0.14, 0.32, 0.13, 1.83, 0.14, 0.02, 0.00, 0.00, 1.00, 1.00, 1.00, 1.00, 0.00, 1.00, 1.00, 1.00, 0.00, 0.00, 0.00, 1.00, 1.00, 0.00, 0.00, 0.00
6269,  0,  208.933,  0.98,  1, 0.00, 0.00, 1.26, 0.00, 2.01, 2.58, 0.05, 1.47, 2.05, 2.16, 0.00, 0.15, 0.42, 0.18, 1.72, 0.09, 0.02, 0.00, 0.00, 1.00, 1.00, 1.00, 1.00, 0.00, 1.00, 1.00, 1.00, 0.00, 0.00, 0.00, 1.00, 1.00, 0.00, 0.00, 0.00
6270,  0,  208.967,  0.98,  1, 0.00, 0.00, 1.20, 0.00, 1.97, 2.50, 0.03, 1.54, 2.06, 2.18, 0.00, 0.11, 0.42, 0.16, 1.70, 0.07, 0.00, 0.00, 0.00, 1.00, 1.00, 1.00, 1.00, 0.00, 1.00, 1.00, 1.00, 0.00, 0.00, 0.00, 1.00, 1.00, 0.00, 0.00, 0.00
6271,  0,  209.000,  0.98,  1, 0.00, 0.00, 1.19, 0.00, 2.01, 2.67, 0.01, 1.56, 2.07, 2.20, 0.00, 0.04, 0.44, 0.17, 1.69, 0.01, 0.00, 0.00, 0.00, 1.00, 1.00, 1.00, 1.00, 0.00, 1.00, 1.00, 1.00, 0.00, 0.00, 0.00, 1.00, 1.00, 0.00, 0.00, 0.00
6272,  0,  209.033,  0.98,  1, 0.00, 0.00, 1.28, 0.00, 1.99, 2.62, 0.01, 1.57, 2.08, 2.18, 0.00, 0.00, 0.40, 0.13, 1.79, 0.07, 0.00, 0.00, 0.00, 1.00, 1.00, 1.00, 1.00, 0.00, 1.00, 1.00, 1.00, 0.00, 0.00, 0.00, 1.00, 1.00, 0.00, 0.00, 0.00
6273,  0,  209.067,  0.98,  1, 0.00, 0.00, 1.35, 0.00, 1.95, 2.57, 0.00, 1.58, 2.08, 2.23, 0.00, 0.02, 0.29, 0.11, 1.94, 0.08, 0.00, 0.00, 0.00, 1.00, 1.00, 1.00, 1.00, 0.00, 1.00, 1.00, 1.00, 0.00, 0.00, 0.00, 1.00, 1.00, 0.00, 0.00, 0.00
6274,  0,  209.100,  0.98,  1, 0.00, 0.00, 1.38, 0.00, 1.92, 2.60, 0.00, 1.59, 2.06, 2.10, 0.00, 0.04, 0.20, 0.09, 2.06, 0.24, 0.00, 0.00, 0.00, 1.00, 1.00, 1.00, 1.00, 0.00, 1.00, 1.00, 1.00, 0.00, 0.00, 0.00, 1.00, 1.00, 0.00, 0.00, 0.00
6275,  0,  209.133,  0.98,  1, 0.00, 0.00, 1.39, 0.00, 1.93, 2.71, 0.00, 1.49, 2.00, 2.05, 0.00, 0.04, 0.08, 0.07, 2.16, 0.30, 0.00, 0.00, 0.00, 1.00, 1.00, 1.00, 1.00, 0.00, 1.00, 1.00, 1.00, 0.00, 0.00, 0.00, 1.00, 1.00, 1.00, 0.00, 0.00
6276,  0,  209.167,  0.98,  1, 0.00, 0.00, 1.39, 0.00, 1.91, 2.93, 0.00, 1.22, 1.97, 1.87, 0.00, 0.17, 0.08, 0.09, 2.14, 0.46, 0.00, 0.00, 0.00, 1.00, 1.00, 1.00, 1.00, 0.00, 1.00, 1.00, 1.00, 0.00, 0.00, 0.00, 1.00, 1.00, 1.00, 0.00, 0.00
6277,  0,  209.200,  0.98,  1, 0.00, 0.00, 1.31, 0.00, 1.82, 2.92, 0.00, 1.06, 1.93, 1.82, 0.00, 0.14, 0.02, 0.08, 2.05, 0.56, 0.00, 0.00, 0.00, 1.00, 1.00, 1.00, 1.00, 0.00, 1.00, 1.00, 1.00, 0.00, 0.00, 0.00, 1.00, 1.00, 1.00, 0.00, 0.00
6278,  0,  209.233,  0.98,  1, 0.00, 0.00, 1.22, 0.00, 1.74, 2.83, 0.00, 0.91, 1.95, 1.63, 0.00, 0.17, 0.00, 0.11, 1.94, 0.71, 0.00, 0.00, 0.00, 0.00, 1.00, 1.00, 1.00, 0.00, 1.00, 1.00, 1.00, 0.00, 0.00, 0.00, 1.00, 1.00, 1.00, 0.00, 0.00
6279,  0,  209.267,  0.98,  1, 0.00, 0.00, 1.07, 0.00, 1.72, 2.59, 0.00, 0.90, 1.93, 1.56, 0.00, 0.03, 0.01, 0.10, 1.92, 0.78, 0.00, 0.00, 0.00, 0.00, 1.00, 1.00, 1.00, 0.00, 1.00, 1.00, 1.00, 0.00, 0.00, 0.00, 1.00, 1.00, 1.00, 0.00, 0.00
6280,  0,  209.300,  0.98,  1, 0.00, 0.00, 0.99, 0.00, 1.76, 2.66, 0.00, 0.83, 1.93, 1.53, 0.00, 0.04, 0.04, 0.13, 1.90, 0.75, 0.00, 0.00, 0.00, 0.00, 1.00, 1.00, 1.00, 0.00, 1.00, 1.00, 1.00, 0.00, 0.00, 0.00, 1.00, 1.00, 1.00, 0.00, 0.00
6281,  0,  209.333,  0.98,  1, 0.00, 0.00, 0.90, 0.00, 1.81, 2.72, 0.00, 0.84, 1.89, 1.56, 0.00, 0.14, 0.11, 0.17, 2.02, 0.81, 0.00, 0.00, 0.00, 0.00, 1.00, 1.00, 1.00, 0.00, 1.00, 1.00, 1.00, 0.00, 0.00, 0.00, 1.00, 1.00, 1.00, 0.00, 0.00
6282,  0,  209.367,  0.98,  1, 0.00, 0.00, 0.86, 0.02, 1.82, 2.76, 0.00, 0.91, 1.92, 1.68, 0.00, 0.25, 0.24, 0.22, 2.06, 0.83, 0.00, 0.00, 0.00, 0.00, 1.00, 1.00, 1.00, 0.00, 1.00, 1.00, 1.00, 0.00, 0.00, 0.00, 1.00, 1.00, 1.00, 0.00, 0.00
6283,  0,  209.400,  0.98,  1, 0.00, 0.00, 0.87, 0.02, 1.76, 2.59, 0.00, 0.95, 1.93, 1.78, 0.00, 0.32, 0.34, 0.25, 2.12, 0.80, 0.00, 0.00, 0.00, 0.00, 1.00, 1.00, 1.00, 0.00, 1.00, 1.00, 1.00, 0.00, 0.00, 0.00, 1.00, 1.00, 1.00, 0.00, 0.00
6284,  0,  209.433,  0.98,  1, 0.00, 0.00, 0.92, 0.02, 1.76, 2.49, 0.00, 1.07, 1.94, 1.84, 0.00, 0.33, 0.40, 0.26, 2.03, 0.72, 0.00, 0.00, 0.00, 0.00, 1.00, 1.00, 1.00, 0.00, 1.00, 1.00, 1.00, 0.00, 0.00, 0.00, 1.00, 1.00, 1.00, 0.00, 0.00
6285,  0,  209.467,  0.98,  1, 0.00, 0.00, 1.06, 0.03, 1.81, 2.63, 0.00, 1.17, 1.94, 1.75, 0.00, 0.32, 0.44, 0.22, 2.08, 0.65, 0.00, 0.00, 0.00, 0.00, 1.00, 1.00, 1.00, 0.00, 1.00, 1.00, 1.00, 0.00, 0.00, 0.00, 1.00, 1.00, 1.00, 0.00, 0.00
6286,  0,  209.500,  0.98,  1, 0.00, 0.00, 1.17, 0.07, 1.94, 2.78, 0.00, 1.18, 2.00, 1.77, 0.00, 0.39, 0.34, 0.25, 2.14, 0.65, 0.00, 0.00, 0.00, 0.00, 1.00, 1.00, 1.00, 0.00, 1.00, 1.00, 1.00, 0.00, 0.00, 0.00, 1.00, 1.00, 1.00, 0.00, 0.00
6287,  0,  209.533,  0.98,  1, 0.00, 0.00, 1.35, 0.23, 2.05, 2.94, 0.00, 1.18, 2.09, 1.80, 0.00, 0.37, 0.22, 0.25, 2.20, 0.58, 0.00, 0.00, 0.00, 0.00, 1.00, 1.00, 1.00, 0.00, 1.00, 1.00, 1.00, 0.00, 0.00, 0.00, 1.00, 1.00, 1.00, 0.00, 0.00
6288,  0,  209.567,  0.98,  1, 0.00, 0.00, 1.38, 0.42, 2.01, 2.85, 0.00, 1.10, 2.11, 1.78, 0.00, 0.45, 0.05, 0.28, 2.05, 0.56, 0.00, 0.00, 0.00, 0.00, 1.00, 1.00, 1.00, 0.00, 1.00, 1.00, 1.00, 0.00, 0.00, 0.00, 1.00, 1.00, 1.00, 0.00, 0.00
6289,  0,  209.600,  0.98,  1, 0.00, 0.00, 1.46, 0.54, 1.93, 2.67, 0.00, 1.12, 2.09, 1.56, 0.00, 0.39, 0.02, 0.26, 2.04, 0.54, 0.00, 0.00, 0.00, 0.00, 1.00, 1.00, 1.00, 0.00, 1.00, 1.00, 1.00, 0.00, 0.00, 0.00, 0.00, 1.00, 1.00, 0.00, 0.00
6290,  0,  209.633,  0.98,  1, 0.00, 0.00, 1.46, 0.47, 1.87, 2.48, 0.00, 1.07, 2.09, 1.47, 0.00, 0.32, 0.00, 0.21, 2.05, 0.48, 0.00, 0.00, 0.00, 0.00, 1.00, 1.00, 1.00, 0.00, 1.00, 1.00, 1.00, 0.00, 0.00, 0.00, 0.00, 1.00, 1.00, 0.00, 0.00
6291,  0,  209.667,  0.98,  1, 0.00, 0.00, 1.52, 0.40, 1.96, 2.46, 0.00, 1.12, 2.14, 1.51, 0.00, 0.22, 0.00, 0.23, 2.16, 0.48, 0.00, 0.00, 0.00, 0.00, 1.00, 1.00, 1.00, 0.00, 1.00, 1.00, 1.00, 0.00, 0.00, 0.00, 0.00, 1.00, 1.00, 0.00, 0.00
6292,  0,  209.700,  0.98,  1, 0.00, 0.00, 1.56, 0.37, 2.05, 2.56, 0.00, 1.11, 2.18, 1.69, 0.00, 0.19, 0.00, 0.22, 2.06, 0.47, 0.00, 0.00, 0.00, 1.00, 1.00, 1.00, 1.00, 0.00, 1.00, 1.00, 1.00, 0.00, 0.00, 0.00, 0.00, 1.00, 1.00, 0.00, 0.00
6293,  0,  209.733,  0.98,  1, 0.00, 0.00, 1.60, 0.38, 2.08, 2.74, 0.00, 1.16, 2.17, 1.80, 0.00, 0.14, 0.00, 0.25, 1.97, 0.54, 0.00, 0.00, 0.00, 1.00, 1.00, 1.00, 1.00, 0.00, 1.00, 1.00, 1.00, 0.00, 0.00, 0.00, 0.00, 1.00, 1.00, 0.00, 0.00
6294,  0,  209.767,  0.98,  1, 0.00, 0.00, 1.57, 0.29, 2.03, 2.84, 0.00, 1.11, 2.16, 1.81, 0.00, 0.06, 0.00, 0.22, 1.90, 0.53, 0.00, 0.00, 0.00, 1.00, 1.00, 1.00, 1.00, 0.00, 1.00, 1.00, 1.00, 0.00, 0.00, 0.00, 0.00, 1.00, 1.00, 0.00, 0.00
6295,  0,  209.800,  0.98,  1, 0.00, 0.00, 1.49, 0.31, 1.99, 2.89, 0.00, 1.10, 2.14, 1.68, 0.00, 0.00, 0.00, 0.23, 1.92, 0.53, 0.00, 0.00, 0.00, 1.00, 1.00, 1.00, 1.00, 0.00, 1.00, 1.00, 1.00, 0.00, 0.00, 0.00, 0.00, 1.00, 1.00, 0.00, 0.00
6296,  0,  209.833,  0.98,  1, 0.00, 0.00, 1.44, 0.34, 2.01, 2.97, 0.00, 1.06, 2.15, 1.62, 0.00, 0.00, 0.00, 0.22, 1.95, 0.53, 0.00, 0.00, 0.00, 1.00, 1.00, 1.00, 1.00, 0.00, 1.00, 1.00, 1.00, 0.00, 0.00, 0.00, 0.00, 1.00, 1.00, 0.00, 0.00
6297,  0,  209.867,  0.98,  1, 0.00, 0.00, 1.45, 0.41, 2.07, 3.15, 0.00, 1.13, 2.13, 1.61, 0.00, 0.00, 0.00, 0.26, 1.96, 0.56, 0.00, 0.00, 0.00, 1.00, 1.00, 1.00, 1.00, 0.00, 1.00, 1.00, 1.00, 0.00, 0.00, 0.00, 0.00, 1.00, 1.00, 0.00, 0.00
6298,  0,  209.900,  0.98,  1, 0.00, 0.00, 1.45, 0.41, 2.14, 3.13, 0.01, 1.19, 2.14, 1.72, 0.00, 0.00, 0.06, 0.23, 1.93, 0.60, 0.00, 0.00, 0.00, 1.00, 1.00, 1.00, 1.00, 0.00, 1.00, 1.00, 1.00, 0.00, 0.00, 0.00, 0.00, 1.00, 1.00, 0.00, 0.00
6299,  0,  209.933,  0.98,  1, 0.00, 0.00, 1.33, 0.32, 2.10, 3.11, 0.01, 1.25, 2.13, 1.83, 0.00, 0.00, 0.19, 0.16, 1.92, 0.57, 0.00, 0.00, 0.00, 1.00, 1.00, 1.00, 1.00, 0.00, 1.00, 1.00, 1.00, 0.00, 0.00, 0.00, 0.00, 1.00, 1.00, 0.00, 0.00
6300,  0,  209.967,  0.98,  1, 0.00, 0.00, 1.27, 0.19, 2.15, 2.92, 0.01, 1.22, 2.17, 1.80, 0.00, 0.00, 0.25, 0.05, 1.95, 0.57, 0.22, 0.00, 0.00, 1.00, 1.00, 1.00, 1.00, 0.00, 1.00, 1.00, 1.00, 0.00, 0.00, 0.00, 0.00, 1.00, 1.00, 0.00, 1.00
6301,  0,  210.000,  0.98,  1, 0.00, 0.00, 1.28, 0.18, 2.18, 2.89, 0.01, 1.18, 2.19, 1.67, 0.00, 0.00, 0.19, 0.01, 1.98, 0.46, 0.68, 0.00, 0.00, 1.00, 1.00, 1.00, 1.00, 0.00, 1.00, 1.00, 1.00, 0.00, 0.00, 0.00, 0.00, 1.00, 1.00, 0.00, 1.00
6302,  0,  210.033,  0.98,  1, 0.00, 0.00, 1.34, 0.25, 2.20, 2.63, 0.01, 1.19, 2.21, 1.57, 0.00, 0.00, 0.06, 0.00, 2.05, 0.44, 1.20, 0.00, 0.00, 1.00, 1.00, 1.00, 1.00, 0.00, 1.00, 1.00, 1.00, 0.00, 0.00, 0.00, 0.00, 1.00, 1.00, 0.00, 1.00
6303,  0,  210.067,  0.98,  1, 0.00, 0.00, 1.30, 0.42, 2.12, 2.56, 0.02, 1.20, 2.22, 1.64, 0.00, 0.00, 0.00, 0.00, 1.97, 0.33, 1.54, 0.00, 0.00, 1.00, 1.00, 1.00, 1.00, 0.00, 1.00, 1.00, 1.00, 0.00, 0.00, 0.00, 0.00, 1.00, 1.00, 0.00, 1.00
6304,  0,  210.100,  0.98,  1, 0.00, 0.00, 1.34, 0.30, 2.15, 2.79, 0.08, 1.19, 2.20, 1.79, 0.00, 0.00, 0.00, 0.00, 1.94, 0.35, 1.59, 0.00, 0.00, 1.00, 1.00, 1.00, 1.00, 0.00, 1.00, 1.00, 1.00, 0.00, 0.00, 0.00, 0.00, 1.00, 1.00, 0.00, 1.00
6305,  0,  210.133,  0.98,  1, 0.00, 0.00, 1.48, 0.17, 2.26, 3.25, 0.14, 1.15, 2.18, 1.82, 0.00, 0.00, 0.00, 0.00, 1.80, 0.31, 1.54, 0.00, 0.00, 1.00, 1.00, 1.00, 1.00, 0.00, 1.00, 1.00, 1.00, 0.00, 0.00, 0.00, 0.00, 1.00, 1.00, 0.00, 1.00
6306,  0,  210.167,  0.98,  1, 0.00, 0.00, 1.48, 0.00, 2.36, 3.48, 0.12, 1.11, 2.17, 1.84, 0.00, 0.00, 0.00, 0.00, 1.71, 0.28, 1.34, 0.00, 0.00, 1.00, 1.00, 1.00, 1.00, 0.00, 1.00, 1.00, 1.00, 0.00, 0.00, 0.00, 0.00, 1.00, 1.00, 0.00, 1.00
6307,  0,  210.200,  0.98,  1, 0.00, 0.00, 1.38, 0.00, 2.32, 3.32, 0.06, 1.14, 2.23, 1.80, 0.00, 0.00, 0.00, 0.00, 1.68, 0.15, 1.06, 0.00, 0.00, 1.00, 1.00, 1.00, 1.00, 0.00, 1.00, 1.00, 1.00, 0.00, 0.00, 0.00, 0.00, 1.00, 1.00, 0.00, 1.00
6308,  0,  210.233,  0.98,  1, 0.00, 0.00, 1.14, 0.00, 2.21, 3.16, 0.00, 1.11, 2.28, 1.78, 0.00, 0.00, 0.00, 0.00, 1.71, 0.07, 0.85, 0.00, 0.00, 1.00, 1.00, 1.00, 1.00, 0.00, 1.00, 1.00, 1.00, 0.00, 0.00, 0.00, 0.00, 1.00, 1.00, 0.00, 1.00
6309,  0,  210.267,  0.98,  1, 0.00, 0.00, 1.19, 0.00, 2.16, 3.06, 0.00, 1.13, 2.30, 1.83, 0.00, 0.00, 0.00, 0.00, 1.81, 0.01, 0.69, 0.00, 0.00, 1.00, 1.00, 1.00, 1.00, 0.00, 1.00, 1.00, 1.00, 0.00, 0.00, 0.00, 1.00, 1.00, 1.00, 0.00, 1.00
6310,  0,  210.300,  0.98,  1, 0.00, 0.00, 1.29, 0.00, 2.13, 2.89, 0.00, 1.11, 2.25, 1.98, 0.01, 0.00, 0.03, 0.00, 1.84, 0.00, 0.45, 0.00, 0.00, 1.00, 1.00, 1.00, 1.00, 0.00, 1.00, 1.00, 1.00, 0.00, 0.00, 0.00, 1.00, 1.00, 1.00, 0.00, 1.00
6311,  0,  210.333,  0.98,  1, 0.00, 0.00, 1.44, 0.00, 2.12, 2.67, 0.00, 1.12, 2.20, 2.13, 0.01, 0.00, 0.09, 0.00, 1.88, 0.00, 0.33, 0.00, 0.00, 1.00, 1.00, 1.00, 1.00, 0.00, 1.00, 1.00, 1.00, 0.00, 0.00, 0.00, 1.00, 1.00, 1.00, 0.00, 1.00
6312,  0,  210.367,  0.98,  1, 0.00, 0.00, 1.46, 0.00, 2.02, 2.38, 0.00, 1.09, 2.23, 2.00, 0.01, 0.00, 0.09, 0.00, 1.90, 0.00, 0.33, 0.00, 0.00, 1.00, 1.00, 1.00, 1.00, 0.00, 1.00, 1.00, 1.00, 0.00, 0.00, 0.00, 1.00, 1.00, 1.00, 0.00, 1.00
6313,  0,  210.400,  0.98,  1, 0.00, 0.06, 1.46, 0.00, 1.93, 2.39, 0.00, 1.10, 2.26, 1.76, 0.00, 0.00, 0.05, 0.00, 1.99, 0.00, 0.42, 0.00, 0.00, 1.00, 1.00, 1.00, 1.00, 0.00, 1.00, 1.00, 1.00, 0.00, 0.00, 0.00, 1.00, 1.00, 0.00, 0.00, 1.00
6314,  0,  210.433,  0.98,  1, 0.00, 0.09, 1.44, 0.00, 1.85, 2.24, 0.00, 1.12, 2.30, 1.67, 0.01, 0.00, 0.00, 0.00, 2.03, 0.00, 0.31, 0.00, 0.00, 1.00, 1.00, 1.00, 1.00, 0.00, 1.00, 1.00, 1.00, 0.00, 0.00, 0.00, 1.00, 1.00, 0.00, 0.00, 1.00
6315,  0,  210.467,  0.98,  1, 0.00, 0.09, 1.53, 0.00, 1.85, 2.21, 0.00, 1.10, 2.30, 1.75, 0.01, 0.00, 0.00, 0.00, 2.03, 0.00, 0.20, 0.00, 0.00, 1.00, 1.00, 1.00, 1.00, 0.00, 1.00, 1.00, 1.00, 0.00, 0.00, 0.00, 1.00, 1.00, 0.00, 0.00, 0.00
6316,  0,  210.500,  0.98,  1, 0.00, 0.11, 1.55, 0.00, 1.85, 1.98, 0.00, 1.04, 2.29, 1.86, 0.07, 0.05, 0.00, 0.00, 1.98, 0.00, 0.11, 0.00, 0.00, 1.00, 1.00, 1.00, 1.00, 0.00, 1.00, 1.00, 1.00, 0.00, 0.00, 0.00, 1.00, 1.00, 0.00, 0.00, 0.00
6317,  0,  210.533,  0.98,  1, 0.00, 0.19, 1.61, 0.00, 1.87, 1.93, 0.00, 0.93, 2.30, 1.86, 0.06, 0.05, 0.00, 0.00, 1.90, 0.00, 0.11, 0.00, 0.00, 1.00, 1.00, 1.00, 1.00, 0.00, 1.00, 1.00, 1.00, 0.00, 0.00, 0.00, 1.00, 1.00, 0.00, 0.00, 0.00
6318,  0,  210.567,  0.98,  1, 0.00, 0.19, 1.43, 0.00, 1.84, 1.95, 0.00, 0.86, 2.27, 1.94, 0.06, 0.05, 0.00, 0.00, 1.80, 0.00, 0.07, 0.00, 0.00, 1.00, 1.00, 1.00, 1.00, 0.00, 1.00, 1.00, 1.00, 0.00, 0.00, 0.00, 1.00, 1.00, 0.00, 0.00, 1.00
6319,  0,  210.600,  0.98,  1, 0.00, 0.10, 1.37, 0.00, 1.84, 2.23, 0.00, 0.80, 2.30, 1.94, 0.00, 0.03, 0.00, 0.00, 1.77, 0.00, 0.13, 0.00, 0.00, 1.00, 1.00, 1.00, 1.00, 0.00, 1.00, 1.00, 1.00, 0.00, 0.00, 0.00, 1.00, 1.00, 1.00, 0.00, 1.00
6320,  0,  210.633,  0.98,  1, 0.00, 0.00, 1.39, 0.00, 1.86, 2.61, 0.00, 0.81, 2.28, 1.95, 0.00, 0.06, 0.00, 0.00, 1.74, 0.02, 0.10, 0.00, 0.00, 1.00, 1.00, 1.00, 1.00, 0.00, 1.00, 1.00, 1.00, 0.00, 0.00, 0.00, 1.00, 1.00, 1.00, 0.00, 0.00
6321,  0,  210.667,  0.98,  1, 0.00, 0.00, 1.58, 0.00, 1.81, 2.68, 0.00, 0.79, 2.26, 1.88, 0.00, 0.06, 0.00, 0.00, 1.80, 0.04, 0.06, 0.00, 0.00, 1.00, 1.00, 1.00, 1.00, 0.00, 1.00, 1.00, 1.00, 0.00, 0.00, 0.00, 1.00, 1.00, 1.00, 0.00, 0.00
6322,  0,  210.700,  0.98,  1, 0.00, 0.00, 1.62, 0.00, 1.83, 2.74, 0.00, 0.83, 2.21, 1.80, 0.00, 0.08, 0.00, 0.00, 1.83, 0.04, 0.00, 0.00, 0.00, 1.00, 1.00, 1.00, 1.00, 0.00, 1.00, 1.00, 1.00, 0.00, 0.00, 0.00, 1.00, 1.00, 1.00, 0.00, 0.00
6323,  0,  210.733,  0.98,  1, 0.00, 0.00, 1.54, 0.00, 1.79, 2.57, 0.00, 0.85, 2.16, 1.78, 0.00, 0.05, 0.00, 0.00, 1.90, 0.09, 0.00, 0.00, 0.00, 1.00, 1.00, 1.00, 1.00, 0.00, 1.00, 1.00, 1.00, 0.00, 0.00, 0.00, 1.00, 1.00, 1.00, 0.00, 0.00
6324,  0,  210.767,  0.98,  1, 0.00, 0.00, 1.52, 0.00, 1.85, 2.95, 0.00, 0.89, 2.18, 1.88, 0.00, 0.07, 0.00, 0.00, 1.79, 0.14, 0.00, 0.00, 0.00, 1.00, 1.00, 1.00, 1.00, 0.00, 1.00, 1.00, 1.00, 0.00, 0.00, 0.00, 1.00, 1.00, 1.00, 0.00, 0.00
6325,  0,  210.800,  0.98,  1, 0.00, 0.05, 1.56, 0.00, 1.79, 3.09, 0.00, 0.79, 2.17, 2.01, 0.00, 0.02, 0.00, 0.00, 1.68, 0.15, 0.00, 0.00, 0.00, 1.00, 1.00, 1.00, 1.00, 0.00, 1.00, 1.00, 1.00, 0.00, 0.00, 0.00, 1.00, 1.00, 1.00, 0.00, 0.00
6326,  0,  210.833,  0.98,  1, 0.00, 0.06, 1.56, 0.00, 1.78, 3.39, 0.00, 0.69, 2.13, 2.11, 0.00, 0.09, 0.00, 0.00, 1.64, 0.22, 0.00, 0.00, 0.00, 1.00, 1.00, 1.00, 1.00, 0.00, 1.00, 1.00, 1.00, 0.00, 0.00, 0.00, 1.00, 1.00, 1.00, 0.00, 0.00
6327,  0,  210.867,  0.98,  1, 0.00, 0.06, 1.49, 0.00, 1.77, 3.36, 0.00, 0.79, 2.02, 2.00, 0.00, 0.07, 0.00, 0.00, 1.74, 0.27, 0.00, 0.00, 0.00, 1.00, 1.00, 1.00, 1.00, 0.00, 1.00, 1.00, 1.00, 0.00, 0.00, 0.00, 1.00, 1.00, 1.00, 0.00, 0.00
6328,  0,  210.900,  0.98,  1, 0.00, 0.01, 1.39, 0.00, 1.81, 3.35, 0.03, 0.94, 1.92, 1.94, 0.00, 0.07, 0.00, 0.00, 1.83, 0.46, 0.00, 0.00, 0.00, 1.00, 1.00, 1.00, 1.00, 0.00, 1.00, 1.00, 1.00, 0.00, 0.00, 0.00, 1.00, 1.00, 1.00, 0.00, 0.00
6329,  0,  210.933,  0.98,  1, 0.00, 0.00, 1.41, 0.00, 1.86, 3.23, 0.07, 1.04, 1.87, 1.84, 0.00, 0.03, 0.00, 0.00, 1.88, 0.53, 0.00, 0.00, 0.00, 1.00, 1.00, 1.00, 1.00, 0.00, 1.00, 1.00, 1.00, 0.00, 0.00, 0.00, 1.00, 1.00, 1.00, 0.00, 0.00
6330,  0,  210.967,  0.98,  1, 0.00, 0.00, 1.48, 0.00, 1.91, 3.16, 0.14, 1.01, 1.83, 1.92, 0.00, 0.17, 0.02, 0.00, 1.91, 0.51, 0.23, 0.00, 0.00, 1.00, 1.00, 1.00, 1.00, 0.00, 1.00, 1.00, 1.00, 0.00, 0.00, 0.00, 1.00, 1.00, 1.00, 0.00, 0.00
6331,  0,  211.000,  0.98,  1, 0.00, 0.00, 1.45, 0.00, 1.84, 2.86, 0.11, 1.03, 1.81, 1.81, 0.00, 0.33, 0.02, 0.00, 1.91, 0.42, 0.97, 0.00, 0.00, 1.00, 1.00, 1.00, 1.00, 0.00, 1.00, 1.00, 1.00, 0.00, 0.00, 0.00, 1.00, 1.00, 1.00, 0.00, 1.00
6332,  0,  211.033,  0.98,  1, 0.00, 0.00, 1.36, 0.00, 1.61, 2.46, 0.07, 1.08, 1.72, 1.61, 0.00, 0.50, 0.11, 0.00, 1.97, 0.33, 1.67, 0.00, 0.00, 1.00, 1.00, 1.00, 1.00, 0.00, 1.00, 1.00, 1.00, 0.00, 0.00, 0.00, 1.00, 1.00, 1.00, 0.00, 1.00
6333,  0,  211.067,  0.98,  1, 0.00, 0.00, 1.32, 0.00, 1.47, 2.14, 0.03, 0.99, 1.61, 1.37, 0.00, 0.58, 0.18, 0.00, 1.97, 0.37, 1.98, 0.00, 0.00, 1.00, 1.00, 1.00, 1.00, 0.00, 1.00, 1.00, 1.00, 0.00, 0.00, 0.00, 1.00, 1.00, 1.00, 0.00, 1.00
6334,  0,  211.100,  0.98,  1, 0.00, 0.00, 1.36, 0.00, 1.43, 2.30, 0.04, 0.85, 1.49, 1.26, 0.00, 0.54, 0.42, 0.01, 1.93, 0.26, 1.55, 0.00, 0.00, 1.00, 1.00, 1.00, 1.00, 0.00, 1.00, 1.00, 1.00, 0.00, 0.00, 0.00, 1.00, 1.00, 1.00, 0.00, 1.00
6335,  0,  211.133,  0.98,  1, 0.00, 0.00, 1.35, 0.00, 1.49, 2.53, 0.04, 0.76, 1.47, 1.45, 0.00, 0.41, 0.57, 0.03, 1.86, 0.16, 1.06, 0.00, 0.00, 1.00, 1.00, 1.00, 1.00, 0.00, 1.00, 1.00, 1.00, 0.00, 0.00, 0.00, 1.00, 1.00, 1.00, 0.00, 1.00
6336,  0,  211.167,  0.98,  1, 0.00, 0.00, 1.33, 0.00, 1.47, 2.58, 0.02, 0.81, 1.29, 1.35, 0.00, 0.18, 0.68, 0.04, 1.91, 0.24, 0.55, 0.00, 0.00, 1.00, 1.00, 1.00, 1.00, 0.00, 1.00, 1.00, 1.00, 0.00, 0.00, 0.00, 1.00, 1.00, 1.00, 0.00, 1.00
6337,  0,  211.200,  0.98,  1, 0.00, 0.00, 1.21, 0.00, 1.48, 2.47, 0.00, 0.79, 1.17, 1.24, 0.00, 0.06, 0.57, 0.03, 2.06, 0.42, 0.28, 0.00, 0.00, 1.00, 1.00, 1.00, 1.00, 0.00, 1.00, 1.00, 1.00, 0.00, 0.00, 0.00, 1.00, 1.00, 1.00, 0.00, 1.00
6338,  0,  211.233,  0.98,  1, 0.00, 0.00, 1.20, 0.01, 1.40, 2.43, 0.00, 0.78, 0.95, 0.99, 0.00, 0.00, 0.37, 0.01, 2.08, 0.52, 0.08, 0.00, 0.00, 1.00, 1.00, 1.00, 1.00, 0.00, 1.00, 1.00, 1.00, 0.00, 0.00, 0.00, 1.00, 1.00, 1.00, 0.00, 1.00
6339,  0,  211.267,  0.98,  1, 0.00, 0.00, 1.10, 0.03, 1.27, 2.36, 0.00, 0.60, 0.91, 0.98, 0.00, 0.00, 0.22, 0.00, 2.02, 0.36, 0.05, 0.00, 0.00, 1.00, 1.00, 1.00, 1.00, 0.00, 1.00, 1.00, 1.00, 0.00, 0.00, 0.00, 1.00, 1.00, 1.00, 0.00, 1.00
6340,  0,  211.300,  0.98,  1, 0.00, 0.00, 1.18, 0.03, 1.08, 2.38, 0.00, 0.53, 0.81, 0.99, 0.00, 0.00, 0.15, 0.00, 1.85, 0.21, 0.00, 0.00, 0.00, 1.00, 1.00, 1.00, 1.00, 0.00, 1.00, 1.00, 1.00, 0.00, 0.00, 0.00, 1.00, 1.00, 1.00, 0.00, 0.00
6341,  0,  211.333,  0.98,  1, 0.00, 0.00, 1.16, 0.02, 0.97, 2.21, 0.00, 0.41, 0.75, 0.95, 0.00, 0.06, 0.16, 0.01, 1.68, 0.15, 0.00, 0.00, 0.00, 1.00, 1.00, 1.00, 1.00, 0.00, 1.00, 1.00, 1.00, 0.00, 0.00, 0.00, 1.00, 1.00, 1.00, 0.00, 0.00
6342,  0,  211.367,  0.98,  1, 0.00, 0.00, 1.17, 0.00, 0.91, 2.23, 0.00, 0.40, 0.64, 0.83, 0.00, 0.27, 0.14, 0.08, 1.33, 0.10, 0.00, 0.00, 0.00, 1.00, 1.00, 1.00, 1.00, 0.00, 1.00, 1.00, 1.00, 0.00, 0.00, 0.00, 1.00, 1.00, 1.00, 0.00, 0.00
6343,  0,  211.400,  0.98,  1, 0.03, 0.00, 1.22, 0.00, 0.91, 2.17, 0.00, 0.43, 0.56, 0.78, 0.00, 0.55, 0.08, 0.17, 0.94, 0.12, 0.00, 0.00, 0.00, 1.00, 1.00, 1.00, 1.00, 0.00, 1.00, 1.00, 1.00, 0.00, 1.00, 0.00, 1.00, 0.00, 0.00, 0.00, 0.00
6344,  0,  211.433,  0.98,  1, 0.03, 0.00, 1.31, 0.00, 0.90, 2.37, 0.00, 0.48, 0.43, 0.80, 0.04, 0.80, 0.03, 0.24, 0.63, 0.16, 0.00, 0.00, 0.00, 1.00, 1.00, 1.00, 1.00, 0.00, 1.00, 1.00, 1.00, 1.00, 1.00, 0.00, 1.00, 0.00, 0.00, 0.00, 0.00
6345,  0,  211.467,  0.98,  1, 0.03, 0.00, 1.33, 0.00, 0.88, 2.43, 0.00, 0.46, 0.35, 0.89, 0.11, 0.90, 0.00, 0.29, 0.48, 0.17, 0.00, 0.00, 0.00, 1.00, 1.00, 1.00, 1.00, 0.00, 1.00, 0.00, 1.00, 1.00, 1.00, 0.00, 1.00, 0.00, 0.00, 0.00, 0.00
6346,  0,  211.500,  0.98,  1, 0.12, 0.10, 1.36, 0.00, 0.84, 2.48, 0.00, 0.39, 0.31, 0.90, 0.19, 0.91, 0.00, 0.29, 0.36, 0.11, 0.00, 0.00, 0.00, 1.00, 1.00, 1.00, 1.00, 0.00, 1.00, 0.00, 1.00, 1.00, 1.00, 0.00, 1.00, 0.00, 0.00, 0.00, 0.00
6347,  0,  211.533,  0.98,  1, 0.27, 0.19, 1.32, 0.00, 0.83, 2.24, 0.00, 0.43, 0.37, 0.93, 0.20, 0.89, 0.00, 0.29, 0.26, 0.01, 0.00, 0.00, 0.00, 1.00, 1.00, 1.00, 1.00, 0.00, 1.00, 0.00, 1.00, 1.00, 1.00, 0.00, 1.00, 0.00, 0.00, 0.00, 0.00
6348,  0,  211.567,  0.98,  1, 0.41, 0.39, 1.39, 0.00, 0.78, 1.95, 0.00, 0.38, 0.44, 0.70, 0.13, 0.89, 0.07, 0.19, 0.26, 0.00, 0.00, 0.00, 0.00, 1.00, 1.00, 1.00, 1.00, 0.00, 1.00, 0.00, 1.00, 1.00, 1.00, 0.00, 1.00, 0.00, 0.00, 0.00, 0.00
6349,  0,  211.600,  0.98,  1, 0.30, 0.32, 1.36, 0.00, 0.75, 1.73, 0.00, 0.37, 0.45, 0.49, 0.14, 0.89, 0.22, 0.10, 0.37, 0.00, 0.00, 0.00, 0.00, 1.00, 1.00, 1.00, 1.00, 0.00, 1.00, 0.00, 1.00, 0.00, 1.00, 0.00, 1.00, 0.00, 0.00, 0.00, 0.00
6350,  0,  211.633,  0.98,  1, 0.26, 0.32, 1.41, 0.00, 0.75, 1.60, 0.00, 0.24, 0.43, 0.34, 0.14, 0.81, 0.37, 0.02, 0.38, 0.00, 0.00, 0.00, 0.00, 1.00, 1.00, 1.00, 1.00, 0.00, 1.00, 0.00, 1.00, 0.00, 1.00, 0.00, 1.00, 0.00, 0.00, 0.00, 0.00
6351,  0,  211.667,  0.98,  1, 0.18, 0.31, 1.42, 0.00, 0.78, 1.64, 0.00, 0.22, 0.42, 0.50, 0.27, 0.74, 0.42, 0.00, 0.32, 0.00, 0.00, 0.00, 0.00, 1.00, 1.00, 1.00, 1.00, 0.00, 1.00, 0.00, 1.00, 0.00, 1.00, 0.00, 1.00, 0.00, 0.00, 0.00, 0.00
6352,  0,  211.700,  0.98,  1, 0.22, 0.41, 1.45, 0.00, 0.84, 1.85, 0.00, 0.23, 0.43, 0.70, 0.28, 0.80, 0.33, 0.05, 0.18, 0.00, 0.00, 0.00, 0.00, 1.00, 1.00, 1.00, 1.00, 0.00, 1.00, 0.00, 1.00, 0.00, 1.00, 0.00, 1.00, 0.00, 0.00, 0.00, 0.00
6353,  0,  211.733,  0.98,  1, 0.18, 0.40, 1.50, 0.00, 0.91, 2.16, 0.00, 0.24, 0.44, 0.86, 0.34, 0.90, 0.26, 0.08, 0.10, 0.00, 0.08, 0.00, 0.00, 1.00, 1.00, 1.00, 1.00, 0.00, 1.00, 0.00, 1.00, 1.00, 1.00, 0.00, 1.00, 0.00, 0.00, 0.00, 0.00
6354,  0,  211.767,  0.98,  1, 0.16, 0.29, 1.58, 0.00, 0.98, 2.40, 0.00, 0.34, 0.47, 0.97, 0.31, 1.01, 0.17, 0.12, 0.02, 0.00, 0.16, 0.00, 0.00, 1.00, 1.00, 1.00, 1.00, 0.00, 1.00, 0.00, 1.00, 1.00, 1.00, 0.00, 1.00, 0.00, 0.00, 0.00, 0.00
6355,  0,  211.800,  0.98,  1, 0.15, 0.28, 1.55, 0.00, 0.99, 2.27, 0.00, 0.39, 0.48, 1.13, 0.28, 0.90, 0.16, 0.11, 0.01, 0.00, 0.25, 0.00, 0.00, 1.00, 1.00, 1.00, 1.00, 0.00, 1.00, 0.00, 1.00, 1.00, 1.00, 0.00, 1.00, 0.00, 0.00, 0.00, 0.00
6356,  0,  211.833,  0.98,  1, 0.12, 0.34, 1.52, 0.00, 0.91, 2.04, 0.00, 0.45, 0.50, 1.15, 0.26, 0.91, 0.13, 0.10, 0.03, 0.00, 0.26, 0.00, 0.00, 1.00, 1.00, 1.00, 1.00, 0.00, 1.00, 0.00, 1.00, 1.00, 1.00, 0.00, 1.00, 0.00, 0.00, 0.00, 0.00
6357,  0,  211.867,  0.98,  1, 0.16, 0.41, 1.41, 0.00, 0.88, 1.88, 0.00, 0.46, 0.46, 1.28, 0.21, 0.81, 0.17, 0.09, 0.07, 0.00, 0.29, 0.00, 0.00, 1.00, 1.00, 1.00, 1.00, 0.00, 1.00, 0.00, 1.00, 1.00, 1.00, 0.00, 1.00, 0.00, 0.00, 0.00, 0.00
6358,  0,  211.900,  0.98,  1, 0.22, 0.38, 1.49, 0.00, 0.87, 2.00, 0.00, 0.38, 0.48, 1.30, 0.27, 0.89, 0.12, 0.06, 0.06, 0.00, 0.19, 0.00, 0.00, 1.00, 1.00, 1.00, 1.00, 0.00, 1.00, 0.00, 1.00, 1.00, 1.00, 0.00, 1.00, 0.00, 0.00, 0.00, 0.00
6359,  0,  211.933,  0.98,  1, 0.19, 0.24, 1.53, 0.00, 0.89, 2.05, 0.02, 0.38, 0.49, 1.37, 0.29, 0.88, 0.08, 0.06, 0.04, 0.00, 0.13, 0.00, 0.00, 1.00, 1.00, 1.00, 1.00, 0.00, 1.00, 0.00, 1.00, 1.00, 1.00, 0.00, 1.00, 0.00, 0.00, 0.00, 0.00
6360,  0,  211.967,  0.98,  1, 0.18, 0.23, 1.57, 0.00, 0.86, 2.01, 0.04, 0.37, 0.59, 1.28, 0.28, 1.01, 0.00, 0.03, 0.01, 0.00, 0.03, 0.00, 0.00, 1.00, 1.00, 1.00, 1.00, 0.00, 1.00, 1.00, 1.00, 1.00, 1.00, 0.00, 1.00, 0.00, 0.00, 0.00, 0.00
6361,  0,  212.000,  0.98,  1, 0.12, 0.23, 1.49, 0.00, 0.85, 1.80, 0.07, 0.44, 0.62, 1.25, 0.29, 1.02, 0.00, 0.02, 0.00, 0.00, 0.06, 0.00, 0.00, 1.00, 1.00, 1.00, 1.00, 0.00, 1.00, 1.00, 1.00, 1.00, 1.00, 0.00, 1.00, 0.00, 0.00, 0.00, 0.00
6362,  0,  212.033,  0.98,  1, 0.11, 0.23, 1.42, 0.00, 0.90, 1.96, 0.12, 0.45, 0.64, 1.21, 0.32, 1.05, 0.00, 0.02, 0.00, 0.00, 0.19, 0.00, 0.00, 1.00, 1.00, 1.00, 1.00, 0.00, 1.00, 1.00, 1.00, 1.00, 1.00, 0.00, 1.00, 0.00, 0.00, 0.00, 0.00
6363,  0,  212.067,  0.98,  1, 0.08, 0.16, 1.40, 0.00, 0.94, 2.19, 0.16, 0.35, 0.58, 1.27, 0.34, 0.98, 0.00, 0.02, 0.00, 0.00, 0.21, 0.00, 0.00, 1.00, 1.00, 1.00, 1.00, 0.00, 1.00, 1.00, 1.00, 1.00, 1.00, 0.00, 1.00, 0.00, 0.00, 0.00, 0.00
6364,  0,  212.100,  0.98,  1, 0.06, 0.07, 1.41, 0.00, 0.93, 2.29, 0.15, 0.28, 0.57, 1.24, 0.36, 0.99, 0.00, 0.08, 0.00, 0.00, 0.22, 0.00, 0.00, 1.00, 1.00, 1.00, 1.00, 0.00, 1.00, 1.00, 1.00, 1.00, 1.00, 0.00, 1.00, 0.00, 0.00, 0.00, 0.00
6365,  0,  212.133,  0.98,  1, 0.17, 0.07, 1.50, 0.01, 0.85, 2.19, 0.09, 0.32, 0.57, 1.31, 0.34, 0.95, 0.00, 0.08, 0.00, 0.00, 0.28, 0.00, 0.00, 1.00, 1.00, 1.00, 1.00, 0.00, 1.00, 1.00, 1.00, 1.00, 1.00, 0.00, 1.00, 0.00, 0.00, 0.00, 0.00
6366,  0,  212.167,  0.98,  1, 0.20, 0.00, 1.50, 0.04, 0.74, 1.64, 0.04, 0.50, 0.63, 1.27, 0.43, 0.95, 0.00, 0.08, 0.00, 0.00, 1.08, 0.00, 0.00, 1.00, 1.00, 1.00, 1.00, 0.00, 1.00, 1.00, 1.00, 1.00, 1.00, 0.00, 1.00, 0.00, 0.00, 0.00, 0.00
6367,  0,  212.200,  0.98,  1, 0.21, 0.00, 1.39, 0.13, 0.57, 0.98, 0.02, 0.61, 0.68, 1.33, 0.45, 0.83, 0.00, 0.01, 0.00, 0.00, 2.11, 0.00, 0.00, 1.00, 1.00, 1.00, 1.00, 0.00, 1.00, 1.00, 1.00, 1.00, 1.00, 0.00, 1.00, 0.00, 0.00, 0.00, 1.00
6368,  0,  212.233,  0.98,  1, 0.09, 0.00, 1.19, 0.16, 0.42, 0.29, 0.01, 0.62, 0.74, 1.27, 0.47, 0.82, 0.00, 0.00, 0.00, 0.00, 2.99, 0.00, 0.00, 1.00, 1.00, 1.00, 1.00, 0.00, 1.00, 1.00, 1.00, 1.00, 1.00, 0.00, 1.00, 0.00, 0.00, 0.00, 1.00
6369,  0,  212.267,  0.98,  1, 0.02, 0.00, 1.09, 0.20, 0.37, 0.07, 0.00, 0.53, 0.72, 1.33, 0.40, 0.76, 0.00, 0.00, 0.00, 0.00, 3.16, 0.00, 0.00, 1.00, 1.00, 1.00, 1.00, 0.00, 1.00, 1.00, 1.00, 1.00, 1.00, 0.00, 1.00, 0.00, 0.00, 0.00, 1.00
6370,  0,  212.300,  0.98,  1, 0.00, 0.00, 1.25, 0.28, 0.48, 0.39, 0.05, 0.51, 0.71, 1.38, 0.33, 0.86, 0.02, 0.00, 0.00, 0.00, 2.92, 0.00, 0.00, 1.00, 1.00, 1.00, 1.00, 0.00, 1.00, 1.00, 1.00, 1.00, 1.00, 0.00, 1.00, 0.00, 0.00, 0.00, 1.00
6371,  0,  212.333,  0.98,  1, 0.00, 0.00, 1.43, 0.30, 0.66, 0.84, 0.14, 0.44, 0.63, 1.39, 0.23, 0.82, 0.03, 0.00, 0.03, 0.00, 2.46, 0.00, 0.00, 1.00, 1.00, 1.00, 1.00, 0.00, 1.00, 1.00, 1.00, 1.00, 1.00, 0.00, 1.00, 0.00, 0.00, 0.00, 1.00
6372,  0,  212.367,  0.98,  1, 0.00, 0.07, 1.50, 0.23, 0.83, 1.39, 0.21, 0.51, 0.62, 1.42, 0.29, 0.71, 0.09, 0.00, 0.03, 0.00, 1.83, 0.00, 0.00, 1.00, 1.00, 1.00, 1.00, 0.00, 1.00, 1.00, 1.00, 1.00, 1.00, 0.00, 1.00, 0.00, 0.00, 0.00, 1.00
6373,  0,  212.400,  0.98,  1, 0.02, 0.17, 1.53, 0.07, 0.96, 1.71, 0.30, 0.56, 0.60, 1.39, 0.28, 0.46, 0.08, 0.00, 0.03, 0.00, 1.32, 0.00, 0.00, 1.00, 0.00, 1.00, 1.00, 0.00, 1.00, 1.00, 1.00, 0.00, 1.00, 0.00, 1.00, 0.00, 0.00, 0.00, 1.00
6374,  0,  212.433,  0.98,  1, 0.06, 0.35, 1.47, 0.00, 1.02, 1.94, 0.32, 0.63, 0.67, 1.54, 0.31, 0.25, 0.06, 0.00, 0.00, 0.00, 0.91, 0.00, 0.00, 1.00, 0.00, 1.00, 1.00, 0.00, 1.00, 1.00, 1.00, 0.00, 0.00, 0.00, 1.00, 0.00, 0.00, 0.00, 1.00
6375,  0,  212.467,  0.98,  1, 0.08, 0.45, 1.50, 0.00, 1.08, 2.16, 0.32, 0.50, 0.80, 1.54, 0.21, 0.19, 0.00, 0.00, 0.00, 0.00, 0.71, 0.00, 0.00, 1.00, 0.00, 1.00, 1.00, 0.00, 1.00, 1.00, 1.00, 0.00, 0.00, 0.00, 1.00, 0.00, 0.00, 0.00, 1.00
6376,  0,  212.500,  0.98,  1, 0.05, 0.35, 1.34, 0.00, 1.07, 2.15, 0.23, 0.48, 0.88, 1.61, 0.19, 0.16, 0.00, 0.00, 0.00, 0.00, 0.60, 0.00, 0.00, 1.00, 0.00, 1.00, 1.00, 0.00, 1.00, 1.00, 1.00, 0.00, 0.00, 0.00, 1.00, 0.00, 0.00, 0.00, 1.00
6377,  0,  212.533,  0.98,  1, 0.01, 0.20, 1.29, 0.00, 1.08, 2.22, 0.20, 0.40, 0.90, 1.63, 0.18, 0.20, 0.00, 0.00, 0.00, 0.00, 0.54, 0.00, 0.00, 1.00, 1.00, 1.00, 1.00, 0.00, 1.00, 1.00, 1.00, 0.00, 0.00, 0.00, 1.00, 0.00, 0.00, 0.00, 1.00
6378,  0,  212.567,  0.98,  1, 0.01, 0.03, 1.24, 0.00, 1.07, 2.14, 0.14, 0.45, 0.82, 1.68, 0.26, 0.23, 0.05, 0.00, 0.00, 0.00, 0.51, 0.00, 0.00, 1.00, 1.00, 1.00, 1.00, 0.00, 1.00, 1.00, 1.00, 0.00, 0.00, 0.00, 1.00, 0.00, 0.00, 0.00, 1.00
6379,  0,  212.600,  0.98,  1, 0.01, 0.03, 1.36, 0.00, 1.11, 2.32, 0.08, 0.48, 0.80, 1.64, 0.26, 0.30, 0.05, 0.02, 0.00, 0.00, 0.48, 0.00, 0.00, 1.00, 1.00, 1.00, 1.00, 0.00, 1.00, 1.00, 1.00, 0.00, 0.00, 0.00, 1.00, 0.00, 0.00, 0.00, 1.00
6380,  0,  212.633,  0.98,  1, 0.01, 0.00, 1.39, 0.00, 1.09, 2.24, 0.01, 0.50, 0.75, 1.59, 0.28, 0.31, 0.14, 0.02, 0.00, 0.00, 0.47, 0.00, 0.00, 1.00, 1.00, 1.00, 1.00, 0.00, 1.00, 1.00, 1.00, 0.00, 0.00, 0.00, 1.00, 0.00, 0.00, 0.00, 1.00
6381,  0,  212.667,  0.98,  1, 0.01, 0.00, 1.44, 0.00, 1.10, 2.21, 0.02, 0.66, 0.75, 1.62, 0.21, 0.40, 0.17, 0.05, 0.00, 0.00, 0.52, 0.00, 0.00, 1.00, 1.00, 1.00, 1.00, 0.00, 1.00, 1.00, 1.00, 0.00, 0.00, 0.00, 1.00, 0.00, 0.00, 0.00, 1.00
6382,  0,  212.700,  0.98,  1, 0.01, 0.00, 1.41, 0.00, 1.03, 1.97, 0.03, 0.73, 0.71, 1.77, 0.35, 0.58, 0.19, 0.03, 0.00, 0.02, 0.47, 0.00, 0.00, 1.00, 1.00, 1.00, 1.00, 0.00, 1.00, 1.00, 1.00, 0.00, 0.00, 0.00, 1.00, 0.00, 0.00, 0.00, 0.00
6383,  0,  212.733,  0.98,  1, 0.01, 0.00, 1.37, 0.00, 1.00, 1.91, 0.03, 0.86, 0.71, 1.92, 0.49, 0.80, 0.15, 0.02, 0.00, 0.08, 0.53, 0.00, 0.00, 1.00, 1.00, 1.00, 1.00, 0.00, 1.00, 1.00, 1.00, 1.00, 1.00, 0.00, 1.00, 0.00, 0.00, 0.00, 0.00
6384,  0,  212.767,  0.98,  1, 0.00, 0.10, 1.34, 0.00, 0.90, 1.77, 0.05, 0.68, 0.60, 1.96, 0.64, 0.96, 0.07, 0.00, 0.00, 0.08, 0.62, 0.00, 0.00, 1.00, 1.00, 1.00, 1.00, 0.00, 1.00, 1.00, 1.00, 1.00, 1.00, 0.00, 1.00, 0.00, 0.00, 0.00, 0.00
6385,  0,  212.800,  0.98,  1, 0.01, 0.29, 1.31, 0.00, 0.87, 1.80, 0.04, 0.62, 0.54, 1.92, 0.65, 1.01, 0.11, 0.04, 0.00, 0.05, 0.65, 0.00, 0.00, 1.00, 1.00, 0.00, 1.00, 0.00, 1.00, 0.00, 1.00, 1.00, 1.00, 0.00, 1.00, 0.00, 0.00, 0.00, 0.00
6386,  0,  212.833,  0.98,  1, 0.06, 0.50, 1.37, 0.00, 0.84, 2.01, 0.06, 0.47, 0.44, 1.83, 0.64, 1.01, 0.09, 0.04, 0.00, 0.00, 0.55, 0.00, 0.00, 1.00, 1.00, 0.00, 1.00, 0.00, 1.00, 0.00, 1.00, 1.00, 1.00, 0.00, 1.00, 0.00, 0.00, 0.00, 0.00
6387,  0,  212.867,  0.98,  1, 0.06, 0.53, 1.34, 0.00, 0.80, 2.22, 0.07, 0.47, 0.44, 1.77, 0.61, 0.99, 0.09, 0.04, 0.00, 0.00, 0.40, 0.00, 0.00, 1.00, 1.00, 0.00, 1.00, 0.00, 1.00, 0.00, 1.00, 1.00, 1.00, 0.00, 1.00, 0.00, 0.00, 0.00, 0.00
6388,  0,  212.900,  0.98,  1, 0.08, 0.48, 1.37, 0.00, 0.75, 2.31, 0.18, 0.32, 0.40, 1.65, 0.63, 0.95, 0.06, 0.00, 0.00, 0.00, 0.43, 0.00, 0.00, 1.00, 1.00, 0.00, 1.00, 0.00, 1.00, 0.00, 1.00, 1.00, 1.00, 0.00, 1.00, 0.00, 0.00, 0.00, 0.00
6389,  0,  212.933,  0.98,  1, 0.06, 0.40, 1.37, 0.00, 0.76, 2.30, 0.21, 0.30, 0.40, 1.57, 0.63, 0.90, 0.17, 0.00, 0.00, 0.00, 0.49, 0.00, 0.00, 1.00, 1.00, 0.00, 1.00, 0.00, 1.00, 0.00, 1.00, 1.00, 1.00, 0.00, 1.00, 0.00, 0.00, 0.00, 0.00
6390,  0,  212.967,  0.98,  1, 0.07, 0.33, 1.29, 0.00, 0.77, 2.14, 0.24, 0.28, 0.40, 1.55, 0.71, 0.87, 0.28, 0.00, 0.00, 0.00, 0.52, 0.00, 0.00, 1.00, 1.00, 0.00, 1.00, 0.00, 1.00, 0.00, 1.00, 1.00, 1.00, 0.00, 1.00, 0.00, 0.00, 0.00, 0.00
6391,  0,  213.000,  0.98,  1, 0.10, 0.32, 1.22, 0.00, 0.79, 2.14, 0.19, 0.33, 0.43, 1.63, 0.67, 0.88, 0.32, 0.00, 0.00, 0.00, 0.38, 0.00, 0.00, 1.00, 1.00, 0.00, 1.00, 0.00, 1.00, 0.00, 1.00, 1.00, 1.00, 0.00, 1.00, 0.00, 0.00, 0.00, 0.00
6392,  0,  213.033,  0.98,  1, 0.12, 0.33, 1.13, 0.00, 0.79, 2.05, 0.17, 0.37, 0.47, 1.75, 0.55, 0.95, 0.23, 0.00, 0.00, 0.00, 0.34, 0.00, 0.00, 1.00, 1.00, 1.00, 1.00, 0.00, 1.00, 0.00, 1.00, 1.00, 1.00, 0.00, 1.00, 0.00, 0.00, 0.00, 0.00
6393,  0,  213.067,  0.98,  1, 0.10, 0.35, 1.22, 0.00, 0.90, 2.33, 0.19, 0.41, 0.49, 1.93, 0.31, 0.97, 0.28, 0.00, 0.00, 0.00, 0.27, 0.00, 0.00, 1.00, 1.00, 1.00, 1.00, 0.00, 1.00, 0.00, 1.00, 1.00, 1.00, 0.00, 1.00, 0.00, 0.00, 0.00, 0.00
6394,  0,  213.100,  0.98,  1, 0.05, 0.26, 1.30, 0.00, 1.00, 2.39, 0.15, 0.49, 0.53, 2.00, 0.17, 0.89, 0.29, 0.00, 0.00, 0.00, 0.28, 0.00, 0.00, 1.00, 1.00, 1.00, 1.00, 0.00, 1.00, 0.00, 1.00, 1.00, 1.00, 0.00, 1.00, 0.00, 0.00, 0.00, 0.00
6395,  0,  213.133,  0.98,  1, 0.00, 0.23, 1.39, 0.00, 1.05, 2.39, 0.10, 0.57, 0.58, 2.05, 0.07, 0.78, 0.30, 0.00, 0.00, 0.00, 0.24, 0.00, 0.00, 1.00, 1.00, 1.00, 1.00, 0.00, 1.00, 0.00, 1.00, 0.00, 1.00, 0.00, 1.00, 0.00, 0.00, 0.00, 0.00
6396,  0,  213.167,  0.98,  1, 0.00, 0.19, 1.36, 0.00, 0.99, 2.19, 0.01, 0.57, 0.63, 1.91, 0.08, 0.64, 0.14, 0.00, 0.00, 0.00, 0.28, 0.00, 0.00, 1.00, 1.00, 1.00, 1.00, 0.00, 1.00, 0.00, 1.00, 0.00, 1.00, 0.00, 1.00, 0.00, 0.00, 0.00, 0.00
6397,  0,  213.200,  0.98,  1, 0.00, 0.20, 1.30, 0.00, 0.94, 2.14, 0.00, 0.51, 0.65, 1.88, 0.13, 0.63, 0.06, 0.00, 0.00, 0.00, 0.39, 0.00, 0.00, 1.00, 1.00, 1.00, 1.00, 0.00, 1.00, 1.00, 1.00, 0.00, 1.00, 0.00, 1.00, 0.00, 0.00, 0.00, 0.00
6398,  0,  213.233,  0.98,  1, 0.00, 0.09, 1.19, 0.00, 0.88, 2.08, 0.00, 0.41, 0.68, 1.77, 0.22, 0.62, 0.00, 0.00, 0.00, 0.00, 0.38, 0.00, 0.00, 1.00, 1.00, 1.00, 1.00, 0.00, 1.00, 1.00, 1.00, 0.00, 1.00, 0.00, 1.00, 0.00, 0.00, 0.00, 0.00
6399,  0,  213.267,  0.98,  1, 0.00, 0.04, 1.23, 0.00, 0.85, 1.90, 0.00, 0.39, 0.73, 1.74, 0.23, 0.61, 0.00, 0.00, 0.00, 0.00, 0.28, 0.00, 0.00, 1.00, 1.00, 1.00, 1.00, 0.00, 1.00, 1.00, 1.00, 0.00, 1.00, 0.00, 1.00, 0.00, 0.00, 0.00, 0.00
6400,  0,  213.300,  0.98,  1, 0.00, 0.01, 1.23, 0.00, 0.83, 1.67, 0.05, 0.41, 0.77, 1.65, 0.26, 0.58, 0.08, 0.00, 0.00, 0.00, 0.19, 0.00, 0.00, 1.00, 1.00, 1.00, 1.00, 0.00, 1.00, 1.00, 1.00, 0.00, 1.00, 0.00, 1.00, 0.00, 0.00, 0.00, 0.00
6401,  0,  213.333,  0.98,  1, 0.00, 0.07, 1.26, 0.00, 0.85, 1.58, 0.07, 0.43, 0.83, 1.62, 0.23, 0.55, 0.10, 0.00, 0.00, 0.00, 0.14, 0.00, 0.00, 1.00, 1.00, 1.00, 1.00, 0.00, 1.00, 1.00, 1.00, 0.00, 1.00, 0.00, 1.00, 0.00, 0.00, 0.00, 0.00
6402,  0,  213.367,  0.98,  1, 0.00, 0.09, 1.24, 0.02, 0.91, 1.70, 0.10, 0.32, 0.84, 1.62, 0.20, 0.58, 0.18, 0.00, 0.00, 0.00, 0.12, 0.00, 0.00, 1.00, 1.00, 1.00, 1.00, 0.00, 1.00, 1.00, 1.00, 0.00, 1.00, 0.00, 1.00, 0.00, 0.00, 0.00, 0.00
6403,  0,  213.400,  0.98,  1, 0.00, 0.17, 1.32, 0.02, 0.94, 1.89, 0.09, 0.21, 0.87, 1.61, 0.15, 0.64, 0.14, 0.00, 0.00, 0.00, 0.11, 0.00, 0.00, 1.00, 1.00, 1.00, 1.00, 0.00, 1.00, 1.00, 1.00, 0.00, 1.00, 0.00, 1.00, 0.00, 0.00, 0.00, 0.00
6404,  0,  213.433,  0.98,  1, 0.00, 0.14, 1.38, 0.02, 0.97, 2.00, 0.11, 0.05, 0.84, 1.61, 0.15, 0.67, 0.23, 0.00, 0.00, 0.00, 0.12, 0.00, 0.00, 1.00, 1.00, 1.00, 1.00, 0.00, 1.00, 1.00, 1.00, 0.00, 1.00, 0.00, 1.00, 0.00, 0.00, 0.00, 0.00
6405,  0,  213.467,  0.98,  1, 0.00, 0.15, 1.41, 0.00, 0.99, 2.01, 0.11, 0.09, 0.84, 1.64, 0.19, 0.68, 0.22, 0.00, 0.00, 0.00, 0.11, 0.00, 0.00, 1.00, 1.00, 1.00, 1.00, 0.00, 1.00, 1.00, 1.00, 0.00, 1.00, 0.00, 1.00, 0.00, 0.00, 0.00, 0.00
6406,  0,  213.500,  0.98,  1, 0.00, 0.06, 1.34, 0.00, 1.03, 2.04, 0.14, 0.24, 0.84, 1.66, 0.25, 0.67, 0.24, 0.00, 0.00, 0.00, 0.03, 0.00, 0.00, 1.00, 1.00, 1.00, 1.00, 0.00, 1.00, 1.00, 1.00, 0.00, 1.00, 0.00, 1.00, 0.00, 0.00, 0.00, 0.00
6407,  0,  213.533,  0.98,  1, 0.00, 0.03, 1.40, 0.00, 1.07, 1.99, 0.15, 0.47, 0.87, 1.66, 0.28, 0.63, 0.17, 0.03, 0.00, 0.00, 0.00, 0.00, 0.00, 1.00, 1.00, 1.00, 1.00, 0.00, 1.00, 1.00, 1.00, 0.00, 1.00, 0.00, 1.00, 0.00, 0.00, 0.00, 0.00
6408,  0,  213.567,  0.98,  1, 0.00, 0.10, 1.51, 0.00, 1.05, 1.88, 0.21, 0.51, 0.84, 1.56, 0.32, 0.60, 0.15, 0.03, 0.00, 0.00, 0.03, 0.00, 0.00, 1.00, 1.00, 1.00, 1.00, 0.00, 1.00, 1.00, 1.00, 0.00, 1.00, 0.00, 1.00, 0.00, 0.00, 0.00, 0.00
6409,  0,  213.600,  0.98,  1, 0.00, 0.16, 1.64, 0.00, 1.05, 1.82, 0.21, 0.49, 0.81, 1.54, 0.29, 0.56, 0.11, 0.03, 0.00, 0.00, 0.03, 0.00, 0.00, 1.00, 1.00, 1.00, 1.00, 0.00, 1.00, 1.00, 1.00, 0.00, 1.00, 0.00, 1.00, 0.00, 0.00, 0.00, 0.00
6410,  0,  213.633,  0.98,  1, 0.00, 0.22, 1.62, 0.00, 1.00, 1.95, 0.27, 0.47, 0.75, 1.45, 0.29, 0.53, 0.06, 0.00, 0.00, 0.00, 0.03, 0.00, 0.00, 1.00, 1.00, 1.00, 1.00, 0.00, 1.00, 1.00, 1.00, 0.00, 1.00, 0.00, 1.00, 0.00, 0.00, 0.00, 0.00
6411,  0,  213.667,  0.98,  1, 0.00, 0.17, 1.51, 0.00, 0.96, 2.19, 0.22, 0.54, 0.76, 1.42, 0.32, 0.53, 0.01, 0.01, 0.00, 0.00, 0.06, 0.00, 0.00, 1.00, 1.00, 1.00, 1.00, 0.00, 1.00, 1.00, 1.00, 0.00, 1.00, 0.00, 1.00, 0.00, 0.00, 0.00, 0.00
6412,  0,  213.700,  0.98,  1, 0.00, 0.11, 1.34, 0.00, 0.95, 2.34, 0.17, 0.55, 0.75, 1.33, 0.36, 0.55, 0.00, 0.03, 0.00, 0.00, 0.17, 0.00, 0.00, 1.00, 1.00, 1.00, 1.00, 0.00, 1.00, 1.00, 1.00, 0.00, 1.00, 0.00, 1.00, 0.00, 0.00, 0.00, 0.00
6413,  0,  213.733,  0.98,  1, 0.00, 0.06, 1.20, 0.00, 0.91, 2.34, 0.07, 0.54, 0.77, 1.28, 0.31, 0.53, 0.00, 0.08, 0.00, 0.00, 0.21, 0.00, 0.00, 1.00, 1.00, 1.00, 1.00, 0.00, 1.00, 1.00, 1.00, 0.00, 1.00, 0.00, 1.00, 0.00, 0.00, 0.00, 0.00
6414,  0,  213.767,  0.98,  1, 0.00, 0.03, 1.13, 0.00, 0.90, 2.21, 0.03, 0.54, 0.80, 1.29, 0.29, 0.44, 0.00, 0.11, 0.00, 0.00, 0.15, 0.00, 0.00, 1.00, 1.00, 1.00, 1.00, 0.00, 1.00, 1.00, 1.00, 0.00, 1.00, 0.00, 1.00, 0.00, 0.00, 0.00, 0.00
6415,  0,  213.800,  0.98,  1, 0.00, 0.12, 1.10, 0.00, 0.89, 2.07, 0.02, 0.52, 0.81, 1.36, 0.30, 0.42, 0.00, 0.12, 0.00, 0.00, 0.04, 0.00, 0.00, 1.00, 1.00, 1.00, 1.00, 0.00, 1.00, 1.00, 1.00, 0.00, 0.00, 0.00, 1.00, 0.00, 0.00, 0.00, 0.00
6416,  0,  213.833,  0.98,  1, 0.00, 0.19, 1.12, 0.00, 0.90, 1.93, 0.02, 0.55, 0.82, 1.40, 0.41, 0.42, 0.00, 0.09, 0.00, 0.00, 0.00, 0.00, 0.00, 1.00, 1.00, 1.00, 1.00, 0.00, 1.00, 1.00, 1.00, 0.00, 0.00, 0.00, 1.00, 0.00, 0.00, 0.00, 0.00
6417,  0,  213.867,  0.98,  1, 0.02, 0.27, 1.14, 0.00, 0.96, 1.77, 0.02, 0.64, 0.87, 1.47, 0.43, 0.44, 0.00, 0.08, 0.00, 0.00, 0.00, 0.00, 0.00, 1.00, 1.00, 1.00, 1.00, 0.00, 1.00, 1.00, 1.00, 0.00, 0.00, 0.00, 1.00, 0.00, 0.00, 0.00, 0.00
6418,  0,  213.900,  0.98,  1, 0.02, 0.31, 1.17, 0.00, 0.97, 1.68, 0.02, 0.57, 0.83, 1.47, 0.36, 0.44, 0.00, 0.05, 0.00, 0.00, 0.00, 0.00, 0.00, 1.00, 1.00, 1.00, 1.00, 0.00, 1.00, 1.00, 1.00, 0.00, 0.00, 0.00, 1.00, 0.00, 0.00, 0.00, 0.00
6419,  0,  213.933,  0.98,  1, 0.03, 0.37, 1.17, 0.00, 0.96, 1.58, 0.04, 0.42, 0.79, 1.58, 0.33, 0.43, 0.00, 0.03, 0.00, 0.00, 0.00, 0.00, 0.00, 1.00, 1.00, 1.00, 1.00, 0.00, 1.00, 1.00, 1.00, 0.00, 0.00, 0.00, 1.00, 0.00, 0.00, 0.00, 0.00
6420,  0,  213.967,  0.98,  1, 0.01, 0.27, 1.15, 0.00, 0.92, 1.78, 0.04, 0.24, 0.71, 1.59, 0.40, 0.53, 0.00, 0.03, 0.05, 0.00, 0.00, 0.00, 0.00, 1.00, 1.00, 1.00, 1.00, 0.00, 1.00, 1.00, 1.00, 0.00, 0.00, 0.00, 1.00, 0.00, 0.00, 0.00, 0.00
6421,  0,  214.000,  0.98,  1, 0.01, 0.15, 1.20, 0.00, 0.90, 2.04, 0.05, 0.27, 0.74, 1.67, 0.55, 0.57, 0.00, 0.03, 0.08, 0.00, 0.00, 0.00, 0.00, 1.00, 1.00, 1.00, 1.00, 0.00, 1.00, 1.00, 1.00, 0.00, 1.00, 0.00, 1.00, 0.00, 0.00, 0.00, 0.00
6422,  0,  214.033,  0.98,  1, 0.00, 0.02, 1.29, 0.00, 0.88, 2.28, 0.04, 0.35, 0.75, 1.78, 0.64, 0.67, 0.00, 0.03, 0.16, 0.00, 0.00, 0.00, 0.00, 1.00, 1.00, 1.00, 1.00, 0.00, 1.00, 1.00, 1.00, 0.00, 1.00, 0.00, 1.00, 0.00, 0.00, 0.00, 0.00
6423,  0,  214.067,  0.98,  1, 0.00, 0.05, 1.40, 0.00, 0.88, 2.39, 0.06, 0.37, 0.78, 1.91, 0.66, 0.69, 0.01, 0.01, 0.17, 0.00, 0.00, 0.00, 0.00, 1.00, 1.00, 1.00, 1.00, 0.00, 1.00, 1.00, 1.00, 0.00, 1.00, 0.00, 1.00, 0.00, 0.00, 0.00, 0.00
6424,  0,  214.100,  0.98,  1, 0.06, 0.26, 1.43, 0.00, 0.87, 2.36, 0.04, 0.31, 0.79, 2.03, 0.66, 0.79, 0.02, 0.00, 0.13, 0.00, 0.00, 0.00, 0.00, 1.00, 1.00, 1.00, 1.00, 0.00, 1.00, 1.00, 1.00, 0.00, 1.00, 0.00, 1.00, 0.00, 0.00, 0.00, 0.00
6425,  0,  214.133,  0.98,  1, 0.10, 0.42, 1.39, 0.00, 0.89, 2.34, 0.03, 0.26, 0.77, 1.99, 0.67, 0.85, 0.02, 0.03, 0.05, 0.00, 0.00, 0.00, 0.00, 1.00, 1.00, 1.00, 1.00, 0.00, 1.00, 1.00, 1.00, 0.00, 1.00, 0.00, 1.00, 0.00, 0.00, 0.00, 0.00
6426,  0,  214.167,  0.98,  1, 0.13, 0.55, 1.32, 0.00, 0.87, 2.30, 0.00, 0.20, 0.76, 1.90, 0.66, 0.91, 0.02, 0.05, 0.00, 0.00, 0.00, 0.00, 0.00, 1.00, 1.00, 1.00, 1.00, 0.00, 1.00, 1.00, 1.00, 0.00, 1.00, 0.00, 1.00, 0.00, 0.00, 0.00, 0.00
6427,  0,  214.200,  0.98,  1, 0.09, 0.45, 1.26, 0.00, 0.87, 2.15, 0.00, 0.24, 0.73, 1.83, 0.62, 0.89, 0.03, 0.06, 0.00, 0.00, 0.00, 0.00, 0.00, 1.00, 1.00, 1.00, 1.00, 0.00, 1.00, 1.00, 1.00, 0.00, 1.00, 0.00, 1.00, 0.00, 0.00, 0.00, 0.00
6428,  0,  214.233,  0.98,  1, 0.08, 0.32, 1.27, 0.00, 0.84, 2.13, 0.01, 0.18, 0.71, 1.73, 0.54, 0.91, 0.07, 0.06, 0.00, 0.00, 0.00, 0.00, 0.00, 1.00, 1.00, 1.00, 1.00, 0.00, 1.00, 1.00, 1.00, 0.00, 1.00, 0.00, 1.00, 0.00, 0.00, 0.00, 0.00
6429,  0,  214.267,  0.98,  1, 0.06, 0.19, 1.33, 0.00, 0.86, 2.00, 0.02, 0.21, 0.67, 1.74, 0.55, 0.88, 0.16, 0.04, 0.02, 0.00, 0.00, 0.00, 0.00, 1.00, 1.00, 1.00, 1.00, 0.00, 1.00, 1.00, 1.00, 0.00, 1.00, 0.00, 1.00, 0.00, 0.00, 0.00, 0.00
6430,  0,  214.300,  0.98,  1, 0.04, 0.23, 1.35, 0.00, 0.88, 1.88, 0.03, 0.31, 0.72, 1.72, 0.54, 0.81, 0.23, 0.02, 0.07, 0.00, 0.00, 0.00, 0.00, 1.00, 1.00, 1.00, 1.00, 0.00, 1.00, 1.00, 1.00, 0.00, 1.00, 0.00, 1.00, 0.00, 0.00, 0.00, 0.00
6431,  0,  214.333,  0.98,  1, 0.02, 0.47, 1.32, 0.00, 0.92, 1.67, 0.06, 0.46, 0.78, 1.74, 0.54, 0.69, 0.31, 0.01, 0.10, 0.00, 0.00, 0.00, 0.00, 1.00, 1.00, 1.00, 1.00, 0.00, 1.00, 1.00, 1.00, 0.00, 1.00, 0.00, 1.00, 0.00, 0.00, 0.00, 0.00
6432,  0,  214.367,  0.98,  1, 0.00, 0.52, 1.36, 0.00, 0.93, 1.74, 0.05, 0.59, 0.87, 1.66, 0.51, 0.57, 0.26, 0.00, 0.10, 0.00, 0.00, 0.00, 0.00, 1.00, 1.00, 1.00, 1.00, 0.00, 1.00, 1.00, 1.00, 0.00, 1.00, 0.00, 1.00, 0.00, 0.00, 0.00, 0.00
6433,  0,  214.400,  0.98,  1, 0.00, 0.35, 1.44, 0.00, 0.90, 1.84, 0.04, 0.62, 0.88, 1.63, 0.48, 0.48, 0.23, 0.00, 0.05, 0.00, 0.00, 0.00, 0.00, 1.00, 1.00, 1.00, 1.00, 0.00, 1.00, 1.00, 1.00, 0.00, 0.00, 0.00, 1.00, 0.00, 0.00, 0.00, 0.00
6434,  0,  214.433,  0.98,  1, 0.00, 0.09, 1.61, 0.00, 0.90, 2.01, 0.00, 0.60, 0.90, 1.63, 0.46, 0.40, 0.14, 0.00, 0.02, 0.00, 0.00, 0.00, 0.00, 1.00, 1.00, 1.00, 1.00, 0.00, 1.00, 1.00, 1.00, 0.00, 0.00, 0.00, 1.00, 0.00, 0.00, 0.00, 0.00
6435,  0,  214.467,  0.98,  1, 0.00, 0.11, 1.62, 0.00, 0.90, 1.98, 0.00, 0.58, 0.87, 1.66, 0.44, 0.40, 0.17, 0.00, 0.00, 0.00, 0.00, 0.00, 0.00, 1.00, 1.00, 1.00, 1.00, 0.00, 1.00, 1.00, 1.00, 0.00, 0.00, 0.00, 1.00, 0.00, 0.00, 0.00, 0.00
6436,  0,  214.500,  0.98,  1, 0.00, 0.12, 1.63, 0.00, 0.91, 1.91, 0.00, 0.56, 0.85, 1.62, 0.44, 0.44, 0.16, 0.00, 0.00, 0.00, 0.00, 0.00, 0.00, 1.00, 1.00, 1.00, 1.00, 0.00, 1.00, 1.00, 1.00, 0.00, 0.00, 0.00, 1.00, 0.00, 0.00, 0.00, 0.00
6437,  0,  214.533,  0.98,  1, 0.00, 0.17, 1.56, 0.00, 0.93, 1.96, 0.00, 0.56, 0.84, 1.63, 0.44, 0.51, 0.21, 0.01, 0.00, 0.00, 0.00, 0.00, 0.00, 1.00, 1.00, 1.00, 1.00, 0.00, 1.00, 1.00, 1.00, 0.00, 0.00, 0.00, 1.00, 0.00, 0.00, 0.00, 0.00
6438,  0,  214.567,  0.98,  1, 0.00, 0.21, 1.54, 0.00, 0.94, 1.95, 0.00, 0.55, 0.85, 1.61, 0.43, 0.57, 0.29, 0.03, 0.00, 0.00, 0.00, 0.00, 0.00, 1.00, 1.00, 1.00, 1.00, 0.00, 1.00, 1.00, 1.00, 0.00, 0.00, 0.00, 1.00, 0.00, 0.00, 0.00, 0.00
6439,  0,  214.600,  0.98,  1, 0.00, 0.43, 1.51, 0.00, 0.90, 1.94, 0.00, 0.50, 0.83, 1.65, 0.38, 0.60, 0.43, 0.06, 0.00, 0.00, 0.00, 0.00, 0.00, 1.00, 1.00, 1.00, 1.00, 0.00, 1.00, 1.00, 1.00, 0.00, 0.00, 0.00, 1.00, 0.00, 0.00, 0.00, 0.00
6440,  0,  214.633,  0.98,  1, 0.00, 0.51, 1.49, 0.00, 0.86, 1.89, 0.00, 0.50, 0.82, 1.67, 0.34, 0.58, 0.50, 0.09, 0.00, 0.00, 0.00, 0.00, 0.00, 1.00, 1.00, 1.00, 1.00, 0.00, 1.00, 1.00, 1.00, 0.00, 0.00, 0.00, 1.00, 0.00, 0.00, 0.00, 0.00
6441,  0,  214.667,  0.98,  1, 0.00, 0.61, 1.45, 0.00, 0.84, 1.90, 0.00, 0.46, 0.80, 1.70, 0.26, 0.56, 0.54, 0.14, 0.00, 0.00, 0.00, 0.00, 0.00, 1.00, 1.00, 1.00, 1.00, 0.00, 1.00, 1.00, 1.00, 0.00, 0.00, 0.00, 1.00, 0.00, 0.00, 0.00, 0.00
6442,  0,  214.700,  0.98,  1, 0.00, 0.62, 1.41, 0.00, 0.89, 2.06, 0.00, 0.46, 0.78, 1.63, 0.36, 0.55, 0.38, 0.14, 0.00, 0.00, 0.00, 0.00, 0.00, 1.00, 1.00, 1.00, 1.00, 0.00, 1.00, 0.00, 1.00, 0.00, 0.00, 0.00, 1.00, 0.00, 0.00, 0.00, 0.00
6443,  0,  214.733,  0.98,  1, 0.00, 0.69, 1.33, 0.00, 0.88, 2.11, 0.00, 0.48, 0.76, 1.57, 0.37, 0.57, 0.27, 0.15, 0.00, 0.00, 0.00, 0.00, 0.00, 1.00, 1.00, 1.00, 1.00, 0.00, 1.00, 0.00, 1.00, 0.00, 0.00, 0.00, 1.00, 0.00, 0.00, 0.00, 0.00
6444,  0,  214.767,  0.98,  1, 0.00, 0.56, 1.34, 0.00, 0.83, 2.08, 0.05, 0.43, 0.73, 1.32, 0.36, 0.50, 0.08, 0.10, 0.00, 0.00, 0.00, 0.00, 0.00, 1.00, 1.00, 1.00, 1.00, 0.00, 1.00, 1.00, 1.00, 0.00, 0.00, 0.00, 1.00, 0.00, 0.00, 0.00, 0.00
6445,  0,  214.800,  0.98,  1, 0.00, 0.39, 1.35, 0.00, 0.76, 2.00, 0.08, 0.35, 0.70, 1.24, 0.29, 0.44, 0.05, 0.06, 0.00, 0.00, 0.00, 0.00, 0.00, 1.00, 1.00, 1.00, 1.00, 0.00, 1.00, 0.00, 1.00, 0.00, 0.00, 0.00, 1.00, 0.00, 0.00, 0.00, 0.00
6446,  0,  214.833,  0.98,  1, 0.02, 0.30, 1.43, 0.00, 0.75, 2.01, 0.16, 0.28, 0.70, 1.20, 0.35, 0.39, 0.03, 0.01, 0.00, 0.00, 0.00, 0.00, 0.00, 1.00, 1.00, 1.00, 1.00, 0.00, 1.00, 0.00, 1.00, 0.00, 0.00, 0.00, 1.00, 0.00, 0.00, 0.00, 0.00
6447,  0,  214.867,  0.98,  1, 0.03, 0.34, 1.43, 0.00, 0.73, 2.06, 0.20, 0.25, 0.66, 1.36, 0.45, 0.39, 0.09, 0.00, 0.00, 0.00, 0.00, 0.00, 0.00, 1.00, 1.00, 1.00, 1.00, 0.00, 1.00, 0.00, 1.00, 0.00, 0.00, 0.00, 1.00, 0.00, 0.00, 0.00, 0.00
6448,  0,  214.900,  0.98,  1, 0.07, 0.43, 1.48, 0.00, 0.71, 2.04, 0.22, 0.23, 0.65, 1.50, 0.51, 0.38, 0.13, 0.00, 0.00, 0.00, 0.00, 0.00, 0.00, 1.00, 1.00, 1.00, 1.00, 0.00, 1.00, 0.00, 1.00, 0.00, 0.00, 0.00, 1.00, 0.00, 0.00, 0.00, 0.00
6449,  0,  214.933,  0.98,  1, 0.07, 0.46, 1.45, 0.00, 0.64, 1.96, 0.20, 0.18, 0.60, 1.57, 0.46, 0.41, 0.14, 0.00, 0.00, 0.00, 0.00, 0.00, 0.00, 1.00, 1.00, 0.00, 1.00, 0.00, 1.00, 0.00, 1.00, 0.00, 0.00, 0.00, 1.00, 0.00, 0.00, 0.00, 0.00
6450,  0,  214.967,  0.98,  1, 0.09, 0.48, 1.41, 0.00, 0.63, 1.92, 0.16, 0.21, 0.60, 1.59, 0.47, 0.41, 0.15, 0.01, 0.00, 0.00, 0.00, 0.00, 0.00, 1.00, 1.00, 0.00, 1.00, 0.00, 1.00, 0.00, 1.00, 0.00, 0.00, 0.00, 1.00, 0.00, 0.00, 0.00, 0.00
6451,  0,  215.000,  0.98,  1, 0.06, 0.45, 1.39, 0.00, 0.60, 1.93, 0.16, 0.26, 0.60, 1.55, 0.42, 0.49, 0.12, 0.01, 0.00, 0.00, 0.00, 0.00, 0.00, 1.00, 1.00, 0.00, 1.00, 0.00, 1.00, 0.00, 1.00, 0.00, 0.00, 0.00, 1.00, 0.00, 0.00, 0.00, 0.00
6452,  0,  215.033,  0.98,  1, 0.04, 0.41, 1.38, 0.00, 0.64, 1.95, 0.13, 0.28, 0.61, 1.56, 0.38, 0.50, 0.12, 0.02, 0.00, 0.00, 0.00, 0.00, 0.00, 1.00, 1.00, 0.00, 1.00, 0.00, 1.00, 0.00, 1.00, 0.00, 0.00, 0.00, 1.00, 0.00, 0.00, 0.00, 0.00
6453,  0,  215.067,  0.98,  1, 0.02, 0.29, 1.40, 0.00, 0.66, 2.05, 0.19, 0.27, 0.60, 1.50, 0.35, 0.57, 0.09, 0.03, 0.00, 0.00, 0.00, 0.00, 0.00, 1.00, 1.00, 0.00, 1.00, 0.00, 1.00, 0.00, 1.00, 0.00, 0.00, 0.00, 1.00, 0.00, 0.00, 0.00, 0.00
6454,  0,  215.100,  0.98,  1, 0.07, 0.34, 1.35, 0.00, 0.74, 2.08, 0.17, 0.33, 0.65, 1.52, 0.25, 0.57, 0.13, 0.04, 0.01, 0.00, 0.00, 0.00, 0.00, 1.00, 1.00, 1.00, 1.00, 0.00, 1.00, 0.00, 1.00, 0.00, 1.00, 0.00, 1.00, 0.00, 0.00, 0.00, 0.00
6455,  0,  215.133,  0.98,  1, 0.10, 0.36, 1.34, 0.00, 0.79, 2.03, 0.15, 0.43, 0.69, 1.55, 0.24, 0.59, 0.17, 0.06, 0.04, 0.00, 0.00, 0.00, 0.00, 1.00, 1.00, 1.00, 1.00, 0.00, 1.00, 0.00, 1.00, 0.00, 1.00, 0.00, 1.00, 0.00, 0.00, 0.00, 0.00
6456,  0,  215.167,  0.98,  1, 0.10, 0.38, 1.35, 0.00, 0.78, 2.13, 0.04, 0.55, 0.73, 1.61, 0.24, 0.58, 0.13, 0.09, 0.04, 0.00, 0.00, 0.00, 0.00, 1.00, 1.00, 1.00, 1.00, 0.00, 1.00, 0.00, 1.00, 0.00, 1.00, 0.00, 1.00, 0.00, 0.00, 0.00, 0.00
6457,  0,  215.200,  0.98,  1, 0.04, 0.29, 1.33, 0.00, 0.74, 2.26, 0.00, 0.56, 0.71, 1.60, 0.31, 0.62, 0.08, 0.13, 0.02, 0.00, 0.00, 0.00, 0.00, 1.00, 1.00, 1.00, 1.00, 0.00, 1.00, 0.00, 1.00, 0.00, 1.00, 0.00, 1.00, 0.00, 0.00, 0.00, 0.00
6458,  0,  215.233,  0.98,  1, 0.00, 0.15, 1.34, 0.00, 0.69, 2.35, 0.01, 0.51, 0.70, 1.56, 0.37, 0.68, 0.08, 0.17, 0.00, 0.00, 0.00, 0.00, 0.00, 1.00, 1.00, 1.00, 1.00, 0.00, 1.00, 0.00, 1.00, 0.00, 1.00, 0.00, 1.00, 0.00, 0.00, 0.00, 0.00
6459,  0,  215.267,  0.98,  1, 0.00, 0.10, 1.33, 0.00, 0.70, 2.40, 0.02, 0.45, 0.68, 1.52, 0.39, 0.74, 0.12, 0.16, 0.00, 0.00, 0.00, 0.00, 0.00, 1.00, 1.00, 1.00, 1.00, 0.00, 1.00, 0.00, 1.00, 0.00, 1.00, 0.00, 1.00, 0.00, 0.00, 0.00, 0.00
6460,  0,  215.300,  0.98,  1, 0.00, 0.01, 1.37, 0.00, 0.70, 2.35, 0.01, 0.45, 0.67, 1.50, 0.43, 0.75, 0.16, 0.17, 0.00, 0.00, 0.00, 0.00, 0.00, 1.00, 1.00, 0.00, 1.00, 0.00, 1.00, 0.00, 1.00, 0.00, 1.00, 0.00, 1.00, 0.00, 0.00, 0.00, 0.00
6461,  0,  215.333,  0.98,  1, 0.00, 0.01, 1.37, 0.00, 0.71, 2.40, 0.01, 0.52, 0.66, 1.46, 0.42, 0.74, 0.14, 0.17, 0.00, 0.00, 0.00, 0.00, 0.00, 1.00, 1.00, 0.00, 1.00, 0.00, 1.00, 0.00, 1.00, 0.00, 1.00, 0.00, 1.00, 0.00, 0.00, 0.00, 0.00
6462,  0,  215.367,  0.98,  1, 0.00, 0.00, 1.37, 0.00, 0.71, 2.30, 0.01, 0.56, 0.67, 1.45, 0.41, 0.74, 0.12, 0.18, 0.00, 0.00, 0.00, 0.00, 0.00, 1.00, 1.00, 0.00, 1.00, 0.00, 1.00, 0.00, 1.00, 0.00, 1.00, 0.00, 1.00, 0.00, 0.00, 0.00, 0.00
6463,  0,  215.400,  0.98,  1, 0.00, 0.00, 1.35, 0.00, 0.69, 2.32, 0.03, 0.54, 0.67, 1.42, 0.40, 0.82, 0.15, 0.18, 0.00, 0.00, 0.00, 0.00, 0.00, 1.00, 1.00, 0.00, 1.00, 0.00, 1.00, 0.00, 1.00, 0.00, 1.00, 0.00, 1.00, 0.00, 0.00, 0.00, 0.00
6464,  0,  215.433,  0.98,  1, 0.00, 0.01, 1.33, 0.02, 0.67, 2.37, 0.08, 0.48, 0.67, 1.40, 0.37, 0.88, 0.16, 0.17, 0.00, 0.00, 0.00, 0.00, 0.00, 1.00, 1.00, 0.00, 1.00, 0.00, 1.00, 0.00, 1.00, 0.00, 1.00, 0.00, 1.00, 0.00, 0.00, 0.00, 0.00
6465,  0,  215.467,  0.98,  1, 0.00, 0.07, 1.31, 0.02, 0.65, 2.30, 0.10, 0.47, 0.67, 1.44, 0.36, 0.92, 0.23, 0.19, 0.00, 0.00, 0.00, 0.00, 0.00, 1.00, 1.00, 0.00, 1.00, 0.00, 1.00, 0.00, 1.00, 0.00, 1.00, 0.00, 1.00, 0.00, 0.00, 0.00, 0.00
6466,  0,  215.500,  0.98,  1, 0.00, 0.08, 1.34, 0.02, 0.65, 2.28, 0.09, 0.52, 0.68, 1.56, 0.40, 0.85, 0.31, 0.20, 0.00, 0.00, 0.00, 0.00, 0.00, 1.00, 1.00, 0.00, 1.00, 0.00, 1.00, 0.00, 1.00, 0.00, 1.00, 0.00, 1.00, 0.00, 0.00, 0.00, 0.00
6467,  0,  215.533,  0.98,  1, 0.00, 0.08, 1.38, 0.00, 0.65, 2.13, 0.04, 0.52, 0.70, 1.69, 0.45, 0.80, 0.35, 0.22, 0.00, 0.00, 0.00, 0.00, 0.00, 1.00, 1.00, 0.00, 1.00, 0.00, 1.00, 0.00, 1.00, 0.00, 1.00, 0.00, 1.00, 0.00, 0.00, 0.00, 0.00
6468,  0,  215.567,  0.98,  1, 0.00, 0.12, 1.41, 0.00, 0.72, 2.07, 0.01, 0.64, 0.69, 1.76, 0.50, 0.76, 0.35, 0.19, 0.00, 0.00, 0.00, 0.00, 0.00, 1.00, 1.00, 1.00, 1.00, 0.00, 1.00, 0.00, 1.00, 0.00, 1.00, 0.00, 1.00, 0.00, 0.00, 0.00, 0.00
6469,  0,  215.600,  0.98,  1, 0.00, 0.24, 1.43, 0.00, 0.80, 1.95, 0.00, 0.74, 0.65, 1.74, 0.49, 0.78, 0.27, 0.14, 0.00, 0.00, 0.00, 0.00, 0.00, 1.00, 1.00, 1.00, 1.00, 0.00, 1.00, 0.00, 1.00, 0.00, 1.00, 0.00, 1.00, 0.00, 0.00, 0.00, 0.00
6470,  0,  215.633,  0.98,  1, 0.00, 0.29, 1.43, 0.00, 0.87, 1.99, 0.02, 0.86, 0.58, 1.72, 0.46, 0.78, 0.22, 0.10, 0.00, 0.00, 0.00, 0.00, 0.00, 1.00, 1.00, 1.00, 1.00, 0.00, 1.00, 0.00, 1.00, 0.00, 1.00, 0.00, 1.00, 0.00, 0.00, 0.00, 0.00
6471,  0,  215.667,  0.98,  1, 0.00, 0.29, 1.43, 0.00, 0.86, 1.97, 0.03, 0.89, 0.55, 1.69, 0.41, 0.76, 0.18, 0.08, 0.00, 0.00, 0.00, 0.00, 0.00, 1.00, 1.00, 1.00, 1.00, 0.00, 1.00, 0.00, 1.00, 0.00, 1.00, 0.00, 1.00, 0.00, 0.00, 0.00, 0.00
6472,  0,  215.700,  0.98,  1, 0.00, 0.22, 1.41, 0.00, 0.83, 2.08, 0.04, 0.91, 0.52, 1.60, 0.38, 0.74, 0.12, 0.08, 0.00, 0.00, 0.00, 0.00, 0.00, 1.00, 1.00, 1.00, 1.00, 0.00, 1.00, 0.00, 1.00, 0.00, 1.00, 0.00, 1.00, 0.00, 0.00, 0.00, 0.00
6473,  0,  215.733,  0.98,  1, 0.00, 0.24, 1.42, 0.00, 0.82, 2.14, 0.05, 0.92, 0.52, 1.53, 0.38, 0.71, 0.06, 0.09, 0.00, 0.00, 0.00, 0.00, 0.00, 1.00, 1.00, 1.00, 1.00, 0.00, 1.00, 0.00, 1.00, 0.00, 1.00, 0.00, 1.00, 0.00, 0.00, 0.00, 0.00
6474,  0,  215.767,  0.98,  1, 0.00, 0.23, 1.40, 0.00, 0.83, 2.26, 0.07, 0.92, 0.51, 1.49, 0.42, 0.68, 0.04, 0.09, 0.00, 0.00, 0.00, 0.00, 0.00, 1.00, 1.00, 1.00, 1.00, 0.00, 1.00, 0.00, 1.00, 0.00, 1.00, 0.00, 1.00, 0.00, 0.00, 0.00, 0.00
6475,  0,  215.800,  0.98,  1, 0.00, 0.22, 1.41, 0.00, 0.81, 2.22, 0.09, 0.91, 0.52, 1.56, 0.46, 0.70, 0.07, 0.11, 0.00, 0.00, 0.00, 0.00, 0.00, 1.00, 1.00, 1.00, 1.00, 0.00, 1.00, 0.00, 1.00, 0.00, 1.00, 0.00, 1.00, 0.00, 0.00, 0.00, 0.00
6476,  0,  215.833,  0.98,  1, 0.00, 0.24, 1.41, 0.00, 0.79, 2.24, 0.11, 0.88, 0.54, 1.58, 0.49, 0.70, 0.13, 0.12, 0.00, 0.00, 0.00, 0.00, 0.00, 1.00, 1.00, 1.00, 1.00, 0.00, 1.00, 0.00, 1.00, 0.00, 1.00, 0.00, 1.00, 0.00, 0.00, 0.00, 0.00
6477,  0,  215.867,  0.98,  1, 0.03, 0.20, 1.39, 0.00, 0.76, 2.19, 0.11, 0.79, 0.56, 1.64, 0.51, 0.75, 0.14, 0.13, 0.00, 0.00, 0.00, 0.00, 0.00, 1.00, 1.00, 1.00, 1.00, 0.00, 1.00, 0.00, 1.00, 0.00, 1.00, 0.00, 1.00, 0.00, 0.00, 0.00, 0.00
6478,  0,  215.900,  0.98,  1, 0.05, 0.20, 1.41, 0.06, 0.76, 2.16, 0.07, 0.70, 0.59, 1.54, 0.46, 0.76, 0.13, 0.09, 0.00, 0.00, 0.00, 0.00, 0.00, 1.00, 1.00, 1.00, 1.00, 0.00, 1.00, 0.00, 1.00, 0.00, 1.00, 0.00, 1.00, 0.00, 0.00, 0.00, 0.00
6479,  0,  215.933,  0.98,  1, 0.06, 0.09, 1.42, 0.11, 0.80, 2.04, 0.02, 0.65, 0.63, 1.54, 0.40, 0.82, 0.14, 0.04, 0.00, 0.00, 0.30, 0.00, 0.00, 1.00, 1.00, 1.00, 1.00, 0.00, 1.00, 0.00, 1.00, 0.00, 1.00, 0.00, 1.00, 0.00, 0.00, 0.00, 0.00
6480,  0,  215.967,  0.98,  1, 0.03, 0.05, 1.48, 0.15, 0.86, 1.76, 0.01, 0.75, 0.71, 1.47, 0.40, 0.78, 0.19, 0.01, 0.00, 0.00, 1.07, 0.00, 0.00, 1.00, 1.00, 1.00, 1.00, 0.00, 1.00, 0.00, 1.00, 0.00, 1.00, 0.00, 1.00, 0.00, 0.00, 0.00, 1.00
6481,  0,  216.000,  0.98,  1, 0.02, 0.00, 1.49, 0.18, 0.87, 1.60, 0.02, 0.71, 0.70, 1.52, 0.36, 0.67, 0.29, 0.00, 0.00, 0.00, 1.85, 0.00, 0.00, 1.00, 1.00, 1.00, 1.00, 0.00, 1.00, 0.00, 1.00, 0.00, 1.00, 0.00, 1.00, 0.00, 0.00, 0.00, 1.00
6482,  0,  216.033,  0.98,  1, 0.00, 0.00, 1.62, 0.21, 0.89, 1.63, 0.08, 0.74, 0.66, 1.47, 0.31, 0.54, 0.29, 0.00, 0.00, 0.00, 2.27, 0.00, 0.00, 1.00, 1.00, 1.00, 1.00, 0.00, 1.00, 0.00, 1.00, 0.00, 0.00, 0.00, 1.00, 0.00, 0.00, 0.00, 1.00
6483,  0,  216.067,  0.98,  1, 0.00, 0.00, 1.67, 0.24, 0.94, 1.88, 0.15, 0.66, 0.60, 1.49, 0.22, 0.47, 0.31, 0.00, 0.00, 0.00, 2.01, 0.00, 0.00, 1.00, 1.00, 1.00, 1.00, 0.00, 1.00, 0.00, 1.00, 0.00, 0.00, 0.00, 1.00, 0.00, 0.00, 0.00, 1.00
6484,  0,  216.100,  0.98,  1, 0.00, 0.00, 1.76, 0.16, 1.01, 2.14, 0.16, 0.65, 0.60, 1.56, 0.22, 0.49, 0.22, 0.00, 0.00, 0.00, 1.55, 0.00, 0.00, 1.00, 1.00, 1.00, 1.00, 0.00, 1.00, 0.00, 1.00, 0.00, 0.00, 0.00, 1.00, 0.00, 0.00, 0.00, 1.00
6485,  0,  216.133,  0.98,  1, 0.00, 0.00, 1.67, 0.08, 1.04, 2.15, 0.12, 0.58, 0.61, 1.55, 0.22, 0.52, 0.22, 0.04, 0.00, 0.00, 1.03, 0.00, 0.00, 1.00, 1.00, 1.00, 1.00, 0.00, 1.00, 0.00, 1.00, 0.00, 0.00, 0.00, 1.00, 0.00, 0.00, 0.00, 1.00
6486,  0,  216.167,  0.98,  1, 0.00, 0.00, 1.67, 0.01, 1.00, 2.12, 0.05, 0.55, 0.63, 1.53, 0.20, 0.56, 0.22, 0.06, 0.00, 0.00, 0.70, 0.00, 0.00, 1.00, 1.00, 1.00, 1.00, 0.00, 1.00, 0.00, 1.00, 0.00, 0.00, 0.00, 1.00, 0.00, 0.00, 0.00, 1.00
6487,  0,  216.200,  0.98,  1, 0.00, 0.00, 1.63, 0.00, 0.99, 2.21, 0.03, 0.59, 0.65, 1.52, 0.22, 0.65, 0.28, 0.08, 0.00, 0.00, 0.45, 0.00, 0.00, 1.00, 1.00, 1.00, 1.00, 0.00, 1.00, 0.00, 1.00, 0.00, 1.00, 0.00, 1.00, 0.00, 0.00, 0.00, 1.00
6488,  0,  216.233,  0.98,  1, 0.00, 0.00, 1.56, 0.00, 1.00, 2.41, 0.02, 0.68, 0.68, 1.59, 0.30, 0.71, 0.33, 0.08, 0.00, 0.00, 0.35, 0.00, 0.00, 1.00, 1.00, 1.00, 1.00, 0.00, 1.00, 1.00, 1.00, 0.00, 1.00, 0.00, 1.00, 0.00, 0.00, 0.00, 1.00
6489,  0,  216.267,  0.98,  1, 0.07, 0.00, 1.54, 0.00, 0.99, 2.66, 0.06, 0.73, 0.68, 1.61, 0.37, 0.77, 0.33, 0.09, 0.00, 0.00, 0.22, 0.00, 0.00, 1.00, 1.00, 1.00, 1.00, 0.00, 1.00, 1.00, 1.00, 0.00, 1.00, 0.00, 1.00, 0.00, 0.00, 0.00, 1.00
6490,  0,  216.300,  0.98,  1, 0.07, 0.04, 1.49, 0.00, 0.98, 2.73, 0.06, 0.76, 0.79, 1.63, 0.43, 0.89, 0.30, 0.11, 0.00, 0.00, 0.18, 0.00, 0.00, 1.00, 1.00, 1.00, 1.00, 0.00, 1.00, 1.00, 1.00, 0.00, 1.00, 0.00, 1.00, 0.00, 0.00, 0.00, 1.00
6491,  0,  216.333,  0.98,  1, 0.07, 0.17, 1.47, 0.00, 0.96, 2.78, 0.05, 0.76, 0.87, 1.58, 0.43, 0.97, 0.24, 0.08, 0.00, 0.00, 0.07, 0.00, 0.00, 1.00, 1.00, 1.00, 1.00, 0.00, 1.00, 1.00, 1.00, 0.00, 1.00, 0.00, 1.00, 0.00, 0.00, 0.00, 1.00
6492,  0,  216.367,  0.98,  1, 0.00, 0.33, 1.35, 0.00, 1.03, 2.72, 0.00, 0.77, 1.00, 1.52, 0.40, 1.02, 0.22, 0.08, 0.00, 0.00, 0.02, 0.00, 0.00, 1.00, 1.00, 1.00, 1.00, 0.00, 1.00, 1.00, 1.00, 0.00, 1.00, 0.00, 1.00, 0.00, 0.00, 0.00, 0.00
6493,  0,  216.400,  0.98,  1, 0.00, 0.35, 1.22, 0.00, 1.05, 2.73, 0.00, 0.76, 1.02, 1.45, 0.30, 0.94, 0.20, 0.08, 0.08, 0.00, 0.00, 0.00, 0.00, 1.00, 1.00, 1.00, 1.00, 0.00, 1.00, 1.00, 1.00, 0.00, 1.00, 0.00, 1.00, 0.00, 0.00, 0.00, 0.00
6494,  0,  216.433,  0.98,  1, 0.00, 0.34, 1.21, 0.00, 1.07, 2.73, 0.01, 0.71, 1.09, 1.45, 0.18, 0.93, 0.18, 0.09, 0.30, 0.00, 0.00, 0.00, 0.00, 1.00, 1.00, 1.00, 1.00, 0.00, 1.00, 1.00, 1.00, 0.00, 1.00, 0.00, 1.00, 0.00, 0.00, 0.00, 0.00
6495,  0,  216.467,  0.98,  1, 0.00, 0.19, 1.32, 0.00, 1.09, 2.71, 0.01, 0.71, 1.19, 1.57, 0.08, 0.83, 0.18, 0.06, 0.71, 0.00, 0.00, 0.00, 0.00, 1.00, 1.00, 1.00, 1.00, 0.00, 1.00, 1.00, 1.00, 0.00, 1.00, 0.00, 1.00, 0.00, 0.00, 0.00, 0.00
6496,  0,  216.500,  0.98,  1, 0.00, 0.19, 1.43, 0.00, 1.15, 2.70, 0.01, 0.91, 1.31, 1.67, 0.00, 0.76, 0.20, 0.02, 1.05, 0.00, 0.03, 0.00, 0.00, 1.00, 1.00, 1.00, 1.00, 0.00, 1.00, 1.00, 1.00, 0.00, 1.00, 0.00, 1.00, 0.00, 0.00, 0.00, 0.00
6497,  0,  216.533,  0.98,  1, 0.00, 0.07, 1.47, 0.00, 1.26, 2.72, 0.00, 1.07, 1.44, 1.71, 0.00, 0.55, 0.16, 0.00, 1.33, 0.13, 0.03, 0.00, 0.00, 1.00, 1.00, 1.00, 1.00, 0.00, 1.00, 1.00, 1.00, 0.00, 0.00, 0.00, 1.00, 1.00, 0.00, 0.00, 0.00
6498,  0,  216.567,  0.98,  1, 0.00, 0.07, 1.37, 0.00, 1.33, 2.78, 0.00, 1.24, 1.52, 1.70, 0.00, 0.38, 0.17, 0.00, 1.41, 0.25, 0.03, 0.00, 0.00, 1.00, 1.00, 1.00, 1.00, 0.00, 1.00, 1.00, 1.00, 0.00, 0.00, 0.00, 1.00, 1.00, 1.00, 0.00, 0.00
6499,  0,  216.600,  0.98,  1, 0.00, 0.01, 1.35, 0.00, 1.41, 2.78, 0.00, 1.25, 1.59, 1.70, 0.00, 0.17, 0.12, 0.00, 1.55, 0.48, 0.00, 0.00, 0.00, 1.00, 1.00, 1.00, 1.00, 0.00, 1.00, 1.00, 1.00, 0.00, 0.00, 0.00, 1.00, 1.00, 1.00, 0.00, 0.00
6500,  0,  216.633,  0.98,  1, 0.00, 0.00, 1.29, 0.00, 1.42, 2.68, 0.00, 1.26, 1.64, 1.78, 0.00, 0.06, 0.22, 0.00, 1.69, 0.46, 0.02, 0.00, 0.00, 1.00, 1.00, 1.00, 1.00, 0.00, 1.00, 1.00, 1.00, 0.00, 0.00, 0.00, 1.00, 1.00, 1.00, 0.00, 0.00
6501,  0,  216.667,  0.98,  1, 0.00, 0.00, 1.35, 0.00, 1.48, 2.76, 0.00, 1.20, 1.69, 1.88, 0.00, 0.02, 0.18, 0.01, 1.84, 0.42, 0.07, 0.00, 0.00, 1.00, 1.00, 1.00, 1.00, 0.00, 1.00, 1.00, 1.00, 0.00, 0.00, 0.00, 1.00, 1.00, 1.00, 0.00, 0.00
6502,  0,  216.700,  0.98,  1, 0.00, 0.00, 1.30, 0.00, 1.53, 2.91, 0.00, 1.12, 1.73, 1.91, 0.00, 0.11, 0.17, 0.05, 1.76, 0.30, 0.07, 0.00, 0.00, 1.00, 1.00, 1.00, 1.00, 0.00, 1.00, 1.00, 1.00, 0.00, 0.00, 0.00, 1.00, 1.00, 1.00, 0.00, 0.00
6503,  0,  216.733,  0.98,  1, 0.00, 0.00, 1.31, 0.00, 1.56, 3.13, 0.00, 1.03, 1.70, 1.91, 0.00, 0.21, 0.18, 0.09, 1.61, 0.34, 0.05, 0.00, 0.00, 1.00, 1.00, 1.00, 1.00, 0.00, 1.00, 1.00, 1.00, 0.00, 0.00, 0.00, 1.00, 1.00, 1.00, 0.00, 0.00
6504,  0,  216.767,  0.98,  1, 0.00, 0.00, 1.40, 0.00, 1.58, 3.13, 0.00, 0.98, 1.71, 1.85, 0.00, 0.40, 0.13, 0.14, 1.44, 0.44, 0.00, 0.00, 0.00, 1.00, 1.00, 1.00, 1.00, 0.00, 1.00, 1.00, 1.00, 0.00, 0.00, 0.00, 1.00, 1.00, 1.00, 0.00, 0.00
6505,  0,  216.800,  0.98,  1, 0.00, 0.00, 1.47, 0.00, 1.54, 2.97, 0.00, 0.92, 1.69, 1.78, 0.00, 0.49, 0.16, 0.17, 1.42, 0.48, 0.00, 0.00, 0.00, 1.00, 1.00, 1.00, 1.00, 0.00, 1.00, 1.00, 1.00, 0.00, 0.00, 0.00, 1.00, 1.00, 1.00, 0.00, 0.00
6506,  0,  216.833,  0.98,  1, 0.00, 0.00, 1.44, 0.00, 1.54, 2.78, 0.00, 1.01, 1.74, 1.70, 0.00, 0.56, 0.21, 0.16, 1.49, 0.53, 0.00, 0.00, 0.00, 1.00, 1.00, 1.00, 1.00, 0.00, 1.00, 1.00, 1.00, 0.00, 0.00, 0.00, 1.00, 1.00, 1.00, 0.00, 0.00
6507,  0,  216.867,  0.98,  1, 0.00, 0.00, 1.30, 0.00, 1.53, 2.66, 0.00, 1.13, 1.79, 1.75, 0.00, 0.47, 0.21, 0.10, 1.62, 0.60, 0.03, 0.00, 0.00, 1.00, 1.00, 1.00, 1.00, 0.00, 1.00, 1.00, 1.00, 0.00, 0.00, 0.00, 1.00, 1.00, 1.00, 0.00, 0.00
6508,  0,  216.900,  0.98,  1, 0.00, 0.00, 1.28, 0.00, 1.57, 2.78, 0.00, 1.21, 1.84, 1.78, 0.00, 0.39, 0.16, 0.07, 1.81, 0.68, 0.03, 0.00, 0.00, 1.00, 1.00, 1.00, 1.00, 0.00, 1.00, 1.00, 1.00, 0.00, 0.00, 0.00, 1.00, 1.00, 1.00, 0.00, 0.00
6509,  0,  216.933,  0.98,  1, 0.00, 0.00, 1.31, 0.00, 1.64, 2.97, 0.00, 1.26, 1.85, 1.78, 0.00, 0.25, 0.00, 0.07, 1.92, 0.74, 0.05, 0.00, 0.00, 1.00, 1.00, 1.00, 1.00, 0.00, 1.00, 1.00, 1.00, 0.00, 0.00, 0.00, 1.00, 1.00, 1.00, 0.00, 0.00
6510,  0,  216.967,  0.98,  1, 0.00, 0.00, 1.31, 0.02, 1.71, 3.29, 0.00, 1.26, 1.86, 1.74, 0.00, 0.14, 0.00, 0.08, 2.06, 0.81, 0.02, 0.00, 0.00, 1.00, 1.00, 1.00, 1.00, 0.00, 1.00, 1.00, 1.00, 0.00, 0.00, 0.00, 1.00, 1.00, 1.00, 0.00, 1.00
6511,  0,  217.000,  0.98,  1, 0.00, 0.00, 1.26, 0.04, 1.72, 3.27, 0.00, 1.21, 1.90, 1.83, 0.00, 0.10, 0.00, 0.10, 2.03, 0.81, 0.06, 0.00, 0.00, 1.00, 1.00, 1.00, 1.00, 0.00, 1.00, 1.00, 1.00, 0.00, 0.00, 0.00, 1.00, 1.00, 1.00, 0.00, 1.00
6512,  0,  217.033,  0.98,  1, 0.00, 0.00, 1.28, 0.12, 1.75, 3.09, 0.00, 1.23, 1.94, 1.92, 0.00, 0.10, 0.00, 0.08, 2.05, 0.85, 0.05, 0.00, 0.00, 1.00, 1.00, 1.00, 1.00, 0.00, 1.00, 1.00, 1.00, 0.00, 0.00, 0.00, 1.00, 1.00, 1.00, 0.00, 1.00
6513,  0,  217.067,  0.98,  1, 0.00, 0.00, 1.32, 0.23, 1.75, 2.85, 0.00, 1.26, 1.99, 2.06, 0.00, 0.10, 0.02, 0.09, 1.97, 0.78, 0.10, 0.00, 0.00, 1.00, 1.00, 1.00, 1.00, 0.00, 1.00, 1.00, 1.00, 0.00, 0.00, 0.00, 1.00, 1.00, 1.00, 0.00, 1.00
6514,  0,  217.100,  0.98,  1, 0.00, 0.00, 1.35, 0.26, 1.79, 2.84, 0.00, 1.29, 2.01, 2.03, 0.00, 0.04, 0.07, 0.07, 1.84, 0.66, 0.07, 0.00, 0.00, 1.00, 1.00, 1.00, 1.00, 0.00, 1.00, 1.00, 1.00, 0.00, 0.00, 0.00, 1.00, 1.00, 1.00, 0.00, 1.00
6515,  0,  217.133,  0.98,  1, 0.00, 0.00, 1.38, 0.22, 1.79, 2.96, 0.00, 1.26, 2.04, 1.99, 0.00, 0.00, 0.21, 0.10, 1.68, 0.59, 0.07, 0.00, 0.00, 1.00, 1.00, 1.00, 1.00, 0.00, 1.00, 1.00, 1.00, 0.00, 0.00, 0.00, 1.00, 1.00, 1.00, 0.00, 1.00
6516,  0,  217.167,  0.98,  1, 0.00, 0.00, 1.45, 0.13, 1.79, 2.92, 0.00, 1.25, 2.12, 1.96, 0.00, 0.13, 0.20, 0.14, 1.55, 0.63, 0.01, 0.00, 0.00, 1.00, 1.00, 1.00, 1.00, 0.00, 1.00, 1.00, 1.00, 0.00, 0.00, 0.00, 1.00, 1.00, 1.00, 0.00, 1.00
6517,  0,  217.200,  0.98,  1, 0.00, 0.00, 1.49, 0.17, 1.75, 2.78, 0.00, 1.28, 2.15, 1.97, 0.00, 0.23, 0.15, 0.17, 1.59, 0.72, 0.00, 0.00, 0.00, 1.00, 1.00, 1.00, 1.00, 0.00, 1.00, 1.00, 1.00, 0.00, 0.00, 0.00, 1.00, 1.00, 1.00, 0.00, 0.00
6518,  0,  217.233,  0.98,  1, 0.00, 0.00, 1.46, 0.14, 1.76, 2.73, 0.00, 1.21, 2.17, 2.05, 0.00, 0.32, 0.00, 0.20, 1.68, 0.70, 0.00, 0.00, 0.00, 1.00, 1.00, 1.00, 1.00, 0.00, 1.00, 1.00, 1.00, 0.00, 0.00, 0.00, 1.00, 1.00, 1.00, 0.00, 0.00
6519,  0,  217.267,  0.98,  1, 0.00, 0.00, 1.44, 0.21, 1.77, 2.86, 0.00, 1.12, 2.08, 2.08, 0.00, 0.27, 0.00, 0.20, 1.77, 0.61, 0.00, 0.00, 0.00, 1.00, 1.00, 1.00, 1.00, 0.00, 1.00, 1.00, 1.00, 0.00, 0.00, 0.00, 1.00, 1.00, 1.00, 0.00, 0.00
6520,  0,  217.300,  0.98,  1, 0.00, 0.00, 1.50, 0.14, 1.76, 2.92, 0.00, 1.08, 2.04, 2.06, 0.00, 0.31, 0.04, 0.18, 1.87, 0.60, 0.00, 0.00, 0.00, 1.00, 1.00, 1.00, 1.00, 0.00, 1.00, 1.00, 1.00, 0.00, 0.00, 0.00, 1.00, 1.00, 1.00, 0.00, 0.00
6521,  0,  217.333,  0.98,  1, 0.00, 0.00, 1.53, 0.19, 1.72, 2.91, 0.00, 1.10, 2.01, 2.03, 0.00, 0.37, 0.04, 0.16, 1.88, 0.67, 0.00, 0.00, 0.00, 1.00, 1.00, 1.00, 1.00, 0.00, 1.00, 1.00, 1.00, 0.00, 0.00, 0.00, 1.00, 1.00, 1.00, 0.00, 0.00
6522,  0,  217.367,  0.98,  1, 0.00, 0.00, 1.51, 0.11, 1.68, 2.92, 0.00, 1.18, 1.96, 1.92, 0.00, 0.37, 0.06, 0.09, 1.99, 0.78, 0.00, 0.00, 0.00, 1.00, 1.00, 1.00, 1.00, 0.00, 1.00, 1.00, 1.00, 0.00, 0.00, 0.00, 1.00, 1.00, 1.00, 0.00, 0.00
6523,  0,  217.400,  0.98,  1, 0.00, 0.00, 1.41, 0.17, 1.64, 2.95, 0.00, 1.18, 1.91, 1.88, 0.00, 0.31, 0.02, 0.04, 2.02, 0.82, 0.00, 0.00, 0.00, 1.00, 1.00, 1.00, 1.00, 0.00, 1.00, 1.00, 1.00, 0.00, 0.00, 0.00, 1.00, 1.00, 1.00, 0.00, 0.00
6524,  0,  217.433,  0.98,  1, 0.00, 0.00, 1.38, 0.11, 1.57, 2.95, 0.00, 1.12, 1.81, 1.85, 0.00, 0.33, 0.02, 0.01, 2.02, 0.81, 0.00, 0.00, 0.00, 1.00, 1.00, 1.00, 1.00, 0.00, 1.00, 1.00, 1.00, 0.00, 0.00, 0.00, 1.00, 1.00, 1.00, 0.00, 0.00
6525,  0,  217.467,  0.98,  1, 0.00, 0.00, 1.40, 0.09, 1.48, 2.84, 0.00, 1.08, 1.76, 1.86, 0.00, 0.40, 0.00, 0.00, 1.93, 0.73, 0.00, 0.00, 0.00, 1.00, 1.00, 1.00, 1.00, 0.00, 1.00, 1.00, 1.00, 0.00, 0.00, 0.00, 1.00, 1.00, 1.00, 0.00, 0.00
6526,  0,  217.500,  0.98,  1, 0.00, 0.00, 1.39, 0.05, 1.41, 2.62, 0.00, 1.08, 1.72, 1.87, 0.00, 0.41, 0.00, 0.00, 1.91, 0.65, 0.02, 0.00, 0.00, 1.00, 1.00, 1.00, 1.00, 0.00, 1.00, 1.00, 1.00, 0.00, 0.00, 0.00, 1.00, 1.00, 1.00, 0.00, 0.00
6527,  0,  217.533,  0.98,  1, 0.00, 0.00, 1.33, 0.04, 1.37, 2.47, 0.00, 1.09, 1.67, 1.81, 0.00, 0.31, 0.00, 0.00, 1.89, 0.52, 0.06, 0.00, 0.00, 1.00, 1.00, 1.00, 1.00, 0.00, 1.00, 1.00, 1.00, 0.00, 0.00, 0.00, 1.00, 1.00, 1.00, 0.00, 0.00
6528,  0,  217.567,  0.98,  1, 0.00, 0.00, 1.23, 0.04, 1.37, 2.22, 0.00, 1.04, 1.58, 1.77, 0.00, 0.19, 0.13, 0.00, 1.85, 0.54, 0.06, 0.00, 0.00, 1.00, 1.00, 1.00, 1.00, 0.00, 1.00, 1.00, 1.00, 0.00, 0.00, 0.00, 1.00, 1.00, 1.00, 0.00, 0.00
6529,  0,  217.600,  0.98,  1, 0.00, 0.00, 1.20, 0.00, 1.36, 2.23, 0.00, 0.90, 1.48, 1.73, 0.00, 0.10, 0.21, 0.00, 1.81, 0.62, 0.04, 0.00, 0.00, 1.00, 1.00, 1.00, 1.00, 0.00, 1.00, 1.00, 1.00, 0.00, 0.00, 0.00, 1.00, 1.00, 1.00, 0.00, 0.00
6530,  0,  217.633,  0.98,  1, 0.00, 0.00, 1.18, 0.00, 1.32, 2.15, 0.00, 0.82, 1.48, 1.72, 0.00, 0.09, 0.21, 0.00, 1.88, 0.76, 0.04, 0.00, 0.00, 1.00, 1.00, 1.00, 1.00, 0.00, 1.00, 1.00, 1.00, 0.00, 0.00, 0.00, 1.00, 1.00, 1.00, 0.00, 0.00
6531,  0,  217.667,  0.98,  1, 0.00, 0.00, 1.23, 0.00, 1.30, 2.38, 0.00, 0.79, 1.48, 1.67, 0.00, 0.07, 0.10, 0.00, 1.91, 0.77, 0.07, 0.00, 0.00, 1.00, 1.00, 1.00, 1.00, 0.00, 1.00, 1.00, 1.00, 0.00, 0.00, 0.00, 1.00, 1.00, 1.00, 0.00, 0.00
6532,  0,  217.700,  0.98,  1, 0.00, 0.00, 1.36, 0.00, 1.32, 2.58, 0.00, 0.91, 1.51, 1.61, 0.00, 0.07, 0.02, 0.00, 1.90, 0.86, 0.07, 0.00, 0.00, 1.00, 1.00, 1.00, 1.00, 0.00, 1.00, 1.00, 1.00, 0.00, 0.00, 0.00, 1.00, 1.00, 1.00, 0.00, 0.00
6533,  0,  217.733,  0.98,  1, 0.00, 0.00, 1.36, 0.00, 1.35, 2.68, 0.00, 1.03, 1.52, 1.65, 0.00, 0.01, 0.02, 0.00, 1.78, 0.87, 0.05, 0.00, 0.00, 1.00, 1.00, 1.00, 1.00, 0.00, 1.00, 1.00, 1.00, 0.00, 0.00, 0.00, 1.00, 1.00, 1.00, 0.00, 0.00
6534,  0,  217.767,  0.98,  1, 0.00, 0.00, 1.26, 0.00, 1.33, 2.55, 0.00, 1.09, 1.52, 1.60, 0.00, 0.01, 0.00, 0.00, 1.84, 0.92, 0.05, 0.00, 0.00, 1.00, 1.00, 1.00, 1.00, 0.00, 1.00, 1.00, 1.00, 0.00, 0.00, 0.00, 1.00, 1.00, 1.00, 0.00, 0.00
6535,  0,  217.800,  0.98,  1, 0.00, 0.00, 1.13, 0.00, 1.32, 2.33, 0.00, 1.09, 1.51, 1.66, 0.00, 0.01, 0.04, 0.03, 1.86, 0.89, 0.05, 0.00, 0.00, 1.00, 1.00, 1.00, 1.00, 0.00, 1.00, 1.00, 1.00, 0.00, 0.00, 0.00, 1.00, 1.00, 1.00, 0.00, 0.00
6536,  0,  217.833,  0.98,  1, 0.00, 0.00, 1.10, 0.00, 1.32, 2.15, 0.00, 1.02, 1.43, 1.65, 0.00, 0.02, 0.08, 0.03, 1.91, 0.77, 0.04, 0.00, 0.00, 1.00, 1.00, 1.00, 1.00, 0.00, 1.00, 1.00, 1.00, 0.00, 0.00, 0.00, 1.00, 1.00, 1.00, 0.00, 0.00
6537,  0,  217.867,  0.98,  1, 0.00, 0.00, 1.12, 0.00, 1.31, 2.10, 0.00, 1.05, 1.41, 1.76, 0.00, 0.01, 0.08, 0.03, 1.93, 0.67, 0.01, 0.00, 0.00, 1.00, 1.00, 1.00, 1.00, 0.00, 1.00, 1.00, 1.00, 0.00, 0.00, 0.00, 1.00, 1.00, 1.00, 0.00, 0.00
6538,  0,  217.900,  0.98,  1, 0.00, 0.00, 1.17, 0.00, 1.26, 1.95, 0.00, 1.06, 1.38, 1.84, 0.00, 0.01, 0.07, 0.00, 1.94, 0.51, 0.01, 0.00, 0.00, 1.00, 1.00, 1.00, 1.00, 0.00, 1.00, 1.00, 1.00, 0.00, 0.00, 0.00, 1.00, 1.00, 1.00, 0.00, 0.00
6539,  0,  217.933,  0.98,  1, 0.00, 0.00, 1.23, 0.00, 1.18, 1.92, 0.00, 1.01, 1.30, 1.85, 0.00, 0.03, 0.14, 0.01, 1.85, 0.47, 0.00, 0.00, 0.00, 1.00, 1.00, 1.00, 1.00, 0.00, 1.00, 1.00, 1.00, 0.00, 0.00, 0.00, 1.00, 1.00, 1.00, 0.00, 0.00
6540,  0,  217.967,  0.98,  1, 0.02, 0.00, 1.31, 0.00, 1.10, 1.71, 0.00, 0.87, 1.11, 1.83, 0.00, 0.15, 0.22, 0.01, 1.73, 0.28, 0.00, 0.00, 0.00, 1.00, 1.00, 1.00, 1.00, 0.00, 1.00, 1.00, 1.00, 0.00, 0.00, 0.00, 1.00, 1.00, 1.00, 0.00, 0.00
6541,  0,  218.000,  0.98,  1, 0.02, 0.00, 1.33, 0.00, 1.04, 1.79, 0.00, 0.76, 0.90, 1.73, 0.00, 0.25, 0.19, 0.01, 1.58, 0.13, 0.29, 0.00, 0.00, 1.00, 1.00, 1.00, 1.00, 0.00, 1.00, 1.00, 1.00, 0.00, 0.00, 0.00, 1.00, 1.00, 0.00, 0.00, 0.00
6542,  0,  218.033,  0.98,  1, 0.05, 0.00, 1.43, 0.04, 0.99, 1.53, 0.01, 0.65, 0.77, 1.72, 0.00, 0.32, 0.24, 0.00, 1.59, 0.00, 1.06, 0.00, 0.00, 1.00, 1.00, 1.00, 1.00, 0.00, 1.00, 1.00, 1.00, 0.00, 0.00, 0.00, 1.00, 1.00, 0.00, 0.00, 1.00
6543,  0,  218.067,  0.98,  1, 0.04, 0.00, 1.42, 0.10, 0.88, 1.25, 0.02, 0.74, 0.74, 1.69, 0.00, 0.31, 0.23, 0.00, 1.61, 0.00, 1.94, 0.00, 0.00, 1.00, 1.00, 1.00, 1.00, 0.00, 1.00, 1.00, 1.00, 0.00, 0.00, 0.00, 1.00, 1.00, 0.00, 0.00, 1.00
6544,  0,  218.100,  0.98,  1, 0.04, 0.00, 1.44, 0.10, 0.84, 0.95, 0.06, 0.81, 0.81, 1.64, 0.00, 0.25, 0.38, 0.00, 1.70, 0.00, 2.49, 0.00, 0.00, 1.00, 1.00, 1.00, 1.00, 0.00, 1.00, 1.00, 1.00, 0.00, 0.00, 0.00, 1.00, 1.00, 0.00, 0.00, 1.00
6545,  0,  218.133,  0.98,  1, 0.00, 0.00, 1.38, 0.06, 0.91, 1.10, 0.09, 0.94, 0.91, 1.58, 0.00, 0.20, 0.30, 0.00, 1.75, 0.02, 2.59, 0.00, 0.00, 1.00, 1.00, 1.00, 1.00, 0.00, 1.00, 1.00, 1.00, 0.00, 0.00, 0.00, 1.00, 1.00, 0.00, 0.00, 1.00
6546,  0,  218.167,  0.98,  1, 0.00, 0.00, 1.45, 0.00, 1.10, 1.39, 0.10, 0.88, 1.00, 1.55, 0.00, 0.13, 0.31, 0.00, 1.80, 0.02, 2.47, 0.00, 0.00, 1.00, 1.00, 1.00, 1.00, 0.00, 1.00, 1.00, 1.00, 0.00, 0.00, 0.00, 1.00, 1.00, 0.00, 0.00, 1.00
6547,  0,  218.200,  0.98,  1, 0.00, 0.00, 1.48, 0.02, 1.23, 1.60, 0.05, 0.81, 0.96, 1.54, 0.00, 0.24, 0.29, 0.00, 1.75, 0.02, 2.18, 0.00, 0.00, 1.00, 1.00, 1.00, 1.00, 0.00, 1.00, 1.00, 1.00, 0.00, 0.00, 0.00, 1.00, 1.00, 0.00, 0.00, 1.00
6548,  0,  218.233,  0.98,  1, 0.02, 0.00, 1.59, 0.02, 1.18, 1.73, 0.02, 0.70, 0.75, 1.42, 0.00, 0.42, 0.29, 0.00, 1.36, 0.11, 1.76, 0.00, 0.00, 1.00, 1.00, 1.00, 1.00, 0.00, 1.00, 1.00, 1.00, 0.00, 0.00, 0.00, 1.00, 1.00, 0.00, 0.00, 1.00
6549,  0,  218.267,  0.98,  1, 0.02, 0.00, 1.59, 0.02, 1.00, 1.81, 0.00, 0.58, 0.45, 1.45, 0.03, 0.73, 0.32, 0.06, 0.76, 0.29, 1.46, 0.00, 0.00, 1.00, 1.00, 1.00, 1.00, 0.00, 1.00, 1.00, 1.00, 1.00, 1.00, 0.00, 1.00, 1.00, 1.00, 0.00, 1.00
6550,  0,  218.300,  0.98,  1, 0.02, 0.00, 1.46, 0.00, 0.82, 1.84, 0.00, 0.41, 0.23, 1.39, 0.03, 0.89, 0.36, 0.15, 0.25, 0.56, 1.31, 0.00, 0.00, 1.00, 1.00, 1.00, 1.00, 0.00, 1.00, 1.00, 1.00, 1.00, 1.00, 0.00, 1.00, 1.00, 1.00, 0.00, 1.00
6551,  0,  218.333,  0.98,  1, 0.00, 0.00, 1.42, 0.00, 0.77, 1.82, 0.00, 0.35, 0.28, 1.48, 0.03, 0.84, 0.39, 0.15, 0.39, 0.70, 1.15, 0.00, 0.00, 1.00, 1.00, 1.00, 1.00, 0.00, 1.00, 1.00, 1.00, 1.00, 1.00, 0.00, 1.00, 1.00, 1.00, 0.00, 1.00
6552,  0,  218.367,  0.98,  1, 0.00, 0.00, 1.45, 0.00, 0.83, 1.90, 0.01, 0.29, 0.47, 1.37, 0.00, 0.68, 0.46, 0.08, 0.87, 0.78, 0.98, 0.00, 0.00, 1.00, 1.00, 1.00, 1.00, 0.00, 1.00, 1.00, 1.00, 1.00, 1.00, 0.00, 1.00, 1.00, 1.00, 0.00, 1.00
6553,  0,  218.400,  0.98,  1, 0.01, 0.00, 1.65, 0.00, 0.95, 2.03, 0.02, 0.33, 0.68, 1.41, 0.00, 0.54, 0.39, 0.00, 1.38, 0.74, 0.76, 0.00, 0.00, 1.00, 1.00, 1.00, 1.00, 0.00, 1.00, 1.00, 1.00, 0.00, 0.00, 0.00, 1.00, 1.00, 1.00, 0.00, 1.00
6554,  0,  218.433,  0.98,  1, 0.01, 0.00, 1.68, 0.00, 1.02, 2.24, 0.04, 0.34, 0.74, 1.37, 0.00, 0.50, 0.47, 0.00, 1.49, 0.54, 0.62, 0.00, 0.00, 1.00, 1.00, 1.00, 1.00, 0.00, 1.00, 1.00, 1.00, 0.00, 0.00, 0.00, 1.00, 1.00, 1.00, 0.00, 1.00
6555,  0,  218.467,  0.98,  1, 0.01, 0.00, 1.69, 0.00, 1.07, 2.25, 0.06, 0.45, 0.76, 1.41, 0.00, 0.44, 0.41, 0.00, 1.47, 0.36, 0.48, 0.00, 0.00, 1.00, 1.00, 1.00, 1.00, 0.00, 1.00, 1.00, 1.00, 0.00, 0.00, 0.00, 1.00, 1.00, 1.00, 0.00, 1.00
6556,  0,  218.500,  0.98,  1, 0.00, 0.00, 1.66, 0.00, 1.07, 2.23, 0.08, 0.49, 0.77, 1.45, 0.00, 0.38, 0.59, 0.00, 1.33, 0.24, 0.44, 0.00, 0.00, 1.00, 1.00, 1.00, 1.00, 0.00, 1.00, 1.00, 1.00, 0.00, 0.00, 0.00, 1.00, 1.00, 1.00, 0.00, 1.00
6557,  0,  218.533,  0.98,  1, 0.00, 0.00, 1.63, 0.00, 1.10, 2.16, 0.08, 0.49, 0.78, 1.51, 0.00, 0.37, 0.65, 0.00, 1.25, 0.18, 0.38, 0.00, 0.00, 1.00, 1.00, 1.00, 1.00, 0.00, 1.00, 1.00, 1.00, 0.00, 0.00, 0.00, 1.00, 1.00, 0.00, 0.00, 1.00
6558,  0,  218.567,  0.98,  1, 0.00, 0.00, 1.61, 0.00, 1.12, 2.18, 0.10, 0.43, 0.85, 1.60, 0.00, 0.29, 0.72, 0.00, 1.21, 0.14, 0.42, 0.00, 0.00, 1.00, 1.00, 1.00, 1.00, 0.00, 1.00, 1.00, 1.00, 0.00, 0.00, 0.00, 1.00, 1.00, 0.00, 0.00, 1.00
6559,  0,  218.600,  0.98,  1, 0.00, 0.00, 1.57, 0.00, 1.13, 2.21, 0.10, 0.32, 0.90, 1.66, 0.00, 0.29, 0.63, 0.00, 1.24, 0.07, 0.40, 0.00, 0.00, 1.00, 1.00, 1.00, 1.00, 0.00, 1.00, 1.00, 1.00, 0.00, 0.00, 0.00, 1.00, 1.00, 0.00, 0.00, 0.00
6560,  0,  218.633,  0.98,  1, 0.01, 0.00, 1.52, 0.00, 1.06, 2.15, 0.08, 0.30, 0.94, 1.62, 0.00, 0.24, 0.55, 0.00, 1.31, 0.10, 0.47, 0.00, 0.00, 1.00, 1.00, 1.00, 1.00, 0.00, 1.00, 1.00, 1.00, 0.00, 0.00, 0.00, 1.00, 1.00, 0.00, 0.00, 0.00
6561,  0,  218.667,  0.98,  1, 0.01, 0.00, 1.38, 0.00, 0.98, 2.05, 0.04, 0.29, 0.85, 1.46, 0.00, 0.33, 0.50, 0.00, 1.29, 0.19, 0.40, 0.00, 0.00, 1.00, 1.00, 1.00, 1.00, 0.00, 1.00, 1.00, 1.00, 0.00, 0.00, 0.00, 1.00, 1.00, 0.00, 0.00, 0.00
6562,  0,  218.700,  0.98,  1, 0.01, 0.00, 1.16, 0.00, 0.88, 1.92, 0.01, 0.36, 0.72, 1.31, 0.00, 0.48, 0.47, 0.00, 1.16, 0.21, 0.34, 0.00, 0.00, 1.00, 1.00, 1.00, 1.00, 0.00, 1.00, 1.00, 1.00, 0.00, 0.00, 0.00, 1.00, 1.00, 0.00, 0.00, 0.00
6563,  0,  218.733,  0.98,  1, 0.01, 0.00, 0.93, 0.00, 0.77, 1.81, 0.00, 0.31, 0.61, 1.19, 0.04, 0.55, 0.39, 0.00, 0.98, 0.27, 0.16, 0.00, 0.00, 1.00, 1.00, 1.00, 1.00, 0.00, 1.00, 1.00, 1.00, 0.00, 0.00, 0.00, 1.00, 1.00, 0.00, 0.00, 0.00
6564,  0,  218.767,  0.98,  1, 0.01, 0.00, 0.89, 0.00, 0.67, 1.80, 0.00, 0.32, 0.60, 1.16, 0.04, 0.61, 0.37, 0.00, 1.03, 0.27, 0.16, 0.00, 0.00, 1.00, 1.00, 1.00, 1.00, 0.00, 1.00, 1.00, 1.00, 0.00, 0.00, 0.00, 1.00, 1.00, 0.00, 0.00, 0.00
6565,  0,  218.800,  0.98,  1, 0.01, 0.00, 0.93, 0.00, 0.68, 1.78, 0.00, 0.35, 0.63, 1.13, 0.04, 0.64, 0.33, 0.00, 1.06, 0.35, 0.16, 0.00, 0.00, 1.00, 1.00, 1.00, 1.00, 0.00, 1.00, 1.00, 1.00, 0.00, 0.00, 0.00, 1.00, 1.00, 0.00, 0.00, 0.00
6566,  0,  218.833,  0.98,  1, 0.00, 0.00, 1.04, 0.00, 0.75, 1.78, 0.00, 0.45, 0.64, 1.15, 0.00, 0.67, 0.37, 0.00, 1.19, 0.25, 0.16, 0.00, 0.00, 1.00, 1.00, 1.00, 1.00, 0.00, 1.00, 1.00, 1.00, 0.00, 0.00, 0.00, 1.00, 1.00, 1.00, 0.00, 0.00
6567,  0,  218.867,  0.98,  1, 0.00, 0.00, 1.02, 0.00, 0.87, 1.82, 0.00, 0.42, 0.64, 1.12, 0.00, 0.65, 0.38, 0.00, 1.25, 0.23, 0.05, 0.00, 0.00, 1.00, 1.00, 1.00, 1.00, 0.00, 1.00, 1.00, 1.00, 0.00, 0.00, 0.00, 1.00, 1.00, 1.00, 0.00, 0.00
6568,  0,  218.900,  0.98,  1, 0.00, 0.00, 1.03, 0.00, 0.92, 1.73, 0.00, 0.34, 0.64, 1.13, 0.00, 0.59, 0.43, 0.00, 1.39, 0.16, 0.00, 0.00, 0.00, 1.00, 1.00, 1.00, 1.00, 0.00, 1.00, 1.00, 1.00, 0.00, 0.00, 0.00, 1.00, 1.00, 1.00, 0.00, 0.00
6569,  0,  218.933,  0.98,  1, 0.00, 0.00, 1.03, 0.00, 0.97, 1.79, 0.00, 0.29, 0.69, 1.18, 0.00, 0.56, 0.47, 0.00, 1.48, 0.20, 0.00, 0.00, 0.00, 1.00, 1.00, 1.00, 1.00, 0.00, 1.00, 1.00, 1.00, 0.00, 0.00, 0.00, 1.00, 1.00, 1.00, 0.00, 0.00
6570,  0,  218.967,  0.98,  1, 0.00, 0.00, 1.12, 0.00, 0.92, 1.76, 0.00, 0.31, 0.67, 1.18, 0.00, 0.55, 0.58, 0.00, 1.49, 0.29, 0.00, 0.00, 0.00, 1.00, 1.00, 1.00, 1.00, 0.00, 1.00, 0.00, 1.00, 0.00, 0.00, 0.00, 1.00, 1.00, 1.00, 0.00, 0.00
6571,  0,  219.000,  0.98,  1, 0.00, 0.00, 1.17, 0.00, 0.83, 1.83, 0.00, 0.28, 0.59, 1.09, 0.00, 0.52, 0.55, 0.00, 1.44, 0.44, 0.00, 0.00, 0.00, 1.00, 1.00, 1.00, 1.00, 0.00, 1.00, 0.00, 1.00, 0.00, 0.00, 0.00, 1.00, 1.00, 1.00, 0.00, 0.00
6572,  0,  219.033,  0.98,  1, 0.00, 0.00, 1.25, 0.00, 0.70, 1.91, 0.00, 0.20, 0.44, 1.02, 0.00, 0.58, 0.48, 0.00, 1.16, 0.55, 0.00, 0.00, 0.00, 1.00, 1.00, 1.00, 1.00, 0.00, 1.00, 0.00, 1.00, 0.00, 0.00, 0.00, 1.00, 1.00, 1.00, 0.00, 0.00
6573,  0,  219.067,  0.98,  1, 0.03, 0.00, 1.29, 0.00, 0.57, 1.89, 0.00, 0.12, 0.29, 0.91, 0.00, 0.64, 0.38, 0.00, 0.89, 0.46, 0.00, 0.00, 0.00, 1.00, 1.00, 1.00, 1.00, 0.00, 1.00, 0.00, 1.00, 0.00, 0.00, 0.00, 1.00, 1.00, 1.00, 0.00, 0.00
6574,  0,  219.100,  0.98,  1, 0.03, 0.00, 1.22, 0.05, 0.49, 1.96, 0.00, 0.08, 0.21, 0.91, 0.00, 0.84, 0.31, 0.03, 0.73, 0.50, 0.00, 0.00, 0.00, 1.00, 1.00, 1.00, 1.00, 0.00, 1.00, 0.00, 1.00, 0.00, 0.00, 0.00, 1.00, 1.00, 1.00, 0.00, 0.00
6575,  0,  219.133,  0.98,  1, 0.04, 0.00, 1.15, 0.05, 0.51, 1.88, 0.00, 0.06, 0.27, 0.98, 0.00, 0.87, 0.26, 0.05, 0.95, 0.64, 0.00, 0.00, 0.00, 1.00, 1.00, 1.00, 1.00, 0.00, 1.00, 0.00, 1.00, 0.00, 0.00, 0.00, 1.00, 1.00, 1.00, 0.00, 0.00
6576,  0,  219.167,  0.98,  1, 0.01, 0.00, 1.10, 0.22, 0.56, 1.87, 0.00, 0.05, 0.43, 0.97, 0.00, 0.75, 0.26, 0.05, 1.33, 0.84, 0.00, 0.00, 0.00, 0.00, 1.00, 1.00, 1.00, 0.00, 1.00, 1.00, 1.00, 0.00, 0.00, 0.00, 1.00, 1.00, 1.00, 0.00, 0.00
6577,  0,  219.200,  0.98,  1, 0.02, 0.00, 1.17, 0.23, 0.58, 1.79, 0.00, 0.05, 0.61, 0.84, 0.00, 0.45, 0.19, 0.02, 1.71, 1.00, 0.00, 0.00, 0.00, 0.00, 1.00, 1.00, 1.00, 0.00, 1.00, 1.00, 1.00, 0.00, 0.00, 0.00, 1.00, 1.00, 1.00, 0.00, 0.00
6578,  0,  219.233,  0.98,  1, 0.05, 0.00, 1.18, 0.31, 0.59, 1.95, 0.00, 0.10, 0.75, 0.60, 0.00, 0.24, 0.13, 0.00, 1.94, 1.12, 0.00, 0.00, 0.00, 0.00, 1.00, 1.00, 1.00, 0.00, 1.00, 1.00, 1.00, 0.00, 0.00, 0.00, 1.00, 1.00, 1.00, 0.00, 0.00
6579,  0,  219.267,  0.98,  1, 0.08, 0.00, 1.15, 0.17, 0.60, 2.07, 0.00, 0.08, 0.88, 0.56, 0.00, 0.22, 0.00, 0.00, 2.02, 1.18, 0.00, 0.00, 0.00, 0.00, 1.00, 1.00, 1.00, 0.00, 1.00, 1.00, 1.00, 0.00, 0.00, 0.00, 1.00, 1.00, 1.00, 0.00, 0.00
6580,  0,  219.300,  0.98,  1, 0.09, 0.00, 1.12, 0.12, 0.70, 2.23, 0.00, 0.15, 0.98, 0.71, 0.00, 0.24, 0.00, 0.00, 1.99, 1.11, 0.00, 0.00, 0.00, 0.00, 1.00, 1.00, 1.00, 0.00, 1.00, 1.00, 1.00, 0.00, 0.00, 0.00, 1.00, 1.00, 1.00, 0.00, 0.00
6581,  0,  219.333,  0.98,  1, 0.07, 0.00, 1.11, 0.20, 0.79, 2.23, 0.00, 0.13, 1.08, 0.96, 0.00, 0.30, 0.02, 0.00, 1.86, 0.95, 0.00, 0.00, 0.00, 0.00, 1.00, 1.00, 1.00, 0.00, 1.00, 1.00, 1.00, 0.00, 0.00, 0.00, 1.00, 1.00, 1.00, 0.00, 0.00
6582,  0,  219.367,  0.98,  1, 0.09, 0.00, 1.09, 0.16, 0.91, 2.29, 0.00, 0.27, 1.17, 1.28, 0.00, 0.31, 0.10, 0.00, 1.72, 0.76, 0.00, 0.00, 0.00, 0.00, 1.00, 1.00, 1.00, 0.00, 1.00, 1.00, 1.00, 0.00, 0.00, 0.00, 1.00, 1.00, 1.00, 0.00, 0.00
6583,  0,  219.400,  0.98,  1, 0.11, 0.00, 1.11, 0.15, 1.00, 2.43, 0.00, 0.37, 1.25, 1.45, 0.00, 0.24, 0.18, 0.03, 1.58, 0.59, 0.00, 0.00, 0.00, 0.00, 1.00, 1.00, 1.00, 0.00, 1.00, 1.00, 1.00, 0.00, 0.00, 0.00, 1.00, 1.00, 1.00, 0.00, 0.00
6584,  0,  219.433,  0.98,  1, 0.09, 0.00, 1.04, 0.00, 1.04, 2.47, 0.00, 0.54, 1.29, 1.51, 0.00, 0.19, 0.25, 0.03, 1.58, 0.55, 0.00, 0.00, 0.00, 0.00, 1.00, 1.00, 1.00, 0.00, 1.00, 1.00, 1.00, 0.00, 0.00, 0.00, 1.00, 1.00, 1.00, 0.00, 0.00
6585,  0,  219.467,  0.98,  1, 0.03, 0.00, 1.02, 0.03, 1.03, 2.33, 0.00, 0.61, 1.28, 1.52, 0.00, 0.14, 0.27, 0.04, 1.58, 0.59, 0.00, 0.00, 0.00, 1.00, 1.00, 1.00, 1.00, 0.00, 1.00, 1.00, 1.00, 0.00, 0.00, 0.00, 1.00, 1.00, 1.00, 0.00, 0.00
6586,  0,  219.500,  0.98,  1, 0.00, 0.00, 0.96, 0.03, 1.02, 1.94, 0.00, 0.69, 1.24, 1.52, 0.00, 0.14, 0.32, 0.04, 1.70, 0.67, 0.00, 0.00, 0.00, 1.00, 1.00, 1.00, 1.00, 0.00, 1.00, 1.00, 1.00, 0.00, 0.00, 0.00, 1.00, 1.00, 1.00, 0.00, 0.00
6587,  0,  219.533,  0.98,  1, 0.00, 0.00, 1.03, 0.03, 0.99, 1.65, 0.00, 0.71, 1.21, 1.54, 0.00, 0.11, 0.26, 0.06, 1.77, 0.68, 0.00, 0.00, 0.00, 1.00, 1.00, 1.00, 1.00, 0.00, 1.00, 1.00, 1.00, 0.00, 0.00, 0.00, 1.00, 1.00, 1.00, 0.00, 0.00
6588,  0,  219.567,  0.98,  1, 0.00, 0.00, 1.08, 0.00, 1.02, 1.56, 0.00, 0.68, 1.19, 1.40, 0.00, 0.12, 0.17, 0.07, 1.67, 0.62, 0.00, 0.00, 0.00, 1.00, 1.00, 1.00, 1.00, 0.00, 1.00, 1.00, 1.00, 0.00, 0.00, 0.00, 1.00, 1.00, 1.00, 0.00, 0.00
6589,  0,  219.600,  0.98,  1, 0.00, 0.00, 1.16, 0.00, 0.97, 1.51, 0.00, 0.61, 1.24, 1.21, 0.00, 0.13, 0.04, 0.04, 1.62, 0.49, 0.00, 0.00, 0.00, 1.00, 1.00, 1.00, 1.00, 0.00, 1.00, 1.00, 1.00, 0.00, 0.00, 0.00, 1.00, 1.00, 1.00, 0.00, 0.00
6590,  0,  219.633,  0.98,  1, 0.00, 0.00, 1.23, 0.00, 0.97, 1.49, 0.00, 0.66, 1.27, 1.06, 0.00, 0.12, 0.02, 0.02, 1.40, 0.32, 0.00, 0.00, 0.00, 1.00, 1.00, 1.00, 1.00, 0.00, 1.00, 1.00, 1.00, 0.00, 0.00, 0.00, 1.00, 1.00, 0.00, 0.00, 0.00
6591,  0,  219.667,  0.98,  1, 0.06, 0.00, 1.26, 0.00, 0.90, 1.36, 0.00, 0.72, 1.33, 1.07, 0.00, 0.05, 0.01, 0.00, 1.42, 0.16, 0.00, 0.00, 0.00, 1.00, 1.00, 1.00, 1.00, 0.00, 1.00, 1.00, 1.00, 0.00, 0.00, 0.00, 1.00, 1.00, 0.00, 0.00, 0.00
6592,  0,  219.700,  0.98,  1, 0.07, 0.00, 1.23, 0.00, 0.89, 1.36, 0.00, 0.75, 1.34, 1.08, 0.00, 0.06, 0.07, 0.00, 1.38, 0.10, 0.00, 0.00, 0.00, 1.00, 1.00, 1.00, 1.00, 0.00, 1.00, 1.00, 1.00, 0.00, 0.00, 0.00, 1.00, 1.00, 0.00, 0.00, 0.00
6593,  0,  219.733,  0.98,  1, 0.07, 0.00, 1.17, 0.06, 0.93, 1.52, 0.00, 0.67, 1.40, 1.03, 0.00, 0.06, 0.06, 0.00, 1.57, 0.27, 0.00, 0.00, 0.00, 1.00, 1.00, 1.00, 1.00, 0.00, 1.00, 1.00, 1.00, 0.00, 0.00, 0.00, 1.00, 1.00, 0.00, 0.00, 0.00
6594,  0,  219.767,  0.98,  1, 0.01, 0.00, 1.10, 0.06, 0.99, 1.54, 0.00, 0.69, 1.43, 1.02, 0.00, 0.06, 0.06, 0.00, 1.71, 0.47, 0.00, 0.00, 0.00, 1.00, 1.00, 1.00, 1.00, 0.00, 1.00, 1.00, 1.00, 0.00, 0.00, 0.00, 1.00, 1.00, 0.00, 0.00, 0.00
6595,  0,  219.800,  0.98,  1, 0.05, 0.00, 1.11, 0.06, 1.06, 1.48, 0.00, 0.74, 1.46, 1.10, 0.00, 0.00, 0.07, 0.00, 1.76, 0.54, 0.00, 0.00, 0.00, 1.00, 1.00, 1.00, 1.00, 0.00, 1.00, 1.00, 1.00, 0.00, 0.00, 0.00, 1.00, 1.00, 0.00, 0.00, 1.00
6596,  0,  219.833,  0.98,  1, 0.05, 0.00, 1.04, 0.00, 1.05, 1.21, 0.00, 0.81, 1.48, 1.19, 0.00, 0.00, 0.07, 0.00, 1.74, 0.37, 0.00, 0.00, 0.00, 1.00, 1.00, 1.00, 1.00, 0.00, 1.00, 1.00, 1.00, 0.00, 0.00, 0.00, 1.00, 1.00, 0.00, 0.00, 1.00
6597,  0,  219.867,  0.98,  1, 0.05, 0.00, 1.08, 0.00, 1.09, 1.42, 0.00, 0.79, 1.59, 1.25, 0.00, 0.00, 0.11, 0.00, 1.73, 0.26, 0.00, 0.00, 0.00, 1.00, 1.00, 1.00, 1.00, 0.00, 1.00, 1.00, 1.00, 0.00, 0.00, 0.00, 1.00, 1.00, 0.00, 0.00, 1.00
6598,  0,  219.900,  0.98,  1, 0.00, 0.00, 1.15, 0.00, 1.14, 1.63, 0.00, 0.74, 1.69, 1.25, 0.00, 0.00, 0.08, 0.00, 1.74, 0.28, 0.00, 0.00, 0.00, 1.00, 1.00, 1.00, 1.00, 0.00, 1.00, 1.00, 1.00, 0.00, 0.00, 0.00, 1.00, 1.00, 0.00, 0.00, 1.00
6599,  0,  219.933,  0.98,  1, 0.00, 0.00, 1.32, 0.00, 1.18, 1.89, 0.00, 0.75, 1.75, 1.21, 0.00, 0.03, 0.10, 0.00, 1.76, 0.34, 0.00, 0.00, 0.00, 1.00, 1.00, 1.00, 1.00, 0.00, 1.00, 1.00, 1.00, 0.00, 0.00, 0.00, 1.00, 1.00, 0.00, 0.00, 1.00
6600,  0,  219.967,  0.98,  1, 0.00, 0.00, 1.31, 0.00, 1.15, 1.92, 0.00, 0.60, 1.71, 1.11, 0.00, 0.04, 0.14, 0.00, 1.68, 0.44, 0.00, 0.00, 0.00, 1.00, 1.00, 1.00, 1.00, 0.00, 1.00, 1.00, 1.00, 0.00, 0.00, 0.00, 0.00, 1.00, 0.00, 0.00, 0.00
6601,  0,  220.000,  0.98,  1, 0.00, 0.00, 1.30, 0.03, 1.17, 1.93, 0.00, 0.54, 1.72, 0.99, 0.00, 0.04, 0.17, 0.00, 1.72, 0.47, 0.00, 0.00, 0.00, 1.00, 1.00, 1.00, 1.00, 0.00, 1.00, 1.00, 1.00, 0.00, 0.00, 0.00, 0.00, 1.00, 0.00, 0.00, 0.00
6602,  0,  220.033,  0.98,  1, 0.00, 0.00, 1.18, 0.03, 1.20, 1.85, 0.00, 0.48, 1.74, 1.05, 0.00, 0.00, 0.21, 0.00, 1.83, 0.56, 0.00, 0.00, 0.00, 1.00, 1.00, 1.00, 1.00, 0.00, 1.00, 1.00, 1.00, 0.00, 0.00, 0.00, 0.00, 1.00, 0.00, 0.00, 0.00
6603,  0,  220.067,  0.98,  1, 0.00, 0.00, 1.20, 0.11, 1.29, 1.83, 0.00, 0.58, 1.79, 1.18, 0.00, 0.02, 0.16, 0.00, 2.00, 0.62, 0.00, 0.00, 0.00, 1.00, 1.00, 1.00, 1.00, 0.00, 1.00, 1.00, 1.00, 0.00, 0.00, 0.00, 0.00, 1.00, 0.00, 0.00, 0.00
6604,  0,  220.100,  0.98,  1, 0.00, 0.00, 1.16, 0.07, 1.34, 1.85, 0.00, 0.68, 1.85, 1.32, 0.00, 0.03, 0.18, 0.00, 2.03, 0.73, 0.00, 0.00, 0.00, 1.00, 1.00, 1.00, 1.00, 0.00, 1.00, 1.00, 1.00, 0.00, 0.00, 0.00, 0.00, 1.00, 0.00, 0.00, 0.00
6605,  0,  220.133,  0.98,  1, 0.00, 0.00, 1.12, 0.07, 1.42, 2.01, 0.00, 0.75, 1.91, 1.37, 0.00, 0.03, 0.15, 0.00, 1.97, 0.83, 0.00, 0.00, 0.00, 1.00, 1.00, 1.00, 1.00, 0.00, 1.00, 1.00, 1.00, 0.00, 0.00, 0.00, 0.00, 1.00, 0.00, 0.00, 0.00
6606,  0,  220.167,  0.98,  1, 0.00, 0.00, 1.01, 0.00, 1.48, 2.03, 0.00, 0.74, 1.95, 1.32, 0.00, 0.01, 0.12, 0.00, 1.95, 0.84, 0.00, 0.00, 0.00, 1.00, 1.00, 1.00, 1.00, 0.00, 1.00, 1.00, 1.00, 0.00, 0.00, 0.00, 0.00, 1.00, 0.00, 0.00, 0.00
6607,  0,  220.200,  0.98,  1, 0.00, 0.00, 0.86, 0.00, 1.51, 2.06, 0.00, 0.78, 1.98, 1.34, 0.00, 0.00, 0.04, 0.00, 1.89, 0.81, 0.00, 0.00, 0.00, 1.00, 1.00, 1.00, 1.00, 0.00, 1.00, 1.00, 1.00, 0.00, 0.00, 0.00, 0.00, 1.00, 0.00, 0.00, 0.00
6608,  0,  220.233,  0.98,  1, 0.00, 0.00, 0.90, 0.00, 1.48, 2.03, 0.00, 0.79, 1.95, 1.30, 0.00, 0.00, 0.00, 0.00, 1.82, 0.74, 0.01, 0.00, 0.00, 1.00, 1.00, 1.00, 1.00, 0.00, 1.00, 1.00, 1.00, 0.00, 0.00, 0.00, 0.00, 1.00, 0.00, 0.00, 0.00
6609,  0,  220.267,  0.98,  1, 0.00, 0.00, 1.03, 0.00, 1.50, 2.18, 0.01, 0.85, 1.96, 1.30, 0.00, 0.00, 0.00, 0.00, 1.81, 0.84, 0.01, 0.00, 0.00, 1.00, 1.00, 1.00, 1.00, 0.00, 1.00, 1.00, 1.00, 0.00, 0.00, 0.00, 0.00, 1.00, 0.00, 0.00, 0.00
6610,  0,  220.300,  0.98,  1, 0.00, 0.00, 1.27, 0.00, 1.48, 2.21, 0.01, 0.73, 1.94, 1.32, 0.00, 0.00, 0.00, 0.00, 1.76, 0.93, 0.01, 0.00, 0.00, 1.00, 1.00, 1.00, 1.00, 0.00, 1.00, 1.00, 1.00, 0.00, 0.00, 0.00, 0.00, 1.00, 0.00, 0.00, 0.00
6611,  0,  220.333,  0.98,  1, 0.00, 0.00, 1.34, 0.00, 1.53, 2.30, 0.01, 0.74, 1.96, 1.49, 0.00, 0.00, 0.00, 0.00, 1.70, 0.99, 0.00, 0.00, 0.00, 1.00, 1.00, 1.00, 1.00, 0.00, 1.00, 1.00, 1.00, 0.00, 0.00, 0.00, 0.00, 1.00, 0.00, 0.00, 0.00
6612,  0,  220.367,  0.98,  1, 0.00, 0.00, 1.34, 0.00, 1.43, 2.12, 0.00, 0.68, 1.92, 1.62, 0.00, 0.00, 0.00, 0.02, 1.64, 0.96, 0.00, 0.00, 0.00, 1.00, 1.00, 1.00, 1.00, 0.00, 1.00, 1.00, 1.00, 0.00, 0.00, 0.00, 0.00, 1.00, 0.00, 0.00, 0.00
6613,  0,  220.400,  0.98,  1, 0.00, 0.00, 1.13, 0.00, 1.42, 2.07, 0.00, 0.76, 1.90, 1.63, 0.00, 0.00, 0.00, 0.02, 1.59, 0.92, 0.00, 0.00, 0.00, 1.00, 1.00, 1.00, 1.00, 0.00, 1.00, 1.00, 1.00, 0.00, 0.00, 0.00, 0.00, 1.00, 0.00, 0.00, 0.00
6614,  0,  220.433,  0.98,  1, 0.00, 0.06, 1.09, 0.00, 1.42, 2.15, 0.00, 0.74, 1.86, 1.54, 0.00, 0.00, 0.00, 0.02, 1.61, 0.87, 0.00, 0.00, 0.00, 1.00, 1.00, 1.00, 1.00, 0.00, 1.00, 1.00, 1.00, 0.00, 0.00, 0.00, 0.00, 1.00, 0.00, 0.00, 0.00
6615,  0,  220.467,  0.98,  1, 0.00, 0.06, 1.04, 0.00, 1.49, 2.27, 0.00, 0.84, 1.85, 1.47, 0.00, 0.00, 0.00, 0.00, 1.60, 0.78, 0.00, 0.00, 0.00, 1.00, 1.00, 1.00, 1.00, 0.00, 1.00, 1.00, 1.00, 0.00, 0.00, 0.00, 0.00, 1.00, 0.00, 0.00, 0.00
6616,  0,  220.500,  0.98,  1, 0.00, 0.06, 1.15, 0.00, 1.55, 2.51, 0.00, 0.86, 1.81, 1.52, 0.00, 0.00, 0.00, 0.00, 1.65, 0.82, 0.00, 0.00, 0.00, 1.00, 1.00, 1.00, 1.00, 0.00, 1.00, 1.00, 1.00, 0.00, 0.00, 0.00, 0.00, 1.00, 0.00, 0.00, 0.00
6617,  0,  220.533,  0.98,  1, 0.00, 0.00, 1.15, 0.00, 1.50, 2.33, 0.00, 0.91, 1.74, 1.48, 0.00, 0.00, 0.00, 0.01, 1.68, 0.95, 0.00, 0.00, 0.00, 1.00, 1.00, 1.00, 1.00, 0.00, 1.00, 1.00, 1.00, 0.00, 0.00, 0.00, 0.00, 1.00, 1.00, 0.00, 0.00
6618,  0,  220.567,  0.98,  1, 0.00, 0.00, 1.16, 0.00, 1.46, 2.26, 0.00, 0.96, 1.65, 1.47, 0.00, 0.00, 0.00, 0.01, 1.71, 1.13, 0.00, 0.00, 0.00, 1.00, 1.00, 1.00, 1.00, 0.00, 1.00, 1.00, 1.00, 0.00, 0.00, 0.00, 0.00, 1.00, 1.00, 0.00, 0.00
6619,  0,  220.600,  0.98,  1, 0.00, 0.00, 1.20, 0.00, 1.34, 2.14, 0.00, 0.96, 1.53, 1.16, 0.00, 0.00, 0.00, 0.01, 1.80, 1.22, 0.00, 0.00, 0.00, 1.00, 1.00, 1.00, 1.00, 0.00, 1.00, 1.00, 1.00, 0.00, 0.00, 0.00, 0.00, 1.00, 1.00, 0.00, 0.00
6620,  0,  220.633,  0.98,  1, 0.00, 0.00, 1.26, 0.00, 1.22, 2.35, 0.00, 0.92, 1.40, 0.91, 0.00, 0.00, 0.00, 0.00, 1.82, 1.30, 0.19, 0.00, 0.00, 1.00, 1.00, 1.00, 1.00, 0.00, 1.00, 1.00, 1.00, 0.00, 0.00, 0.00, 0.00, 1.00, 1.00, 0.00, 0.00
6621,  0,  220.667,  0.98,  1, 0.00, 0.00, 1.22, 0.07, 1.03, 2.07, 0.00, 0.79, 1.26, 0.57, 0.00, 0.00, 0.00, 0.00, 1.82, 1.32, 0.92, 0.00, 0.00, 1.00, 1.00, 1.00, 1.00, 0.00, 1.00, 0.00, 1.00, 0.00, 0.00, 0.00, 0.00, 1.00, 1.00, 0.00, 1.00
6622,  0,  220.700,  0.98,  1, 0.00, 0.00, 1.05, 0.07, 0.71, 1.45, 0.00, 0.60, 1.05, 0.53, 0.00, 0.00, 0.00, 0.00, 1.53, 1.34, 1.77, 0.00, 0.00, 1.00, 1.00, 1.00, 1.00, 0.00, 1.00, 0.00, 1.00, 0.00, 0.00, 0.00, 0.00, 1.00, 1.00, 0.00, 1.00
6623,  0,  220.733,  0.98,  1, 0.00, 0.00, 0.81, 0.07, 0.39, 0.58, 0.00, 0.45, 0.79, 0.65, 0.00, 0.25, 0.00, 0.00, 0.94, 1.21, 2.45, 0.00, 0.00, 1.00, 0.00, 0.00, 1.00, 0.00, 1.00, 0.00, 1.00, 0.00, 0.00, 0.00, 1.00, 1.00, 1.00, 0.00, 1.00
6624,  0,  220.767,  0.98,  1, 0.00, 0.00, 0.81, 0.00, 0.25, 0.34, 0.00, 0.27, 0.45, 1.00, 0.08, 0.61, 0.00, 0.00, 0.37, 0.95, 2.60, 0.00, 0.00, 1.00, 0.00, 0.00, 1.00, 0.00, 1.00, 0.00, 1.00, 0.00, 0.00, 0.00, 1.00, 0.00, 0.00, 0.00, 1.00
6625,  0,  220.800,  0.98,  1, 0.06, 0.00, 1.12, 0.00, 0.41, 0.71, 0.05, 0.24, 0.27, 1.32, 0.22, 0.96, 0.00, 0.00, 0.21, 0.76, 2.43, 0.00, 0.00, 1.00, 0.00, 0.00, 1.00, 0.00, 1.00, 0.00, 1.00, 0.00, 0.00, 0.00, 1.00, 0.00, 0.00, 0.00, 1.00
6626,  0,  220.833,  0.98,  1, 0.14, 0.00, 1.37, 0.00, 0.51, 0.98, 0.06, 0.14, 0.26, 1.30, 0.43, 0.74, 0.00, 0.00, 0.71, 0.61, 1.97, 0.00, 0.00, 1.00, 0.00, 0.00, 1.00, 0.00, 1.00, 0.00, 1.00, 0.00, 0.00, 0.00, 1.00, 0.00, 0.00, 0.00, 1.00
6627,  0,  220.867,  0.98,  1, 0.16, 0.00, 1.48, 0.00, 0.58, 1.33, 0.12, 0.17, 0.46, 0.93, 0.54, 0.38, 0.00, 0.00, 1.24, 0.65, 1.18, 0.00, 0.00, 1.00, 0.00, 0.00, 1.00, 0.00, 1.00, 1.00, 1.00, 0.00, 0.00, 0.00, 0.00, 0.00, 0.00, 0.00, 1.00
6628,  0,  220.900,  0.98,  1, 0.14, 0.00, 1.32, 0.00, 0.55, 1.39, 0.15, 0.08, 0.65, 0.59, 0.53, 0.04, 0.00, 0.00, 1.46, 0.59, 0.55, 0.00, 0.00, 1.00, 0.00, 0.00, 1.00, 0.00, 1.00, 1.00, 1.00, 0.00, 0.00, 0.00, 0.00, 1.00, 0.00, 0.00, 1.00
6629,  0,  220.933,  0.98,  1, 0.18, 0.00, 1.30, 0.00, 0.58, 1.73, 0.17, 0.07, 0.81, 0.48, 0.45, 0.00, 0.00, 0.00, 1.42, 0.65, 0.15, 0.00, 0.00, 1.00, 0.00, 0.00, 1.00, 0.00, 1.00, 1.00, 1.00, 0.00, 0.00, 0.00, 0.00, 1.00, 0.00, 0.00, 1.00
6630,  0,  220.967,  0.98,  1, 0.20, 0.00, 1.12, 0.00, 0.62, 1.89, 0.11, 0.01, 0.91, 0.63, 0.26, 0.00, 0.00, 0.00, 1.42, 0.77, 0.05, 0.00, 0.00, 1.00, 0.00, 0.00, 1.00, 0.00, 1.00, 1.00, 1.00, 0.00, 0.00, 0.00, 0.00, 1.00, 0.00, 0.00, 0.00
6631,  0,  221.000,  0.98,  1, 0.28, 0.00, 1.10, 0.00, 0.60, 1.90, 0.03, 0.06, 0.96, 0.70, 0.16, 0.00, 0.00, 0.00, 1.50, 0.99, 0.00, 0.00, 0.00, 1.00, 0.00, 0.00, 1.00, 0.00, 1.00, 1.00, 1.00, 0.00, 0.00, 0.00, 0.00, 1.00, 0.00, 0.00, 0.00
6632,  0,  221.033,  0.98,  1, 0.24, 0.00, 0.98, 0.00, 0.63, 1.79, 0.00, 0.09, 0.92, 0.77, 0.06, 0.00, 0.00, 0.00, 1.54, 1.07, 0.00, 0.00, 0.00, 1.00, 0.00, 0.00, 1.00, 0.00, 1.00, 1.00, 1.00, 0.00, 0.00, 0.00, 0.00, 1.00, 0.00, 0.00, 0.00
6633,  0,  221.067,  0.98,  1, 0.25, 0.00, 0.99, 0.00, 0.58, 1.63, 0.00, 0.17, 0.85, 0.77, 0.06, 0.00, 0.00, 0.00, 1.56, 1.02, 0.00, 0.00, 0.00, 1.00, 0.00, 0.00, 1.00, 0.00, 1.00, 1.00, 1.00, 0.00, 0.00, 0.00, 0.00, 1.00, 0.00, 0.00, 0.00
6634,  0,  221.100,  0.98,  1, 0.21, 0.00, 1.04, 0.00, 0.58, 1.57, 0.08, 0.21, 0.78, 0.88, 0.03, 0.02, 0.00, 0.00, 1.63, 0.94, 0.00, 0.00, 0.00, 1.00, 1.00, 0.00, 1.00, 0.00, 1.00, 1.00, 1.00, 0.00, 0.00, 0.00, 0.00, 1.00, 0.00, 0.00, 0.00
6635,  0,  221.133,  0.98,  1, 0.25, 0.00, 1.16, 0.00, 0.59, 1.65, 0.12, 0.34, 0.77, 1.01, 0.00, 0.02, 0.00, 0.00, 1.58, 0.77, 0.00, 0.00, 0.00, 1.00, 1.00, 0.00, 1.00, 0.00, 1.00, 1.00, 1.00, 0.00, 0.00, 0.00, 0.00, 1.00, 0.00, 0.00, 0.00
6636,  0,  221.167,  0.98,  1, 0.23, 0.00, 1.19, 0.00, 0.58, 1.65, 0.13, 0.38, 0.72, 1.01, 0.00, 0.02, 0.03, 0.00, 1.54, 0.54, 0.04, 0.00, 0.00, 1.00, 1.00, 0.00, 1.00, 0.00, 1.00, 1.00, 1.00, 0.00, 0.00, 0.00, 0.00, 1.00, 0.00, 0.00, 0.00
6637,  0,  221.200,  0.98,  1, 0.15, 0.00, 1.08, 0.00, 0.50, 1.64, 0.05, 0.43, 0.60, 0.96, 0.00, 0.15, 0.03, 0.00, 1.47, 0.36, 0.09, 0.00, 0.00, 1.00, 1.00, 0.00, 1.00, 0.00, 1.00, 1.00, 1.00, 0.00, 0.00, 0.00, 0.00, 1.00, 0.00, 0.00, 0.00
6638,  0,  221.233,  0.98,  1, 0.06, 0.00, 1.02, 0.00, 0.43, 1.45, 0.01, 0.36, 0.45, 0.84, 0.00, 0.27, 0.03, 0.00, 1.55, 0.20, 0.09, 0.00, 0.00, 1.00, 1.00, 0.00, 1.00, 0.00, 1.00, 0.00, 1.00, 0.00, 0.00, 0.00, 1.00, 1.00, 1.00, 0.00, 0.00
6639,  0,  221.267,  0.98,  1, 0.05, 0.00, 1.05, 0.00, 0.40, 1.36, 0.00, 0.36, 0.37, 0.91, 0.00, 0.45, 0.00, 0.00, 1.65, 0.19, 0.04, 0.00, 0.00, 1.00, 1.00, 0.00, 1.00, 0.00, 1.00, 0.00, 1.00, 0.00, 0.00, 0.00, 1.00, 1.00, 1.00, 0.00, 0.00
6640,  0,  221.300,  0.98,  1, 0.10, 0.00, 1.10, 0.00, 0.47, 1.40, 0.00, 0.32, 0.39, 0.91, 0.00, 0.50, 0.00, 0.00, 1.82, 0.09, 0.00, 0.00, 0.00, 1.00, 1.00, 0.00, 1.00, 0.00, 1.00, 0.00, 1.00, 0.00, 0.00, 0.00, 1.00, 1.00, 1.00, 0.00, 0.00
6641,  0,  221.333,  0.98,  1, 0.13, 0.00, 1.16, 0.00, 0.55, 1.56, 0.00, 0.22, 0.42, 1.06, 0.00, 0.61, 0.00, 0.00, 1.88, 0.10, 0.00, 0.00, 0.00, 1.00, 1.00, 0.00, 1.00, 0.00, 1.00, 0.00, 1.00, 0.00, 0.00, 0.00, 1.00, 1.00, 1.00, 0.00, 0.00
6642,  0,  221.367,  0.98,  1, 0.17, 0.00, 1.19, 0.00, 0.56, 1.67, 0.00, 0.15, 0.37, 1.10, 0.00, 0.68, 0.00, 0.00, 1.94, 0.05, 0.00, 0.00, 0.00, 1.00, 1.00, 0.00, 1.00, 0.00, 1.00, 0.00, 1.00, 0.00, 0.00, 0.00, 1.00, 1.00, 1.00, 0.00, 0.00
6643,  0,  221.400,  0.98,  1, 0.18, 0.00, 1.29, 0.00, 0.54, 1.62, 0.00, 0.16, 0.35, 1.11, 0.00, 0.65, 0.00, 0.00, 1.93, 0.01, 0.00, 0.00, 0.00, 1.00, 1.00, 0.00, 1.00, 0.00, 1.00, 0.00, 1.00, 0.00, 0.00, 0.00, 1.00, 1.00, 1.00, 0.00, 0.00
6644,  0,  221.433,  0.98,  1, 0.27, 0.00, 1.30, 0.00, 0.46, 1.57, 0.00, 0.25, 0.36, 0.91, 0.00, 0.59, 0.00, 0.00, 1.98, 0.00, 0.00, 0.00, 0.00, 1.00, 1.00, 0.00, 1.00, 0.00, 1.00, 0.00, 1.00, 0.00, 0.00, 0.00, 1.00, 1.00, 1.00, 0.00, 0.00
6645,  0,  221.467,  0.98,  1, 0.37, 0.00, 1.33, 0.00, 0.47, 1.43, 0.00, 0.30, 0.40, 0.83, 0.00, 0.51, 0.00, 0.00, 1.97, 0.00, 0.00, 0.00, 0.00, 1.00, 1.00, 0.00, 1.00, 0.00, 1.00, 0.00, 1.00, 0.00, 0.00, 0.00, 1.00, 1.00, 1.00, 0.00, 0.00
6646,  0,  221.500,  0.98,  1, 0.38, 0.00, 1.32, 0.00, 0.51, 1.35, 0.00, 0.45, 0.51, 0.83, 0.00, 0.52, 0.05, 0.00, 1.99, 0.00, 0.39, 0.00, 0.00, 1.00, 1.00, 0.00, 1.00, 0.00, 1.00, 0.00, 1.00, 0.00, 0.00, 0.00, 1.00, 1.00, 1.00, 0.00, 0.00
6647,  0,  221.533,  0.98,  1, 0.24, 0.00, 1.37, 0.04, 0.61, 0.90, 0.00, 0.62, 0.64, 1.03, 0.00, 0.38, 0.05, 0.00, 2.08, 0.00, 1.12, 0.00, 0.00, 1.00, 1.00, 0.00, 1.00, 0.00, 1.00, 0.00, 1.00, 0.00, 0.00, 0.00, 1.00, 1.00, 1.00, 0.00, 1.00
6648,  0,  221.567,  0.98,  1, 0.07, 0.00, 1.36, 0.11, 0.63, 0.66, 0.02, 0.75, 0.76, 0.87, 0.00, 0.28, 0.06, 0.00, 2.10, 0.16, 1.93, 0.00, 0.00, 1.00, 1.00, 1.00, 1.00, 0.00, 1.00, 0.00, 1.00, 0.00, 0.00, 0.00, 1.00, 1.00, 1.00, 0.00, 1.00
6649,  0,  221.600,  0.93,  1, 0.00, 0.00, 1.39, 0.16, 0.64, 0.65, 0.10, 0.75, 0.79, 0.70, 0.00, 0.12, 0.01, 0.00, 1.99, 0.45, 2.32, 0.00, 0.00, 1.00, 1.00, 1.00, 1.00, 0.00, 1.00, 0.00, 1.00, 0.00, 0.00, 0.00, 1.00, 1.00, 1.00, 0.00, 1.00
6650,  0,  221.633,  0.93,  1, 0.00, 0.00, 1.26, 0.12, 0.62, 1.02, 0.11, 0.65, 0.72, 0.45, 0.00, 0.13, 0.01, 0.00, 1.73, 0.71, 2.21, 0.00, 0.00, 1.00, 1.00, 1.00, 1.00, 0.00, 1.00, 0.00, 1.00, 0.00, 0.00, 0.00, 1.00, 1.00, 1.00, 0.00, 1.00
6651,  0,  221.667,  0.98,  1, 0.00, 0.00, 1.21, 0.05, 0.61, 1.42, 0.08, 0.66, 0.56, 0.66, 0.00, 0.37, 0.05, 0.00, 1.31, 0.85, 1.89, 0.00, 0.00, 1.00, 1.00, 0.00, 1.00, 0.00, 1.00, 0.00, 1.00, 0.00, 0.00, 0.00, 1.00, 1.00, 1.00, 0.00, 1.00
6652,  0,  221.700,  0.98,  1, 0.02, 0.00, 1.07, 0.00, 0.53, 1.51, 0.01, 0.55, 0.30, 0.87, 0.00, 0.52, 0.05, 0.00, 0.83, 0.59, 1.38, 0.00, 0.00, 1.00, 1.00, 0.00, 1.00, 0.00, 1.00, 0.00, 1.00, 0.00, 0.00, 0.00, 1.00, 1.00, 0.00, 0.00, 1.00
6653,  0,  221.733,  0.98,  1, 0.04, 0.00, 1.08, 0.00, 0.47, 1.60, 0.00, 0.59, 0.10, 1.10, 0.00, 0.61, 0.05, 0.00, 0.38, 0.39, 1.08, 0.00, 0.00, 1.00, 1.00, 0.00, 1.00, 0.00, 1.00, 0.00, 1.00, 0.00, 0.00, 0.00, 1.00, 1.00, 0.00, 0.00, 1.00
6654,  0,  221.767,  0.98,  1, 0.10, 0.00, 1.08, 0.00, 0.46, 1.52, 0.00, 0.54, 0.01, 1.24, 0.00, 0.56, 0.00, 0.00, 0.19, 0.10, 0.81, 0.00, 0.00, 1.00, 1.00, 0.00, 1.00, 0.00, 1.00, 0.00, 1.00, 0.00, 0.00, 0.00, 1.00, 1.00, 0.00, 0.00, 1.00
6655,  0,  221.800,  0.98,  1, 0.14, 0.00, 1.12, 0.00, 0.50, 1.60, 0.00, 0.57, 0.04, 1.31, 0.00, 0.63, 0.00, 0.00, 0.35, 0.07, 0.75, 0.00, 0.00, 1.00, 1.00, 0.00, 1.00, 0.00, 1.00, 0.00, 1.00, 0.00, 0.00, 0.00, 1.00, 0.00, 0.00, 0.00, 1.00
6656,  0,  221.833,  0.98,  1, 0.21, 0.00, 1.16, 0.00, 0.52, 1.68, 0.00, 0.47, 0.04, 1.25, 0.00, 0.74, 0.00, 0.00, 0.65, 0.11, 0.55, 0.00, 0.00, 1.00, 1.00, 0.00, 1.00, 0.00, 1.00, 0.00, 1.00, 0.00, 0.00, 0.00, 1.00, 0.00, 0.00, 0.00, 1.00
6657,  0,  221.867,  0.98,  1, 0.29, 0.00, 1.15, 0.00, 0.45, 1.76, 0.00, 0.43, 0.03, 1.12, 0.00, 0.84, 0.00, 0.00, 0.62, 0.16, 0.45, 0.00, 0.00, 1.00, 1.00, 0.00, 1.00, 0.00, 1.00, 0.00, 1.00, 0.00, 0.00, 0.00, 1.00, 0.00, 0.00, 0.00, 1.00
6658,  0,  221.900,  0.98,  1, 0.29, 0.00, 1.28, 0.00, 0.35, 1.79, 0.00, 0.25, 0.00, 1.13, 0.00, 0.82, 0.00, 0.00, 0.37, 0.17, 0.34, 0.00, 0.00, 1.00, 1.00, 0.00, 1.00, 0.00, 1.00, 0.00, 1.00, 0.00, 0.00, 0.00, 1.00, 0.00, 0.00, 0.00, 1.00
6659,  0,  221.933,  0.98,  1, 0.28, 0.02, 1.30, 0.00, 0.21, 1.61, 0.00, 0.16, 0.00, 1.10, 0.00, 0.80, 0.00, 0.00, 0.08, 0.08, 0.39, 0.00, 0.00, 1.00, 1.00, 0.00, 1.00, 0.00, 1.00, 0.00, 1.00, 0.00, 0.00, 0.00, 1.00, 0.00, 0.00, 0.00, 1.00
6660,  0,  221.967,  0.98,  1, 0.14, 0.02, 1.32, 0.00, 0.11, 1.32, 0.00, 0.02, 0.00, 1.01, 0.08, 0.45, 0.00, 0.00, 0.16, 0.15, 0.32, 0.00, 0.00, 1.00, 1.00, 0.00, 1.00, 0.00, 1.00, 0.00, 1.00, 0.00, 0.00, 0.00, 1.00, 0.00, 0.00, 0.00, 1.00
6661,  0,  222.000,  0.98,  1, 0.13, 0.02, 1.22, 0.00, 0.05, 1.13, 0.00, 0.02, 0.00, 0.90, 0.12, 0.32, 0.00, 0.00, 0.39, 0.21, 0.31, 0.00, 0.00, 1.00, 1.00, 0.00, 1.00, 0.00, 1.00, 0.00, 1.00, 0.00, 0.00, 0.00, 1.00, 0.00, 0.00, 0.00, 1.00
6662,  0,  222.033,  0.98,  1, 0.07, 0.00, 1.24, 0.00, 0.02, 1.28, 0.00, 0.07, 0.00, 1.01, 0.12, 0.08, 0.00, 0.00, 0.59, 0.33, 0.29, 0.00, 0.00, 1.00, 1.00, 0.00, 1.00, 0.00, 1.00, 0.00, 1.00, 1.00, 0.00, 0.00, 1.00, 0.00, 0.00, 0.00, 1.00
6663,  0,  222.067,  0.98,  1, 0.19, 0.00, 1.30, 0.00, 0.03, 1.48, 0.00, 0.10, 0.00, 1.15, 0.04, 0.10, 0.00, 0.00, 0.64, 0.23, 0.34, 0.00, 0.00, 1.00, 1.00, 0.00, 1.00, 0.00, 1.00, 0.00, 1.00, 1.00, 0.00, 0.00, 1.00, 0.00, 0.00, 0.00, 1.00
6664,  0,  222.100,  0.98,  1, 0.22, 0.00, 1.40, 0.00, 0.02, 1.57, 0.00, 0.10, 0.00, 1.20, 0.00, 0.16, 0.00, 0.00, 0.59, 0.16, 0.40, 0.00, 0.00, 1.00, 1.00, 0.00, 1.00, 0.00, 1.00, 0.00, 1.00, 1.00, 0.00, 0.00, 1.00, 0.00, 0.00, 0.00, 0.00
6665,  0,  222.133,  0.98,  1, 0.28, 0.00, 1.40, 0.00, 0.02, 1.44, 0.00, 0.11, 0.00, 1.20, 0.02, 0.27, 0.00, 0.00, 0.47, 0.10, 0.37, 0.00, 0.00, 1.00, 1.00, 0.00, 1.00, 0.00, 1.00, 0.00, 1.00, 1.00, 0.00, 0.00, 1.00, 0.00, 0.00, 0.00, 0.00
6666,  0,  222.167,  0.98,  1, 0.31, 0.04, 1.48, 0.00, 0.02, 1.59, 0.00, 0.11, 0.00, 1.29, 0.02, 0.37, 0.00, 0.00, 0.37, 0.06, 0.39, 0.00, 0.00, 1.00, 1.00, 0.00, 1.00, 0.00, 1.00, 0.00, 1.00, 1.00, 0.00, 0.00, 1.00, 0.00, 0.00, 0.00, 0.00
6667,  0,  222.200,  0.98,  1, 0.33, 0.04, 1.46, 0.13, 0.03, 1.81, 0.00, 0.14, 0.00, 1.28, 0.02, 0.32, 0.00, 0.00, 0.25, 0.06, 0.25, 0.00, 0.00, 1.00, 1.00, 0.00, 1.00, 0.00, 1.00, 0.00, 1.00, 1.00, 0.00, 0.00, 1.00, 0.00, 0.00, 0.00, 0.00
6668,  0,  222.233,  0.98,  1, 0.38, 0.04, 1.51, 0.18, 0.06, 1.94, 0.00, 0.10, 0.00, 1.22, 0.00, 0.34, 0.00, 0.00, 0.25, 0.00, 0.13, 0.00, 0.00, 1.00, 1.00, 0.00, 1.00, 0.00, 1.00, 0.00, 1.00, 1.00, 0.00, 0.00, 1.00, 0.00, 0.00, 0.00, 0.00
6669,  0,  222.267,  0.98,  1, 0.33, 0.03, 1.44, 0.31, 0.12, 1.88, 0.00, 0.12, 0.00, 1.07, 0.00, 0.31, 0.00, 0.00, 0.44, 0.01, 0.00, 0.00, 0.00, 1.00, 1.00, 0.00, 1.00, 0.00, 1.00, 0.00, 1.00, 1.00, 0.00, 0.00, 1.00, 0.00, 0.00, 0.00, 0.00
6670,  0,  222.300,  0.98,  1, 0.21, 0.03, 1.44, 0.28, 0.22, 1.67, 0.01, 0.34, 0.01, 1.01, 0.00, 0.29, 0.04, 0.00, 0.86, 0.25, 0.00, 0.00, 0.00, 1.00, 1.00, 0.00, 1.00, 0.00, 1.00, 0.00, 1.00, 0.00, 0.00, 0.00, 1.00, 0.00, 0.00, 0.00, 0.00
6671,  0,  222.333,  0.98,  1, 0.10, 0.03, 1.40, 0.40, 0.31, 1.49, 0.01, 0.55, 0.07, 0.92, 0.00, 0.26, 0.07, 0.00, 1.36, 0.56, 0.00, 0.00, 0.00, 1.00, 1.00, 0.00, 1.00, 0.00, 1.00, 0.00, 1.00, 0.00, 0.00, 0.00, 1.00, 1.00, 1.00, 0.00, 0.00
6672,  0,  222.367,  0.98,  1, 0.10, 0.00, 1.48, 0.43, 0.39, 1.54, 0.01, 0.67, 0.20, 0.80, 0.00, 0.36, 0.07, 0.00, 1.65, 0.85, 0.00, 0.00, 0.00, 1.00, 1.00, 0.00, 1.00, 0.00, 1.00, 0.00, 1.00, 0.00, 0.00, 0.00, 1.00, 1.00, 1.00, 0.00, 0.00
6673,  0,  222.400,  0.98,  1, 0.22, 0.00, 1.46, 0.50, 0.45, 1.67, 0.00, 0.56, 0.30, 0.77, 0.00, 0.42, 0.03, 0.00, 1.89, 0.97, 0.00, 0.00, 0.00, 1.00, 1.00, 0.00, 1.00, 0.00, 1.00, 0.00, 1.00, 0.00, 0.00, 0.00, 1.00, 1.00, 1.00, 0.00, 0.00
6674,  0,  222.433,  0.98,  1, 0.35, 0.00, 1.41, 0.40, 0.44, 1.89, 0.00, 0.50, 0.36, 0.73, 0.00, 0.35, 0.00, 0.00, 1.95, 1.03, 0.00, 0.00, 0.00, 1.00, 1.00, 0.00, 1.00, 0.00, 1.00, 0.00, 1.00, 0.00, 0.00, 0.00, 1.00, 1.00, 1.00, 0.00, 0.00
6675,  0,  222.467,  0.98,  1, 0.37, 0.01, 1.35, 0.32, 0.49, 1.86, 0.06, 0.52, 0.40, 0.88, 0.00, 0.15, 0.00, 0.00, 2.09, 1.04, 0.00, 0.00, 0.00, 1.00, 1.00, 0.00, 1.00, 0.00, 1.00, 0.00, 1.00, 0.00, 0.00, 0.00, 1.00, 1.00, 1.00, 0.00, 0.00
6676,  0,  222.500,  0.98,  1, 0.37, 0.01, 1.25, 0.20, 0.49, 1.78, 0.06, 0.57, 0.47, 0.95, 0.00, 0.06, 0.00, 0.00, 2.00, 1.00, 0.00, 0.00, 0.00, 1.00, 1.00, 0.00, 1.00, 0.00, 1.00, 0.00, 1.00, 0.00, 0.00, 0.00, 1.00, 1.00, 1.00, 0.00, 0.00
6677,  0,  222.533,  0.98,  1, 0.38, 0.01, 1.23, 0.12, 0.54, 1.76, 0.11, 0.56, 0.55, 1.04, 0.00, 0.08, 0.00, 0.00, 1.94, 0.97, 0.08, 0.00, 0.00, 1.00, 1.00, 0.00, 1.00, 0.00, 1.00, 0.00, 1.00, 0.00, 0.00, 0.00, 1.00, 1.00, 1.00, 0.00, 0.00
6678,  0,  222.567,  0.98,  1, 0.37, 0.00, 1.16, 0.05, 0.51, 1.71, 0.06, 0.42, 0.54, 1.08, 0.00, 0.11, 0.00, 0.00, 1.84, 0.93, 0.25, 0.00, 0.00, 1.00, 1.00, 0.00, 1.00, 0.00, 1.00, 0.00, 1.00, 0.00, 0.00, 0.00, 1.00, 1.00, 1.00, 0.00, 0.00
6679,  0,  222.600,  0.98,  1, 0.36, 0.00, 1.16, 0.00, 0.52, 1.69, 0.06, 0.36, 0.50, 1.19, 0.00, 0.19, 0.00, 0.00, 1.75, 0.88, 0.47, 0.00, 0.00, 1.00, 1.00, 0.00, 1.00, 0.00, 1.00, 0.00, 1.00, 0.00, 0.00, 0.00, 1.00, 1.00, 1.00, 0.00, 0.00
6680,  0,  222.633,  0.98,  1, 0.32, 0.00, 1.10, 0.05, 0.48, 1.58, 0.09, 0.29, 0.45, 1.34, 0.00, 0.32, 0.00, 0.00, 1.51, 0.70, 0.66, 0.00, 0.00, 1.00, 1.00, 0.00, 1.00, 0.00, 1.00, 0.00, 1.00, 0.00, 0.00, 0.00, 1.00, 1.00, 0.00, 0.00, 0.00
6681,  0,  222.667,  0.98,  1, 0.21, 0.00, 1.09, 0.05, 0.44, 1.31, 0.08, 0.28, 0.39, 1.44, 0.00, 0.35, 0.02, 0.00, 1.29, 0.62, 0.65, 0.00, 0.00, 1.00, 1.00, 0.00, 1.00, 0.00, 1.00, 0.00, 1.00, 0.00, 0.00, 0.00, 1.00, 1.00, 0.00, 0.00, 0.00
6682,  0,  222.700,  0.98,  1, 0.19, 0.04, 1.18, 0.12, 0.41, 1.10, 0.12, 0.29, 0.33, 1.47, 0.00, 0.46, 0.02, 0.00, 1.03, 0.53, 0.54, 0.00, 0.00, 1.00, 1.00, 0.00, 1.00, 0.00, 1.00, 0.00, 1.00, 0.00, 0.00, 0.00, 1.00, 1.00, 0.00, 0.00, 0.00
6683,  0,  222.733,  0.98,  1, 0.20, 0.04, 1.22, 0.07, 0.41, 1.13, 0.11, 0.35, 0.26, 1.57, 0.00, 0.48, 0.02, 0.00, 0.99, 0.57, 0.30, 0.00, 0.00, 1.00, 1.00, 0.00, 1.00, 0.00, 1.00, 0.00, 1.00, 0.00, 0.00, 0.00, 1.00, 1.00, 0.00, 0.00, 0.00
6684,  0,  222.767,  0.98,  1, 0.29, 0.04, 1.25, 0.07, 0.48, 1.33, 0.11, 0.44, 0.26, 1.67, 0.00, 0.64, 0.00, 0.00, 0.95, 0.50, 0.34, 0.00, 0.00, 1.00, 1.00, 0.00, 1.00, 0.00, 1.00, 0.00, 1.00, 0.00, 0.00, 0.00, 1.00, 1.00, 0.00, 0.00, 0.00
6685,  0,  222.800,  0.98,  1, 0.38, 0.08, 1.29, 0.00, 0.51, 1.53, 0.12, 0.47, 0.26, 1.74, 0.00, 0.58, 0.00, 0.00, 1.07, 0.46, 0.27, 0.00, 0.00, 1.00, 1.00, 0.00, 1.00, 0.00, 1.00, 0.00, 1.00, 0.00, 0.00, 0.00, 1.00, 1.00, 0.00, 0.00, 0.00
6686,  0,  222.833,  0.98,  1, 0.31, 0.08, 1.35, 0.00, 0.57, 1.51, 0.09, 0.55, 0.36, 1.64, 0.00, 0.39, 0.00, 0.00, 1.22, 0.45, 0.29, 0.00, 0.00, 1.00, 1.00, 0.00, 1.00, 0.00, 1.00, 0.00, 1.00, 0.00, 0.00, 0.00, 1.00, 1.00, 0.00, 0.00, 0.00
6687,  0,  222.867,  0.98,  1, 0.32, 0.08, 1.33, 0.00, 0.54, 1.61, 0.10, 0.55, 0.44, 1.50, 0.00, 0.17, 0.00, 0.00, 1.49, 0.55, 0.15, 0.00, 0.00, 1.00, 1.00, 0.00, 1.00, 0.00, 1.00, 0.00, 1.00, 0.00, 0.00, 0.00, 1.00, 1.00, 0.00, 0.00, 0.00
6688,  0,  222.900,  0.98,  1, 0.28, 0.00, 1.35, 0.00, 0.56, 1.72, 0.05, 0.61, 0.57, 1.51, 0.00, 0.00, 0.00, 0.00, 1.72, 0.70, 0.30, 0.00, 0.00, 1.00, 1.00, 0.00, 1.00, 0.00, 1.00, 0.00, 1.00, 0.00, 0.00, 0.00, 1.00, 1.00, 0.00, 0.00, 0.00
6689,  0,  222.933,  0.98,  1, 0.32, 0.00, 1.31, 0.00, 0.57, 1.69, 0.01, 0.54, 0.69, 1.64, 0.00, 0.02, 0.00, 0.00, 1.95, 0.84, 0.60, 0.00, 0.00, 1.00, 1.00, 0.00, 1.00, 0.00, 1.00, 0.00, 1.00, 0.00, 0.00, 0.00, 1.00, 1.00, 0.00, 0.00, 0.00
6690,  0,  222.967,  0.98,  1, 0.35, 0.00, 1.31, 0.00, 0.60, 1.43, 0.01, 0.64, 0.76, 1.83, 0.00, 0.02, 0.01, 0.00, 1.83, 0.81, 1.26, 0.00, 0.00, 1.00, 1.00, 0.00, 1.00, 0.00, 1.00, 0.00, 1.00, 0.00, 0.00, 0.00, 1.00, 1.00, 0.00, 0.00, 1.00
6691,  0,  223.000,  0.98,  1, 0.25, 0.00, 1.12, 0.08, 0.53, 0.94, 0.06, 0.61, 0.73, 1.87, 0.00, 0.02, 0.17, 0.00, 1.70, 0.76, 1.91, 0.00, 0.00, 1.00, 1.00, 0.00, 1.00, 0.00, 1.00, 0.00, 1.00, 0.00, 0.00, 0.00, 1.00, 1.00, 0.00, 0.00, 1.00
6692,  0,  223.033,  0.98,  1, 0.16, 0.00, 1.17, 0.12, 0.50, 0.77, 0.14, 0.60, 0.66, 1.79, 0.00, 0.05, 0.25, 0.00, 1.51, 0.60, 2.31, 0.00, 0.00, 1.00, 1.00, 0.00, 1.00, 0.00, 1.00, 0.00, 1.00, 0.00, 0.00, 0.00, 1.00, 1.00, 0.00, 0.00, 1.00
6693,  0,  223.067,  0.98,  1, 0.05, 0.00, 1.26, 0.21, 0.55, 0.98, 0.22, 0.43, 0.59, 1.64, 0.00, 0.05, 0.35, 0.00, 1.52, 0.47, 2.14, 0.00, 0.00, 1.00, 1.00, 0.00, 1.00, 0.00, 1.00, 0.00, 1.00, 0.00, 0.00, 0.00, 1.00, 1.00, 0.00, 0.00, 1.00
6694,  0,  223.100,  0.98,  1, 0.03, 0.00, 1.40, 0.13, 0.70, 1.46, 0.27, 0.39, 0.56, 1.43, 0.00, 0.27, 0.21, 0.00, 1.42, 0.23, 1.75, 0.00, 0.00, 1.00, 1.00, 0.00, 1.00, 0.00, 1.00, 0.00, 1.00, 0.00, 0.00, 0.00, 1.00, 1.00, 0.00, 0.00, 1.00
6695,  0,  223.133,  0.98,  1, 0.10, 0.00, 1.44, 0.08, 0.85, 1.71, 0.20, 0.35, 0.56, 1.33, 0.00, 0.56, 0.22, 0.00, 1.38, 0.11, 1.23, 0.00, 0.00, 1.00, 1.00, 0.00, 1.00, 0.00, 1.00, 0.00, 1.00, 0.00, 0.00, 0.00, 1.00, 1.00, 0.00, 0.00, 1.00
6696,  0,  223.167,  0.98,  1, 0.09, 0.00, 1.32, 0.00, 0.80, 1.71, 0.11, 0.30, 0.50, 1.17, 0.00, 0.81, 0.19, 0.00, 1.31, 0.15, 0.82, 0.00, 0.00, 1.00, 1.00, 0.00, 1.00, 0.00, 1.00, 0.00, 1.00, 0.00, 1.00, 0.00, 1.00, 1.00, 0.00, 0.00, 1.00
6697,  0,  223.200,  0.98,  1, 0.07, 0.00, 1.24, 0.00, 0.72, 1.71, 0.02, 0.17, 0.45, 1.05, 0.00, 0.76, 0.23, 0.00, 1.38, 0.15, 0.56, 0.00, 0.00, 1.00, 1.00, 0.00, 1.00, 0.00, 1.00, 0.00, 1.00, 0.00, 1.00, 0.00, 1.00, 1.00, 1.00, 0.00, 1.00
6698,  0,  223.233,  0.98,  1, 0.00, 0.00, 1.20, 0.00, 0.55, 1.85, 0.00, 0.04, 0.39, 0.95, 0.00, 0.67, 0.14, 0.00, 1.40, 0.14, 0.62, 0.00, 0.00, 1.00, 1.00, 0.00, 1.00, 0.00, 1.00, 0.00, 1.00, 0.00, 1.00, 0.00, 1.00, 1.00, 1.00, 0.00, 1.00
6699,  0,  223.267,  0.98,  1, 0.07, 0.00, 1.21, 0.00, 0.45, 1.85, 0.00, 0.06, 0.39, 0.87, 0.00, 0.53, 0.06, 0.00, 1.36, 0.03, 0.63, 0.00, 0.00, 1.00, 1.00, 0.00, 1.00, 0.00, 1.00, 0.00, 1.00, 0.00, 0.00, 0.00, 1.00, 1.00, 1.00, 0.00, 0.00
6700,  0,  223.300,  0.98,  1, 0.09, 0.00, 1.23, 0.00, 0.37, 1.91, 0.00, 0.12, 0.45, 0.79, 0.00, 0.43, 0.00, 0.00, 1.34, 0.03, 0.64, 0.00, 0.00, 1.00, 1.00, 0.00, 1.00, 0.00, 1.00, 0.00, 1.00, 0.00, 0.00, 0.00, 1.00, 1.00, 1.00, 0.00, 0.00
6701,  0,  223.333,  0.98,  1, 0.13, 0.00, 1.20, 0.00, 0.37, 1.82, 0.00, 0.12, 0.46, 0.73, 0.00, 0.30, 0.00, 0.00, 1.40, 0.00, 0.53, 0.00, 0.00, 1.00, 1.00, 0.00, 1.00, 0.00, 1.00, 0.00, 1.00, 0.00, 0.00, 0.00, 1.00, 1.00, 1.00, 0.00, 0.00
6702,  0,  223.367,  0.98,  1, 0.11, 0.00, 1.25, 0.00, 0.36, 1.94, 0.00, 0.06, 0.50, 0.69, 0.00, 0.38, 0.00, 0.00, 1.50, 0.03, 0.39, 0.00, 0.00, 1.00, 1.00, 0.00, 1.00, 0.00, 1.00, 0.00, 1.00, 0.00, 0.00, 0.00, 1.00, 1.00, 1.00, 0.00, 0.00
6703,  0,  223.400,  0.98,  1, 0.15, 0.00, 1.32, 0.00, 0.34, 1.82, 0.00, 0.04, 0.54, 0.66, 0.00, 0.49, 0.00, 0.00, 1.62, 0.08, 0.31, 0.00, 0.00, 1.00, 1.00, 0.00, 1.00, 0.00, 1.00, 0.00, 1.00, 0.00, 0.00, 0.00, 1.00, 1.00, 1.00, 0.00, 0.00
6704,  0,  223.433,  0.98,  1, 0.25, 0.00, 1.42, 0.00, 0.29, 1.90, 0.00, 0.14, 0.65, 0.66, 0.00, 0.50, 0.00, 0.00, 1.60, 0.14, 0.45, 0.00, 0.00, 1.00, 1.00, 0.00, 1.00, 0.00, 1.00, 0.00, 1.00, 0.00, 0.00, 0.00, 1.00, 1.00, 1.00, 0.00, 0.00
6705,  0,  223.467,  0.98,  1, 0.24, 0.00, 1.43, 0.03, 0.30, 1.65, 0.00, 0.22, 0.75, 0.70, 0.00, 0.30, 0.00, 0.00, 1.63, 0.16, 1.39, 0.00, 0.00, 1.00, 1.00, 0.00, 1.00, 0.00, 1.00, 1.00, 1.00, 0.00, 0.00, 0.00, 1.00, 1.00, 1.00, 0.00, 1.00
6706,  0,  223.500,  0.98,  1, 0.18, 0.00, 1.36, 0.03, 0.35, 1.28, 0.00, 0.30, 0.85, 0.62, 0.00, 0.11, 0.00, 0.00, 1.77, 0.28, 2.23, 0.00, 0.00, 1.00, 1.00, 0.00, 1.00, 0.00, 1.00, 1.00, 1.00, 0.00, 0.00, 0.00, 1.00, 1.00, 1.00, 0.00, 1.00
6707,  0,  223.533,  0.98,  1, 0.04, 0.00, 1.31, 0.10, 0.47, 0.89, 0.00, 0.34, 0.96, 0.44, 0.00, 0.00, 0.00, 0.00, 1.98, 0.41, 2.88, 0.00, 0.00, 1.00, 0.00, 0.00, 1.00, 0.00, 1.00, 1.00, 1.00, 0.00, 0.00, 0.00, 1.00, 1.00, 1.00, 0.00, 1.00
6708,  0,  223.567,  0.98,  1, 0.00, 0.00, 1.35, 0.07, 0.62, 0.87, 0.00, 0.36, 1.11, 0.35, 0.00, 0.05, 0.00, 0.00, 2.10, 0.54, 2.38, 0.00, 0.00, 1.00, 0.00, 1.00, 1.00, 0.00, 1.00, 1.00, 1.00, 0.00, 0.00, 0.00, 1.00, 1.00, 1.00, 0.00, 1.00
6709,  0,  223.600,  0.98,  1, 0.08, 0.00, 1.37, 0.07, 0.77, 1.19, 0.00, 0.34, 1.20, 0.40, 0.00, 0.10, 0.00, 0.00, 1.95, 0.42, 1.71, 0.00, 0.00, 1.00, 0.00, 1.00, 1.00, 0.00, 1.00, 1.00, 1.00, 0.00, 0.00, 0.00, 1.00, 1.00, 1.00, 0.00, 1.00
6710,  0,  223.633,  0.98,  1, 0.10, 0.00, 1.27, 0.00, 0.80, 1.56, 0.00, 0.29, 1.18, 0.48, 0.00, 0.11, 0.00, 0.00, 1.70, 0.48, 0.95, 0.00, 0.00, 1.00, 1.00, 1.00, 1.00, 0.00, 1.00, 1.00, 1.00, 0.00, 0.00, 0.00, 1.00, 1.00, 1.00, 0.00, 1.00
6711,  0,  223.667,  0.98,  1, 0.10, 0.00, 1.21, 0.00, 0.80, 1.93, 0.00, 0.29, 1.10, 0.45, 0.00, 0.06, 0.00, 0.00, 1.49, 0.57, 0.46, 0.00, 0.00, 1.00, 0.00, 1.00, 1.00, 0.00, 1.00, 1.00, 1.00, 0.00, 0.00, 0.00, 0.00, 1.00, 1.00, 0.00, 1.00
6712,  0,  223.700,  0.98,  1, 0.06, 0.00, 1.30, 0.00, 0.74, 2.05, 0.00, 0.30, 1.02, 0.45, 0.00, 0.02, 0.00, 0.00, 1.42, 0.81, 0.19, 0.00, 0.00, 1.00, 0.00, 1.00, 1.00, 0.00, 1.00, 1.00, 1.00, 0.00, 0.00, 0.00, 0.00, 1.00, 1.00, 0.00, 1.00
6713,  0,  223.733,  0.98,  1, 0.04, 0.00, 1.40, 0.00, 0.69, 1.95, 0.00, 0.30, 1.00, 0.47, 0.00, 0.00, 0.00, 0.00, 1.49, 0.90, 0.00, 0.00, 0.00, 1.00, 1.00, 1.00, 1.00, 0.00, 1.00, 1.00, 1.00, 0.00, 0.00, 0.00, 0.00, 1.00, 1.00, 0.00, 0.00
6714,  0,  223.767,  0.98,  1, 0.04, 0.00, 1.50, 0.00, 0.65, 1.78, 0.00, 0.23, 0.96, 0.48, 0.00, 0.00, 0.00, 0.00, 1.63, 0.89, 0.00, 0.00, 0.00, 1.00, 1.00, 0.00, 1.00, 0.00, 1.00, 1.00, 1.00, 0.00, 0.00, 0.00, 0.00, 1.00, 1.00, 0.00, 0.00
6715,  0,  223.800,  0.98,  1, 0.07, 0.05, 1.47, 0.00, 0.58, 1.64, 0.00, 0.20, 0.90, 0.52, 0.00, 0.04, 0.00, 0.00, 1.66, 0.76, 0.00, 0.00, 0.00, 1.00, 1.00, 0.00, 1.00, 0.00, 1.00, 1.00, 1.00, 0.00, 0.00, 0.00, 0.00, 1.00, 1.00, 0.00, 0.00
6716,  0,  223.833,  0.98,  1, 0.10, 0.05, 1.46, 0.00, 0.53, 1.61, 0.00, 0.31, 0.79, 0.58, 0.00, 0.18, 0.00, 0.00, 1.47, 0.46, 0.00, 0.00, 0.00, 1.00, 1.00, 0.00, 1.00, 0.00, 1.00, 1.00, 1.00, 0.00, 0.00, 0.00, 0.00, 1.00, 1.00, 0.00, 0.00
6717,  0,  223.867,  0.98,  1, 0.16, 0.14, 1.42, 0.00, 0.44, 1.61, 0.00, 0.46, 0.63, 0.60, 0.00, 0.39, 0.00, 0.00, 1.20, 0.23, 0.00, 0.00, 0.00, 1.00, 1.00, 0.00, 1.00, 0.00, 1.00, 1.00, 1.00, 0.00, 0.00, 0.00, 1.00, 0.00, 0.00, 0.00, 0.00
6718,  0,  223.900,  0.98,  1, 0.10, 0.14, 1.31, 0.00, 0.31, 1.58, 0.00, 0.41, 0.47, 0.55, 0.07, 0.59, 0.00, 0.00, 0.82, 0.19, 0.00, 0.00, 0.00, 1.00, 1.00, 0.00, 1.00, 0.00, 1.00, 1.00, 1.00, 0.00, 0.00, 0.00, 1.00, 0.00, 0.00, 0.00, 0.00
6719,  0,  223.933,  0.98,  1, 0.12, 0.14, 1.28, 0.00, 0.16, 1.43, 0.00, 0.28, 0.36, 0.47, 0.16, 0.65, 0.00, 0.00, 0.66, 0.30, 0.00, 0.00, 0.00, 1.00, 1.00, 0.00, 1.00, 0.00, 1.00, 1.00, 1.00, 0.00, 0.00, 0.00, 1.00, 0.00, 0.00, 0.00, 0.00
6720,  0,  223.967,  0.98,  1, 0.10, 0.04, 1.21, 0.00, 0.13, 1.18, 0.00, 0.23, 0.40, 0.43, 0.17, 0.62, 0.00, 0.00, 0.65, 0.48, 0.00, 0.00, 0.00, 1.00, 1.00, 0.00, 1.00, 0.00, 1.00, 1.00, 1.00, 0.00, 0.00, 0.00, 1.00, 0.00, 0.00, 0.00, 0.00
6721,  0,  224.000,  0.98,  1, 0.14, 0.00, 1.20, 0.00, 0.22, 1.10, 0.06, 0.33, 0.52, 0.48, 0.10, 0.39, 0.00, 0.00, 1.01, 0.73, 0.00, 0.00, 0.00, 1.00, 1.00, 0.00, 1.00, 0.00, 1.00, 1.00, 1.00, 0.00, 0.00, 0.00, 1.00, 0.00, 0.00, 0.00, 0.00
6722,  0,  224.033,  0.98,  1, 0.21, 0.00, 1.20, 0.00, 0.41, 1.25, 0.10, 0.49, 0.70, 0.62, 0.12, 0.23, 0.00, 0.00, 1.16, 0.94, 0.00, 0.00, 0.00, 1.00, 1.00, 0.00, 1.00, 0.00, 1.00, 1.00, 1.00, 0.00, 0.00, 0.00, 1.00, 0.00, 0.00, 0.00, 0.00
6723,  0,  224.067,  0.98,  1, 0.23, 0.00, 1.17, 0.00, 0.48, 1.43, 0.13, 0.51, 0.75, 0.76, 0.12, 0.14, 0.00, 0.00, 1.23, 1.07, 0.00, 0.00, 0.00, 1.00, 1.00, 0.00, 1.00, 0.00, 1.00, 1.00, 1.00, 0.00, 0.00, 0.00, 1.00, 0.00, 0.00, 0.00, 0.00
6724,  0,  224.100,  0.98,  1, 0.30, 0.00, 1.25, 0.00, 0.48, 1.61, 0.08, 0.55, 0.72, 0.79, 0.18, 0.30, 0.00, 0.00, 0.99, 0.89, 0.00, 0.00, 0.00, 1.00, 1.00, 0.00, 1.00, 0.00, 1.00, 1.00, 1.00, 0.00, 0.00, 0.00, 1.00, 0.00, 0.00, 0.00, 0.00
6725,  0,  224.133,  0.98,  1, 0.35, 0.00, 1.31, 0.04, 0.43, 1.57, 0.04, 0.46, 0.60, 0.82, 0.26, 0.39, 0.00, 0.00, 0.82, 0.54, 0.00, 0.00, 0.00, 1.00, 1.00, 0.00, 1.00, 0.00, 1.00, 1.00, 1.00, 0.00, 0.00, 0.00, 1.00, 0.00, 0.00, 0.00, 0.00
6726,  0,  224.167,  0.98,  1, 0.49, 0.07, 1.46, 0.04, 0.41, 1.64, 0.00, 0.37, 0.51, 0.83, 0.39, 0.48, 0.00, 0.00, 0.62, 0.18, 0.00, 0.00, 0.00, 1.00, 1.00, 0.00, 1.00, 0.00, 1.00, 1.00, 1.00, 0.00, 0.00, 0.00, 1.00, 0.00, 0.00, 0.00, 0.00
6727,  0,  224.200,  0.98,  1, 0.56, 0.12, 1.51, 0.04, 0.42, 1.68, 0.00, 0.31, 0.43, 0.89, 0.43, 0.55, 0.01, 0.00, 0.62, 0.00, 0.00, 0.00, 0.00, 1.00, 1.00, 0.00, 1.00, 0.00, 1.00, 1.00, 1.00, 0.00, 0.00, 0.00, 1.00, 0.00, 0.00, 0.00, 0.00
6728,  0,  224.233,  0.98,  1, 0.61, 0.17, 1.50, 0.11, 0.45, 1.81, 0.00, 0.31, 0.43, 0.90, 0.36, 0.60, 0.04, 0.00, 0.77, 0.05, 0.00, 0.00, 0.00, 1.00, 1.00, 0.00, 1.00, 0.00, 1.00, 1.00, 1.00, 0.00, 0.00, 0.00, 1.00, 0.00, 0.00, 0.00, 0.00
6729,  0,  224.267,  0.98,  1, 0.53, 0.10, 1.43, 0.11, 0.47, 1.78, 0.00, 0.35, 0.53, 0.93, 0.26, 0.41, 0.04, 0.00, 1.11, 0.25, 0.00, 0.00, 0.00, 1.00, 1.00, 0.00, 1.00, 0.00, 1.00, 0.00, 1.00, 0.00, 0.00, 0.00, 1.00, 0.00, 0.00, 0.00, 0.00
6730,  0,  224.300,  0.98,  1, 0.36, 0.06, 1.39, 0.11, 0.55, 1.80, 0.09, 0.48, 0.66, 0.88, 0.20, 0.19, 0.03, 0.00, 1.44, 0.59, 0.00, 0.00, 0.00, 1.00, 1.00, 0.00, 1.00, 0.00, 1.00, 1.00, 1.00, 0.00, 0.00, 0.00, 0.00, 1.00, 1.00, 0.00, 0.00
6731,  0,  224.333,  0.98,  1, 0.14, 0.00, 1.33, 0.00, 0.57, 1.64, 0.11, 0.50, 0.77, 0.82, 0.17, 0.00, 0.00, 0.00, 1.68, 0.87, 0.00, 0.00, 0.00, 1.00, 1.00, 0.00, 1.00, 0.00, 1.00, 1.00, 1.00, 0.00, 0.00, 0.00, 0.00, 1.00, 1.00, 0.00, 0.00
6732,  0,  224.367,  0.98,  1, 0.03, 0.00, 1.34, 0.00, 0.62, 1.62, 0.13, 0.59, 0.81, 0.82, 0.13, 0.00, 0.00, 0.00, 1.71, 1.16, 0.00, 0.00, 0.00, 1.00, 1.00, 0.00, 1.00, 0.00, 1.00, 1.00, 1.00, 0.00, 0.00, 0.00, 0.00, 1.00, 1.00, 0.00, 0.00
6733,  0,  224.400,  0.98,  1, 0.00, 0.00, 1.34, 0.00, 0.60, 1.51, 0.04, 0.56, 0.88, 0.83, 0.09, 0.00, 0.00, 0.00, 1.59, 1.22, 0.00, 0.00, 0.00, 1.00, 1.00, 0.00, 1.00, 0.00, 1.00, 1.00, 1.00, 0.00, 0.00, 0.00, 0.00, 1.00, 1.00, 0.00, 0.00
6734,  0,  224.433,  0.98,  1, 0.00, 0.00, 1.40, 0.00, 0.64, 1.59, 0.02, 0.50, 0.90, 0.89, 0.00, 0.00, 0.00, 0.00, 1.45, 1.25, 0.00, 0.00, 0.00, 1.00, 1.00, 0.00, 1.00, 0.00, 1.00, 1.00, 1.00, 0.00, 0.00, 0.00, 0.00, 1.00, 1.00, 0.00, 0.00
6735,  0,  224.467,  0.98,  1, 0.06, 0.00, 1.45, 0.00, 0.67, 1.68, 0.00, 0.38, 0.86, 0.90, 0.00, 0.03, 0.00, 0.00, 1.34, 1.06, 0.00, 0.00, 0.00, 1.00, 1.00, 0.00, 1.00, 0.00, 1.00, 1.00, 1.00, 0.00, 0.00, 0.00, 0.00, 1.00, 1.00, 0.00, 0.00
6736,  0,  224.500,  0.98,  1, 0.14, 0.04, 1.56, 0.00, 0.68, 1.71, 0.03, 0.30, 0.81, 1.06, 0.00, 0.06, 0.00, 0.00, 1.29, 0.91, 0.00, 0.00, 0.00, 1.00, 1.00, 0.00, 1.00, 0.00, 1.00, 1.00, 1.00, 0.00, 0.00, 0.00, 0.00, 1.00, 1.00, 0.00, 0.00
6737,  0,  224.533,  0.98,  1, 0.19, 0.11, 1.54, 0.00, 0.68, 1.73, 0.03, 0.31, 0.77, 1.17, 0.00, 0.14, 0.00, 0.00, 1.26, 0.78, 0.00, 0.00, 0.00, 1.00, 1.00, 0.00, 1.00, 0.00, 1.00, 0.00, 1.00, 0.00, 0.00, 0.00, 0.00, 1.00, 1.00, 0.00, 0.00
6738,  0,  224.567,  0.98,  1, 0.14, 0.11, 1.47, 0.00, 0.68, 1.71, 0.04, 0.36, 0.80, 1.33, 0.00, 0.21, 0.00, 0.00, 1.21, 0.60, 0.00, 0.00, 0.00, 1.00, 1.00, 0.00, 1.00, 0.00, 1.00, 0.00, 1.00, 0.00, 0.00, 0.00, 0.00, 1.00, 1.00, 0.00, 0.00
6739,  0,  224.600,  0.98,  1, 0.05, 0.07, 1.34, 0.00, 0.69, 1.77, 0.04, 0.41, 0.77, 1.45, 0.00, 0.25, 0.02, 0.00, 1.11, 0.43, 0.00, 0.00, 0.00, 1.00, 1.00, 0.00, 1.00, 0.00, 1.00, 0.00, 1.00, 0.00, 0.00, 0.00, 0.00, 1.00, 0.00, 0.00, 0.00
6740,  0,  224.633,  0.98,  1, 0.00, 0.00, 1.37, 0.00, 0.76, 1.88, 0.10, 0.52, 0.82, 1.51, 0.00, 0.26, 0.02, 0.00, 0.96, 0.25, 0.00, 0.00, 0.00, 1.00, 1.00, 1.00, 1.00, 0.00, 1.00, 0.00, 1.00, 0.00, 0.00, 0.00, 0.00, 0.00, 0.00, 0.00, 0.00
6741,  0,  224.667,  0.98,  1, 0.00, 0.00, 1.43, 0.00, 0.81, 1.95, 0.17, 0.62, 0.82, 1.48, 0.00, 0.34, 0.02, 0.00, 0.91, 0.14, 0.00, 0.00, 0.00, 1.00, 1.00, 1.00, 1.00, 0.00, 1.00, 0.00, 1.00, 0.00, 0.00, 0.00, 1.00, 0.00, 0.00, 0.00, 0.00
6742,  0,  224.700,  0.98,  1, 0.00, 0.15, 1.51, 0.00, 0.86, 1.91, 0.14, 0.74, 0.82, 1.55, 0.00, 0.40, 0.18, 0.00, 0.86, 0.06, 0.01, 0.00, 0.00, 1.00, 1.00, 1.00, 1.00, 0.00, 1.00, 0.00, 1.00, 0.00, 0.00, 0.00, 1.00, 0.00, 0.00, 0.00, 0.00
6743,  0,  224.733,  0.98,  1, 0.00, 0.19, 1.41, 0.00, 0.84, 1.66, 0.08, 0.75, 0.80, 1.69, 0.00, 0.47, 0.43, 0.00, 0.90, 0.01, 0.01, 0.00, 0.00, 1.00, 1.00, 1.00, 1.00, 0.00, 1.00, 0.00, 1.00, 0.00, 0.00, 0.00, 1.00, 0.00, 0.00, 0.00, 0.00
6744,  0,  224.767,  0.98,  1, 0.00, 0.27, 1.29, 0.00, 0.83, 1.76, 0.07, 0.67, 0.77, 1.67, 0.00, 0.47, 0.43, 0.00, 0.92, 0.07, 0.06, 0.00, 0.00, 1.00, 1.00, 1.00, 1.00, 0.00, 1.00, 0.00, 1.00, 0.00, 0.00, 0.00, 1.00, 0.00, 0.00, 0.00, 0.00
6745,  0,  224.800,  0.98,  1, 0.00, 0.15, 1.18, 0.00, 0.79, 2.01, 0.14, 0.56, 0.73, 1.48, 0.00, 0.47, 0.25, 0.00, 0.95, 0.10, 0.06, 0.00, 0.00, 1.00, 1.00, 1.00, 1.00, 0.00, 1.00, 0.00, 1.00, 0.00, 0.00, 0.00, 1.00, 0.00, 0.00, 0.00, 0.00
6746,  0,  224.833,  0.98,  1, 0.00, 0.12, 1.18, 0.00, 0.78, 2.29, 0.23, 0.51, 0.70, 1.23, 0.00, 0.44, 0.00, 0.00, 0.96, 0.20, 0.08, 0.00, 0.00, 1.00, 1.00, 1.00, 1.00, 0.00, 1.00, 0.00, 1.00, 0.00, 0.00, 0.00, 1.00, 0.00, 0.00, 0.00, 0.00
6747,  0,  224.867,  0.98,  1, 0.00, 0.02, 1.16, 0.00, 0.75, 2.21, 0.19, 0.55, 0.67, 1.17, 0.00, 0.37, 0.07, 0.00, 0.93, 0.17, 0.03, 0.00, 0.00, 1.00, 1.00, 1.00, 1.00, 0.00, 1.00, 0.00, 1.00, 0.00, 0.00, 0.00, 1.00, 0.00, 0.00, 0.00, 0.00
6748,  0,  224.900,  0.98,  1, 0.00, 0.00, 1.20, 0.00, 0.77, 2.07, 0.15, 0.54, 0.66, 1.13, 0.00, 0.39, 0.09, 0.00, 0.98, 0.15, 0.02, 0.00, 0.00, 1.00, 1.00, 1.00, 1.00, 0.00, 1.00, 0.00, 1.00, 0.00, 0.00, 0.00, 1.00, 0.00, 0.00, 0.00, 0.00
6749,  0,  224.933,  0.98,  1, 0.00, 0.00, 1.25, 0.00, 0.76, 2.05, 0.12, 0.50, 0.65, 1.09, 0.00, 0.38, 0.10, 0.00, 0.99, 0.05, 0.00, 0.00, 0.00, 1.00, 1.00, 1.00, 1.00, 0.00, 1.00, 0.00, 1.00, 0.00, 0.00, 0.00, 1.00, 0.00, 0.00, 0.00, 0.00
6750,  0,  224.967,  0.98,  1, 0.00, 0.00, 1.39, 0.00, 0.81, 2.11, 0.10, 0.50, 0.68, 1.09, 0.00, 0.36, 0.15, 0.00, 1.10, 0.02, 0.00, 0.00, 0.00, 1.00, 1.00, 1.00, 1.00, 0.00, 1.00, 0.00, 1.00, 0.00, 0.00, 0.00, 1.00, 0.00, 0.00, 0.00, 0.00
6751,  0,  225.000,  0.98,  1, 0.00, 0.00, 1.35, 0.00, 0.85, 2.11, 0.08, 0.46, 0.70, 1.06, 0.00, 0.27, 0.27, 0.01, 1.10, 0.17, 0.00, 0.00, 0.00, 1.00, 1.00, 1.00, 1.00, 0.00, 1.00, 0.00, 1.00, 0.00, 0.00, 0.00, 1.00, 0.00, 0.00, 0.00, 0.00
6752,  0,  225.033,  0.98,  1, 0.00, 0.00, 1.29, 0.00, 0.88, 2.15, 0.06, 0.45, 0.74, 1.10, 0.00, 0.29, 0.38, 0.02, 1.13, 0.24, 0.00, 0.00, 0.00, 1.00, 1.00, 1.00, 1.00, 0.00, 1.00, 0.00, 1.00, 0.00, 0.00, 0.00, 1.00, 0.00, 0.00, 0.00, 0.00
6753,  0,  225.067,  0.98,  1, 0.00, 0.00, 1.18, 0.00, 0.86, 2.05, 0.04, 0.45, 0.76, 1.16, 0.00, 0.31, 0.35, 0.02, 1.13, 0.29, 0.00, 0.00, 0.00, 1.00, 1.00, 1.00, 1.00, 0.00, 1.00, 0.00, 1.00, 0.00, 0.00, 0.00, 1.00, 0.00, 0.00, 0.00, 0.00
6754,  0,  225.100,  0.98,  1, 0.00, 0.00, 1.14, 0.00, 0.83, 2.06, 0.03, 0.47, 0.83, 1.33, 0.00, 0.49, 0.21, 0.01, 1.14, 0.14, 0.00, 0.00, 0.00, 1.00, 1.00, 1.00, 1.00, 0.00, 1.00, 0.00, 1.00, 0.00, 0.00, 0.00, 1.00, 0.00, 0.00, 0.00, 0.00
6755,  0,  225.133,  0.98,  1, 0.00, 0.02, 1.20, 0.00, 0.78, 1.87, 0.00, 0.51, 0.84, 1.39, 0.00, 0.50, 0.08, 0.00, 1.18, 0.16, 0.00, 0.00, 0.00, 1.00, 1.00, 1.00, 1.00, 0.00, 1.00, 0.00, 1.00, 0.00, 0.00, 0.00, 1.00, 0.00, 0.00, 0.00, 0.00
6756,  0,  225.167,  0.98,  1, 0.00, 0.03, 1.21, 0.00, 0.75, 1.87, 0.12, 0.44, 0.85, 1.24, 0.00, 0.57, 0.12, 0.00, 1.03, 0.41, 0.00, 0.00, 0.00, 1.00, 1.00, 1.00, 1.00, 0.00, 1.00, 0.00, 1.00, 0.00, 0.00, 0.00, 1.00, 1.00, 1.00, 0.00, 0.00
6757,  0,  225.200,  0.98,  1, 0.00, 0.03, 1.21, 0.00, 0.63, 1.65, 0.22, 0.46, 0.66, 0.84, 0.00, 0.40, 0.16, 0.00, 1.06, 0.69, 0.00, 0.00, 0.00, 0.00, 1.00, 1.00, 1.00, 0.00, 1.00, 0.00, 1.00, 0.00, 0.00, 0.00, 1.00, 1.00, 1.00, 0.00, 0.00
6758,  0,  225.233,  0.98,  1, 0.00, 0.01, 1.14, 0.00, 0.53, 1.58, 0.28, 0.38, 0.50, 0.39, 0.00, 0.42, 0.16, 0.00, 1.00, 0.84, 0.00, 0.00, 0.00, 0.00, 1.00, 0.00, 1.00, 0.00, 1.00, 0.00, 1.00, 0.00, 0.00, 0.00, 1.00, 1.00, 1.00, 0.00, 0.00
6759,  0,  225.267,  0.98,  1, 0.00, 0.00, 1.09, 0.00, 0.37, 1.35, 0.20, 0.41, 0.38, 0.17, 0.00, 0.37, 0.04, 0.00, 1.06, 0.71, 0.00, 0.00, 0.00, 0.00, 1.00, 0.00, 1.00, 0.00, 1.00, 0.00, 1.00, 0.00, 0.00, 0.00, 1.00, 1.00, 1.00, 0.00, 0.00
6760,  0,  225.300,  0.98,  1, 0.00, 0.00, 1.12, 0.00, 0.39, 1.41, 0.16, 0.42, 0.40, 0.20, 0.00, 0.43, 0.00, 0.00, 1.01, 0.58, 0.00, 0.00, 0.00, 0.00, 1.00, 0.00, 1.00, 0.00, 1.00, 0.00, 1.00, 0.00, 0.00, 0.00, 1.00, 1.00, 1.00, 0.00, 0.00
6761,  0,  225.333,  0.98,  1, 0.00, 0.00, 1.17, 0.00, 0.41, 1.37, 0.12, 0.46, 0.49, 0.32, 0.00, 0.42, 0.00, 0.00, 1.19, 0.55, 0.00, 0.00, 0.00, 0.00, 1.00, 0.00, 1.00, 0.00, 1.00, 0.00, 1.00, 0.00, 0.00, 0.00, 1.00, 1.00, 1.00, 0.00, 0.00
6762,  0,  225.367,  0.98,  1, 0.00, 0.00, 1.17, 0.08, 0.42, 1.47, 0.08, 0.44, 0.54, 0.32, 0.00, 0.46, 0.00, 0.00, 1.51, 0.62, 0.00, 0.00, 0.00, 0.00, 1.00, 0.00, 1.00, 0.00, 1.00, 0.00, 1.00, 0.00, 0.00, 0.00, 1.00, 1.00, 1.00, 0.00, 0.00
6763,  0,  225.400,  0.98,  1, 0.00, 0.00, 1.18, 0.08, 0.39, 1.47, 0.03, 0.41, 0.60, 0.39, 0.00, 0.48, 0.00, 0.00, 1.79, 0.67, 0.00, 0.00, 0.00, 0.00, 1.00, 0.00, 1.00, 0.00, 1.00, 0.00, 1.00, 0.00, 0.00, 0.00, 1.00, 1.00, 1.00, 0.00, 0.00
6764,  0,  225.433,  0.98,  1, 0.00, 0.00, 1.01, 0.08, 0.36, 1.49, 0.01, 0.35, 0.62, 0.45, 0.00, 0.48, 0.00, 0.00, 1.85, 0.66, 0.00, 0.00, 0.00, 0.00, 1.00, 0.00, 1.00, 0.00, 1.00, 0.00, 1.00, 0.00, 0.00, 0.00, 1.00, 1.00, 1.00, 0.00, 0.00
6765,  0,  225.467,  0.98,  1, 0.00, 0.00, 0.95, 0.08, 0.41, 1.48, 0.01, 0.37, 0.62, 0.64, 0.00, 0.48, 0.00, 0.00, 1.84, 0.69, 0.00, 0.00, 0.00, 0.00, 1.00, 0.00, 1.00, 0.00, 1.00, 0.00, 1.00, 0.00, 0.00, 0.00, 1.00, 1.00, 1.00, 0.00, 0.00
6766,  0,  225.500,  0.98,  1, 0.00, 0.00, 0.97, 0.13, 0.38, 1.53, 0.00, 0.33, 0.58, 0.66, 0.00, 0.39, 0.00, 0.00, 1.75, 0.71, 0.00, 0.00, 0.00, 0.00, 1.00, 0.00, 1.00, 0.00, 1.00, 0.00, 1.00, 0.00, 0.00, 0.00, 1.00, 1.00, 1.00, 0.00, 0.00
6767,  0,  225.533,  0.98,  1, 0.00, 0.00, 1.13, 0.13, 0.39, 1.71, 0.00, 0.34, 0.48, 0.67, 0.00, 0.45, 0.00, 0.00, 1.61, 0.76, 0.00, 0.00, 0.00, 0.00, 1.00, 0.00, 1.00, 0.00, 1.00, 0.00, 1.00, 1.00, 0.00, 0.00, 1.00, 1.00, 1.00, 0.00, 0.00
6768,  0,  225.567,  0.98,  1, 0.10, 0.00, 1.37, 0.05, 0.46, 1.97, 0.00, 0.19, 0.35, 0.74, 0.00, 0.65, 0.21, 0.00, 1.30, 0.53, 0.15, 0.00, 0.00, 0.00, 1.00, 0.00, 1.00, 0.00, 1.00, 0.00, 1.00, 1.00, 0.00, 0.00, 1.00, 1.00, 1.00, 0.00, 0.00
6769,  0,  225.600,  0.98,  1, 0.13, 0.00, 1.53, 0.01, 0.53, 2.08, 0.00, 0.09, 0.23, 0.72, 0.10, 1.00, 0.34, 0.00, 0.87, 0.31, 0.66, 0.00, 0.00, 1.00, 1.00, 0.00, 1.00, 0.00, 1.00, 0.00, 1.00, 1.00, 1.00, 0.00, 1.00, 0.00, 0.00, 0.00, 1.00
6770,  0,  225.633,  0.98,  1, 0.18, 0.00, 1.66, 0.08, 0.55, 2.16, 0.00, 0.00, 0.14, 0.76, 0.10, 1.22, 0.35, 0.00, 0.57, 0.03, 0.98, 0.00, 0.00, 1.00, 1.00, 0.00, 1.00, 0.00, 1.00, 0.00, 1.00, 1.00, 1.00, 0.00, 1.00, 0.00, 0.00, 0.00, 1.00
6771,  0,  225.667,  0.98,  1, 0.21, 0.06, 1.63, 0.15, 0.46, 2.10, 0.00, 0.00, 0.14, 0.67, 0.10, 1.15, 0.18, 0.00, 0.59, 0.01, 0.83, 0.00, 0.00, 1.00, 1.00, 0.00, 1.00, 0.00, 1.00, 0.00, 1.00, 1.00, 1.00, 0.00, 1.00, 0.00, 0.00, 0.00, 1.00
6772,  0,  225.700,  0.98,  1, 0.19, 0.06, 1.49, 0.14, 0.39, 2.01, 0.00, 0.01, 0.15, 0.65, 0.00, 0.97, 0.05, 0.00, 0.79, 0.02, 0.32, 0.00, 0.00, 1.00, 1.00, 0.00, 1.00, 0.00, 1.00, 0.00, 1.00, 1.00, 1.00, 0.00, 1.00, 0.00, 0.00, 0.00, 1.00
6773,  0,  225.733,  0.98,  1, 0.14, 0.06, 1.37, 0.09, 0.34, 1.82, 0.00, 0.07, 0.21, 0.52, 0.00, 0.69, 0.04, 0.00, 1.12, 0.10, 0.00, 0.00, 0.00, 1.00, 1.00, 0.00, 1.00, 0.00, 1.00, 0.00, 1.00, 1.00, 1.00, 0.00, 1.00, 0.00, 1.00, 0.00, 0.00
6774,  0,  225.767,  0.98,  1, 0.02, 0.02, 1.29, 0.01, 0.32, 1.57, 0.00, 0.13, 0.20, 0.41, 0.00, 0.59, 0.00, 0.00, 1.21, 0.11, 0.00, 0.00, 0.00, 1.00, 1.00, 0.00, 1.00, 0.00, 1.00, 0.00, 1.00, 1.00, 1.00, 0.00, 1.00, 0.00, 1.00, 0.00, 0.00
6775,  0,  225.800,  0.98,  1, 0.00, 0.02, 1.19, 0.01, 0.27, 1.34, 0.00, 0.24, 0.20, 0.22, 0.00, 0.59, 0.00, 0.00, 1.31, 0.15, 0.00, 0.00, 0.00, 0.00, 1.00, 0.00, 1.00, 0.00, 1.00, 0.00, 1.00, 1.00, 1.00, 0.00, 1.00, 0.00, 1.00, 0.00, 0.00
6776,  0,  225.833,  0.98,  1, 0.00, 0.02, 1.05, 0.00, 0.20, 1.22, 0.00, 0.32, 0.15, 0.12, 0.05, 0.74, 0.00, 0.00, 1.31, 0.27, 0.00, 0.00, 0.00, 0.00, 1.00, 0.00, 1.00, 0.00, 1.00, 0.00, 0.00, 1.00, 1.00, 0.00, 1.00, 0.00, 1.00, 0.00, 0.00
6777,  0,  225.867,  0.98,  1, 0.00, 0.00, 0.96, 0.00, 0.09, 1.07, 0.00, 0.40, 0.10, 0.09, 0.18, 0.70, 0.00, 0.00, 1.32, 0.47, 0.00, 0.00, 0.00, 0.00, 1.00, 0.00, 1.00, 0.00, 1.00, 0.00, 0.00, 1.00, 1.00, 0.00, 1.00, 1.00, 1.00, 0.00, 0.00
6778,  0,  225.900,  0.98,  1, 0.00, 0.00, 0.84, 0.03, 0.04, 1.17, 0.00, 0.37, 0.07, 0.09, 0.30, 0.63, 0.00, 0.00, 1.28, 0.61, 0.00, 0.00, 0.00, 0.00, 1.00, 0.00, 1.00, 0.00, 1.00, 0.00, 0.00, 0.00, 1.00, 0.00, 1.00, 0.00, 1.00, 0.00, 0.00
6779,  0,  225.933,  0.98,  1, 0.04, 0.00, 0.78, 0.11, 0.02, 0.93, 0.00, 0.24, 0.04, 0.09, 0.39, 0.48, 0.00, 0.00, 1.26, 0.55, 0.00, 0.00, 0.00, 0.00, 1.00, 0.00, 1.00, 0.00, 1.00, 0.00, 0.00, 0.00, 1.00, 0.00, 1.00, 0.00, 1.00, 0.00, 0.00
6780,  0,  225.967,  0.98,  1, 0.04, 0.00, 0.78, 0.11, 0.02, 1.03, 0.00, 0.13, 0.05, 0.03, 0.30, 0.66, 0.00, 0.00, 1.20, 0.69, 0.00, 0.00, 0.00, 0.00, 1.00, 0.00, 1.00, 0.00, 1.00, 0.00, 0.00, 0.00, 1.00, 0.00, 1.00, 0.00, 1.00, 0.00, 0.00
6781,  0,  226.000,  0.98,  1, 0.05, 0.02, 0.81, 0.14, 0.00, 1.07, 0.00, 0.03, 0.02, 0.08, 0.18, 0.83, 0.00, 0.00, 1.13, 0.86, 0.00, 0.00, 0.00, 0.00, 1.00, 0.00, 1.00, 0.00, 1.00, 0.00, 0.00, 0.00, 1.00, 0.00, 1.00, 0.00, 1.00, 0.00, 0.00
6782,  0,  226.033,  0.98,  1, 0.00, 0.09, 0.83, 0.05, 0.03, 1.46, 0.00, 0.12, 0.02, 0.18, 0.05, 0.96, 0.00, 0.00, 0.79, 0.79, 0.00, 0.00, 0.00, 0.00, 1.00, 0.00, 1.00, 0.00, 1.00, 0.00, 1.00, 0.00, 1.00, 0.00, 1.00, 0.00, 1.00, 0.00, 0.00
6783,  0,  226.067,  0.98,  1, 0.00, 0.17, 0.67, 0.10, 0.06, 1.60, 0.00, 0.10, 0.00, 0.23, 0.00, 1.00, 0.00, 0.06, 0.45, 0.51, 0.00, 0.00, 0.00, 0.00, 1.00, 0.00, 1.00, 0.00, 1.00, 0.00, 1.00, 1.00, 1.00, 0.00, 1.00, 0.00, 0.00, 0.00, 0.00
6784,  0,  226.100,  0.98,  1, 0.00, 0.23, 0.64, 0.05, 0.12, 1.74, 0.02, 0.09, 0.00, 0.32, 0.00, 0.90, 0.00, 0.10, 0.18, 0.26, 0.00, 0.00, 0.00, 0.00, 1.00, 0.00, 1.00, 0.00, 1.00, 0.00, 1.00, 0.00, 1.00, 0.00, 1.00, 0.00, 0.00, 0.00, 0.00
6785,  0,  226.133,  0.98,  1, 0.05, 0.33, 0.64, 0.09, 0.13, 1.58, 0.02, 0.01, 0.06, 0.36, 0.00, 0.80, 0.01, 0.10, 0.18, 0.30, 0.00, 0.00, 0.00, 0.00, 1.00, 0.00, 1.00, 0.00, 1.00, 0.00, 1.00, 0.00, 1.00, 0.00, 1.00, 0.00, 0.00, 0.00, 0.00
6786,  0,  226.167,  0.98,  1, 0.10, 0.28, 0.73, 0.04, 0.11, 1.47, 0.02, 0.07, 0.15, 0.41, 0.00, 0.61, 0.01, 0.05, 0.31, 0.38, 0.00, 0.00, 0.00, 0.00, 1.00, 0.00, 1.00, 0.00, 1.00, 0.00, 1.00, 0.00, 1.00, 0.00, 1.00, 0.00, 0.00, 0.00, 0.00
6787,  0,  226.200,  0.98,  1, 0.21, 0.25, 0.82, 0.12, 0.12, 1.42, 0.00, 0.10, 0.22, 0.35, 0.04, 0.52, 0.08, 0.00, 0.56, 0.49, 0.00, 0.00, 0.00, 0.00, 1.00, 0.00, 1.00, 0.00, 1.00, 0.00, 1.00, 0.00, 1.00, 0.00, 1.00, 0.00, 0.00, 0.00, 0.00
6788,  0,  226.233,  0.98,  1, 0.22, 0.15, 0.77, 0.10, 0.14, 1.46, 0.00, 0.09, 0.24, 0.38, 0.04, 0.47, 0.20, 0.00, 0.81, 0.54, 0.00, 0.00, 0.00, 0.00, 1.00, 0.00, 1.00, 0.00, 1.00, 0.00, 1.00, 0.00, 1.00, 0.00, 1.00, 0.00, 0.00, 0.00, 0.00
6789,  0,  226.267,  0.98,  1, 0.21, 0.26, 0.73, 0.11, 0.29, 1.73, 0.01, 0.06, 0.25, 0.42, 0.04, 0.34, 0.32, 0.01, 0.92, 0.54, 0.00, 0.00, 0.00, 0.00, 1.00, 0.00, 1.00, 0.00, 1.00, 0.00, 1.00, 0.00, 1.00, 0.00, 1.00, 0.00, 1.00, 0.00, 0.00
6790,  0,  226.300,  0.98,  1, 0.11, 0.22, 0.75, 0.03, 0.35, 1.68, 0.01, 0.03, 0.21, 0.35, 0.00, 0.41, 0.27, 0.09, 0.93, 0.62, 0.00, 0.00, 0.00, 0.00, 1.00, 0.00, 1.00, 0.00, 1.00, 0.00, 1.00, 0.00, 1.00, 0.00, 1.00, 0.00, 1.00, 0.00, 0.00
6791,  0,  226.333,  0.98,  1, 0.05, 0.14, 0.81, 0.01, 0.44, 1.71, 0.01, 0.05, 0.16, 0.19, 0.00, 0.58, 0.22, 0.16, 0.85, 0.68, 0.00, 0.00, 0.00, 0.00, 1.00, 0.00, 1.00, 0.00, 1.00, 0.00, 1.00, 0.00, 1.00, 0.00, 1.00, 1.00, 1.00, 0.00, 0.00
6792,  0,  226.367,  0.98,  1, 0.00, 0.00, 0.93, 0.01, 0.41, 1.54, 0.00, 0.12, 0.11, 0.02, 0.00, 0.79, 0.11, 0.21, 0.89, 0.92, 0.00, 0.00, 0.00, 0.00, 1.00, 0.00, 1.00, 0.00, 1.00, 0.00, 1.00, 0.00, 1.00, 0.00, 1.00, 1.00, 1.00, 0.00, 0.00
6793,  0,  226.400,  0.98,  1, 0.04, 0.00, 1.06, 0.00, 0.42, 1.61, 0.00, 0.23, 0.12, 0.12, 0.00, 0.84, 0.16, 0.14, 0.95, 0.98, 0.00, 0.00, 0.00, 0.00, 1.00, 0.00, 1.00, 0.00, 1.00, 0.00, 1.00, 0.00, 1.00, 0.00, 1.00, 1.00, 1.00, 0.00, 0.00
6794,  0,  226.433,  0.98,  1, 0.07, 0.00, 1.22, 0.05, 0.42, 1.80, 0.00, 0.29, 0.17, 0.38, 0.00, 0.88, 0.09, 0.10, 0.95, 1.06, 0.00, 0.00, 0.00, 1.00, 1.00, 0.00, 1.00, 0.00, 1.00, 0.00, 1.00, 0.00, 1.00, 0.00, 1.00, 1.00, 1.00, 0.00, 0.00
6795,  0,  226.467,  0.98,  1, 0.11, 0.00, 1.33, 0.10, 0.44, 1.78, 0.00, 0.28, 0.19, 0.64, 0.00, 0.97, 0.17, 0.04, 0.97, 1.02, 0.00, 0.00, 0.00, 1.00, 1.00, 0.00, 1.00, 0.00, 1.00, 0.00, 1.00, 0.00, 1.00, 0.00, 1.00, 1.00, 1.00, 0.00, 0.00
6796,  0,  226.500,  0.98,  1, 0.08, 0.00, 1.31, 0.10, 0.45, 1.63, 0.00, 0.27, 0.19, 0.74, 0.00, 0.98, 0.24, 0.02, 1.02, 1.02, 0.00, 0.00, 0.00, 1.00, 1.00, 0.00, 1.00, 0.00, 1.00, 0.00, 1.00, 0.00, 1.00, 0.00, 1.00, 1.00, 1.00, 0.00, 0.00
6797,  0,  226.533,  0.98,  1, 0.17, 0.00, 1.33, 0.05, 0.40, 1.40, 0.00, 0.26, 0.16, 0.77, 0.00, 1.03, 0.35, 0.00, 1.11, 1.02, 0.00, 0.00, 0.00, 1.00, 1.00, 0.00, 1.00, 0.00, 1.00, 0.00, 1.00, 0.00, 1.00, 0.00, 1.00, 1.00, 1.00, 0.00, 0.00
6798,  0,  226.567,  0.98,  1, 0.26, 0.00, 1.34, 0.00, 0.37, 1.40, 0.00, 0.21, 0.15, 0.81, 0.00, 1.04, 0.30, 0.00, 1.11, 0.93, 0.00, 0.00, 0.00, 1.00, 1.00, 0.00, 1.00, 0.00, 1.00, 0.00, 1.00, 0.00, 1.00, 0.00, 1.00, 1.00, 1.00, 0.00, 0.00
6799,  0,  226.600,  0.98,  1, 0.37, 0.00, 1.40, 0.00, 0.34, 1.39, 0.00, 0.17, 0.14, 0.86, 0.00, 1.03, 0.18, 0.00, 1.09, 0.89, 0.00, 0.00, 0.00, 1.00, 1.00, 0.00, 1.00, 0.00, 1.00, 0.00, 1.00, 0.00, 1.00, 0.00, 1.00, 1.00, 1.00, 0.00, 0.00
6800,  0,  226.633,  0.98,  1, 0.36, 0.00, 1.37, 0.00, 0.37, 1.46, 0.00, 0.15, 0.14, 0.88, 0.00, 1.01, 0.09, 0.00, 1.09, 0.87, 0.00, 0.00, 0.00, 1.00, 1.00, 0.00, 1.00, 0.00, 1.00, 0.00, 1.00, 0.00, 1.00, 0.00, 1.00, 1.00, 1.00, 0.00, 0.00
6801,  0,  226.667,  0.98,  1, 0.32, 0.00, 1.34, 0.00, 0.36, 1.40, 0.00, 0.16, 0.14, 0.84, 0.00, 0.96, 0.13, 0.00, 1.11, 0.92, 0.00, 0.00, 0.00, 1.00, 1.00, 0.00, 1.00, 0.00, 1.00, 0.00, 1.00, 0.00, 1.00, 0.00, 1.00, 1.00, 1.00, 0.00, 0.00
6802,  0,  226.700,  0.98,  1, 0.21, 0.00, 1.33, 0.00, 0.37, 1.36, 0.00, 0.26, 0.21, 0.95, 0.00, 0.94, 0.18, 0.00, 1.10, 0.98, 0.00, 0.00, 0.00, 1.00, 1.00, 0.00, 1.00, 0.00, 1.00, 0.00, 1.00, 0.00, 1.00, 0.00, 1.00, 1.00, 1.00, 0.00, 0.00
6803,  0,  226.733,  0.98,  1, 0.11, 0.00, 1.33, 0.00, 0.38, 1.23, 0.00, 0.37, 0.28, 0.99, 0.00, 0.88, 0.13, 0.00, 1.09, 1.03, 0.00, 0.00, 0.00, 1.00, 1.00, 0.00, 1.00, 0.00, 1.00, 0.00, 1.00, 0.00, 1.00, 0.00, 1.00, 1.00, 1.00, 0.00, 0.00
6804,  0,  226.767,  0.98,  1, 0.09, 0.07, 1.44, 0.03, 0.35, 1.18, 0.00, 0.36, 0.36, 1.04, 0.00, 0.95, 0.24, 0.00, 1.10, 1.09, 0.00, 0.00, 0.00, 1.00, 1.00, 0.00, 1.00, 0.00, 1.00, 0.00, 1.00, 0.00, 1.00, 0.00, 1.00, 1.00, 1.00, 0.00, 0.00
6805,  0,  226.800,  0.98,  1, 0.20, 0.07, 1.51, 0.12, 0.34, 1.18, 0.00, 0.22, 0.35, 0.99, 0.00, 1.03, 0.32, 0.00, 1.12, 0.95, 0.00, 0.00, 0.00, 1.00, 1.00, 0.00, 1.00, 0.00, 1.00, 0.00, 1.00, 0.00, 1.00, 0.00, 1.00, 1.00, 1.00, 0.00, 0.00
6806,  0,  226.833,  0.98,  1, 0.32, 0.07, 1.67, 0.15, 0.29, 1.23, 0.00, 0.15, 0.36, 0.97, 0.00, 1.10, 0.45, 0.00, 1.20, 0.85, 0.00, 0.00, 0.00, 1.00, 1.00, 0.00, 1.00, 0.00, 1.00, 0.00, 1.00, 0.00, 1.00, 0.00, 1.00, 1.00, 1.00, 0.00, 0.00
6807,  0,  226.867,  0.98,  1, 0.31, 0.00, 1.69, 0.12, 0.31, 1.21, 0.00, 0.24, 0.35, 1.07, 0.00, 1.05, 0.43, 0.00, 1.31, 0.74, 0.00, 0.00, 0.00, 1.00, 1.00, 0.00, 1.00, 0.00, 1.00, 0.00, 1.00, 0.00, 1.00, 0.00, 1.00, 1.00, 1.00, 0.00, 0.00
6808,  0,  226.900,  0.98,  1, 0.24, 0.00, 1.63, 0.08, 0.24, 1.13, 0.00, 0.30, 0.37, 1.05, 0.00, 0.98, 0.41, 0.00, 1.40, 0.79, 0.00, 0.00, 0.00, 1.00, 1.00, 0.00, 1.00, 0.00, 1.00, 0.00, 1.00, 0.00, 1.00, 0.00, 1.00, 1.00, 1.00, 0.00, 0.00
6809,  0,  226.933,  0.98,  1, 0.20, 0.01, 1.50, 0.10, 0.22, 1.05, 0.00, 0.27, 0.39, 1.00, 0.00, 0.90, 0.44, 0.00, 1.47, 0.85, 0.00, 0.00, 0.00, 1.00, 1.00, 0.00, 1.00, 0.00, 1.00, 0.00, 1.00, 0.00, 1.00, 0.00, 1.00, 1.00, 1.00, 0.00, 0.00
6810,  0,  226.967,  0.98,  1, 0.23, 0.01, 1.38, 0.13, 0.20, 1.03, 0.00, 0.21, 0.43, 0.92, 0.00, 0.86, 0.50, 0.00, 1.46, 0.91, 0.00, 0.00, 0.00, 1.00, 1.00, 0.00, 1.00, 0.00, 1.00, 0.00, 1.00, 0.00, 1.00, 0.00, 1.00, 1.00, 1.00, 0.00, 0.00
6811,  0,  227.000,  0.98,  1, 0.20, 0.01, 1.30, 0.17, 0.27, 1.02, 0.00, 0.19, 0.46, 0.90, 0.00, 0.85, 0.66, 0.00, 1.46, 1.00, 0.00, 0.00, 0.00, 1.00, 1.00, 0.00, 1.00, 0.00, 1.00, 0.00, 1.00, 0.00, 1.00, 0.00, 1.00, 1.00, 1.00, 0.00, 0.00
6812,  0,  227.033,  0.98,  1, 0.12, 0.00, 1.27, 0.21, 0.29, 0.97, 0.00, 0.19, 0.49, 0.96, 0.00, 0.81, 0.75, 0.00, 1.43, 1.04, 0.00, 0.00, 0.00, 1.00, 1.00, 0.00, 1.00, 0.00, 1.00, 0.00, 1.00, 0.00, 1.00, 0.00, 1.00, 1.00, 1.00, 0.00, 0.00
6813,  0,  227.067,  0.98,  1, 0.05, 0.00, 1.25, 0.23, 0.34, 1.04, 0.00, 0.16, 0.46, 0.99, 0.00, 0.74, 0.75, 0.00, 1.41, 1.08, 0.00, 0.00, 0.00, 1.00, 1.00, 0.00, 1.00, 0.00, 1.00, 0.00, 1.00, 0.00, 1.00, 0.00, 1.00, 1.00, 1.00, 0.00, 0.00
6814,  0,  227.100,  0.98,  1, 0.03, 0.00, 1.33, 0.18, 0.37, 1.24, 0.00, 0.20, 0.48, 1.08, 0.00, 0.73, 0.74, 0.00, 1.36, 0.97, 0.00, 0.00, 0.00, 1.00, 1.00, 0.00, 1.00, 0.00, 1.00, 1.00, 1.00, 0.00, 1.00, 0.00, 1.00, 1.00, 1.00, 0.00, 0.00
6815,  0,  227.133,  0.98,  1, 0.06, 0.00, 1.37, 0.08, 0.40, 1.44, 0.00, 0.22, 0.48, 1.05, 0.00, 0.77, 0.77, 0.00, 1.37, 0.98, 0.00, 0.00, 0.00, 1.00, 1.00, 0.00, 1.00, 0.00, 1.00, 1.00, 1.00, 0.00, 1.00, 0.00, 1.00, 1.00, 1.00, 0.00, 0.00
6816,  0,  227.167,  0.98,  1, 0.12, 0.00, 1.41, 0.03, 0.39, 1.40, 0.00, 0.36, 0.61, 0.97, 0.00, 0.99, 0.76, 0.01, 1.29, 0.97, 0.00, 0.00, 0.00, 1.00, 1.00, 0.00, 1.00, 0.00, 1.00, 1.00, 1.00, 0.00, 1.00, 0.00, 1.00, 1.00, 1.00, 0.00, 0.00
6817,  0,  227.200,  0.98,  1, 0.11, 0.00, 1.36, 0.00, 0.39, 1.38, 0.00, 0.41, 0.67, 0.86, 0.00, 1.12, 0.68, 0.05, 1.30, 1.10, 0.00, 0.00, 0.00, 1.00, 1.00, 0.00, 1.00, 0.00, 1.00, 1.00, 1.00, 0.00, 1.00, 0.00, 1.00, 1.00, 1.00, 0.00, 0.00
6818,  0,  227.233,  0.98,  1, 0.12, 0.00, 1.40, 0.00, 0.45, 1.45, 0.00, 0.48, 0.72, 0.87, 0.00, 1.18, 0.60, 0.07, 1.18, 1.08, 0.00, 0.00, 0.00, 1.00, 1.00, 0.00, 1.00, 0.00, 1.00, 1.00, 1.00, 0.00, 1.00, 0.00, 1.00, 1.00, 1.00, 0.00, 0.00
6819,  0,  227.267,  0.98,  1, 0.10, 0.00, 1.40, 0.00, 0.49, 1.56, 0.00, 0.46, 0.68, 0.98, 0.00, 1.00, 0.54, 0.10, 1.18, 1.15, 0.00, 0.00, 0.00, 1.00, 1.00, 0.00, 1.00, 0.00, 1.00, 1.00, 1.00, 0.00, 1.00, 0.00, 1.00, 1.00, 1.00, 0.00, 0.00
6820,  0,  227.300,  0.98,  1, 0.09, 0.00, 1.44, 0.00, 0.50, 1.45, 0.00, 0.50, 0.68, 1.09, 0.00, 0.85, 0.49, 0.09, 1.22, 1.18, 0.00, 0.00, 0.00, 1.00, 1.00, 0.00, 1.00, 0.00, 1.00, 1.00, 1.00, 0.00, 1.00, 0.00, 1.00, 1.00, 1.00, 0.00, 0.00
6821,  0,  227.333,  0.98,  1, 0.06, 0.00, 1.34, 0.00, 0.47, 1.29, 0.00, 0.58, 0.72, 1.08, 0.00, 0.74, 0.37, 0.12, 1.28, 1.24, 0.00, 0.00, 0.00, 1.00, 1.00, 0.00, 1.00, 0.00, 1.00, 1.00, 1.00, 0.00, 1.00, 0.00, 1.00, 1.00, 1.00, 0.00, 0.00
6822,  0,  227.367,  0.98,  1, 0.00, 0.00, 1.27, 0.00, 0.43, 1.30, 0.00, 0.63, 0.75, 0.99, 0.00, 0.72, 0.30, 0.13, 1.34, 1.20, 0.00, 0.00, 0.00, 1.00, 1.00, 0.00, 1.00, 0.00, 1.00, 1.00, 1.00, 0.00, 1.00, 0.00, 1.00, 1.00, 1.00, 0.00, 0.00
6823,  0,  227.400,  0.98,  1, 0.00, 0.00, 1.25, 0.00, 0.43, 1.46, 0.00, 0.58, 0.76, 0.93, 0.00, 0.74, 0.19, 0.13, 1.20, 1.06, 0.00, 0.00, 0.00, 1.00, 1.00, 0.00, 1.00, 0.00, 1.00, 1.00, 1.00, 0.00, 1.00, 0.00, 1.00, 1.00, 1.00, 0.00, 0.00
6824,  0,  227.433,  0.98,  1, 0.02, 0.00, 1.38, 0.00, 0.45, 1.65, 0.00, 0.59, 0.76, 0.96, 0.00, 0.70, 0.11, 0.11, 1.20, 1.05, 0.00, 0.00, 0.00, 1.00, 1.00, 1.00, 1.00, 0.00, 1.00, 1.00, 1.00, 0.00, 1.00, 0.00, 1.00, 1.00, 1.00, 0.00, 0.00
6825,  0,  227.467,  0.98,  1, 0.02, 0.00, 1.46, 0.00, 0.52, 1.73, 0.00, 0.62, 0.76, 1.04, 0.00, 0.66, 0.05, 0.11, 1.18, 1.03, 0.00, 0.00, 0.00, 1.00, 1.00, 1.00, 1.00, 0.00, 1.00, 1.00, 1.00, 0.00, 1.00, 0.00, 1.00, 1.00, 1.00, 0.00, 0.00
6826,  0,  227.500,  0.98,  1, 0.02, 0.00, 1.45, 0.01, 0.58, 1.71, 0.00, 0.63, 0.76, 1.02, 0.00, 0.59, 0.28, 0.13, 1.30, 1.10, 0.00, 0.00, 0.00, 1.00, 1.00, 1.00, 1.00, 0.00, 1.00, 1.00, 1.00, 0.00, 1.00, 0.00, 1.00, 1.00, 1.00, 0.00, 0.00
6827,  0,  227.533,  0.98,  1, 0.00, 0.00, 1.41, 0.01, 0.61, 1.73, 0.00, 0.54, 0.74, 0.98, 0.00, 0.60, 0.62, 0.16, 1.31, 1.06, 0.00, 0.00, 0.00, 1.00, 1.00, 1.00, 1.00, 0.00, 1.00, 1.00, 1.00, 0.00, 1.00, 0.00, 1.00, 1.00, 1.00, 0.00, 0.00
6828,  0,  227.567,  0.98,  1, 0.00, 0.00, 1.34, 0.08, 0.66, 1.60, 0.00, 0.46, 0.75, 0.85, 0.00, 0.51, 0.85, 0.11, 1.33, 0.91, 0.00, 0.00, 0.00, 1.00, 1.00, 1.00, 1.00, 0.00, 1.00, 1.00, 1.00, 0.00, 1.00, 0.00, 1.00, 1.00, 1.00, 0.00, 0.00
6829,  0,  227.600,  0.98,  1, 0.00, 0.00, 1.37, 0.11, 0.70, 1.53, 0.00, 0.44, 0.80, 0.86, 0.00, 0.45, 0.80, 0.05, 1.32, 0.73, 0.00, 0.00, 0.00, 1.00, 1.00, 1.00, 1.00, 0.00, 1.00, 1.00, 1.00, 0.00, 0.00, 0.00, 1.00, 1.00, 1.00, 0.00, 0.00
6830,  0,  227.633,  0.98,  1, 0.00, 0.00, 1.34, 0.21, 0.77, 1.41, 0.00, 0.43, 0.87, 0.85, 0.00, 0.37, 0.57, 0.04, 1.38, 0.60, 0.00, 0.00, 0.00, 1.00, 1.00, 1.00, 1.00, 0.00, 1.00, 1.00, 1.00, 0.00, 0.00, 0.00, 1.00, 1.00, 1.00, 0.00, 0.00
6831,  0,  227.667,  0.98,  1, 0.00, 0.00, 1.34, 0.14, 0.79, 1.41, 0.00, 0.46, 0.94, 0.93, 0.00, 0.36, 0.42, 0.04, 1.46, 0.67, 0.00, 0.00, 0.00, 1.00, 1.00, 1.00, 1.00, 0.00, 1.00, 1.00, 1.00, 0.00, 0.00, 0.00, 1.00, 1.00, 1.00, 0.00, 0.00
6832,  0,  227.700,  0.98,  1, 0.00, 0.00, 1.27, 0.10, 0.78, 1.38, 0.00, 0.48, 0.96, 0.94, 0.00, 0.34, 0.34, 0.06, 1.54, 0.78, 0.00, 0.00, 0.00, 1.00, 1.00, 1.00, 1.00, 0.00, 1.00, 1.00, 1.00, 0.00, 0.00, 0.00, 1.00, 1.00, 1.00, 0.00, 0.00
6833,  0,  227.733,  0.98,  1, 0.00, 0.00, 1.13, 0.00, 0.75, 1.29, 0.00, 0.46, 0.97, 0.97, 0.00, 0.31, 0.32, 0.04, 1.63, 0.87, 0.00, 0.00, 0.00, 1.00, 1.00, 1.00, 1.00, 0.00, 1.00, 1.00, 1.00, 0.00, 0.00, 0.00, 1.00, 1.00, 1.00, 0.00, 0.00
6834,  0,  227.767,  0.98,  1, 0.00, 0.00, 1.09, 0.00, 0.75, 1.31, 0.00, 0.45, 1.02, 0.98, 0.00, 0.32, 0.21, 0.10, 1.66, 0.77, 0.00, 0.00, 0.00, 0.00, 1.00, 1.00, 1.00, 0.00, 1.00, 1.00, 1.00, 0.00, 0.00, 0.00, 1.00, 1.00, 1.00, 0.00, 0.00
6835,  0,  227.800,  0.98,  1, 0.00, 0.00, 1.13, 0.02, 0.80, 1.37, 0.00, 0.51, 1.11, 1.04, 0.00, 0.32, 0.14, 0.14, 1.67, 0.70, 0.00, 0.00, 0.00, 0.00, 1.00, 1.00, 1.00, 0.00, 1.00, 1.00, 1.00, 0.00, 0.00, 0.00, 1.00, 1.00, 1.00, 0.00, 0.00
6836,  0,  227.833,  0.98,  1, 0.00, 0.00, 1.18, 0.04, 0.84, 1.40, 0.00, 0.59, 1.24, 1.12, 0.00, 0.31, 0.20, 0.16, 1.68, 0.68, 0.00, 0.00, 0.00, 0.00, 1.00, 1.00, 1.00, 0.00, 1.00, 1.00, 1.00, 0.00, 0.00, 0.00, 1.00, 1.00, 1.00, 0.00, 0.00
6837,  0,  227.867,  0.98,  1, 0.00, 0.00, 1.18, 0.07, 0.84, 1.35, 0.00, 0.66, 1.30, 1.16, 0.00, 0.31, 0.34, 0.13, 1.68, 0.70, 0.00, 0.00, 0.00, 0.00, 1.00, 1.00, 1.00, 0.00, 1.00, 1.00, 1.00, 0.00, 0.00, 0.00, 1.00, 1.00, 1.00, 0.00, 0.00
6838,  0,  227.900,  0.98,  1, 0.00, 0.00, 1.11, 0.05, 0.87, 1.39, 0.00, 0.67, 1.29, 1.14, 0.00, 0.32, 0.38, 0.15, 1.72, 0.73, 0.00, 0.00, 0.00, 0.00, 1.00, 1.00, 1.00, 0.00, 1.00, 1.00, 1.00, 0.00, 0.00, 0.00, 1.00, 1.00, 1.00, 0.00, 0.00
6839,  0,  227.933,  0.98,  1, 0.00, 0.00, 1.13, 0.11, 0.90, 1.50, 0.00, 0.77, 1.24, 1.17, 0.00, 0.38, 0.38, 0.16, 1.74, 0.62, 0.00, 0.00, 0.00, 0.00, 1.00, 1.00, 1.00, 0.00, 1.00, 1.00, 1.00, 0.00, 0.00, 0.00, 1.00, 1.00, 1.00, 0.00, 0.00
6840,  0,  227.967,  0.98,  1, 0.00, 0.00, 1.17, 0.08, 0.96, 1.70, 0.00, 0.79, 1.21, 1.20, 0.00, 0.45, 0.30, 0.21, 1.83, 0.65, 0.00, 0.00, 0.00, 0.00, 1.00, 1.00, 1.00, 0.00, 1.00, 1.00, 1.00, 0.00, 0.00, 0.00, 1.00, 1.00, 1.00, 0.00, 0.00
6841,  0,  228.000,  0.98,  1, 0.00, 0.00, 1.18, 0.08, 0.97, 1.75, 0.00, 0.79, 1.21, 1.20, 0.00, 0.44, 0.25, 0.21, 1.86, 0.64, 0.00, 0.00, 0.00, 0.00, 1.00, 1.00, 1.00, 0.00, 1.00, 1.00, 1.00, 0.00, 0.00, 0.00, 1.00, 1.00, 1.00, 0.00, 0.00
6842,  0,  228.033,  0.98,  1, 0.00, 0.00, 1.16, 0.00, 1.00, 1.80, 0.00, 0.67, 1.24, 1.21, 0.00, 0.56, 0.19, 0.23, 1.92, 0.86, 0.00, 0.00, 0.00, 0.00, 1.00, 1.00, 1.00, 0.00, 1.00, 1.00, 1.00, 0.00, 0.00, 0.00, 1.00, 1.00, 1.00, 0.00, 0.00
6843,  0,  228.067,  0.98,  1, 0.00, 0.00, 1.12, 0.00, 1.02, 1.67, 0.00, 0.62, 1.25, 1.23, 0.00, 0.57, 0.22, 0.22, 1.93, 0.94, 0.00, 0.00, 0.00, 0.00, 1.00, 1.00, 1.00, 0.00, 1.00, 1.00, 1.00, 0.00, 0.00, 0.00, 1.00, 1.00, 1.00, 0.00, 0.00
6844,  0,  228.100,  0.98,  1, 0.00, 0.00, 1.14, 0.00, 1.06, 1.62, 0.00, 0.51, 1.23, 1.19, 0.00, 0.51, 0.34, 0.21, 1.95, 0.98, 0.00, 0.00, 0.00, 0.00, 1.00, 1.00, 1.00, 0.00, 1.00, 1.00, 1.00, 0.00, 0.00, 0.00, 1.00, 1.00, 1.00, 0.00, 0.00
6845,  0,  228.133,  0.98,  1, 0.00, 0.00, 1.07, 0.00, 1.08, 1.55, 0.00, 0.53, 1.16, 1.09, 0.00, 0.43, 0.46, 0.24, 1.88, 0.92, 0.00, 0.00, 0.00, 0.00, 1.00, 1.00, 1.00, 0.00, 1.00, 1.00, 1.00, 0.00, 1.00, 0.00, 1.00, 1.00, 1.00, 0.00, 0.00
6846,  0,  228.167,  0.98,  1, 0.00, 0.00, 1.02, 0.00, 1.11, 1.56, 0.00, 0.54, 1.16, 1.08, 0.00, 0.42, 0.54, 0.28, 1.79, 0.89, 0.00, 0.00, 0.00, 0.00, 1.00, 1.00, 1.00, 0.00, 1.00, 1.00, 1.00, 0.00, 1.00, 0.00, 1.00, 1.00, 1.00, 0.00, 0.00
6847,  0,  228.200,  0.98,  1, 0.00, 0.00, 0.98, 0.00, 1.13, 1.57, 0.00, 0.60, 1.15, 1.14, 0.00, 0.55, 0.57, 0.30, 1.72, 0.85, 0.00, 0.00, 0.00, 0.00, 1.00, 1.00, 1.00, 0.00, 1.00, 1.00, 1.00, 0.00, 1.00, 1.00, 1.00, 1.00, 1.00, 0.00, 0.00
6848,  0,  228.233,  0.98,  1, 0.00, 0.00, 1.04, 0.07, 1.15, 1.60, 0.00, 0.65, 1.20, 1.16, 0.00, 0.55, 0.58, 0.24, 1.66, 0.77, 0.00, 0.00, 0.00, 0.00, 1.00, 1.00, 1.00, 0.00, 1.00, 1.00, 1.00, 0.00, 1.00, 1.00, 1.00, 1.00, 1.00, 0.00, 0.00
6849,  0,  228.267,  0.98,  1, 0.00, 0.00, 1.03, 0.10, 1.17, 1.70, 0.00, 0.67, 1.21, 1.13, 0.00, 0.57, 0.58, 0.20, 1.64, 0.69, 0.00, 0.00, 0.00, 0.00, 1.00, 1.00, 1.00, 0.00, 1.00, 1.00, 1.00, 0.00, 1.00, 1.00, 1.00, 1.00, 1.00, 0.00, 0.00
6850,  0,  228.300,  0.98,  1, 0.00, 0.00, 1.06, 0.10, 1.15, 1.83, 0.00, 0.70, 1.28, 1.06, 0.00, 0.66, 0.46, 0.23, 1.58, 0.75, 0.00, 0.00, 0.00, 0.00, 1.00, 1.00, 1.00, 0.00, 1.00, 1.00, 1.00, 0.00, 1.00, 0.00, 1.00, 1.00, 1.00, 0.00, 0.00
6851,  0,  228.333,  0.98,  1, 0.00, 0.00, 1.12, 0.06, 1.14, 1.92, 0.00, 0.65, 1.34, 1.09, 0.00, 0.76, 0.31, 0.27, 1.51, 0.77, 0.00, 0.00, 0.00, 0.00, 1.00, 1.00, 1.00, 0.00, 1.00, 1.00, 1.00, 0.00, 1.00, 0.00, 1.00, 1.00, 1.00, 0.00, 0.00
6852,  0,  228.367,  0.98,  1, 0.00, 0.00, 1.29, 0.03, 1.12, 2.16, 0.00, 0.60, 1.41, 1.08, 0.00, 0.85, 0.17, 0.36, 1.48, 0.81, 0.00, 0.00, 0.00, 1.00, 1.00, 1.00, 1.00, 0.00, 1.00, 1.00, 1.00, 0.00, 1.00, 0.00, 1.00, 1.00, 1.00, 0.00, 0.00
6853,  0,  228.400,  0.98,  1, 0.00, 0.00, 1.33, 0.03, 1.09, 2.39, 0.00, 0.61, 1.47, 1.12, 0.00, 0.87, 0.16, 0.41, 1.46, 0.80, 0.00, 0.00, 0.00, 1.00, 1.00, 1.00, 1.00, 0.00, 1.00, 1.00, 1.00, 0.00, 1.00, 0.00, 1.00, 1.00, 1.00, 0.00, 0.00
6854,  0,  228.433,  0.98,  1, 0.00, 0.00, 1.39, 0.00, 1.05, 2.55, 0.00, 0.66, 1.50, 1.15, 0.00, 0.93, 0.16, 0.45, 1.46, 0.78, 0.00, 0.00, 0.00, 1.00, 1.00, 1.00, 1.00, 0.00, 1.00, 1.00, 1.00, 0.00, 1.00, 0.00, 1.00, 1.00, 1.00, 0.00, 0.00
6855,  0,  228.467,  0.98,  1, 0.00, 0.00, 1.33, 0.00, 1.03, 2.59, 0.00, 0.73, 1.51, 1.28, 0.00, 0.94, 0.18, 0.44, 1.52, 0.84, 0.00, 0.00, 0.00, 1.00, 1.00, 1.00, 1.00, 0.00, 1.00, 1.00, 1.00, 0.00, 1.00, 0.00, 1.00, 1.00, 1.00, 0.00, 0.00
6856,  0,  228.500,  0.98,  1, 0.00, 0.00, 1.38, 0.00, 1.04, 2.45, 0.00, 0.71, 1.52, 1.38, 0.00, 0.90, 0.15, 0.41, 1.55, 0.84, 0.00, 0.00, 0.00, 1.00, 1.00, 1.00, 1.00, 0.00, 1.00, 1.00, 1.00, 0.00, 1.00, 0.00, 1.00, 1.00, 1.00, 0.00, 0.00
6857,  0,  228.533,  0.98,  1, 0.00, 0.00, 1.32, 0.00, 1.01, 2.40, 0.00, 0.68, 1.51, 1.44, 0.00, 0.87, 0.20, 0.38, 1.66, 0.88, 0.00, 0.00, 0.00, 1.00, 1.00, 1.00, 1.00, 0.00, 1.00, 1.00, 1.00, 0.00, 1.00, 0.00, 1.00, 1.00, 1.00, 0.00, 0.00
6858,  0,  228.567,  0.98,  1, 0.00, 0.00, 1.32, 0.00, 1.00, 2.24, 0.00, 0.62, 1.49, 1.49, 0.00, 0.88, 0.20, 0.37, 1.69, 0.83, 0.00, 0.00, 0.00, 1.00, 1.00, 1.00, 1.00, 0.00, 1.00, 1.00, 1.00, 0.00, 1.00, 0.00, 1.00, 1.00, 1.00, 0.00, 0.00
6859,  0,  228.600,  0.98,  1, 0.00, 0.00, 1.25, 0.00, 1.01, 2.28, 0.00, 0.57, 1.41, 1.50, 0.00, 0.92, 0.19, 0.32, 1.80, 0.82, 0.00, 0.00, 0.00, 1.00, 1.00, 1.00, 1.00, 0.00, 1.00, 1.00, 1.00, 0.00, 1.00, 0.00, 1.00, 1.00, 1.00, 0.00, 0.00
6860,  0,  228.633,  0.98,  1, 0.00, 0.00, 1.27, 0.00, 1.06, 2.34, 0.00, 0.56, 1.38, 1.50, 0.00, 0.84, 0.17, 0.29, 1.79, 0.79, 0.00, 0.00, 0.00, 1.00, 1.00, 1.00, 1.00, 0.00, 1.00, 1.00, 1.00, 0.00, 1.00, 0.00, 1.00, 1.00, 1.00, 0.00, 0.00
6861,  0,  228.667,  0.98,  1, 0.00, 0.00, 1.26, 0.00, 1.11, 2.43, 0.00, 0.58, 1.38, 1.51, 0.00, 0.78, 0.11, 0.26, 1.77, 0.76, 0.00, 0.00, 0.00, 1.00, 1.00, 1.00, 1.00, 0.00, 1.00, 1.00, 1.00, 0.00, 1.00, 0.00, 1.00, 1.00, 1.00, 0.00, 0.00
6862,  0,  228.700,  0.98,  1, 0.00, 0.00, 1.35, 0.04, 1.12, 2.50, 0.00, 0.63, 1.42, 1.45, 0.00, 0.78, 0.13, 0.30, 1.69, 0.71, 0.00, 0.00, 0.00, 1.00, 1.00, 1.00, 1.00, 0.00, 1.00, 1.00, 1.00, 0.00, 1.00, 0.00, 1.00, 1.00, 1.00, 0.00, 0.00
6863,  0,  228.733,  0.98,  1, 0.00, 0.00, 1.35, 0.09, 1.11, 2.55, 0.00, 0.62, 1.44, 1.41, 0.00, 0.87, 0.21, 0.34, 1.67, 0.68, 0.00, 0.00, 0.00, 1.00, 1.00, 1.00, 1.00, 0.00, 1.00, 1.00, 1.00, 0.00, 1.00, 0.00, 1.00, 1.00, 1.00, 0.00, 0.00
6864,  0,  228.767,  0.98,  1, 0.00, 0.00, 1.37, 0.10, 1.14, 2.74, 0.00, 0.62, 1.43, 1.33, 0.00, 0.85, 0.19, 0.36, 1.54, 0.71, 0.00, 0.00, 0.00, 1.00, 1.00, 1.00, 1.00, 0.00, 1.00, 1.00, 1.00, 0.00, 1.00, 0.00, 1.00, 1.00, 1.00, 0.00, 0.00
6865,  0,  228.800,  0.98,  1, 0.00, 0.00, 1.27, 0.15, 1.18, 2.79, 0.00, 0.63, 1.41, 1.31, 0.00, 0.75, 0.15, 0.34, 1.45, 0.66, 0.00, 0.00, 0.00, 1.00, 1.00, 1.00, 1.00, 0.00, 1.00, 1.00, 1.00, 0.00, 1.00, 0.00, 1.00, 1.00, 1.00, 0.00, 0.00
6866,  0,  228.833,  0.98,  1, 0.00, 0.00, 1.19, 0.18, 1.21, 2.81, 0.00, 0.67, 1.37, 1.31, 0.00, 0.69, 0.05, 0.33, 1.38, 0.67, 0.00, 0.00, 0.00, 0.00, 1.00, 1.00, 1.00, 0.00, 1.00, 1.00, 1.00, 0.00, 1.00, 0.00, 1.00, 1.00, 1.00, 0.00, 0.00
6867,  0,  228.867,  0.98,  1, 0.00, 0.00, 1.13, 0.23, 1.23, 2.69, 0.00, 0.66, 1.31, 1.26, 0.00, 0.68, 0.16, 0.31, 1.36, 0.59, 0.00, 0.00, 0.00, 0.00, 1.00, 1.00, 1.00, 0.00, 1.00, 1.00, 1.00, 0.00, 1.00, 0.00, 1.00, 1.00, 1.00, 0.00, 0.00
6868,  0,  228.900,  0.98,  1, 0.00, 0.00, 1.07, 0.21, 1.20, 2.62, 0.00, 0.64, 1.27, 1.27, 0.00, 0.70, 0.30, 0.31, 1.33, 0.61, 0.00, 0.00, 0.00, 0.00, 1.00, 1.00, 1.00, 0.00, 1.00, 1.00, 1.00, 0.00, 0.00, 0.00, 1.00, 1.00, 1.00, 0.00, 0.00
6869,  0,  228.933,  0.98,  1, 0.00, 0.00, 1.07, 0.18, 1.19, 2.56, 0.00, 0.61, 1.25, 1.29, 0.00, 0.62, 0.34, 0.31, 1.27, 0.54, 0.00, 0.00, 0.00, 0.00, 1.00, 1.00, 1.00, 0.00, 1.00, 1.00, 1.00, 0.00, 0.00, 0.00, 1.00, 1.00, 1.00, 0.00, 0.00
6870,  0,  228.967,  0.98,  1, 0.00, 0.00, 1.07, 0.12, 1.16, 2.52, 0.00, 0.60, 1.26, 1.31, 0.00, 0.65, 0.32, 0.32, 1.26, 0.56, 0.00, 0.00, 0.00, 0.00, 1.00, 1.00, 1.00, 0.00, 1.00, 1.00, 1.00, 0.00, 0.00, 0.00, 1.00, 1.00, 1.00, 0.00, 0.00
6871,  0,  229.000,  0.98,  1, 0.00, 0.00, 1.16, 0.07, 1.16, 2.49, 0.00, 0.64, 1.27, 1.33, 0.00, 0.64, 0.24, 0.31, 1.32, 0.56, 0.00, 0.00, 0.00, 0.00, 1.00, 1.00, 1.00, 0.00, 1.00, 1.00, 1.00, 0.00, 0.00, 0.00, 1.00, 1.00, 1.00, 0.00, 0.00
6872,  0,  229.033,  0.98,  1, 0.00, 0.00, 1.22, 0.05, 1.19, 2.44, 0.00, 0.62, 1.25, 1.29, 0.00, 0.63, 0.25, 0.28, 1.42, 0.61, 0.00, 0.00, 0.00, 0.00, 1.00, 1.00, 1.00, 0.00, 1.00, 1.00, 1.00, 0.00, 0.00, 0.00, 1.00, 1.00, 1.00, 0.00, 0.00
6873,  0,  229.067,  0.98,  1, 0.00, 0.00, 1.29, 0.16, 1.19, 2.45, 0.00, 0.62, 1.25, 1.23, 0.00, 0.61, 0.22, 0.28, 1.47, 0.64, 0.00, 0.00, 0.00, 0.00, 1.00, 1.00, 1.00, 0.00, 1.00, 1.00, 1.00, 0.00, 0.00, 0.00, 1.00, 1.00, 1.00, 0.00, 0.00
6874,  0,  229.100,  0.98,  1, 0.00, 0.00, 1.26, 0.29, 1.17, 2.49, 0.00, 0.58, 1.26, 1.19, 0.00, 0.60, 0.24, 0.29, 1.50, 0.60, 0.00, 0.00, 0.00, 1.00, 1.00, 1.00, 1.00, 0.00, 1.00, 1.00, 1.00, 0.00, 0.00, 0.00, 1.00, 1.00, 1.00, 0.00, 0.00
6875,  0,  229.133,  0.98,  1, 0.00, 0.00, 1.26, 0.39, 1.13, 2.60, 0.00, 0.59, 1.28, 1.15, 0.00, 0.57, 0.24, 0.31, 1.48, 0.49, 0.00, 0.00, 0.00, 1.00, 1.00, 1.00, 1.00, 0.00, 1.00, 1.00, 1.00, 0.00, 1.00, 0.00, 1.00, 1.00, 1.00, 0.00, 0.00
6876,  0,  229.167,  0.98,  1, 0.00, 0.02, 1.30, 0.46, 1.17, 2.46, 0.00, 0.64, 1.33, 1.17, 0.00, 0.57, 0.32, 0.35, 1.49, 0.30, 0.00, 0.00, 0.00, 1.00, 1.00, 1.00, 1.00, 0.00, 1.00, 1.00, 1.00, 0.00, 1.00, 0.00, 1.00, 1.00, 1.00, 0.00, 0.00
6877,  0,  229.200,  0.98,  1, 0.00, 0.02, 1.35, 0.47, 1.24, 2.35, 0.00, 0.72, 1.38, 1.16, 0.00, 0.59, 0.31, 0.37, 1.50, 0.23, 0.00, 0.00, 0.00, 0.00, 1.00, 1.00, 1.00, 0.00, 1.00, 1.00, 1.00, 0.00, 1.00, 0.00, 1.00, 1.00, 1.00, 0.00, 0.00
6878,  0,  229.233,  0.98,  1, 0.00, 0.06, 1.42, 0.43, 1.30, 2.18, 0.00, 0.73, 1.42, 1.15, 0.00, 0.59, 0.25, 0.38, 1.52, 0.19, 0.00, 0.00, 0.00, 0.00, 1.00, 1.00, 1.00, 0.00, 1.00, 1.00, 1.00, 0.00, 1.00, 0.00, 1.00, 1.00, 1.00, 0.00, 0.00
6879,  0,  229.267,  0.98,  1, 0.00, 0.03, 1.33, 0.32, 1.27, 2.20, 0.00, 0.68, 1.40, 1.13, 0.00, 0.56, 0.19, 0.35, 1.56, 0.30, 0.00, 0.00, 0.00, 0.00, 1.00, 1.00, 1.00, 0.00, 1.00, 1.00, 1.00, 0.00, 1.00, 0.00, 1.00, 1.00, 1.00, 0.00, 0.00
6880,  0,  229.300,  0.98,  1, 0.00, 0.03, 1.30, 0.29, 1.24, 2.12, 0.00, 0.62, 1.37, 1.13, 0.00, 0.56, 0.19, 0.34, 1.53, 0.33, 0.00, 0.00, 0.00, 0.00, 1.00, 1.00, 1.00, 0.00, 1.00, 1.00, 1.00, 0.00, 1.00, 0.00, 1.00, 1.00, 1.00, 0.00, 0.00
6881,  0,  229.333,  0.98,  1, 0.00, 0.00, 1.22, 0.24, 1.18, 2.06, 0.00, 0.64, 1.36, 1.12, 0.00, 0.62, 0.15, 0.36, 1.47, 0.39, 0.00, 0.00, 0.00, 0.00, 1.00, 1.00, 1.00, 0.00, 1.00, 1.00, 1.00, 0.00, 1.00, 0.00, 1.00, 1.00, 1.00, 0.00, 0.00
6882,  0,  229.367,  0.98,  1, 0.00, 0.00, 1.13, 0.17, 1.10, 1.99, 0.00, 0.65, 1.38, 1.14, 0.00, 0.72, 0.09, 0.38, 1.42, 0.48, 0.00, 0.00, 0.00, 0.00, 1.00, 1.00, 1.00, 0.00, 1.00, 1.00, 1.00, 0.00, 1.00, 0.00, 1.00, 1.00, 1.00, 0.00, 0.00
6883,  0,  229.400,  0.98,  1, 0.00, 0.00, 1.10, 0.04, 1.04, 1.94, 0.00, 0.61, 1.41, 1.18, 0.00, 0.76, 0.09, 0.35, 1.39, 0.52, 0.00, 0.00, 0.00, 0.00, 1.00, 1.00, 1.00, 0.00, 1.00, 1.00, 1.00, 0.00, 1.00, 0.00, 1.00, 1.00, 1.00, 0.00, 0.00
6884,  0,  229.433,  0.98,  1, 0.03, 0.00, 1.07, 0.01, 1.05, 1.94, 0.00, 0.62, 1.45, 1.21, 0.00, 0.87, 0.18, 0.23, 1.45, 0.56, 0.35, 0.00, 0.00, 0.00, 1.00, 1.00, 1.00, 0.00, 1.00, 1.00, 1.00, 0.00, 1.00, 0.00, 1.00, 1.00, 1.00, 0.00, 1.00
6885,  0,  229.467,  0.98,  1, 0.03, 0.00, 1.13, 0.04, 1.03, 1.66, 0.00, 0.60, 1.46, 1.19, 0.00, 0.86, 0.25, 0.10, 1.49, 0.48, 1.03, 0.00, 0.00, 0.00, 0.00, 1.00, 1.00, 0.00, 1.00, 1.00, 1.00, 0.00, 1.00, 0.00, 1.00, 1.00, 1.00, 0.00, 1.00
6886,  0,  229.500,  0.98,  1, 0.03, 0.00, 1.19, 0.18, 1.02, 1.48, 0.01, 0.72, 1.43, 1.32, 0.00, 0.87, 0.24, 0.02, 1.40, 0.34, 1.77, 0.00, 0.00, 0.00, 0.00, 1.00, 1.00, 0.00, 1.00, 1.00, 1.00, 0.00, 1.00, 0.00, 1.00, 1.00, 1.00, 0.00, 1.00
6887,  0,  229.533,  0.98,  1, 0.00, 0.00, 1.30, 0.33, 1.00, 1.41, 0.04, 0.79, 1.40, 1.40, 0.00, 0.76, 0.22, 0.00, 1.33, 0.26, 2.04, 0.00, 0.00, 1.00, 0.00, 1.00, 1.00, 0.00, 1.00, 1.00, 1.00, 0.00, 1.00, 0.00, 1.00, 1.00, 1.00, 0.00, 1.00
6888,  0,  229.567,  0.98,  1, 0.00, 0.00, 1.36, 0.29, 1.13, 1.78, 0.05, 0.86, 1.43, 1.57, 0.00, 0.73, 0.33, 0.00, 1.19, 0.19, 1.77, 0.00, 0.00, 1.00, 0.00, 1.00, 1.00, 0.00, 1.00, 1.00, 1.00, 0.00, 1.00, 0.00, 1.00, 1.00, 1.00, 0.00, 1.00
6889,  0,  229.600,  0.98,  1, 0.00, 0.00, 1.47, 0.15, 1.26, 2.27, 0.08, 0.84, 1.46, 1.58, 0.00, 0.62, 0.32, 0.00, 1.26, 0.26, 1.30, 0.00, 0.00, 1.00, 0.00, 1.00, 1.00, 0.00, 1.00, 1.00, 1.00, 0.00, 1.00, 0.00, 1.00, 1.00, 1.00, 0.00, 1.00
6890,  0,  229.633,  0.98,  1, 0.00, 0.00, 1.56, 0.00, 1.36, 2.52, 0.06, 0.78, 1.51, 1.71, 0.00, 0.50, 0.37, 0.03, 1.25, 0.20, 0.89, 0.00, 0.00, 1.00, 0.00, 1.00, 1.00, 0.00, 1.00, 1.00, 1.00, 0.00, 0.00, 0.00, 1.00, 1.00, 1.00, 0.00, 1.00
6891,  0,  229.667,  0.98,  1, 0.00, 0.00, 1.58, 0.00, 1.39, 2.61, 0.05, 0.79, 1.48, 1.74, 0.00, 0.35, 0.33, 0.06, 1.35, 0.13, 0.58, 0.00, 0.00, 1.00, 0.00, 1.00, 1.00, 0.00, 1.00, 1.00, 1.00, 0.00, 0.00, 0.00, 1.00, 1.00, 1.00, 0.00, 1.00
6892,  0,  229.700,  0.98,  1, 0.00, 0.00, 1.47, 0.00, 1.38, 2.45, 0.01, 0.75, 1.47, 1.76, 0.00, 0.28, 0.38, 0.10, 1.32, 0.04, 0.31, 0.00, 0.00, 0.00, 0.00, 1.00, 1.00, 0.00, 1.00, 1.00, 1.00, 0.00, 0.00, 0.00, 1.00, 1.00, 1.00, 0.00, 1.00
6893,  0,  229.733,  0.98,  1, 0.00, 0.00, 1.35, 0.00, 1.38, 2.33, 0.00, 0.77, 1.48, 1.73, 0.00, 0.33, 0.34, 0.15, 1.25, 0.00, 0.10, 0.00, 0.00, 0.00, 0.00, 1.00, 1.00, 0.00, 1.00, 1.00, 1.00, 0.00, 0.00, 0.00, 1.00, 1.00, 1.00, 0.00, 1.00
6894,  0,  229.767,  0.98,  1, 0.00, 0.00, 1.33, 0.00, 1.36, 2.31, 0.00, 0.80, 1.48, 1.70, 0.00, 0.44, 0.28, 0.20, 1.16, 0.03, 0.00, 0.00, 0.00, 0.00, 0.00, 1.00, 1.00, 0.00, 1.00, 1.00, 1.00, 0.00, 0.00, 0.00, 1.00, 1.00, 1.00, 0.00, 1.00
6895,  0,  229.800,  0.98,  1, 0.00, 0.00, 1.32, 0.00, 1.37, 2.44, 0.00, 0.88, 1.47, 1.67, 0.00, 0.55, 0.24, 0.23, 1.19, 0.06, 0.00, 0.00, 0.00, 0.00, 0.00, 1.00, 1.00, 0.00, 1.00, 1.00, 1.00, 0.00, 1.00, 0.00, 1.00, 1.00, 1.00, 0.00, 1.00
6896,  0,  229.833,  0.98,  1, 0.00, 0.00, 1.36, 0.00, 1.37, 2.59, 0.00, 0.92, 1.43, 1.64, 0.00, 0.63, 0.21, 0.21, 1.24, 0.14, 0.00, 0.00, 0.00, 0.00, 1.00, 1.00, 1.00, 0.00, 1.00, 1.00, 1.00, 0.00, 1.00, 0.00, 1.00, 1.00, 1.00, 0.00, 1.00
6897,  0,  229.867,  0.98,  1, 0.00, 0.00, 1.36, 0.00, 1.34, 2.59, 0.00, 0.89, 1.41, 1.66, 0.00, 0.65, 0.18, 0.20, 1.28, 0.14, 0.00, 0.00, 0.00, 0.00, 1.00, 1.00, 1.00, 0.00, 1.00, 1.00, 1.00, 0.00, 1.00, 0.00, 1.00, 1.00, 1.00, 0.00, 0.00
6898,  0,  229.900,  0.98,  1, 0.00, 0.00, 1.33, 0.00, 1.25, 2.38, 0.00, 0.80, 1.40, 1.55, 0.00, 0.65, 0.13, 0.20, 1.35, 0.24, 0.00, 0.00, 0.00, 0.00, 1.00, 1.00, 1.00, 0.00, 1.00, 1.00, 1.00, 0.00, 1.00, 0.00, 1.00, 1.00, 1.00, 0.00, 0.00
6899,  0,  229.933,  0.98,  1, 0.00, 0.00, 1.34, 0.00, 1.15, 2.28, 0.00, 0.77, 1.37, 1.42, 0.00, 0.52, 0.17, 0.18, 1.43, 0.26, 0.00, 0.00, 0.00, 0.00, 1.00, 1.00, 1.00, 0.00, 1.00, 1.00, 1.00, 0.00, 1.00, 0.00, 1.00, 1.00, 1.00, 0.00, 0.00
6900,  0,  229.967,  0.98,  1, 0.00, 0.00, 1.30, 0.04, 1.06, 2.29, 0.00, 0.77, 1.38, 1.31, 0.00, 0.54, 0.12, 0.23, 1.44, 0.41, 0.00, 0.00, 0.00, 0.00, 1.00, 1.00, 1.00, 0.00, 1.00, 1.00, 1.00, 0.00, 1.00, 0.00, 1.00, 1.00, 1.00, 0.00, 0.00
6901,  0,  230.000,  0.98,  1, 0.00, 0.00, 1.33, 0.04, 0.98, 2.35, 0.00, 0.76, 1.37, 1.26, 0.00, 0.57, 0.12, 0.24, 1.36, 0.42, 0.00, 0.00, 0.00, 1.00, 1.00, 1.00, 1.00, 0.00, 1.00, 1.00, 1.00, 0.00, 1.00, 0.00, 1.00, 1.00, 1.00, 0.00, 0.00
6902,  0,  230.033,  0.98,  1, 0.00, 0.00, 1.24, 0.04, 0.97, 2.30, 0.00, 0.71, 1.41, 1.28, 0.00, 0.71, 0.11, 0.31, 1.27, 0.47, 0.00, 0.00, 0.00, 1.00, 1.00, 1.00, 1.00, 0.00, 1.00, 1.00, 1.00, 0.00, 1.00, 0.00, 1.00, 1.00, 1.00, 0.00, 0.00
6903,  0,  230.067,  0.98,  1, 0.00, 0.00, 1.26, 0.00, 0.98, 2.21, 0.00, 0.67, 1.41, 1.25, 0.00, 0.70, 0.18, 0.32, 1.22, 0.41, 0.00, 0.00, 0.00, 1.00, 1.00, 1.00, 1.00, 0.00, 1.00, 1.00, 1.00, 0.00, 1.00, 0.00, 1.00, 1.00, 1.00, 0.00, 0.00
6904,  0,  230.100,  0.98,  1, 0.00, 0.00, 1.26, 0.07, 1.01, 2.23, 0.00, 0.69, 1.42, 1.27, 0.00, 0.72, 0.24, 0.32, 1.19, 0.41, 0.00, 0.00, 0.00, 1.00, 1.00, 1.00, 1.00, 0.00, 1.00, 1.00, 1.00, 0.00, 1.00, 0.00, 1.00, 1.00, 1.00, 0.00, 0.00
6905,  0,  230.133,  0.98,  1, 0.00, 0.00, 1.30, 0.07, 0.97, 2.17, 0.00, 0.67, 1.39, 1.19, 0.00, 0.68, 0.18, 0.28, 1.19, 0.40, 0.00, 0.00, 0.00, 1.00, 1.00, 1.00, 1.00, 0.00, 1.00, 1.00, 1.00, 0.00, 1.00, 0.00, 1.00, 1.00, 1.00, 0.00, 0.00
6906,  0,  230.167,  0.98,  1, 0.00, 0.00, 1.26, 0.07, 0.89, 2.05, 0.00, 0.67, 1.34, 1.14, 0.00, 0.69, 0.11, 0.24, 1.20, 0.45, 0.00, 0.00, 0.00, 1.00, 1.00, 1.00, 1.00, 0.00, 1.00, 1.00, 1.00, 0.00, 1.00, 0.00, 1.00, 1.00, 1.00, 0.00, 0.00
6907,  0,  230.200,  0.98,  1, 0.00, 0.00, 1.23, 0.05, 0.80, 1.90, 0.00, 0.62, 1.17, 1.06, 0.00, 0.79, 0.03, 0.25, 1.20, 0.55, 0.00, 0.00, 0.00, 0.00, 1.00, 1.00, 1.00, 0.00, 1.00, 1.00, 1.00, 0.00, 1.00, 0.00, 1.00, 1.00, 1.00, 0.00, 0.00
6908,  0,  230.233,  0.98,  1, 0.00, 0.00, 1.16, 0.08, 0.71, 1.73, 0.00, 0.58, 0.99, 1.03, 0.00, 0.91, 0.00, 0.27, 1.06, 0.61, 0.00, 0.00, 0.00, 0.00, 1.00, 1.00, 1.00, 0.00, 1.00, 1.00, 1.00, 0.00, 1.00, 0.00, 1.00, 1.00, 1.00, 0.00, 0.00
6909,  0,  230.267,  0.98,  1, 0.00, 0.00, 1.15, 0.08, 0.66, 1.59, 0.00, 0.54, 0.72, 0.94, 0.02, 1.05, 0.00, 0.27, 0.86, 0.57, 0.00, 0.00, 0.00, 0.00, 1.00, 1.00, 1.00, 0.00, 1.00, 1.00, 1.00, 0.00, 1.00, 0.00, 1.00, 1.00, 1.00, 0.00, 0.00
6910,  0,  230.300,  0.98,  1, 0.00, 0.00, 1.18, 0.03, 0.59, 1.46, 0.00, 0.44, 0.42, 0.92, 0.15, 1.31, 0.02, 0.35, 0.49, 0.35, 0.00, 0.00, 0.00, 0.00, 1.00, 1.00, 1.00, 0.00, 1.00, 0.00, 1.00, 1.00, 1.00, 0.00, 1.00, 0.00, 1.00, 0.00, 0.00
6911,  0,  230.333,  0.98,  1, 0.02, 0.00, 1.14, 0.00, 0.57, 1.41, 0.00, 0.37, 0.15, 0.80, 0.26, 1.72, 0.10, 0.44, 0.21, 0.21, 0.18, 0.00, 0.00, 0.00, 1.00, 1.00, 1.00, 0.00, 1.00, 0.00, 1.00, 1.00, 1.00, 0.00, 1.00, 0.00, 0.00, 0.00, 1.00
6912,  0,  230.367,  0.98,  1, 0.08, 0.00, 1.19, 0.00, 0.48, 1.48, 0.00, 0.20, 0.00, 0.69, 0.50, 1.91, 0.09, 0.37, 0.00, 0.12, 0.58, 0.00, 0.00, 0.00, 1.00, 0.00, 1.00, 0.00, 1.00, 0.00, 1.00, 1.00, 1.00, 0.00, 1.00, 0.00, 0.00, 0.00, 1.00
6913,  0,  230.400,  0.98,  1, 0.16, 0.00, 1.10, 0.11, 0.35, 1.47, 0.00, 0.12, 0.00, 0.65, 0.65, 1.85, 0.08, 0.22, 0.00, 0.09, 1.07, 0.00, 0.00, 0.00, 1.00, 0.00, 1.00, 0.00, 1.00, 0.00, 1.00, 1.00, 1.00, 0.00, 1.00, 0.00, 0.00, 0.00, 1.00
6914,  0,  230.433,  0.98,  1, 0.25, 0.00, 1.14, 0.34, 0.23, 1.60, 0.00, 0.00, 0.00, 0.57, 0.82, 1.69, 0.00, 0.09, 0.00, 0.03, 1.26, 0.00, 0.00, 0.00, 1.00, 0.00, 1.00, 0.00, 1.00, 0.00, 1.00, 1.00, 1.00, 0.00, 1.00, 0.00, 0.00, 0.00, 1.00
6915,  0,  230.467,  0.98,  1, 0.21, 0.00, 1.12, 0.38, 0.19, 1.68, 0.00, 0.00, 0.00, 0.53, 0.78, 1.71, 0.00, 0.19, 0.00, 0.00, 1.10, 0.00, 0.00, 0.00, 1.00, 0.00, 1.00, 0.00, 1.00, 0.00, 1.00, 1.00, 1.00, 0.00, 1.00, 0.00, 0.00, 0.00, 1.00
6916,  0,  230.500,  0.98,  1, 0.26, 0.06, 1.18, 0.27, 0.19, 1.99, 0.00, 0.00, 0.00, 0.32, 0.78, 1.74, 0.00, 0.29, 0.00, 0.00, 0.63, 0.00, 0.00, 0.00, 1.00, 0.00, 1.00, 0.00, 1.00, 0.00, 1.00, 1.00, 1.00, 0.00, 1.00, 0.00, 0.00, 0.00, 1.00
6917,  0,  230.533,  0.98,  1, 0.25, 0.06, 1.13, 0.04, 0.16, 1.98, 0.00, 0.00, 0.00, 0.20, 0.71, 1.73, 0.00, 0.34, 0.00, 0.00, 0.25, 0.00, 0.00, 0.00, 1.00, 0.00, 1.00, 0.00, 1.00, 0.00, 1.00, 1.00, 1.00, 0.00, 1.00, 0.00, 0.00, 0.00, 1.00
6918,  0,  230.567,  0.98,  1, 0.35, 0.07, 1.07, 0.00, 0.11, 1.90, 0.00, 0.00, 0.00, 0.06, 0.75, 1.76, 0.00, 0.35, 0.00, 0.03, 0.02, 0.00, 0.00, 0.00, 1.00, 0.00, 1.00, 0.00, 1.00, 0.00, 1.00, 1.00, 1.00, 0.00, 1.00, 0.00, 0.00, 0.00, 1.00
6919,  0,  230.600,  0.98,  1, 0.31, 0.01, 1.02, 0.00, 0.05, 1.63, 0.00, 0.02, 0.00, 0.01, 0.71, 1.76, 0.00, 0.32, 0.00, 0.03, 0.00, 0.00, 0.00, 0.00, 1.00, 0.00, 1.00, 0.00, 1.00, 0.00, 1.00, 1.00, 1.00, 0.00, 1.00, 0.00, 0.00, 0.00, 1.00
6920,  0,  230.633,  0.98,  1, 0.31, 0.03, 1.04, 0.00, 0.03, 1.44, 0.00, 0.02, 0.00, 0.00, 0.73, 1.76, 0.00, 0.34, 0.00, 0.03, 0.00, 0.00, 0.00, 0.00, 1.00, 0.00, 1.00, 0.00, 1.00, 0.00, 1.00, 1.00, 1.00, 0.00, 1.00, 0.00, 0.00, 0.00, 1.00
6921,  0,  230.667,  0.98,  1, 0.29, 0.02, 1.00, 0.00, 0.00, 1.24, 0.00, 0.02, 0.00, 0.00, 0.76, 1.74, 0.00, 0.35, 0.00, 0.00, 0.00, 0.00, 0.00, 0.00, 1.00, 0.00, 1.00, 0.00, 1.00, 0.00, 1.00, 1.00, 1.00, 0.00, 1.00, 0.00, 0.00, 0.00, 1.00
6922,  0,  230.700,  0.98,  1, 0.30, 0.02, 0.87, 0.04, 0.00, 1.14, 0.00, 0.02, 0.00, 0.09, 0.75, 1.77, 0.00, 0.40, 0.00, 0.00, 0.00, 0.00, 0.00, 0.00, 1.00, 0.00, 1.00, 0.00, 1.00, 0.00, 1.00, 1.00, 1.00, 0.00, 1.00, 0.00, 0.00, 0.00, 0.00
6923,  0,  230.733,  0.98,  1, 0.33, 0.00, 0.75, 0.08, 0.00, 1.14, 0.00, 0.07, 0.00, 0.26, 0.76, 1.74, 0.00, 0.42, 0.00, 0.00, 0.00, 0.00, 0.00, 0.00, 1.00, 0.00, 1.00, 0.00, 1.00, 0.00, 1.00, 1.00, 1.00, 0.00, 1.00, 0.00, 0.00, 0.00, 0.00
6924,  0,  230.767,  0.98,  1, 0.28, 0.00, 0.71, 0.08, 0.00, 1.04, 0.00, 0.07, 0.00, 0.27, 0.55, 1.67, 0.00, 0.47, 0.00, 0.09, 0.00, 0.00, 0.00, 0.00, 1.00, 0.00, 1.00, 0.00, 1.00, 0.00, 1.00, 1.00, 1.00, 0.00, 1.00, 0.00, 0.00, 0.00, 0.00
6925,  0,  230.800,  0.98,  1, 0.25, 0.00, 0.76, 0.05, 0.00, 0.84, 0.00, 0.05, 0.00, 0.21, 0.48, 1.58, 0.00, 0.50, 0.00, 0.19, 0.00, 0.00, 0.00, 0.00, 1.00, 0.00, 1.00, 0.00, 1.00, 0.00, 1.00, 1.00, 1.00, 0.00, 1.00, 0.00, 0.00, 0.00, 0.00
6926,  0,  230.833,  0.98,  1, 0.20, 0.00, 0.76, 0.00, 0.00, 0.66, 0.00, 0.00, 0.00, 0.03, 0.34, 1.56, 0.00, 0.54, 0.00, 0.22, 0.00, 0.00, 0.00, 0.00, 1.00, 0.00, 1.00, 0.00, 1.00, 0.00, 1.00, 1.00, 1.00, 0.00, 1.00, 0.00, 0.00, 0.00, 0.00
6927,  0,  230.867,  0.98,  1, 0.25, 0.00, 0.75, 0.00, 0.00, 0.52, 0.00, 0.00, 0.00, 0.02, 0.37, 1.57, 0.00, 0.56, 0.00, 0.18, 0.00, 0.00, 0.00, 0.00, 1.00, 0.00, 1.00, 0.00, 1.00, 0.00, 1.00, 1.00, 1.00, 0.00, 1.00, 0.00, 0.00, 0.00, 0.00
6928,  0,  230.900,  0.98,  1, 0.29, 0.00, 0.74, 0.00, 0.00, 0.57, 0.00, 0.05, 0.00, 0.01, 0.41, 1.63, 0.00, 0.55, 0.00, 0.19, 0.00, 0.00, 0.00, 0.00, 1.00, 0.00, 1.00, 0.00, 1.00, 0.00, 1.00, 1.00, 1.00, 0.00, 1.00, 0.00, 0.00, 0.00, 0.00
6929,  0,  230.933,  0.98,  1, 0.32, 0.00, 0.79, 0.05, 0.00, 0.62, 0.00, 0.06, 0.00, 0.01, 0.46, 1.61, 0.00, 0.56, 0.00, 0.22, 0.00, 0.00, 0.00, 0.00, 1.00, 0.00, 1.00, 0.00, 1.00, 0.00, 1.00, 1.00, 1.00, 0.00, 1.00, 0.00, 0.00, 0.00, 0.00
6930,  0,  230.967,  0.98,  1, 0.28, 0.00, 0.77, 0.05, 0.00, 0.68, 0.00, 0.06, 0.00, 0.05, 0.51, 1.62, 0.00, 0.59, 0.00, 0.25, 0.00, 0.00, 0.00, 0.00, 1.00, 0.00, 1.00, 0.00, 1.00, 0.00, 1.00, 1.00, 1.00, 0.00, 1.00, 0.00, 0.00, 0.00, 0.00
6931,  0,  231.000,  0.98,  1, 0.27, 0.00, 0.78, 0.05, 0.00, 0.58, 0.00, 0.01, 0.00, 0.04, 0.50, 1.62, 0.00, 0.61, 0.00, 0.23, 0.00, 0.00, 0.00, 0.00, 1.00, 0.00, 1.00, 0.00, 1.00, 0.00, 1.00, 1.00, 1.00, 0.00, 1.00, 0.00, 0.00, 0.00, 0.00
6932,  0,  231.033,  0.98,  1, 0.24, 0.00, 0.77, 0.00, 0.00, 0.57, 0.00, 0.01, 0.00, 0.04, 0.50, 1.62, 0.00, 0.61, 0.00, 0.26, 0.00, 0.00, 0.00, 0.00, 1.00, 0.00, 1.00, 0.00, 1.00, 0.00, 1.00, 1.00, 1.00, 0.00, 1.00, 0.00, 0.00, 0.00, 0.00
6933,  0,  231.067,  0.98,  1, 0.23, 0.00, 0.85, 0.00, 0.00, 0.72, 0.00, 0.01, 0.00, 0.00, 0.52, 1.60, 0.00, 0.57, 0.00, 0.25, 0.00, 0.00, 0.00, 0.00, 1.00, 0.00, 1.00, 0.00, 1.00, 0.00, 1.00, 1.00, 1.00, 0.00, 1.00, 0.00, 0.00, 0.00, 0.00
6934,  0,  231.100,  0.98,  1, 0.26, 0.00, 0.88, 0.06, 0.00, 1.03, 0.00, 0.01, 0.00, 0.00, 0.49, 1.65, 0.00, 0.58, 0.00, 0.42, 0.00, 0.00, 0.00, 0.00, 1.00, 0.00, 1.00, 0.00, 1.00, 0.00, 1.00, 1.00, 1.00, 0.00, 1.00, 0.00, 0.00, 0.00, 0.00
6935,  0,  231.133,  0.98,  1, 0.27, 0.00, 0.96, 0.10, 0.00, 1.31, 0.00, 0.00, 0.00, 0.00, 0.39, 1.62, 0.00, 0.55, 0.00, 0.46, 0.00, 0.00, 0.00, 0.00, 1.00, 0.00, 1.00, 0.00, 1.00, 0.00, 1.00, 1.00, 1.00, 0.00, 1.00, 0.00, 0.00, 0.00, 0.00
6936,  0,  231.167,  0.98,  1, 0.23, 0.00, 0.90, 0.10, 0.00, 1.39, 0.00, 0.00, 0.00, 0.17, 0.23, 1.64, 0.00, 0.54, 0.09, 0.59, 0.00, 0.00, 0.00, 0.00, 1.00, 0.00, 1.00, 0.00, 1.00, 0.00, 1.00, 1.00, 1.00, 0.00, 1.00, 0.00, 0.00, 0.00, 0.00
6937,  0,  231.200,  0.98,  1, 0.16, 0.02, 0.87, 0.04, 0.00, 1.29, 0.00, 0.00, 0.00, 0.30, 0.09, 1.55, 0.00, 0.49, 0.14, 0.60, 0.00, 0.00, 0.00, 0.00, 1.00, 0.00, 1.00, 0.00, 1.00, 0.00, 1.00, 1.00, 1.00, 0.00, 1.00, 0.00, 0.00, 0.00, 0.00
6938,  0,  231.233,  0.98,  1, 0.16, 0.03, 0.80, 0.00, 0.00, 1.28, 0.00, 0.00, 0.00, 0.38, 0.08, 1.55, 0.00, 0.50, 0.23, 0.77, 0.00, 0.00, 0.00, 0.00, 1.00, 0.00, 1.00, 0.00, 1.00, 0.00, 1.00, 1.00, 1.00, 0.00, 1.00, 0.00, 0.00, 0.00, 0.00
6939,  0,  231.267,  0.98,  1, 0.19, 0.06, 0.86, 0.00, 0.00, 1.36, 0.00, 0.00, 0.00, 0.39, 0.12, 1.51, 0.00, 0.50, 0.23, 0.87, 0.00, 0.00, 0.00, 0.00, 1.00, 0.00, 1.00, 0.00, 1.00, 0.00, 1.00, 1.00, 1.00, 0.00, 1.00, 0.00, 0.00, 0.00, 0.00
6940,  0,  231.300,  0.98,  1, 0.20, 0.08, 0.85, 0.00, 0.00, 1.47, 0.00, 0.00, 0.02, 0.43, 0.18, 1.46, 0.00, 0.48, 0.34, 0.89, 0.00, 0.00, 0.00, 0.00, 1.00, 0.00, 1.00, 0.00, 1.00, 0.00, 1.00, 1.00, 1.00, 0.00, 1.00, 0.00, 0.00, 0.00, 0.00
6941,  0,  231.333,  0.98,  1, 0.19, 0.07, 0.83, 0.00, 0.00, 1.39, 0.00, 0.00, 0.03, 0.51, 0.21, 1.40, 0.00, 0.44, 0.37, 1.01, 0.00, 0.00, 0.00, 0.00, 1.00, 0.00, 1.00, 0.00, 1.00, 0.00, 1.00, 1.00, 1.00, 0.00, 1.00, 0.00, 1.00, 0.00, 0.00
6942,  0,  231.367,  0.98,  1, 0.24, 0.06, 0.82, 0.00, 0.00, 1.36, 0.00, 0.00, 0.05, 0.52, 0.18, 1.33, 0.00, 0.37, 0.42, 0.99, 0.00, 0.00, 0.00, 0.00, 1.00, 0.00, 1.00, 0.00, 1.00, 0.00, 1.00, 1.00, 1.00, 0.00, 1.00, 0.00, 1.00, 0.00, 0.00
6943,  0,  231.400,  0.98,  1, 0.27, 0.02, 0.88, 0.00, 0.00, 1.34, 0.00, 0.00, 0.10, 0.59, 0.12, 1.26, 0.00, 0.30, 0.42, 1.00, 0.00, 0.00, 0.00, 0.00, 1.00, 0.00, 1.00, 0.00, 1.00, 0.00, 1.00, 1.00, 1.00, 0.00, 1.00, 0.00, 1.00, 0.00, 0.00
6944,  0,  231.433,  0.98,  1, 0.37, 0.02, 0.98, 0.00, 0.00, 1.48, 0.00, 0.00, 0.16, 0.64, 0.11, 1.23, 0.01, 0.23, 0.46, 0.93, 0.00, 0.00, 0.00, 0.00, 1.00, 0.00, 1.00, 0.00, 1.00, 0.00, 1.00, 1.00, 1.00, 0.00, 1.00, 0.00, 1.00, 0.00, 0.00
6945,  0,  231.467,  0.98,  1, 0.36, 0.00, 1.08, 0.00, 0.00, 1.51, 0.00, 0.00, 0.18, 0.62, 0.17, 1.22, 0.01, 0.18, 0.50, 0.97, 0.00, 0.00, 0.00, 0.00, 1.00, 0.00, 1.00, 0.00, 1.00, 0.00, 1.00, 1.00, 1.00, 0.00, 1.00, 0.00, 1.00, 0.00, 0.00
6946,  0,  231.500,  0.98,  1, 0.27, 0.00, 1.10, 0.00, 0.00, 1.46, 0.00, 0.00, 0.23, 0.57, 0.24, 1.27, 0.01, 0.17, 0.49, 1.01, 0.00, 0.00, 0.00, 0.00, 1.00, 0.00, 1.00, 0.00, 1.00, 0.00, 1.00, 1.00, 1.00, 0.00, 1.00, 0.00, 1.00, 0.00, 0.00
6947,  0,  231.533,  0.98,  1, 0.10, 0.00, 1.11, 0.00, 0.00, 1.26, 0.00, 0.00, 0.31, 0.47, 0.17, 1.25, 0.00, 0.11, 0.62, 1.02, 0.00, 0.00, 0.00, 0.00, 1.00, 0.00, 1.00, 0.00, 1.00, 0.00, 1.00, 1.00, 1.00, 0.00, 1.00, 0.00, 1.00, 0.00, 0.00
6948,  0,  231.567,  0.98,  1, 0.01, 0.00, 1.10, 0.00, 0.01, 0.97, 0.00, 0.00, 0.47, 0.43, 0.09, 1.05, 0.00, 0.06, 0.69, 0.97, 0.00, 0.00, 0.00, 0.00, 1.00, 0.00, 1.00, 0.00, 1.00, 0.00, 1.00, 0.00, 1.00, 0.00, 1.00, 0.00, 1.00, 0.00, 0.00
6949,  0,  231.600,  0.98,  1, 0.02, 0.00, 1.10, 0.00, 0.01, 1.06, 0.00, 0.00, 0.54, 0.39, 0.00, 0.71, 0.00, 0.00, 0.78, 0.89, 0.00, 0.00, 0.00, 0.00, 1.00, 0.00, 1.00, 0.00, 1.00, 0.00, 1.00, 0.00, 1.00, 0.00, 1.00, 0.00, 1.00, 0.00, 0.00
6950,  0,  231.633,  0.98,  1, 0.08, 0.00, 1.12, 0.00, 0.01, 1.00, 0.00, 0.00, 0.57, 0.32, 0.00, 0.42, 0.00, 0.00, 0.84, 0.86, 0.00, 0.00, 0.00, 1.00, 1.00, 0.00, 1.00, 0.00, 1.00, 0.00, 1.00, 0.00, 0.00, 0.00, 0.00, 1.00, 1.00, 0.00, 0.00
6951,  0,  231.667,  0.98,  1, 0.16, 0.00, 1.16, 0.00, 0.00, 1.18, 0.00, 0.00, 0.55, 0.36, 0.00, 0.33, 0.00, 0.00, 0.95, 0.83, 0.00, 0.00, 0.00, 1.00, 1.00, 0.00, 1.00, 0.00, 1.00, 0.00, 1.00, 0.00, 0.00, 0.00, 0.00, 1.00, 1.00, 0.00, 0.00
6952,  0,  231.700,  0.98,  1, 0.25, 0.00, 1.24, 0.00, 0.03, 1.08, 0.00, 0.00, 0.54, 0.38, 0.00, 0.31, 0.00, 0.00, 1.03, 0.80, 0.00, 0.00, 0.00, 1.00, 1.00, 0.00, 1.00, 0.00, 1.00, 0.00, 1.00, 0.00, 0.00, 0.00, 0.00, 1.00, 1.00, 0.00, 0.00
6953,  0,  231.733,  0.98,  1, 0.28, 0.00, 1.28, 0.00, 0.05, 1.14, 0.00, 0.00, 0.54, 0.49, 0.00, 0.32, 0.00, 0.00, 1.07, 0.75, 0.00, 0.00, 0.00, 1.00, 1.00, 0.00, 1.00, 0.00, 1.00, 0.00, 1.00, 0.00, 0.00, 0.00, 0.00, 1.00, 1.00, 0.00, 0.00
6954,  0,  231.767,  0.98,  1, 0.39, 0.00, 1.35, 0.00, 0.06, 1.26, 0.00, 0.00, 0.54, 0.43, 0.00, 0.35, 0.00, 0.00, 1.11, 0.77, 0.19, 0.00, 0.00, 1.00, 1.00, 0.00, 1.00, 0.00, 1.00, 0.00, 1.00, 0.00, 0.00, 0.00, 0.00, 1.00, 1.00, 0.00, 0.00
6955,  0,  231.800,  0.98,  1, 0.37, 0.00, 1.35, 0.00, 0.05, 1.32, 0.00, 0.00, 0.59, 0.45, 0.00, 0.38, 0.00, 0.00, 1.19, 0.91, 0.74, 0.00, 0.00, 1.00, 0.00, 0.00, 1.00, 0.00, 1.00, 0.00, 1.00, 0.00, 1.00, 0.00, 0.00, 1.00, 1.00, 0.00, 1.00
6956,  0,  231.833,  0.98,  1, 0.37, 0.00, 1.34, 0.06, 0.02, 1.27, 0.00, 0.00, 0.60, 0.41, 0.00, 0.44, 0.00, 0.00, 1.06, 0.89, 1.48, 0.00, 0.00, 1.00, 0.00, 0.00, 1.00, 0.00, 1.00, 0.00, 1.00, 0.00, 1.00, 0.00, 0.00, 1.00, 1.00, 0.00, 1.00
6957,  0,  231.867,  0.98,  1, 0.27, 0.00, 1.27, 0.16, 0.01, 1.08, 0.00, 0.00, 0.56, 0.46, 0.00, 0.46, 0.00, 0.00, 0.87, 0.78, 2.03, 0.00, 0.00, 1.00, 0.00, 0.00, 1.00, 0.00, 1.00, 0.00, 1.00, 0.00, 1.00, 0.00, 1.00, 0.00, 1.00, 0.00, 1.00
6958,  0,  231.900,  0.98,  1, 0.21, 0.00, 1.22, 0.37, 0.04, 0.80, 0.00, 0.04, 0.50, 0.39, 0.00, 0.63, 0.15, 0.00, 0.59, 0.47, 2.16, 0.00, 0.00, 1.00, 0.00, 0.00, 1.00, 0.00, 1.00, 0.00, 1.00, 0.00, 1.00, 0.00, 1.00, 0.00, 0.00, 0.00, 1.00
6959,  0,  231.933,  0.98,  1, 0.13, 0.00, 1.23, 0.34, 0.14, 0.83, 0.00, 0.05, 0.49, 0.44, 0.00, 0.78, 0.32, 0.00, 0.51, 0.29, 2.01, 0.00, 0.00, 1.00, 0.00, 0.00, 1.00, 0.00, 1.00, 0.00, 1.00, 0.00, 1.00, 0.00, 1.00, 0.00, 0.00, 0.00, 1.00
6960,  0,  231.967,  0.98,  1, 0.03, 0.00, 1.35, 0.33, 0.26, 0.98, 0.00, 0.05, 0.48, 0.48, 0.00, 0.91, 0.43, 0.05, 0.43, 0.20, 1.59, 0.00, 0.00, 1.00, 0.00, 0.00, 1.00, 0.00, 1.00, 0.00, 1.00, 0.00, 1.00, 0.00, 1.00, 0.00, 0.00, 0.00, 1.00
6961,  0,  232.000,  0.98,  1, 0.01, 0.00, 1.45, 0.12, 0.35, 1.39, 0.00, 0.01, 0.42, 0.53, 0.00, 0.95, 0.45, 0.12, 0.43, 0.31, 1.17, 0.00, 0.00, 1.00, 0.00, 0.00, 1.00, 0.00, 1.00, 0.00, 1.00, 0.00, 1.00, 0.00, 1.00, 0.00, 0.00, 0.00, 1.00
6962,  0,  232.033,  0.98,  1, 0.00, 0.00, 1.50, 0.08, 0.33, 1.59, 0.00, 0.00, 0.33, 0.55, 0.00, 1.00, 0.45, 0.26, 0.29, 0.33, 0.73, 0.00, 0.00, 1.00, 0.00, 0.00, 1.00, 0.00, 1.00, 0.00, 1.00, 0.00, 1.00, 0.00, 1.00, 0.00, 0.00, 0.00, 1.00
6963,  0,  232.067,  0.98,  1, 0.00, 0.00, 1.40, 0.00, 0.33, 1.62, 0.00, 0.00, 0.23, 0.60, 0.00, 1.18, 0.53, 0.42, 0.17, 0.23, 0.43, 0.00, 0.00, 1.00, 0.00, 0.00, 1.00, 0.00, 1.00, 0.00, 1.00, 1.00, 1.00, 0.00, 1.00, 0.00, 0.00, 0.00, 1.00
6964,  0,  232.100,  0.98,  1, 0.00, 0.00, 1.29, 0.00, 0.28, 1.48, 0.00, 0.00, 0.17, 0.72, 0.02, 1.43, 0.59, 0.57, 0.03, 0.08, 0.16, 0.00, 0.00, 1.00, 0.00, 0.00, 1.00, 0.00, 1.00, 0.00, 1.00, 1.00, 1.00, 0.00, 1.00, 0.00, 0.00, 0.00, 1.00
6965,  0,  232.133,  0.98,  1, 0.00, 0.00, 1.18, 0.00, 0.37, 1.36, 0.00, 0.00, 0.11, 0.84, 0.07, 1.64, 0.68, 0.63, 0.00, 0.00, 0.02, 0.00, 0.00, 1.00, 0.00, 0.00, 1.00, 0.00, 1.00, 0.00, 1.00, 1.00, 1.00, 0.00, 1.00, 0.00, 0.00, 0.00, 1.00
6966,  0,  232.167,  0.98,  1, 0.00, 0.00, 1.21, 0.00, 0.43, 1.32, 0.00, 0.00, 0.09, 0.91, 0.22, 1.84, 0.73, 0.71, 0.00, 0.00, 0.00, 0.00, 0.00, 1.00, 0.00, 0.00, 1.00, 0.00, 1.00, 0.00, 1.00, 1.00, 1.00, 0.00, 1.00, 0.00, 0.00, 0.00, 1.00
6967,  0,  232.200,  0.98,  1, 0.00, 0.00, 1.25, 0.00, 0.49, 1.33, 0.00, 0.00, 0.06, 0.92, 0.20, 1.91, 0.68, 0.74, 0.00, 0.00, 0.00, 0.00, 0.00, 1.00, 1.00, 0.00, 1.00, 0.00, 1.00, 0.00, 1.00, 1.00, 1.00, 0.00, 1.00, 0.00, 0.00, 0.00, 1.00
6968,  0,  232.233,  0.98,  1, 0.00, 0.00, 1.36, 0.00, 0.47, 1.43, 0.00, 0.00, 0.07, 1.01, 0.16, 2.00, 0.59, 0.76, 0.00, 0.00, 0.00, 0.00, 0.00, 1.00, 1.00, 0.00, 1.00, 0.00, 1.00, 0.00, 1.00, 1.00, 1.00, 0.00, 1.00, 0.00, 0.00, 0.00, 0.00
6969,  0,  232.267,  0.98,  1, 0.00, 0.00, 1.34, 0.00, 0.43, 1.45, 0.00, 0.00, 0.08, 1.04, 0.01, 1.90, 0.54, 0.68, 0.00, 0.00, 0.00, 0.00, 0.00, 1.00, 1.00, 0.00, 1.00, 0.00, 1.00, 0.00, 1.00, 1.00, 1.00, 0.00, 1.00, 0.00, 0.00, 0.00, 0.00
6970,  0,  232.300,  0.98,  1, 0.00, 0.00, 1.37, 0.00, 0.44, 1.51, 0.00, 0.01, 0.14, 1.08, 0.20, 1.93, 0.47, 0.68, 0.00, 0.00, 0.00, 0.00, 0.00, 1.00, 1.00, 0.00, 1.00, 0.00, 1.00, 0.00, 1.00, 1.00, 1.00, 0.00, 1.00, 0.00, 0.00, 0.00, 0.00
6971,  0,  232.333,  0.98,  1, 0.04, 0.00, 1.34, 0.00, 0.42, 1.46, 0.00, 0.01, 0.23, 1.11, 0.33, 1.99, 0.45, 0.69, 0.00, 0.00, 0.00, 0.00, 0.00, 1.00, 1.00, 0.00, 1.00, 0.00, 1.00, 0.00, 1.00, 1.00, 1.00, 0.00, 1.00, 0.00, 0.00, 0.00, 0.00
6972,  0,  232.367,  0.98,  1, 0.12, 0.03, 1.45, 0.00, 0.39, 1.49, 0.00, 0.01, 0.24, 1.12, 0.54, 2.04, 0.51, 0.69, 0.00, 0.00, 0.00, 0.00, 0.00, 1.00, 1.00, 0.00, 1.00, 0.00, 1.00, 0.00, 1.00, 1.00, 1.00, 0.00, 1.00, 0.00, 0.00, 0.00, 0.00
6973,  0,  232.400,  0.98,  1, 0.16, 0.03, 1.48, 0.00, 0.39, 1.44, 0.00, 0.00, 0.22, 1.13, 0.53, 1.92, 0.64, 0.60, 0.00, 0.00, 0.00, 0.00, 0.00, 1.00, 1.00, 0.00, 1.00, 0.00, 1.00, 0.00, 1.00, 1.00, 1.00, 0.00, 1.00, 0.00, 0.00, 0.00, 0.00
6974,  0,  232.433,  0.98,  1, 0.17, 0.03, 1.54, 0.00, 0.38, 1.42, 0.00, 0.00, 0.16, 1.11, 0.48, 1.83, 0.71, 0.59, 0.00, 0.00, 0.00, 0.00, 0.00, 1.00, 1.00, 0.00, 1.00, 0.00, 1.00, 0.00, 1.00, 1.00, 1.00, 0.00, 1.00, 0.00, 0.00, 0.00, 0.00
6975,  0,  232.467,  0.98,  1, 0.13, 0.02, 1.51, 0.00, 0.37, 1.45, 0.00, 0.00, 0.17, 1.12, 0.40, 1.73, 0.71, 0.59, 0.00, 0.00, 0.00, 0.00, 0.00, 1.00, 1.00, 0.00, 1.00, 0.00, 1.00, 0.00, 1.00, 1.00, 1.00, 0.00, 1.00, 0.00, 0.00, 0.00, 0.00
6976,  0,  232.500,  0.98,  1, 0.08, 0.02, 1.51, 0.00, 0.32, 1.50, 0.00, 0.00, 0.17, 1.12, 0.33, 1.65, 0.78, 0.63, 0.00, 0.00, 0.00, 0.00, 0.00, 1.00, 1.00, 0.00, 1.00, 0.00, 1.00, 0.00, 1.00, 1.00, 1.00, 0.00, 1.00, 0.00, 0.00, 0.00, 0.00
6977,  0,  232.533,  0.98,  1, 0.03, 0.02, 1.45, 0.00, 0.27, 1.58, 0.00, 0.00, 0.16, 1.07, 0.36, 1.54, 0.75, 0.64, 0.00, 0.00, 0.00, 0.00, 0.00, 1.00, 1.00, 0.00, 1.00, 0.00, 1.00, 0.00, 1.00, 1.00, 1.00, 0.00, 1.00, 0.00, 0.00, 0.00, 0.00
6978,  0,  232.567,  0.98,  1, 0.02, 0.00, 1.42, 0.00, 0.27, 1.67, 0.00, 0.00, 0.13, 1.00, 0.34, 1.45, 0.71, 0.65, 0.00, 0.03, 0.00, 0.00, 0.00, 1.00, 1.00, 0.00, 1.00, 0.00, 1.00, 0.00, 1.00, 1.00, 1.00, 0.00, 1.00, 0.00, 0.00, 0.00, 0.00
6979,  0,  232.600,  0.98,  1, 0.02, 0.00, 1.40, 0.00, 0.27, 1.74, 0.00, 0.00, 0.12, 1.04, 0.32, 1.48, 0.64, 0.65, 0.00, 0.09, 0.00, 0.00, 0.00, 1.00, 1.00, 0.00, 1.00, 0.00, 1.00, 0.00, 1.00, 1.00, 1.00, 0.00, 1.00, 0.00, 0.00, 0.00, 0.00
6980,  0,  232.633,  0.98,  1, 0.02, 0.00, 1.46, 0.03, 0.35, 1.64, 0.00, 0.00, 0.13, 1.06, 0.24, 1.51, 0.60, 0.63, 0.00, 0.10, 0.00, 0.00, 0.00, 1.00, 1.00, 0.00, 1.00, 0.00, 1.00, 0.00, 1.00, 1.00, 1.00, 0.00, 1.00, 0.00, 0.00, 0.00, 0.00
6981,  0,  232.667,  0.98,  1, 0.01, 0.00, 1.44, 0.14, 0.34, 1.47, 0.00, 0.00, 0.15, 1.13, 0.21, 1.59, 0.55, 0.66, 0.00, 0.10, 0.00, 0.00, 0.00, 1.00, 1.00, 0.00, 1.00, 0.00, 1.00, 0.00, 1.00, 1.00, 1.00, 0.00, 1.00, 0.00, 0.00, 0.00, 0.00
6982,  0,  232.700,  0.98,  1, 0.01, 0.00, 1.41, 0.17, 0.32, 1.50, 0.00, 0.00, 0.18, 1.10, 0.20, 1.47, 0.52, 0.60, 0.00, 0.04, 0.00, 0.00, 0.00, 1.00, 1.00, 0.00, 1.00, 0.00, 1.00, 0.00, 1.00, 1.00, 1.00, 0.00, 1.00, 0.00, 0.00, 0.00, 0.00
6983,  0,  232.733,  0.98,  1, 0.01, 0.00, 1.37, 0.15, 0.24, 1.66, 0.00, 0.00, 0.18, 1.08, 0.19, 1.37, 0.56, 0.55, 0.00, 0.06, 0.00, 0.00, 0.00, 1.00, 1.00, 0.00, 1.00, 0.00, 1.00, 0.00, 1.00, 1.00, 1.00, 0.00, 1.00, 0.00, 0.00, 0.00, 0.00
6984,  0,  232.767,  0.98,  1, 0.00, 0.00, 1.27, 0.04, 0.19, 1.64, 0.00, 0.00, 0.15, 1.02, 0.11, 1.32, 0.45, 0.50, 0.00, 0.03, 0.00, 0.00, 0.00, 1.00, 1.00, 0.00, 1.00, 0.00, 1.00, 0.00, 1.00, 1.00, 1.00, 0.00, 1.00, 0.00, 0.00, 0.00, 0.00
6985,  0,  232.800,  0.98,  1, 0.00, 0.00, 1.26, 0.01, 0.19, 1.41, 0.00, 0.00, 0.11, 0.84, 0.09, 1.39, 0.34, 0.50, 0.00, 0.04, 0.00, 0.00, 0.00, 1.00, 1.00, 0.00, 1.00, 0.00, 1.00, 0.00, 1.00, 1.00, 1.00, 0.00, 0.00, 0.00, 0.00, 0.00, 0.00
6986,  0,  232.833,  0.98,  1, 0.00, 0.00, 1.25, 0.02, 0.20, 1.25, 0.00, 0.00, 0.07, 0.62, 0.15, 1.43, 0.18, 0.48, 0.00, 0.03, 0.00, 0.00, 0.00, 1.00, 1.00, 0.00, 1.00, 0.00, 1.00, 0.00, 1.00, 1.00, 1.00, 0.00, 0.00, 0.00, 0.00, 0.00, 0.00
6987,  0,  232.867,  0.98,  1, 0.00, 0.00, 1.31, 0.02, 0.22, 1.16, 0.00, 0.00, 0.06, 0.44, 0.18, 1.39, 0.17, 0.40, 0.00, 0.07, 0.00, 0.00, 0.00, 1.00, 1.00, 0.00, 1.00, 0.00, 1.00, 0.00, 1.00, 1.00, 1.00, 0.00, 0.00, 0.00, 0.00, 0.00, 0.00
6988,  0,  232.900,  0.98,  1, 0.00, 0.00, 1.32, 0.01, 0.21, 1.17, 0.00, 0.00, 0.07, 0.40, 0.19, 1.37, 0.12, 0.35, 0.00, 0.09, 0.00, 0.00, 0.00, 1.00, 1.00, 0.00, 1.00, 0.00, 1.00, 0.00, 1.00, 1.00, 1.00, 0.00, 0.00, 0.00, 0.00, 0.00, 0.00
6989,  0,  232.933,  0.98,  1, 0.00, 0.00, 1.28, 0.04, 0.23, 1.20, 0.00, 0.00, 0.12, 0.55, 0.11, 1.36, 0.23, 0.38, 0.00, 0.11, 0.00, 0.00, 0.00, 1.00, 1.00, 0.00, 1.00, 0.00, 1.00, 0.00, 1.00, 1.00, 1.00, 0.00, 0.00, 0.00, 0.00, 0.00, 0.00
6990,  0,  232.967,  0.98,  1, 0.00, 0.00, 1.28, 0.10, 0.23, 1.34, 0.00, 0.00, 0.16, 0.65, 0.09, 1.35, 0.34, 0.38, 0.00, 0.10, 0.00, 0.00, 0.00, 1.00, 1.00, 0.00, 1.00, 0.00, 1.00, 0.00, 1.00, 1.00, 1.00, 0.00, 1.00, 0.00, 0.00, 0.00, 0.00
6991,  0,  233.000,  0.98,  1, 0.01, 0.00, 1.31, 0.14, 0.27, 1.44, 0.00, 0.00, 0.23, 0.83, 0.02, 1.28, 0.42, 0.38, 0.00, 0.26, 0.00, 0.00, 0.00, 1.00, 1.00, 0.00, 1.00, 0.00, 1.00, 0.00, 1.00, 1.00, 1.00, 0.00, 1.00, 0.00, 0.00, 0.00, 0.00
6992,  0,  233.033,  0.98,  1, 0.01, 0.00, 1.35, 0.11, 0.29, 1.43, 0.00, 0.00, 0.28, 0.87, 0.01, 1.14, 0.50, 0.30, 0.12, 0.40, 0.03, 0.00, 0.00, 1.00, 1.00, 0.00, 1.00, 0.00, 1.00, 0.00, 1.00, 1.00, 1.00, 0.00, 1.00, 0.00, 0.00, 0.00, 0.00
6993,  0,  233.067,  0.98,  1, 0.01, 0.00, 1.31, 0.04, 0.30, 1.38, 0.00, 0.00, 0.38, 0.98, 0.00, 1.01, 0.54, 0.25, 0.36, 0.53, 0.08, 0.00, 0.00, 1.00, 1.00, 0.00, 1.00, 0.00, 1.00, 0.00, 1.00, 1.00, 1.00, 0.00, 1.00, 0.00, 0.00, 0.00, 0.00
6994,  0,  233.100,  0.98,  1, 0.00, 0.00, 1.18, 0.00, 0.35, 1.40, 0.00, 0.04, 0.44, 1.05, 0.00, 0.99, 0.55, 0.24, 0.69, 0.52, 0.08, 0.00, 0.00, 1.00, 1.00, 0.00, 1.00, 0.00, 1.00, 0.00, 1.00, 0.00, 1.00, 0.00, 1.00, 0.00, 1.00, 0.00, 0.00
6995,  0,  233.133,  0.98,  1, 0.00, 0.00, 1.09, 0.00, 0.39, 1.35, 0.00, 0.05, 0.52, 1.10, 0.00, 0.94, 0.47, 0.20, 0.97, 0.50, 0.05, 0.00, 0.00, 1.00, 1.00, 0.00, 1.00, 0.00, 1.00, 0.00, 1.00, 0.00, 1.00, 0.00, 1.00, 0.00, 1.00, 0.00, 0.00
6996,  0,  233.167,  0.98,  1, 0.00, 0.00, 1.08, 0.00, 0.49, 1.39, 0.00, 0.13, 0.58, 1.15, 0.00, 1.04, 0.37, 0.23, 1.14, 0.73, 0.00, 0.00, 0.00, 1.00, 1.00, 0.00, 1.00, 0.00, 1.00, 0.00, 1.00, 0.00, 1.00, 0.00, 1.00, 0.00, 1.00, 0.00, 0.00
6997,  0,  233.200,  0.98,  1, 0.00, 0.00, 1.10, 0.00, 0.54, 1.45, 0.00, 0.17, 0.66, 1.13, 0.00, 1.02, 0.39, 0.18, 1.20, 0.95, 0.00, 0.00, 0.00, 1.00, 1.00, 0.00, 1.00, 0.00, 1.00, 0.00, 1.00, 0.00, 1.00, 0.00, 1.00, 1.00, 1.00, 0.00, 0.00
6998,  0,  233.233,  0.98,  1, 0.00, 0.00, 1.18, 0.00, 0.62, 1.58, 0.00, 0.28, 0.75, 1.21, 0.00, 1.03, 0.42, 0.18, 1.24, 1.31, 0.00, 0.00, 0.00, 1.00, 1.00, 0.00, 1.00, 0.00, 1.00, 1.00, 1.00, 0.00, 1.00, 0.00, 1.00, 1.00, 1.00, 0.00, 0.00
6999,  0,  233.267,  0.98,  1, 0.05, 0.00, 1.17, 0.00, 0.65, 1.64, 0.00, 0.32, 0.84, 1.28, 0.00, 0.87, 0.40, 0.09, 1.41, 1.34, 0.00, 0.00, 0.00, 1.00, 1.00, 0.00, 1.00, 0.00, 1.00, 1.00, 1.00, 0.00, 1.00, 0.00, 1.00, 1.00, 1.00, 0.00, 0.00
7000,  0,  233.300,  0.98,  1, 0.05, 0.00, 1.13, 0.00, 0.67, 1.69, 0.00, 0.48, 0.88, 1.27, 0.00, 0.75, 0.30, 0.05, 1.62, 1.24, 0.07, 0.00, 0.00, 1.00, 1.00, 0.00, 1.00, 0.00, 1.00, 1.00, 1.00, 0.00, 1.00, 0.00, 1.00, 1.00, 1.00, 0.00, 0.00
7001,  0,  233.333,  0.98,  1, 0.05, 0.00, 1.00, 0.00, 0.63, 1.63, 0.00, 0.51, 0.90, 1.16, 0.00, 0.65, 0.15, 0.00, 1.88, 1.18, 0.07, 0.00, 0.00, 0.00, 1.00, 0.00, 1.00, 0.00, 1.00, 1.00, 1.00, 0.00, 1.00, 0.00, 1.00, 1.00, 1.00, 0.00, 0.00
7002,  0,  233.367,  0.98,  1, 0.00, 0.00, 0.94, 0.00, 0.61, 1.56, 0.00, 0.56, 0.87, 1.07, 0.00, 0.60, 0.17, 0.00, 1.96, 1.16, 0.11, 0.00, 0.00, 0.00, 1.00, 0.00, 1.00, 0.00, 1.00, 1.00, 1.00, 0.00, 0.00, 0.00, 1.00, 1.00, 1.00, 0.00, 0.00
7003,  0,  233.400,  0.98,  1, 0.01, 0.00, 0.98, 0.01, 0.57, 1.43, 0.00, 0.48, 0.84, 1.02, 0.00, 0.49, 0.11, 0.00, 2.06, 1.22, 0.05, 0.00, 0.00, 0.00, 1.00, 0.00, 1.00, 0.00, 1.00, 1.00, 1.00, 0.00, 0.00, 0.00, 1.00, 1.00, 1.00, 0.00, 0.00
7004,  0,  233.433,  0.98,  1, 0.01, 0.00, 0.98, 0.01, 0.61, 1.46, 0.00, 0.52, 0.78, 1.06, 0.00, 0.44, 0.10, 0.00, 2.02, 1.12, 0.06, 0.00, 0.00, 0.00, 1.00, 0.00, 1.00, 0.00, 1.00, 1.00, 1.00, 0.00, 0.00, 0.00, 1.00, 1.00, 1.00, 0.00, 0.00
7005,  0,  233.467,  0.98,  1, 0.03, 0.00, 1.05, 0.01, 0.61, 1.45, 0.00, 0.50, 0.78, 1.11, 0.00, 0.42, 0.00, 0.00, 2.02, 1.06, 0.24, 0.00, 0.00, 0.00, 1.00, 0.00, 1.00, 0.00, 1.00, 1.00, 1.00, 0.00, 0.00, 0.00, 1.00, 1.00, 1.00, 0.00, 0.00
7006,  0,  233.500,  0.98,  1, 0.02, 0.00, 1.16, 0.00, 0.67, 1.49, 0.00, 0.48, 0.81, 1.11, 0.00, 0.52, 0.23, 0.00, 1.82, 1.03, 0.83, 0.00, 0.00, 1.00, 1.00, 0.00, 1.00, 0.00, 1.00, 1.00, 1.00, 0.00, 0.00, 0.00, 1.00, 1.00, 1.00, 0.00, 1.00
7007,  0,  233.533,  0.98,  1, 0.02, 0.00, 1.21, 0.00, 0.60, 1.27, 0.00, 0.45, 0.82, 1.21, 0.00, 0.57, 0.38, 0.00, 1.58, 0.92, 1.71, 0.00, 0.00, 1.00, 1.00, 0.00, 1.00, 0.00, 1.00, 1.00, 1.00, 0.00, 0.00, 0.00, 1.00, 1.00, 1.00, 0.00, 1.00
7008,  0,  233.567,  0.98,  1, 0.00, 0.00, 1.21, 0.05, 0.55, 1.09, 0.00, 0.36, 0.70, 1.24, 0.00, 0.66, 0.49, 0.00, 1.18, 0.81, 2.39, 0.00, 0.00, 1.00, 0.00, 1.00, 1.00, 0.00, 1.00, 1.00, 1.00, 0.00, 0.00, 0.00, 1.00, 1.00, 1.00, 0.00, 1.00
7009,  0,  233.600,  0.98,  1, 0.00, 0.00, 1.13, 0.12, 0.50, 1.09, 0.00, 0.25, 0.50, 1.31, 0.00, 0.84, 0.33, 0.02, 0.72, 0.64, 2.56, 0.00, 0.00, 1.00, 0.00, 1.00, 1.00, 0.00, 1.00, 0.00, 1.00, 0.00, 1.00, 0.00, 1.00, 0.00, 0.00, 0.00, 1.00
7010,  0,  233.633,  0.98,  1, 0.00, 0.00, 1.24, 0.12, 0.57, 1.51, 0.00, 0.18, 0.32, 1.27, 0.01, 1.14, 0.18, 0.05, 0.31, 0.54, 2.19, 0.00, 0.00, 1.00, 0.00, 1.00, 1.00, 0.00, 1.00, 0.00, 1.00, 1.00, 1.00, 0.00, 1.00, 0.00, 0.00, 0.00, 1.00
7011,  0,  233.667,  0.98,  1, 0.00, 0.00, 1.35, 0.07, 0.67, 2.07, 0.00, 0.11, 0.22, 1.31, 0.11, 1.41, 0.09, 0.07, 0.06, 0.47, 1.68, 0.00, 0.00, 1.00, 0.00, 1.00, 1.00, 0.00, 1.00, 0.00, 1.00, 1.00, 1.00, 0.00, 1.00, 0.00, 0.00, 0.00, 1.00
7012,  0,  233.700,  0.98,  1, 0.00, 0.00, 1.45, 0.00, 0.67, 2.39, 0.00, 0.13, 0.15, 1.32, 0.25, 1.56, 0.16, 0.08, 0.01, 0.36, 1.12, 0.00, 0.00, 1.00, 0.00, 1.00, 1.00, 0.00, 1.00, 0.00, 1.00, 1.00, 1.00, 0.00, 1.00, 0.00, 0.00, 0.00, 1.00
7013,  0,  233.733,  0.98,  1, 0.00, 0.00, 1.36, 0.00, 0.62, 2.35, 0.00, 0.05, 0.12, 1.31, 0.37, 1.59, 0.25, 0.12, 0.01, 0.34, 0.80, 0.00, 0.00, 1.00, 0.00, 1.00, 1.00, 0.00, 1.00, 0.00, 1.00, 1.00, 1.00, 0.00, 1.00, 0.00, 0.00, 0.00, 1.00
7014,  0,  233.767,  0.98,  1, 0.00, 0.00, 1.17, 0.00, 0.50, 2.13, 0.00, 0.05, 0.09, 1.20, 0.41, 1.60, 0.32, 0.17, 0.00, 0.30, 0.48, 0.00, 0.00, 1.00, 1.00, 1.00, 1.00, 0.00, 1.00, 0.00, 1.00, 1.00, 1.00, 0.00, 1.00, 0.00, 0.00, 0.00, 1.00
7015,  0,  233.800,  0.98,  1, 0.00, 0.00, 0.98, 0.00, 0.41, 1.84, 0.00, 0.01, 0.09, 1.15, 0.43, 1.56, 0.28, 0.21, 0.00, 0.30, 0.41, 0.00, 0.00, 1.00, 1.00, 0.00, 1.00, 0.00, 1.00, 0.00, 1.00, 1.00, 1.00, 0.00, 1.00, 0.00, 0.00, 0.00, 0.00
7016,  0,  233.833,  0.98,  1, 0.00, 0.00, 0.93, 0.00, 0.33, 1.72, 0.00, 0.00, 0.07, 1.06, 0.44, 1.57, 0.20, 0.23, 0.00, 0.27, 0.35, 0.00, 0.00, 1.00, 1.00, 0.00, 1.00, 0.00, 1.00, 0.00, 1.00, 1.00, 1.00, 0.00, 1.00, 0.00, 0.00, 0.00, 0.00
7017,  0,  233.867,  0.98,  1, 0.00, 0.00, 1.08, 0.00, 0.30, 1.70, 0.00, 0.01, 0.08, 1.08, 0.42, 1.54, 0.10, 0.25, 0.00, 0.16, 0.43, 0.00, 0.00, 1.00, 1.00, 0.00, 1.00, 0.00, 1.00, 0.00, 1.00, 1.00, 1.00, 0.00, 1.00, 0.00, 0.00, 0.00, 0.00
7018,  0,  233.900,  0.98,  1, 0.00, 0.08, 1.27, 0.00, 0.30, 1.75, 0.00, 0.01, 0.06, 1.15, 0.33, 1.61, 0.01, 0.26, 0.00, 0.10, 0.33, 0.00, 0.00, 1.00, 1.00, 0.00, 1.00, 0.00, 1.00, 0.00, 1.00, 1.00, 1.00, 0.00, 1.00, 0.00, 0.00, 0.00, 0.00
7019,  0,  233.933,  0.98,  1, 0.00, 0.16, 1.44, 0.00, 0.32, 1.84, 0.00, 0.01, 0.04, 1.24, 0.23, 1.58, 0.05, 0.22, 0.00, 0.01, 0.21, 0.00, 0.00, 1.00, 1.00, 0.00, 1.00, 0.00, 1.00, 0.00, 1.00, 1.00, 1.00, 0.00, 1.00, 0.00, 0.00, 0.00, 0.00
7020,  0,  233.967,  0.98,  1, 0.00, 0.16, 1.49, 0.00, 0.29, 1.82, 0.00, 0.01, 0.02, 1.34, 0.14, 1.47, 0.08, 0.17, 0.00, 0.16, 0.11, 0.00, 0.00, 1.00, 1.00, 0.00, 1.00, 0.00, 1.00, 0.00, 1.00, 1.00, 1.00, 0.00, 1.00, 0.00, 0.00, 0.00, 0.00
7021,  0,  234.000,  0.98,  1, 0.02, 0.19, 1.59, 0.00, 0.33, 1.88, 0.00, 0.00, 0.08, 1.41, 0.06, 1.33, 0.09, 0.14, 0.00, 0.28, 0.14, 0.00, 0.00, 1.00, 1.00, 0.00, 1.00, 0.00, 1.00, 0.00, 1.00, 1.00, 1.00, 0.00, 1.00, 0.00, 0.00, 0.00, 0.00
7022,  0,  234.033,  0.98,  1, 0.02, 0.12, 1.61, 0.00, 0.39, 1.95, 0.00, 0.00, 0.14, 1.45, 0.04, 1.29, 0.06, 0.12, 0.00, 0.42, 0.20, 0.00, 0.00, 1.00, 1.00, 0.00, 1.00, 0.00, 1.00, 0.00, 1.00, 1.00, 1.00, 0.00, 1.00, 0.00, 0.00, 0.00, 0.00
7023,  0,  234.067,  0.98,  1, 0.02, 0.12, 1.66, 0.00, 0.53, 2.05, 0.00, 0.10, 0.24, 1.45, 0.02, 1.30, 0.06, 0.09, 0.00, 0.38, 0.15, 0.00, 0.00, 1.00, 1.00, 0.00, 1.00, 0.00, 1.00, 0.00, 1.00, 1.00, 1.00, 0.00, 1.00, 0.00, 0.00, 0.00, 0.00
7024,  0,  234.100,  0.98,  1, 0.00, 0.01, 1.65, 0.00, 0.56, 1.98, 0.00, 0.12, 0.26, 1.49, 0.08, 1.31, 0.16, 0.09, 0.00, 0.30, 0.05, 0.00, 0.00, 1.00, 1.00, 0.00, 1.00, 0.00, 1.00, 0.00, 1.00, 1.00, 1.00, 0.00, 1.00, 0.00, 0.00, 0.00, 0.00
7025,  0,  234.133,  0.98,  1, 0.00, 0.00, 1.63, 0.00, 0.56, 1.80, 0.00, 0.14, 0.29, 1.51, 0.11, 1.33, 0.22, 0.13, 0.00, 0.22, 0.01, 0.00, 0.00, 1.00, 1.00, 0.00, 1.00, 0.00, 1.00, 0.00, 1.00, 1.00, 1.00, 0.00, 1.00, 0.00, 0.00, 0.00, 0.00
7026,  0,  234.167,  0.98,  1, 0.00, 0.04, 1.59, 0.00, 0.50, 1.65, 0.00, 0.08, 0.29, 1.56, 0.14, 1.33, 0.27, 0.20, 0.00, 0.09, 0.03, 0.00, 0.00, 1.00, 1.00, 0.00, 1.00, 0.00, 1.00, 0.00, 1.00, 1.00, 1.00, 0.00, 1.00, 0.00, 0.00, 0.00, 0.00
7027,  0,  234.200,  0.98,  1, 0.04, 0.15, 1.54, 0.00, 0.44, 1.63, 0.00, 0.08, 0.30, 1.56, 0.18, 1.33, 0.22, 0.25, 0.00, 0.06, 0.03, 0.00, 0.00, 1.00, 1.00, 0.00, 1.00, 0.00, 1.00, 0.00, 1.00, 1.00, 1.00, 0.00, 1.00, 0.00, 0.00, 0.00, 0.00
7028,  0,  234.233,  0.98,  1, 0.10, 0.26, 1.57, 0.00, 0.40, 1.63, 0.00, 0.08, 0.30, 1.53, 0.25, 1.29, 0.18, 0.28, 0.00, 0.04, 0.03, 0.00, 0.00, 1.00, 1.00, 0.00, 1.00, 0.00, 1.00, 0.00, 1.00, 1.00, 1.00, 0.00, 1.00, 0.00, 0.00, 0.00, 0.00
7029,  0,  234.267,  0.98,  1, 0.14, 0.32, 1.58, 0.00, 0.38, 1.63, 0.00, 0.09, 0.31, 1.43, 0.37, 1.27, 0.12, 0.26, 0.00, 0.12, 0.00, 0.00, 0.00, 1.00, 1.00, 0.00, 1.00, 0.00, 1.00, 0.00, 1.00, 1.00, 1.00, 0.00, 1.00, 0.00, 0.00, 0.00, 0.00
7030,  0,  234.300,  0.98,  1, 0.12, 0.22, 1.56, 0.00, 0.36, 1.65, 0.00, 0.10, 0.34, 1.28, 0.42, 1.33, 0.08, 0.29, 0.00, 0.17, 0.00, 0.00, 0.00, 1.00, 1.00, 0.00, 1.00, 0.00, 1.00, 0.00, 1.00, 1.00, 1.00, 0.00, 1.00, 0.00, 0.00, 0.00, 0.00
7031,  0,  234.333,  0.98,  1, 0.06, 0.11, 1.52, 0.00, 0.36, 1.77, 0.00, 0.10, 0.35, 1.17, 0.47, 1.34, 0.05, 0.28, 0.00, 0.16, 0.00, 0.00, 0.00, 1.00, 1.00, 0.00, 1.00, 0.00, 1.00, 0.00, 1.00, 1.00, 1.00, 0.00, 1.00, 0.00, 0.00, 0.00, 0.00
7032,  0,  234.367,  0.98,  1, 0.02, 0.07, 1.33, 0.00, 0.36, 1.80, 0.00, 0.06, 0.34, 1.11, 0.34, 1.45, 0.08, 0.30, 0.00, 0.13, 0.00, 0.00, 0.00, 1.00, 1.00, 0.00, 1.00, 0.00, 1.00, 0.00, 1.00, 1.00, 1.00, 0.00, 1.00, 0.00, 0.00, 0.00, 0.00
7033,  0,  234.400,  0.98,  1, 0.03, 0.17, 1.22, 0.00, 0.37, 1.83, 0.00, 0.03, 0.30, 1.15, 0.28, 1.38, 0.24, 0.27, 0.00, 0.14, 0.00, 0.00, 0.00, 1.00, 1.00, 0.00, 1.00, 0.00, 1.00, 0.00, 1.00, 1.00, 1.00, 0.00, 1.00, 0.00, 0.00, 0.00, 0.00
7034,  0,  234.433,  0.98,  1, 0.07, 0.22, 1.13, 0.00, 0.33, 1.78, 0.00, 0.00, 0.30, 1.19, 0.25, 1.36, 0.43, 0.27, 0.00, 0.18, 0.00, 0.00, 0.00, 1.00, 1.00, 0.00, 1.00, 0.00, 1.00, 0.00, 1.00, 1.00, 1.00, 0.00, 1.00, 0.00, 0.00, 0.00, 0.00
7035,  0,  234.467,  0.98,  1, 0.06, 0.14, 1.15, 0.00, 0.32, 1.77, 0.00, 0.00, 0.33, 1.27, 0.29, 1.22, 0.53, 0.26, 0.00, 0.25, 0.00, 0.00, 0.00, 1.00, 1.00, 0.00, 1.00, 0.00, 1.00, 0.00, 1.00, 1.00, 1.00, 0.00, 1.00, 0.00, 0.00, 0.00, 0.00
7036,  0,  234.500,  0.98,  1, 0.04, 0.14, 1.17, 0.00, 0.27, 1.76, 0.00, 0.00, 0.31, 1.32, 0.22, 1.20, 0.46, 0.24, 0.00, 0.35, 0.02, 0.00, 0.00, 1.00, 1.00, 0.00, 1.00, 0.00, 1.00, 0.00, 1.00, 1.00, 1.00, 0.00, 1.00, 0.00, 0.00, 0.00, 0.00
7037,  0,  234.533,  0.98,  1, 0.05, 0.21, 1.16, 0.00, 0.24, 1.69, 0.00, 0.00, 0.30, 1.44, 0.08, 1.21, 0.42, 0.23, 0.00, 0.49, 0.02, 0.00, 0.00, 1.00, 1.00, 0.00, 1.00, 0.00, 1.00, 0.00, 1.00, 1.00, 1.00, 0.00, 1.00, 0.00, 0.00, 0.00, 0.00
7038,  0,  234.567,  0.98,  1, 0.15, 0.22, 1.22, 0.00, 0.22, 1.65, 0.00, 0.03, 0.27, 1.53, 0.02, 1.27, 0.46, 0.18, 0.00, 0.51, 0.25, 0.00, 0.00, 1.00, 1.00, 0.00, 1.00, 0.00, 1.00, 0.00, 1.00, 1.00, 1.00, 0.00, 1.00, 0.00, 0.00, 0.00, 0.00
7039,  0,  234.600,  0.98,  1, 0.19, 0.13, 1.34, 0.00, 0.28, 1.45, 0.00, 0.08, 0.35, 1.53, 0.08, 1.31, 0.60, 0.11, 0.00, 0.45, 0.89, 0.00, 0.00, 1.00, 1.00, 0.00, 1.00, 0.00, 1.00, 0.00, 1.00, 1.00, 1.00, 0.00, 1.00, 0.00, 0.00, 0.00, 1.00
7040,  0,  234.633,  0.98,  1, 0.19, 0.02, 1.36, 0.08, 0.24, 1.13, 0.00, 0.08, 0.37, 1.44, 0.16, 1.32, 0.65, 0.04, 0.00, 0.36, 1.65, 0.00, 0.00, 1.00, 1.00, 0.00, 1.00, 0.00, 1.00, 0.00, 1.00, 1.00, 1.00, 0.00, 1.00, 0.00, 0.00, 0.00, 1.00
7041,  0,  234.667,  0.98,  1, 0.17, 0.00, 1.37, 0.20, 0.24, 1.03, 0.00, 0.05, 0.35, 1.34, 0.19, 1.23, 0.58, 0.00, 0.00, 0.36, 2.17, 0.00, 0.00, 1.00, 1.00, 0.00, 1.00, 0.00, 1.00, 0.00, 1.00, 1.00, 1.00, 0.00, 1.00, 0.00, 0.00, 0.00, 1.00
7042,  0,  234.700,  0.98,  1, 0.11, 0.00, 1.39, 0.20, 0.25, 1.12, 0.00, 0.00, 0.31, 1.21, 0.18, 1.18, 0.41, 0.00, 0.00, 0.24, 2.14, 0.00, 0.00, 1.00, 1.00, 0.00, 1.00, 0.00, 1.00, 0.00, 1.00, 1.00, 1.00, 0.00, 1.00, 0.00, 0.00, 0.00, 1.00
7043,  0,  234.733,  0.98,  1, 0.13, 0.00, 1.47, 0.13, 0.33, 1.45, 0.00, 0.00, 0.30, 1.08, 0.14, 1.17, 0.30, 0.00, 0.00, 0.14, 1.90, 0.00, 0.00, 1.00, 1.00, 0.00, 1.00, 0.00, 1.00, 0.00, 1.00, 1.00, 1.00, 0.00, 1.00, 0.00, 0.00, 0.00, 1.00
7044,  0,  234.767,  0.98,  1, 0.19, 0.00, 1.48, 0.00, 0.40, 1.76, 0.00, 0.00, 0.33, 0.88, 0.25, 1.27, 0.24, 0.03, 0.00, 0.02, 1.66, 0.00, 0.00, 1.00, 1.00, 0.00, 1.00, 0.00, 1.00, 0.00, 1.00, 1.00, 1.00, 0.00, 1.00, 0.00, 0.00, 0.00, 1.00
7045,  0,  234.800,  0.98,  1, 0.28, 0.00, 1.37, 0.00, 0.43, 2.01, 0.00, 0.00, 0.35, 0.85, 0.33, 1.36, 0.24, 0.08, 0.00, 0.04, 1.44, 0.00, 0.00, 1.00, 1.00, 0.00, 1.00, 0.00, 1.00, 0.00, 1.00, 1.00, 1.00, 0.00, 1.00, 0.00, 0.00, 0.00, 1.00
7046,  0,  234.833,  0.98,  1, 0.30, 0.00, 1.30, 0.00, 0.50, 2.22, 0.00, 0.00, 0.36, 0.88, 0.50, 1.43, 0.23, 0.11, 0.00, 0.02, 1.24, 0.00, 0.00, 1.00, 1.00, 0.00, 1.00, 0.00, 1.00, 0.00, 1.00, 1.00, 1.00, 0.00, 1.00, 0.00, 0.00, 0.00, 1.00
7047,  0,  234.867,  0.98,  1, 0.22, 0.00, 1.30, 0.00, 0.49, 2.23, 0.00, 0.00, 0.35, 1.04, 0.51, 1.46, 0.25, 0.14, 0.00, 0.02, 0.94, 0.00, 0.00, 1.00, 1.00, 0.00, 1.00, 0.00, 1.00, 0.00, 1.00, 1.00, 1.00, 0.00, 1.00, 0.00, 0.00, 0.00, 1.00
7048,  0,  234.900,  0.98,  1, 0.21, 0.00, 1.34, 0.00, 0.48, 2.21, 0.00, 0.00, 0.31, 1.12, 0.50, 1.47, 0.25, 0.15, 0.00, 0.02, 0.73, 0.00, 0.00, 1.00, 1.00, 0.00, 1.00, 0.00, 1.00, 0.00, 1.00, 1.00, 1.00, 0.00, 1.00, 0.00, 0.00, 0.00, 0.00
7049,  0,  234.933,  0.98,  1, 0.21, 0.00, 1.33, 0.00, 0.44, 2.17, 0.00, 0.00, 0.30, 1.05, 0.50, 1.46, 0.25, 0.17, 0.00, 0.11, 0.59, 0.00, 0.00, 1.00, 1.00, 0.00, 1.00, 0.00, 1.00, 0.00, 1.00, 1.00, 1.00, 0.00, 1.00, 0.00, 0.00, 0.00, 0.00
7050,  0,  234.967,  0.98,  1, 0.24, 0.00, 1.32, 0.00, 0.44, 2.12, 0.00, 0.00, 0.31, 1.02, 0.52, 1.49, 0.28, 0.16, 0.00, 0.11, 0.48, 0.00, 0.00, 1.00, 1.00, 0.00, 1.00, 0.00, 1.00, 0.00, 1.00, 1.00, 1.00, 0.00, 1.00, 0.00, 0.00, 0.00, 0.00
7051,  0,  235.000,  0.98,  1, 0.19, 0.00, 1.23, 0.00, 0.43, 1.99, 0.00, 0.00, 0.34, 0.97, 0.55, 1.45, 0.24, 0.13, 0.00, 0.12, 0.45, 0.00, 0.00, 1.00, 1.00, 0.00, 1.00, 0.00, 1.00, 0.00, 1.00, 1.00, 1.00, 0.00, 1.00, 0.00, 0.00, 0.00, 0.00
7052,  0,  235.033,  0.98,  1, 0.17, 0.00, 1.19, 0.00, 0.41, 1.98, 0.00, 0.00, 0.33, 0.99, 0.48, 1.41, 0.27, 0.10, 0.00, 0.04, 0.35, 0.00, 0.00, 1.00, 1.00, 0.00, 1.00, 0.00, 1.00, 0.00, 1.00, 1.00, 1.00, 0.00, 1.00, 0.00, 0.00, 0.00, 0.00
7053,  0,  235.067,  0.98,  1, 0.17, 0.00, 1.17, 0.00, 0.38, 1.95, 0.00, 0.00, 0.32, 0.93, 0.42, 1.27, 0.20, 0.05, 0.00, 0.16, 0.25, 0.00, 0.00, 1.00, 1.00, 0.00, 1.00, 0.00, 1.00, 0.00, 1.00, 1.00, 1.00, 0.00, 1.00, 0.00, 0.00, 0.00, 0.00
7054,  0,  235.100,  0.98,  1, 0.21, 0.13, 1.20, 0.00, 0.35, 1.93, 0.00, 0.00, 0.27, 0.99, 0.26, 1.28, 0.21, 0.08, 0.00, 0.14, 0.07, 0.00, 0.00, 1.00, 1.00, 0.00, 1.00, 0.00, 1.00, 0.00, 1.00, 1.00, 1.00, 0.00, 1.00, 0.00, 0.00, 0.00, 0.00
7055,  0,  235.133,  0.98,  1, 0.23, 0.22, 1.24, 0.00, 0.35, 1.88, 0.00, 0.00, 0.27, 1.05, 0.15, 1.24, 0.14, 0.11, 0.00, 0.14, 0.00, 0.00, 0.00, 1.00, 1.00, 0.00, 1.00, 0.00, 1.00, 0.00, 1.00, 1.00, 1.00, 0.00, 1.00, 0.00, 0.00, 0.00, 0.00
7056,  0,  235.167,  0.98,  1, 0.25, 0.28, 1.31, 0.00, 0.30, 1.56, 0.00, 0.00, 0.25, 1.13, 0.08, 1.29, 0.16, 0.15, 0.00, 0.02, 0.02, 0.00, 0.00, 1.00, 1.00, 0.00, 1.00, 0.00, 1.00, 0.00, 1.00, 1.00, 1.00, 0.00, 1.00, 0.00, 0.00, 0.00, 0.00
7057,  0,  235.200,  0.98,  1, 0.26, 0.26, 1.39, 0.00, 0.30, 1.48, 0.00, 0.00, 0.32, 1.14, 0.16, 1.18, 0.13, 0.14, 0.00, 0.02, 0.10, 0.00, 0.00, 1.00, 1.00, 0.00, 1.00, 0.00, 1.00, 0.00, 1.00, 1.00, 1.00, 0.00, 1.00, 0.00, 0.00, 0.00, 0.00
7058,  0,  235.233,  0.98,  1, 0.30, 0.23, 1.44, 0.00, 0.25, 1.27, 0.00, 0.00, 0.34, 1.12, 0.22, 1.13, 0.17, 0.12, 0.00, 0.00, 0.10, 0.00, 0.00, 1.00, 1.00, 0.00, 1.00, 0.00, 1.00, 0.00, 1.00, 1.00, 1.00, 0.00, 1.00, 0.00, 0.00, 0.00, 0.00
7059,  0,  235.267,  0.98,  1, 0.31, 0.22, 1.39, 0.00, 0.24, 1.35, 0.00, 0.00, 0.39, 1.08, 0.25, 1.03, 0.12, 0.11, 0.00, 0.00, 0.08, 0.00, 0.00, 1.00, 1.00, 0.00, 1.00, 0.00, 1.00, 0.00, 1.00, 1.00, 1.00, 0.00, 1.00, 0.00, 0.00, 0.00, 0.00
7060,  0,  235.300,  0.98,  1, 0.34, 0.11, 1.30, 0.00, 0.20, 1.33, 0.00, 0.00, 0.39, 1.05, 0.24, 0.97, 0.12, 0.10, 0.00, 0.00, 0.00, 0.00, 0.00, 1.00, 1.00, 0.00, 1.00, 0.00, 1.00, 0.00, 1.00, 1.00, 1.00, 0.00, 1.00, 0.00, 0.00, 0.00, 0.00
7061,  0,  235.333,  0.98,  1, 0.31, 0.14, 1.22, 0.00, 0.22, 1.33, 0.00, 0.00, 0.41, 1.11, 0.19, 0.91, 0.09, 0.11, 0.00, 0.00, 0.00, 0.00, 0.00, 1.00, 1.00, 0.00, 1.00, 0.00, 1.00, 0.00, 1.00, 1.00, 1.00, 0.00, 1.00, 0.00, 0.00, 0.00, 0.00
7062,  0,  235.367,  0.98,  1, 0.29, 0.16, 1.15, 0.02, 0.25, 1.33, 0.00, 0.00, 0.39, 1.21, 0.21, 0.89, 0.07, 0.13, 0.00, 0.00, 0.00, 0.00, 0.00, 1.00, 1.00, 0.00, 1.00, 0.00, 1.00, 0.00, 1.00, 1.00, 1.00, 0.00, 1.00, 0.00, 0.00, 0.00, 0.00
7063,  0,  235.400,  0.98,  1, 0.31, 0.25, 1.12, 0.02, 0.27, 1.37, 0.00, 0.00, 0.37, 1.29, 0.31, 0.90, 0.04, 0.12, 0.00, 0.00, 0.00, 0.00, 0.00, 1.00, 1.00, 0.00, 1.00, 0.00, 1.00, 0.00, 1.00, 1.00, 1.00, 0.00, 1.00, 0.00, 0.00, 0.00, 0.00
7064,  0,  235.433,  0.98,  1, 0.37, 0.27, 1.09, 0.02, 0.24, 1.52, 0.00, 0.00, 0.35, 1.30, 0.36, 1.00, 0.00, 0.16, 0.00, 0.00, 0.00, 0.00, 0.00, 1.00, 1.00, 0.00, 1.00, 0.00, 1.00, 0.00, 1.00, 1.00, 1.00, 0.00, 1.00, 0.00, 0.00, 0.00, 0.00
7065,  0,  235.467,  0.98,  1, 0.40, 0.32, 1.16, 0.00, 0.22, 1.65, 0.00, 0.00, 0.34, 1.26, 0.34, 1.03, 0.00, 0.16, 0.00, 0.00, 0.00, 0.00, 0.00, 1.00, 1.00, 0.00, 1.00, 0.00, 1.00, 0.00, 1.00, 1.00, 1.00, 0.00, 1.00, 0.00, 0.00, 0.00, 0.00
7066,  0,  235.500,  0.98,  1, 0.28, 0.22, 1.26, 0.00, 0.23, 1.71, 0.00, 0.00, 0.30, 1.20, 0.34, 1.19, 0.00, 0.20, 0.00, 0.00, 0.00, 0.00, 0.00, 1.00, 1.00, 0.00, 1.00, 0.00, 1.00, 0.00, 1.00, 1.00, 1.00, 0.00, 1.00, 0.00, 0.00, 0.00, 0.00
7067,  0,  235.533,  0.98,  1, 0.22, 0.12, 1.38, 0.00, 0.27, 1.74, 0.00, 0.00, 0.25, 1.14, 0.36, 1.23, 0.00, 0.20, 0.00, 0.00, 0.00, 0.00, 0.00, 1.00, 1.00, 0.00, 1.00, 0.00, 1.00, 0.00, 1.00, 1.00, 1.00, 0.00, 1.00, 0.00, 0.00, 0.00, 0.00
7068,  0,  235.567,  0.98,  1, 0.10, 0.00, 1.41, 0.00, 0.24, 1.63, 0.00, 0.00, 0.20, 1.15, 0.35, 1.28, 0.00, 0.20, 0.00, 0.00, 0.00, 0.00, 0.00, 1.00, 1.00, 0.00, 1.00, 0.00, 1.00, 0.00, 1.00, 1.00, 1.00, 0.00, 1.00, 0.00, 0.00, 0.00, 0.00
7069,  0,  235.600,  0.98,  1, 0.08, 0.00, 1.40, 0.00, 0.27, 1.63, 0.00, 0.00, 0.18, 1.11, 0.26, 1.28, 0.08, 0.18, 0.00, 0.00, 0.00, 0.00, 0.00, 1.00, 1.00, 0.00, 1.00, 0.00, 1.00, 0.00, 1.00, 1.00, 1.00, 0.00, 1.00, 0.00, 0.00, 0.00, 0.00
7070,  0,  235.633,  0.98,  1, 0.00, 0.00, 1.40, 0.00, 0.25, 1.59, 0.00, 0.00, 0.16, 1.14, 0.22, 1.36, 0.18, 0.17, 0.00, 0.00, 0.00, 0.00, 0.00, 1.00, 1.00, 0.00, 1.00, 0.00, 1.00, 0.00, 1.00, 1.00, 1.00, 0.00, 1.00, 0.00, 0.00, 0.00, 0.00
7071,  0,  235.667,  0.98,  1, 0.00, 0.00, 1.43, 0.00, 0.27, 1.79, 0.00, 0.00, 0.16, 1.12, 0.21, 1.43, 0.31, 0.17, 0.00, 0.00, 0.00, 0.00, 0.00, 1.00, 1.00, 0.00, 1.00, 0.00, 1.00, 0.00, 1.00, 1.00, 1.00, 0.00, 1.00, 0.00, 0.00, 0.00, 0.00
7072,  0,  235.700,  0.98,  1, 0.00, 0.00, 1.46, 0.00, 0.24, 1.83, 0.00, 0.00, 0.17, 1.07, 0.20, 1.40, 0.38, 0.16, 0.00, 0.00, 0.00, 0.00, 0.00, 1.00, 1.00, 0.00, 1.00, 0.00, 1.00, 0.00, 1.00, 1.00, 1.00, 0.00, 1.00, 0.00, 0.00, 0.00, 0.00
7073,  0,  235.733,  0.98,  1, 0.00, 0.00, 1.43, 0.00, 0.21, 1.82, 0.00, 0.00, 0.17, 1.04, 0.20, 1.37, 0.39, 0.22, 0.00, 0.00, 0.00, 0.00, 0.00, 1.00, 1.00, 0.00, 1.00, 0.00, 1.00, 0.00, 1.00, 1.00, 1.00, 0.00, 1.00, 0.00, 0.00, 0.00, 0.00
7074,  0,  235.767,  0.98,  1, 0.00, 0.00, 1.33, 0.00, 0.17, 1.64, 0.00, 0.00, 0.16, 1.03, 0.15, 1.35, 0.28, 0.24, 0.00, 0.00, 0.00, 0.00, 0.00, 1.00, 1.00, 0.00, 1.00, 0.00, 1.00, 0.00, 1.00, 1.00, 1.00, 0.00, 1.00, 0.00, 0.00, 0.00, 0.00
7075,  0,  235.800,  0.98,  1, 0.00, 0.00, 1.26, 0.00, 0.13, 1.43, 0.00, 0.00, 0.14, 1.12, 0.09, 1.41, 0.27, 0.29, 0.00, 0.00, 0.00, 0.00, 0.00, 1.00, 1.00, 0.00, 1.00, 0.00, 1.00, 0.00, 1.00, 1.00, 1.00, 0.00, 1.00, 0.00, 0.00, 0.00, 0.00
7076,  0,  235.833,  0.98,  1, 0.00, 0.00, 1.26, 0.00, 0.12, 1.31, 0.00, 0.00, 0.11, 1.22, 0.05, 1.42, 0.24, 0.32, 0.00, 0.00, 0.00, 0.00, 0.00, 1.00, 1.00, 0.00, 1.00, 0.00, 1.00, 0.00, 1.00, 1.00, 1.00, 0.00, 1.00, 0.00, 0.00, 0.00, 0.00
7077,  0,  235.867,  0.98,  1, 0.00, 0.00, 1.26, 0.00, 0.14, 1.29, 0.00, 0.00, 0.12, 1.32, 0.09, 1.51, 0.32, 0.36, 0.00, 0.00, 0.00, 0.00, 0.00, 1.00, 1.00, 0.00, 1.00, 0.00, 1.00, 0.00, 1.00, 1.00, 1.00, 0.00, 1.00, 0.00, 0.00, 0.00, 0.00
7078,  0,  235.900,  0.98,  1, 0.00, 0.00, 1.27, 0.00, 0.19, 1.29, 0.00, 0.00, 0.13, 1.31, 0.12, 1.53, 0.22, 0.33, 0.00, 0.00, 0.00, 0.00, 0.00, 1.00, 1.00, 0.00, 1.00, 0.00, 1.00, 0.00, 1.00, 1.00, 1.00, 0.00, 1.00, 0.00, 0.00, 0.00, 0.00
7079,  0,  235.933,  0.98,  1, 0.00, 0.00, 1.26, 0.00, 0.21, 1.25, 0.00, 0.00, 0.16, 1.26, 0.13, 1.53, 0.21, 0.27, 0.00, 0.00, 0.00, 0.00, 0.00, 1.00, 1.00, 0.00, 1.00, 0.00, 1.00, 0.00, 1.00, 1.00, 1.00, 0.00, 1.00, 0.00, 0.00, 0.00, 0.00
7080,  0,  235.967,  0.98,  1, 0.12, 0.00, 1.33, 0.01, 0.18, 1.12, 0.00, 0.00, 0.12, 1.18, 0.23, 1.45, 0.09, 0.22, 0.00, 0.00, 0.00, 0.00, 0.00, 1.00, 1.00, 0.00, 1.00, 0.00, 1.00, 0.00, 1.00, 1.00, 1.00, 0.00, 1.00, 0.00, 0.00, 0.00, 0.00
7081,  0,  236.000,  0.98,  1, 0.21, 0.00, 1.37, 0.01, 0.13, 1.16, 0.00, 0.00, 0.08, 1.13, 0.36, 1.34, 0.06, 0.21, 0.00, 0.00, 0.00, 0.00, 0.00, 1.00, 1.00, 0.00, 1.00, 0.00, 1.00, 0.00, 1.00, 1.00, 1.00, 0.00, 1.00, 0.00, 0.00, 0.00, 0.00
7082,  0,  236.033,  0.98,  1, 0.30, 0.00, 1.36, 0.01, 0.08, 1.09, 0.00, 0.00, 0.04, 0.99, 0.48, 1.25, 0.00, 0.21, 0.00, 0.00, 0.00, 0.00, 0.00, 1.00, 1.00, 0.00, 1.00, 0.00, 1.00, 0.00, 1.00, 1.00, 1.00, 0.00, 1.00, 0.00, 0.00, 0.00, 0.00
7083,  0,  236.067,  0.98,  1, 0.26, 0.00, 1.30, 0.00, 0.11, 1.09, 0.00, 0.00, 0.06, 0.93, 0.49, 1.20, 0.00, 0.22, 0.00, 0.00, 0.00, 0.00, 0.00, 1.00, 1.00, 0.00, 1.00, 0.00, 1.00, 0.00, 1.00, 1.00, 1.00, 0.00, 1.00, 0.00, 0.00, 0.00, 0.00
7084,  0,  236.100,  0.98,  1, 0.17, 0.00, 1.25, 0.00, 0.15, 1.10, 0.00, 0.00, 0.12, 0.92, 0.53, 1.21, 0.05, 0.24, 0.00, 0.00, 0.00, 0.00, 0.00, 1.00, 1.00, 0.00, 1.00, 0.00, 1.00, 0.00, 1.00, 1.00, 1.00, 0.00, 1.00, 0.00, 0.00, 0.00, 0.00
7085,  0,  236.133,  0.98,  1, 0.11, 0.00, 1.25, 0.00, 0.17, 1.20, 0.00, 0.00, 0.16, 1.01, 0.58, 1.22, 0.09, 0.23, 0.00, 0.00, 0.00, 0.00, 0.00, 1.00, 1.00, 0.00, 1.00, 0.00, 1.00, 0.00, 1.00, 1.00, 1.00, 0.00, 1.00, 0.00, 0.00, 0.00, 0.00
7086,  0,  236.167,  0.98,  1, 0.08, 0.00, 1.22, 0.00, 0.18, 1.30, 0.00, 0.00, 0.23, 1.07, 0.59, 1.21, 0.17, 0.23, 0.00, 0.00, 0.00, 0.00, 0.00, 1.00, 1.00, 0.00, 1.00, 0.00, 1.00, 0.00, 1.00, 1.00, 1.00, 0.00, 1.00, 0.00, 0.00, 0.00, 0.00
7087,  0,  236.200,  0.98,  1, 0.10, 0.00, 1.22, 0.00, 0.15, 1.22, 0.00, 0.00, 0.24, 1.09, 0.61, 1.21, 0.25, 0.22, 0.00, 0.00, 0.00, 0.00, 0.00, 1.00, 1.00, 0.00, 1.00, 0.00, 1.00, 0.00, 1.00, 1.00, 1.00, 0.00, 1.00, 0.00, 0.00, 0.00, 0.00
7088,  0,  236.233,  0.98,  1, 0.07, 0.00, 1.20, 0.00, 0.17, 1.18, 0.00, 0.00, 0.25, 1.11, 0.59, 1.19, 0.29, 0.25, 0.00, 0.00, 0.00, 0.00, 0.00, 1.00, 1.00, 0.00, 1.00, 0.00, 1.00, 0.00, 1.00, 1.00, 1.00, 0.00, 1.00, 0.00, 0.00, 0.00, 0.00
7089,  0,  236.267,  0.98,  1, 0.02, 0.00, 1.23, 0.00, 0.19, 1.24, 0.00, 0.00, 0.23, 1.05, 0.58, 1.15, 0.26, 0.24, 0.00, 0.00, 0.00, 0.00, 0.00, 1.00, 1.00, 0.00, 1.00, 0.00, 1.00, 0.00, 1.00, 1.00, 1.00, 0.00, 1.00, 0.00, 0.00, 0.00, 0.00
7090,  0,  236.300,  0.98,  1, 0.00, 0.00, 1.28, 0.00, 0.18, 1.36, 0.00, 0.00, 0.20, 1.06, 0.55, 1.19, 0.23, 0.28, 0.00, 0.00, 0.00, 0.00, 0.00, 1.00, 1.00, 0.00, 1.00, 0.00, 1.00, 0.00, 1.00, 1.00, 1.00, 0.00, 1.00, 0.00, 0.00, 0.00, 0.00
7091,  0,  236.333,  0.98,  1, 0.01, 0.00, 1.38, 0.00, 0.17, 1.44, 0.00, 0.00, 0.19, 1.09, 0.57, 1.19, 0.24, 0.29, 0.00, 0.00, 0.00, 0.00, 0.00, 1.00, 1.00, 0.00, 1.00, 0.00, 1.00, 0.00, 1.00, 1.00, 1.00, 0.00, 1.00, 0.00, 0.00, 0.00, 0.00
7092,  0,  236.367,  0.98,  1, 0.06, 0.00, 1.45, 0.05, 0.12, 1.51, 0.00, 0.01, 0.17, 1.18, 0.56, 1.19, 0.25, 0.29, 0.00, 0.00, 0.00, 0.00, 0.00, 1.00, 1.00, 0.00, 1.00, 0.00, 1.00, 0.00, 1.00, 1.00, 1.00, 0.00, 1.00, 0.00, 0.00, 0.00, 0.00
7093,  0,  236.400,  0.98,  1, 0.07, 0.00, 1.52, 0.15, 0.12, 1.47, 0.00, 0.01, 0.15, 1.17, 0.55, 1.10, 0.21, 0.24, 0.00, 0.00, 0.00, 0.00, 0.00, 1.00, 1.00, 0.00, 1.00, 0.00, 1.00, 0.00, 1.00, 1.00, 1.00, 0.00, 1.00, 0.00, 0.00, 0.00, 0.00
7094,  0,  236.433,  0.98,  1, 0.06, 0.00, 1.51, 0.16, 0.11, 1.47, 0.00, 0.01, 0.15, 1.16, 0.48, 1.05, 0.22, 0.19, 0.00, 0.00, 0.00, 0.00, 0.00, 1.00, 1.00, 0.00, 1.00, 0.00, 1.00, 0.00, 1.00, 1.00, 1.00, 0.00, 1.00, 0.00, 0.00, 0.00, 0.00
7095,  0,  236.467,  0.98,  1, 0.01, 0.00, 1.45, 0.16, 0.11, 1.45, 0.00, 0.01, 0.17, 1.11, 0.46, 1.01, 0.24, 0.18, 0.00, 0.00, 0.00, 0.00, 0.00, 1.00, 1.00, 0.00, 1.00, 0.00, 1.00, 0.00, 1.00, 1.00, 1.00, 0.00, 1.00, 0.00, 0.00, 0.00, 0.00
7096,  0,  236.500,  0.98,  1, 0.00, 0.00, 1.36, 0.07, 0.10, 1.41, 0.00, 0.01, 0.21, 1.04, 0.41, 1.01, 0.27, 0.17, 0.00, 0.00, 0.00, 0.00, 0.00, 1.00, 1.00, 0.00, 1.00, 0.00, 1.00, 0.00, 1.00, 1.00, 1.00, 0.00, 1.00, 0.00, 0.00, 0.00, 0.00
7097,  0,  236.533,  0.98,  1, 0.00, 0.00, 1.30, 0.05, 0.10, 1.37, 0.00, 0.01, 0.20, 0.97, 0.40, 1.03, 0.29, 0.18, 0.00, 0.00, 0.00, 0.00, 0.00, 1.00, 1.00, 0.00, 1.00, 0.00, 1.00, 0.00, 1.00, 1.00, 1.00, 0.00, 1.00, 0.00, 0.00, 0.00, 0.00
7098,  0,  236.567,  0.98,  1, 0.00, 0.00, 1.26, 0.00, 0.08, 1.25, 0.00, 0.00, 0.19, 0.93, 0.41, 1.03, 0.30, 0.18, 0.00, 0.00, 0.00, 0.00, 0.00, 1.00, 1.00, 0.00, 1.00, 0.00, 1.00, 0.00, 1.00, 1.00, 1.00, 0.00, 1.00, 0.00, 0.00, 0.00, 0.00
7099,  0,  236.600,  0.98,  1, 0.01, 0.00, 1.23, 0.00, 0.06, 1.19, 0.00, 0.00, 0.22, 0.96, 0.43, 0.99, 0.32, 0.16, 0.00, 0.00, 0.00, 0.00, 0.00, 1.00, 1.00, 0.00, 1.00, 0.00, 1.00, 0.00, 1.00, 1.00, 1.00, 0.00, 1.00, 0.00, 0.00, 0.00, 0.00
7100,  0,  236.633,  0.98,  1, 0.01, 0.02, 1.22, 0.00, 0.07, 1.12, 0.00, 0.00, 0.24, 0.99, 0.43, 0.98, 0.32, 0.13, 0.00, 0.00, 0.00, 0.00, 0.00, 1.00, 1.00, 0.00, 1.00, 0.00, 1.00, 0.00, 1.00, 1.00, 1.00, 0.00, 1.00, 0.00, 0.00, 0.00, 0.00
7101,  0,  236.667,  0.98,  1, 0.01, 0.02, 1.19, 0.00, 0.06, 1.01, 0.00, 0.00, 0.26, 1.02, 0.52, 0.98, 0.34, 0.12, 0.00, 0.00, 0.00, 0.00, 0.00, 1.00, 1.00, 0.00, 1.00, 0.00, 1.00, 0.00, 1.00, 1.00, 1.00, 0.00, 1.00, 0.00, 0.00, 0.00, 0.00
7102,  0,  236.700,  0.98,  1, 0.00, 0.02, 1.17, 0.06, 0.10, 1.02, 0.00, 0.00, 0.19, 0.86, 0.57, 1.06, 0.23, 0.09, 0.00, 0.00, 0.00, 0.00, 0.00, 1.00, 1.00, 0.00, 1.00, 0.00, 1.00, 0.00, 1.00, 1.00, 1.00, 0.00, 1.00, 0.00, 0.00, 0.00, 0.00
7103,  0,  236.733,  0.98,  1, 0.00, 0.00, 1.22, 0.15, 0.13, 1.05, 0.00, 0.00, 0.10, 0.71, 0.62, 1.10, 0.12, 0.07, 0.00, 0.00, 0.00, 0.00, 0.00, 1.00, 1.00, 0.00, 1.00, 0.00, 1.00, 0.00, 1.00, 1.00, 1.00, 0.00, 1.00, 0.00, 0.00, 0.00, 0.00
7104,  0,  236.767,  0.98,  1, 0.00, 0.00, 1.31, 0.15, 0.17, 1.24, 0.00, 0.00, 0.03, 0.67, 0.64, 1.14, 0.00, 0.03, 0.00, 0.00, 0.00, 0.00, 0.00, 1.00, 1.00, 0.00, 1.00, 0.00, 1.00, 0.00, 1.00, 1.00, 1.00, 0.00, 1.00, 0.00, 0.00, 0.00, 0.00
7105,  0,  236.800,  0.98,  1, 0.00, 0.00, 1.36, 0.09, 0.19, 1.23, 0.00, 0.00, 0.02, 0.76, 0.63, 1.11, 0.03, 0.01, 0.00, 0.00, 0.00, 0.00, 0.00, 1.00, 1.00, 0.00, 1.00, 0.00, 1.00, 0.00, 1.00, 1.00, 1.00, 0.00, 1.00, 0.00, 0.00, 0.00, 0.00
7106,  0,  236.833,  0.98,  1, 0.04, 0.00, 1.33, 0.00, 0.19, 1.22, 0.00, 0.00, 0.02, 0.83, 0.61, 1.08, 0.09, 0.02, 0.00, 0.00, 0.00, 0.00, 0.00, 1.00, 1.00, 0.00, 1.00, 0.00, 1.00, 0.00, 1.00, 1.00, 1.00, 0.00, 1.00, 0.00, 0.00, 0.00, 0.00
7107,  0,  236.867,  0.98,  1, 0.09, 0.00, 1.35, 0.03, 0.18, 1.08, 0.00, 0.00, 0.01, 0.79, 0.53, 1.06, 0.17, 0.03, 0.00, 0.00, 0.00, 0.00, 0.00, 1.00, 1.00, 0.00, 1.00, 0.00, 1.00, 0.00, 1.00, 1.00, 1.00, 0.00, 1.00, 0.00, 0.00, 0.00, 0.00
7108,  0,  236.900,  0.98,  1, 0.16, 0.00, 1.36, 0.08, 0.17, 1.06, 0.00, 0.00, 0.02, 0.78, 0.52, 1.06, 0.23, 0.04, 0.00, 0.00, 0.00, 0.00, 0.00, 1.00, 1.00, 0.00, 1.00, 0.00, 1.00, 0.00, 1.00, 1.00, 1.00, 0.00, 1.00, 0.00, 0.00, 0.00, 0.00
7109,  0,  236.933,  0.98,  1, 0.19, 0.00, 1.42, 0.08, 0.19, 1.10, 0.00, 0.00, 0.02, 0.76, 0.50, 1.02, 0.29, 0.03, 0.00, 0.00, 0.00, 0.00, 0.00, 1.00, 1.00, 0.00, 1.00, 0.00, 1.00, 0.00, 1.00, 1.00, 1.00, 0.00, 1.00, 0.00, 0.00, 0.00, 0.00
7110,  0,  236.967,  0.98,  1, 0.19, 0.01, 1.43, 0.10, 0.24, 1.19, 0.00, 0.00, 0.03, 0.78, 0.46, 0.98, 0.32, 0.03, 0.00, 0.00, 0.00, 0.00, 0.00, 1.00, 1.00, 0.00, 1.00, 0.00, 1.00, 0.00, 1.00, 1.00, 1.00, 0.00, 1.00, 0.00, 0.00, 0.00, 0.00
7111,  0,  237.000,  0.98,  1, 0.18, 0.01, 1.48, 0.09, 0.28, 1.28, 0.00, 0.00, 0.02, 0.78, 0.40, 0.94, 0.30, 0.03, 0.00, 0.00, 0.00, 0.00, 0.00, 1.00, 1.00, 0.00, 1.00, 0.00, 1.00, 0.00, 1.00, 1.00, 1.00, 0.00, 1.00, 0.00, 0.00, 0.00, 0.00
7112,  0,  237.033,  0.98,  1, 0.16, 0.01, 1.47, 0.14, 0.28, 1.19, 0.00, 0.00, 0.01, 0.77, 0.36, 0.93, 0.26, 0.04, 0.00, 0.00, 0.00, 0.00, 0.00, 1.00, 1.00, 0.00, 1.00, 0.00, 1.00, 0.00, 1.00, 1.00, 1.00, 0.00, 1.00, 0.00, 0.00, 0.00, 0.00
7113,  0,  237.067,  0.98,  1, 0.13, 0.00, 1.47, 0.10, 0.28, 1.15, 0.00, 0.00, 0.00, 0.80, 0.35, 0.92, 0.27, 0.05, 0.00, 0.00, 0.00, 0.00, 0.00, 1.00, 1.00, 0.00, 1.00, 0.00, 1.00, 0.00, 1.00, 1.00, 1.00, 0.00, 1.00, 0.00, 0.00, 0.00, 0.00
7114,  0,  237.100,  0.98,  1, 0.09, 0.00, 1.51, 0.20, 0.24, 1.12, 0.00, 0.00, 0.00, 0.90, 0.31, 0.99, 0.29, 0.06, 0.00, 0.00, 0.00, 0.00, 0.00, 1.00, 1.00, 0.00, 1.00, 0.00, 1.00, 0.00, 1.00, 1.00, 1.00, 0.00, 1.00, 0.00, 0.00, 0.00, 0.00
7115,  0,  237.133,  0.98,  1, 0.07, 0.00, 1.51, 0.25, 0.24, 1.23, 0.00, 0.00, 0.01, 0.97, 0.27, 1.06, 0.31, 0.08, 0.00, 0.00, 0.00, 0.00, 0.00, 1.00, 1.00, 0.00, 1.00, 0.00, 1.00, 0.00, 1.00, 1.00, 1.00, 0.00, 1.00, 0.00, 0.00, 0.00, 0.00
7116,  0,  237.167,  0.98,  1, 0.06, 0.03, 1.49, 0.29, 0.16, 1.16, 0.00, 0.00, 0.01, 1.01, 0.21, 1.14, 0.20, 0.10, 0.00, 0.00, 0.00, 0.00, 0.00, 1.00, 1.00, 0.00, 1.00, 0.00, 1.00, 0.00, 1.00, 1.00, 1.00, 0.00, 1.00, 0.00, 0.00, 0.00, 0.00
7117,  0,  237.200,  0.98,  1, 0.11, 0.03, 1.46, 0.24, 0.13, 1.09, 0.00, 0.00, 0.02, 1.00, 0.24, 1.15, 0.11, 0.14, 0.00, 0.00, 0.00, 0.00, 0.00, 1.00, 1.00, 0.00, 1.00, 0.00, 1.00, 0.00, 1.00, 1.00, 1.00, 0.00, 1.00, 0.00, 0.00, 0.00, 0.00
7118,  0,  237.233,  0.98,  1, 0.16, 0.03, 1.42, 0.24, 0.06, 0.92, 0.00, 0.00, 0.04, 0.99, 0.29, 1.23, 0.00, 0.18, 0.00, 0.00, 0.00, 0.00, 0.00, 1.00, 1.00, 0.00, 1.00, 0.00, 1.00, 0.00, 1.00, 1.00, 1.00, 0.00, 1.00, 0.00, 0.00, 0.00, 0.00
7119,  0,  237.267,  0.98,  1, 0.21, 0.10, 1.45, 0.23, 0.10, 0.95, 0.00, 0.00, 0.05, 0.96, 0.36, 1.25, 0.00, 0.20, 0.00, 0.00, 0.00, 0.00, 0.00, 1.00, 1.00, 0.00, 1.00, 0.00, 1.00, 0.00, 1.00, 1.00, 1.00, 0.00, 1.00, 0.00, 0.00, 0.00, 0.00
7120,  0,  237.300,  0.98,  1, 0.23, 0.22, 1.44, 0.19, 0.08, 1.01, 0.00, 0.00, 0.05, 0.90, 0.41, 1.27, 0.00, 0.19, 0.00, 0.00, 0.00, 0.00, 0.00, 1.00, 1.00, 0.00, 1.00, 0.00, 1.00, 0.00, 1.00, 1.00, 1.00, 0.00, 1.00, 0.00, 0.00, 0.00, 0.00
7121,  0,  237.333,  0.98,  1, 0.25, 0.34, 1.52, 0.16, 0.08, 1.14, 0.00, 0.00, 0.05, 0.88, 0.46, 1.23, 0.00, 0.20, 0.00, 0.00, 0.00, 0.00, 0.00, 1.00, 1.00, 0.00, 1.00, 0.00, 1.00, 0.00, 1.00, 1.00, 1.00, 0.00, 1.00, 0.00, 0.00, 0.00, 0.00
7122,  0,  237.367,  0.98,  1, 0.25, 0.31, 1.51, 0.16, 0.09, 1.25, 0.00, 0.00, 0.08, 0.86, 0.51, 1.23, 0.00, 0.20, 0.00, 0.00, 0.00, 0.00, 0.00, 1.00, 1.00, 0.00, 1.00, 0.00, 1.00, 0.00, 1.00, 1.00, 1.00, 0.00, 1.00, 0.00, 0.00, 0.00, 0.00
7123,  0,  237.400,  0.98,  1, 0.28, 0.31, 1.48, 0.14, 0.13, 1.29, 0.00, 0.00, 0.12, 0.87, 0.53, 1.21, 0.00, 0.18, 0.00, 0.00, 0.00, 0.00, 0.00, 1.00, 1.00, 0.00, 1.00, 0.00, 1.00, 0.00, 1.00, 1.00, 1.00, 0.00, 1.00, 0.00, 0.00, 0.00, 0.00
7124,  0,  237.433,  0.98,  1, 0.28, 0.26, 1.42, 0.12, 0.16, 1.32, 0.00, 0.00, 0.17, 0.89, 0.45, 1.14, 0.00, 0.16, 0.00, 0.00, 0.00, 0.00, 0.00, 1.00, 1.00, 0.00, 1.00, 0.00, 1.00, 0.00, 1.00, 1.00, 1.00, 0.00, 1.00, 0.00, 0.00, 0.00, 0.00
7125,  0,  237.467,  0.98,  1, 0.29, 0.28, 1.42, 0.17, 0.17, 1.33, 0.00, 0.00, 0.15, 0.89, 0.49, 1.11, 0.00, 0.17, 0.00, 0.00, 0.00, 0.00, 0.00, 1.00, 1.00, 0.00, 1.00, 0.00, 1.00, 0.00, 1.00, 1.00, 1.00, 0.00, 1.00, 0.00, 0.00, 0.00, 0.00
7126,  0,  237.500,  0.98,  1, 0.21, 0.16, 1.34, 0.14, 0.18, 1.14, 0.00, 0.00, 0.17, 0.96, 0.36, 1.01, 0.00, 0.19, 0.00, 0.00, 0.00, 0.00, 0.00, 1.00, 1.00, 0.00, 1.00, 0.00, 1.00, 0.00, 1.00, 1.00, 1.00, 0.00, 1.00, 0.00, 0.00, 0.00, 0.00
7127,  0,  237.533,  0.98,  1, 0.16, 0.09, 1.27, 0.09, 0.18, 1.00, 0.00, 0.00, 0.19, 0.95, 0.30, 0.98, 0.04, 0.22, 0.00, 0.00, 0.00, 0.00, 0.00, 1.00, 1.00, 0.00, 1.00, 0.00, 1.00, 0.00, 1.00, 1.00, 1.00, 0.00, 1.00, 0.00, 0.00, 0.00, 0.00
7128,  0,  237.567,  0.98,  1, 0.12, 0.00, 1.19, 0.00, 0.28, 0.99, 0.00, 0.00, 0.29, 1.08, 0.19, 0.91, 0.06, 0.19, 0.00, 0.00, 0.00, 0.00, 0.00, 1.00, 1.00, 0.00, 1.00, 0.00, 1.00, 0.00, 1.00, 1.00, 1.00, 0.00, 1.00, 0.00, 0.00, 0.00, 0.00
7129,  0,  237.600,  0.98,  1, 0.18, 0.00, 1.26, 0.00, 0.37, 1.23, 0.00, 0.00, 0.40, 1.20, 0.29, 0.89, 0.10, 0.13, 0.00, 0.00, 0.35, 0.00, 0.00, 1.00, 1.00, 0.00, 1.00, 0.00, 1.00, 0.00, 1.00, 1.00, 1.00, 0.00, 1.00, 0.00, 0.00, 0.00, 0.00
7130,  0,  237.633,  0.98,  1, 0.20, 0.00, 1.35, 0.10, 0.46, 1.25, 0.00, 0.00, 0.42, 1.37, 0.41, 0.92, 0.15, 0.05, 0.00, 0.00, 1.02, 0.00, 0.00, 1.00, 1.00, 0.00, 1.00, 0.00, 1.00, 0.00, 1.00, 1.00, 1.00, 0.00, 1.00, 0.00, 0.00, 0.00, 1.00
7131,  0,  237.667,  0.98,  1, 0.23, 0.00, 1.42, 0.10, 0.49, 1.24, 0.00, 0.00, 0.45, 1.43, 0.51, 0.94, 0.29, 0.01, 0.00, 0.00, 1.55, 0.00, 0.00, 1.00, 1.00, 0.00, 1.00, 0.00, 1.00, 0.00, 1.00, 1.00, 1.00, 0.00, 1.00, 0.00, 0.00, 0.00, 1.00
7132,  0,  237.700,  0.98,  1, 0.13, 0.00, 1.46, 0.10, 0.56, 1.25, 0.00, 0.00, 0.39, 1.41, 0.51, 0.97, 0.38, 0.00, 0.00, 0.00, 1.56, 0.00, 0.00, 1.00, 1.00, 0.00, 1.00, 0.00, 1.00, 0.00, 1.00, 1.00, 1.00, 0.00, 1.00, 0.00, 0.00, 0.00, 1.00
7133,  0,  237.733,  0.98,  1, 0.09, 0.10, 1.48, 0.00, 0.62, 1.49, 0.00, 0.00, 0.39, 1.44, 0.46, 0.94, 0.45, 0.00, 0.00, 0.00, 1.16, 0.00, 0.00, 1.00, 1.00, 0.00, 1.00, 0.00, 1.00, 0.00, 1.00, 1.00, 1.00, 0.00, 1.00, 0.00, 0.00, 0.00, 1.00
7134,  0,  237.767,  0.98,  1, 0.11, 0.23, 1.48, 0.00, 0.67, 1.64, 0.00, 0.00, 0.38, 1.48, 0.36, 0.93, 0.42, 0.00, 0.00, 0.00, 0.83, 0.00, 0.00, 1.00, 1.00, 0.00, 1.00, 0.00, 1.00, 0.00, 1.00, 1.00, 1.00, 0.00, 1.00, 0.00, 0.00, 0.00, 1.00
7135,  0,  237.800,  0.98,  1, 0.12, 0.37, 1.47, 0.00, 0.66, 1.71, 0.00, 0.00, 0.44, 1.58, 0.41, 0.98, 0.46, 0.00, 0.00, 0.00, 0.59, 0.00, 0.00, 1.00, 1.00, 0.00, 1.00, 0.00, 1.00, 0.00, 1.00, 1.00, 1.00, 0.00, 1.00, 0.00, 0.00, 0.00, 1.00
7136,  0,  237.833,  0.98,  1, 0.17, 0.36, 1.47, 0.00, 0.67, 1.66, 0.00, 0.03, 0.52, 1.64, 0.50, 1.06, 0.50, 0.00, 0.00, 0.00, 0.35, 0.00, 0.00, 1.00, 1.00, 0.00, 1.00, 0.00, 1.00, 0.00, 1.00, 1.00, 1.00, 0.00, 1.00, 0.00, 0.00, 0.00, 0.00
7137,  0,  237.867,  0.98,  1, 0.08, 0.29, 1.44, 0.00, 0.67, 1.50, 0.00, 0.07, 0.56, 1.54, 0.63, 1.11, 0.39, 0.00, 0.00, 0.00, 0.18, 0.00, 0.00, 1.00, 1.00, 0.00, 1.00, 0.00, 1.00, 0.00, 1.00, 1.00, 1.00, 0.00, 1.00, 0.00, 0.00, 0.00, 0.00
7138,  0,  237.900,  0.98,  1, 0.05, 0.16, 1.51, 0.00, 0.66, 1.37, 0.00, 0.17, 0.58, 1.47, 0.70, 1.13, 0.31, 0.04, 0.00, 0.00, 0.08, 0.00, 0.00, 1.00, 1.00, 0.00, 1.00, 0.00, 1.00, 0.00, 1.00, 1.00, 1.00, 0.00, 1.00, 0.00, 0.00, 0.00, 0.00
7139,  0,  237.933,  0.98,  1, 0.00, 0.07, 1.51, 0.00, 0.62, 1.33, 0.00, 0.21, 0.60, 1.36, 0.77, 1.13, 0.25, 0.07, 0.00, 0.00, 0.05, 0.00, 0.00, 1.00, 1.00, 0.00, 1.00, 0.00, 1.00, 0.00, 1.00, 1.00, 1.00, 0.00, 1.00, 0.00, 0.00, 0.00, 0.00
7140,  0,  237.967,  0.98,  1, 0.00, 0.00, 1.51, 0.00, 0.57, 1.36, 0.00, 0.20, 0.61, 1.37, 0.76, 1.09, 0.24, 0.10, 0.00, 0.00, 0.10, 0.00, 0.00, 1.00, 1.00, 0.00, 1.00, 0.00, 1.00, 0.00, 1.00, 1.00, 1.00, 0.00, 1.00, 0.00, 0.00, 0.00, 0.00
7141,  0,  238.000,  0.98,  1, 0.00, 0.00, 1.50, 0.00, 0.52, 1.43, 0.00, 0.18, 0.60, 1.32, 0.68, 1.00, 0.14, 0.08, 0.00, 0.00, 0.16, 0.00, 0.00, 1.00, 1.00, 0.00, 1.00, 0.00, 1.00, 0.00, 1.00, 1.00, 1.00, 0.00, 1.00, 0.00, 0.00, 0.00, 0.00
7142,  0,  238.033,  0.98,  1, 0.00, 0.00, 1.46, 0.00, 0.47, 1.43, 0.00, 0.17, 0.60, 1.32, 0.57, 0.88, 0.07, 0.06, 0.00, 0.00, 0.24, 0.00, 0.00, 1.00, 1.00, 0.00, 1.00, 0.00, 1.00, 0.00, 1.00, 1.00, 1.00, 0.00, 1.00, 0.00, 0.00, 0.00, 0.00
7143,  0,  238.067,  0.98,  1, 0.00, 0.00, 1.46, 0.00, 0.44, 1.42, 0.00, 0.25, 0.63, 1.34, 0.53, 0.80, 0.05, 0.03, 0.00, 0.00, 0.27, 0.00, 0.00, 1.00, 1.00, 0.00, 1.00, 0.00, 1.00, 0.00, 1.00, 0.00, 1.00, 0.00, 1.00, 0.00, 0.00, 0.00, 0.00
7144,  0,  238.100,  0.98,  1, 0.00, 0.00, 1.46, 0.00, 0.49, 1.52, 0.00, 0.31, 0.71, 1.39, 0.45, 0.65, 0.05, 0.01, 0.09, 0.00, 0.37, 0.00, 0.00, 1.00, 1.00, 0.00, 1.00, 0.00, 1.00, 0.00, 1.00, 0.00, 1.00, 0.00, 1.00, 0.00, 0.00, 0.00, 0.00
7145,  0,  238.133,  0.98,  1, 0.02, 0.00, 1.55, 0.00, 0.57, 1.55, 0.00, 0.38, 0.85, 1.44, 0.39, 0.58, 0.03, 0.01, 0.45, 0.00, 0.68, 0.00, 0.00, 1.00, 1.00, 0.00, 1.00, 0.00, 1.00, 0.00, 1.00, 0.00, 1.00, 0.00, 1.00, 0.00, 0.00, 0.00, 0.00
7146,  0,  238.167,  0.98,  1, 0.02, 0.00, 1.60, 0.00, 0.63, 1.48, 0.00, 0.46, 1.05, 1.40, 0.22, 0.40, 0.02, 0.00, 0.78, 0.00, 1.33, 0.00, 0.00, 1.00, 1.00, 0.00, 1.00, 0.00, 1.00, 1.00, 1.00, 0.00, 1.00, 0.00, 1.00, 0.00, 0.00, 0.00, 1.00
7147,  0,  238.200,  0.98,  1, 0.02, 0.00, 1.57, 0.04, 0.58, 1.08, 0.00, 0.52, 1.24, 1.33, 0.10, 0.27, 0.05, 0.00, 1.10, 0.00, 2.05, 0.00, 0.00, 1.00, 1.00, 0.00, 1.00, 0.00, 1.00, 1.00, 1.00, 0.00, 0.00, 0.00, 1.00, 0.00, 0.00, 0.00, 1.00
7148,  0,  238.233,  0.98,  1, 0.00, 0.00, 1.48, 0.12, 0.54, 0.70, 0.00, 0.59, 1.38, 1.36, 0.00, 0.10, 0.03, 0.00, 1.19, 0.01, 2.55, 0.00, 0.00, 1.00, 1.00, 0.00, 1.00, 0.00, 1.00, 1.00, 1.00, 0.00, 0.00, 0.00, 1.00, 1.00, 0.00, 0.00, 1.00
7149,  0,  238.267,  0.98,  1, 0.00, 0.00, 1.41, 0.16, 0.59, 0.69, 0.00, 0.68, 1.41, 1.45, 0.03, 0.03, 0.03, 0.00, 1.34, 0.01, 2.64, 0.00, 0.00, 1.00, 1.00, 1.00, 1.00, 0.00, 1.00, 1.00, 1.00, 0.00, 0.00, 0.00, 1.00, 1.00, 0.00, 0.00, 1.00
7150,  0,  238.300,  0.98,  1, 0.00, 0.00, 1.47, 0.21, 0.78, 0.92, 0.00, 0.76, 1.48, 1.49, 0.06, 0.09, 0.00, 0.00, 1.46, 0.01, 2.50, 0.00, 0.00, 1.00, 1.00, 1.00, 1.00, 0.00, 1.00, 1.00, 1.00, 0.00, 0.00, 0.00, 1.00, 1.00, 0.00, 0.00, 1.00
7151,  0,  238.333,  0.98,  1, 0.00, 0.00, 1.52, 0.12, 1.05, 1.48, 0.00, 0.90, 1.53, 1.53, 0.06, 0.10, 0.00, 0.00, 1.43, 0.00, 2.08, 0.00, 0.00, 1.00, 1.00, 1.00, 1.00, 0.00, 1.00, 1.00, 1.00, 0.00, 0.00, 0.00, 1.00, 1.00, 0.00, 0.00, 1.00
7152,  0,  238.367,  0.98,  1, 0.00, 0.00, 1.53, 0.08, 1.19, 1.85, 0.00, 0.88, 1.64, 1.52, 0.03, 0.31, 0.00, 0.03, 1.38, 0.11, 1.40, 0.00, 0.00, 1.00, 1.00, 1.00, 1.00, 0.00, 1.00, 1.00, 1.00, 0.00, 0.00, 0.00, 1.00, 1.00, 0.00, 0.00, 1.00
7153,  0,  238.400,  0.98,  1, 0.00, 0.00, 1.37, 0.00, 1.29, 2.21, 0.00, 0.94, 1.75, 1.67, 0.00, 0.35, 0.01, 0.06, 1.32, 0.23, 0.68, 0.00, 0.00, 1.00, 1.00, 1.00, 1.00, 0.00, 1.00, 1.00, 1.00, 0.00, 0.00, 0.00, 1.00, 1.00, 0.00, 0.00, 1.00
7154,  0,  238.433,  0.98,  1, 0.00, 0.00, 1.27, 0.00, 1.25, 2.42, 0.00, 0.95, 1.83, 1.71, 0.00, 0.45, 0.01, 0.09, 1.34, 0.31, 0.24, 0.00, 0.00, 1.00, 1.00, 1.00, 1.00, 0.00, 1.00, 1.00, 1.00, 0.00, 0.00, 0.00, 1.00, 1.00, 0.00, 0.00, 1.00
7155,  0,  238.467,  0.98,  1, 0.00, 0.00, 1.25, 0.00, 1.32, 2.56, 0.00, 1.11, 1.87, 1.84, 0.00, 0.44, 0.01, 0.16, 1.35, 0.27, 0.08, 0.00, 0.00, 1.00, 1.00, 1.00, 1.00, 0.00, 1.00, 1.00, 1.00, 0.00, 0.00, 0.00, 1.00, 1.00, 0.00, 0.00, 1.00
7156,  0,  238.500,  0.98,  1, 0.00, 0.00, 1.36, 0.00, 1.31, 2.57, 0.00, 1.14, 1.92, 1.83, 0.00, 0.55, 0.00, 0.24, 1.34, 0.31, 0.10, 0.00, 0.00, 1.00, 1.00, 1.00, 1.00, 0.00, 1.00, 1.00, 1.00, 0.00, 0.00, 0.00, 1.00, 1.00, 0.00, 0.00, 0.00
7157,  0,  238.533,  0.98,  1, 0.00, 0.00, 1.49, 0.04, 1.33, 2.58, 0.00, 1.14, 1.96, 1.78, 0.01, 0.63, 0.01, 0.28, 1.29, 0.30, 0.07, 0.00, 0.00, 1.00, 1.00, 1.00, 1.00, 0.00, 1.00, 1.00, 1.00, 0.00, 0.00, 0.00, 1.00, 1.00, 0.00, 0.00, 0.00
7158,  0,  238.567,  0.98,  1, 0.00, 0.00, 1.61, 0.04, 1.33, 2.60, 0.00, 1.08, 1.99, 1.61, 0.01, 0.63, 0.03, 0.31, 1.21, 0.29, 0.07, 0.00, 0.00, 1.00, 1.00, 1.00, 1.00, 0.00, 1.00, 1.00, 1.00, 0.00, 0.00, 0.00, 1.00, 1.00, 0.00, 0.00, 0.00
7159,  0,  238.600,  0.98,  1, 0.00, 0.00, 1.74, 0.04, 1.38, 2.66, 0.00, 1.15, 1.95, 1.60, 0.03, 0.62, 0.05, 0.31, 1.13, 0.17, 0.00, 0.00, 0.00, 1.00, 1.00, 1.00, 1.00, 0.00, 1.00, 1.00, 1.00, 0.00, 0.00, 0.00, 1.00, 1.00, 0.00, 0.00, 0.00
7160,  0,  238.633,  0.98,  1, 0.00, 0.00, 1.82, 0.00, 1.44, 2.62, 0.00, 1.22, 1.96, 1.68, 0.02, 0.52, 0.06, 0.31, 1.18, 0.16, 0.00, 0.00, 0.00, 1.00, 1.00, 1.00, 1.00, 0.00, 1.00, 1.00, 1.00, 0.00, 0.00, 0.00, 1.00, 1.00, 0.00, 0.00, 0.00
7161,  0,  238.667,  0.98,  1, 0.00, 0.00, 1.90, 0.00, 1.50, 2.67, 0.00, 1.27, 1.96, 1.77, 0.07, 0.48, 0.13, 0.26, 1.23, 0.15, 0.00, 0.00, 0.00, 1.00, 1.00, 1.00, 1.00, 0.00, 1.00, 1.00, 1.00, 0.00, 0.00, 0.00, 1.00, 1.00, 0.00, 0.00, 0.00
7162,  0,  238.700,  0.98,  1, 0.00, 0.00, 1.88, 0.00, 1.50, 2.71, 0.00, 1.28, 1.87, 1.78, 0.05, 0.33, 0.14, 0.20, 1.29, 0.14, 0.00, 0.00, 0.00, 1.00, 1.00, 1.00, 1.00, 0.00, 1.00, 1.00, 1.00, 0.00, 0.00, 0.00, 1.00, 1.00, 0.00, 0.00, 0.00
7163,  0,  238.733,  0.98,  1, 0.00, 0.00, 1.91, 0.00, 1.47, 2.89, 0.00, 1.20, 1.72, 1.72, 0.05, 0.30, 0.26, 0.17, 1.30, 0.11, 0.00, 0.00, 0.00, 1.00, 1.00, 1.00, 1.00, 0.00, 1.00, 1.00, 1.00, 0.00, 0.00, 0.00, 1.00, 1.00, 0.00, 0.00, 0.00
7164,  0,  238.767,  0.98,  1, 0.00, 0.00, 1.68, 0.00, 1.45, 2.97, 0.00, 1.23, 1.64, 1.77, 0.00, 0.31, 0.22, 0.17, 1.47, 0.16, 0.00, 0.00, 0.00, 1.00, 1.00, 1.00, 1.00, 0.00, 1.00, 1.00, 1.00, 0.00, 0.00, 0.00, 1.00, 1.00, 0.00, 0.00, 0.00
7165,  0,  238.800,  0.98,  1, 0.00, 0.00, 1.51, 0.00, 1.49, 2.99, 0.00, 1.21, 1.63, 1.77, 0.00, 0.44, 0.29, 0.18, 1.57, 0.20, 0.00, 0.00, 0.00, 1.00, 1.00, 1.00, 1.00, 0.00, 1.00, 1.00, 1.00, 0.00, 0.00, 0.00, 1.00, 1.00, 0.00, 0.00, 0.00
7166,  0,  238.833,  0.98,  1, 0.00, 0.00, 1.26, 0.00, 1.50, 2.87, 0.00, 1.21, 1.64, 1.81, 0.00, 0.63, 0.22, 0.19, 1.51, 0.23, 0.00, 0.00, 0.00, 1.00, 1.00, 1.00, 1.00, 0.00, 1.00, 1.00, 1.00, 0.00, 0.00, 0.00, 1.00, 1.00, 0.00, 0.00, 0.00
7167,  0,  238.867,  0.98,  1, 0.00, 0.00, 1.23, 0.00, 1.45, 2.68, 0.00, 1.14, 1.54, 1.70, 0.00, 0.71, 0.22, 0.16, 1.32, 0.12, 0.00, 0.00, 0.00, 1.00, 1.00, 1.00, 1.00, 0.00, 1.00, 1.00, 1.00, 0.00, 0.00, 0.00, 1.00, 1.00, 0.00, 0.00, 0.00
7168,  0,  238.900,  0.98,  1, 0.00, 0.00, 1.22, 0.00, 1.45, 2.66, 0.00, 1.12, 1.47, 1.68, 0.00, 0.71, 0.15, 0.18, 1.11, 0.04, 0.00, 0.00, 0.00, 1.00, 1.00, 1.00, 1.00, 0.00, 1.00, 1.00, 1.00, 0.00, 0.00, 0.00, 1.00, 1.00, 0.00, 0.00, 0.00
7169,  0,  238.933,  0.98,  1, 0.00, 0.00, 1.21, 0.00, 1.48, 2.61, 0.00, 1.20, 1.47, 1.66, 0.00, 0.59, 0.11, 0.18, 1.22, 0.05, 0.00, 0.00, 0.00, 1.00, 1.00, 1.00, 1.00, 0.00, 1.00, 1.00, 1.00, 0.00, 0.00, 0.00, 1.00, 1.00, 0.00, 0.00, 1.00
7170,  0,  238.967,  0.98,  1, 0.00, 0.00, 1.18, 0.00, 1.54, 2.68, 0.00, 1.30, 1.53, 1.72, 0.00, 0.43, 0.09, 0.14, 1.46, 0.11, 0.00, 0.00, 0.00, 1.00, 1.00, 1.00, 1.00, 0.00, 1.00, 1.00, 1.00, 0.00, 0.00, 0.00, 1.00, 1.00, 0.00, 0.00, 1.00
7171,  0,  239.000,  0.98,  1, 0.00, 0.00, 1.15, 0.00, 1.57, 2.69, 0.00, 1.40, 1.63, 1.85, 0.00, 0.36, 0.07, 0.07, 1.75, 0.18, 0.00, 0.00, 0.00, 1.00, 1.00, 1.00, 1.00, 0.00, 1.00, 1.00, 1.00, 0.00, 0.00, 0.00, 1.00, 1.00, 0.00, 0.00, 1.00
7172,  0,  239.033,  0.98,  1, 0.00, 0.00, 1.13, 0.00, 1.63, 2.68, 0.00, 1.47, 1.67, 2.01, 0.00, 0.27, 0.04, 0.01, 1.92, 0.30, 0.00, 0.00, 0.00, 1.00, 1.00, 1.00, 1.00, 0.00, 1.00, 1.00, 1.00, 0.00, 0.00, 0.00, 1.00, 1.00, 1.00, 0.00, 0.00
7173,  0,  239.067,  0.98,  1, 0.00, 0.00, 1.15, 0.00, 1.63, 2.66, 0.00, 1.45, 1.69, 2.12, 0.00, 0.21, 0.02, 0.01, 1.95, 0.37, 0.00, 0.00, 0.00, 1.00, 1.00, 1.00, 1.00, 0.00, 1.00, 1.00, 1.00, 0.00, 0.00, 0.00, 1.00, 1.00, 1.00, 0.00, 0.00
7174,  0,  239.100,  0.98,  1, 0.00, 0.00, 1.19, 0.00, 1.61, 2.74, 0.05, 1.46, 1.66, 2.11, 0.00, 0.23, 0.00, 0.01, 1.82, 0.37, 0.00, 0.00, 0.00, 1.00, 1.00, 1.00, 1.00, 0.00, 1.00, 1.00, 1.00, 0.00, 0.00, 0.00, 1.00, 1.00, 1.00, 0.00, 0.00
7175,  0,  239.133,  0.98,  1, 0.00, 0.00, 1.20, 0.00, 1.56, 2.85, 0.09, 1.42, 1.59, 2.09, 0.00, 0.37, 0.02, 0.01, 1.62, 0.21, 0.00, 0.00, 0.00, 1.00, 1.00, 1.00, 1.00, 0.00, 1.00, 1.00, 1.00, 0.00, 0.00, 0.00, 1.00, 1.00, 1.00, 0.00, 0.00
7176,  0,  239.167,  0.98,  1, 0.00, 0.00, 1.32, 0.00, 1.56, 2.91, 0.18, 1.43, 1.49, 2.06, 0.00, 0.48, 0.07, 0.00, 1.46, 0.08, 0.06, 0.00, 0.00, 1.00, 1.00, 1.00, 1.00, 0.00, 1.00, 1.00, 1.00, 0.00, 0.00, 0.00, 1.00, 1.00, 1.00, 0.00, 0.00
7177,  0,  239.200,  0.98,  1, 0.00, 0.00, 1.36, 0.00, 1.55, 3.00, 0.15, 1.41, 1.47, 2.08, 0.00, 0.46, 0.25, 0.00, 1.47, 0.01, 0.06, 0.00, 0.00, 1.00, 1.00, 1.00, 1.00, 0.00, 1.00, 1.00, 1.00, 0.00, 0.00, 0.00, 1.00, 1.00, 0.00, 0.00, 0.00
7178,  0,  239.233,  0.98,  1, 0.00, 0.00, 1.55, 0.00, 1.61, 3.21, 0.12, 1.51, 1.54, 2.17, 0.00, 0.33, 0.35, 0.02, 1.52, 0.00, 0.06, 0.00, 0.00, 1.00, 1.00, 1.00, 1.00, 0.00, 1.00, 1.00, 1.00, 0.00, 0.00, 0.00, 1.00, 1.00, 0.00, 0.00, 0.00
7179,  0,  239.267,  0.98,  1, 0.00, 0.00, 1.63, 0.00, 1.67, 3.42, 0.07, 1.54, 1.66, 2.27, 0.00, 0.20, 0.46, 0.02, 1.69, 0.00, 0.02, 0.00, 0.00, 1.00, 1.00, 1.00, 1.00, 0.00, 1.00, 1.00, 1.00, 0.00, 0.00, 0.00, 1.00, 1.00, 0.00, 0.00, 0.00
7180,  0,  239.300,  0.98,  1, 0.00, 0.00, 1.69, 0.00, 1.74, 3.44, 0.05, 1.53, 1.75, 2.36, 0.00, 0.09, 0.42, 0.03, 1.83, 0.09, 0.08, 0.00, 0.00, 1.00, 1.00, 1.00, 1.00, 0.00, 1.00, 1.00, 1.00, 0.00, 0.00, 0.00, 1.00, 1.00, 0.00, 0.00, 0.00
7181,  0,  239.333,  0.98,  1, 0.00, 0.00, 1.59, 0.00, 1.79, 3.41, 0.03, 1.49, 1.84, 2.50, 0.00, 0.02, 0.35, 0.02, 1.93, 0.13, 0.16, 0.00, 0.00, 1.00, 1.00, 1.00, 1.00, 0.00, 1.00, 1.00, 1.00, 0.00, 0.00, 0.00, 1.00, 1.00, 0.00, 0.00, 1.00
7182,  0,  239.367,  0.98,  1, 0.00, 0.00, 1.44, 0.00, 1.86, 3.41, 0.00, 1.49, 1.92, 2.62, 0.00, 0.02, 0.28, 0.05, 1.87, 0.18, 0.15, 0.00, 0.00, 1.00, 1.00, 1.00, 1.00, 0.00, 1.00, 1.00, 1.00, 0.00, 0.00, 0.00, 1.00, 1.00, 0.00, 0.00, 1.00
7183,  0,  239.400,  0.98,  1, 0.00, 0.00, 1.38, 0.00, 1.92, 3.50, 0.01, 1.50, 1.94, 2.66, 0.00, 0.00, 0.27, 0.05, 1.83, 0.11, 0.13, 0.00, 0.00, 1.00, 1.00, 1.00, 1.00, 0.00, 1.00, 1.00, 1.00, 0.00, 0.00, 0.00, 1.00, 1.00, 0.00, 0.00, 1.00
7184,  0,  239.433,  0.98,  1, 0.00, 0.00, 1.41, 0.00, 2.01, 3.36, 0.04, 1.50, 1.96, 2.64, 0.00, 0.02, 0.30, 0.06, 1.76, 0.10, 0.12, 0.00, 0.00, 1.00, 1.00, 1.00, 1.00, 0.00, 1.00, 1.00, 1.00, 0.00, 0.00, 0.00, 1.00, 1.00, 0.00, 0.00, 1.00
7185,  0,  239.467,  0.98,  1, 0.00, 0.00, 1.53, 0.00, 2.10, 3.29, 0.04, 1.51, 1.98, 2.60, 0.00, 0.02, 0.35, 0.03, 1.72, 0.11, 0.13, 0.00, 0.00, 1.00, 1.00, 1.00, 1.00, 0.00, 1.00, 1.00, 1.00, 0.00, 0.00, 0.00, 1.00, 1.00, 0.00, 0.00, 1.00
7186,  0,  239.500,  0.98,  1, 0.00, 0.00, 1.62, 0.00, 2.19, 3.12, 0.05, 1.65, 2.09, 2.59, 0.00, 0.08, 0.26, 0.04, 1.63, 0.11, 0.08, 0.00, 0.00, 1.00, 1.00, 1.00, 1.00, 0.00, 1.00, 1.00, 1.00, 0.00, 0.00, 0.00, 1.00, 1.00, 0.00, 0.00, 1.00
7187,  0,  239.533,  0.98,  1, 0.00, 0.00, 1.64, 0.00, 2.22, 3.12, 0.02, 1.75, 2.15, 2.53, 0.00, 0.09, 0.19, 0.02, 1.59, 0.08, 0.01, 0.00, 0.00, 1.00, 1.00, 1.00, 1.00, 0.00, 1.00, 1.00, 1.00, 0.00, 0.00, 0.00, 1.00, 1.00, 0.00, 0.00, 1.00
7188,  0,  239.567,  0.98,  1, 0.00, 0.00, 1.58, 0.00, 2.26, 3.10, 0.02, 1.93, 2.23, 2.53, 0.00, 0.17, 0.05, 0.07, 1.49, 0.10, 0.00, 0.00, 0.00, 1.00, 1.00, 1.00, 1.00, 0.00, 1.00, 1.00, 1.00, 0.00, 0.00, 0.00, 1.00, 1.00, 0.00, 0.00, 1.00
7189,  0,  239.600,  0.98,  1, 0.00, 0.00, 1.60, 0.00, 2.30, 3.10, 0.00, 1.94, 2.24, 2.48, 0.00, 0.19, 0.00, 0.11, 1.59, 0.20, 0.00, 0.00, 0.00, 1.00, 1.00, 1.00, 1.00, 0.00, 1.00, 1.00, 1.00, 0.00, 0.00, 0.00, 1.00, 1.00, 0.00, 0.00, 1.00
7190,  0,  239.633,  0.98,  1, 0.00, 0.00, 1.63, 0.00, 2.34, 3.14, 0.00, 1.95, 2.25, 2.49, 0.00, 0.17, 0.00, 0.16, 1.72, 0.32, 0.00, 0.00, 0.00, 1.00, 1.00, 1.00, 1.00, 0.00, 1.00, 1.00, 1.00, 0.00, 0.00, 0.00, 1.00, 1.00, 0.00, 0.00, 1.00
7191,  0,  239.667,  0.98,  1, 0.00, 0.00, 1.62, 0.00, 2.37, 3.12, 0.00, 1.87, 2.24, 2.42, 0.00, 0.10, 0.00, 0.21, 1.85, 0.41, 0.04, 0.00, 0.00, 1.00, 1.00, 1.00, 1.00, 0.00, 1.00, 1.00, 1.00, 0.00, 0.00, 0.00, 1.00, 1.00, 0.00, 0.00, 0.00
7192,  0,  239.700,  0.98,  1, 0.00, 0.00, 1.47, 0.00, 2.39, 3.14, 0.00, 1.89, 2.25, 2.48, 0.00, 0.02, 0.00, 0.27, 1.88, 0.48, 0.04, 0.00, 0.00, 1.00, 1.00, 1.00, 1.00, 0.00, 1.00, 1.00, 1.00, 0.00, 0.00, 0.00, 1.00, 1.00, 0.00, 0.00, 0.00
7193,  0,  239.733,  0.98,  1, 0.00, 0.00, 1.35, 0.00, 2.37, 3.07, 0.00, 1.94, 2.27, 2.42, 0.00, 0.09, 0.00, 0.33, 1.83, 0.50, 0.04, 0.00, 0.00, 1.00, 1.00, 1.00, 1.00, 0.00, 1.00, 1.00, 1.00, 0.00, 0.00, 0.00, 1.00, 1.00, 0.00, 0.00, 0.00
7194,  0,  239.767,  0.98,  1, 0.00, 0.00, 1.28, 0.00, 2.32, 3.01, 0.00, 1.98, 2.27, 2.52, 0.00, 0.15, 0.00, 0.34, 1.78, 0.40, 0.00, 0.00, 0.00, 1.00, 1.00, 1.00, 1.00, 0.00, 1.00, 1.00, 1.00, 0.00, 0.00, 0.00, 1.00, 1.00, 0.00, 0.00, 0.00
7195,  0,  239.800,  0.98,  1, 0.00, 0.00, 1.30, 0.00, 2.27, 3.02, 0.00, 1.94, 2.25, 2.50, 0.00, 0.18, 0.00, 0.32, 1.81, 0.29, 0.00, 0.00, 0.00, 1.00, 1.00, 1.00, 1.00, 0.00, 1.00, 1.00, 1.00, 0.00, 0.00, 0.00, 1.00, 1.00, 0.00, 0.00, 0.00
7196,  0,  239.833,  0.98,  1, 0.00, 0.00, 1.35, 0.00, 2.29, 3.04, 0.02, 1.89, 2.23, 2.48, 0.00, 0.19, 0.00, 0.30, 1.92, 0.29, 0.00, 0.00, 0.00, 1.00, 1.00, 1.00, 1.00, 0.00, 1.00, 1.00, 1.00, 0.00, 0.00, 0.00, 1.00, 1.00, 0.00, 0.00, 0.00
7197,  0,  239.867,  0.98,  1, 0.00, 0.00, 1.39, 0.00, 2.31, 2.96, 0.02, 1.82, 2.24, 2.43, 0.00, 0.19, 0.00, 0.29, 2.06, 0.43, 0.00, 0.00, 0.00, 1.00, 1.00, 1.00, 1.00, 0.00, 1.00, 1.00, 1.00, 0.00, 0.00, 0.00, 1.00, 1.00, 0.00, 0.00, 0.00
7198,  0,  239.900,  0.98,  1, 0.00, 0.00, 1.40, 0.00, 2.34, 3.05, 0.01, 1.79, 2.27, 2.37, 0.00, 0.17, 0.00, 0.24, 2.13, 0.51, 0.00, 0.00, 0.00, 1.00, 1.00, 1.00, 1.00, 0.00, 1.00, 1.00, 1.00, 0.00, 0.00, 0.00, 1.00, 1.00, 1.00, 0.00, 0.00
7199,  0,  239.933,  0.98,  1, 0.00, 0.00, 1.33, 0.00, 2.35, 3.05, 0.00, 1.79, 2.29, 2.34, 0.00, 0.10, 0.00, 0.22, 2.19, 0.54, 0.00, 0.00, 0.00, 1.00, 1.00, 1.00, 1.00, 0.00, 1.00, 1.00, 1.00, 0.00, 0.00, 0.00, 1.00, 1.00, 1.00, 0.00, 1.00
7200,  0,  239.967,  0.98,  1, 0.00, 0.00, 1.42, 0.00, 2.39, 3.26, 0.00, 1.84, 2.28, 2.28, 0.00, 0.04, 0.07, 0.15, 2.19, 0.52, 0.00, 0.00, 0.00, 1.00, 1.00, 1.00, 1.00, 0.00, 1.00, 1.00, 1.00, 0.00, 0.00, 0.00, 1.00, 1.00, 1.00, 0.00, 1.00
7201,  0,  240.000,  0.98,  1, 0.00, 0.00, 1.41, 0.00, 2.48, 3.42, 0.00, 1.83, 2.29, 2.43, 0.00, 0.02, 0.07, 0.10, 2.16, 0.55, 0.02, 0.00, 0.00, 1.00, 1.00, 1.00, 1.00, 0.00, 1.00, 1.00, 1.00, 0.00, 0.00, 0.00, 1.00, 1.00, 1.00, 0.00, 1.00
7202,  0,  240.033,  0.98,  1, 0.00, 0.00, 1.48, 0.00, 2.49, 3.58, 0.00, 1.84, 2.27, 2.53, 0.00, 0.02, 0.12, 0.03, 2.16, 0.56, 0.06, 0.00, 0.00, 1.00, 1.00, 1.00, 1.00, 0.00, 1.00, 1.00, 1.00, 0.00, 0.00, 0.00, 1.00, 1.00, 1.00, 0.00, 1.00
7203,  0,  240.067,  0.98,  1, 0.00, 0.00, 1.45, 0.00, 2.51, 3.66, 0.02, 1.83, 2.24, 2.55, 0.00, 0.09, 0.09, 0.02, 2.17, 0.54, 0.06, 0.00, 0.00, 1.00, 1.00, 1.00, 1.00, 0.00, 1.00, 1.00, 1.00, 0.00, 0.00, 0.00, 1.00, 1.00, 1.00, 0.00, 1.00
7204,  0,  240.100,  0.98,  1, 0.00, 0.00, 1.48, 0.00, 2.42, 3.52, 0.04, 1.85, 2.18, 2.48, 0.00, 0.11, 0.17, 0.04, 2.23, 0.57, 0.04, 0.00, 0.00, 1.00, 1.00, 1.00, 1.00, 0.00, 1.00, 1.00, 1.00, 0.00, 0.00, 0.00, 1.00, 1.00, 1.00, 0.00, 1.00
7205,  0,  240.133,  0.98,  1, 0.00, 0.00, 1.41, 0.00, 2.41, 3.42, 0.09, 1.81, 2.15, 2.52, 0.00, 0.13, 0.11, 0.06, 2.20, 0.57, 0.10, 0.00, 0.00, 1.00, 1.00, 1.00, 1.00, 0.00, 1.00, 1.00, 1.00, 0.00, 0.00, 0.00, 1.00, 1.00, 1.00, 0.00, 1.00
7206,  0,  240.167,  0.98,  1, 0.00, 0.00, 1.33, 0.00, 2.37, 3.15, 0.13, 1.73, 2.12, 2.51, 0.00, 0.04, 0.12, 0.05, 2.19, 0.59, 0.12, 0.00, 0.00, 1.00, 1.00, 1.00, 1.00, 0.00, 1.00, 1.00, 1.00, 0.00, 0.00, 0.00, 1.00, 1.00, 0.00, 0.00, 1.00
7207,  0,  240.200,  0.98,  1, 0.00, 0.00, 1.27, 0.00, 2.37, 3.02, 0.16, 1.74, 2.12, 2.56, 0.00, 0.02, 0.11, 0.03, 2.08, 0.52, 0.21, 0.00, 0.00, 1.00, 1.00, 1.00, 1.00, 0.00, 1.00, 1.00, 1.00, 0.00, 0.00, 0.00, 0.00, 1.00, 0.00, 0.00, 1.00
7208,  0,  240.233,  0.98,  1, 0.00, 0.00, 1.31, 0.00, 2.33, 2.84, 0.14, 1.71, 2.15, 2.41, 0.00, 0.01, 0.11, 0.00, 2.03, 0.42, 0.29, 0.00, 0.00, 1.00, 1.00, 1.00, 1.00, 0.00, 1.00, 1.00, 1.00, 0.00, 0.00, 0.00, 0.00, 1.00, 0.00, 0.00, 1.00
7209,  0,  240.267,  0.98,  1, 0.00, 0.00, 1.33, 0.00, 2.35, 2.90, 0.16, 1.75, 2.21, 2.26, 0.00, 0.00, 0.11, 0.00, 1.98, 0.40, 0.43, 0.00, 0.00, 1.00, 1.00, 1.00, 1.00, 0.00, 1.00, 1.00, 1.00, 0.00, 0.00, 0.00, 0.00, 1.00, 0.00, 0.00, 1.00
7210,  0,  240.300,  0.98,  1, 0.00, 0.00, 1.36, 0.00, 2.34, 2.86, 0.16, 1.64, 2.23, 2.10, 0.00, 0.00, 0.10, 0.00, 1.93, 0.44, 0.42, 0.00, 0.00, 1.00, 1.00, 1.00, 1.00, 0.00, 1.00, 1.00, 1.00, 0.00, 0.00, 0.00, 0.00, 1.00, 0.00, 0.00, 1.00
7211,  0,  240.333,  0.98,  1, 0.00, 0.00, 1.45, 0.00, 2.34, 3.00, 0.18, 1.59, 2.21, 2.09, 0.00, 0.00, 0.11, 0.00, 1.88, 0.56, 0.32, 0.00, 0.00, 1.00, 1.00, 1.00, 1.00, 0.00, 1.00, 1.00, 1.00, 0.00, 0.00, 0.00, 0.00, 1.00, 0.00, 0.00, 1.00
7212,  0,  240.367,  0.98,  1, 0.00, 0.00, 1.43, 0.00, 2.31, 2.85, 0.16, 1.56, 2.29, 2.11, 0.00, 0.00, 0.08, 0.00, 1.84, 0.52, 0.31, 0.00, 0.00, 1.00, 1.00, 1.00, 1.00, 0.00, 1.00, 1.00, 1.00, 0.00, 0.00, 0.00, 0.00, 1.00, 0.00, 0.00, 1.00
7213,  0,  240.400,  0.98,  1, 0.00, 0.00, 1.34, 0.00, 2.26, 2.71, 0.13, 1.62, 2.34, 2.05, 0.00, 0.00, 0.02, 0.00, 1.77, 0.58, 0.38, 0.00, 0.00, 1.00, 1.00, 1.00, 1.00, 0.00, 1.00, 1.00, 1.00, 0.00, 0.00, 0.00, 0.00, 1.00, 0.00, 0.00, 1.00
7214,  0,  240.433,  0.98,  1, 0.00, 0.00, 1.21, 0.00, 2.26, 2.61, 0.09, 1.65, 2.39, 2.00, 0.00, 0.00, 0.00, 0.00, 1.69, 0.55, 0.57, 0.00, 0.00, 1.00, 0.00, 1.00, 1.00, 0.00, 1.00, 1.00, 1.00, 0.00, 0.00, 0.00, 0.00, 1.00, 0.00, 0.00, 1.00
7215,  0,  240.467,  0.98,  1, 0.00, 0.00, 1.27, 0.00, 2.26, 2.78, 0.08, 1.70, 2.33, 2.02, 0.06, 0.00, 0.00, 0.00, 1.59, 0.59, 0.59, 0.00, 0.00, 1.00, 0.00, 1.00, 1.00, 0.00, 1.00, 1.00, 1.00, 0.00, 0.00, 0.00, 0.00, 1.00, 0.00, 0.00, 1.00
7216,  0,  240.500,  0.98,  1, 0.00, 0.00, 1.45, 0.00, 2.35, 2.95, 0.14, 1.71, 2.31, 2.05, 0.22, 0.00, 0.00, 0.00, 1.63, 0.44, 0.81, 0.00, 0.00, 1.00, 0.00, 1.00, 1.00, 0.00, 1.00, 1.00, 1.00, 0.00, 0.00, 0.00, 0.00, 1.00, 0.00, 0.00, 1.00
7217,  0,  240.533,  0.98,  1, 0.00, 0.00, 1.55, 0.00, 2.34, 2.85, 0.21, 1.74, 2.24, 2.15, 0.36, 0.00, 0.00, 0.00, 1.68, 0.52, 0.93, 0.00, 0.00, 1.00, 0.00, 1.00, 1.00, 0.00, 1.00, 1.00, 1.00, 0.00, 0.00, 0.00, 0.00, 1.00, 0.00, 0.00, 1.00
7218,  0,  240.567,  0.98,  1, 0.00, 0.00, 1.47, 0.00, 2.28, 2.65, 0.27, 1.67, 2.16, 2.11, 0.38, 0.00, 0.00, 0.03, 1.73, 0.69, 1.02, 0.00, 0.00, 1.00, 0.00, 1.00, 1.00, 0.00, 1.00, 1.00, 1.00, 0.00, 0.00, 0.00, 0.00, 1.00, 0.00, 0.00, 1.00
7219,  0,  240.600,  0.98,  1, 0.00, 0.01, 1.37, 0.00, 2.16, 2.36, 0.26, 1.67, 2.09, 2.10, 0.22, 0.00, 0.00, 0.12, 1.74, 0.91, 0.93, 0.00, 0.00, 1.00, 0.00, 1.00, 1.00, 0.00, 1.00, 1.00, 1.00, 0.00, 0.00, 0.00, 0.00, 1.00, 0.00, 0.00, 1.00
7220,  0,  240.633,  0.98,  1, 0.00, 0.01, 1.36, 0.00, 2.10, 2.44, 0.22, 1.62, 2.07, 1.97, 0.18, 0.00, 0.00, 0.25, 1.79, 0.93, 0.77, 0.00, 0.00, 1.00, 0.00, 1.00, 1.00, 0.00, 1.00, 1.00, 1.00, 0.00, 0.00, 0.00, 0.00, 1.00, 0.00, 0.00, 1.00
7221,  0,  240.667,  0.98,  1, 0.03, 0.01, 1.44, 0.00, 2.08, 2.39, 0.17, 1.69, 2.11, 1.88, 0.19, 0.00, 0.00, 0.33, 1.79, 0.91, 0.64, 0.00, 0.00, 0.00, 0.00, 1.00, 1.00, 0.00, 1.00, 1.00, 1.00, 0.00, 0.00, 0.00, 0.00, 1.00, 0.00, 0.00, 1.00
7222,  0,  240.700,  0.98,  1, 0.03, 0.02, 1.42, 0.00, 2.04, 2.42, 0.09, 1.68, 2.14, 1.72, 0.19, 0.00, 0.00, 0.35, 1.71, 1.07, 0.39, 0.00, 0.00, 0.00, 0.00, 1.00, 1.00, 0.00, 1.00, 1.00, 1.00, 0.00, 0.00, 0.00, 0.00, 1.00, 0.00, 0.00, 1.00
7223,  0,  240.733,  0.98,  1, 0.03, 0.02, 1.28, 0.00, 2.05, 2.15, 0.06, 1.78, 2.20, 1.67, 0.11, 0.00, 0.00, 0.34, 1.60, 1.21, 0.24, 0.00, 0.00, 0.00, 0.00, 1.00, 1.00, 0.00, 1.00, 1.00, 1.00, 0.00, 0.00, 0.00, 0.00, 1.00, 0.00, 0.00, 1.00
7224,  0,  240.767,  0.98,  1, 0.00, 0.02, 1.19, 0.00, 1.97, 1.86, 0.00, 1.69, 2.22, 1.68, 0.03, 0.00, 0.00, 0.28, 1.63, 1.06, 0.38, 0.00, 0.00, 0.00, 0.00, 1.00, 1.00, 0.00, 1.00, 1.00, 1.00, 0.00, 0.00, 0.00, 0.00, 1.00, 0.00, 0.00, 1.00
7225,  0,  240.800,  0.98,  1, 0.00, 0.00, 1.13, 0.00, 1.95, 1.76, 0.00, 1.56, 2.28, 1.70, 0.06, 0.00, 0.00, 0.20, 1.71, 0.78, 0.68, 0.00, 0.00, 0.00, 0.00, 1.00, 1.00, 0.00, 1.00, 1.00, 1.00, 0.00, 0.00, 0.00, 0.00, 1.00, 0.00, 0.00, 1.00
7226,  0,  240.833,  0.98,  1, 0.00, 0.03, 1.23, 0.00, 1.93, 1.86, 0.00, 1.36, 2.28, 1.75, 0.11, 0.00, 0.00, 0.09, 1.81, 0.63, 0.87, 0.00, 0.00, 0.00, 0.00, 1.00, 1.00, 0.00, 1.00, 1.00, 1.00, 0.00, 0.00, 0.00, 0.00, 1.00, 0.00, 0.00, 1.00
7227,  0,  240.867,  0.98,  1, 0.00, 0.03, 1.34, 0.00, 1.93, 2.08, 0.00, 1.26, 2.21, 1.82, 0.21, 0.00, 0.00, 0.04, 1.86, 0.83, 0.92, 0.00, 0.00, 1.00, 0.00, 1.00, 1.00, 0.00, 1.00, 1.00, 1.00, 0.00, 0.00, 0.00, 0.00, 1.00, 0.00, 0.00, 1.00
7228,  0,  240.900,  0.98,  1, 0.04, 0.11, 1.51, 0.00, 1.83, 2.22, 0.00, 1.17, 1.96, 1.79, 0.45, 0.00, 0.00, 0.00, 1.77, 0.99, 0.92, 0.00, 0.00, 1.00, 0.00, 1.00, 1.00, 0.00, 1.00, 1.00, 1.00, 0.00, 0.00, 0.00, 0.00, 1.00, 0.00, 0.00, 1.00
7229,  0,  240.933,  0.98,  1, 0.09, 0.11, 1.44, 0.00, 1.56, 2.16, 0.00, 1.02, 1.58, 1.50, 0.84, 0.09, 0.00, 0.08, 1.38, 0.98, 0.93, 0.00, 0.00, 1.00, 0.00, 1.00, 1.00, 0.00, 1.00, 1.00, 1.00, 0.00, 0.00, 0.00, 0.00, 1.00, 0.00, 0.00, 1.00
7230,  0,  240.967,  0.98,  1, 0.14, 0.13, 1.20, 0.00, 1.26, 1.90, 0.00, 0.86, 1.14, 1.21, 1.36, 0.20, 0.02, 0.16, 0.73, 0.99, 0.86, 0.00, 0.00, 1.00, 0.00, 1.00, 1.00, 0.00, 1.00, 1.00, 1.00, 1.00, 0.00, 0.00, 0.00, 0.00, 0.00, 0.00, 1.00
7231,  0,  241.000,  0.98,  1, 0.14, 0.06, 0.84, 0.00, 0.97, 1.54, 0.00, 0.76, 0.81, 1.08, 1.70, 0.39, 0.12, 0.23, 0.23, 0.93, 0.70, 0.00, 0.00, 0.00, 0.00, 1.00, 1.00, 0.00, 1.00, 1.00, 1.00, 1.00, 0.00, 0.00, 0.00, 0.00, 0.00, 0.00, 1.00
7232,  0,  241.033,  0.98,  1, 0.15, 0.04, 0.55, 0.00, 0.78, 1.13, 0.00, 0.74, 0.68, 1.08, 1.78, 0.63, 0.14, 0.15, 0.00, 0.79, 0.74, 0.00, 0.00, 0.00, 1.00, 1.00, 1.00, 0.00, 1.00, 1.00, 1.00, 1.00, 0.00, 0.00, 0.00, 0.00, 0.00, 0.00, 1.00
7233,  0,  241.067,  0.98,  1, 0.09, 0.02, 0.34, 0.00, 0.65, 0.89, 0.00, 0.76, 0.83, 1.07, 1.58, 0.64, 0.18, 0.06, 0.07, 0.56, 1.33, 0.00, 0.00, 0.00, 1.00, 0.00, 1.00, 0.00, 1.00, 1.00, 1.00, 1.00, 0.00, 0.00, 0.00, 0.00, 0.00, 0.00, 1.00
7234,  0,  241.100,  0.98,  1, 0.07, 0.00, 0.34, 0.06, 0.48, 0.46, 0.00, 0.74, 1.00, 1.00, 1.36, 0.64, 0.08, 0.00, 0.36, 0.43, 2.12, 0.00, 0.00, 0.00, 1.00, 0.00, 1.00, 0.00, 1.00, 0.00, 1.00, 1.00, 0.00, 0.00, 0.00, 0.00, 0.00, 0.00, 1.00
7235,  0,  241.133,  0.98,  1, 0.01, 0.00, 0.46, 0.13, 0.41, 0.28, 0.00, 0.68, 1.09, 1.11, 1.10, 0.38, 0.06, 0.00, 0.76, 0.42, 2.75, 0.00, 0.00, 1.00, 1.00, 0.00, 1.00, 0.00, 1.00, 0.00, 1.00, 1.00, 0.00, 0.00, 1.00, 0.00, 0.00, 0.00, 1.00
7236,  0,  241.167,  0.98,  1, 0.01, 0.00, 0.70, 0.28, 0.42, 0.16, 0.04, 0.57, 0.86, 1.08, 0.84, 0.29, 0.00, 0.00, 1.07, 0.33, 2.61, 0.00, 0.00, 1.00, 1.00, 1.00, 1.00, 0.00, 1.00, 0.00, 1.00, 0.00, 0.00, 0.00, 1.00, 0.00, 0.00, 0.00, 1.00
7237,  0,  241.200,  0.98,  1, 0.00, 0.00, 0.77, 0.22, 0.60, 0.44, 0.10, 0.53, 0.70, 1.20, 0.47, 0.27, 0.00, 0.00, 1.24, 0.29, 2.37, 0.00, 0.00, 1.00, 1.00, 1.00, 1.00, 0.00, 1.00, 0.00, 1.00, 0.00, 0.00, 0.00, 1.00, 0.00, 0.00, 0.00, 1.00
7238,  0,  241.233,  0.98,  1, 0.00, 0.00, 0.91, 0.16, 0.72, 0.79, 0.13, 0.56, 0.60, 0.98, 0.18, 0.32, 0.00, 0.00, 1.47, 0.40, 2.12, 0.00, 0.00, 1.00, 1.00, 1.00, 1.00, 0.00, 1.00, 0.00, 1.00, 0.00, 0.00, 0.00, 1.00, 1.00, 0.00, 0.00, 1.00
7239,  0,  241.267,  0.98,  1, 0.00, 0.00, 1.08, 0.03, 0.82, 1.31, 0.13, 0.67, 0.60, 1.01, 0.02, 0.49, 0.02, 0.00, 1.71, 0.58, 1.92, 0.00, 0.00, 1.00, 1.00, 1.00, 1.00, 0.00, 1.00, 0.00, 1.00, 0.00, 0.00, 0.00, 1.00, 1.00, 0.00, 0.00, 1.00
7240,  0,  241.300,  0.98,  1, 0.00, 0.00, 1.39, 0.03, 0.92, 1.77, 0.13, 0.69, 0.56, 0.92, 0.00, 0.64, 0.10, 0.00, 1.78, 0.58, 1.67, 0.00, 0.00, 1.00, 1.00, 1.00, 1.00, 0.00, 1.00, 0.00, 1.00, 0.00, 0.00, 0.00, 1.00, 1.00, 0.00, 0.00, 1.00
7241,  0,  241.333,  0.98,  1, 0.00, 0.00, 1.53, 0.02, 1.01, 2.06, 0.13, 0.76, 0.55, 1.01, 0.00, 0.76, 0.18, 0.00, 1.68, 0.44, 1.24, 0.00, 0.00, 1.00, 1.00, 1.00, 1.00, 0.00, 1.00, 0.00, 1.00, 0.00, 0.00, 0.00, 1.00, 1.00, 0.00, 0.00, 1.00
7242,  0,  241.367,  0.98,  1, 0.00, 0.00, 1.55, 0.00, 1.10, 2.33, 0.12, 0.76, 0.56, 1.05, 0.00, 0.72, 0.34, 0.00, 1.56, 0.30, 0.96, 0.00, 0.00, 1.00, 1.00, 1.00, 1.00, 0.00, 1.00, 0.00, 1.00, 0.00, 0.00, 0.00, 1.00, 1.00, 0.00, 0.00, 1.00
7243,  0,  241.400,  0.98,  1, 0.00, 0.00, 1.49, 0.00, 1.16, 2.40, 0.09, 0.94, 0.63, 1.07, 0.00, 0.62, 0.31, 0.00, 1.65, 0.34, 0.73, 0.00, 0.00, 1.00, 1.00, 1.00, 1.00, 0.00, 1.00, 1.00, 1.00, 0.00, 0.00, 0.00, 1.00, 1.00, 1.00, 0.00, 1.00
7244,  0,  241.433,  0.98,  1, 0.00, 0.00, 1.46, 0.00, 1.32, 2.54, 0.09, 0.98, 0.73, 1.27, 0.00, 0.56, 0.41, 0.00, 1.80, 0.42, 0.66, 0.00, 0.00, 1.00, 1.00, 1.00, 1.00, 0.00, 1.00, 1.00, 1.00, 0.00, 0.00, 0.00, 1.00, 1.00, 1.00, 0.00, 1.00
7245,  0,  241.467,  0.98,  1, 0.00, 0.00, 1.44, 0.00, 1.46, 2.62, 0.06, 1.03, 0.98, 1.48, 0.00, 0.59, 0.46, 0.00, 2.02, 0.45, 0.56, 0.00, 0.00, 1.00, 1.00, 1.00, 1.00, 0.00, 1.00, 1.00, 1.00, 0.00, 0.00, 0.00, 1.00, 1.00, 1.00, 0.00, 1.00
7246,  0,  241.500,  0.98,  1, 0.00, 0.00, 1.31, 0.00, 1.60, 2.53, 0.03, 0.96, 1.24, 1.72, 0.00, 0.47, 0.55, 0.00, 2.03, 0.41, 0.56, 0.00, 0.00, 1.00, 1.00, 1.00, 1.00, 0.00, 1.00, 1.00, 1.00, 0.00, 0.00, 0.00, 1.00, 1.00, 1.00, 0.00, 1.00
7247,  0,  241.533,  0.98,  1, 0.00, 0.00, 1.26, 0.00, 1.73, 2.60, 0.00, 0.98, 1.47, 1.77, 0.00, 0.37, 0.52, 0.00, 2.03, 0.36, 0.51, 0.00, 0.00, 1.00, 1.00, 1.00, 1.00, 0.00, 1.00, 1.00, 1.00, 0.00, 0.00, 0.00, 1.00, 1.00, 1.00, 0.00, 1.00
7248,  0,  241.567,  0.98,  1, 0.00, 0.00, 1.19, 0.00, 1.81, 2.58, 0.00, 1.01, 1.52, 1.61, 0.00, 0.17, 0.50, 0.00, 1.92, 0.24, 0.66, 0.00, 0.00, 1.00, 1.00, 1.00, 1.00, 0.00, 1.00, 1.00, 1.00, 0.00, 0.00, 0.00, 1.00, 1.00, 1.00, 0.00, 1.00
7249,  0,  241.600,  0.98,  1, 0.00, 0.00, 1.17, 0.00, 1.89, 2.77, 0.04, 1.08, 1.50, 1.54, 0.00, 0.12, 0.53, 0.00, 1.89, 0.14, 0.61, 0.00, 0.00, 1.00, 1.00, 1.00, 1.00, 0.00, 1.00, 1.00, 1.00, 0.00, 0.00, 0.00, 1.00, 1.00, 1.00, 0.00, 1.00
7250,  0,  241.633,  0.98,  1, 0.00, 0.00, 1.11, 0.00, 1.91, 2.78, 0.07, 1.14, 1.43, 1.49, 0.00, 0.05, 0.59, 0.00, 1.81, 0.05, 0.59, 0.00, 0.00, 1.00, 1.00, 1.00, 1.00, 0.00, 1.00, 1.00, 1.00, 0.00, 0.00, 0.00, 1.00, 1.00, 1.00, 0.00, 1.00
7251,  0,  241.667,  0.98,  1, 0.00, 0.00, 0.99, 0.00, 1.91, 2.78, 0.11, 1.21, 1.43, 1.71, 0.00, 0.16, 0.63, 0.05, 1.78, 0.12, 0.48, 0.00, 0.00, 1.00, 1.00, 1.00, 1.00, 0.00, 1.00, 1.00, 1.00, 0.00, 0.00, 1.00, 1.00, 1.00, 1.00, 0.00, 1.00
7252,  0,  241.700,  0.98,  1, 0.00, 0.00, 0.98, 0.00, 1.94, 2.85, 0.07, 1.29, 1.40, 1.88, 0.00, 0.17, 0.72, 0.08, 1.73, 0.17, 0.54, 0.00, 0.00, 1.00, 1.00, 1.00, 1.00, 0.00, 1.00, 1.00, 1.00, 0.00, 0.00, 1.00, 1.00, 1.00, 1.00, 0.00, 1.00
7253,  0,  241.733,  0.98,  1, 0.00, 0.00, 1.00, 0.00, 1.96, 2.90, 0.04, 1.37, 1.40, 1.99, 0.00, 0.20, 0.74, 0.09, 1.67, 0.22, 0.63, 0.00, 0.00, 1.00, 1.00, 1.00, 1.00, 0.00, 1.00, 1.00, 1.00, 0.00, 0.00, 1.00, 1.00, 1.00, 1.00, 0.00, 1.00
7254,  0,  241.767,  0.98,  1, 0.00, 0.00, 1.23, 0.00, 1.96, 2.88, 0.02, 1.46, 1.38, 1.91, 0.00, 0.10, 0.64, 0.04, 1.70, 0.19, 0.60, 0.00, 0.00, 1.00, 1.00, 1.00, 1.00, 0.00, 1.00, 1.00, 1.00, 0.00, 0.00, 1.00, 1.00, 1.00, 1.00, 0.00, 1.00
7255,  0,  241.800,  0.98,  1, 0.00, 0.00, 1.33, 0.00, 1.90, 2.80, 0.11, 1.42, 1.36, 1.78, 0.00, 0.05, 0.52, 0.01, 1.77, 0.25, 0.49, 0.00, 0.00, 1.00, 1.00, 1.00, 1.00, 0.00, 1.00, 1.00, 1.00, 0.00, 0.00, 0.00, 1.00, 1.00, 1.00, 0.00, 1.00
7256,  0,  241.833,  0.98,  1, 0.00, 0.00, 1.50, 0.00, 1.81, 2.78, 0.16, 1.35, 1.27, 1.74, 0.00, 0.10, 0.51, 0.00, 1.71, 0.15, 0.37, 0.00, 0.00, 1.00, 1.00, 1.00, 1.00, 0.00, 1.00, 1.00, 1.00, 0.00, 0.00, 0.00, 1.00, 1.00, 1.00, 0.00, 1.00
7257,  0,  241.867,  0.98,  1, 0.00, 0.00, 1.67, 0.00, 1.73, 2.84, 0.21, 1.22, 1.18, 1.78, 0.00, 0.11, 0.53, 0.00, 1.44, 0.10, 0.39, 0.00, 0.00, 1.00, 1.00, 1.00, 1.00, 0.00, 1.00, 1.00, 1.00, 0.00, 0.00, 0.00, 1.00, 1.00, 0.00, 0.00, 1.00
7258,  0,  241.900,  0.98,  1, 0.00, 0.00, 1.83, 0.00, 1.65, 2.82, 0.14, 1.23, 1.17, 1.81, 0.18, 0.24, 0.59, 0.00, 1.26, 0.00, 0.48, 0.00, 0.00, 1.00, 1.00, 1.00, 1.00, 0.00, 1.00, 1.00, 1.00, 0.00, 0.00, 0.00, 1.00, 1.00, 0.00, 0.00, 1.00
7259,  0,  241.933,  0.98,  1, 0.00, 0.00, 1.86, 0.00, 1.63, 2.76, 0.08, 1.19, 1.28, 1.77, 0.21, 0.20, 0.39, 0.00, 1.24, 0.00, 0.53, 0.00, 0.00, 1.00, 1.00, 1.00, 1.00, 0.00, 1.00, 1.00, 1.00, 0.00, 0.00, 0.00, 1.00, 1.00, 0.00, 0.00, 1.00
7260,  0,  241.967,  0.98,  1, 0.00, 0.00, 1.78, 0.00, 1.65, 2.59, 0.01, 1.19, 1.44, 1.68, 0.26, 0.25, 0.32, 0.00, 1.53, 0.00, 0.46, 0.00, 0.00, 1.00, 1.00, 1.00, 1.00, 0.00, 1.00, 1.00, 1.00, 0.00, 0.00, 0.00, 1.00, 1.00, 0.00, 0.00, 1.00
7261,  0,  242.000,  0.98,  1, 0.00, 0.00, 1.74, 0.00, 1.66, 2.55, 0.00, 1.15, 1.54, 1.62, 0.09, 0.12, 0.17, 0.00, 1.65, 0.02, 0.33, 0.00, 0.00, 1.00, 1.00, 1.00, 1.00, 0.00, 1.00, 1.00, 1.00, 0.00, 0.00, 0.00, 1.00, 1.00, 0.00, 0.00, 1.00
7262,  0,  242.033,  0.98,  1, 0.00, 0.00, 1.73, 0.00, 1.70, 2.58, 0.00, 1.25, 1.61, 1.76, 0.07, 0.08, 0.23, 0.00, 1.81, 0.13, 0.22, 0.00, 0.00, 1.00, 1.00, 1.00, 1.00, 0.00, 1.00, 1.00, 1.00, 0.00, 0.00, 0.00, 1.00, 1.00, 0.00, 0.00, 1.00
7263,  0,  242.067,  0.98,  1, 0.00, 0.00, 1.78, 0.00, 1.78, 2.80, 0.00, 1.31, 1.67, 1.97, 0.02, 0.00, 0.16, 0.00, 1.84, 0.24, 0.13, 0.00, 0.00, 1.00, 1.00, 1.00, 1.00, 0.00, 1.00, 1.00, 1.00, 0.00, 0.00, 0.00, 1.00, 1.00, 1.00, 0.00, 1.00
7264,  0,  242.100,  0.98,  1, 0.00, 0.00, 1.86, 0.00, 1.94, 2.93, 0.00, 1.37, 1.74, 2.01, 0.00, 0.00, 0.09, 0.00, 1.91, 0.43, 0.09, 0.00, 0.00, 1.00, 1.00, 1.00, 1.00, 0.00, 1.00, 1.00, 1.00, 0.00, 0.00, 0.00, 1.00, 1.00, 1.00, 0.00, 1.00
7265,  0,  242.133,  0.98,  1, 0.00, 0.00, 1.86, 0.00, 2.02, 3.02, 0.00, 1.35, 1.81, 1.96, 0.00, 0.00, 0.02, 0.00, 1.86, 0.48, 0.13, 0.00, 0.00, 1.00, 1.00, 1.00, 1.00, 0.00, 1.00, 1.00, 1.00, 0.00, 0.00, 0.00, 1.00, 1.00, 1.00, 0.00, 1.00
7266,  0,  242.167,  0.98,  1, 0.00, 0.00, 1.77, 0.00, 2.00, 3.08, 0.00, 1.37, 1.80, 1.83, 0.00, 0.04, 0.05, 0.00, 1.78, 0.52, 0.16, 0.00, 0.00, 1.00, 1.00, 1.00, 1.00, 0.00, 1.00, 1.00, 1.00, 0.00, 0.00, 0.00, 1.00, 1.00, 1.00, 0.00, 1.00
7267,  0,  242.200,  0.98,  1, 0.00, 0.00, 1.72, 0.00, 1.87, 3.20, 0.00, 1.24, 1.74, 1.75, 0.00, 0.09, 0.11, 0.00, 1.73, 0.44, 0.22, 0.00, 0.00, 1.00, 1.00, 1.00, 1.00, 0.00, 1.00, 1.00, 1.00, 0.00, 0.00, 0.00, 1.00, 1.00, 1.00, 0.00, 1.00
7268,  0,  242.233,  0.98,  1, 0.00, 0.00, 1.67, 0.00, 1.72, 3.01, 0.00, 1.17, 1.59, 1.62, 0.00, 0.09, 0.11, 0.00, 1.56, 0.33, 0.15, 0.00, 0.00, 1.00, 1.00, 1.00, 1.00, 0.00, 1.00, 1.00, 1.00, 0.00, 0.00, 0.00, 1.00, 1.00, 1.00, 0.00, 1.00
7269,  0,  242.267,  0.98,  1, 0.00, 0.00, 1.69, 0.00, 1.61, 2.84, 0.00, 1.00, 1.47, 1.47, 0.00, 0.05, 0.07, 0.00, 1.36, 0.29, 0.21, 0.00, 0.00, 1.00, 1.00, 1.00, 1.00, 0.00, 1.00, 1.00, 1.00, 0.00, 0.00, 0.00, 1.00, 1.00, 0.00, 0.00, 1.00
7270,  0,  242.300,  0.98,  1, 0.00, 0.00, 1.75, 0.00, 1.56, 2.57, 0.00, 0.89, 1.36, 1.46, 0.00, 0.09, 0.10, 0.05, 1.04, 0.30, 0.09, 0.00, 0.00, 1.00, 1.00, 1.00, 1.00, 0.00, 1.00, 1.00, 1.00, 0.00, 0.00, 0.00, 1.00, 1.00, 0.00, 0.00, 1.00
7271,  0,  242.333,  0.98,  1, 0.00, 0.00, 1.79, 0.00, 1.51, 2.71, 0.00, 0.70, 1.27, 1.50, 0.00, 0.20, 0.23, 0.12, 0.84, 0.37, 0.14, 0.00, 0.00, 1.00, 1.00, 1.00, 1.00, 0.00, 1.00, 1.00, 1.00, 0.00, 0.00, 0.00, 1.00, 1.00, 0.00, 0.00, 0.00
7272,  0,  242.367,  0.98,  1, 0.00, 0.00, 1.81, 0.00, 1.54, 2.69, 0.00, 0.64, 1.24, 1.47, 0.00, 0.30, 0.24, 0.20, 0.65, 0.41, 0.19, 0.00, 0.00, 1.00, 1.00, 1.00, 1.00, 0.00, 1.00, 1.00, 1.00, 0.00, 0.00, 0.00, 1.00, 1.00, 0.00, 0.00, 0.00
7273,  0,  242.400,  0.98,  1, 0.00, 0.00, 1.73, 0.00, 1.56, 2.75, 0.07, 0.64, 1.26, 1.45, 0.00, 0.28, 0.21, 0.16, 0.72, 0.37, 0.25, 0.00, 0.00, 1.00, 1.00, 1.00, 1.00, 0.00, 1.00, 1.00, 1.00, 0.00, 0.00, 0.00, 1.00, 1.00, 0.00, 0.00, 0.00
7274,  0,  242.433,  0.98,  1, 0.00, 0.00, 1.73, 0.00, 1.63, 2.87, 0.12, 0.78, 1.42, 1.51, 0.00, 0.23, 0.23, 0.10, 0.97, 0.46, 0.32, 0.00, 0.00, 1.00, 1.00, 1.00, 1.00, 0.00, 1.00, 1.00, 1.00, 0.00, 0.00, 0.00, 1.00, 1.00, 0.00, 0.00, 0.00
7275,  0,  242.467,  0.98,  1, 0.00, 0.00, 1.67, 0.00, 1.67, 2.86, 0.11, 1.00, 1.61, 1.69, 0.00, 0.13, 0.37, 0.01, 1.28, 0.47, 0.29, 0.00, 0.00, 1.00, 1.00, 1.00, 1.00, 0.00, 1.00, 1.00, 1.00, 0.00, 0.00, 0.00, 1.00, 1.00, 1.00, 0.00, 0.00
7276,  0,  242.500,  0.98,  1, 0.00, 0.00, 1.55, 0.00, 1.69, 2.82, 0.05, 1.24, 1.76, 1.86, 0.00, 0.06, 0.43, 0.00, 1.56, 0.56, 0.29, 0.00, 0.00, 1.00, 1.00, 1.00, 1.00, 0.00, 1.00, 1.00, 1.00, 0.00, 0.00, 0.00, 1.00, 1.00, 1.00, 0.00, 0.00
7277,  0,  242.533,  0.98,  1, 0.00, 0.00, 1.53, 0.00, 1.71, 2.81, 0.00, 1.34, 1.77, 1.86, 0.00, 0.01, 0.38, 0.00, 1.71, 0.58, 0.29, 0.00, 0.00, 1.00, 1.00, 1.00, 1.00, 0.00, 1.00, 1.00, 1.00, 0.00, 0.00, 0.00, 1.00, 1.00, 1.00, 0.00, 0.00
7278,  0,  242.567,  0.98,  1, 0.00, 0.00, 1.54, 0.00, 1.68, 2.89, 0.00, 1.29, 1.79, 1.86, 0.00, 0.06, 0.29, 0.00, 1.85, 0.63, 0.18, 0.00, 0.00, 1.00, 1.00, 1.00, 1.00, 0.00, 1.00, 1.00, 1.00, 0.00, 0.00, 0.00, 1.00, 1.00, 1.00, 0.00, 0.00
7279,  0,  242.600,  0.98,  1, 0.00, 0.00, 1.60, 0.00, 1.69, 2.99, 0.00, 1.27, 1.78, 1.82, 0.00, 0.06, 0.19, 0.00, 1.85, 0.69, 0.18, 0.00, 0.00, 1.00, 1.00, 1.00, 1.00, 0.00, 1.00, 1.00, 1.00, 0.00, 0.00, 0.00, 1.00, 1.00, 1.00, 0.00, 0.00
7280,  0,  242.633,  0.98,  1, 0.00, 0.00, 1.53, 0.00, 1.66, 2.78, 0.00, 1.36, 1.85, 1.96, 0.00, 0.10, 0.11, 0.02, 1.90, 0.72, 0.11, 0.00, 0.00, 1.00, 1.00, 1.00, 1.00, 0.00, 1.00, 1.00, 1.00, 0.00, 0.00, 0.00, 1.00, 1.00, 1.00, 0.00, 0.00
7281,  0,  242.667,  0.98,  1, 0.00, 0.00, 1.50, 0.00, 1.63, 2.62, 0.00, 1.41, 1.78, 2.04, 0.00, 0.15, 0.10, 0.02, 1.86, 0.75, 0.18, 0.00, 0.00, 1.00, 1.00, 1.00, 1.00, 0.00, 1.00, 1.00, 1.00, 0.00, 0.00, 0.00, 1.00, 1.00, 1.00, 0.00, 0.00
7282,  0,  242.700,  0.98,  1, 0.00, 0.00, 1.42, 0.00, 1.58, 2.54, 0.00, 1.25, 1.65, 2.17, 0.00, 0.37, 0.37, 0.05, 1.70, 0.64, 0.12, 0.00, 0.00, 1.00, 1.00, 1.00, 1.00, 0.00, 1.00, 1.00, 1.00, 0.00, 0.00, 0.00, 1.00, 1.00, 1.00, 0.00, 0.00
7283,  0,  242.733,  0.98,  1, 0.00, 0.00, 1.33, 0.00, 1.53, 2.73, 0.07, 0.99, 1.39, 2.14, 0.00, 0.59, 0.63, 0.04, 1.46, 0.52, 0.07, 0.00, 0.00, 1.00, 1.00, 1.00, 1.00, 0.00, 1.00, 1.00, 1.00, 0.00, 0.00, 0.00, 1.00, 1.00, 1.00, 0.00, 0.00
7284,  0,  242.767,  0.98,  1, 0.00, 0.00, 1.25, 0.00, 1.44, 2.75, 0.10, 0.76, 1.19, 2.00, 0.00, 0.68, 0.77, 0.06, 1.24, 0.29, 0.00, 0.00, 0.00, 1.00, 1.00, 1.00, 1.00, 0.00, 1.00, 1.00, 1.00, 0.00, 0.00, 0.00, 1.00, 1.00, 1.00, 0.00, 0.00
7285,  0,  242.800,  0.98,  1, 0.00, 0.00, 1.25, 0.00, 1.36, 2.66, 0.16, 0.75, 1.12, 1.84, 0.00, 0.68, 0.54, 0.05, 1.21, 0.15, 0.00, 0.00, 0.00, 1.00, 1.00, 1.00, 1.00, 0.00, 1.00, 1.00, 1.00, 0.00, 0.00, 0.00, 1.00, 1.00, 1.00, 0.00, 0.00
7286,  0,  242.833,  0.98,  1, 0.00, 0.00, 1.31, 0.00, 1.34, 2.42, 0.13, 0.77, 1.15, 1.87, 0.00, 0.62, 0.41, 0.06, 1.28, 0.03, 0.06, 0.00, 0.00, 1.00, 1.00, 1.00, 1.00, 0.00, 1.00, 1.00, 1.00, 0.00, 0.00, 0.00, 1.00, 1.00, 1.00, 0.00, 0.00
7287,  0,  242.867,  0.98,  1, 0.00, 0.00, 1.37, 0.00, 1.40, 2.42, 0.11, 0.99, 1.31, 2.02, 0.00, 0.62, 0.36, 0.04, 1.48, 0.15, 0.12, 0.00, 0.00, 1.00, 1.00, 1.00, 1.00, 0.00, 1.00, 1.00, 1.00, 0.00, 0.00, 0.00, 1.00, 1.00, 1.00, 0.00, 0.00
7288,  0,  242.900,  0.98,  1, 0.00, 0.00, 1.39, 0.00, 1.48, 2.48, 0.05, 1.02, 1.40, 2.15, 0.00, 0.60, 0.47, 0.01, 1.56, 0.19, 0.12, 0.00, 0.00, 1.00, 1.00, 1.00, 1.00, 0.00, 1.00, 1.00, 1.00, 0.00, 0.00, 0.00, 1.00, 1.00, 1.00, 0.00, 0.00
7289,  0,  242.933,  0.98,  1, 0.00, 0.00, 1.43, 0.00, 1.53, 2.62, 0.02, 1.12, 1.50, 2.08, 0.00, 0.55, 0.53, 0.00, 1.62, 0.16, 0.06, 0.00, 0.00, 1.00, 1.00, 1.00, 1.00, 0.00, 1.00, 1.00, 1.00, 0.00, 0.00, 0.00, 1.00, 1.00, 1.00, 0.00, 0.00
7290,  0,  242.967,  0.98,  1, 0.00, 0.00, 1.30, 0.00, 1.52, 2.78, 0.02, 0.95, 1.38, 1.98, 0.00, 0.54, 0.58, 0.00, 1.59, 0.04, 0.05, 0.00, 0.00, 1.00, 1.00, 1.00, 1.00, 0.00, 1.00, 1.00, 1.00, 0.00, 0.00, 0.00, 1.00, 1.00, 1.00, 0.00, 0.00
7291,  0,  243.000,  0.98,  1, 0.00, 0.00, 1.24, 0.00, 1.45, 2.73, 0.02, 0.91, 1.29, 1.78, 0.00, 0.47, 0.62, 0.00, 1.60, 0.00, 0.43, 0.00, 0.00, 1.00, 1.00, 1.00, 1.00, 0.00, 1.00, 1.00, 1.00, 0.00, 0.00, 0.00, 1.00, 1.00, 1.00, 0.00, 0.00
7292,  0,  243.033,  0.98,  1, 0.00, 0.00, 1.12, 0.01, 1.30, 2.25, 0.01, 0.80, 1.19, 1.78, 0.00, 0.38, 0.59, 0.00, 1.60, 0.00, 1.27, 0.00, 0.00, 1.00, 1.00, 1.00, 1.00, 0.00, 1.00, 1.00, 1.00, 0.00, 0.00, 0.00, 1.00, 1.00, 1.00, 0.00, 1.00
7293,  0,  243.067,  0.98,  1, 0.00, 0.00, 1.09, 0.04, 1.16, 1.66, 0.01, 0.79, 1.21, 1.71, 0.00, 0.25, 0.54, 0.00, 1.60, 0.00, 2.07, 0.00, 0.00, 1.00, 1.00, 1.00, 1.00, 0.00, 1.00, 1.00, 1.00, 0.00, 0.00, 0.00, 1.00, 1.00, 0.00, 0.00, 1.00
7294,  0,  243.100,  0.98,  1, 0.00, 0.00, 1.19, 0.11, 1.08, 1.47, 0.07, 0.80, 1.22, 1.78, 0.00, 0.35, 0.46, 0.00, 1.57, 0.00, 2.50, 0.00, 0.00, 1.00, 1.00, 1.00, 1.00, 0.00, 1.00, 1.00, 1.00, 0.00, 0.00, 0.00, 1.00, 1.00, 0.00, 0.00, 1.00
7295,  0,  243.133,  0.98,  1, 0.00, 0.00, 1.36, 0.13, 1.18, 1.68, 0.17, 0.85, 1.22, 1.78, 0.00, 0.51, 0.36, 0.00, 1.51, 0.00, 2.37, 0.00, 0.00, 1.00, 1.00, 1.00, 1.00, 0.00, 1.00, 1.00, 1.00, 0.00, 0.00, 0.00, 1.00, 1.00, 0.00, 0.00, 1.00
7296,  0,  243.167,  0.98,  1, 0.00, 0.00, 1.52, 0.09, 1.21, 2.03, 0.17, 0.73, 1.26, 1.79, 0.00, 0.60, 0.22, 0.00, 1.60, 0.08, 1.91, 0.00, 0.00, 1.00, 1.00, 1.00, 1.00, 0.00, 1.00, 1.00, 1.00, 0.00, 0.00, 0.00, 1.00, 1.00, 0.00, 0.00, 1.00
7297,  0,  243.200,  0.98,  1, 0.00, 0.00, 1.49, 0.02, 1.31, 2.29, 0.12, 0.72, 1.40, 1.86, 0.00, 0.40, 0.09, 0.00, 1.71, 0.20, 1.37, 0.00, 0.00, 1.00, 1.00, 1.00, 1.00, 0.00, 1.00, 1.00, 1.00, 0.00, 0.00, 0.00, 1.00, 1.00, 1.00, 0.00, 1.00
7298,  0,  243.233,  0.98,  1, 0.00, 0.00, 1.38, 0.00, 1.26, 2.40, 0.00, 0.67, 1.51, 1.88, 0.00, 0.20, 0.00, 0.00, 1.82, 0.34, 0.73, 0.00, 0.00, 1.00, 1.00, 1.00, 1.00, 0.00, 1.00, 1.00, 1.00, 0.00, 0.00, 0.00, 1.00, 1.00, 1.00, 0.00, 1.00
7299,  0,  243.267,  0.98,  1, 0.00, 0.00, 1.34, 0.00, 1.25, 2.40, 0.00, 0.83, 1.51, 2.02, 0.00, 0.07, 0.00, 0.00, 1.79, 0.42, 0.35, 0.00, 0.00, 1.00, 1.00, 1.00, 1.00, 0.00, 1.00, 1.00, 1.00, 0.00, 0.00, 0.00, 1.00, 1.00, 1.00, 0.00, 1.00
7300,  0,  243.300,  0.98,  1, 0.00, 0.00, 1.34, 0.00, 1.11, 2.24, 0.00, 0.70, 1.33, 1.98, 0.00, 0.08, 0.00, 0.00, 1.73, 0.38, 0.08, 0.00, 0.00, 1.00, 1.00, 1.00, 1.00, 0.00, 1.00, 1.00, 1.00, 0.00, 0.00, 0.00, 1.00, 1.00, 1.00, 0.00, 0.00
7301,  0,  243.333,  0.98,  1, 0.00, 0.00, 1.23, 0.00, 0.99, 2.04, 0.00, 0.52, 1.12, 1.94, 0.00, 0.16, 0.00, 0.00, 1.45, 0.29, 0.00, 0.00, 0.00, 1.00, 1.00, 1.00, 1.00, 0.00, 1.00, 1.00, 1.00, 0.00, 0.00, 0.00, 1.00, 1.00, 1.00, 0.00, 0.00
7302,  0,  243.367,  0.98,  1, 0.00, 0.00, 1.25, 0.00, 0.83, 1.93, 0.00, 0.34, 0.83, 1.89, 0.00, 0.30, 0.00, 0.03, 0.93, 0.14, 0.11, 0.00, 0.00, 1.00, 1.00, 1.00, 1.00, 0.00, 1.00, 1.00, 1.00, 0.00, 0.00, 0.00, 1.00, 1.00, 0.00, 0.00, 0.00
7303,  0,  243.400,  0.98,  1, 0.00, 0.00, 1.26, 0.00, 0.72, 1.79, 0.00, 0.33, 0.61, 1.80, 0.00, 0.48, 0.00, 0.09, 0.41, 0.05, 0.16, 0.00, 0.00, 1.00, 1.00, 1.00, 1.00, 0.00, 1.00, 1.00, 1.00, 0.00, 0.00, 0.00, 1.00, 1.00, 0.00, 0.00, 0.00
7304,  0,  243.433,  0.98,  1, 0.00, 0.00, 1.31, 0.00, 0.68, 1.82, 0.00, 0.44, 0.57, 1.72, 0.00, 0.56, 0.00, 0.12, 0.29, 0.02, 0.16, 0.00, 0.00, 1.00, 1.00, 1.00, 1.00, 0.00, 1.00, 1.00, 1.00, 0.00, 0.00, 0.00, 1.00, 1.00, 0.00, 0.00, 0.00
7305,  0,  243.467,  0.98,  1, 0.00, 0.00, 1.22, 0.00, 0.78, 1.79, 0.00, 0.62, 0.76, 1.78, 0.00, 0.62, 0.00, 0.09, 0.69, 0.12, 0.07, 0.00, 0.00, 1.00, 1.00, 1.00, 1.00, 0.00, 1.00, 1.00, 1.00, 0.00, 0.00, 0.00, 1.00, 1.00, 0.00, 0.00, 0.00
7306,  0,  243.500,  0.98,  1, 0.00, 0.00, 1.12, 0.00, 0.92, 1.89, 0.00, 0.68, 1.01, 1.77, 0.00, 0.56, 0.06, 0.02, 1.25, 0.36, 0.01, 0.00, 0.00, 1.00, 1.00, 1.00, 1.00, 0.00, 1.00, 1.00, 1.00, 0.00, 0.00, 0.00, 1.00, 1.00, 1.00, 0.00, 0.00
7307,  0,  243.533,  0.98,  1, 0.00, 0.00, 1.17, 0.00, 1.03, 1.91, 0.00, 0.66, 1.16, 1.75, 0.00, 0.49, 0.15, 0.00, 1.63, 0.50, 0.01, 0.00, 0.00, 1.00, 1.00, 1.00, 1.00, 0.00, 1.00, 1.00, 1.00, 0.00, 0.00, 0.00, 1.00, 1.00, 1.00, 0.00, 0.00
7308,  0,  243.567,  0.98,  1, 0.00, 0.00, 1.17, 0.00, 1.08, 1.80, 0.00, 0.54, 1.12, 1.62, 0.00, 0.41, 0.31, 0.00, 1.61, 0.53, 0.00, 0.00, 0.00, 1.00, 1.00, 1.00, 1.00, 0.00, 1.00, 1.00, 1.00, 0.00, 0.00, 0.00, 1.00, 1.00, 1.00, 0.00, 0.00
7309,  0,  243.600,  0.98,  1, 0.00, 0.00, 1.17, 0.00, 1.08, 1.73, 0.00, 0.50, 1.08, 1.66, 0.00, 0.33, 0.41, 0.00, 1.50, 0.30, 0.03, 0.00, 0.00, 1.00, 1.00, 1.00, 1.00, 0.00, 1.00, 1.00, 1.00, 0.00, 0.00, 0.00, 1.00, 1.00, 1.00, 0.00, 0.00
7310,  0,  243.633,  0.98,  1, 0.00, 0.00, 1.16, 0.00, 1.13, 1.80, 0.00, 0.50, 1.08, 1.62, 0.00, 0.29, 0.47, 0.00, 1.36, 0.12, 0.03, 0.00, 0.00, 1.00, 1.00, 1.00, 1.00, 0.00, 1.00, 1.00, 1.00, 0.00, 0.00, 0.00, 1.00, 1.00, 1.00, 0.00, 0.00
7311,  0,  243.667,  0.98,  1, 0.00, 0.00, 1.10, 0.00, 1.19, 1.84, 0.00, 0.58, 1.16, 1.68, 0.00, 0.18, 0.47, 0.00, 1.38, 0.01, 0.03, 0.00, 0.00, 1.00, 1.00, 1.00, 1.00, 0.00, 1.00, 1.00, 1.00, 0.00, 0.00, 0.00, 1.00, 1.00, 1.00, 0.00, 0.00
7312,  0,  243.700,  0.98,  1, 0.00, 0.00, 0.98, 0.00, 1.20, 1.92, 0.00, 0.76, 1.25, 1.63, 0.00, 0.10, 0.52, 0.00, 1.34, 0.00, 0.00, 0.00, 0.00, 1.00, 1.00, 1.00, 1.00, 0.00, 1.00, 1.00, 1.00, 0.00, 0.00, 0.00, 1.00, 1.00, 1.00, 0.00, 0.00
7313,  0,  243.733,  0.98,  1, 0.00, 0.00, 1.01, 0.00, 1.26, 2.02, 0.04, 0.89, 1.31, 1.74, 0.00, 0.09, 0.54, 0.00, 1.35, 0.00, 0.00, 0.00, 0.00, 1.00, 1.00, 1.00, 1.00, 0.00, 1.00, 1.00, 1.00, 0.00, 0.00, 0.00, 1.00, 1.00, 1.00, 0.00, 0.00
7314,  0,  243.767,  0.98,  1, 0.00, 0.00, 1.02, 0.00, 1.33, 2.31, 0.05, 0.91, 1.41, 1.75, 0.00, 0.07, 0.54, 0.00, 1.39, 0.00, 0.00, 0.00, 0.00, 1.00, 1.00, 1.00, 1.00, 0.00, 1.00, 1.00, 1.00, 0.00, 0.00, 0.00, 1.00, 1.00, 1.00, 0.00, 0.00
7315,  0,  243.800,  0.98,  1, 0.00, 0.00, 1.12, 0.00, 1.41, 2.44, 0.05, 0.86, 1.47, 1.86, 0.00, 0.18, 0.37, 0.00, 1.39, 0.00, 0.02, 0.00, 0.00, 1.00, 1.00, 1.00, 1.00, 0.00, 1.00, 1.00, 1.00, 0.00, 0.00, 0.00, 1.00, 1.00, 1.00, 0.00, 0.00
7316,  0,  243.833,  0.98,  1, 0.00, 0.00, 1.00, 0.00, 1.39, 2.45, 0.01, 0.84, 1.50, 1.88, 0.00, 0.12, 0.37, 0.00, 1.45, 0.00, 0.02, 0.00, 0.00, 1.00, 1.00, 1.00, 1.00, 0.00, 1.00, 1.00, 1.00, 0.00, 0.00, 0.00, 1.00, 1.00, 1.00, 0.00, 0.00
7317,  0,  243.867,  0.98,  1, 0.00, 0.00, 0.93, 0.00, 1.35, 2.40, 0.01, 0.92, 1.50, 1.93, 0.00, 0.13, 0.33, 0.00, 1.48, 0.00, 0.04, 0.00, 0.00, 1.00, 1.00, 1.00, 1.00, 0.00, 1.00, 1.00, 1.00, 0.00, 0.00, 0.00, 1.00, 1.00, 1.00, 0.00, 0.00
7318,  0,  243.900,  0.98,  1, 0.00, 0.00, 0.70, 0.00, 1.38, 2.43, 0.00, 0.94, 1.53, 1.92, 0.00, 0.09, 0.35, 0.04, 1.57, 0.06, 0.02, 0.00, 0.00, 1.00, 1.00, 1.00, 1.00, 0.00, 1.00, 1.00, 1.00, 0.00, 0.00, 0.00, 1.00, 1.00, 1.00, 0.00, 0.00
7319,  0,  243.933,  0.98,  1, 0.00, 0.00, 0.56, 0.00, 1.41, 2.39, 0.00, 1.01, 1.59, 1.95, 0.00, 0.18, 0.25, 0.10, 1.57, 0.13, 0.02, 0.00, 0.00, 0.00, 1.00, 1.00, 1.00, 0.00, 1.00, 1.00, 1.00, 0.00, 0.00, 0.00, 1.00, 1.00, 1.00, 0.00, 0.00
7320,  0,  243.967,  0.98,  1, 0.00, 0.00, 0.44, 0.00, 1.53, 2.56, 0.06, 1.06, 1.58, 2.00, 0.00, 0.17, 0.14, 0.16, 1.48, 0.26, 0.05, 0.00, 0.00, 0.00, 1.00, 1.00, 1.00, 0.00, 1.00, 1.00, 1.00, 0.00, 0.00, 0.00, 1.00, 1.00, 1.00, 0.00, 0.00
7321,  0,  244.000,  0.98,  1, 0.00, 0.00, 0.47, 0.00, 1.57, 2.46, 0.08, 1.06, 1.55, 2.13, 0.00, 0.10, 0.05, 0.18, 1.35, 0.19, 0.05, 0.00, 0.00, 0.00, 1.00, 1.00, 1.00, 0.00, 1.00, 1.00, 1.00, 0.00, 0.00, 0.00, 1.00, 1.00, 0.00, 0.00, 0.00
7322,  0,  244.033,  0.98,  1, 0.00, 0.00, 0.53, 0.00, 1.61, 2.47, 0.17, 1.08, 1.50, 2.18, 0.00, 0.00, 0.00, 0.15, 1.20, 0.12, 0.16, 0.00, 0.00, 0.00, 1.00, 1.00, 1.00, 0.00, 1.00, 1.00, 1.00, 0.00, 0.00, 0.00, 1.00, 1.00, 0.00, 0.00, 0.00
7323,  0,  244.067,  0.98,  1, 0.00, 0.00, 0.62, 0.00, 1.66, 2.42, 0.18, 1.02, 1.55, 2.19, 0.00, 0.00, 0.00, 0.14, 1.21, 0.00, 0.11, 0.00, 0.00, 0.00, 1.00, 1.00, 1.00, 0.00, 1.00, 1.00, 1.00, 0.00, 0.00, 0.00, 1.00, 1.00, 0.00, 0.00, 0.00
7324,  0,  244.100,  0.98,  1, 0.00, 0.00, 0.81, 0.00, 1.71, 2.68, 0.23, 1.09, 1.55, 2.19, 0.00, 0.00, 0.00, 0.16, 1.21, 0.01, 0.11, 0.00, 0.00, 0.00, 1.00, 1.00, 1.00, 0.00, 1.00, 1.00, 1.00, 0.00, 0.00, 0.00, 1.00, 1.00, 0.00, 0.00, 0.00
7325,  0,  244.133,  0.98,  1, 0.00, 0.00, 0.97, 0.00, 1.72, 2.76, 0.17, 1.09, 1.57, 2.18, 0.00, 0.00, 0.00, 0.21, 1.19, 0.03, 0.00, 0.00, 0.00, 0.00, 1.00, 1.00, 1.00, 0.00, 1.00, 1.00, 1.00, 0.00, 0.00, 0.00, 1.00, 1.00, 0.00, 0.00, 0.00
7326,  0,  244.167,  0.98,  1, 0.00, 0.00, 1.12, 0.00, 1.68, 2.81, 0.11, 1.12, 1.58, 2.28, 0.00, 0.00, 0.01, 0.22, 1.20, 0.15, 0.00, 0.00, 0.00, 0.00, 1.00, 1.00, 1.00, 0.00, 1.00, 1.00, 1.00, 0.00, 0.00, 0.00, 1.00, 1.00, 1.00, 0.00, 0.00
7327,  0,  244.200,  0.98,  1, 0.00, 0.00, 1.17, 0.00, 1.64, 2.68, 0.03, 1.07, 1.62, 2.30, 0.00, 0.02, 0.03, 0.21, 1.30, 0.29, 0.00, 0.00, 0.00, 0.00, 1.00, 1.00, 1.00, 0.00, 1.00, 1.00, 1.00, 0.00, 0.00, 0.00, 1.00, 1.00, 1.00, 0.00, 0.00
7328,  0,  244.233,  0.98,  1, 0.00, 0.00, 1.25, 0.00, 1.65, 2.83, 0.00, 1.03, 1.66, 2.41, 0.00, 0.04, 0.03, 0.18, 1.50, 0.39, 0.00, 0.00, 0.00, 0.00, 1.00, 1.00, 1.00, 0.00, 1.00, 1.00, 1.00, 0.00, 0.00, 0.00, 1.00, 1.00, 1.00, 0.00, 0.00
7329,  0,  244.267,  0.98,  1, 0.00, 0.00, 1.29, 0.00, 1.67, 3.00, 0.01, 0.97, 1.69, 2.34, 0.00, 0.04, 0.02, 0.21, 1.52, 0.40, 0.00, 0.00, 0.00, 1.00, 1.00, 1.00, 1.00, 0.00, 1.00, 1.00, 1.00, 0.00, 0.00, 0.00, 1.00, 1.00, 1.00, 0.00, 0.00
7330,  0,  244.300,  0.98,  1, 0.00, 0.00, 1.20, 0.00, 1.64, 2.88, 0.01, 0.90, 1.71, 2.39, 0.00, 0.16, 0.00, 0.26, 1.38, 0.48, 0.00, 0.00, 0.00, 0.00, 1.00, 1.00, 1.00, 0.00, 1.00, 1.00, 1.00, 0.00, 0.00, 0.00, 1.00, 1.00, 1.00, 0.00, 0.00
7331,  0,  244.333,  0.98,  1, 0.00, 0.00, 1.19, 0.00, 1.64, 2.72, 0.01, 0.78, 1.69, 2.34, 0.00, 0.19, 0.00, 0.33, 1.26, 0.56, 0.00, 0.00, 0.00, 0.00, 1.00, 1.00, 1.00, 0.00, 1.00, 1.00, 1.00, 0.00, 0.00, 0.00, 1.00, 1.00, 1.00, 0.00, 0.00
7332,  0,  244.367,  0.98,  1, 0.00, 0.00, 1.01, 0.00, 1.60, 2.51, 0.00, 0.65, 1.73, 2.28, 0.00, 0.28, 0.05, 0.34, 1.35, 0.60, 0.00, 0.00, 0.00, 1.00, 1.00, 1.00, 1.00, 0.00, 1.00, 1.00, 1.00, 0.00, 0.00, 0.00, 1.00, 1.00, 1.00, 0.00, 0.00
7333,  0,  244.400,  0.98,  1, 0.00, 0.00, 1.16, 0.00, 1.52, 2.53, 0.00, 0.56, 1.67, 2.28, 0.00, 0.35, 0.13, 0.35, 1.30, 0.46, 0.00, 0.00, 0.00, 1.00, 1.00, 1.00, 1.00, 0.00, 1.00, 1.00, 1.00, 0.00, 0.00, 0.00, 1.00, 1.00, 1.00, 0.00, 0.00
7334,  0,  244.433,  0.98,  1, 0.00, 0.07, 1.23, 0.00, 1.30, 2.46, 0.00, 0.38, 1.48, 2.19, 0.00, 0.60, 0.29, 0.33, 0.99, 0.26, 0.00, 0.00, 0.00, 1.00, 1.00, 1.00, 1.00, 0.00, 1.00, 1.00, 1.00, 0.00, 0.00, 0.00, 1.00, 1.00, 0.00, 0.00, 0.00
7335,  0,  244.467,  0.98,  1, 0.00, 0.24, 1.43, 0.00, 1.04, 2.40, 0.00, 0.22, 1.14, 2.16, 0.10, 0.81, 0.38, 0.34, 0.46, 0.08, 0.00, 0.00, 0.00, 1.00, 1.00, 1.00, 1.00, 0.00, 1.00, 1.00, 1.00, 0.00, 0.00, 0.00, 1.00, 0.00, 0.00, 0.00, 0.00
7336,  0,  244.500,  0.98,  1, 0.00, 0.34, 1.42, 0.00, 0.91, 2.48, 0.04, 0.09, 0.89, 1.97, 0.28, 0.88, 0.34, 0.31, 0.13, 0.00, 0.00, 0.00, 0.00, 1.00, 1.00, 1.00, 1.00, 0.00, 1.00, 1.00, 1.00, 0.00, 0.00, 0.00, 1.00, 0.00, 0.00, 0.00, 0.00
7337,  0,  244.533,  0.98,  1, 0.02, 0.44, 1.40, 0.00, 0.92, 2.48, 0.05, 0.05, 0.81, 1.97, 0.40, 0.85, 0.19, 0.30, 0.01, 0.00, 0.00, 0.00, 0.00, 1.00, 1.00, 1.00, 1.00, 0.00, 1.00, 1.00, 1.00, 0.00, 0.00, 0.00, 1.00, 0.00, 0.00, 0.00, 0.00
7338,  0,  244.567,  0.98,  1, 0.02, 0.42, 1.41, 0.00, 1.00, 2.51, 0.15, 0.09, 0.81, 1.87, 0.50, 0.75, 0.10, 0.27, 0.00, 0.00, 0.00, 0.00, 0.00, 1.00, 1.00, 0.00, 1.00, 0.00, 1.00, 1.00, 1.00, 0.00, 0.00, 0.00, 1.00, 0.00, 0.00, 0.00, 0.00
7339,  0,  244.600,  0.98,  1, 0.02, 0.37, 1.48, 0.00, 1.06, 2.45, 0.18, 0.13, 0.82, 1.70, 0.48, 0.68, 0.08, 0.26, 0.00, 0.00, 0.00, 0.00, 0.00, 1.00, 1.00, 0.00, 1.00, 0.00, 1.00, 1.00, 1.00, 0.00, 0.00, 0.00, 1.00, 0.00, 0.00, 0.00, 0.00
7340,  0,  244.633,  0.98,  1, 0.00, 0.35, 1.37, 0.00, 1.02, 2.24, 0.24, 0.21, 0.82, 1.48, 0.54, 0.60, 0.14, 0.18, 0.00, 0.00, 0.03, 0.00, 0.00, 1.00, 1.00, 0.00, 1.00, 0.00, 1.00, 1.00, 1.00, 0.00, 0.00, 0.00, 0.00, 0.00, 0.00, 0.00, 0.00
7341,  0,  244.667,  0.98,  1, 0.00, 0.42, 1.25, 0.04, 0.99, 1.99, 0.23, 0.17, 0.84, 1.39, 0.58, 0.57, 0.18, 0.13, 0.00, 0.00, 0.03, 0.00, 1.00, 1.00, 1.00, 0.00, 1.00, 0.00, 1.00, 1.00, 1.00, 0.00, 0.00, 0.00, 0.00, 0.00, 0.00, 0.00, 0.00
7342,  0,  244.700,  0.98,  1, 0.02, 0.41, 1.03, 0.04, 0.90, 1.65, 0.20, 0.10, 0.86, 1.36, 0.75, 0.48, 0.19, 0.05, 0.00, 0.00, 0.03, 0.00, 1.00, 1.00, 1.00, 0.00, 1.00, 0.00, 1.00, 1.00, 1.00, 0.00, 0.00, 0.00, 0.00, 0.00, 0.00, 0.00, 0.00
7343,  0,  244.733,  0.98,  1, 0.04, 0.27, 0.91, 0.04, 0.86, 1.54, 0.14, 0.02, 0.87, 1.30, 0.82, 0.48, 0.16, 0.02, 0.00, 0.00, 0.08, 0.00, 1.00, 1.00, 1.00, 0.00, 1.00, 0.00, 1.00, 1.00, 1.00, 0.00, 0.00, 0.00, 0.00, 0.00, 0.00, 0.00, 0.00
7344,  0,  244.767,  0.98,  1, 0.07, 0.04, 0.88, 0.03, 0.75, 1.35, 0.06, 0.00, 0.90, 1.24, 0.88, 0.55, 0.09, 0.00, 0.00, 0.00, 0.15, 0.00, 1.00, 1.00, 1.00, 0.00, 1.00, 0.00, 1.00, 1.00, 1.00, 0.00, 0.00, 0.00, 0.00, 0.00, 0.00, 0.00, 0.00
7345,  0,  244.800,  0.98,  1, 0.06, 0.01, 0.81, 0.03, 0.69, 1.39, 0.03, 0.02, 0.92, 1.20, 0.82, 0.63, 0.04, 0.00, 0.00, 0.00, 0.15, 0.00, 1.00, 1.00, 1.00, 0.00, 1.00, 0.00, 1.00, 1.00, 1.00, 0.00, 0.00, 0.00, 0.00, 0.00, 0.00, 0.00, 0.00
7346,  0,  244.833,  0.98,  1, 0.03, 0.00, 0.83, 0.03, 0.66, 1.54, 0.03, 0.02, 0.94, 1.27, 0.88, 0.59, 0.02, 0.00, 0.00, 0.00, 0.08, 0.00, 1.00, 1.00, 1.00, 0.00, 1.00, 0.00, 1.00, 1.00, 1.00, 0.00, 0.00, 0.00, 0.00, 0.00, 0.00, 0.00, 0.00
7347,  0,  244.867,  0.98,  1, 0.00, 0.00, 0.73, 0.00, 0.75, 1.72, 0.02, 0.02, 0.96, 1.33, 0.80, 0.52, 0.00, 0.00, 0.00, 0.00, 0.11, 0.00, 1.00, 1.00, 1.00, 0.00, 1.00, 0.00, 1.00, 1.00, 1.00, 0.00, 0.00, 0.00, 0.00, 0.00, 0.00, 0.00, 0.00
7348,  0,  244.900,  0.98,  1, 0.00, 0.00, 0.74, 0.00, 0.83, 1.85, 0.05, 0.00, 1.04, 1.54, 0.83, 0.44, 0.00, 0.00, 0.00, 0.05, 0.25, 0.00, 1.00, 1.00, 1.00, 0.00, 1.00, 0.00, 1.00, 1.00, 1.00, 0.00, 0.00, 0.00, 0.00, 0.00, 0.00, 0.00, 0.00
7349,  0,  244.933,  0.98,  1, 0.03, 0.10, 0.80, 0.00, 0.93, 1.92, 0.04, 0.00, 1.17, 1.67, 0.89, 0.40, 0.00, 0.00, 0.00, 0.06, 0.43, 0.00, 1.00, 1.00, 1.00, 0.00, 1.00, 0.00, 1.00, 1.00, 1.00, 0.00, 0.00, 0.00, 0.00, 0.00, 0.00, 0.00, 0.00
7350,  0,  244.967,  0.98,  1, 0.09, 0.30, 1.00, 0.00, 1.00, 1.72, 0.12, 0.00, 1.21, 1.71, 0.95, 0.40, 0.00, 0.00, 0.00, 0.08, 0.63, 0.00, 1.00, 1.00, 1.00, 0.00, 1.00, 0.00, 1.00, 1.00, 1.00, 0.00, 0.00, 0.00, 0.00, 0.00, 0.00, 0.00, 0.00
7351,  0,  245.000,  0.98,  1, 0.16, 0.61, 1.37, 0.00, 1.05, 1.52, 0.20, 0.00, 1.18, 1.66, 0.89, 0.30, 0.00, 0.00, 0.00, 0.03, 0.98, 0.00, 1.00, 1.00, 1.00, 0.00, 1.00, 0.00, 1.00, 1.00, 1.00, 0.00, 0.00, 0.00, 0.00, 0.00, 0.00, 0.00, 0.00
7352,  0,  245.033,  0.98,  1, 0.20, 0.79, 1.59, 0.00, 1.05, 1.20, 0.26, 0.03, 1.16, 1.63, 0.90, 0.19, 0.00, 0.00, 0.00, 0.01, 1.14, 0.00, 1.00, 1.00, 1.00, 0.00, 1.00, 0.00, 1.00, 1.00, 1.00, 0.00, 0.00, 0.00, 0.00, 0.00, 0.00, 0.00, 0.00
7353,  0,  245.067,  0.98,  1, 0.21, 0.83, 1.70, 0.00, 1.04, 1.20, 0.18, 0.09, 1.19, 1.63, 0.92, 0.03, 0.00, 0.00, 0.00, 0.00, 1.11, 0.00, 1.00, 1.00, 1.00, 0.00, 1.00, 0.00, 1.00, 1.00, 1.00, 0.00, 0.00, 0.00, 0.00, 0.00, 0.00, 0.00, 0.00
7354,  0,  245.100,  0.98,  1, 0.13, 0.65, 1.70, 0.00, 1.04, 1.24, 0.08, 0.12, 1.26, 1.41, 1.03, 0.02, 0.01, 0.00, 0.00, 0.00, 0.92, 0.00, 1.00, 1.00, 0.00, 0.00, 1.00, 0.00, 1.00, 1.00, 1.00, 0.00, 0.00, 0.00, 0.00, 0.00, 0.00, 0.00, 0.00
7355,  0,  245.133,  0.98,  1, 0.07, 0.54, 1.64, 0.00, 1.02, 1.34, 0.09, 0.15, 1.23, 1.19, 0.98, 0.01, 0.02, 0.00, 0.00, 0.02, 1.07, 0.00, 1.00, 1.00, 0.00, 1.00, 1.00, 0.00, 1.00, 1.00, 1.00, 0.00, 0.00, 0.00, 0.00, 0.00, 0.00, 0.00, 0.00
7356,  0,  245.167,  0.98,  1, 0.00, 0.45, 1.56, 0.00, 0.97, 1.16, 0.12, 0.08, 1.16, 0.95, 0.77, 0.02, 0.02, 0.00, 0.00, 0.02, 1.31, 0.00, 1.00, 1.00, 0.00, 1.00, 1.00, 0.00, 1.00, 1.00, 1.00, 0.00, 0.00, 0.00, 0.00, 0.00, 0.00, 0.00, 0.00
7357,  0,  245.200,  0.98,  1, 0.04, 0.43, 1.47, 0.00, 0.98, 1.16, 0.17, 0.06, 1.12, 0.97, 0.66, 0.02, 0.02, 0.00, 0.00, 0.02, 1.74, 0.00, 1.00, 1.00, 0.00, 1.00, 1.00, 0.00, 1.00, 1.00, 1.00, 0.00, 0.00, 0.00, 0.00, 0.00, 0.00, 0.00, 0.00
7358,  0,  245.233,  0.98,  1, 0.08, 0.28, 1.57, 0.00, 0.98, 1.01, 0.22, 0.04, 1.10, 1.05, 0.65, 0.02, 0.00, 0.00, 0.00, 0.00, 2.28, 0.00, 1.00, 1.00, 0.00, 1.00, 1.00, 0.00, 1.00, 1.00, 1.00, 0.00, 0.00, 0.00, 0.00, 0.00, 0.00, 0.00, 1.00
7359,  0,  245.267,  0.98,  1, 0.12, 0.13, 1.66, 0.00, 1.01, 1.16, 0.23, 0.05, 1.16, 1.14, 0.88, 0.03, 0.00, 0.00, 0.00, 0.00, 2.81, 0.00, 1.00, 1.00, 0.00, 1.00, 1.00, 0.00, 1.00, 1.00, 1.00, 0.00, 0.00, 0.00, 0.00, 0.00, 0.00, 0.00, 1.00
7360,  0,  245.300,  0.98,  1, 0.26, 0.02, 1.88, 0.00, 1.00, 0.95, 0.17, 0.04, 1.16, 1.20, 0.95, 0.07, 0.00, 0.00, 0.00, 0.00, 2.96, 0.00, 1.00, 1.00, 0.00, 1.00, 1.00, 0.00, 1.00, 1.00, 1.00, 0.00, 0.00, 0.00, 0.00, 0.00, 0.00, 0.00, 1.00
7361,  0,  245.333,  0.98,  1, 0.40, 0.02, 2.14, 0.00, 1.02, 1.06, 0.10, 0.01, 1.14, 1.12, 0.95, 0.17, 0.00, 0.00, 0.00, 0.00, 2.69, 0.00, 1.00, 1.00, 0.00, 1.00, 1.00, 0.00, 1.00, 1.00, 1.00, 0.00, 0.00, 0.00, 0.00, 0.00, 0.00, 0.00, 1.00
7362,  0,  245.367,  0.98,  1, 0.46, 0.02, 2.49, 0.00, 1.06, 1.19, 0.19, 0.00, 1.10, 1.03, 0.87, 0.23, 0.00, 0.00, 0.00, 0.00, 2.52, 0.00, 1.00, 1.00, 0.00, 1.00, 1.00, 0.00, 1.00, 1.00, 1.00, 0.00, 1.00, 0.00, 0.00, 0.00, 0.00, 0.00, 1.00
7363,  0,  245.400,  0.98,  1, 0.34, 0.02, 2.60, 0.00, 1.12, 1.33, 0.39, 0.00, 1.07, 0.95, 0.71, 0.29, 0.00, 0.00, 0.00, 0.00, 2.43, 0.00, 1.00, 1.00, 0.00, 1.00, 1.00, 0.00, 1.00, 1.00, 1.00, 0.00, 1.00, 0.00, 0.00, 0.00, 0.00, 0.00, 1.00
7364,  0,  245.433,  0.98,  1, 0.23, 0.00, 2.47, 0.00, 1.13, 1.30, 0.47, 0.00, 1.10, 0.93, 0.54, 0.27, 0.00, 0.00, 0.00, 0.00, 2.22, 0.00, 1.00, 1.00, 0.00, 1.00, 1.00, 0.00, 1.00, 1.00, 1.00, 0.00, 1.00, 0.00, 0.00, 0.00, 0.00, 0.00, 1.00
7365,  0,  245.467,  0.98,  1, 0.13, 0.09, 2.38, 0.00, 1.15, 1.35, 0.45, 0.00, 1.14, 0.97, 0.33, 0.17, 0.00, 0.00, 0.00, 0.00, 1.75, 0.00, 1.00, 1.00, 0.00, 1.00, 1.00, 0.00, 1.00, 1.00, 1.00, 0.00, 1.00, 0.00, 0.00, 0.00, 0.00, 0.00, 0.00
7366,  0,  245.500,  0.98,  1, 0.06, 0.09, 2.20, 0.00, 1.18, 1.26, 0.32, 0.07, 1.24, 1.10, 0.21, 0.12, 0.00, 0.00, 0.00, 0.00, 1.19, 0.00, 1.00, 1.00, 0.00, 1.00, 1.00, 0.00, 1.00, 1.00, 1.00, 0.00, 0.00, 0.00, 0.00, 0.00, 0.00, 0.00, 0.00
7367,  0,  245.533,  0.98,  1, 0.02, 0.11, 2.13, 0.00, 1.18, 1.19, 0.29, 0.08, 1.32, 1.14, 0.12, 0.06, 0.00, 0.00, 0.05, 0.00, 0.89, 0.00, 1.00, 1.00, 0.00, 1.00, 1.00, 0.00, 1.00, 1.00, 1.00, 0.00, 0.00, 0.00, 0.00, 0.00, 0.00, 0.00, 0.00
7368,  0,  245.567,  0.98,  1, 0.04, 0.02, 2.06, 0.00, 1.22, 0.85, 0.16, 0.09, 1.46, 1.07, 0.08, 0.08, 0.00, 0.00, 0.15, 0.00, 0.91, 0.00, 1.00, 1.00, 0.00, 1.00, 1.00, 0.00, 1.00, 1.00, 1.00, 0.00, 0.00, 0.00, 0.00, 0.00, 0.00, 0.00, 0.00
7369,  0,  245.600,  0.98,  1, 0.07, 0.10, 2.20, 0.00, 1.21, 0.82, 0.14, 0.11, 1.52, 0.89, 0.12, 0.06, 0.00, 0.00, 0.30, 0.00, 1.11, 0.00, 1.00, 1.00, 0.00, 1.00, 1.00, 0.00, 1.00, 1.00, 1.00, 0.00, 0.00, 0.00, 0.00, 0.00, 0.00, 0.00, 0.00
7370,  0,  245.633,  0.98,  1, 0.05, 0.08, 2.31, 0.00, 1.23, 0.75, 0.11, 0.19, 1.58, 0.79, 0.22, 0.04, 0.00, 0.00, 0.40, 0.00, 1.16, 0.00, 1.00, 1.00, 1.00, 1.00, 1.00, 0.00, 1.00, 1.00, 1.00, 0.00, 0.00, 0.00, 0.00, 0.00, 0.00, 0.00, 0.00
7371,  0,  245.667,  0.98,  1, 0.02, 0.08, 2.35, 0.00, 1.20, 0.84, 0.18, 0.32, 1.58, 0.86, 0.38, 0.03, 0.00, 0.00, 0.50, 0.00, 1.07, 0.00, 1.00, 1.00, 1.00, 1.00, 1.00, 0.00, 1.00, 1.00, 1.00, 0.00, 0.00, 0.00, 0.00, 0.00, 0.00, 0.00, 0.00
7372,  0,  245.700,  0.98,  1, 0.00, 0.03, 2.23, 0.00, 1.19, 0.74, 0.17, 0.36, 1.55, 0.89, 0.45, 0.00, 0.00, 0.00, 0.52, 0.00, 1.03, 0.00, 1.00, 1.00, 1.00, 1.00, 1.00, 0.00, 1.00, 1.00, 1.00, 0.00, 0.00, 0.00, 0.00, 0.00, 0.00, 0.00, 0.00
7373,  0,  245.733,  0.98,  1, 0.00, 0.03, 2.04, 0.00, 1.18, 0.84, 0.12, 0.45, 1.54, 0.96, 0.39, 0.00, 0.00, 0.00, 0.61, 0.00, 1.05, 0.00, 1.00, 1.00, 1.00, 1.00, 1.00, 0.00, 1.00, 1.00, 1.00, 0.00, 0.00, 0.00, 0.00, 0.00, 0.00, 0.00, 0.00
7374,  0,  245.767,  0.98,  1, 0.00, 0.03, 1.82, 0.00, 1.12, 0.65, 0.07, 0.46, 1.50, 1.00, 0.23, 0.00, 0.00, 0.00, 0.63, 0.09, 1.06, 0.00, 1.00, 1.00, 1.00, 1.00, 1.00, 0.00, 1.00, 1.00, 1.00, 0.00, 0.00, 0.00, 0.00, 0.00, 0.00, 0.00, 0.00
7375,  0,  245.800,  0.98,  1, 0.00, 0.03, 1.72, 0.00, 1.06, 0.59, 0.02, 0.45, 1.46, 1.13, 0.08, 0.00, 0.00, 0.00, 0.73, 0.09, 0.95, 0.00, 1.00, 1.00, 1.00, 1.00, 1.00, 0.00, 1.00, 1.00, 1.00, 0.00, 0.00, 0.00, 0.00, 0.00, 0.00, 0.00, 0.00
7376,  0,  245.833,  0.98,  1, 0.00, 0.14, 1.77, 0.00, 1.08, 0.58, 0.02, 0.34, 1.44, 1.23, 0.02, 0.00, 0.00, 0.00, 0.75, 0.09, 0.80, 0.00, 1.00, 1.00, 1.00, 1.00, 1.00, 0.00, 1.00, 1.00, 1.00, 0.00, 0.00, 0.00, 0.00, 0.00, 0.00, 0.00, 0.00
7377,  0,  245.867,  0.98,  1, 0.00, 0.14, 1.76, 0.00, 1.10, 0.71, 0.00, 0.35, 1.45, 1.30, 0.02, 0.00, 0.00, 0.00, 0.80, 0.06, 0.56, 0.00, 1.00, 1.00, 1.00, 1.00, 1.00, 0.00, 1.00, 1.00, 1.00, 0.00, 0.00, 0.00, 0.00, 0.00, 0.00, 0.00, 0.00
7378,  0,  245.900,  0.98,  1, 0.00, 0.11, 1.70, 0.00, 1.13, 0.99, 0.08, 0.38, 1.48, 1.46, 0.00, 0.00, 0.00, 0.00, 0.86, 0.19, 0.39, 0.00, 1.00, 1.00, 1.00, 1.00, 1.00, 0.00, 1.00, 1.00, 1.00, 0.00, 0.00, 0.00, 0.00, 0.00, 0.00, 0.00, 0.00
7379,  0,  245.933,  0.98,  1, 0.00, 0.00, 1.56, 0.00, 1.09, 1.06, 0.10, 0.49, 1.50, 1.57, 0.10, 0.00, 0.00, 0.00, 0.96, 0.33, 0.25, 0.00, 0.00, 1.00, 1.00, 1.00, 1.00, 0.00, 1.00, 1.00, 1.00, 0.00, 0.00, 0.00, 1.00, 1.00, 0.00, 0.00, 0.00
7380,  0,  245.967,  0.98,  1, 0.00, 0.00, 1.33, 0.00, 1.09, 1.18, 0.10, 0.48, 1.53, 1.63, 0.25, 0.00, 0.00, 0.00, 1.11, 0.34, 0.13, 0.00, 0.00, 1.00, 1.00, 1.00, 1.00, 0.00, 1.00, 1.00, 1.00, 0.00, 0.00, 0.00, 1.00, 1.00, 0.00, 0.00, 0.00
7381,  0,  246.000,  0.98,  1, 0.00, 0.00, 1.13, 0.00, 1.09, 1.21, 0.03, 0.53, 1.52, 1.57, 0.43, 0.00, 0.00, 0.00, 1.13, 0.28, 0.04, 0.00, 0.00, 1.00, 1.00, 1.00, 1.00, 0.00, 1.00, 1.00, 1.00, 0.00, 0.00, 0.00, 1.00, 1.00, 0.00, 0.00, 0.00
7382,  0,  246.033,  0.98,  1, 0.00, 0.02, 0.97, 0.00, 1.09, 1.26, 0.00, 0.52, 1.49, 1.59, 0.45, 0.00, 0.00, 0.00, 1.29, 0.32, 0.00, 0.00, 0.00, 1.00, 1.00, 1.00, 1.00, 0.00, 1.00, 1.00, 1.00, 0.00, 0.00, 0.00, 1.00, 1.00, 0.00, 0.00, 0.00
7383,  0,  246.067,  0.98,  1, 0.00, 0.02, 1.09, 0.00, 1.11, 1.48, 0.00, 0.59, 1.43, 1.67, 0.30, 0.00, 0.01, 0.00, 1.33, 0.45, 0.01, 0.00, 0.00, 1.00, 1.00, 1.00, 1.00, 0.00, 1.00, 1.00, 1.00, 0.00, 0.00, 0.00, 1.00, 1.00, 0.00, 0.00, 0.00
7384,  0,  246.100,  0.98,  1, 0.00, 0.02, 1.07, 0.00, 1.13, 1.60, 0.00, 0.52, 1.33, 1.73, 0.12, 0.00, 0.06, 0.00, 1.36, 0.57, 0.01, 0.00, 0.00, 1.00, 1.00, 1.00, 1.00, 0.00, 1.00, 1.00, 1.00, 0.00, 0.00, 0.00, 1.00, 1.00, 0.00, 0.00, 0.00
7385,  0,  246.133,  0.98,  1, 0.00, 0.00, 0.93, 0.00, 1.16, 1.63, 0.00, 0.52, 1.20, 1.71, 0.00, 0.08, 0.10, 0.00, 1.26, 0.63, 0.01, 0.00, 0.00, 1.00, 1.00, 1.00, 1.00, 0.00, 1.00, 1.00, 1.00, 0.00, 0.00, 0.00, 1.00, 1.00, 0.00, 0.00, 0.00
7386,  0,  246.167,  0.98,  1, 0.00, 0.00, 0.75, 0.00, 1.15, 1.53, 0.00, 0.57, 1.11, 1.71, 0.00, 0.15, 0.27, 0.01, 1.16, 0.67, 0.00, 0.00, 0.00, 1.00, 1.00, 1.00, 1.00, 0.00, 1.00, 1.00, 1.00, 0.00, 0.00, 0.00, 1.00, 1.00, 0.00, 0.00, 0.00
7387,  0,  246.200,  0.98,  1, 0.00, 0.00, 0.89, 0.00, 1.12, 1.54, 0.00, 0.73, 1.07, 1.74, 0.00, 0.32, 0.39, 0.04, 1.23, 0.76, 0.00, 0.00, 0.00, 0.00, 1.00, 1.00, 1.00, 0.00, 1.00, 1.00, 1.00, 0.00, 0.00, 0.00, 1.00, 1.00, 0.00, 0.00, 0.00
7388,  0,  246.233,  0.98,  1, 0.00, 0.00, 1.07, 0.00, 1.08, 1.72, 0.00, 0.80, 1.12, 1.79, 0.00, 0.51, 0.55, 0.10, 1.19, 0.75, 0.00, 0.00, 0.00, 0.00, 1.00, 1.00, 1.00, 0.00, 1.00, 1.00, 1.00, 0.00, 0.00, 0.00, 1.00, 1.00, 1.00, 0.00, 0.00
7389,  0,  246.267,  0.98,  1, 0.00, 0.00, 1.15, 0.00, 1.02, 1.96, 0.00, 0.80, 1.12, 1.76, 0.00, 0.67, 0.56, 0.13, 1.11, 0.71, 0.00, 0.00, 0.00, 0.00, 1.00, 1.00, 1.00, 0.00, 1.00, 1.00, 1.00, 0.00, 0.00, 0.00, 1.00, 1.00, 1.00, 0.00, 0.00
7390,  0,  246.300,  0.98,  1, 0.00, 0.00, 0.99, 0.00, 1.05, 2.27, 0.00, 0.72, 1.18, 1.68, 0.00, 0.64, 0.61, 0.19, 0.98, 0.56, 0.00, 0.00, 0.00, 0.00, 1.00, 1.00, 1.00, 0.00, 1.00, 1.00, 1.00, 0.00, 0.00, 0.00, 1.00, 1.00, 1.00, 0.00, 0.00
7391,  0,  246.333,  0.98,  1, 0.00, 0.00, 0.93, 0.00, 1.07, 2.39, 0.00, 0.70, 1.22, 1.57, 0.00, 0.51, 0.66, 0.19, 0.98, 0.35, 0.00, 0.00, 0.00, 0.00, 1.00, 1.00, 1.00, 0.00, 1.00, 1.00, 1.00, 0.00, 0.00, 0.00, 1.00, 1.00, 1.00, 0.00, 0.00
7392,  0,  246.367,  0.98,  1, 0.00, 0.00, 1.00, 0.00, 1.10, 2.43, 0.00, 0.58, 1.18, 1.40, 0.00, 0.40, 0.76, 0.19, 1.00, 0.16, 0.00, 0.00, 0.00, 0.00, 1.00, 1.00, 1.00, 0.00, 1.00, 1.00, 1.00, 0.00, 0.00, 0.00, 1.00, 1.00, 0.00, 0.00, 0.00
7393,  0,  246.400,  0.98,  1, 0.00, 0.00, 1.12, 0.00, 1.05, 2.30, 0.00, 0.58, 1.12, 1.19, 0.00, 0.37, 0.69, 0.13, 1.02, 0.04, 0.00, 0.00, 0.00, 0.00, 1.00, 1.00, 1.00, 0.00, 1.00, 1.00, 1.00, 0.00, 0.00, 0.00, 1.00, 0.00, 0.00, 0.00, 0.00
7394,  0,  246.433,  0.98,  1, 0.00, 0.00, 1.19, 0.00, 1.01, 2.29, 0.00, 0.51, 1.06, 1.13, 0.00, 0.37, 0.59, 0.10, 1.04, 0.00, 0.00, 0.00, 0.00, 0.00, 1.00, 1.00, 1.00, 0.00, 1.00, 1.00, 1.00, 0.00, 0.00, 0.00, 1.00, 0.00, 0.00, 0.00, 0.00
7395,  0,  246.467,  0.98,  1, 0.00, 0.00, 1.17, 0.00, 0.96, 2.23, 0.00, 0.55, 1.08, 1.18, 0.00, 0.36, 0.44, 0.06, 1.05, 0.00, 0.00, 0.00, 0.00, 0.00, 1.00, 1.00, 1.00, 0.00, 1.00, 1.00, 1.00, 0.00, 0.00, 0.00, 1.00, 0.00, 0.00, 0.00, 0.00
7396,  0,  246.500,  0.98,  1, 0.00, 0.00, 1.25, 0.00, 0.97, 2.28, 0.00, 0.54, 1.12, 1.28, 0.00, 0.39, 0.53, 0.06, 1.04, 0.00, 0.00, 0.00, 0.00, 0.00, 1.00, 1.00, 1.00, 0.00, 1.00, 1.00, 1.00, 0.00, 0.00, 0.00, 1.00, 0.00, 0.00, 0.00, 0.00
7397,  0,  246.533,  0.98,  1, 0.00, 0.00, 1.24, 0.00, 1.01, 2.16, 0.00, 0.55, 1.11, 1.23, 0.00, 0.41, 0.54, 0.09, 1.04, 0.01, 0.00, 0.00, 0.00, 0.00, 1.00, 1.00, 1.00, 0.00, 1.00, 1.00, 1.00, 0.00, 0.00, 0.00, 1.00, 0.00, 0.00, 0.00, 0.00
7398,  0,  246.567,  0.98,  1, 0.00, 0.00, 1.20, 0.00, 1.11, 2.12, 0.00, 0.52, 1.15, 1.33, 0.00, 0.55, 0.59, 0.16, 1.04, 0.02, 0.00, 0.00, 0.00, 0.00, 1.00, 1.00, 1.00, 0.00, 1.00, 1.00, 1.00, 0.00, 0.00, 0.00, 1.00, 0.00, 0.00, 0.00, 0.00
7399,  0,  246.600,  0.98,  1, 0.00, 0.00, 1.10, 0.00, 1.14, 2.08, 0.00, 0.54, 1.18, 1.41, 0.00, 0.58, 0.56, 0.20, 0.95, 0.02, 0.00, 0.00, 0.00, 0.00, 1.00, 1.00, 1.00, 0.00, 1.00, 1.00, 1.00, 0.00, 0.00, 0.00, 1.00, 0.00, 0.00, 0.00, 0.00
7400,  0,  246.633,  0.98,  1, 0.00, 0.00, 1.04, 0.00, 1.17, 2.23, 0.00, 0.56, 1.28, 1.50, 0.00, 0.52, 0.51, 0.18, 0.85, 0.01, 0.00, 0.00, 0.00, 0.00, 1.00, 1.00, 1.00, 0.00, 1.00, 1.00, 1.00, 0.00, 0.00, 0.00, 1.00, 0.00, 0.00, 0.00, 0.00
7401,  0,  246.667,  0.98,  1, 0.00, 0.00, 0.94, 0.00, 1.11, 2.43, 0.00, 0.56, 1.33, 1.38, 0.00, 0.34, 0.50, 0.14, 0.81, 0.00, 0.00, 0.00, 0.00, 0.00, 1.00, 1.00, 1.00, 0.00, 1.00, 1.00, 1.00, 0.00, 0.00, 0.00, 1.00, 0.00, 0.00, 0.00, 0.00
7402,  0,  246.700,  0.98,  1, 0.00, 0.00, 0.94, 0.00, 1.10, 2.45, 0.01, 0.50, 1.30, 1.30, 0.03, 0.25, 0.43, 0.09, 0.87, 0.00, 0.00, 0.00, 0.00, 0.00, 1.00, 1.00, 1.00, 0.00, 1.00, 1.00, 1.00, 0.00, 0.00, 0.00, 1.00, 0.00, 0.00, 0.00, 0.00
7403,  0,  246.733,  0.98,  1, 0.00, 0.00, 0.89, 0.00, 1.08, 2.37, 0.01, 0.49, 1.28, 1.30, 0.03, 0.24, 0.40, 0.06, 0.88, 0.00, 0.00, 0.00, 0.00, 0.00, 1.00, 1.00, 1.00, 0.00, 1.00, 1.00, 1.00, 0.00, 0.00, 0.00, 1.00, 0.00, 0.00, 0.00, 0.00
7404,  0,  246.767,  0.98,  1, 0.00, 0.00, 1.00, 0.00, 1.05, 2.37, 0.01, 0.50, 1.24, 1.33, 0.03, 0.25, 0.40, 0.02, 0.93, 0.04, 0.03, 0.00, 0.00, 0.00, 1.00, 1.00, 1.00, 0.00, 1.00, 1.00, 1.00, 0.00, 0.00, 0.00, 1.00, 0.00, 0.00, 0.00, 0.00
7405,  0,  246.800,  0.98,  1, 0.00, 0.01, 1.06, 0.00, 0.97, 2.48, 0.00, 0.56, 1.22, 1.36, 0.00, 0.24, 0.49, 0.01, 0.89, 0.06, 0.06, 0.00, 0.00, 1.00, 1.00, 1.00, 1.00, 0.00, 1.00, 1.00, 1.00, 0.00, 0.00, 0.00, 1.00, 0.00, 0.00, 0.00, 0.00
7406,  0,  246.833,  0.98,  1, 0.01, 0.11, 1.26, 0.00, 0.90, 2.66, 0.07, 0.56, 1.14, 1.44, 0.00, 0.23, 0.61, 0.00, 0.85, 0.06, 0.06, 0.00, 0.00, 1.00, 1.00, 1.00, 1.00, 0.00, 1.00, 1.00, 1.00, 0.00, 0.00, 0.00, 1.00, 0.00, 0.00, 0.00, 0.00
7407,  0,  246.867,  0.98,  1, 0.02, 0.21, 1.40, 0.05, 0.88, 2.68, 0.14, 0.53, 1.04, 1.42, 0.00, 0.25, 0.56, 0.00, 0.78, 0.05, 0.11, 0.00, 0.00, 1.00, 1.00, 1.00, 1.00, 0.00, 1.00, 1.00, 1.00, 0.00, 0.00, 0.00, 1.00, 0.00, 0.00, 0.00, 0.00
7408,  0,  246.900,  0.98,  1, 0.07, 0.30, 1.48, 0.05, 0.81, 2.59, 0.18, 0.48, 0.93, 1.36, 0.04, 0.25, 0.48, 0.00, 0.71, 0.02, 0.08, 0.00, 0.00, 1.00, 1.00, 1.00, 1.00, 0.00, 1.00, 1.00, 1.00, 0.00, 0.00, 0.00, 1.00, 0.00, 0.00, 0.00, 0.00
7409,  0,  246.933,  0.98,  1, 0.19, 0.38, 1.47, 0.05, 0.72, 2.36, 0.15, 0.36, 0.81, 1.16, 0.12, 0.18, 0.35, 0.00, 0.55, 0.02, 0.32, 0.00, 0.00, 1.00, 1.00, 1.00, 1.00, 0.00, 1.00, 1.00, 1.00, 0.00, 0.00, 0.00, 1.00, 0.00, 0.00, 0.00, 0.00
7410,  0,  246.967,  0.98,  1, 0.30, 0.31, 1.43, 0.00, 0.67, 2.19, 0.15, 0.33, 0.74, 1.11, 0.33, 0.13, 0.35, 0.00, 0.29, 0.00, 0.75, 0.00, 0.00, 1.00, 1.00, 1.00, 1.00, 0.00, 1.00, 0.00, 1.00, 0.00, 0.00, 0.00, 1.00, 0.00, 0.00, 0.00, 0.00
7411,  0,  247.000,  0.98,  1, 0.37, 0.21, 1.35, 0.06, 0.70, 2.10, 0.19, 0.21, 0.68, 1.06, 0.52, 0.09, 0.37, 0.00, 0.11, 0.00, 1.42, 0.00, 0.00, 1.00, 1.00, 1.00, 1.00, 0.00, 1.00, 0.00, 1.00, 0.00, 0.00, 0.00, 1.00, 0.00, 0.00, 0.00, 1.00
7412,  0,  247.033,  0.98,  1, 0.29, 0.03, 1.38, 0.06, 0.74, 2.10, 0.27, 0.20, 0.67, 1.08, 0.68, 0.10, 0.37, 0.00, 0.00, 0.00, 1.78, 0.00, 0.00, 1.00, 0.00, 0.00, 1.00, 0.00, 1.00, 0.00, 1.00, 0.00, 0.00, 0.00, 1.00, 0.00, 0.00, 0.00, 1.00
7413,  0,  247.067,  0.98,  1, 0.24, 0.04, 1.48, 0.06, 0.79, 2.18, 0.33, 0.20, 0.66, 1.04, 0.73, 0.10, 0.31, 0.00, 0.00, 0.00, 1.60, 0.00, 0.00, 1.00, 0.00, 0.00, 1.00, 0.00, 1.00, 0.00, 1.00, 0.00, 0.00, 0.00, 1.00, 0.00, 0.00, 0.00, 1.00
7414,  0,  247.100,  0.98,  1, 0.12, 0.07, 1.59, 0.00, 0.76, 2.19, 0.27, 0.18, 0.66, 1.15, 0.66, 0.22, 0.20, 0.00, 0.00, 0.00, 1.11, 0.00, 0.00, 1.00, 0.00, 0.00, 1.00, 0.00, 1.00, 0.00, 1.00, 0.00, 0.00, 0.00, 1.00, 0.00, 0.00, 0.00, 1.00
7415,  0,  247.133,  0.98,  1, 0.07, 0.17, 1.51, 0.00, 0.78, 2.22, 0.19, 0.13, 0.63, 1.28, 0.61, 0.42, 0.16, 0.00, 0.00, 0.00, 0.67, 0.00, 0.00, 1.00, 1.00, 0.00, 1.00, 0.00, 1.00, 0.00, 1.00, 0.00, 1.00, 0.00, 1.00, 0.00, 0.00, 0.00, 1.00
7416,  0,  247.167,  0.98,  1, 0.00, 0.12, 1.46, 0.00, 0.73, 2.14, 0.14, 0.00, 0.61, 1.43, 0.68, 0.75, 0.19, 0.00, 0.00, 0.00, 0.43, 0.00, 0.00, 1.00, 1.00, 0.00, 1.00, 0.00, 1.00, 0.00, 1.00, 0.00, 1.00, 0.00, 1.00, 0.00, 0.00, 0.00, 0.00
7417,  0,  247.200,  0.98,  1, 0.00, 0.10, 1.42, 0.00, 0.81, 2.22, 0.24, 0.02, 0.62, 1.48, 0.83, 0.89, 0.34, 0.00, 0.00, 0.00, 0.48, 0.00, 0.00, 1.00, 1.00, 0.00, 1.00, 0.00, 1.00, 1.00, 1.00, 1.00, 1.00, 0.00, 1.00, 0.00, 0.00, 0.00, 0.00
7418,  0,  247.233,  0.98,  1, 0.00, 0.03, 1.53, 0.00, 0.84, 2.34, 0.30, 0.06, 0.66, 1.54, 0.99, 0.91, 0.38, 0.00, 0.00, 0.00, 0.48, 0.00, 0.00, 1.00, 1.00, 0.00, 1.00, 0.00, 1.00, 1.00, 1.00, 1.00, 1.00, 0.00, 1.00, 0.00, 0.00, 0.00, 0.00
7419,  0,  247.267,  0.98,  1, 0.00, 0.08, 1.53, 0.00, 0.88, 2.43, 0.31, 0.06, 0.64, 1.68, 0.97, 0.81, 0.39, 0.00, 0.00, 0.00, 0.43, 0.00, 0.00, 1.00, 1.00, 1.00, 1.00, 0.00, 1.00, 1.00, 1.00, 1.00, 1.00, 0.00, 1.00, 0.00, 0.00, 0.00, 0.00
7420,  0,  247.300,  0.98,  1, 0.01, 0.16, 1.53, 0.00, 0.87, 2.47, 0.25, 0.04, 0.60, 1.73, 0.95, 0.79, 0.40, 0.00, 0.00, 0.00, 0.24, 0.00, 0.00, 1.00, 1.00, 1.00, 1.00, 0.00, 1.00, 1.00, 1.00, 1.00, 1.00, 0.00, 1.00, 0.00, 0.00, 0.00, 0.00
7421,  0,  247.333,  0.98,  1, 0.01, 0.17, 1.55, 0.00, 0.84, 2.52, 0.25, 0.00, 0.53, 1.70, 0.83, 0.78, 0.32, 0.00, 0.00, 0.00, 0.14, 0.00, 0.00, 1.00, 1.00, 1.00, 1.00, 0.00, 1.00, 1.00, 1.00, 1.00, 1.00, 0.00, 1.00, 0.00, 0.00, 0.00, 0.00
7422,  0,  247.367,  0.98,  1, 0.01, 0.16, 1.55, 0.00, 0.84, 2.41, 0.26, 0.08, 0.51, 1.61, 0.78, 0.72, 0.30, 0.02, 0.00, 0.00, 0.12, 0.00, 0.00, 1.00, 1.00, 1.00, 1.00, 0.00, 1.00, 1.00, 1.00, 1.00, 1.00, 0.00, 1.00, 0.00, 0.00, 0.00, 0.00
7423,  0,  247.400,  0.98,  1, 0.00, 0.07, 1.58, 0.00, 0.88, 2.27, 0.30, 0.17, 0.55, 1.56, 0.76, 0.70, 0.12, 0.06, 0.00, 0.00, 0.10, 0.00, 0.00, 1.00, 1.00, 1.00, 1.00, 0.00, 1.00, 1.00, 1.00, 1.00, 0.00, 0.00, 1.00, 0.00, 0.00, 0.00, 0.00
7424,  0,  247.433,  0.98,  1, 0.00, 0.07, 1.62, 0.00, 0.89, 2.02, 0.32, 0.24, 0.60, 1.52, 0.82, 0.71, 0.09, 0.09, 0.00, 0.00, 0.10, 0.00, 0.00, 1.00, 1.00, 1.00, 1.00, 0.00, 1.00, 1.00, 1.00, 1.00, 0.00, 0.00, 1.00, 0.00, 0.00, 0.00, 0.00
7425,  0,  247.467,  0.98,  1, 0.01, 0.07, 1.70, 0.00, 0.88, 2.09, 0.30, 0.24, 0.67, 1.46, 0.83, 0.69, 0.05, 0.07, 0.00, 0.00, 0.09, 0.00, 0.00, 1.00, 1.00, 1.00, 1.00, 0.00, 1.00, 1.00, 1.00, 1.00, 0.00, 0.00, 1.00, 0.00, 0.00, 0.00, 0.00
7426,  0,  247.500,  0.98,  1, 0.09, 0.19, 1.79, 0.00, 0.88, 2.28, 0.28, 0.16, 0.66, 1.44, 0.81, 0.73, 0.13, 0.03, 0.00, 0.00, 0.09, 0.00, 0.00, 1.00, 1.00, 1.00, 1.00, 0.00, 1.00, 1.00, 1.00, 1.00, 0.00, 0.00, 1.00, 0.00, 0.00, 0.00, 0.00
7427,  0,  247.533,  0.98,  1, 0.14, 0.30, 1.77, 0.00, 0.89, 2.33, 0.23, 0.09, 0.67, 1.45, 0.72, 0.77, 0.22, 0.00, 0.00, 0.00, 0.04, 0.00, 0.00, 1.00, 1.00, 1.00, 1.00, 0.00, 1.00, 1.00, 1.00, 1.00, 1.00, 0.00, 1.00, 0.00, 0.00, 0.00, 0.00
7428,  0,  247.567,  0.98,  1, 0.15, 0.26, 1.70, 0.00, 0.82, 2.22, 0.20, 0.04, 0.69, 1.50, 0.66, 0.81, 0.17, 0.00, 0.00, 0.00, 0.08, 0.00, 0.00, 1.00, 1.00, 0.00, 1.00, 0.00, 1.00, 1.00, 1.00, 1.00, 1.00, 0.00, 1.00, 0.00, 0.00, 0.00, 0.00
7429,  0,  247.600,  0.98,  1, 0.07, 0.14, 1.62, 0.00, 0.72, 2.01, 0.18, 0.03, 0.69, 1.46, 0.62, 0.74, 0.11, 0.00, 0.00, 0.00, 0.08, 0.00, 0.00, 1.00, 1.00, 0.00, 1.00, 0.00, 1.00, 1.00, 1.00, 1.00, 1.00, 0.00, 1.00, 0.00, 0.00, 0.00, 0.00
7430,  0,  247.633,  0.98,  1, 0.02, 0.00, 1.55, 0.00, 0.65, 2.05, 0.15, 0.03, 0.70, 1.49, 0.64, 0.71, 0.09, 0.00, 0.00, 0.00, 0.26, 0.00, 0.00, 1.00, 1.00, 0.00, 1.00, 0.00, 1.00, 1.00, 1.00, 1.00, 1.00, 0.00, 1.00, 0.00, 0.00, 0.00, 0.00
7431,  0,  247.667,  0.98,  1, 0.00, 0.00, 1.51, 0.00, 0.66, 1.92, 0.10, 0.00, 0.65, 1.56, 0.64, 0.74, 0.15, 0.00, 0.00, 0.00, 0.20, 0.00, 0.00, 1.00, 1.00, 0.00, 1.00, 0.00, 1.00, 1.00, 1.00, 1.00, 1.00, 0.00, 1.00, 0.00, 0.00, 0.00, 0.00
7432,  0,  247.700,  0.98,  1, 0.00, 0.08, 1.52, 0.00, 0.68, 1.80, 0.03, 0.00, 0.64, 1.54, 0.69, 0.75, 0.16, 0.00, 0.00, 0.00, 0.20, 0.00, 0.00, 1.00, 1.00, 0.00, 1.00, 0.00, 1.00, 1.00, 1.00, 1.00, 1.00, 0.00, 1.00, 0.00, 0.00, 0.00, 0.00
7433,  0,  247.733,  0.98,  1, 0.00, 0.08, 1.51, 0.00, 0.72, 1.65, 0.00, 0.00, 0.61, 1.56, 0.69, 0.73, 0.11, 0.00, 0.00, 0.00, 0.02, 0.00, 0.00, 1.00, 1.00, 0.00, 1.00, 0.00, 1.00, 1.00, 1.00, 1.00, 1.00, 0.00, 1.00, 0.00, 0.00, 0.00, 0.00
7434,  0,  247.767,  0.98,  1, 0.00, 0.08, 1.53, 0.00, 0.75, 1.73, 0.00, 0.00, 0.63, 1.46, 0.70, 0.71, 0.08, 0.00, 0.00, 0.00, 0.00, 0.00, 0.00, 1.00, 1.00, 0.00, 1.00, 0.00, 1.00, 1.00, 1.00, 1.00, 1.00, 0.00, 1.00, 0.00, 0.00, 0.00, 0.00
7435,  0,  247.800,  0.98,  1, 0.00, 0.00, 1.48, 0.00, 0.78, 1.73, 0.00, 0.00, 0.66, 1.55, 0.65, 0.69, 0.04, 0.00, 0.00, 0.00, 0.00, 0.00, 0.00, 1.00, 1.00, 0.00, 1.00, 0.00, 1.00, 1.00, 1.00, 1.00, 1.00, 0.00, 1.00, 0.00, 0.00, 0.00, 0.00
7436,  0,  247.833,  0.98,  1, 0.00, 0.00, 1.46, 0.00, 0.79, 1.60, 0.00, 0.00, 0.70, 1.62, 0.60, 0.70, 0.16, 0.00, 0.00, 0.00, 0.00, 0.00, 0.00, 1.00, 1.00, 0.00, 1.00, 0.00, 1.00, 1.00, 1.00, 1.00, 1.00, 0.00, 1.00, 0.00, 0.00, 0.00, 0.00
7437,  0,  247.867,  0.98,  1, 0.00, 0.00, 1.36, 0.00, 0.75, 1.49, 0.00, 0.00, 0.67, 1.65, 0.63, 0.73, 0.25, 0.00, 0.00, 0.00, 0.00, 0.00, 0.00, 1.00, 1.00, 0.00, 1.00, 0.00, 1.00, 1.00, 1.00, 1.00, 1.00, 0.00, 1.00, 0.00, 0.00, 0.00, 0.00
7438,  0,  247.900,  0.98,  1, 0.00, 0.00, 1.37, 0.00, 0.70, 1.39, 0.01, 0.00, 0.61, 1.54, 0.66, 0.73, 0.38, 0.00, 0.00, 0.00, 0.00, 0.00, 0.00, 1.00, 1.00, 0.00, 1.00, 0.00, 1.00, 1.00, 1.00, 0.00, 1.00, 0.00, 1.00, 0.00, 0.00, 0.00, 0.00
7439,  0,  247.933,  0.98,  1, 0.00, 0.00, 1.37, 0.00, 0.64, 1.45, 0.01, 0.02, 0.54, 1.41, 0.72, 0.73, 0.41, 0.00, 0.00, 0.00, 0.00, 0.00, 0.00, 1.00, 1.00, 0.00, 1.00, 0.00, 1.00, 1.00, 1.00, 0.00, 1.00, 0.00, 1.00, 0.00, 0.00, 0.00, 0.00
7440,  0,  247.967,  0.98,  1, 0.00, 0.06, 1.45, 0.00, 0.60, 1.66, 0.08, 0.02, 0.54, 1.35, 0.68, 0.67, 0.31, 0.00, 0.00, 0.00, 0.02, 0.00, 0.00, 1.00, 1.00, 0.00, 1.00, 0.00, 1.00, 1.00, 1.00, 0.00, 1.00, 0.00, 1.00, 0.00, 0.00, 0.00, 0.00
7441,  0,  248.000,  0.98,  1, 0.00, 0.18, 1.46, 0.00, 0.58, 2.04, 0.12, 0.08, 0.61, 1.37, 0.60, 0.67, 0.18, 0.00, 0.00, 0.00, 0.02, 0.00, 0.00, 1.00, 1.00, 0.00, 1.00, 0.00, 1.00, 1.00, 1.00, 0.00, 1.00, 0.00, 1.00, 0.00, 0.00, 0.00, 0.00
7442,  0,  248.033,  0.98,  1, 0.08, 0.32, 1.52, 0.00, 0.61, 2.26, 0.18, 0.14, 0.63, 1.39, 0.51, 0.58, 0.00, 0.00, 0.00, 0.00, 0.11, 0.00, 0.00, 1.00, 1.00, 0.00, 1.00, 0.00, 1.00, 1.00, 1.00, 0.00, 1.00, 0.00, 1.00, 0.00, 0.00, 0.00, 0.00
7443,  0,  248.067,  0.98,  1, 0.16, 0.27, 1.47, 0.04, 0.62, 2.20, 0.15, 0.19, 0.60, 1.43, 0.47, 0.56, 0.01, 0.00, 0.00, 0.00, 0.18, 0.00, 0.00, 1.00, 1.00, 0.00, 1.00, 0.00, 1.00, 1.00, 1.00, 0.00, 1.00, 0.00, 1.00, 0.00, 0.00, 0.00, 0.00
7444,  0,  248.100,  0.98,  1, 0.28, 0.28, 1.41, 0.04, 0.56, 1.95, 0.16, 0.14, 0.52, 1.55, 0.47, 0.58, 0.01, 0.00, 0.00, 0.00, 0.25, 0.00, 0.00, 1.00, 1.00, 0.00, 1.00, 0.00, 1.00, 1.00, 1.00, 0.00, 1.00, 0.00, 1.00, 0.00, 0.00, 0.00, 0.00
7445,  0,  248.133,  0.98,  1, 0.30, 0.26, 1.38, 0.07, 0.47, 1.95, 0.16, 0.07, 0.47, 1.51, 0.53, 0.61, 0.01, 0.00, 0.00, 0.00, 0.25, 0.00, 0.00, 1.00, 1.00, 0.00, 1.00, 0.00, 1.00, 1.00, 1.00, 0.00, 1.00, 0.00, 1.00, 0.00, 0.00, 0.00, 0.00
7446,  0,  248.167,  0.98,  1, 0.38, 0.31, 1.45, 0.03, 0.42, 1.97, 0.14, 0.02, 0.45, 1.51, 0.56, 0.67, 0.00, 0.00, 0.00, 0.00, 0.15, 0.00, 0.00, 1.00, 1.00, 0.00, 1.00, 0.00, 1.00, 1.00, 1.00, 0.00, 1.00, 0.00, 1.00, 0.00, 0.00, 0.00, 0.00
7447,  0,  248.200,  0.98,  1, 0.33, 0.33, 1.47, 0.03, 0.43, 2.11, 0.08, 0.01, 0.47, 1.58, 0.61, 0.70, 0.00, 0.00, 0.00, 0.00, 0.08, 0.00, 0.00, 1.00, 1.00, 0.00, 1.00, 0.00, 1.00, 1.00, 1.00, 0.00, 1.00, 0.00, 1.00, 0.00, 0.00, 0.00, 0.00
7448,  0,  248.233,  0.98,  1, 0.33, 0.27, 1.43, 0.00, 0.46, 2.08, 0.02, 0.02, 0.51, 1.60, 0.63, 0.68, 0.00, 0.00, 0.00, 0.00, 0.00, 0.00, 0.00, 1.00, 1.00, 0.00, 1.00, 0.00, 1.00, 1.00, 1.00, 0.00, 1.00, 0.00, 1.00, 0.00, 0.00, 0.00, 0.00
7449,  0,  248.267,  0.98,  1, 0.25, 0.37, 1.40, 0.00, 0.51, 2.16, 0.00, 0.02, 0.51, 1.53, 0.62, 0.60, 0.00, 0.00, 0.00, 0.00, 0.03, 0.00, 0.00, 1.00, 1.00, 0.00, 1.00, 0.00, 1.00, 1.00, 1.00, 0.00, 1.00, 0.00, 1.00, 0.00, 0.00, 0.00, 0.00
7450,  0,  248.300,  0.98,  1, 0.31, 0.28, 1.46, 0.00, 0.60, 2.24, 0.02, 0.09, 0.56, 1.27, 0.70, 0.59, 0.00, 0.00, 0.00, 0.00, 0.32, 0.00, 0.00, 1.00, 1.00, 0.00, 1.00, 0.00, 1.00, 1.00, 1.00, 0.00, 1.00, 0.00, 1.00, 0.00, 0.00, 0.00, 0.00
7451,  0,  248.333,  0.98,  1, 0.27, 0.21, 1.52, 0.04, 0.65, 2.19, 0.04, 0.12, 0.59, 1.31, 0.76, 0.68, 0.02, 0.00, 0.00, 0.00, 0.86, 0.00, 0.00, 1.00, 1.00, 0.00, 1.00, 0.00, 1.00, 1.00, 1.00, 0.00, 1.00, 0.00, 1.00, 0.00, 0.00, 0.00, 1.00
7452,  0,  248.367,  0.98,  1, 0.19, 0.05, 1.63, 0.05, 0.71, 2.07, 0.04, 0.12, 0.62, 1.23, 0.89, 0.70, 0.02, 0.00, 0.00, 0.00, 1.81, 0.00, 0.00, 1.00, 1.00, 0.00, 1.00, 0.00, 1.00, 0.00, 1.00, 0.00, 1.00, 0.00, 1.00, 0.00, 0.00, 0.00, 1.00
7453,  0,  248.400,  0.98,  1, 0.07, 0.00, 1.63, 0.05, 0.68, 1.81, 0.03, 0.05, 0.55, 1.20, 0.78, 0.65, 0.02, 0.00, 0.00, 0.00, 2.51, 0.00, 0.00, 1.00, 1.00, 0.00, 1.00, 0.00, 1.00, 0.00, 1.00, 0.00, 1.00, 0.00, 1.00, 0.00, 0.00, 0.00, 1.00
7454,  0,  248.433,  0.98,  1, 0.00, 0.00, 1.61, 0.01, 0.68, 1.78, 0.00, 0.00, 0.50, 1.09, 0.62, 0.54, 0.00, 0.00, 0.00, 0.00, 2.88, 0.00, 0.00, 1.00, 1.00, 0.00, 1.00, 0.00, 1.00, 0.00, 1.00, 0.00, 0.00, 0.00, 1.00, 0.00, 0.00, 0.00, 1.00
7455,  0,  248.467,  0.98,  1, 0.00, 0.00, 1.57, 0.00, 0.70, 1.91, 0.00, 0.00, 0.51, 1.16, 0.41, 0.53, 0.01, 0.00, 0.00, 0.00, 2.71, 0.00, 0.00, 1.00, 1.00, 0.00, 1.00, 0.00, 1.00, 0.00, 1.00, 0.00, 0.00, 0.00, 1.00, 0.00, 0.00, 0.00, 1.00
7456,  0,  248.500,  0.98,  1, 0.00, 0.00, 1.61, 0.00, 0.75, 2.13, 0.00, 0.00, 0.54, 1.16, 0.35, 0.50, 0.01, 0.00, 0.00, 0.00, 2.28, 0.00, 0.00, 1.00, 1.00, 0.00, 1.00, 0.00, 1.00, 0.00, 1.00, 0.00, 0.00, 0.00, 1.00, 0.00, 0.00, 0.00, 1.00
7457,  0,  248.533,  0.98,  1, 0.00, 0.10, 1.67, 0.00, 0.78, 2.25, 0.01, 0.00, 0.51, 1.20, 0.38, 0.46, 0.01, 0.00, 0.00, 0.00, 1.96, 0.00, 0.00, 1.00, 1.00, 0.00, 1.00, 0.00, 1.00, 0.00, 1.00, 0.00, 0.00, 0.00, 1.00, 0.00, 0.00, 0.00, 1.00
7458,  0,  248.567,  0.98,  1, 0.00, 0.10, 1.60, 0.00, 0.75, 2.14, 0.01, 0.00, 0.49, 1.24, 0.46, 0.40, 0.00, 0.00, 0.00, 0.00, 1.55, 0.00, 0.00, 1.00, 1.00, 0.00, 1.00, 0.00, 1.00, 0.00, 1.00, 0.00, 0.00, 0.00, 1.00, 0.00, 0.00, 0.00, 1.00
7459,  0,  248.600,  0.98,  1, 0.00, 0.10, 1.46, 0.00, 0.71, 2.04, 0.01, 0.00, 0.47, 1.33, 0.53, 0.44, 0.00, 0.00, 0.00, 0.00, 1.32, 0.00, 0.00, 1.00, 1.00, 0.00, 1.00, 0.00, 1.00, 0.00, 1.00, 0.00, 0.00, 0.00, 1.00, 0.00, 0.00, 0.00, 1.00
7460,  0,  248.633,  0.98,  1, 0.00, 0.05, 1.27, 0.00, 0.69, 2.07, 0.00, 0.00, 0.50, 1.31, 0.50, 0.46, 0.00, 0.00, 0.00, 0.00, 0.97, 0.00, 0.00, 1.00, 1.00, 0.00, 1.00, 0.00, 1.00, 0.00, 1.00, 0.00, 0.00, 0.00, 1.00, 0.00, 0.00, 0.00, 1.00
7461,  0,  248.667,  0.98,  1, 0.00, 0.05, 1.30, 0.00, 0.69, 2.22, 0.00, 0.00, 0.51, 1.24, 0.42, 0.54, 0.00, 0.00, 0.00, 0.00, 0.79, 0.00, 0.00, 1.00, 1.00, 0.00, 1.00, 0.00, 1.00, 0.00, 1.00, 0.00, 0.00, 0.00, 1.00, 0.00, 0.00, 0.00, 0.00
7462,  0,  248.700,  0.98,  1, 0.00, 0.05, 1.24, 0.00, 0.67, 2.14, 0.00, 0.00, 0.54, 1.22, 0.42, 0.57, 0.00, 0.00, 0.00, 0.00, 0.53, 0.00, 0.00, 1.00, 1.00, 0.00, 1.00, 0.00, 1.00, 0.00, 1.00, 0.00, 0.00, 0.00, 1.00, 0.00, 0.00, 0.00, 0.00
7463,  0,  248.733,  0.98,  1, 0.00, 0.05, 1.19, 0.00, 0.67, 1.95, 0.00, 0.02, 0.58, 1.20, 0.42, 0.68, 0.03, 0.00, 0.00, 0.00, 0.36, 0.00, 0.00, 1.00, 1.00, 0.00, 1.00, 0.00, 1.00, 0.00, 1.00, 0.00, 1.00, 0.00, 1.00, 0.00, 0.00, 0.00, 0.00
7464,  0,  248.767,  0.98,  1, 0.02, 0.13, 1.13, 0.00, 0.59, 1.66, 0.00, 0.02, 0.62, 1.20, 0.55, 0.74, 0.03, 0.00, 0.00, 0.00, 0.34, 0.00, 0.00, 1.00, 1.00, 0.00, 1.00, 0.00, 1.00, 0.00, 1.00, 0.00, 1.00, 0.00, 1.00, 0.00, 0.00, 0.00, 0.00
7465,  0,  248.800,  0.98,  1, 0.08, 0.25, 1.22, 0.00, 0.54, 1.67, 0.00, 0.02, 0.64, 1.20, 0.54, 0.86, 0.03, 0.00, 0.00, 0.00, 0.36, 0.00, 0.00, 1.00, 0.00, 0.00, 1.00, 0.00, 1.00, 0.00, 1.00, 0.00, 1.00, 0.00, 1.00, 0.00, 0.00, 0.00, 0.00
7466,  0,  248.833,  0.98,  1, 0.11, 0.22, 1.33, 0.00, 0.45, 1.64, 0.00, 0.00, 0.60, 1.12, 0.56, 0.92, 0.00, 0.00, 0.00, 0.00, 0.46, 0.00, 0.00, 1.00, 0.00, 0.00, 1.00, 0.00, 1.00, 1.00, 1.00, 0.00, 1.00, 0.00, 1.00, 0.00, 0.00, 0.00, 0.00
7467,  0,  248.867,  0.98,  1, 0.09, 0.13, 1.30, 0.00, 0.42, 1.61, 0.00, 0.00, 0.53, 1.10, 0.48, 1.03, 0.04, 0.00, 0.00, 0.00, 0.34, 0.00, 0.00, 1.00, 0.00, 0.00, 1.00, 0.00, 1.00, 1.00, 1.00, 0.00, 1.00, 0.00, 1.00, 0.00, 0.00, 0.00, 0.00
7468,  0,  248.900,  0.98,  1, 0.03, 0.02, 1.28, 0.00, 0.42, 1.54, 0.00, 0.00, 0.50, 1.10, 0.43, 1.04, 0.04, 0.02, 0.00, 0.00, 0.26, 0.00, 0.00, 1.00, 0.00, 0.00, 1.00, 0.00, 1.00, 1.00, 1.00, 0.00, 1.00, 0.00, 1.00, 0.00, 0.00, 0.00, 0.00
7469,  0,  248.933,  0.98,  1, 0.00, 0.00, 1.27, 0.00, 0.43, 1.51, 0.00, 0.00, 0.51, 1.13, 0.39, 1.08, 0.04, 0.02, 0.00, 0.00, 0.08, 0.00, 0.00, 1.00, 0.00, 0.00, 1.00, 0.00, 1.00, 1.00, 1.00, 0.00, 1.00, 0.00, 1.00, 0.00, 0.00, 0.00, 0.00
7470,  0,  248.967,  0.98,  1, 0.00, 0.00, 1.24, 0.00, 0.46, 1.55, 0.00, 0.00, 0.51, 1.22, 0.30, 1.01, 0.00, 0.01, 0.00, 0.00, 0.00, 0.00, 0.00, 1.00, 1.00, 0.00, 1.00, 0.00, 1.00, 0.00, 1.00, 0.00, 1.00, 0.00, 1.00, 0.00, 0.00, 0.00, 0.00
7471,  0,  249.000,  0.98,  1, 0.00, 0.00, 1.08, 0.00, 0.42, 1.53, 0.00, 0.00, 0.53, 1.22, 0.33, 0.96, 0.00, 0.00, 0.00, 0.00, 0.00, 0.00, 0.00, 1.00, 1.00, 0.00, 1.00, 0.00, 1.00, 0.00, 1.00, 0.00, 1.00, 0.00, 1.00, 0.00, 0.00, 0.00, 0.00
7472,  0,  249.033,  0.98,  1, 0.07, 0.09, 0.96, 0.00, 0.40, 1.60, 0.00, 0.00, 0.54, 1.36, 0.39, 0.95, 0.04, 0.00, 0.00, 0.00, 0.00, 0.00, 0.00, 1.00, 1.00, 0.00, 1.00, 0.00, 1.00, 0.00, 1.00, 0.00, 1.00, 0.00, 1.00, 0.00, 0.00, 0.00, 0.00
7473,  0,  249.067,  0.98,  1, 0.14, 0.16, 0.95, 0.00, 0.41, 1.73, 0.00, 0.00, 0.57, 1.40, 0.46, 1.02, 0.06, 0.00, 0.00, 0.00, 0.00, 0.00, 0.00, 1.00, 1.00, 0.00, 1.00, 0.00, 1.00, 0.00, 1.00, 0.00, 1.00, 0.00, 1.00, 0.00, 0.00, 0.00, 0.00
7474,  0,  249.100,  0.98,  1, 0.14, 0.24, 0.99, 0.00, 0.51, 1.86, 0.00, 0.00, 0.56, 1.46, 0.41, 1.13, 0.10, 0.07, 0.00, 0.00, 0.03, 0.00, 0.00, 1.00, 1.00, 0.00, 1.00, 0.00, 1.00, 0.00, 1.00, 0.00, 1.00, 0.00, 1.00, 0.00, 0.00, 0.00, 0.00
7475,  0,  249.133,  0.98,  1, 0.06, 0.24, 0.99, 0.00, 0.54, 1.90, 0.00, 0.00, 0.54, 1.42, 0.34, 1.12, 0.10, 0.11, 0.00, 0.00, 0.03, 0.00, 0.00, 1.00, 1.00, 0.00, 1.00, 0.00, 1.00, 1.00, 1.00, 0.00, 1.00, 0.00, 1.00, 0.00, 0.00, 0.00, 0.00
7476,  0,  249.167,  0.98,  1, 0.00, 0.17, 1.11, 0.00, 0.55, 1.82, 0.00, 0.00, 0.54, 1.34, 0.36, 1.14, 0.08, 0.11, 0.00, 0.00, 0.03, 0.00, 0.00, 1.00, 1.00, 0.00, 1.00, 0.00, 1.00, 1.00, 1.00, 0.00, 1.00, 0.00, 1.00, 0.00, 0.00, 0.00, 0.00
7477,  0,  249.200,  0.98,  1, 0.00, 0.23, 1.35, 0.00, 0.50, 1.80, 0.00, 0.00, 0.52, 1.26, 0.33, 1.07, 0.09, 0.04, 0.00, 0.00, 0.00, 0.00, 0.00, 1.00, 1.00, 0.00, 1.00, 0.00, 1.00, 1.00, 1.00, 0.00, 1.00, 0.00, 1.00, 0.00, 0.00, 0.00, 0.00
7478,  0,  249.233,  0.98,  1, 0.00, 0.18, 1.53, 0.00, 0.52, 1.69, 0.00, 0.00, 0.56, 1.09, 0.30, 1.01, 0.10, 0.00, 0.13, 0.04, 0.00, 0.00, 0.00, 1.00, 1.00, 0.00, 1.00, 0.00, 1.00, 1.00, 1.00, 0.00, 1.00, 0.00, 1.00, 0.00, 0.00, 0.00, 0.00
7479,  0,  249.267,  0.98,  1, 0.00, 0.18, 1.50, 0.00, 0.51, 1.56, 0.00, 0.00, 0.68, 0.96, 0.16, 0.85, 0.10, 0.00, 0.46, 0.15, 0.00, 0.00, 0.00, 1.00, 1.00, 0.00, 1.00, 0.00, 1.00, 1.00, 1.00, 0.00, 1.00, 0.00, 1.00, 0.00, 0.00, 0.00, 0.00
7480,  0,  249.300,  0.98,  1, 0.00, 0.04, 1.32, 0.00, 0.57, 1.37, 0.00, 0.02, 0.82, 0.85, 0.06, 0.76, 0.07, 0.00, 0.87, 0.37, 0.00, 0.00, 0.00, 1.00, 1.00, 0.00, 1.00, 0.00, 1.00, 1.00, 1.00, 0.00, 1.00, 0.00, 1.00, 0.00, 0.00, 0.00, 0.00
7481,  0,  249.333,  0.98,  1, 0.00, 0.00, 1.15, 0.00, 0.63, 1.42, 0.00, 0.05, 0.94, 0.79, 0.02, 0.65, 0.03, 0.00, 1.18, 0.53, 0.00, 0.00, 0.00, 1.00, 1.00, 0.00, 1.00, 0.00, 1.00, 1.00, 1.00, 0.00, 1.00, 0.00, 1.00, 1.00, 1.00, 0.00, 0.00
7482,  0,  249.367,  0.98,  1, 0.00, 0.00, 1.12, 0.00, 0.72, 1.60, 0.00, 0.17, 1.00, 0.76, 0.00, 0.52, 0.03, 0.00, 1.38, 0.73, 0.00, 0.00, 0.00, 1.00, 1.00, 1.00, 1.00, 0.00, 1.00, 1.00, 1.00, 0.00, 0.00, 0.00, 1.00, 1.00, 1.00, 0.00, 0.00
7483,  0,  249.400,  0.98,  1, 0.00, 0.00, 1.17, 0.00, 0.78, 1.77, 0.00, 0.23, 1.04, 0.63, 0.00, 0.31, 0.00, 0.00, 1.51, 0.78, 0.00, 0.00, 0.00, 1.00, 1.00, 1.00, 1.00, 0.00, 1.00, 1.00, 1.00, 0.00, 0.00, 0.00, 1.00, 1.00, 1.00, 0.00, 0.00
7484,  0,  249.433,  0.98,  1, 0.00, 0.00, 1.27, 0.00, 0.79, 1.78, 0.00, 0.26, 1.06, 0.57, 0.00, 0.29, 0.01, 0.00, 1.66, 0.92, 0.00, 0.00, 0.00, 1.00, 1.00, 1.00, 1.00, 0.00, 1.00, 1.00, 1.00, 0.00, 0.00, 0.00, 1.00, 1.00, 1.00, 0.00, 0.00
7485,  0,  249.467,  0.98,  1, 0.00, 0.00, 1.26, 0.00, 0.78, 1.81, 0.00, 0.18, 1.05, 0.51, 0.00, 0.36, 0.07, 0.00, 1.73, 0.94, 0.00, 0.00, 0.00, 1.00, 1.00, 1.00, 1.00, 0.00, 1.00, 1.00, 1.00, 0.00, 0.00, 0.00, 1.00, 1.00, 1.00, 0.00, 0.00
7486,  0,  249.500,  0.98,  1, 0.00, 0.00, 1.24, 0.00, 0.78, 1.85, 0.00, 0.15, 1.16, 0.70, 0.00, 0.50, 0.12, 0.00, 1.89, 1.04, 0.00, 0.00, 0.00, 1.00, 1.00, 1.00, 1.00, 0.00, 1.00, 1.00, 1.00, 0.00, 0.00, 0.00, 1.00, 1.00, 1.00, 0.00, 0.00
7487,  0,  249.533,  0.98,  1, 0.00, 0.00, 1.31, 0.00, 0.79, 1.91, 0.00, 0.18, 1.24, 0.88, 0.00, 0.51, 0.11, 0.00, 1.92, 1.04, 0.00, 0.00, 0.00, 1.00, 1.00, 1.00, 1.00, 0.00, 1.00, 1.00, 1.00, 0.00, 0.00, 0.00, 1.00, 1.00, 1.00, 0.00, 0.00
7488,  0,  249.567,  0.98,  1, 0.00, 0.00, 1.39, 0.00, 0.72, 1.84, 0.00, 0.22, 1.33, 1.05, 0.00, 0.54, 0.06, 0.00, 1.93, 1.12, 0.00, 0.00, 0.00, 1.00, 1.00, 1.00, 1.00, 0.00, 1.00, 1.00, 1.00, 0.00, 0.00, 0.00, 1.00, 1.00, 1.00, 0.00, 0.00
7489,  0,  249.600,  0.98,  1, 0.00, 0.00, 1.50, 0.00, 0.68, 1.85, 0.00, 0.27, 1.32, 1.05, 0.00, 0.56, 0.06, 0.00, 1.79, 1.13, 0.00, 0.00, 0.00, 1.00, 1.00, 1.00, 1.00, 0.00, 1.00, 1.00, 1.00, 0.00, 0.00, 0.00, 1.00, 1.00, 1.00, 0.00, 0.00
7490,  0,  249.633,  0.98,  1, 0.00, 0.00, 1.44, 0.00, 0.64, 1.85, 0.00, 0.34, 1.36, 1.03, 0.00, 0.66, 0.07, 0.00, 1.69, 1.16, 0.00, 0.00, 0.00, 1.00, 1.00, 1.00, 1.00, 0.00, 1.00, 1.00, 1.00, 0.00, 0.00, 0.00, 1.00, 1.00, 1.00, 0.00, 0.00
7491,  0,  249.667,  0.98,  1, 0.00, 0.00, 1.46, 0.00, 0.71, 1.99, 0.00, 0.35, 1.41, 1.11, 0.00, 0.65, 0.06, 0.00, 1.61, 1.04, 0.00, 0.00, 0.00, 1.00, 1.00, 1.00, 1.00, 0.00, 1.00, 1.00, 1.00, 0.00, 0.00, 0.00, 1.00, 1.00, 1.00, 0.00, 0.00
7492,  0,  249.700,  0.98,  1, 0.00, 0.00, 1.52, 0.00, 0.78, 2.11, 0.00, 0.39, 1.47, 1.16, 0.00, 0.68, 0.01, 0.00, 1.61, 1.00, 0.00, 0.00, 0.00, 1.00, 1.00, 1.00, 1.00, 0.00, 1.00, 1.00, 1.00, 0.00, 0.00, 0.00, 1.00, 1.00, 1.00, 0.00, 0.00
7493,  0,  249.733,  0.98,  1, 0.00, 0.00, 1.59, 0.00, 0.84, 2.18, 0.00, 0.39, 1.51, 1.26, 0.00, 0.58, 0.00, 0.00, 1.64, 0.96, 0.00, 0.00, 0.00, 1.00, 1.00, 1.00, 1.00, 0.00, 1.00, 1.00, 1.00, 0.00, 0.00, 0.00, 1.00, 1.00, 1.00, 0.00, 0.00
7494,  0,  249.767,  0.98,  1, 0.00, 0.00, 1.54, 0.00, 0.88, 2.23, 0.00, 0.43, 1.54, 1.26, 0.00, 0.57, 0.00, 0.03, 1.75, 1.08, 0.00, 0.00, 0.00, 1.00, 1.00, 1.00, 1.00, 0.00, 1.00, 1.00, 1.00, 0.00, 0.00, 0.00, 1.00, 1.00, 1.00, 0.00, 0.00
7495,  0,  249.800,  0.98,  1, 0.00, 0.00, 1.47, 0.00, 0.90, 2.35, 0.00, 0.45, 1.66, 1.30, 0.00, 0.50, 0.00, 0.07, 1.85, 1.22, 0.00, 0.00, 0.00, 1.00, 1.00, 1.00, 1.00, 0.00, 1.00, 1.00, 1.00, 0.00, 0.00, 0.00, 1.00, 1.00, 1.00, 0.00, 0.00
7496,  0,  249.833,  0.98,  1, 0.00, 0.00, 1.39, 0.00, 0.98, 2.44, 0.00, 0.53, 1.78, 1.28, 0.00, 0.56, 0.00, 0.13, 1.90, 1.34, 0.00, 0.00, 0.00, 1.00, 1.00, 1.00, 1.00, 0.00, 1.00, 1.00, 1.00, 0.00, 0.00, 0.00, 1.00, 1.00, 1.00, 0.00, 0.00
7497,  0,  249.867,  0.98,  1, 0.00, 0.00, 1.36, 0.00, 1.06, 2.49, 0.00, 0.67, 1.93, 1.25, 0.00, 0.46, 0.00, 0.16, 1.89, 1.41, 0.00, 0.00, 0.00, 1.00, 1.00, 1.00, 1.00, 0.00, 1.00, 1.00, 1.00, 0.00, 0.00, 0.00, 1.00, 1.00, 1.00, 0.00, 0.00
7498,  0,  249.900,  0.98,  1, 0.00, 0.00, 1.26, 0.00, 1.10, 2.31, 0.00, 0.71, 1.97, 1.18, 0.00, 0.30, 0.00, 0.16, 1.77, 1.30, 0.00, 0.00, 0.00, 1.00, 1.00, 1.00, 1.00, 0.00, 1.00, 1.00, 1.00, 0.00, 0.00, 0.00, 0.00, 1.00, 1.00, 0.00, 0.00
7499,  0,  249.933,  0.98,  1, 0.00, 0.00, 1.20, 0.00, 1.14, 2.23, 0.00, 0.68, 2.03, 1.18, 0.00, 0.09, 0.00, 0.17, 1.73, 1.23, 0.00, 0.00, 0.00, 0.00, 1.00, 1.00, 1.00, 0.00, 1.00, 1.00, 1.00, 0.00, 0.00, 0.00, 0.00, 1.00, 1.00, 0.00, 0.00
7500,  0,  249.967,  0.98,  1, 0.00, 0.00, 1.07, 0.00, 1.20, 2.17, 0.00, 0.64, 2.05, 1.23, 0.00, 0.05, 0.00, 0.22, 1.77, 1.06, 0.00, 0.00, 0.00, 0.00, 1.00, 1.00, 1.00, 0.00, 1.00, 1.00, 1.00, 0.00, 0.00, 0.00, 0.00, 1.00, 1.00, 0.00, 0.00
7501,  0,  250.000,  0.98,  1, 0.00, 0.00, 1.01, 0.00, 1.35, 2.26, 0.00, 0.66, 2.11, 1.40, 0.00, 0.07, 0.00, 0.27, 1.86, 1.01, 0.00, 0.00, 0.00, 0.00, 1.00, 1.00, 1.00, 0.00, 1.00, 1.00, 1.00, 0.00, 0.00, 0.00, 0.00, 1.00, 1.00, 0.00, 0.00
7502,  0,  250.033,  0.98,  1, 0.00, 0.00, 0.99, 0.08, 1.46, 2.40, 0.00, 0.76, 2.16, 1.59, 0.00, 0.11, 0.00, 0.32, 1.99, 0.97, 0.00, 0.00, 0.00, 0.00, 1.00, 1.00, 1.00, 0.00, 1.00, 1.00, 1.00, 0.00, 0.00, 0.00, 0.00, 1.00, 1.00, 0.00, 0.00
7503,  0,  250.067,  0.98,  1, 0.00, 0.00, 0.96, 0.09, 1.54, 2.49, 0.00, 0.82, 2.21, 1.69, 0.00, 0.06, 0.00, 0.33, 1.96, 0.99, 0.00, 0.00, 0.00, 0.00, 1.00, 1.00, 1.00, 0.00, 1.00, 1.00, 1.00, 0.00, 0.00, 0.00, 0.00, 1.00, 1.00, 0.00, 0.00
7504,  0,  250.100,  0.98,  1, 0.00, 0.00, 1.00, 0.09, 1.60, 2.59, 0.00, 0.88, 2.22, 1.72, 0.00, 0.06, 0.00, 0.31, 1.97, 1.01, 0.00, 0.00, 0.00, 0.00, 1.00, 1.00, 1.00, 0.00, 1.00, 1.00, 1.00, 0.00, 0.00, 0.00, 0.00, 1.00, 1.00, 0.00, 0.00
7505,  0,  250.133,  0.98,  1, 0.00, 0.00, 1.08, 0.01, 1.62, 2.56, 0.00, 0.80, 2.17, 1.62, 0.00, 0.02, 0.00, 0.28, 1.94, 1.02, 0.00, 0.00, 0.00, 0.00, 1.00, 1.00, 1.00, 0.00, 1.00, 1.00, 1.00, 0.00, 0.00, 0.00, 0.00, 1.00, 1.00, 0.00, 0.00
7506,  0,  250.167,  0.98,  1, 0.00, 0.00, 1.16, 0.00, 1.64, 2.61, 0.00, 0.82, 2.09, 1.57, 0.00, 0.02, 0.00, 0.23, 1.90, 0.88, 0.00, 0.00, 0.00, 0.00, 1.00, 1.00, 1.00, 0.00, 1.00, 1.00, 1.00, 0.00, 0.00, 0.00, 0.00, 1.00, 1.00, 0.00, 0.00
7507,  0,  250.200,  0.98,  1, 0.00, 0.00, 1.14, 0.00, 1.59, 2.75, 0.00, 0.79, 2.05, 1.51, 0.00, 0.00, 0.00, 0.17, 1.83, 0.72, 0.00, 0.00, 0.00, 0.00, 1.00, 1.00, 1.00, 0.00, 1.00, 1.00, 1.00, 0.00, 0.00, 0.00, 0.00, 1.00, 1.00, 0.00, 0.00
7508,  0,  250.233,  0.98,  1, 0.00, 0.00, 1.04, 0.02, 1.49, 2.76, 0.00, 0.82, 1.95, 1.46, 0.00, 0.09, 0.00, 0.12, 1.72, 0.52, 0.03, 0.00, 0.00, 0.00, 1.00, 1.00, 1.00, 0.00, 1.00, 1.00, 1.00, 0.00, 0.00, 0.00, 0.00, 1.00, 1.00, 0.00, 0.00
7509,  0,  250.267,  0.98,  1, 0.00, 0.00, 1.09, 0.02, 1.31, 2.57, 0.00, 0.67, 1.77, 1.38, 0.00, 0.21, 0.00, 0.10, 1.55, 0.48, 0.04, 0.00, 0.00, 0.00, 1.00, 1.00, 1.00, 0.00, 1.00, 1.00, 1.00, 0.00, 0.00, 0.00, 1.00, 1.00, 1.00, 0.00, 0.00
7510,  0,  250.300,  0.98,  1, 0.00, 0.00, 1.14, 0.02, 1.06, 2.18, 0.00, 0.49, 1.48, 1.15, 0.03, 0.46, 0.00, 0.16, 1.13, 0.35, 0.04, 0.00, 0.00, 0.00, 1.00, 1.00, 1.00, 0.00, 1.00, 1.00, 1.00, 0.00, 0.00, 0.00, 1.00, 1.00, 1.00, 0.00, 0.00
7511,  0,  250.333,  0.98,  1, 0.00, 0.00, 1.19, 0.00, 0.89, 2.00, 0.00, 0.31, 1.19, 0.99, 0.10, 0.75, 0.00, 0.25, 0.64, 0.23, 0.00, 0.00, 0.00, 0.00, 1.00, 1.00, 1.00, 0.00, 1.00, 1.00, 1.00, 0.00, 1.00, 0.00, 1.00, 0.00, 0.00, 0.00, 0.00
7512,  0,  250.367,  0.98,  1, 0.00, 0.00, 1.16, 0.00, 0.77, 1.90, 0.00, 0.24, 0.98, 0.85, 0.10, 0.99, 0.00, 0.31, 0.23, 0.11, 0.00, 0.00, 0.00, 0.00, 1.00, 1.00, 1.00, 0.00, 1.00, 1.00, 1.00, 0.00, 1.00, 0.00, 1.00, 0.00, 0.00, 0.00, 0.00
7513,  0,  250.400,  0.98,  1, 0.00, 0.00, 1.20, 0.00, 0.73, 1.86, 0.00, 0.17, 0.87, 0.99, 0.07, 1.19, 0.00, 0.38, 0.08, 0.19, 0.00, 0.00, 0.00, 1.00, 1.00, 1.00, 1.00, 0.00, 1.00, 1.00, 1.00, 0.00, 1.00, 0.00, 1.00, 0.00, 0.00, 0.00, 0.00
7514,  0,  250.433,  0.98,  1, 0.00, 0.00, 1.27, 0.00, 0.74, 1.91, 0.00, 0.18, 0.87, 1.08, 0.00, 1.14, 0.00, 0.36, 0.20, 0.38, 0.00, 0.00, 0.00, 1.00, 1.00, 1.00, 1.00, 0.00, 1.00, 1.00, 1.00, 0.00, 1.00, 0.00, 1.00, 0.00, 0.00, 0.00, 0.00
7515,  0,  250.467,  0.98,  1, 0.00, 0.00, 1.30, 0.00, 0.76, 1.95, 0.00, 0.27, 0.86, 1.27, 0.03, 1.17, 0.00, 0.33, 0.55, 0.51, 0.00, 0.00, 0.00, 1.00, 1.00, 1.00, 1.00, 0.00, 1.00, 1.00, 1.00, 1.00, 1.00, 0.00, 1.00, 0.00, 0.00, 0.00, 0.00
7516,  0,  250.500,  0.98,  1, 0.00, 0.00, 1.34, 0.00, 0.86, 2.09, 0.00, 0.44, 0.80, 1.33, 0.03, 1.18, 0.03, 0.26, 0.89, 0.60, 0.00, 0.00, 0.00, 1.00, 1.00, 1.00, 1.00, 0.00, 1.00, 1.00, 1.00, 1.00, 1.00, 0.00, 1.00, 0.00, 0.00, 0.00, 0.00
7517,  0,  250.533,  0.98,  1, 0.00, 0.00, 1.28, 0.00, 0.86, 2.05, 0.00, 0.60, 0.65, 1.29, 0.05, 1.27, 0.03, 0.24, 1.04, 0.60, 0.00, 0.00, 0.00, 1.00, 1.00, 1.00, 1.00, 0.00, 1.00, 1.00, 1.00, 1.00, 1.00, 0.00, 1.00, 0.00, 0.00, 0.00, 0.00
7518,  0,  250.567,  0.98,  1, 0.00, 0.00, 1.30, 0.00, 0.85, 2.00, 0.00, 0.65, 0.53, 1.18, 0.02, 1.26, 0.04, 0.23, 1.02, 0.57, 0.00, 0.00, 0.00, 1.00, 1.00, 1.00, 1.00, 0.00, 1.00, 1.00, 1.00, 1.00, 1.00, 0.00, 1.00, 0.00, 0.00, 0.00, 0.00
7519,  0,  250.600,  0.98,  1, 0.01, 0.00, 1.19, 0.00, 0.83, 1.85, 0.00, 0.71, 0.49, 1.05, 0.02, 1.17, 0.13, 0.21, 1.02, 0.45, 0.00, 0.00, 0.00, 1.00, 1.00, 1.00, 1.00, 0.00, 1.00, 1.00, 1.00, 1.00, 1.00, 0.00, 1.00, 0.00, 0.00, 0.00, 0.00
7520,  0,  250.633,  0.98,  1, 0.01, 0.00, 1.24, 0.00, 0.88, 1.85, 0.00, 0.75, 0.53, 1.06, 0.00, 1.02, 0.29, 0.16, 1.02, 0.30, 0.00, 0.00, 0.00, 1.00, 1.00, 1.00, 1.00, 0.00, 1.00, 1.00, 1.00, 1.00, 1.00, 0.00, 1.00, 0.00, 0.00, 0.00, 0.00
7521,  0,  250.667,  0.98,  1, 0.02, 0.00, 1.19, 0.00, 0.95, 1.90, 0.00, 0.80, 0.67, 1.16, 0.00, 0.96, 0.49, 0.10, 1.24, 0.31, 0.00, 0.00, 0.00, 1.00, 1.00, 1.00, 1.00, 0.00, 1.00, 1.00, 1.00, 1.00, 0.00, 0.00, 1.00, 0.00, 0.00, 0.00, 0.00
7522,  0,  250.700,  0.98,  1, 0.01, 0.00, 1.21, 0.09, 0.95, 1.99, 0.00, 0.82, 0.77, 1.23, 0.00, 0.85, 0.62, 0.03, 1.48, 0.36, 0.00, 0.00, 0.00, 1.00, 1.00, 1.00, 1.00, 0.00, 1.00, 1.00, 1.00, 1.00, 0.00, 0.00, 1.00, 0.00, 0.00, 0.00, 0.00
7523,  0,  250.733,  0.98,  1, 0.10, 0.00, 1.19, 0.22, 0.84, 1.88, 0.00, 0.82, 0.76, 1.24, 0.00, 0.80, 0.52, 0.00, 1.62, 0.50, 0.00, 0.00, 0.00, 1.00, 1.00, 1.00, 1.00, 0.00, 1.00, 1.00, 1.00, 0.00, 0.00, 0.00, 1.00, 0.00, 0.00, 0.00, 0.00
7524,  0,  250.767,  0.98,  1, 0.09, 0.00, 1.25, 0.22, 0.65, 1.83, 0.00, 0.66, 0.64, 1.01, 0.00, 0.78, 0.39, 0.04, 1.19, 0.56, 0.00, 0.00, 0.00, 1.00, 1.00, 1.00, 1.00, 0.00, 1.00, 1.00, 1.00, 0.00, 0.00, 0.00, 1.00, 0.00, 0.00, 0.00, 0.00
7525,  0,  250.800,  0.98,  1, 0.13, 0.00, 1.37, 0.13, 0.51, 1.71, 0.00, 0.54, 0.50, 0.73, 0.00, 0.86, 0.23, 0.04, 0.67, 0.58, 0.00, 0.00, 0.00, 1.00, 1.00, 0.00, 1.00, 0.00, 1.00, 1.00, 1.00, 0.00, 1.00, 0.00, 1.00, 0.00, 0.00, 0.00, 0.00
7526,  0,  250.833,  0.98,  1, 0.04, 0.00, 1.43, 0.00, 0.46, 1.57, 0.00, 0.37, 0.45, 0.55, 0.00, 0.94, 0.19, 0.04, 0.25, 0.50, 0.11, 0.00, 0.00, 1.00, 1.00, 0.00, 1.00, 0.00, 1.00, 1.00, 1.00, 0.00, 1.00, 0.00, 1.00, 0.00, 0.00, 0.00, 0.00
7527,  0,  250.867,  0.98,  1, 0.04, 0.00, 1.42, 0.06, 0.42, 1.19, 0.00, 0.34, 0.49, 0.49, 0.00, 0.97, 0.10, 0.00, 0.29, 0.30, 0.46, 0.00, 0.00, 1.00, 1.00, 0.00, 1.00, 0.00, 1.00, 1.00, 1.00, 0.00, 1.00, 0.00, 1.00, 0.00, 0.00, 0.00, 1.00
7528,  0,  250.900,  0.98,  1, 0.01, 0.00, 1.48, 0.25, 0.41, 0.90, 0.00, 0.27, 0.61, 0.40, 0.00, 0.82, 0.02, 0.00, 0.45, 0.17, 0.99, 0.00, 0.00, 1.00, 1.00, 0.00, 1.00, 0.00, 1.00, 1.00, 1.00, 0.00, 1.00, 0.00, 1.00, 0.00, 0.00, 0.00, 1.00
7529,  0,  250.933,  0.98,  1, 0.00, 0.00, 1.50, 0.39, 0.42, 0.76, 0.00, 0.25, 0.74, 0.33, 0.00, 0.65, 0.07, 0.00, 0.79, 0.13, 1.55, 0.00, 0.00, 1.00, 1.00, 0.00, 1.00, 0.00, 1.00, 1.00, 1.00, 0.00, 1.00, 0.00, 1.00, 0.00, 0.00, 0.00, 1.00
7530,  0,  250.967,  0.98,  1, 0.00, 0.00, 1.56, 0.46, 0.51, 0.82, 0.00, 0.26, 0.82, 0.36, 0.00, 0.54, 0.10, 0.00, 1.14, 0.29, 1.78, 0.00, 0.00, 1.00, 1.00, 0.00, 1.00, 0.00, 1.00, 1.00, 1.00, 0.00, 0.00, 0.00, 1.00, 0.00, 0.00, 0.00, 1.00
7531,  0,  251.000,  0.98,  1, 0.00, 0.00, 1.56, 0.43, 0.61, 0.97, 0.00, 0.27, 0.91, 0.60, 0.00, 0.45, 0.21, 0.00, 1.45, 0.44, 1.90, 0.00, 0.00, 1.00, 1.00, 0.00, 1.00, 0.00, 1.00, 1.00, 1.00, 0.00, 0.00, 0.00, 1.00, 1.00, 1.00, 0.00, 1.00
7532,  0,  251.033,  0.98,  1, 0.00, 0.00, 1.53, 0.46, 0.72, 1.15, 0.00, 0.37, 1.02, 0.75, 0.00, 0.38, 0.25, 0.00, 1.66, 0.52, 1.81, 0.00, 0.00, 1.00, 1.00, 1.00, 1.00, 0.00, 1.00, 1.00, 1.00, 0.00, 0.00, 0.00, 1.00, 1.00, 1.00, 0.00, 1.00
7533,  0,  251.067,  0.98,  1, 0.00, 0.00, 1.57, 0.37, 0.79, 1.15, 0.00, 0.44, 1.17, 0.87, 0.00, 0.26, 0.34, 0.00, 1.78, 0.67, 1.80, 0.00, 0.00, 1.00, 1.00, 1.00, 1.00, 0.00, 1.00, 1.00, 1.00, 0.00, 0.00, 0.00, 1.00, 1.00, 1.00, 0.00, 1.00
7534,  0,  251.100,  0.98,  1, 0.00, 0.00, 1.45, 0.37, 0.82, 1.13, 0.00, 0.55, 1.25, 0.86, 0.00, 0.20, 0.27, 0.00, 1.93, 0.73, 1.84, 0.00, 0.00, 1.00, 1.00, 1.00, 1.00, 0.00, 1.00, 1.00, 1.00, 0.00, 0.00, 0.00, 1.00, 1.00, 1.00, 0.00, 1.00
7535,  0,  251.133,  0.98,  1, 0.00, 0.00, 1.42, 0.32, 0.78, 0.97, 0.00, 0.56, 1.24, 0.83, 0.00, 0.17, 0.27, 0.00, 1.95, 0.80, 1.91, 0.00, 0.00, 1.00, 1.00, 1.00, 1.00, 0.00, 1.00, 1.00, 1.00, 0.00, 0.00, 0.00, 1.00, 1.00, 1.00, 0.00, 1.00
7536,  0,  251.167,  0.98,  1, 0.00, 0.00, 1.24, 0.35, 0.72, 0.93, 0.00, 0.52, 1.20, 0.74, 0.00, 0.19, 0.19, 0.00, 1.94, 0.74, 2.14, 0.00, 0.00, 1.00, 1.00, 1.00, 1.00, 0.00, 1.00, 1.00, 1.00, 0.00, 0.00, 0.00, 1.00, 1.00, 1.00, 0.00, 1.00
7537,  0,  251.200,  0.98,  1, 0.00, 0.00, 1.19, 0.23, 0.71, 0.84, 0.00, 0.48, 1.17, 0.74, 0.00, 0.18, 0.23, 0.00, 1.86, 0.71, 2.21, 0.00, 0.00, 1.00, 1.00, 1.00, 1.00, 0.00, 1.00, 1.00, 1.00, 0.00, 0.00, 0.00, 1.00, 1.00, 1.00, 0.00, 1.00
7538,  0,  251.233,  0.98,  1, 0.00, 0.00, 1.13, 0.15, 0.72, 0.86, 0.00, 0.46, 1.13, 0.80, 0.00, 0.26, 0.27, 0.00, 1.75, 0.63, 2.17, 0.00, 0.00, 1.00, 1.00, 1.00, 1.00, 0.00, 1.00, 1.00, 1.00, 0.00, 0.00, 0.00, 1.00, 1.00, 1.00, 0.00, 1.00
7539,  0,  251.267,  0.98,  1, 0.00, 0.00, 1.21, 0.13, 0.75, 0.86, 0.00, 0.46, 1.07, 0.92, 0.00, 0.28, 0.41, 0.00, 1.53, 0.51, 2.12, 0.00, 0.00, 1.00, 1.00, 1.00, 1.00, 0.00, 1.00, 1.00, 1.00, 0.00, 0.00, 0.00, 1.00, 1.00, 1.00, 0.00, 1.00
7540,  0,  251.300,  0.98,  1, 0.00, 0.00, 1.22, 0.16, 0.77, 0.91, 0.00, 0.52, 1.09, 1.03, 0.00, 0.32, 0.45, 0.00, 1.36, 0.42, 2.12, 0.00, 0.00, 1.00, 1.00, 1.00, 1.00, 0.00, 1.00, 1.00, 1.00, 0.00, 0.00, 0.00, 1.00, 1.00, 1.00, 0.00, 1.00
7541,  0,  251.333,  0.98,  1, 0.00, 0.00, 1.16, 0.15, 0.77, 0.89, 0.01, 0.48, 1.11, 1.18, 0.00, 0.31, 0.48, 0.00, 1.27, 0.46, 2.33, 0.00, 0.00, 1.00, 1.00, 1.00, 1.00, 0.00, 1.00, 1.00, 1.00, 0.00, 0.00, 0.00, 1.00, 1.00, 1.00, 0.00, 1.00
7542,  0,  251.367,  0.98,  1, 0.00, 0.00, 1.04, 0.12, 0.85, 1.03, 0.01, 0.51, 1.11, 1.17, 0.00, 0.25, 0.41, 0.00, 1.32, 0.48, 2.30, 0.00, 0.00, 1.00, 1.00, 1.00, 1.00, 0.00, 1.00, 1.00, 1.00, 0.00, 0.00, 0.00, 1.00, 1.00, 1.00, 0.00, 1.00
7543,  0,  251.400,  0.98,  1, 0.00, 0.00, 1.00, 0.04, 0.94, 1.26, 0.01, 0.41, 1.09, 1.26, 0.00, 0.30, 0.43, 0.00, 1.28, 0.55, 2.32, 0.00, 0.00, 1.00, 1.00, 1.00, 1.00, 0.00, 1.00, 1.00, 1.00, 0.00, 0.00, 0.00, 1.00, 1.00, 0.00, 0.00, 1.00
7544,  0,  251.433,  0.98,  1, 0.00, 0.00, 1.05, 0.02, 0.99, 1.31, 0.00, 0.40, 1.16, 1.29, 0.00, 0.27, 0.26, 0.00, 1.24, 0.56, 2.37, 0.00, 0.00, 1.00, 1.00, 1.00, 1.00, 0.00, 1.00, 1.00, 1.00, 0.00, 0.00, 0.00, 1.00, 1.00, 0.00, 0.00, 1.00
7545,  0,  251.467,  0.98,  1, 0.00, 0.00, 1.13, 0.01, 0.96, 1.35, 0.01, 0.43, 1.21, 1.49, 0.00, 0.27, 0.26, 0.00, 1.24, 0.66, 2.44, 0.00, 0.00, 1.00, 1.00, 1.00, 1.00, 0.00, 1.00, 1.00, 1.00, 0.00, 0.00, 0.00, 1.00, 1.00, 0.00, 0.00, 1.00
7546,  0,  251.500,  0.98,  1, 0.00, 0.00, 1.18, 0.11, 0.91, 1.12, 0.01, 0.55, 1.26, 1.60, 0.00, 0.32, 0.33, 0.00, 1.24, 0.83, 2.39, 0.00, 0.00, 1.00, 1.00, 1.00, 1.00, 0.00, 1.00, 1.00, 1.00, 0.00, 0.00, 0.00, 1.00, 1.00, 0.00, 0.00, 1.00
7547,  0,  251.533,  0.98,  1, 0.00, 0.00, 1.27, 0.28, 0.90, 1.21, 0.01, 0.62, 1.25, 1.71, 0.00, 0.30, 0.50, 0.00, 1.26, 0.85, 2.32, 0.00, 0.00, 1.00, 1.00, 1.00, 1.00, 0.00, 1.00, 1.00, 1.00, 0.00, 0.00, 0.00, 1.00, 1.00, 0.00, 0.00, 1.00
7548,  0,  251.567,  0.98,  1, 0.00, 0.00, 1.28, 0.34, 0.83, 0.98, 0.03, 0.53, 1.22, 1.63, 0.00, 0.35, 0.57, 0.00, 1.22, 0.77, 2.35, 0.00, 0.00, 1.00, 1.00, 1.00, 1.00, 0.00, 1.00, 1.00, 1.00, 0.00, 0.00, 0.00, 1.00, 1.00, 0.00, 0.00, 1.00
7549,  0,  251.600,  0.98,  1, 0.00, 0.00, 1.35, 0.34, 0.81, 1.10, 0.04, 0.37, 1.18, 1.42, 0.00, 0.31, 0.50, 0.00, 1.15, 0.59, 2.35, 0.00, 0.00, 1.00, 1.00, 1.00, 1.00, 0.00, 1.00, 1.00, 1.00, 0.00, 0.00, 0.00, 1.00, 0.00, 0.00, 0.00, 1.00
7550,  0,  251.633,  0.98,  1, 0.00, 0.00, 1.32, 0.28, 0.79, 1.09, 0.09, 0.21, 1.10, 1.21, 0.00, 0.35, 0.46, 0.00, 1.08, 0.48, 2.23, 0.00, 0.00, 1.00, 1.00, 1.00, 1.00, 0.00, 1.00, 0.00, 1.00, 0.00, 0.00, 1.00, 1.00, 0.00, 0.00, 0.00, 1.00
7551,  0,  251.667,  0.98,  1, 0.00, 0.00, 1.29, 0.26, 0.85, 1.39, 0.09, 0.17, 1.05, 1.05, 0.00, 0.32, 0.47, 0.00, 1.05, 0.39, 2.00, 0.00, 0.00, 1.00, 1.00, 1.00, 1.00, 0.00, 1.00, 0.00, 1.00, 0.00, 0.00, 0.00, 1.00, 0.00, 0.00, 0.00, 1.00
7552,  0,  251.700,  0.98,  1, 0.00, 0.00, 1.23, 0.26, 0.85, 1.38, 0.08, 0.17, 1.02, 0.91, 0.00, 0.28, 0.52, 0.00, 1.04, 0.30, 1.80, 0.00, 0.00, 1.00, 1.00, 1.00, 1.00, 0.00, 1.00, 0.00, 1.00, 0.00, 0.00, 0.00, 1.00, 0.00, 0.00, 0.00, 1.00
7553,  0,  251.733,  0.98,  1, 0.00, 0.00, 1.14, 0.25, 0.84, 1.40, 0.04, 0.11, 1.03, 0.84, 0.00, 0.21, 0.46, 0.00, 1.09, 0.30, 1.65, 0.00, 0.00, 1.00, 1.00, 1.00, 1.00, 0.00, 1.00, 0.00, 1.00, 0.00, 0.00, 0.00, 1.00, 0.00, 0.00, 0.00, 1.00
7554,  0,  251.767,  0.98,  1, 0.00, 0.00, 1.05, 0.31, 0.82, 1.28, 0.00, 0.09, 1.03, 0.81, 0.00, 0.21, 0.44, 0.00, 1.10, 0.38, 1.65, 0.00, 0.00, 1.00, 1.00, 1.00, 1.00, 0.00, 1.00, 0.00, 1.00, 0.00, 0.00, 0.00, 1.00, 0.00, 0.00, 0.00, 1.00
7555,  0,  251.800,  0.98,  1, 0.00, 0.00, 0.92, 0.30, 0.73, 1.16, 0.00, 0.02, 0.99, 0.86, 0.00, 0.17, 0.44, 0.00, 1.13, 0.45, 1.66, 0.00, 0.00, 1.00, 1.00, 1.00, 1.00, 0.00, 1.00, 0.00, 1.00, 0.00, 0.00, 0.00, 1.00, 0.00, 0.00, 0.00, 1.00
7556,  0,  251.833,  0.98,  1, 0.00, 0.00, 0.80, 0.29, 0.65, 1.09, 0.00, 0.02, 0.99, 0.76, 0.00, 0.12, 0.51, 0.00, 1.15, 0.45, 1.65, 0.00, 0.00, 1.00, 1.00, 0.00, 1.00, 0.00, 1.00, 0.00, 1.00, 0.00, 1.00, 0.00, 0.00, 0.00, 0.00, 0.00, 1.00
7557,  0,  251.867,  0.98,  1, 0.00, 0.00, 0.77, 0.28, 0.51, 1.07, 0.00, 0.00, 0.93, 0.63, 0.00, 0.11, 0.56, 0.06, 1.16, 0.38, 1.54, 0.00, 0.00, 1.00, 1.00, 0.00, 1.00, 0.00, 1.00, 0.00, 1.00, 0.00, 1.00, 0.00, 0.00, 1.00, 0.00, 0.00, 1.00
7558,  0,  251.900,  0.93,  1, 0.00, 0.00, 0.72, 0.36, 0.49, 1.16, 0.11, 0.00, 0.93, 0.37, 0.00, 0.26, 0.69, 0.22, 1.22, 0.32, 1.34, 0.00, 0.00, 0.00, 1.00, 0.00, 1.00, 0.00, 1.00, 0.00, 1.00, 0.00, 1.00, 0.00, 0.00, 1.00, 0.00, 0.00, 1.00
7559,  0,  251.933,  0.93,  1, 0.01, 0.00, 0.63, 0.44, 0.49, 1.32, 0.19, 0.00, 0.93, 0.17, 0.00, 0.56, 0.85, 0.41, 1.19, 0.32, 1.08, 0.00, 0.00, 0.00, 1.00, 0.00, 0.00, 0.00, 1.00, 0.00, 1.00, 0.00, 1.00, 0.00, 0.00, 1.00, 0.00, 0.00, 1.00
7560,  0,  251.967,  0.93,  1, 0.01, 0.00, 0.43, 0.36, 0.56, 1.41, 0.33, 0.00, 0.89, 0.09, 0.00, 0.67, 0.89, 0.60, 1.21, 0.31, 0.68, 0.00, 0.00, 0.00, 0.00, 0.00, 0.00, 0.00, 1.00, 0.00, 1.00, 0.00, 1.00, 0.00, 0.00, 1.00, 0.00, 0.00, 1.00
7561,  0,  252.000,  0.98,  1, 0.03, 0.00, 0.30, 0.23, 0.54, 1.34, 0.37, 0.00, 0.81, 0.10, 0.00, 0.68, 0.85, 0.55, 1.20, 0.33, 0.64, 0.00, 0.00, 0.00, 0.00, 0.00, 0.00, 0.00, 1.00, 0.00, 1.00, 0.00, 1.00, 0.00, 0.00, 0.00, 0.00, 0.00, 1.00
7562,  0,  252.033,  0.98,  1, 0.10, 0.00, 0.15, 0.08, 0.48, 1.15, 0.41, 0.00, 0.74, 0.16, 0.00, 0.54, 0.66, 0.36, 1.24, 0.44, 0.75, 0.00, 0.00, 0.00, 0.00, 0.00, 0.00, 0.00, 1.00, 1.00, 1.00, 0.00, 1.00, 0.00, 1.00, 0.00, 0.00, 0.00, 1.00
7563,  0,  252.067,  0.98,  1, 0.23, 0.00, 0.14, 0.08, 0.38, 0.73, 0.34, 0.00, 0.82, 0.39, 0.00, 0.56, 0.55, 0.11, 1.27, 0.54, 1.10, 0.00, 0.00, 0.00, 0.00, 0.00, 0.00, 0.00, 1.00, 1.00, 1.00, 0.00, 1.00, 0.00, 1.00, 0.00, 0.00, 0.00, 1.00
7564,  0,  252.100,  0.98,  1, 0.26, 0.00, 0.13, 0.03, 0.37, 0.46, 0.21, 0.00, 0.95, 0.52, 0.00, 0.44, 0.48, 0.00, 1.25, 0.54, 1.40, 0.00, 0.00, 0.00, 0.00, 0.00, 0.00, 0.00, 1.00, 1.00, 1.00, 0.00, 0.00, 0.00, 1.00, 0.00, 0.00, 0.00, 1.00
7565,  0,  252.133,  0.98,  1, 0.18, 0.00, 0.13, 0.00, 0.39, 0.12, 0.09, 0.00, 1.06, 0.73, 0.00, 0.38, 0.40, 0.00, 1.21, 0.45, 1.63, 0.00, 0.00, 0.00, 0.00, 0.00, 0.00, 0.00, 1.00, 1.00, 1.00, 0.00, 0.00, 0.00, 1.00, 0.00, 0.00, 0.00, 1.00
7566,  0,  252.167,  0.98,  1, 0.12, 0.00, 0.16, 0.00, 0.43, 0.05, 0.01, 0.00, 1.11, 0.69, 0.00, 0.31, 0.49, 0.00, 1.19, 0.37, 1.76, 0.00, 0.00, 0.00, 0.00, 0.00, 0.00, 0.00, 1.00, 1.00, 1.00, 0.00, 0.00, 0.00, 1.00, 0.00, 0.00, 0.00, 1.00
7567,  0,  252.200,  0.98,  1, 0.15, 0.00, 0.14, 0.00, 0.40, 0.13, 0.00, 0.00, 1.12, 0.85, 0.00, 0.32, 0.62, 0.00, 1.28, 0.48, 1.73, 0.00, 0.00, 0.00, 0.00, 0.00, 0.00, 0.00, 1.00, 1.00, 1.00, 0.00, 0.00, 0.00, 1.00, 0.00, 0.00, 0.00, 1.00
7568,  0,  252.233,  0.98,  1, 0.28, 0.00, 0.23, 0.01, 0.36, 0.13, 0.00, 0.00, 1.11, 0.83, 0.06, 0.37, 0.74, 0.00, 1.34, 0.43, 1.79, 0.00, 0.00, 0.00, 0.00, 0.00, 0.00, 0.00, 1.00, 1.00, 1.00, 0.00, 0.00, 0.00, 1.00, 0.00, 0.00, 0.00, 1.00
7569,  0,  252.267,  0.98,  1, 0.32, 0.00, 0.16, 0.05, 0.34, 0.14, 0.00, 0.00, 1.08, 0.83, 0.13, 0.37, 0.72, 0.00, 1.31, 0.43, 1.95, 0.00, 0.00, 0.00, 0.00, 0.00, 0.00, 0.00, 1.00, 1.00, 1.00, 0.00, 0.00, 0.00, 1.00, 0.00, 0.00, 0.00, 1.00
7570,  0,  252.300,  0.98,  1, 0.27, 0.00, 0.15, 0.05, 0.41, 0.24, 0.00, 0.00, 1.07, 0.50, 0.13, 0.41, 0.70, 0.00, 1.25, 0.26, 2.05, 0.00, 0.00, 0.00, 0.00, 0.00, 0.00, 0.00, 1.00, 1.00, 1.00, 0.00, 0.00, 0.00, 1.00, 0.00, 0.00, 0.00, 1.00
7571,  0,  252.333,  0.98,  1, 0.14, 0.00, 0.06, 0.04, 0.51, 0.60, 0.00, 0.00, 1.07, 0.29, 0.08, 0.39, 0.80, 0.00, 1.23, 0.30, 1.85, 0.00, 0.00, 0.00, 0.00, 0.00, 0.00, 0.00, 1.00, 1.00, 1.00, 0.00, 0.00, 0.00, 1.00, 0.00, 0.00, 0.00, 1.00
7572,  0,  252.367,  0.98,  1, 0.02, 0.00, 0.08, 0.00, 0.51, 0.59, 0.00, 0.00, 1.01, 0.21, 0.09, 0.39, 0.73, 0.00, 1.32, 0.29, 1.47, 0.00, 0.00, 0.00, 0.00, 0.00, 0.00, 0.00, 1.00, 1.00, 1.00, 0.00, 0.00, 0.00, 1.00, 0.00, 0.00, 0.00, 1.00
7573,  0,  252.400,  0.98,  1, 0.10, 0.00, 0.05, 0.00, 0.43, 0.36, 0.00, 0.00, 0.98, 0.44, 0.16, 0.28, 0.44, 0.00, 1.36, 0.41, 1.03, 0.00, 0.00, 0.00, 0.00, 0.00, 0.00, 0.00, 1.00, 1.00, 1.00, 1.00, 0.00, 0.00, 1.00, 0.00, 0.00, 0.00, 1.00
7574,  0,  252.433,  0.98,  1, 0.28, 0.00, 0.09, 0.00, 0.33, 0.05, 0.00, 0.00, 0.95, 0.64, 0.24, 0.19, 0.22, 0.00, 1.29, 0.47, 0.80, 0.00, 0.00, 0.00, 0.00, 0.00, 0.00, 0.00, 1.00, 1.00, 1.00, 1.00, 0.00, 0.00, 1.00, 0.00, 0.00, 0.00, 0.00
7575,  0,  252.467,  0.98,  1, 0.34, 0.00, 0.04, 0.00, 0.37, 0.14, 0.00, 0.14, 1.02, 0.79, 0.26, 0.25, 0.18, 0.00, 1.12, 0.50, 0.57, 0.00, 0.00, 0.00, 0.00, 0.00, 0.00, 0.00, 1.00, 1.00, 1.00, 1.00, 0.00, 0.00, 1.00, 0.00, 0.00, 0.00, 0.00
7576,  0,  252.500,  0.98,  1, 0.32, 0.00, 0.04, 0.00, 0.38, 0.14, 0.00, 0.20, 1.09, 0.88, 0.23, 0.27, 0.29, 0.00, 0.97, 0.58, 0.43, 0.00, 0.00, 0.00, 0.00, 0.00, 0.00, 0.00, 1.00, 1.00, 1.00, 1.00, 0.00, 0.00, 1.00, 0.00, 0.00, 0.00, 0.00
7577,  0,  252.533,  0.98,  1, 0.25, 0.00, 0.00, 0.00, 0.40, 0.11, 0.00, 0.39, 1.16, 0.99, 0.19, 0.34, 0.47, 0.00, 0.87, 0.65, 0.34, 0.00, 0.00, 0.00, 0.00, 0.00, 0.00, 0.00, 1.00, 1.00, 1.00, 1.00, 0.00, 0.00, 1.00, 0.00, 0.00, 0.00, 0.00
7578,  0,  252.567,  0.98,  1, 0.30, 0.00, 0.00, 0.00, 0.40, 0.08, 0.00, 0.42, 1.24, 1.09, 0.09, 0.23, 0.66, 0.00, 0.79, 0.76, 0.47, 0.00, 0.00, 0.00, 0.00, 0.00, 0.00, 0.00, 1.00, 1.00, 1.00, 1.00, 0.00, 0.00, 1.00, 0.00, 0.00, 0.00, 0.00
7579,  0,  252.600,  0.98,  1, 0.32, 0.00, 0.00, 0.00, 0.43, 0.08, 0.00, 0.47, 1.28, 1.25, 0.08, 0.23, 0.80, 0.00, 0.61, 0.75, 0.69, 0.00, 0.00, 0.00, 0.00, 0.00, 0.00, 0.00, 1.00, 1.00, 1.00, 1.00, 0.00, 0.00, 1.00, 0.00, 0.00, 0.00, 0.00
7580,  0,  252.633,  0.98,  1, 0.35, 0.00, 0.03, 0.00, 0.40, 0.04, 0.00, 0.40, 1.30, 1.16, 0.10, 0.12, 0.86, 0.00, 0.56, 0.78, 0.86, 0.00, 0.00, 0.00, 0.00, 0.00, 0.00, 0.00, 1.00, 1.00, 1.00, 1.00, 0.00, 0.00, 1.00, 0.00, 0.00, 0.00, 0.00
7581,  0,  252.667,  0.98,  1, 0.31, 0.00, 0.03, 0.00, 0.36, 0.00, 0.00, 0.32, 1.30, 1.10, 0.08, 0.07, 0.86, 0.00, 0.46, 0.83, 1.01, 0.00, 0.00, 0.00, 0.00, 0.00, 0.00, 0.00, 1.00, 1.00, 1.00, 1.00, 0.00, 0.00, 1.00, 0.00, 0.00, 0.00, 0.00
7582,  0,  252.700,  0.98,  1, 0.27, 0.00, 0.03, 0.00, 0.40, 0.08, 0.00, 0.39, 1.31, 0.83, 0.07, 0.07, 0.90, 0.00, 0.55, 0.69, 1.15, 0.00, 0.00, 0.00, 0.00, 0.00, 0.00, 0.00, 1.00, 1.00, 1.00, 1.00, 0.00, 0.00, 1.00, 0.00, 0.00, 0.00, 0.00
7583,  0,  252.733,  0.98,  1, 0.20, 0.00, 0.00, 0.00, 0.44, 0.08, 0.00, 0.47, 1.34, 0.70, 0.01, 0.07, 0.87, 0.00, 0.49, 0.48, 1.20, 0.00, 0.00, 0.00, 0.00, 0.00, 0.00, 0.00, 1.00, 1.00, 1.00, 1.00, 0.00, 0.00, 1.00, 0.00, 0.00, 0.00, 0.00
7584,  0,  252.767,  0.98,  1, 0.14, 0.00, 0.00, 0.00, 0.48, 0.25, 0.00, 0.37, 1.20, 0.44, 0.01, 0.14, 0.77, 0.00, 0.54, 0.23, 1.12, 0.00, 0.00, 0.00, 0.00, 0.00, 0.00, 0.00, 1.00, 1.00, 1.00, 1.00, 0.00, 0.00, 1.00, 0.00, 0.00, 0.00, 0.00
7585,  0,  252.800,  0.98,  1, 0.17, 0.00, 0.00, 0.00, 0.40, 0.17, 0.00, 0.19, 1.06, 0.48, 0.12, 0.08, 0.72, 0.00, 0.41, 0.21, 1.00, 0.00, 0.00, 0.00, 0.00, 0.00, 0.00, 0.00, 1.00, 1.00, 1.00, 1.00, 0.00, 0.00, 1.00, 0.00, 0.00, 0.00, 0.00
7586,  0,  252.833,  0.98,  1, 0.20, 0.00, 0.00, 0.00, 0.37, 0.25, 0.00, 0.00, 0.92, 0.54, 0.13, 0.08, 0.73, 0.00, 0.35, 0.19, 1.02, 0.00, 0.00, 0.00, 0.00, 0.00, 0.00, 0.00, 1.00, 1.00, 1.00, 1.00, 0.00, 0.00, 1.00, 0.00, 0.00, 0.00, 0.00
7587,  0,  252.867,  0.98,  1, 0.33, 0.00, 0.03, 0.00, 0.32, 0.09, 0.00, 0.00, 0.92, 0.84, 0.12, 0.00, 0.99, 0.00, 0.30, 0.33, 0.97, 0.00, 0.00, 0.00, 0.00, 0.00, 0.00, 0.00, 1.00, 0.00, 1.00, 1.00, 0.00, 0.00, 1.00, 0.00, 0.00, 0.00, 0.00
7588,  0,  252.900,  0.98,  1, 0.39, 0.00, 0.03, 0.00, 0.28, 0.09, 0.00, 0.00, 0.89, 0.92, 0.14, 0.00, 0.97, 0.00, 0.28, 0.41, 1.01, 0.00, 0.00, 0.00, 0.00, 0.00, 0.00, 0.00, 1.00, 0.00, 1.00, 1.00, 0.00, 0.00, 0.00, 0.00, 0.00, 0.00, 0.00
7589,  0,  252.933,  0.98,  1, 0.44, 0.00, 0.03, 0.00, 0.22, 0.00, 0.00, 0.00, 0.85, 1.09, 0.24, 0.00, 1.03, 0.00, 0.31, 0.45, 0.80, 0.00, 0.00, 0.00, 0.00, 0.00, 0.00, 0.00, 1.00, 0.00, 1.00, 1.00, 0.00, 0.00, 0.00, 0.00, 0.00, 0.00, 0.00
7590,  0,  252.967,  0.98,  1, 0.44, 0.00, 0.02, 0.00, 0.20, 0.00, 0.00, 0.00, 0.83, 1.02, 0.24, 0.00, 0.84, 0.00, 0.36, 0.27, 0.87, 0.00, 0.00, 0.00, 0.00, 0.00, 0.00, 0.00, 1.00, 0.00, 1.00, 1.00, 0.00, 0.00, 0.00, 0.00, 0.00, 0.00, 0.00
7591,  0,  253.000,  0.98,  1, 0.46, 0.00, 0.10, 0.00, 0.25, 0.15, 0.00, 0.00, 0.83, 1.09, 0.11, 0.00, 1.02, 0.00, 0.35, 0.14, 0.75, 0.00, 0.00, 0.00, 0.00, 0.00, 0.00, 0.00, 1.00, 0.00, 1.00, 1.00, 0.00, 0.00, 0.00, 0.00, 0.00, 0.00, 0.00
7592,  0,  253.033,  0.98,  1, 0.47, 0.00, 0.14, 0.00, 0.27, 0.33, 0.00, 0.00, 0.83, 0.96, 0.00, 0.00, 1.04, 0.00, 0.28, 0.04, 0.91, 0.00, 0.00, 0.00, 0.00, 0.00, 0.00, 0.00, 0.00, 0.00, 1.00, 1.00, 0.00, 0.00, 0.00, 0.00, 0.00, 0.00, 0.00
7593,  0,  253.067,  0.98,  1, 0.53, 0.00, 0.14, 0.00, 0.28, 0.51, 0.00, 0.00, 0.84, 0.98, 0.00, 0.00, 1.19, 0.00, 0.13, 0.05, 0.94, 0.00, 0.00, 0.00, 0.00, 0.00, 0.00, 0.00, 1.00, 0.00, 1.00, 1.00, 0.00, 0.00, 0.00, 0.00, 0.00, 0.00, 0.00
7594,  0,  253.100,  0.98,  1, 0.44, 0.00, 0.11, 0.00, 0.27, 0.50, 0.00, 0.10, 0.80, 0.80, 0.00, 0.00, 0.99, 0.00, 0.14, 0.01, 1.03, 0.00, 0.00, 0.00, 0.00, 0.00, 0.00, 0.00, 1.00, 0.00, 1.00, 1.00, 0.00, 0.00, 0.00, 0.00, 0.00, 0.00, 0.00
7595,  0,  253.133,  0.98,  1, 0.42, 0.00, 0.15, 0.00, 0.22, 0.37, 0.00, 0.24, 0.78, 0.63, 0.05, 0.00, 0.85, 0.00, 0.26, 0.12, 0.93, 0.00, 0.00, 0.00, 0.00, 0.00, 0.00, 0.00, 1.00, 1.00, 1.00, 1.00, 0.00, 0.00, 0.00, 0.00, 0.00, 0.00, 0.00
7596,  0,  253.167,  0.98,  1, 0.27, 0.00, 0.12, 0.00, 0.18, 0.19, 0.00, 0.34, 0.82, 0.29, 0.05, 0.00, 0.63, 0.00, 0.51, 0.24, 0.76, 0.00, 0.00, 0.00, 0.00, 0.00, 0.00, 0.00, 1.00, 1.00, 1.00, 1.00, 0.00, 0.00, 0.00, 0.00, 0.00, 0.00, 0.00
7597,  0,  253.200,  0.98,  1, 0.26, 0.00, 0.13, 0.00, 0.15, 0.04, 0.00, 0.36, 0.95, 0.30, 0.05, 0.00, 0.62, 0.00, 0.57, 0.35, 0.51, 0.00, 0.00, 0.00, 0.00, 0.00, 0.00, 0.00, 1.00, 1.00, 1.00, 1.00, 0.00, 0.00, 1.00, 0.00, 0.00, 0.00, 0.00
7598,  0,  253.233,  0.98,  1, 0.25, 0.00, 0.13, 0.00, 0.12, 0.00, 0.00, 0.28, 1.01, 0.52, 0.00, 0.00, 0.56, 0.00, 0.51, 0.32, 0.42, 0.00, 0.00, 0.00, 0.00, 0.00, 0.00, 0.00, 1.00, 1.00, 1.00, 1.00, 0.00, 0.00, 1.00, 0.00, 0.00, 0.00, 0.00
7599,  0,  253.267,  0.98,  1, 0.30, 0.00, 0.17, 0.00, 0.14, 0.00, 0.00, 0.33, 1.00, 0.67, 0.02, 0.00, 0.61, 0.00, 0.37, 0.27, 0.36, 0.00, 0.00, 0.00, 0.00, 0.00, 0.00, 0.00, 1.00, 1.00, 1.00, 1.00, 0.00, 0.00, 1.00, 0.00, 0.00, 0.00, 0.00
7600,  0,  253.300,  0.98,  1, 0.39, 0.00, 0.15, 0.00, 0.08, 0.00, 0.00, 0.32, 0.93, 0.65, 0.04, 0.00, 0.65, 0.00, 0.39, 0.26, 0.40, 0.00, 0.00, 0.00, 0.00, 0.00, 0.00, 0.00, 1.00, 1.00, 1.00, 1.00, 0.00, 0.00, 1.00, 0.00, 0.00, 0.00, 0.00
7601,  0,  253.333,  0.98,  1, 0.46, 0.00, 0.06, 0.00, 0.08, 0.00, 0.00, 0.45, 0.87, 0.50, 0.28, 0.00, 0.58, 0.00, 0.42, 0.30, 0.39, 0.00, 0.00, 0.00, 0.00, 0.00, 0.00, 0.00, 1.00, 1.00, 1.00, 1.00, 0.00, 0.00, 1.00, 0.00, 0.00, 0.00, 0.00
7602,  0,  253.367,  0.98,  1, 0.48, 0.00, 0.02, 0.00, 0.03, 0.00, 0.00, 0.41, 0.80, 0.48, 0.46, 0.00, 0.53, 0.00, 0.33, 0.35, 0.35, 0.00, 0.00, 0.00, 0.00, 0.00, 0.00, 0.00, 0.00, 1.00, 1.00, 1.00, 0.00, 0.00, 1.00, 0.00, 0.00, 0.00, 0.00
7603,  0,  253.400,  0.98,  1, 0.50, 0.00, 0.00, 0.00, 0.01, 0.00, 0.00, 0.35, 0.72, 0.51, 0.78, 0.00, 0.42, 0.00, 0.20, 0.30, 0.45, 0.00, 0.00, 0.00, 0.00, 0.00, 0.00, 0.00, 0.00, 1.00, 1.00, 1.00, 0.00, 0.00, 1.00, 0.00, 0.00, 0.00, 0.00
7604,  0,  253.433,  0.98,  1, 0.52, 0.00, 0.00, 0.00, 0.00, 0.00, 0.00, 0.19, 0.59, 0.67, 1.01, 0.07, 0.39, 0.00, 0.06, 0.32, 0.48, 0.00, 0.00, 0.00, 0.00, 0.00, 0.00, 0.00, 0.00, 1.00, 1.00, 1.00, 0.00, 0.00, 1.00, 0.00, 0.00, 0.00, 0.00
7605,  0,  253.467,  0.98,  1, 0.69, 0.00, 0.00, 0.00, 0.00, 0.00, 0.00, 0.08, 0.45, 0.69, 1.25, 0.10, 0.40, 0.00, 0.00, 0.19, 0.60, 0.00, 0.00, 0.00, 0.00, 0.00, 0.00, 0.00, 0.00, 0.00, 1.00, 1.00, 0.00, 0.00, 1.00, 0.00, 0.00, 0.00, 0.00
7606,  0,  253.500,  0.98,  1, 0.73, 0.00, 0.00, 0.00, 0.00, 0.00, 0.00, 0.05, 0.24, 0.76, 1.23, 0.11, 0.50, 0.00, 0.00, 0.13, 0.72, 0.00, 0.00, 0.00, 0.00, 0.00, 0.00, 0.00, 0.00, 0.00, 1.00, 1.00, 0.00, 0.00, 1.00, 0.00, 0.00, 0.00, 0.00
7607,  0,  253.533,  0.98,  1, 0.86, 0.00, 0.00, 0.00, 0.00, 0.04, 0.00, 0.02, 0.10, 0.62, 1.21, 0.05, 0.74, 0.00, 0.00, 0.00, 0.88, 0.00, 0.00, 0.00, 0.00, 0.00, 0.00, 0.00, 0.00, 0.00, 1.00, 1.00, 0.00, 0.00, 1.00, 0.00, 0.00, 0.00, 0.00
7608,  0,  253.567,  0.98,  1, 0.78, 0.00, 0.01, 0.00, 0.00, 0.04, 0.00, 0.02, 0.08, 0.57, 0.97, 0.02, 0.78, 0.00, 0.00, 0.00, 0.96, 0.00, 0.00, 0.00, 0.00, 0.00, 0.00, 0.00, 0.00, 0.00, 1.00, 1.00, 0.00, 0.00, 1.00, 0.00, 0.00, 0.00, 0.00
7609,  0,  253.600,  0.98,  1, 0.82, 0.00, 0.05, 0.00, 0.00, 0.04, 0.00, 0.00, 0.16, 0.48, 0.91, 0.01, 0.94, 0.00, 0.00, 0.00, 1.03, 0.00, 0.00, 0.00, 0.00, 0.00, 0.00, 0.00, 0.00, 0.00, 1.00, 1.00, 0.00, 0.00, 1.00, 0.00, 0.00, 0.00, 0.00
7610,  0,  253.633,  0.98,  1, 0.72, 0.00, 0.17, 0.08, 0.00, 0.00, 0.00, 0.00, 0.20, 0.49, 0.75, 0.03, 0.96, 0.00, 0.00, 0.00, 1.04, 0.00, 0.00, 0.00, 0.00, 0.00, 0.00, 0.00, 0.00, 0.00, 1.00, 1.00, 0.00, 0.00, 1.00, 0.00, 0.00, 0.00, 0.00
7611,  0,  253.667,  0.98,  1, 0.80, 0.00, 0.26, 0.07, 0.00, 0.00, 0.00, 0.00, 0.20, 0.50, 0.82, 0.03, 1.08, 0.00, 0.00, 0.00, 1.07, 0.00, 0.00, 0.00, 0.00, 0.00, 0.00, 0.00, 0.00, 0.00, 1.00, 1.00, 0.00, 0.00, 1.00, 0.00, 0.00, 0.00, 0.00
7612,  0,  253.700,  0.98,  1, 0.84, 0.00, 0.32, 0.07, 0.00, 0.00, 0.00, 0.00, 0.20, 0.44, 0.76, 0.08, 0.91, 0.00, 0.00, 0.00, 1.17, 0.00, 0.00, 0.00, 0.00, 0.00, 0.00, 0.00, 0.00, 0.00, 1.00, 1.00, 0.00, 0.00, 1.00, 0.00, 0.00, 0.00, 0.00
7613,  0,  253.733,  0.98,  1, 0.94, 0.00, 0.32, 0.09, 0.00, 0.00, 0.00, 0.00, 0.22, 0.38, 0.66, 0.11, 0.75, 0.00, 0.00, 0.00, 1.42, 0.00, 0.00, 0.00, 0.00, 0.00, 0.00, 0.00, 0.00, 0.00, 1.00, 1.00, 0.00, 0.00, 1.00, 0.00, 0.00, 0.00, 0.00
7614,  0,  253.767,  0.98,  1, 0.97, 0.00, 0.30, 0.15, 0.00, 0.04, 0.00, 0.00, 0.19, 0.33, 0.78, 0.27, 0.70, 0.00, 0.00, 0.00, 1.76, 0.00, 0.00, 0.00, 0.00, 0.00, 0.00, 0.00, 0.00, 0.00, 1.00, 1.00, 0.00, 0.00, 1.00, 0.00, 0.00, 0.00, 1.00
7615,  0,  253.800,  0.98,  1, 0.95, 0.00, 0.40, 0.22, 0.00, 0.26, 0.00, 0.00, 0.17, 0.35, 0.94, 0.29, 0.75, 0.00, 0.00, 0.00, 2.01, 0.00, 0.00, 0.00, 0.00, 0.00, 0.00, 0.00, 0.00, 0.00, 1.00, 1.00, 0.00, 0.00, 1.00, 0.00, 0.00, 0.00, 1.00
7616,  0,  253.833,  0.98,  1, 0.85, 0.00, 0.36, 0.29, 0.00, 0.28, 0.00, 0.00, 0.17, 0.46, 1.14, 0.28, 0.91, 0.00, 0.00, 0.00, 2.38, 0.00, 0.00, 0.00, 0.00, 0.00, 0.00, 0.00, 0.00, 0.00, 1.00, 1.00, 0.00, 0.00, 1.00, 0.00, 0.00, 0.00, 1.00
7617,  0,  253.867,  0.98,  1, 0.74, 0.00, 0.32, 0.31, 0.00, 0.27, 0.00, 0.00, 0.20, 0.61, 1.16, 0.19, 0.84, 0.00, 0.00, 0.00, 2.60, 0.00, 0.00, 0.00, 0.00, 0.00, 0.00, 0.00, 0.00, 0.00, 1.00, 1.00, 0.00, 0.00, 1.00, 0.00, 0.00, 0.00, 1.00
7618,  0,  253.900,  0.98,  1, 0.53, 0.00, 0.23, 0.35, 0.00, 0.06, 0.00, 0.00, 0.19, 0.78, 1.23, 0.36, 0.81, 0.00, 0.00, 0.00, 2.59, 0.00, 0.00, 0.00, 0.00, 0.00, 0.00, 0.00, 0.00, 0.00, 1.00, 1.00, 0.00, 0.00, 1.00, 0.00, 0.00, 0.00, 1.00
7619,  0,  253.933,  0.98,  1, 0.27, 0.00, 0.30, 0.23, 0.00, 0.03, 0.00, 0.00, 0.21, 0.80, 1.32, 0.57, 0.71, 0.00, 0.00, 0.00, 2.41, 0.00, 0.00, 0.00, 0.00, 0.00, 0.00, 0.00, 0.00, 0.00, 1.00, 1.00, 1.00, 0.00, 1.00, 0.00, 0.00, 0.00, 1.00
7620,  0,  253.967,  0.98,  1, 0.07, 0.00, 0.33, 0.26, 0.00, 0.00, 0.00, 0.00, 0.20, 0.78, 1.30, 0.80, 0.51, 0.00, 0.00, 0.00, 2.19, 0.00, 0.00, 0.00, 0.00, 0.00, 0.00, 0.00, 0.00, 0.00, 1.00, 1.00, 1.00, 0.00, 1.00, 0.00, 0.00, 0.00, 1.00
7621,  0,  254.000,  0.98,  1, 0.01, 0.00, 0.44, 0.22, 0.03, 0.33, 0.00, 0.00, 0.15, 0.76, 1.27, 0.80, 0.39, 0.00, 0.00, 0.00, 1.81, 0.00, 0.00, 0.00, 1.00, 0.00, 0.00, 0.00, 0.00, 0.00, 1.00, 1.00, 1.00, 0.00, 1.00, 0.00, 0.00, 0.00, 1.00
7622,  0,  254.033,  0.98,  1, 0.11, 0.00, 0.37, 0.18, 0.06, 0.48, 0.00, 0.00, 0.09, 0.78, 1.08, 0.87, 0.26, 0.00, 0.00, 0.00, 1.20, 0.00, 0.00, 0.00, 1.00, 0.00, 0.00, 0.00, 0.00, 0.00, 1.00, 1.00, 1.00, 0.00, 1.00, 0.00, 0.00, 0.00, 1.00
7623,  0,  254.067,  0.98,  1, 0.16, 0.00, 0.29, 0.06, 0.06, 0.49, 0.00, 0.00, 0.03, 0.76, 1.08, 0.87, 0.25, 0.00, 0.00, 0.00, 0.66, 0.00, 0.00, 0.00, 1.00, 0.00, 0.00, 0.00, 0.00, 0.00, 1.00, 1.00, 1.00, 0.00, 1.00, 0.00, 0.00, 0.00, 0.00
7624,  0,  254.100,  0.98,  1, 0.30, 0.00, 0.13, 0.00, 0.02, 0.20, 0.00, 0.00, 0.02, 0.61, 0.95, 1.02, 0.27, 0.00, 0.00, 0.00, 0.32, 0.00, 0.00, 0.00, 1.00, 0.00, 0.00, 0.00, 0.00, 0.00, 1.00, 1.00, 1.00, 0.00, 1.00, 0.00, 0.00, 0.00, 0.00
7625,  0,  254.133,  0.98,  1, 0.42, 0.00, 0.17, 0.00, 0.00, 0.05, 0.00, 0.00, 0.00, 0.58, 0.98, 1.17, 0.27, 0.00, 0.00, 0.00, 0.14, 0.00, 0.00, 0.00, 1.00, 0.00, 0.00, 0.00, 0.00, 0.00, 1.00, 1.00, 1.00, 0.00, 1.00, 0.00, 0.00, 0.00, 0.00
7626,  0,  254.167,  0.98,  1, 0.45, 0.00, 0.31, 0.00, 0.00, 0.03, 0.00, 0.00, 0.00, 0.72, 0.87, 1.34, 0.30, 0.01, 0.00, 0.00, 0.04, 0.00, 1.00, 0.00, 1.00, 0.00, 0.00, 0.00, 0.00, 0.00, 1.00, 1.00, 1.00, 0.00, 1.00, 0.00, 0.00, 0.00, 0.00
7627,  0,  254.200,  0.98,  1, 0.31, 0.00, 0.44, 0.00, 0.00, 0.03, 0.00, 0.00, 0.00, 0.94, 0.73, 1.36, 0.28, 0.14, 0.00, 0.00, 0.00, 0.00, 1.00, 0.00, 1.00, 0.00, 0.00, 0.00, 1.00, 0.00, 1.00, 1.00, 1.00, 0.00, 1.00, 0.00, 0.00, 0.00, 0.00
7628,  0,  254.233,  0.98,  1, 0.09, 0.00, 0.47, 0.00, 0.00, 0.17, 0.00, 0.00, 0.00, 0.97, 0.46, 1.24, 0.27, 0.36, 0.00, 0.00, 0.00, 0.00, 1.00, 0.00, 1.00, 0.00, 0.00, 0.00, 1.00, 0.00, 1.00, 1.00, 1.00, 0.00, 1.00, 0.00, 0.00, 0.00, 0.00
7629,  0,  254.267,  0.98,  1, 0.11, 0.04, 0.64, 0.00, 0.00, 0.45, 0.00, 0.00, 0.00, 0.82, 0.18, 1.16, 0.35, 0.56, 0.00, 0.00, 0.00, 0.00, 1.00, 0.00, 1.00, 0.00, 0.00, 0.00, 1.00, 0.00, 1.00, 1.00, 1.00, 0.00, 1.00, 0.00, 0.00, 0.00, 0.00
7630,  0,  254.300,  0.98,  1, 0.09, 0.04, 0.61, 0.00, 0.00, 0.57, 0.00, 0.00, 0.00, 0.66, 0.17, 1.21, 0.36, 0.67, 0.00, 0.00, 0.00, 0.00, 1.00, 0.00, 1.00, 0.00, 1.00, 0.00, 1.00, 0.00, 1.00, 1.00, 1.00, 0.00, 1.00, 0.00, 0.00, 0.00, 0.00
7631,  0,  254.333,  0.98,  1, 0.09, 0.04, 0.74, 0.00, 0.00, 0.70, 0.00, 0.00, 0.00, 0.57, 0.23, 1.31, 0.32, 0.65, 0.00, 0.00, 0.00, 0.00, 1.00, 0.00, 1.00, 0.00, 1.00, 0.00, 1.00, 0.00, 1.00, 1.00, 1.00, 0.00, 1.00, 0.00, 0.00, 0.00, 0.00
7632,  0,  254.367,  0.98,  1, 0.00, 0.00, 0.71, 0.00, 0.00, 0.81, 0.00, 0.00, 0.00, 0.61, 0.21, 1.26, 0.35, 0.61, 0.05, 0.00, 0.00, 0.00, 1.00, 0.00, 1.00, 0.00, 1.00, 0.00, 1.00, 0.00, 1.00, 1.00, 1.00, 0.00, 1.00, 0.00, 0.00, 0.00, 0.00
7633,  0,  254.400,  0.98,  1, 0.04, 0.00, 0.92, 0.00, 0.00, 0.97, 0.00, 0.00, 0.00, 0.65, 0.09, 1.17, 0.37, 0.49, 0.07, 0.00, 0.00, 0.00, 0.00, 0.00, 1.00, 0.00, 1.00, 0.00, 1.00, 0.00, 1.00, 1.00, 1.00, 0.00, 1.00, 0.00, 0.00, 0.00, 0.00
7634,  0,  254.433,  0.98,  1, 0.07, 0.11, 0.97, 0.00, 0.00, 0.94, 0.00, 0.00, 0.00, 0.77, 0.00, 1.01, 0.38, 0.37, 0.07, 0.00, 0.00, 0.00, 0.00, 1.00, 1.00, 0.00, 1.00, 0.00, 1.00, 0.00, 1.00, 1.00, 1.00, 0.00, 1.00, 0.00, 0.00, 0.00, 0.00
7635,  0,  254.467,  0.98,  1, 0.09, 0.11, 1.05, 0.00, 0.00, 0.69, 0.00, 0.00, 0.00, 0.91, 0.00, 0.92, 0.40, 0.30, 0.02, 0.06, 0.00, 0.00, 0.00, 1.00, 1.00, 0.00, 1.00, 0.00, 1.00, 0.00, 1.00, 1.00, 1.00, 0.00, 1.00, 0.00, 0.00, 0.00, 0.00
7636,  0,  254.500,  0.98,  1, 0.06, 0.11, 1.05, 0.00, 0.00, 0.69, 0.00, 0.00, 0.00, 1.06, 0.00, 0.86, 0.34, 0.27, 0.00, 0.10, 0.00, 0.00, 0.00, 1.00, 1.00, 0.00, 1.00, 0.00, 1.00, 0.00, 1.00, 1.00, 1.00, 0.00, 1.00, 0.00, 0.00, 0.00, 0.00
7637,  0,  254.533,  0.98,  1, 0.05, 0.04, 1.14, 0.00, 0.02, 0.82, 0.00, 0.00, 0.00, 1.16, 0.00, 0.83, 0.40, 0.26, 0.00, 0.10, 0.00, 0.00, 0.00, 1.00, 1.00, 0.00, 1.00, 0.00, 1.00, 0.00, 1.00, 1.00, 1.00, 0.00, 1.00, 0.00, 0.00, 0.00, 0.00
7638,  0,  254.567,  0.98,  1, 0.02, 0.04, 1.14, 0.00, 0.03, 1.18, 0.00, 0.00, 0.00, 1.07, 0.00, 0.85, 0.24, 0.21, 0.00, 0.11, 0.00, 0.00, 0.00, 1.00, 1.00, 0.00, 1.00, 0.00, 0.00, 0.00, 1.00, 1.00, 1.00, 0.00, 1.00, 0.00, 0.00, 0.00, 0.00
7639,  0,  254.600,  0.98,  1, 0.02, 0.04, 1.17, 0.00, 0.03, 1.33, 0.00, 0.00, 0.00, 1.02, 0.00, 0.82, 0.24, 0.14, 0.00, 0.07, 0.00, 0.00, 0.00, 1.00, 1.00, 0.00, 1.00, 0.00, 0.00, 0.00, 1.00, 1.00, 1.00, 0.00, 1.00, 0.00, 0.00, 0.00, 0.00
7640,  0,  254.633,  0.98,  1, 0.00, 0.00, 1.06, 0.00, 0.01, 1.47, 0.00, 0.00, 0.00, 0.89, 0.00, 0.81, 0.10, 0.12, 0.00, 0.08, 0.00, 0.00, 0.00, 1.00, 1.00, 0.00, 1.00, 0.00, 0.00, 0.00, 1.00, 1.00, 1.00, 0.00, 1.00, 0.00, 0.00, 0.00, 0.00
7641,  0,  254.667,  0.98,  1, 0.00, 0.00, 1.05, 0.00, 0.00, 1.45, 0.00, 0.00, 0.00, 0.82, 0.00, 0.80, 0.18, 0.08, 0.00, 0.11, 0.00, 0.00, 0.00, 1.00, 0.00, 0.00, 1.00, 0.00, 1.00, 0.00, 1.00, 1.00, 1.00, 0.00, 1.00, 0.00, 0.00, 0.00, 0.00
7642,  0,  254.700,  0.98,  1, 0.00, 0.00, 1.03, 0.00, 0.00, 1.19, 0.00, 0.00, 0.00, 0.85, 0.00, 0.89, 0.17, 0.09, 0.00, 0.31, 0.00, 0.00, 0.00, 1.00, 0.00, 0.00, 1.00, 0.00, 1.00, 0.00, 1.00, 1.00, 1.00, 0.00, 1.00, 0.00, 0.00, 0.00, 0.00
7643,  0,  254.733,  0.98,  1, 0.00, 0.00, 1.14, 0.00, 0.04, 1.13, 0.00, 0.00, 0.00, 0.86, 0.01, 0.88, 0.32, 0.06, 0.00, 0.43, 0.00, 0.00, 0.00, 1.00, 0.00, 0.00, 1.00, 0.00, 1.00, 0.00, 1.00, 1.00, 1.00, 0.00, 1.00, 0.00, 0.00, 0.00, 0.00
7644,  0,  254.767,  0.98,  1, 0.00, 0.00, 1.12, 0.00, 0.10, 1.17, 0.00, 0.00, 0.00, 0.92, 0.01, 0.97, 0.28, 0.08, 0.00, 0.40, 0.00, 0.00, 0.00, 1.00, 0.00, 0.00, 1.00, 0.00, 1.00, 0.00, 1.00, 1.00, 1.00, 0.00, 1.00, 0.00, 0.00, 0.00, 0.00
7645,  0,  254.800,  0.98,  1, 0.00, 0.00, 1.07, 0.00, 0.11, 1.37, 0.00, 0.00, 0.00, 0.85, 0.01, 0.99, 0.20, 0.09, 0.00, 0.25, 0.00, 0.00, 0.00, 1.00, 0.00, 0.00, 1.00, 0.00, 1.00, 0.00, 1.00, 1.00, 1.00, 0.00, 1.00, 0.00, 0.00, 0.00, 0.00
7646,  0,  254.833,  0.98,  1, 0.00, 0.00, 1.06, 0.00, 0.10, 1.31, 0.00, 0.00, 0.00, 0.87, 0.00, 1.13, 0.05, 0.08, 0.00, 0.22, 0.00, 0.00, 0.00, 1.00, 0.00, 0.00, 1.00, 0.00, 1.00, 0.00, 1.00, 1.00, 1.00, 0.00, 1.00, 0.00, 0.00, 0.00, 0.00
7647,  0,  254.867,  0.98,  1, 0.07, 0.00, 1.09, 0.00, 0.07, 1.29, 0.00, 0.00, 0.00, 0.85, 0.00, 1.09, 0.00, 0.04, 0.00, 0.15, 0.00, 0.00, 0.00, 1.00, 0.00, 0.00, 1.00, 0.00, 1.00, 0.00, 1.00, 1.00, 1.00, 0.00, 1.00, 0.00, 0.00, 0.00, 0.00
7648,  0,  254.900,  0.98,  1, 0.14, 0.00, 1.08, 0.00, 0.07, 1.31, 0.00, 0.00, 0.00, 0.86, 0.00, 1.08, 0.00, 0.02, 0.00, 0.13, 0.00, 0.00, 0.00, 1.00, 1.00, 0.00, 1.00, 0.00, 1.00, 0.00, 1.00, 1.00, 1.00, 0.00, 1.00, 0.00, 0.00, 0.00, 0.00
7649,  0,  254.933,  0.98,  1, 0.26, 0.05, 1.10, 0.00, 0.04, 1.37, 0.00, 0.00, 0.00, 0.87, 0.00, 1.00, 0.00, 0.02, 0.00, 0.03, 0.00, 0.00, 0.00, 1.00, 1.00, 0.00, 1.00, 0.00, 1.00, 0.00, 1.00, 1.00, 1.00, 0.00, 1.00, 0.00, 0.00, 0.00, 0.00
7650,  0,  254.967,  0.98,  1, 0.32, 0.05, 1.13, 0.00, 0.02, 1.24, 0.00, 0.00, 0.00, 0.94, 0.00, 1.06, 0.00, 0.04, 0.00, 0.03, 0.00, 0.00, 0.00, 1.00, 1.00, 0.00, 1.00, 0.00, 1.00, 0.00, 1.00, 1.00, 1.00, 0.00, 1.00, 0.00, 0.00, 0.00, 0.00
7651,  0,  255.000,  0.98,  1, 0.36, 0.05, 1.20, 0.00, 0.00, 1.31, 0.00, 0.00, 0.00, 0.89, 0.00, 1.02, 0.00, 0.03, 0.00, 0.00, 0.00, 0.00, 0.00, 1.00, 1.00, 0.00, 1.00, 0.00, 1.00, 0.00, 1.00, 1.00, 1.00, 0.00, 1.00, 0.00, 0.00, 0.00, 0.00
7652,  0,  255.033,  0.98,  1, 0.41, 0.00, 1.22, 0.00, 0.00, 1.22, 0.00, 0.00, 0.00, 0.81, 0.00, 0.98, 0.00, 0.03, 0.00, 0.03, 0.00, 0.00, 0.00, 1.00, 1.00, 0.00, 1.00, 0.00, 1.00, 0.00, 1.00, 1.00, 1.00, 0.00, 1.00, 0.00, 0.00, 0.00, 0.00
7653,  0,  255.067,  0.98,  1, 0.37, 0.06, 1.24, 0.00, 0.00, 1.39, 0.00, 0.00, 0.00, 0.78, 0.00, 0.94, 0.00, 0.03, 0.00, 0.03, 0.00, 0.00, 0.00, 1.00, 1.00, 0.00, 1.00, 0.00, 1.00, 0.00, 1.00, 0.00, 1.00, 0.00, 1.00, 0.00, 0.00, 0.00, 0.00
7654,  0,  255.100,  0.98,  1, 0.39, 0.06, 1.37, 0.00, 0.00, 1.17, 0.00, 0.00, 0.00, 0.84, 0.00, 0.94, 0.00, 0.03, 0.00, 0.03, 0.00, 0.00, 0.00, 1.00, 1.00, 0.00, 1.00, 0.00, 1.00, 0.00, 1.00, 0.00, 1.00, 0.00, 1.00, 0.00, 0.00, 0.00, 0.00
7655,  0,  255.133,  0.98,  1, 0.28, 0.05, 1.43, 0.00, 0.00, 1.23, 0.00, 0.00, 0.00, 0.95, 0.06, 1.04, 0.00, 0.02, 0.00, 0.00, 0.00, 0.00, 0.00, 1.00, 1.00, 0.00, 1.00, 0.00, 1.00, 0.00, 1.00, 0.00, 1.00, 0.00, 1.00, 0.00, 0.00, 0.00, 0.00
7656,  0,  255.167,  0.98,  1, 0.24, 0.05, 1.43, 0.00, 0.00, 1.04, 0.00, 0.00, 0.00, 0.85, 0.08, 1.10, 0.00, 0.03, 0.00, 0.00, 0.00, 0.00, 0.00, 1.00, 1.00, 0.00, 1.00, 0.00, 1.00, 0.00, 1.00, 0.00, 1.00, 0.00, 1.00, 0.00, 0.00, 0.00, 0.00
7657,  0,  255.200,  0.98,  1, 0.12, 0.05, 1.37, 0.00, 0.00, 1.02, 0.00, 0.00, 0.00, 0.76, 0.09, 1.05, 0.00, 0.03, 0.00, 0.01, 0.00, 0.00, 1.00, 1.00, 1.00, 0.00, 1.00, 0.00, 1.00, 0.00, 1.00, 0.00, 1.00, 0.00, 1.00, 0.00, 0.00, 0.00, 0.00
7658,  0,  255.233,  0.98,  1, 0.04, 0.12, 1.31, 0.00, 0.00, 0.98, 0.00, 0.00, 0.00, 0.68, 0.03, 1.01, 0.00, 0.04, 0.00, 0.02, 0.00, 0.00, 1.00, 1.00, 1.00, 0.00, 1.00, 0.00, 1.00, 0.00, 1.00, 0.00, 1.00, 0.00, 1.00, 0.00, 0.00, 0.00, 0.00
7659,  0,  255.267,  0.98,  1, 0.06, 0.12, 1.31, 0.00, 0.00, 1.10, 0.00, 0.00, 0.00, 0.81, 0.01, 0.94, 0.00, 0.01, 0.00, 0.05, 0.00, 0.00, 1.00, 1.00, 1.00, 0.00, 1.00, 0.00, 1.00, 0.00, 1.00, 0.00, 1.00, 0.00, 1.00, 0.00, 0.00, 0.00, 0.00
7660,  0,  255.300,  0.98,  1, 0.15, 0.25, 1.32, 0.00, 0.00, 1.16, 0.00, 0.00, 0.00, 0.94, 0.00, 0.92, 0.00, 0.03, 0.00, 0.04, 0.00, 0.00, 1.00, 1.00, 1.00, 0.00, 1.00, 0.00, 1.00, 0.00, 1.00, 0.00, 1.00, 0.00, 1.00, 0.00, 0.00, 0.00, 0.00
7661,  0,  255.333,  0.98,  1, 0.26, 0.34, 1.35, 0.00, 0.00, 1.06, 0.00, 0.00, 0.00, 1.05, 0.00, 0.90, 0.00, 0.06, 0.00, 0.05, 0.00, 0.00, 1.00, 1.00, 1.00, 0.00, 1.00, 0.00, 1.00, 0.00, 1.00, 0.00, 1.00, 0.00, 1.00, 0.00, 0.00, 0.00, 0.00
7662,  0,  255.367,  0.98,  1, 0.32, 0.44, 1.39, 0.00, 0.00, 0.99, 0.00, 0.00, 0.00, 1.07, 0.00, 0.81, 0.00, 0.06, 0.00, 0.02, 0.00, 0.00, 1.00, 1.00, 1.00, 0.00, 1.00, 0.00, 1.00, 0.00, 1.00, 0.00, 1.00, 0.00, 1.00, 0.00, 0.00, 0.00, 0.00
7663,  0,  255.400,  0.98,  1, 0.34, 0.41, 1.42, 0.00, 0.00, 1.04, 0.00, 0.00, 0.00, 1.17, 0.00, 0.82, 0.02, 0.04, 0.00, 0.01, 0.00, 0.00, 1.00, 1.00, 1.00, 0.00, 1.00, 0.00, 1.00, 0.00, 1.00, 1.00, 1.00, 0.00, 1.00, 0.00, 0.00, 0.00, 0.00
7664,  0,  255.433,  0.98,  1, 0.32, 0.32, 1.49, 0.00, 0.00, 1.11, 0.00, 0.00, 0.00, 1.28, 0.00, 0.79, 0.02, 0.00, 0.00, 0.00, 0.00, 0.00, 1.00, 1.00, 1.00, 0.00, 1.00, 0.00, 1.00, 0.00, 1.00, 1.00, 1.00, 0.00, 1.00, 0.00, 0.00, 0.00, 0.00
7665,  0,  255.467,  0.98,  1, 0.21, 0.20, 1.50, 0.00, 0.00, 1.03, 0.00, 0.00, 0.00, 1.40, 0.01, 0.97, 0.05, 0.04, 0.00, 0.02, 0.00, 0.00, 1.00, 1.00, 1.00, 0.00, 1.00, 0.00, 1.00, 0.00, 1.00, 1.00, 1.00, 0.00, 1.00, 0.00, 0.00, 0.00, 0.00
7666,  0,  255.500,  0.98,  1, 0.18, 0.10, 1.47, 0.00, 0.00, 0.80, 0.00, 0.00, 0.00, 1.36, 0.01, 1.21, 0.04, 0.07, 0.00, 0.02, 0.00, 0.00, 0.00, 1.00, 1.00, 0.00, 1.00, 0.00, 1.00, 0.00, 1.00, 1.00, 1.00, 0.00, 1.00, 0.00, 0.00, 0.00, 0.00
7667,  0,  255.533,  0.98,  1, 0.08, 0.03, 1.41, 0.00, 0.00, 0.64, 0.00, 0.00, 0.00, 1.32, 0.01, 1.42, 0.04, 0.13, 0.00, 0.04, 0.00, 0.00, 0.00, 1.00, 1.00, 0.00, 1.00, 0.00, 1.00, 0.00, 1.00, 1.00, 1.00, 0.00, 1.00, 0.00, 0.00, 0.00, 0.00
7668,  0,  255.567,  0.98,  1, 0.08, 0.00, 1.29, 0.00, 0.00, 0.58, 0.00, 0.00, 0.00, 1.31, 0.00, 1.48, 0.07, 0.23, 0.00, 0.14, 0.00, 0.00, 0.00, 1.00, 1.00, 0.00, 1.00, 0.00, 1.00, 0.00, 1.00, 1.00, 1.00, 0.00, 1.00, 0.00, 0.00, 0.00, 0.00
7669,  0,  255.600,  0.98,  1, 0.00, 0.00, 1.14, 0.00, 0.00, 0.84, 0.00, 0.00, 0.00, 1.36, 0.00, 1.38, 0.16, 0.31, 0.00, 0.26, 0.01, 0.00, 0.00, 1.00, 1.00, 0.00, 1.00, 0.00, 1.00, 0.00, 1.00, 1.00, 1.00, 0.00, 1.00, 0.00, 0.00, 0.00, 0.00
7670,  0,  255.633,  0.98,  1, 0.00, 0.00, 1.02, 0.00, 0.00, 0.93, 0.00, 0.00, 0.00, 1.42, 0.00, 1.31, 0.20, 0.35, 0.00, 0.28, 0.01, 0.00, 0.00, 1.00, 1.00, 0.00, 1.00, 0.00, 1.00, 0.00, 1.00, 1.00, 1.00, 0.00, 1.00, 0.00, 0.00, 0.00, 0.00
7671,  0,  255.667,  0.98,  1, 0.00, 0.00, 1.02, 0.00, 0.00, 1.05, 0.00, 0.00, 0.00, 1.44, 0.02, 1.31, 0.16, 0.32, 0.00, 0.24, 0.01, 0.00, 0.00, 1.00, 1.00, 0.00, 1.00, 0.00, 1.00, 0.00, 1.00, 1.00, 1.00, 0.00, 1.00, 0.00, 0.00, 0.00, 0.00
7672,  0,  255.700,  0.98,  1, 0.03, 0.00, 1.08, 0.00, 0.00, 0.99, 0.00, 0.00, 0.00, 1.43, 0.02, 1.36, 0.13, 0.30, 0.00, 0.25, 0.00, 0.00, 0.00, 1.00, 1.00, 0.00, 1.00, 0.00, 1.00, 0.00, 1.00, 1.00, 1.00, 0.00, 1.00, 0.00, 0.00, 0.00, 0.00
7673,  0,  255.733,  0.98,  1, 0.05, 0.00, 1.02, 0.00, 0.00, 1.07, 0.00, 0.00, 0.00, 1.40, 0.02, 1.39, 0.19, 0.30, 0.00, 0.35, 0.00, 0.00, 0.00, 1.00, 1.00, 0.00, 1.00, 0.00, 1.00, 0.00, 1.00, 1.00, 1.00, 0.00, 1.00, 0.00, 0.00, 0.00, 0.00
7674,  0,  255.767,  0.98,  1, 0.05, 0.00, 0.96, 0.00, 0.00, 0.92, 0.00, 0.00, 0.00, 1.36, 0.00, 1.31, 0.25, 0.27, 0.00, 0.43, 0.00, 0.00, 0.00, 1.00, 1.00, 0.00, 1.00, 0.00, 1.00, 0.00, 1.00, 1.00, 1.00, 0.00, 1.00, 0.00, 0.00, 0.00, 0.00
7675,  0,  255.800,  0.98,  1, 0.02, 0.00, 0.87, 0.00, 0.00, 0.85, 0.00, 0.00, 0.00, 1.33, 0.00, 1.26, 0.25, 0.23, 0.00, 0.48, 0.00, 0.00, 0.00, 1.00, 1.00, 0.00, 1.00, 0.00, 1.00, 0.00, 1.00, 1.00, 1.00, 0.00, 1.00, 0.00, 0.00, 0.00, 0.00
7676,  0,  255.833,  0.98,  1, 0.00, 0.00, 0.90, 0.00, 0.00, 0.68, 0.00, 0.00, 0.00, 1.26, 0.00, 1.19, 0.14, 0.19, 0.00, 0.48, 0.00, 0.00, 0.00, 1.00, 1.00, 0.00, 1.00, 0.00, 1.00, 0.00, 1.00, 1.00, 1.00, 0.00, 1.00, 0.00, 0.00, 0.00, 0.00
7677,  0,  255.867,  0.98,  1, 0.04, 0.01, 0.98, 0.00, 0.00, 0.92, 0.00, 0.00, 0.02, 1.30, 0.00, 1.23, 0.13, 0.20, 0.00, 0.47, 0.00, 0.00, 0.00, 1.00, 1.00, 0.00, 1.00, 0.00, 1.00, 0.00, 1.00, 1.00, 1.00, 0.00, 1.00, 0.00, 0.00, 0.00, 0.00
7678,  0,  255.900,  0.98,  1, 0.04, 0.01, 1.09, 0.00, 0.00, 1.02, 0.00, 0.00, 0.02, 1.30, 0.00, 1.15, 0.15, 0.22, 0.00, 0.29, 0.00, 0.00, 0.00, 1.00, 1.00, 0.00, 1.00, 0.00, 1.00, 0.00, 1.00, 1.00, 1.00, 0.00, 1.00, 0.00, 0.00, 0.00, 0.00
7679,  0,  255.933,  0.98,  1, 0.07, 0.01, 1.13, 0.00, 0.00, 1.20, 0.00, 0.00, 0.02, 1.34, 0.00, 1.12, 0.24, 0.22, 0.00, 0.14, 0.00, 0.00, 0.00, 1.00, 1.00, 0.00, 1.00, 0.00, 1.00, 0.00, 1.00, 1.00, 1.00, 0.00, 1.00, 0.00, 0.00, 0.00, 0.00
7680,  0,  255.967,  0.98,  1, 0.06, 0.00, 1.06, 0.00, 0.00, 1.20, 0.00, 0.00, 0.00, 1.17, 0.00, 1.03, 0.18, 0.18, 0.00, 0.00, 0.00, 0.00, 0.00, 1.00, 1.00, 0.00, 1.00, 0.00, 1.00, 0.00, 1.00, 1.00, 1.00, 0.00, 1.00, 0.00, 0.00, 0.00, 0.00
7681,  0,  256.000,  0.98,  1, 0.14, 0.02, 1.00, 0.00, 0.00, 1.38, 0.00, 0.00, 0.00, 1.10, 0.01, 1.06, 0.09, 0.18, 0.00, 0.00, 0.00, 0.00, 0.00, 1.00, 1.00, 0.00, 1.00, 0.00, 1.00, 0.00, 1.00, 1.00, 1.00, 0.00, 1.00, 0.00, 0.00, 0.00, 0.00
7682,  0,  256.033,  0.98,  1, 0.22, 0.02, 1.04, 0.00, 0.00, 1.52, 0.00, 0.00, 0.00, 0.96, 0.01, 1.08, 0.00, 0.20, 0.00, 0.00, 0.00, 0.00, 0.00, 1.00, 0.00, 0.00, 1.00, 0.00, 1.00, 0.00, 1.00, 1.00, 1.00, 0.00, 1.00, 0.00, 0.00, 0.00, 0.00
7683,  0,  256.067,  0.98,  1, 0.24, 0.02, 1.14, 0.00, 0.00, 1.63, 0.00, 0.00, 0.00, 1.00, 0.03, 1.10, 0.00, 0.20, 0.00, 0.00, 0.00, 0.00, 0.00, 1.00, 0.00, 0.00, 1.00, 0.00, 1.00, 0.00, 1.00, 1.00, 1.00, 0.00, 1.00, 0.00, 0.00, 0.00, 0.00
7684,  0,  256.100,  0.98,  1, 0.20, 0.00, 1.18, 0.00, 0.00, 1.63, 0.00, 0.00, 0.00, 0.98, 0.07, 1.15, 0.00, 0.18, 0.00, 0.00, 0.00, 0.00, 0.00, 1.00, 0.00, 0.00, 1.00, 0.00, 1.00, 0.00, 1.00, 1.00, 1.00, 0.00, 1.00, 0.00, 0.00, 0.00, 0.00
7685,  0,  256.133,  0.98,  1, 0.17, 0.00, 1.16, 0.00, 0.00, 1.70, 0.00, 0.00, 0.00, 1.09, 0.12, 1.16, 0.00, 0.18, 0.00, 0.00, 0.00, 0.00, 0.00, 1.00, 0.00, 0.00, 1.00, 0.00, 1.00, 0.00, 1.00, 1.00, 1.00, 0.00, 1.00, 0.00, 0.00, 0.00, 0.00
7686,  0,  256.167,  0.98,  1, 0.18, 0.00, 1.14, 0.00, 0.00, 1.62, 0.00, 0.00, 0.00, 1.13, 0.16, 1.21, 0.00, 0.20, 0.00, 0.00, 0.00, 0.00, 0.00, 1.00, 1.00, 0.00, 1.00, 0.00, 1.00, 0.00, 1.00, 1.00, 1.00, 0.00, 1.00, 0.00, 0.00, 0.00, 0.00
7687,  0,  256.200,  0.98,  1, 0.16, 0.00, 1.09, 0.00, 0.00, 1.67, 0.00, 0.00, 0.00, 1.20, 0.18, 1.22, 0.00, 0.22, 0.00, 0.00, 0.00, 0.00, 0.00, 1.00, 1.00, 0.00, 1.00, 0.00, 1.00, 0.00, 1.00, 1.00, 1.00, 0.00, 1.00, 0.00, 0.00, 0.00, 0.00
7688,  0,  256.233,  0.98,  1, 0.13, 0.04, 1.07, 0.00, 0.00, 1.66, 0.00, 0.00, 0.00, 1.14, 0.20, 1.18, 0.02, 0.21, 0.00, 0.00, 0.00, 0.00, 0.00, 1.00, 1.00, 0.00, 1.00, 0.00, 1.00, 0.00, 1.00, 1.00, 1.00, 0.00, 1.00, 0.00, 0.00, 0.00, 0.00
7689,  0,  256.267,  0.98,  1, 0.12, 0.04, 1.10, 0.00, 0.00, 1.60, 0.00, 0.00, 0.00, 1.13, 0.21, 1.10, 0.07, 0.22, 0.00, 0.00, 0.00, 0.00, 0.00, 1.00, 1.00, 0.00, 1.00, 0.00, 1.00, 0.00, 1.00, 1.00, 1.00, 0.00, 1.00, 0.00, 0.00, 0.00, 0.00
7690,  0,  256.300,  0.98,  1, 0.21, 0.04, 1.12, 0.07, 0.00, 1.37, 0.00, 0.00, 0.00, 1.07, 0.14, 1.13, 0.11, 0.17, 0.00, 0.00, 0.00, 0.00, 0.00, 1.00, 1.00, 0.00, 1.00, 0.00, 1.00, 0.00, 1.00, 1.00, 1.00, 0.00, 1.00, 0.00, 0.00, 0.00, 0.00
7691,  0,  256.333,  0.98,  1, 0.29, 0.00, 1.14, 0.08, 0.00, 0.85, 0.00, 0.00, 0.00, 1.21, 0.17, 1.16, 0.20, 0.11, 0.00, 0.00, 0.07, 0.00, 0.00, 1.00, 1.00, 0.00, 1.00, 0.00, 1.00, 0.00, 1.00, 1.00, 1.00, 0.00, 1.00, 0.00, 0.00, 0.00, 0.00
7692,  0,  256.367,  0.98,  1, 0.34, 0.00, 1.02, 0.08, 0.00, 0.47, 0.00, 0.00, 0.00, 1.38, 0.10, 1.33, 0.28, 0.07, 0.00, 0.00, 0.39, 0.00, 0.00, 1.00, 1.00, 0.00, 1.00, 0.00, 1.00, 0.00, 1.00, 1.00, 1.00, 0.00, 1.00, 0.00, 0.00, 0.00, 0.00
7693,  0,  256.400,  0.98,  1, 0.26, 0.00, 0.93, 0.07, 0.00, 0.11, 0.00, 0.00, 0.00, 1.44, 0.09, 1.36, 0.31, 0.03, 0.00, 0.00, 0.93, 0.00, 0.00, 1.00, 1.00, 0.00, 1.00, 0.00, 1.00, 0.00, 1.00, 1.00, 1.00, 0.00, 1.00, 0.00, 0.00, 0.00, 1.00
7694,  0,  256.433,  0.98,  1, 0.15, 0.00, 0.89, 0.05, 0.00, 0.09, 0.00, 0.00, 0.00, 1.38, 0.06, 1.49, 0.25, 0.02, 0.00, 0.00, 1.35, 0.00, 0.00, 1.00, 1.00, 0.00, 1.00, 0.00, 1.00, 0.00, 1.00, 1.00, 1.00, 0.00, 1.00, 0.00, 0.00, 0.00, 1.00
7695,  0,  256.467,  0.98,  1, 0.11, 0.00, 0.96, 0.05, 0.00, 0.12, 0.00, 0.00, 0.00, 1.29, 0.12, 1.52, 0.21, 0.00, 0.00, 0.00, 1.53, 0.00, 0.00, 1.00, 1.00, 0.00, 1.00, 0.00, 0.00, 0.00, 1.00, 1.00, 1.00, 0.00, 1.00, 0.00, 0.00, 0.00, 1.00
7696,  0,  256.500,  0.98,  1, 0.22, 0.00, 1.01, 0.00, 0.00, 0.12, 0.00, 0.00, 0.00, 1.14, 0.24, 1.55, 0.13, 0.00, 0.00, 0.00, 1.45, 0.00, 0.00, 1.00, 1.00, 0.00, 1.00, 0.00, 0.00, 0.00, 1.00, 1.00, 1.00, 0.00, 1.00, 0.00, 0.00, 0.00, 1.00
7697,  0,  256.533,  0.98,  1, 0.27, 0.00, 0.97, 0.00, 0.00, 0.15, 0.00, 0.00, 0.00, 0.96, 0.25, 1.43, 0.08, 0.00, 0.05, 0.00, 1.52, 0.00, 0.00, 1.00, 1.00, 0.00, 1.00, 0.00, 0.00, 0.00, 1.00, 1.00, 1.00, 0.00, 1.00, 0.00, 0.00, 0.00, 1.00
7698,  0,  256.567,  0.98,  1, 0.35, 0.00, 0.92, 0.00, 0.00, 0.09, 0.00, 0.00, 0.00, 0.76, 0.34, 1.35, 0.00, 0.00, 0.06, 0.00, 1.58, 0.00, 0.00, 1.00, 1.00, 0.00, 1.00, 0.00, 0.00, 0.00, 1.00, 1.00, 1.00, 0.00, 1.00, 0.00, 0.00, 0.00, 1.00
7699,  0,  256.600,  0.98,  1, 0.32, 0.00, 0.96, 0.07, 0.00, 0.16, 0.00, 0.00, 0.00, 0.76, 0.37, 1.29, 0.00, 0.00, 0.06, 0.00, 1.59, 0.00, 0.00, 1.00, 1.00, 0.00, 1.00, 0.00, 0.00, 0.00, 1.00, 1.00, 1.00, 0.00, 1.00, 0.00, 0.00, 0.00, 1.00
7700,  0,  256.633,  0.98,  1, 0.38, 0.00, 0.98, 0.22, 0.00, 0.11, 0.00, 0.00, 0.00, 0.83, 0.48, 1.31, 0.00, 0.00, 0.01, 0.00, 1.47, 0.00, 0.00, 1.00, 1.00, 0.00, 1.00, 0.00, 0.00, 0.00, 1.00, 1.00, 1.00, 0.00, 1.00, 0.00, 0.00, 0.00, 1.00
7701,  0,  256.667,  0.98,  1, 0.36, 0.00, 0.97, 0.31, 0.00, 0.16, 0.00, 0.00, 0.00, 0.77, 0.42, 1.30, 0.00, 0.00, 0.07, 0.00, 1.34, 0.00, 0.00, 1.00, 1.00, 0.00, 0.00, 0.00, 0.00, 0.00, 1.00, 1.00, 1.00, 0.00, 1.00, 0.00, 0.00, 0.00, 1.00
7702,  0,  256.700,  0.98,  1, 0.45, 0.00, 0.95, 0.40, 0.00, 0.08, 0.00, 0.00, 0.00, 0.79, 0.38, 1.32, 0.00, 0.03, 0.07, 0.00, 1.28, 0.00, 0.00, 1.00, 1.00, 0.00, 0.00, 0.00, 0.00, 0.00, 1.00, 1.00, 1.00, 0.00, 1.00, 0.00, 0.00, 0.00, 1.00
7703,  0,  256.733,  0.98,  1, 0.51, 0.00, 0.93, 0.26, 0.00, 0.04, 0.00, 0.00, 0.00, 0.66, 0.28, 1.32, 0.00, 0.03, 0.07, 0.00, 1.26, 0.00, 0.00, 1.00, 1.00, 0.00, 0.00, 0.00, 0.00, 0.00, 1.00, 1.00, 1.00, 0.00, 1.00, 0.00, 0.00, 0.00, 1.00
7704,  0,  256.767,  0.98,  1, 0.46, 0.00, 0.82, 0.16, 0.00, 0.00, 0.00, 0.00, 0.00, 0.57, 0.29, 1.30, 0.00, 0.04, 0.06, 0.00, 1.28, 0.00, 0.00, 1.00, 1.00, 0.00, 0.00, 0.00, 0.00, 0.00, 1.00, 1.00, 1.00, 0.00, 1.00, 0.00, 0.00, 0.00, 1.00
7705,  0,  256.800,  0.98,  1, 0.42, 0.00, 0.67, 0.01, 0.00, 0.00, 0.00, 0.00, 0.00, 0.39, 0.24, 1.24, 0.00, 0.01, 0.06, 0.00, 1.28, 0.00, 0.00, 1.00, 1.00, 0.00, 1.00, 0.00, 0.00, 0.00, 1.00, 1.00, 1.00, 0.00, 1.00, 0.00, 0.00, 0.00, 1.00
7706,  0,  256.833,  0.98,  1, 0.40, 0.00, 0.66, 0.05, 0.00, 0.00, 0.00, 0.00, 0.00, 0.37, 0.34, 1.22, 0.00, 0.01, 0.08, 0.00, 1.29, 0.00, 0.00, 1.00, 1.00, 0.00, 1.00, 0.00, 0.00, 0.00, 1.00, 1.00, 1.00, 0.00, 1.00, 0.00, 0.00, 0.00, 1.00
7707,  0,  256.867,  0.98,  1, 0.58, 0.00, 0.78, 0.04, 0.00, 0.07, 0.00, 0.00, 0.00, 0.42, 0.40, 1.19, 0.00, 0.00, 0.02, 0.00, 1.27, 0.00, 0.00, 1.00, 1.00, 0.00, 1.00, 0.00, 0.00, 0.00, 1.00, 1.00, 1.00, 0.00, 1.00, 0.00, 0.00, 0.00, 1.00
7708,  0,  256.900,  0.98,  1, 0.66, 0.00, 0.95, 0.04, 0.00, 0.07, 0.00, 0.00, 0.00, 0.43, 0.56, 1.11, 0.00, 0.01, 0.04, 0.00, 1.16, 0.00, 0.00, 1.00, 1.00, 0.00, 1.00, 0.00, 0.00, 0.00, 1.00, 1.00, 1.00, 0.00, 1.00, 0.00, 0.00, 0.00, 1.00
7709,  0,  256.933,  0.98,  1, 0.69, 0.00, 1.05, 0.00, 0.00, 0.10, 0.00, 0.00, 0.00, 0.33, 0.59, 1.09, 0.00, 0.03, 0.03, 0.00, 1.09, 0.00, 0.00, 1.00, 1.00, 0.00, 1.00, 0.00, 0.00, 0.00, 1.00, 1.00, 1.00, 0.00, 1.00, 0.00, 0.00, 0.00, 1.00
7710,  0,  256.967,  0.98,  1, 0.65, 0.00, 1.06, 0.00, 0.00, 0.03, 0.00, 0.00, 0.00, 0.25, 0.67, 1.09, 0.00, 0.08, 0.03, 0.00, 1.01, 0.00, 0.00, 1.00, 1.00, 0.00, 1.00, 0.00, 0.00, 0.00, 1.00, 1.00, 1.00, 0.00, 1.00, 0.00, 0.00, 0.00, 1.00
7711,  0,  257.000,  0.98,  1, 0.67, 0.00, 1.06, 0.00, 0.00, 0.11, 0.00, 0.00, 0.00, 0.19, 0.65, 1.09, 0.00, 0.09, 0.08, 0.00, 1.08, 0.00, 0.00, 1.00, 1.00, 0.00, 1.00, 0.00, 0.00, 0.00, 1.00, 1.00, 1.00, 0.00, 1.00, 0.00, 0.00, 0.00, 1.00
7712,  0,  257.033,  0.98,  1, 0.67, 0.00, 0.98, 0.10, 0.00, 0.22, 0.00, 0.00, 0.00, 0.14, 0.69, 1.08, 0.00, 0.14, 0.16, 0.00, 1.08, 0.00, 0.00, 1.00, 1.00, 0.00, 1.00, 0.00, 0.00, 0.00, 1.00, 1.00, 1.00, 0.00, 1.00, 0.00, 0.00, 0.00, 1.00
7713,  0,  257.067,  0.98,  1, 0.71, 0.00, 0.94, 0.17, 0.00, 0.42, 0.00, 0.00, 0.00, 0.06, 0.70, 1.09, 0.00, 0.14, 0.18, 0.00, 1.15, 0.00, 0.00, 1.00, 1.00, 0.00, 1.00, 0.00, 0.00, 0.00, 1.00, 1.00, 1.00, 0.00, 1.00, 0.00, 0.00, 0.00, 1.00
7714,  0,  257.100,  0.98,  1, 0.60, 0.00, 0.92, 0.17, 0.00, 0.39, 0.00, 0.00, 0.00, 0.10, 0.79, 1.12, 0.00, 0.15, 0.16, 0.00, 1.14, 0.00, 0.00, 1.00, 1.00, 0.00, 1.00, 0.00, 0.00, 0.00, 1.00, 1.00, 1.00, 0.00, 1.00, 0.00, 0.00, 0.00, 1.00
7715,  0,  257.133,  0.98,  1, 0.53, 0.00, 0.92, 0.10, 0.00, 0.27, 0.00, 0.00, 0.00, 0.15, 0.79, 1.11, 0.00, 0.09, 0.20, 0.00, 1.19, 0.00, 0.00, 1.00, 1.00, 0.00, 1.00, 0.00, 0.00, 0.00, 1.00, 1.00, 1.00, 0.00, 1.00, 0.00, 0.00, 0.00, 1.00
7716,  0,  257.167,  0.98,  1, 0.47, 0.00, 0.99, 0.03, 0.00, 0.10, 0.00, 0.00, 0.00, 0.15, 0.74, 1.06, 0.00, 0.03, 0.18, 0.00, 1.36, 0.00, 0.00, 1.00, 1.00, 0.00, 1.00, 0.00, 0.00, 0.00, 1.00, 1.00, 1.00, 0.00, 1.00, 0.00, 0.00, 0.00, 1.00
7717,  0,  257.200,  0.98,  1, 0.50, 0.00, 1.04, 0.03, 0.00, 0.15, 0.00, 0.00, 0.00, 0.10, 0.70, 1.07, 0.00, 0.00, 0.15, 0.00, 1.48, 0.00, 0.00, 1.00, 0.00, 0.00, 0.00, 0.00, 0.00, 0.00, 1.00, 1.00, 1.00, 0.00, 1.00, 0.00, 0.00, 0.00, 1.00
7718,  0,  257.233,  0.98,  1, 0.57, 0.00, 1.14, 0.00, 0.00, 0.21, 0.00, 0.00, 0.00, 0.05, 0.73, 1.07, 0.00, 0.00, 0.03, 0.00, 1.65, 0.00, 0.00, 1.00, 0.00, 0.00, 0.00, 0.00, 0.00, 0.00, 1.00, 1.00, 1.00, 0.00, 1.00, 0.00, 0.00, 0.00, 1.00
7719,  0,  257.267,  0.98,  1, 0.64, 0.00, 1.10, 0.00, 0.00, 0.30, 0.00, 0.00, 0.00, 0.06, 0.78, 1.07, 0.00, 0.00, 0.03, 0.00, 1.55, 0.00, 0.00, 1.00, 0.00, 0.00, 0.00, 0.00, 0.00, 0.00, 1.00, 1.00, 1.00, 0.00, 1.00, 0.00, 0.00, 0.00, 1.00
7720,  0,  257.300,  0.98,  1, 0.67, 0.00, 1.07, 0.00, 0.00, 0.32, 0.00, 0.00, 0.00, 0.01, 0.80, 1.04, 0.00, 0.00, 0.00, 0.00, 1.47, 0.00, 0.00, 1.00, 0.00, 0.00, 0.00, 0.00, 0.00, 0.00, 1.00, 1.00, 1.00, 0.00, 1.00, 0.00, 0.00, 0.00, 1.00
7721,  0,  257.333,  0.98,  1, 0.65, 0.00, 0.99, 0.00, 0.00, 0.25, 0.00, 0.00, 0.00, 0.03, 0.77, 1.04, 0.00, 0.00, 0.00, 0.00, 1.25, 0.00, 0.00, 1.00, 0.00, 0.00, 0.00, 0.00, 0.00, 0.00, 1.00, 1.00, 1.00, 0.00, 1.00, 0.00, 0.00, 0.00, 1.00
7722,  0,  257.367,  0.98,  1, 0.57, 0.00, 0.98, 0.00, 0.00, 0.20, 0.00, 0.00, 0.00, 0.07, 0.71, 1.05, 0.00, 0.00, 0.03, 0.00, 1.14, 0.00, 0.00, 1.00, 0.00, 0.00, 0.00, 0.00, 0.00, 0.00, 1.00, 1.00, 1.00, 0.00, 1.00, 0.00, 0.00, 0.00, 1.00
7723,  0,  257.400,  0.98,  1, 0.51, 0.00, 0.88, 0.00, 0.00, 0.15, 0.00, 0.00, 0.00, 0.08, 0.68, 1.15, 0.00, 0.00, 0.04, 0.00, 1.05, 0.00, 0.00, 1.00, 0.00, 0.00, 0.00, 0.00, 0.00, 0.00, 1.00, 1.00, 1.00, 0.00, 1.00, 0.00, 0.00, 0.00, 1.00
7724,  0,  257.433,  0.98,  1, 0.48, 0.00, 0.85, 0.00, 0.00, 0.20, 0.00, 0.00, 0.00, 0.07, 0.65, 1.24, 0.00, 0.00, 0.05, 0.00, 0.97, 0.00, 0.00, 1.00, 0.00, 0.00, 0.00, 0.00, 0.00, 0.00, 1.00, 1.00, 1.00, 0.00, 1.00, 0.00, 0.00, 0.00, 1.00
7725,  0,  257.467,  0.98,  1, 0.48, 0.00, 0.77, 0.00, 0.00, 0.38, 0.00, 0.00, 0.00, 0.04, 0.65, 1.29, 0.00, 0.00, 0.02, 0.00, 0.89, 0.00, 0.00, 1.00, 0.00, 0.00, 0.00, 0.00, 0.00, 0.00, 1.00, 1.00, 1.00, 0.00, 1.00, 0.00, 0.00, 0.00, 1.00
7726,  0,  257.500,  0.98,  1, 0.57, 0.00, 0.77, 0.00, 0.00, 0.49, 0.00, 0.00, 0.00, 0.09, 0.78, 1.20, 0.00, 0.00, 0.01, 0.00, 0.82, 0.00, 0.00, 1.00, 0.00, 0.00, 1.00, 0.00, 0.00, 0.00, 1.00, 1.00, 1.00, 0.00, 1.00, 0.00, 0.00, 0.00, 1.00
7727,  0,  257.533,  0.98,  1, 0.67, 0.00, 0.79, 0.00, 0.00, 0.68, 0.00, 0.00, 0.00, 0.15, 0.88, 1.14, 0.00, 0.03, 0.01, 0.01, 0.80, 0.00, 0.00, 1.00, 0.00, 0.00, 1.00, 0.00, 0.00, 0.00, 1.00, 1.00, 1.00, 0.00, 1.00, 0.00, 0.00, 0.00, 1.00
7728,  0,  257.567,  0.98,  1, 0.79, 0.00, 0.80, 0.04, 0.00, 0.60, 0.00, 0.00, 0.00, 0.13, 0.81, 1.11, 0.00, 0.03, 0.00, 0.02, 0.86, 0.00, 0.00, 1.00, 0.00, 0.00, 1.00, 0.00, 0.00, 0.00, 1.00, 1.00, 1.00, 0.00, 1.00, 0.00, 0.00, 0.00, 1.00
7729,  0,  257.600,  0.98,  1, 0.72, 0.00, 0.83, 0.08, 0.00, 0.53, 0.00, 0.00, 0.00, 0.07, 0.62, 1.12, 0.00, 0.03, 0.01, 0.07, 1.05, 0.00, 0.00, 1.00, 0.00, 0.00, 1.00, 0.00, 0.00, 0.00, 1.00, 1.00, 1.00, 0.00, 1.00, 0.00, 0.00, 0.00, 1.00
7730,  0,  257.633,  0.98,  1, 0.77, 0.00, 0.78, 0.16, 0.00, 0.50, 0.00, 0.00, 0.00, 0.00, 0.52, 1.09, 0.00, 0.00, 0.10, 0.17, 1.27, 0.00, 0.00, 1.00, 0.00, 0.00, 1.00, 0.00, 0.00, 0.00, 1.00, 1.00, 1.00, 0.00, 0.00, 0.00, 0.00, 0.00, 1.00
7731,  0,  257.667,  0.98,  1, 0.69, 0.00, 0.74, 0.26, 0.00, 0.55, 0.00, 0.00, 0.00, 0.00, 0.58, 1.02, 0.00, 0.00, 0.26, 0.34, 1.44, 0.00, 0.00, 1.00, 0.00, 0.00, 1.00, 0.00, 0.00, 0.00, 1.00, 1.00, 1.00, 0.00, 0.00, 0.00, 1.00, 0.00, 1.00
7732,  0,  257.700,  0.98,  1, 0.73, 0.00, 0.70, 0.38, 0.00, 0.68, 0.00, 0.00, 0.00, 0.00, 0.61, 0.96, 0.00, 0.00, 0.45, 0.53, 1.48, 0.00, 0.00, 1.00, 0.00, 0.00, 1.00, 0.00, 0.00, 0.00, 1.00, 1.00, 1.00, 0.00, 0.00, 0.00, 1.00, 0.00, 1.00
7733,  0,  257.733,  0.98,  1, 0.57, 0.00, 0.70, 0.44, 0.00, 0.71, 0.00, 0.00, 0.00, 0.00, 0.60, 0.90, 0.00, 0.00, 0.60, 0.72, 1.52, 0.00, 0.00, 1.00, 0.00, 0.00, 1.00, 0.00, 0.00, 0.00, 1.00, 1.00, 1.00, 0.00, 0.00, 0.00, 1.00, 0.00, 1.00
7734,  0,  257.767,  0.98,  1, 0.57, 0.00, 0.64, 0.39, 0.00, 0.65, 0.00, 0.00, 0.00, 0.00, 0.58, 0.89, 0.00, 0.00, 0.64, 0.89, 1.45, 0.00, 0.00, 1.00, 0.00, 0.00, 1.00, 0.00, 0.00, 0.00, 0.00, 1.00, 1.00, 0.00, 0.00, 0.00, 1.00, 0.00, 1.00
7735,  0,  257.800,  0.98,  1, 0.49, 0.00, 0.63, 0.33, 0.00, 0.65, 0.00, 0.00, 0.00, 0.00, 0.49, 0.87, 0.00, 0.00, 0.79, 1.10, 1.48, 0.00, 0.00, 1.00, 0.00, 0.00, 0.00, 0.00, 0.00, 0.00, 0.00, 1.00, 1.00, 0.00, 0.00, 0.00, 1.00, 0.00, 1.00
7736,  0,  257.833,  0.98,  1, 0.62, 0.00, 0.49, 0.35, 0.00, 0.54, 0.00, 0.00, 0.00, 0.00, 0.49, 0.81, 0.00, 0.00, 0.92, 1.14, 1.42, 0.00, 0.00, 1.00, 0.00, 0.00, 0.00, 0.00, 0.00, 0.00, 0.00, 1.00, 1.00, 0.00, 0.00, 1.00, 1.00, 0.00, 1.00
7737,  0,  257.867,  0.98,  1, 0.67, 0.00, 0.49, 0.42, 0.00, 0.39, 0.00, 0.00, 0.00, 0.00, 0.45, 0.73, 0.00, 0.00, 1.07, 1.30, 1.50, 0.00, 0.00, 1.00, 0.00, 0.00, 0.00, 0.00, 0.00, 0.00, 0.00, 1.00, 1.00, 0.00, 0.00, 1.00, 1.00, 0.00, 1.00
7738,  0,  257.900,  0.98,  1, 0.77, 0.00, 0.45, 0.41, 0.00, 0.24, 0.00, 0.00, 0.00, 0.00, 0.46, 0.60, 0.00, 0.00, 1.07, 1.38, 1.47, 0.00, 0.00, 1.00, 0.00, 0.00, 0.00, 0.00, 0.00, 0.00, 0.00, 1.00, 1.00, 0.00, 0.00, 1.00, 1.00, 0.00, 1.00
7739,  0,  257.933,  0.98,  1, 0.66, 0.00, 0.45, 0.36, 0.00, 0.15, 0.00, 0.00, 0.00, 0.00, 0.41, 0.50, 0.00, 0.00, 1.12, 1.63, 1.49, 0.00, 0.00, 1.00, 0.00, 0.00, 0.00, 0.00, 0.00, 0.00, 0.00, 1.00, 1.00, 0.00, 0.00, 1.00, 1.00, 0.00, 1.00
7740,  0,  257.967,  0.98,  1, 0.55, 0.00, 0.56, 0.36, 0.00, 0.52, 0.00, 0.00, 0.00, 0.00, 0.49, 0.38, 0.00, 0.00, 1.11, 1.51, 1.29, 0.00, 0.00, 1.00, 0.00, 0.00, 0.00, 0.00, 0.00, 0.00, 0.00, 0.00, 1.00, 0.00, 0.00, 1.00, 1.00, 0.00, 1.00
7741,  0,  258.000,  0.98,  1, 0.45, 0.00, 0.74, 0.41, 0.00, 1.00, 0.00, 0.00, 0.00, 0.00, 0.57, 0.28, 0.00, 0.00, 1.17, 1.33, 1.00, 0.00, 0.00, 1.00, 0.00, 0.00, 1.00, 0.00, 0.00, 0.00, 0.00, 0.00, 1.00, 0.00, 0.00, 1.00, 1.00, 0.00, 1.00
7742,  0,  258.033,  0.98,  1, 0.47, 0.00, 1.00, 0.43, 0.00, 1.54, 0.00, 0.00, 0.00, 0.00, 0.57, 0.18, 0.00, 0.00, 1.04, 1.12, 0.58, 0.00, 0.00, 1.00, 0.00, 0.00, 1.00, 0.00, 0.00, 0.00, 0.00, 0.00, 1.00, 0.00, 0.00, 1.00, 1.00, 0.00, 1.00
7743,  0,  258.067,  0.98,  1, 0.46, 0.00, 0.98, 0.33, 0.00, 1.54, 0.00, 0.00, 0.00, 0.00, 0.51, 0.12, 0.00, 0.00, 0.92, 1.26, 0.23, 0.00, 0.00, 1.00, 0.00, 0.00, 1.00, 0.00, 0.00, 0.00, 0.00, 0.00, 1.00, 0.00, 0.00, 1.00, 1.00, 0.00, 1.00
7744,  0,  258.100,  0.98,  1, 0.41, 0.00, 0.91, 0.25, 0.00, 1.50, 0.00, 0.00, 0.00, 0.00, 0.42, 0.14, 0.00, 0.00, 0.81, 1.45, 0.05, 0.00, 0.00, 1.00, 0.00, 0.00, 1.00, 0.00, 0.00, 0.00, 0.00, 0.00, 1.00, 0.00, 0.00, 1.00, 1.00, 0.00, 1.00
7745,  0,  258.133,  0.98,  1, 0.27, 0.00, 0.79, 0.11, 0.00, 1.42, 0.00, 0.00, 0.00, 0.00, 0.42, 0.23, 0.00, 0.00, 0.71, 1.65, 0.00, 0.00, 0.00, 1.00, 0.00, 0.00, 1.00, 0.00, 0.00, 0.00, 0.00, 0.00, 1.00, 0.00, 0.00, 1.00, 1.00, 0.00, 1.00
7746,  0,  258.167,  0.98,  1, 0.17, 0.00, 0.76, 0.06, 0.00, 1.58, 0.00, 0.00, 0.00, 0.00, 0.37, 0.32, 0.00, 0.00, 0.70, 1.80, 0.00, 0.00, 0.00, 1.00, 0.00, 0.00, 1.00, 0.00, 0.00, 0.00, 0.00, 0.00, 1.00, 0.00, 1.00, 1.00, 1.00, 0.00, 1.00
7747,  0,  258.200,  0.98,  1, 0.05, 0.00, 0.68, 0.00, 0.00, 1.48, 0.00, 0.00, 0.00, 0.00, 0.43, 0.41, 0.00, 0.00, 0.65, 1.99, 0.00, 0.00, 0.00, 1.00, 0.00, 0.00, 1.00, 0.00, 0.00, 0.00, 0.00, 0.00, 1.00, 0.00, 1.00, 1.00, 1.00, 0.00, 1.00
7748,  0,  258.233,  0.98,  1, 0.02, 0.00, 0.66, 0.00, 0.00, 1.32, 0.00, 0.00, 0.00, 0.00, 0.27, 0.53, 0.00, 0.00, 0.72, 2.25, 0.00, 0.00, 0.00, 1.00, 0.00, 0.00, 1.00, 0.00, 1.00, 0.00, 0.00, 0.00, 1.00, 0.00, 1.00, 1.00, 1.00, 0.00, 1.00
7749,  0,  258.267,  0.98,  1, 0.02, 0.00, 0.74, 0.00, 0.00, 1.16, 0.00, 0.00, 0.00, 0.00, 0.22, 0.67, 0.00, 0.00, 0.85, 2.39, 0.00, 0.00, 0.00, 1.00, 0.00, 0.00, 1.00, 0.00, 1.00, 0.00, 0.00, 0.00, 1.00, 0.00, 1.00, 1.00, 1.00, 0.00, 0.00
7750,  0,  258.300,  0.98,  1, 0.02, 0.00, 0.83, 0.00, 0.00, 1.08, 0.00, 0.00, 0.00, 0.00, 0.11, 0.70, 0.00, 0.00, 1.03, 2.41, 0.00, 0.00, 0.00, 1.00, 0.00, 0.00, 1.00, 0.00, 1.00, 0.00, 0.00, 0.00, 1.00, 0.00, 1.00, 1.00, 1.00, 0.00, 0.00
7751,  0,  258.333,  0.98,  1, 0.00, 0.00, 0.85, 0.00, 0.00, 1.21, 0.00, 0.00, 0.00, 0.00, 0.15, 0.74, 0.00, 0.00, 1.21, 2.31, 0.00, 1.00, 0.00, 1.00, 0.00, 0.00, 1.00, 0.00, 1.00, 0.00, 0.00, 0.00, 1.00, 0.00, 1.00, 1.00, 1.00, 0.00, 0.00
7752,  0,  258.367,  0.98,  1, 0.00, 0.00, 0.67, 0.00, 0.00, 1.01, 0.00, 0.00, 0.00, 0.00, 0.11, 0.75, 0.00, 0.00, 1.35, 2.53, 0.00, 1.00, 0.00, 1.00, 0.00, 0.00, 1.00, 0.00, 1.00, 0.00, 0.00, 0.00, 1.00, 0.00, 1.00, 1.00, 1.00, 0.00, 0.00
7753,  0,  258.400,  0.98,  1, 0.00, 0.00, 0.53, 0.00, 0.00, 0.91, 0.00, 0.00, 0.00, 0.00, 0.04, 0.80, 0.00, 0.00, 1.38, 2.79, 0.00, 1.00, 0.00, 0.00, 1.00, 0.00, 1.00, 0.00, 1.00, 0.00, 0.00, 0.00, 1.00, 0.00, 1.00, 1.00, 1.00, 0.00, 0.00
7754,  0,  258.433,  0.98,  1, 0.00, 0.00, 0.41, 0.00, 0.00, 0.68, 0.00, 0.00, 0.00, 0.00, 0.00, 0.83, 0.00, 0.00, 1.44, 3.06, 0.00, 0.00, 0.00, 0.00, 1.00, 0.00, 1.00, 0.00, 1.00, 0.00, 0.00, 0.00, 1.00, 0.00, 1.00, 1.00, 1.00, 0.00, 0.00
7755,  0,  258.467,  0.98,  1, 0.00, 0.00, 0.43, 0.00, 0.00, 0.75, 0.00, 0.00, 0.00, 0.00, 0.00, 0.83, 0.00, 0.00, 1.44, 3.03, 0.00, 1.00, 0.00, 0.00, 1.00, 0.00, 1.00, 0.00, 1.00, 0.00, 0.00, 0.00, 1.00, 0.00, 1.00, 1.00, 1.00, 0.00, 0.00
7756,  0,  258.500,  0.98,  1, 0.00, 0.00, 0.43, 0.00, 0.00, 0.80, 0.00, 0.00, 0.00, 0.00, 0.00, 0.90, 0.00, 0.00, 1.52, 2.98, 0.00, 1.00, 0.00, 0.00, 1.00, 0.00, 1.00, 0.00, 1.00, 0.00, 0.00, 0.00, 1.00, 0.00, 1.00, 1.00, 1.00, 0.00, 0.00
7757,  0,  258.533,  0.98,  1, 0.00, 0.00, 0.47, 0.00, 0.00, 0.88, 0.00, 0.00, 0.00, 0.00, 0.00, 0.87, 0.00, 0.00, 1.50, 2.90, 0.00, 1.00, 0.00, 0.00, 1.00, 0.00, 1.00, 0.00, 1.00, 0.00, 0.00, 0.00, 1.00, 0.00, 1.00, 1.00, 1.00, 0.00, 0.00
7758,  0,  258.567,  0.98,  1, 0.02, 0.00, 0.58, 0.00, 0.00, 0.99, 0.00, 0.00, 0.00, 0.00, 0.00, 0.85, 0.00, 0.00, 1.49, 2.89, 0.00, 1.00, 0.00, 0.00, 1.00, 0.00, 1.00, 0.00, 1.00, 0.00, 0.00, 0.00, 1.00, 0.00, 1.00, 1.00, 1.00, 0.00, 0.00
7759,  0,  258.600,  0.98,  1, 0.04, 0.00, 0.62, 0.00, 0.00, 0.91, 0.00, 0.00, 0.00, 0.00, 0.00, 0.77, 0.00, 0.01, 1.42, 2.91, 0.00, 1.00, 0.00, 0.00, 1.00, 0.00, 1.00, 0.00, 1.00, 0.00, 0.00, 0.00, 1.00, 0.00, 1.00, 1.00, 1.00, 0.00, 0.00
7760,  0,  258.633,  0.98,  1, 0.04, 0.00, 0.62, 0.00, 0.00, 0.76, 0.00, 0.00, 0.00, 0.00, 0.00, 0.78, 0.00, 0.06, 1.51, 3.05, 0.00, 1.00, 0.00, 0.00, 1.00, 0.00, 1.00, 0.00, 1.00, 0.00, 0.00, 0.00, 1.00, 0.00, 1.00, 1.00, 1.00, 0.00, 0.00
7761,  0,  258.667,  0.98,  1, 0.02, 0.00, 0.53, 0.00, 0.00, 0.67, 0.00, 0.00, 0.00, 0.00, 0.00, 0.74, 0.00, 0.09, 1.47, 3.23, 0.00, 1.00, 0.00, 0.00, 1.00, 0.00, 1.00, 0.00, 1.00, 0.00, 0.00, 0.00, 1.00, 0.00, 1.00, 1.00, 1.00, 0.00, 0.00
7762,  0,  258.700,  0.98,  1, 0.00, 0.00, 0.47, 0.00, 0.00, 0.61, 0.00, 0.00, 0.00, 0.00, 0.01, 0.72, 0.00, 0.17, 1.47, 3.31, 0.00, 1.00, 0.00, 0.00, 1.00, 0.00, 1.00, 0.00, 1.00, 0.00, 0.00, 0.00, 1.00, 0.00, 1.00, 1.00, 1.00, 0.00, 0.00
7763,  0,  258.733,  0.98,  1, 0.05, 0.00, 0.40, 0.00, 0.00, 0.62, 0.00, 0.00, 0.00, 0.00, 0.04, 0.70, 0.00, 0.20, 1.39, 3.42, 0.00, 1.00, 0.00, 0.00, 1.00, 0.00, 1.00, 0.00, 1.00, 0.00, 0.00, 0.00, 1.00, 0.00, 1.00, 1.00, 1.00, 0.00, 0.00
7764,  0,  258.767,  0.98,  1, 0.05, 0.00, 0.28, 0.00, 0.00, 0.46, 0.00, 0.00, 0.00, 0.00, 0.04, 0.67, 0.00, 0.22, 1.32, 3.46, 0.00, 1.00, 1.00, 0.00, 1.00, 0.00, 1.00, 0.00, 1.00, 0.00, 0.00, 0.00, 1.00, 0.00, 1.00, 1.00, 1.00, 0.00, 0.00
7765,  0,  258.800,  0.98,  1, 0.07, 0.00, 0.21, 0.00, 0.00, 0.49, 0.00, 0.00, 0.00, 0.00, 0.02, 0.65, 0.00, 0.19, 1.22, 3.59, 0.00, 1.00, 1.00, 0.00, 1.00, 0.00, 1.00, 0.00, 1.00, 0.00, 0.00, 0.00, 1.00, 0.00, 1.00, 1.00, 1.00, 0.00, 0.00
7766,  0,  258.833,  0.98,  1, 0.02, 0.00, 0.18, 0.05, 0.00, 0.48, 0.00, 0.00, 0.00, 0.00, 0.00, 0.62, 0.00, 0.20, 1.11, 3.60, 0.00, 0.00, 1.00, 0.00, 1.00, 0.00, 1.00, 0.00, 1.00, 0.00, 0.00, 0.00, 1.00, 0.00, 1.00, 1.00, 1.00, 0.00, 0.00
7767,  0,  258.867,  0.98,  1, 0.02, 0.00, 0.28, 0.09, 0.00, 0.50, 0.00, 0.00, 0.00, 0.00, 0.00, 0.69, 0.00, 0.23, 1.10, 3.57, 0.00, 0.00, 1.00, 0.00, 1.00, 0.00, 1.00, 0.00, 1.00, 0.00, 0.00, 0.00, 1.00, 0.00, 1.00, 1.00, 1.00, 0.00, 0.00
7768,  0,  258.900,  0.98,  1, 0.02, 0.00, 0.30, 0.18, 0.00, 0.56, 0.00, 0.00, 0.00, 0.00, 0.00, 0.79, 0.00, 0.27, 1.02, 3.51, 0.00, 0.00, 1.00, 0.00, 1.00, 0.00, 1.00, 0.00, 1.00, 0.00, 0.00, 0.00, 1.00, 0.00, 1.00, 1.00, 1.00, 0.00, 0.00
7769,  0,  258.933,  0.98,  1, 0.04, 0.00, 0.30, 0.26, 0.00, 0.60, 0.00, 0.00, 0.00, 0.00, 0.01, 0.91, 0.00, 0.30, 1.01, 3.43, 0.00, 0.00, 1.00, 0.00, 1.00, 0.00, 1.00, 0.00, 1.00, 0.00, 0.00, 0.00, 1.00, 0.00, 1.00, 1.00, 1.00, 0.00, 0.00
7770,  0,  258.967,  0.98,  1, 0.12, 0.00, 0.36, 0.31, 0.00, 0.79, 0.00, 0.00, 0.00, 0.00, 0.01, 1.03, 0.00, 0.33, 0.85, 3.39, 0.00, 0.00, 1.00, 0.00, 1.00, 0.00, 1.00, 0.00, 1.00, 0.00, 0.00, 0.00, 1.00, 0.00, 1.00, 1.00, 1.00, 0.00, 0.00
7771,  0,  259.000,  0.98,  1, 0.18, 0.00, 0.54, 0.33, 0.00, 0.93, 0.00, 0.00, 0.00, 0.00, 0.00, 1.08, 0.00, 0.33, 0.83, 3.33, 0.00, 0.00, 1.00, 0.00, 1.00, 0.00, 1.00, 0.00, 1.00, 0.00, 0.00, 0.00, 1.00, 0.00, 1.00, 1.00, 1.00, 0.00, 0.00
7772,  0,  259.033,  0.98,  1, 0.16, 0.00, 0.64, 0.21, 0.00, 1.17, 0.00, 0.00, 0.00, 0.00, 0.03, 1.07, 0.00, 0.38, 0.83, 3.32, 0.00, 0.00, 1.00, 0.00, 1.00, 0.00, 1.00, 0.00, 1.00, 0.00, 0.00, 0.00, 1.00, 0.00, 1.00, 1.00, 1.00, 0.00, 0.00
7773,  0,  259.067,  0.98,  1, 0.08, 0.00, 0.66, 0.12, 0.00, 1.30, 0.00, 0.00, 0.03, 0.00, 0.06, 0.98, 0.00, 0.39, 0.97, 3.29, 0.00, 0.00, 0.00, 0.00, 1.00, 0.00, 1.00, 0.00, 1.00, 0.00, 0.00, 0.00, 1.00, 0.00, 1.00, 1.00, 1.00, 0.00, 0.00
7774,  0,  259.100,  0.98,  1, 0.01, 0.00, 0.57, 0.01, 0.00, 1.38, 0.00, 0.00, 0.04, 0.00, 0.12, 0.92, 0.00, 0.37, 1.09, 3.29, 0.00, 0.00, 0.00, 0.00, 1.00, 0.00, 1.00, 0.00, 1.00, 0.00, 0.00, 0.00, 1.00, 0.00, 1.00, 1.00, 1.00, 0.00, 0.00
7775,  0,  259.133,  0.98,  1, 0.02, 0.00, 0.64, 0.07, 0.00, 1.50, 0.00, 0.00, 0.04, 0.00, 0.13, 0.82, 0.00, 0.28, 1.07, 3.35, 0.00, 0.00, 0.00, 0.00, 1.00, 0.00, 1.00, 0.00, 1.00, 0.00, 0.00, 0.00, 1.00, 0.00, 1.00, 1.00, 1.00, 0.00, 0.00
7776,  0,  259.167,  0.98,  1, 0.02, 0.00, 0.61, 0.07, 0.00, 1.54, 0.00, 0.00, 0.01, 0.00, 0.20, 0.90, 0.00, 0.22, 1.12, 3.38, 0.00, 0.00, 0.00, 0.00, 1.00, 0.00, 1.00, 0.00, 1.00, 0.00, 0.00, 0.00, 1.00, 0.00, 1.00, 1.00, 1.00, 0.00, 0.00
7777,  0,  259.200,  0.98,  1, 0.03, 0.00, 0.66, 0.07, 0.00, 1.57, 0.00, 0.00, 0.00, 0.00, 0.26, 0.95, 0.00, 0.18, 1.08, 3.42, 0.00, 0.00, 0.00, 0.00, 1.00, 0.00, 1.00, 0.00, 1.00, 0.00, 0.00, 0.00, 1.00, 0.00, 1.00, 1.00, 1.00, 0.00, 0.00
7778,  0,  259.233,  0.98,  1, 0.03, 0.00, 0.71, 0.00, 0.00, 1.56, 0.00, 0.00, 0.00, 0.00, 0.29, 0.97, 0.00, 0.15, 1.15, 3.36, 0.00, 0.00, 0.00, 0.00, 1.00, 0.00, 1.00, 0.00, 1.00, 0.00, 0.00, 0.00, 1.00, 0.00, 1.00, 1.00, 1.00, 0.00, 0.00
7779,  0,  259.267,  0.98,  1, 0.07, 0.00, 0.76, 0.00, 0.00, 1.68, 0.00, 0.01, 0.00, 0.00, 0.18, 0.94, 0.00, 0.19, 1.17, 3.46, 0.00, 0.00, 0.00, 0.00, 1.00, 0.00, 1.00, 0.00, 1.00, 0.00, 0.00, 0.00, 1.00, 0.00, 1.00, 1.00, 1.00, 0.00, 0.00
7780,  0,  259.300,  0.98,  1, 0.14, 0.00, 0.78, 0.00, 0.00, 1.83, 0.00, 0.02, 0.00, 0.00, 0.16, 0.95, 0.00, 0.24, 1.15, 3.46, 0.00, 0.00, 0.00, 0.00, 1.00, 0.00, 1.00, 0.00, 1.00, 0.00, 0.00, 0.00, 1.00, 0.00, 1.00, 1.00, 1.00, 0.00, 0.00
7781,  0,  259.333,  0.98,  1, 0.12, 0.00, 0.74, 0.00, 0.00, 1.89, 0.00, 0.04, 0.00, 0.00, 0.19, 1.05, 0.00, 0.29, 1.10, 3.51, 0.00, 0.00, 0.00, 0.00, 1.00, 0.00, 1.00, 0.00, 1.00, 0.00, 0.00, 0.00, 1.00, 0.00, 1.00, 1.00, 1.00, 0.00, 0.00
7782,  0,  259.367,  0.98,  1, 0.09, 0.00, 0.80, 0.00, 0.00, 1.90, 0.00, 0.03, 0.00, 0.00, 0.29, 1.14, 0.00, 0.30, 1.08, 3.49, 0.00, 0.00, 0.00, 0.00, 1.00, 0.00, 1.00, 0.00, 1.00, 0.00, 0.00, 0.00, 1.00, 0.00, 1.00, 1.00, 1.00, 0.00, 0.00
7783,  0,  259.400,  0.98,  1, 0.03, 0.00, 0.90, 0.01, 0.00, 1.91, 0.00, 0.03, 0.00, 0.00, 0.33, 1.18, 0.00, 0.29, 1.06, 3.51, 0.00, 0.00, 0.00, 0.00, 1.00, 0.00, 1.00, 0.00, 1.00, 0.00, 0.00, 0.00, 1.00, 0.00, 1.00, 1.00, 1.00, 0.00, 0.00
7784,  0,  259.433,  0.98,  1, 0.03, 0.00, 0.98, 0.01, 0.00, 2.00, 0.00, 0.08, 0.01, 0.00, 0.48, 1.22, 0.00, 0.28, 1.11, 3.43, 0.00, 0.00, 0.00, 0.00, 1.00, 0.00, 1.00, 0.00, 1.00, 0.00, 0.00, 0.00, 1.00, 0.00, 1.00, 1.00, 1.00, 0.00, 0.00
7785,  0,  259.467,  0.98,  1, 0.05, 0.00, 1.00, 0.01, 0.00, 2.07, 0.00, 0.08, 0.01, 0.00, 0.62, 1.22, 0.00, 0.27, 1.13, 3.39, 0.00, 0.00, 0.00, 0.00, 1.00, 0.00, 1.00, 0.00, 1.00, 0.00, 0.00, 0.00, 1.00, 0.00, 1.00, 1.00, 1.00, 0.00, 0.00
7786,  0,  259.500,  0.98,  1, 0.02, 0.00, 0.91, 0.00, 0.03, 2.22, 0.00, 0.18, 0.02, 0.00, 0.53, 1.11, 0.00, 0.25, 1.24, 3.44, 0.00, 0.00, 0.00, 0.00, 1.00, 0.00, 1.00, 0.00, 1.00, 0.00, 0.00, 0.00, 1.00, 0.00, 1.00, 1.00, 1.00, 0.00, 0.00
7787,  0,  259.533,  0.98,  1, 0.02, 0.00, 0.87, 0.00, 0.06, 2.35, 0.00, 0.24, 0.04, 0.00, 0.37, 1.00, 0.00, 0.24, 1.27, 3.52, 0.00, 0.00, 0.00, 0.00, 1.00, 0.00, 1.00, 0.00, 1.00, 0.00, 0.00, 0.00, 1.00, 0.00, 1.00, 1.00, 1.00, 0.00, 0.00
7788,  0,  259.567,  0.98,  1, 0.00, 0.00, 0.91, 0.00, 0.16, 2.39, 0.00, 0.39, 0.04, 0.00, 0.20, 0.97, 0.00, 0.25, 1.23, 3.51, 0.00, 0.00, 0.00, 0.00, 1.00, 0.00, 1.00, 0.00, 1.00, 0.00, 0.00, 0.00, 1.00, 0.00, 1.00, 1.00, 1.00, 0.00, 0.00
7789,  0,  259.600,  0.98,  1, 0.00, 0.00, 0.98, 0.00, 0.21, 2.37, 0.00, 0.38, 0.03, 0.00, 0.15, 1.01, 0.00, 0.25, 1.23, 3.42, 0.00, 0.00, 0.00, 0.00, 1.00, 0.00, 1.00, 0.00, 1.00, 0.00, 0.00, 0.00, 1.00, 0.00, 1.00, 1.00, 1.00, 0.00, 0.00
7790,  0,  259.633,  0.98,  1, 0.00, 0.00, 1.07, 0.00, 0.29, 2.28, 0.00, 0.39, 0.01, 0.00, 0.11, 1.10, 0.00, 0.26, 1.22, 3.35, 0.00, 0.00, 0.00, 0.00, 1.00, 0.00, 1.00, 0.00, 1.00, 0.00, 0.00, 0.00, 1.00, 0.00, 1.00, 1.00, 1.00, 0.00, 0.00
7791,  0,  259.667,  0.98,  1, 0.00, 0.00, 1.11, 0.02, 0.29, 2.40, 0.00, 0.42, 0.05, 0.00, 0.08, 1.06, 0.00, 0.20, 1.23, 3.29, 0.00, 0.00, 0.00, 1.00, 1.00, 0.00, 1.00, 0.00, 1.00, 0.00, 0.00, 0.00, 1.00, 0.00, 1.00, 1.00, 1.00, 0.00, 0.00
7792,  0,  259.700,  0.98,  1, 0.01, 0.00, 0.99, 0.02, 0.31, 2.42, 0.00, 0.51, 0.10, 0.00, 0.07, 1.04, 0.00, 0.16, 1.20, 3.20, 0.00, 0.00, 0.00, 1.00, 1.00, 0.00, 1.00, 0.00, 1.00, 0.00, 0.00, 0.00, 1.00, 0.00, 1.00, 1.00, 1.00, 0.00, 0.00
7793,  0,  259.733,  0.98,  1, 0.07, 0.00, 0.90, 0.06, 0.24, 2.34, 0.00, 0.61, 0.13, 0.00, 0.16, 1.00, 0.00, 0.08, 1.25, 3.12, 0.19, 0.00, 0.00, 1.00, 1.00, 0.00, 1.00, 0.00, 1.00, 0.00, 0.00, 0.00, 1.00, 0.00, 1.00, 1.00, 1.00, 0.00, 1.00
7794,  0,  259.767,  0.98,  1, 0.13, 0.00, 0.77, 0.14, 0.17, 1.94, 0.00, 0.67, 0.15, 0.00, 0.28, 0.96, 0.00, 0.03, 1.31, 3.05, 0.56, 0.00, 0.00, 1.00, 0.00, 0.00, 1.00, 0.00, 1.00, 0.00, 0.00, 0.00, 1.00, 0.00, 1.00, 1.00, 1.00, 0.00, 1.00
7795,  0,  259.800,  0.98,  1, 0.18, 0.00, 0.85, 0.26, 0.12, 1.61, 0.00, 0.69, 0.18, 0.00, 0.42, 0.97, 0.00, 0.00, 1.39, 3.14, 0.91, 0.00, 0.00, 1.00, 0.00, 0.00, 1.00, 0.00, 1.00, 0.00, 0.00, 0.00, 1.00, 0.00, 1.00, 1.00, 1.00, 0.00, 1.00
7796,  0,  259.833,  0.98,  1, 0.18, 0.00, 0.88, 0.28, 0.19, 1.58, 0.01, 0.67, 0.21, 0.00, 0.42, 0.91, 0.00, 0.00, 1.49, 3.22, 0.92, 0.00, 0.00, 1.00, 0.00, 0.00, 1.00, 0.00, 1.00, 0.00, 0.00, 0.00, 1.00, 0.00, 1.00, 1.00, 1.00, 0.00, 1.00
7797,  0,  259.867,  0.98,  1, 0.13, 0.00, 1.00, 0.19, 0.34, 2.02, 0.05, 0.68, 0.25, 0.00, 0.35, 0.96, 0.00, 0.01, 1.51, 3.29, 0.63, 0.00, 0.00, 1.00, 0.00, 0.00, 1.00, 0.00, 1.00, 0.00, 0.00, 0.00, 1.00, 0.00, 1.00, 1.00, 1.00, 0.00, 1.00
7798,  0,  259.900,  0.98,  1, 0.09, 0.00, 1.10, 0.06, 0.46, 2.51, 0.05, 0.63, 0.24, 0.00, 0.30, 0.86, 0.00, 0.05, 1.50, 3.25, 0.28, 0.00, 0.00, 1.00, 0.00, 0.00, 1.00, 0.00, 1.00, 0.00, 0.00, 0.00, 1.00, 0.00, 0.00, 1.00, 1.00, 0.00, 1.00
7799,  0,  259.933,  0.98,  1, 0.03, 0.00, 1.16, 0.00, 0.49, 2.72, 0.04, 0.54, 0.21, 0.00, 0.22, 0.79, 0.00, 0.10, 1.43, 3.26, 0.08, 0.00, 0.00, 1.00, 0.00, 0.00, 1.00, 0.00, 1.00, 0.00, 0.00, 0.00, 1.00, 0.00, 0.00, 1.00, 1.00, 0.00, 1.00
7800,  0,  259.967,  0.98,  1, 0.01, 0.00, 1.12, 0.00, 0.49, 2.64, 0.00, 0.49, 0.22, 0.00, 0.15, 0.68, 0.00, 0.09, 1.35, 3.15, 0.00, 0.00, 0.00, 1.00, 0.00, 0.00, 1.00, 0.00, 1.00, 0.00, 0.00, 0.00, 1.00, 0.00, 0.00, 1.00, 1.00, 0.00, 1.00
7801,  0,  260.000,  0.98,  1, 0.00, 0.00, 1.09, 0.02, 0.52, 2.43, 0.00, 0.48, 0.25, 0.00, 0.07, 0.71, 0.00, 0.11, 1.19, 3.05, 0.00, 0.00, 0.00, 1.00, 0.00, 0.00, 1.00, 0.00, 1.00, 0.00, 0.00, 0.00, 1.00, 0.00, 1.00, 1.00, 1.00, 0.00, 1.00
7802,  0,  260.033,  0.98,  1, 0.00, 0.00, 1.12, 0.08, 0.59, 2.37, 0.00, 0.57, 0.33, 0.00, 0.09, 0.74, 0.00, 0.10, 1.07, 2.90, 0.00, 0.00, 0.00, 1.00, 0.00, 0.00, 1.00, 0.00, 1.00, 0.00, 0.00, 0.00, 1.00, 0.00, 1.00, 1.00, 1.00, 0.00, 1.00
7803,  0,  260.067,  0.98,  1, 0.03, 0.00, 1.14, 0.08, 0.58, 2.25, 0.00, 0.63, 0.37, 0.00, 0.17, 0.74, 0.00, 0.11, 1.02, 2.86, 0.17, 0.00, 0.00, 1.00, 0.00, 0.00, 1.00, 0.00, 1.00, 0.00, 0.00, 0.00, 1.00, 0.00, 0.00, 1.00, 1.00, 0.00, 1.00
7804,  0,  260.100,  0.98,  1, 0.13, 0.00, 1.06, 0.14, 0.50, 2.02, 0.04, 0.60, 0.43, 0.00, 0.30, 0.78, 0.00, 0.04, 1.08, 2.76, 0.48, 0.00, 0.00, 1.00, 0.00, 0.00, 1.00, 0.00, 1.00, 0.00, 0.00, 0.00, 1.00, 0.00, 0.00, 1.00, 1.00, 0.00, 1.00
7805,  0,  260.133,  0.98,  1, 0.26, 0.00, 1.02, 0.23, 0.42, 1.78, 0.09, 0.56, 0.45, 0.00, 0.37, 0.76, 0.00, 0.01, 1.04, 2.67, 0.83, 0.00, 0.00, 1.00, 0.00, 0.00, 1.00, 0.00, 1.00, 0.00, 0.00, 0.00, 1.00, 0.00, 0.00, 1.00, 1.00, 0.00, 1.00
7806,  0,  260.167,  0.98,  1, 0.32, 0.00, 1.03, 0.36, 0.43, 1.74, 0.14, 0.52, 0.46, 0.00, 0.40, 0.81, 0.00, 0.00, 1.09, 2.59, 0.98, 0.00, 0.00, 1.00, 0.00, 0.00, 1.00, 0.00, 1.00, 0.00, 0.00, 0.00, 1.00, 0.00, 0.00, 1.00, 1.00, 0.00, 1.00
7807,  0,  260.200,  0.98,  1, 0.32, 0.00, 1.12, 0.41, 0.53, 2.00, 0.17, 0.61, 0.44, 0.00, 0.32, 0.80, 0.00, 0.00, 1.07, 2.64, 0.88, 0.00, 0.00, 1.00, 0.00, 0.00, 1.00, 0.00, 1.00, 0.00, 0.00, 0.00, 1.00, 0.00, 0.00, 1.00, 1.00, 0.00, 1.00
7808,  0,  260.233,  0.98,  1, 0.24, 0.00, 1.20, 0.27, 0.67, 2.50, 0.24, 0.65, 0.42, 0.00, 0.28, 0.88, 0.00, 0.00, 1.06, 2.64, 0.63, 0.00, 0.00, 1.00, 0.00, 0.00, 1.00, 0.00, 1.00, 0.00, 0.00, 0.00, 1.00, 0.00, 0.00, 1.00, 1.00, 0.00, 1.00
7809,  0,  260.267,  0.98,  1, 0.18, 0.00, 1.29, 0.14, 0.77, 2.83, 0.33, 0.62, 0.39, 0.00, 0.19, 0.95, 0.00, 0.00, 0.95, 2.63, 0.31, 0.00, 0.00, 1.00, 1.00, 1.00, 1.00, 0.00, 1.00, 0.00, 0.00, 0.00, 1.00, 0.00, 0.00, 1.00, 1.00, 0.00, 1.00
7810,  0,  260.300,  0.98,  1, 0.09, 0.00, 1.38, 0.02, 0.90, 3.24, 0.36, 0.67, 0.36, 0.00, 0.17, 0.97, 0.00, 0.02, 0.87, 2.60, 0.10, 0.00, 0.00, 1.00, 1.00, 1.00, 1.00, 0.00, 1.00, 0.00, 0.00, 0.00, 1.00, 0.00, 0.00, 1.00, 1.00, 0.00, 1.00
7811,  0,  260.333,  0.98,  1, 0.03, 0.00, 1.42, 0.00, 0.91, 3.15, 0.31, 0.67, 0.30, 0.00, 0.10, 0.99, 0.00, 0.03, 0.85, 2.74, 0.00, 0.00, 0.00, 1.00, 1.00, 1.00, 1.00, 0.00, 1.00, 0.00, 0.00, 0.00, 1.00, 0.00, 0.00, 1.00, 1.00, 0.00, 1.00
7812,  0,  260.367,  0.98,  1, 0.00, 0.00, 1.35, 0.00, 0.94, 3.35, 0.26, 0.80, 0.24, 0.00, 0.07, 0.92, 0.00, 0.06, 0.87, 2.75, 0.00, 0.00, 0.00, 1.00, 1.00, 1.00, 1.00, 0.00, 1.00, 0.00, 0.00, 0.00, 1.00, 0.00, 0.00, 1.00, 1.00, 0.00, 1.00
7813,  0,  260.400,  0.98,  1, 0.00, 0.00, 1.29, 0.00, 0.91, 3.29, 0.25, 0.92, 0.18, 0.00, 0.11, 0.97, 0.00, 0.05, 0.95, 2.74, 0.00, 0.00, 0.00, 1.00, 1.00, 1.00, 1.00, 0.00, 1.00, 0.00, 0.00, 0.00, 1.00, 0.00, 0.00, 1.00, 1.00, 0.00, 1.00
7814,  0,  260.433,  0.98,  1, 0.00, 0.00, 1.23, 0.00, 0.94, 3.55, 0.35, 1.00, 0.17, 0.00, 0.20, 1.06, 0.00, 0.04, 1.02, 2.54, 0.00, 0.00, 0.00, 1.00, 1.00, 1.00, 1.00, 0.00, 1.00, 0.00, 0.00, 0.00, 1.00, 0.00, 0.00, 1.00, 1.00, 0.00, 1.00
7815,  0,  260.467,  0.98,  1, 0.00, 0.00, 1.34, 0.00, 0.99, 3.51, 0.39, 1.01, 0.20, 0.00, 0.25, 1.10, 0.00, 0.01, 1.06, 2.56, 0.00, 0.00, 0.00, 1.00, 1.00, 1.00, 1.00, 0.00, 1.00, 0.00, 0.00, 0.00, 1.00, 0.00, 0.00, 1.00, 1.00, 0.00, 1.00
7816,  0,  260.500,  0.98,  1, 0.00, 0.00, 1.43, 0.00, 1.09, 3.64, 0.43, 0.99, 0.27, 0.00, 0.25, 1.13, 0.00, 0.01, 1.21, 2.57, 0.00, 0.00, 0.00, 1.00, 1.00, 1.00, 1.00, 0.00, 1.00, 0.00, 0.00, 0.00, 1.00, 0.00, 0.00, 1.00, 1.00, 0.00, 0.00
7817,  0,  260.533,  0.98,  1, 0.00, 0.00, 1.49, 0.00, 1.21, 3.52, 0.42, 1.04, 0.30, 0.02, 0.22, 1.09, 0.00, 0.00, 1.33, 2.65, 0.00, 0.00, 0.00, 1.00, 1.00, 1.00, 1.00, 0.00, 1.00, 0.00, 1.00, 0.00, 1.00, 0.00, 0.00, 1.00, 1.00, 0.00, 0.00
7818,  0,  260.567,  0.98,  1, 0.00, 0.00, 1.58, 0.00, 1.31, 3.49, 0.40, 1.08, 0.26, 0.20, 0.28, 1.21, 0.00, 0.00, 1.44, 2.55, 0.00, 0.00, 0.00, 1.00, 1.00, 1.00, 1.00, 0.00, 1.00, 0.00, 1.00, 0.00, 1.00, 0.00, 0.00, 1.00, 1.00, 0.00, 1.00
7819,  0,  260.600,  0.98,  1, 0.00, 0.00, 1.70, 0.00, 1.36, 3.31, 0.35, 1.01, 0.14, 0.26, 0.35, 1.41, 0.00, 0.00, 1.35, 2.56, 0.00, 0.00, 0.00, 1.00, 1.00, 1.00, 1.00, 0.00, 1.00, 0.00, 1.00, 1.00, 1.00, 0.00, 0.00, 1.00, 1.00, 0.00, 1.00
7820,  0,  260.633,  0.98,  1, 0.00, 0.00, 1.87, 0.00, 1.36, 3.28, 0.42, 0.90, 0.05, 0.48, 0.60, 1.59, 0.00, 0.20, 0.86, 2.32, 0.00, 0.00, 0.00, 1.00, 1.00, 1.00, 1.00, 0.00, 1.00, 0.00, 1.00, 1.00, 1.00, 0.00, 0.00, 1.00, 1.00, 0.00, 1.00
7821,  0,  260.667,  0.93,  1, 0.00, 0.00, 2.01, 0.00, 1.45, 3.28, 0.43, 0.90, 0.00, 0.35, 1.23, 1.96, 0.00, 0.35, 0.40, 1.52, 0.00, 0.00, 0.00, 1.00, 1.00, 1.00, 1.00, 0.00, 1.00, 0.00, 1.00, 1.00, 1.00, 0.00, 0.00, 0.00, 1.00, 0.00, 0.00
7822,  0,  260.700,  0.93,  1, 0.05, 0.00, 2.07, 0.00, 1.65, 3.37, 0.44, 1.10, 0.04, 0.54, 1.89, 2.29, 0.00, 0.47, 0.00, 0.62, 0.00, 0.00, 0.00, 1.00, 0.00, 1.00, 1.00, 0.00, 1.00, 0.00, 1.00, 1.00, 1.00, 0.00, 0.00, 0.00, 0.00, 0.00, 0.00
7823,  0,  260.733,  0.93,  1, 0.05, 0.04, 2.07, 0.00, 1.78, 3.24, 0.29, 1.32, 0.08, 0.43, 2.32, 2.70, 0.12, 0.61, 0.00, 0.00, 0.05, 0.00, 0.00, 1.00, 0.00, 1.00, 1.00, 0.00, 1.00, 0.00, 1.00, 1.00, 1.00, 0.00, 0.00, 0.00, 0.00, 0.00, 0.00
7824,  0,  260.767,  0.98,  1, 0.05, 0.04, 1.81, 0.00, 1.74, 2.87, 0.15, 1.28, 0.12, 0.38, 2.35, 2.97, 0.23, 0.91, 0.00, 0.00, 0.05, 0.00, 1.00, 1.00, 0.00, 1.00, 1.00, 0.00, 1.00, 0.00, 1.00, 1.00, 1.00, 0.00, 0.00, 0.00, 0.00, 0.00, 0.00
7825,  0,  260.800,  0.98,  1, 0.00, 0.30, 1.55, 0.00, 1.67, 2.48, 0.06, 1.13, 0.20, 0.13, 2.33, 3.12, 0.48, 1.21, 0.00, 0.00, 0.05, 0.00, 1.00, 1.00, 0.00, 1.00, 1.00, 0.00, 1.00, 0.00, 1.00, 1.00, 1.00, 0.00, 0.00, 0.00, 0.00, 0.00, 0.00
7826,  0,  260.833,  0.98,  1, 0.00, 0.26, 1.42, 0.00, 1.70, 2.32, 0.00, 1.03, 0.28, 0.01, 2.25, 3.11, 0.48, 1.24, 0.00, 0.00, 0.00, 0.00, 1.00, 1.00, 0.00, 1.00, 1.00, 0.00, 1.00, 0.00, 1.00, 1.00, 1.00, 0.00, 0.00, 0.00, 0.00, 0.00, 0.00
7827,  0,  260.867,  0.98,  1, 0.01, 0.33, 1.51, 0.00, 1.86, 2.48, 0.01, 1.16, 0.36, 0.05, 2.23, 2.93, 0.56, 1.14, 0.00, 0.00, 0.00, 0.00, 1.00, 1.00, 0.00, 1.00, 1.00, 0.00, 1.00, 0.00, 1.00, 1.00, 1.00, 0.00, 0.00, 0.00, 0.00, 0.00, 0.00
7828,  0,  260.900,  0.98,  1, 0.01, 0.07, 1.67, 0.00, 1.96, 2.75, 0.03, 1.35, 0.40, 0.05, 2.16, 2.71, 0.49, 1.04, 0.00, 0.00, 0.00, 0.00, 1.00, 1.00, 0.00, 1.00, 1.00, 0.00, 1.00, 0.00, 1.00, 1.00, 1.00, 0.00, 0.00, 0.00, 0.00, 0.00, 0.00
7829,  0,  260.933,  0.98,  1, 0.01, 0.13, 1.72, 0.00, 2.01, 2.78, 0.03, 1.38, 0.35, 0.08, 2.10, 2.65, 0.51, 0.95, 0.00, 0.00, 0.00, 0.00, 1.00, 1.00, 0.00, 1.00, 1.00, 0.00, 1.00, 0.00, 1.00, 1.00, 1.00, 0.00, 0.00, 0.00, 0.00, 0.00, 0.00
7830,  0,  260.967,  0.98,  1, 0.00, 0.06, 1.86, 0.00, 2.03, 2.89, 0.06, 1.36, 0.33, 0.09, 1.97, 2.59, 0.50, 0.92, 0.00, 0.00, 0.00, 0.00, 1.00, 1.00, 0.00, 1.00, 1.00, 0.00, 1.00, 0.00, 1.00, 1.00, 1.00, 0.00, 0.00, 0.00, 0.00, 0.00, 0.00
7831,  0,  261.000,  0.98,  1, 0.00, 0.15, 1.94, 0.00, 2.00, 2.93, 0.09, 1.22, 0.28, 0.18, 1.95, 2.58, 0.53, 0.92, 0.00, 0.00, 0.00, 0.00, 1.00, 1.00, 0.00, 1.00, 1.00, 0.00, 1.00, 0.00, 1.00, 1.00, 1.00, 0.00, 0.00, 0.00, 0.00, 0.00, 0.00
7832,  0,  261.033,  0.98,  1, 0.00, 0.12, 2.03, 0.00, 2.01, 3.17, 0.10, 1.26, 0.36, 0.24, 1.99, 2.59, 0.54, 1.02, 0.00, 0.00, 0.00, 0.00, 1.00, 1.00, 0.00, 1.00, 1.00, 0.00, 1.00, 0.00, 1.00, 1.00, 1.00, 0.00, 0.00, 0.00, 0.00, 0.00, 0.00
7833,  0,  261.067,  0.98,  1, 0.00, 0.24, 1.96, 0.00, 2.02, 3.17, 0.10, 1.28, 0.41, 0.32, 2.00, 2.66, 0.49, 1.08, 0.00, 0.00, 0.00, 0.00, 1.00, 1.00, 0.00, 1.00, 1.00, 0.00, 1.00, 0.00, 1.00, 1.00, 1.00, 0.00, 0.00, 0.00, 0.00, 0.00, 0.00
7834,  0,  261.100,  0.98,  1, 0.00, 0.15, 1.93, 0.00, 2.08, 3.06, 0.11, 1.37, 0.42, 0.27, 1.96, 2.71, 0.41, 1.09, 0.00, 0.00, 0.00, 0.00, 1.00, 1.00, 0.00, 1.00, 1.00, 0.00, 1.00, 0.00, 1.00, 1.00, 1.00, 0.00, 0.00, 0.00, 0.00, 0.00, 0.00
7835,  0,  261.133,  0.98,  1, 0.00, 0.12, 2.00, 0.00, 2.11, 2.92, 0.19, 1.37, 0.36, 0.27, 2.00, 2.63, 0.54, 0.95, 0.00, 0.00, 0.10, 0.00, 1.00, 1.00, 0.00, 1.00, 1.00, 0.00, 1.00, 0.00, 1.00, 1.00, 1.00, 0.00, 0.00, 0.00, 0.00, 0.00, 1.00
7836,  0,  261.167,  0.98,  1, 0.09, 0.00, 1.98, 0.00, 1.98, 2.77, 0.26, 1.20, 0.33, 0.37, 2.18, 2.53, 0.56, 0.80, 0.00, 0.00, 0.39, 0.00, 1.00, 1.00, 0.00, 1.00, 1.00, 0.00, 1.00, 0.00, 1.00, 1.00, 1.00, 0.00, 0.00, 0.00, 0.00, 0.00, 1.00
7837,  0,  261.200,  0.88,  1, 0.18, 0.00, 1.99, 0.00, 1.79, 2.52, 0.36, 0.87, 0.31, 0.67, 2.39, 2.26, 0.56, 0.46, 0.00, 0.00, 0.85, 0.00, 1.00, 1.00, 0.00, 1.00, 1.00, 0.00, 1.00, 0.00, 1.00, 1.00, 1.00, 0.00, 0.00, 0.00, 0.00, 0.00, 1.00
7838,  0,  261.233,  0.88,  1, 0.25, 0.00, 1.94, 0.00, 1.56, 2.23, 0.50, 0.59, 0.35, 0.92, 2.37, 1.59, 0.42, 0.22, 0.00, 0.00, 1.24, 0.00, 0.00, 1.00, 0.00, 1.00, 1.00, 0.00, 1.00, 0.00, 1.00, 1.00, 1.00, 0.00, 0.00, 0.00, 0.00, 0.00, 1.00
7839,  0,  261.267,  0.93,  1, 0.16, 0.00, 1.98, 0.00, 1.36, 2.05, 0.60, 0.51, 0.39, 0.76, 1.89, 1.04, 0.36, 0.00, 0.27, 0.07, 1.53, 0.00, 0.00, 1.00, 0.00, 1.00, 1.00, 0.00, 1.00, 0.00, 1.00, 1.00, 1.00, 0.00, 0.00, 0.00, 0.00, 0.00, 1.00
7840,  0,  261.300,  0.88,  1, 0.07, 0.00, 1.91, 0.00, 1.32, 2.15, 0.57, 0.71, 0.53, 0.62, 1.32, 0.68, 0.23, 0.00, 0.72, 0.43, 1.58, 0.00, 0.00, 1.00, 0.00, 1.00, 1.00, 0.00, 1.00, 0.00, 1.00, 0.00, 1.00, 0.00, 0.00, 0.00, 0.00, 0.00, 1.00
7841,  0,  261.333,  0.88,  1, 0.00, 0.01, 1.88, 0.00, 1.39, 2.53, 0.52, 0.93, 0.69, 0.58, 0.81, 0.74, 0.09, 0.00, 1.26, 0.88, 1.40, 0.00, 0.00, 1.00, 0.00, 1.00, 1.00, 0.00, 1.00, 1.00, 1.00, 0.00, 0.00, 0.00, 0.00, 1.00, 0.00, 0.00, 1.00
7842,  0,  261.367,  0.98,  1, 0.00, 0.01, 1.85, 0.00, 1.53, 2.90, 0.46, 1.13, 0.84, 0.96, 0.47, 0.64, 0.00, 0.00, 1.53, 1.21, 1.05, 0.00, 0.00, 1.00, 0.00, 1.00, 1.00, 0.00, 1.00, 1.00, 1.00, 0.00, 0.00, 0.00, 0.00, 1.00, 1.00, 0.00, 1.00
7843,  0,  261.400,  0.98,  1, 0.00, 0.01, 1.79, 0.00, 1.53, 3.13, 0.42, 1.07, 0.81, 1.20, 0.24, 0.61, 0.00, 0.00, 1.61, 1.28, 0.68, 0.00, 0.00, 1.00, 1.00, 1.00, 1.00, 0.00, 1.00, 1.00, 1.00, 0.00, 0.00, 0.00, 1.00, 1.00, 1.00, 0.00, 1.00
7844,  0,  261.433,  0.98,  1, 0.00, 0.00, 1.74, 0.00, 1.52, 3.24, 0.33, 0.96, 0.79, 1.36, 0.13, 0.50, 0.00, 0.02, 1.67, 1.21, 0.45, 0.00, 0.00, 1.00, 1.00, 1.00, 1.00, 0.00, 1.00, 1.00, 1.00, 0.00, 0.00, 0.00, 1.00, 1.00, 1.00, 0.00, 1.00
7845,  0,  261.467,  0.98,  1, 0.00, 0.00, 1.69, 0.00, 1.53, 3.10, 0.28, 0.79, 0.76, 1.44, 0.12, 0.50, 0.14, 0.02, 1.67, 1.15, 0.27, 0.00, 0.00, 1.00, 1.00, 1.00, 1.00, 0.00, 1.00, 1.00, 1.00, 0.00, 0.00, 0.00, 1.00, 1.00, 1.00, 0.00, 1.00
7846,  0,  261.500,  0.98,  1, 0.00, 0.00, 1.83, 0.05, 1.51, 2.74, 0.26, 0.71, 0.87, 1.57, 0.12, 0.45, 0.45, 0.02, 1.63, 1.14, 0.59, 0.00, 0.00, 1.00, 1.00, 1.00, 1.00, 0.00, 1.00, 1.00, 1.00, 0.00, 0.00, 0.00, 1.00, 1.00, 1.00, 0.00, 1.00
7847,  0,  261.533,  0.98,  1, 0.00, 0.00, 1.84, 0.12, 1.37, 1.91, 0.24, 0.67, 0.91, 1.69, 0.06, 0.52, 0.90, 0.00, 1.50, 1.05, 1.13, 0.00, 0.00, 1.00, 1.00, 1.00, 1.00, 0.00, 1.00, 1.00, 1.00, 0.00, 0.00, 1.00, 1.00, 1.00, 1.00, 0.00, 1.00
7848,  0,  261.567,  0.98,  1, 0.00, 0.00, 1.76, 0.26, 1.18, 1.05, 0.16, 0.65, 0.93, 1.62, 0.07, 0.66, 1.22, 0.00, 1.48, 0.85, 1.81, 0.00, 0.00, 1.00, 1.00, 1.00, 1.00, 0.00, 1.00, 1.00, 1.00, 0.00, 0.00, 1.00, 1.00, 1.00, 1.00, 0.00, 1.00
7849,  0,  261.600,  0.98,  1, 0.00, 0.00, 1.54, 0.31, 1.04, 0.59, 0.13, 0.53, 0.86, 1.62, 0.02, 0.71, 1.41, 0.00, 1.41, 0.60, 2.08, 0.00, 0.00, 1.00, 1.00, 1.00, 1.00, 0.00, 1.00, 1.00, 1.00, 0.00, 0.00, 1.00, 1.00, 1.00, 1.00, 0.00, 1.00
7850,  0,  261.633,  0.98,  1, 0.00, 0.00, 1.47, 0.40, 1.09, 0.86, 0.12, 0.44, 0.78, 1.56, 0.10, 0.77, 1.43, 0.00, 1.39, 0.48, 2.08, 0.00, 0.00, 1.00, 1.00, 1.00, 1.00, 0.00, 1.00, 1.00, 1.00, 0.00, 0.00, 1.00, 1.00, 1.00, 1.00, 0.00, 1.00
7851,  0,  261.667,  0.98,  1, 0.00, 0.00, 1.54, 0.34, 1.13, 1.48, 0.10, 0.34, 0.69, 1.46, 0.09, 0.75, 1.31, 0.00, 1.31, 0.54, 1.74, 0.00, 0.00, 1.00, 1.00, 1.00, 1.00, 0.00, 1.00, 1.00, 1.00, 1.00, 0.00, 1.00, 1.00, 1.00, 1.00, 0.00, 1.00
7852,  0,  261.700,  0.98,  1, 0.00, 0.00, 1.68, 0.27, 1.13, 1.99, 0.08, 0.32, 0.56, 1.28, 0.10, 0.82, 1.16, 0.00, 1.39, 0.64, 1.29, 0.00, 0.00, 1.00, 1.00, 1.00, 1.00, 0.00, 1.00, 1.00, 1.00, 1.00, 1.00, 1.00, 1.00, 1.00, 1.00, 0.00, 1.00
7853,  0,  261.733,  0.98,  1, 0.00, 0.00, 1.71, 0.11, 1.00, 2.01, 0.02, 0.25, 0.50, 1.17, 0.03, 0.86, 0.99, 0.00, 1.34, 0.74, 0.83, 0.00, 0.00, 1.00, 1.00, 1.00, 1.00, 0.00, 1.00, 1.00, 1.00, 1.00, 1.00, 1.00, 1.00, 1.00, 1.00, 0.00, 1.00
7854,  0,  261.767,  0.98,  1, 0.00, 0.00, 1.71, 0.03, 0.94, 1.92, 0.02, 0.23, 0.44, 1.24, 0.04, 0.87, 0.99, 0.00, 1.28, 0.77, 0.52, 0.00, 0.00, 1.00, 1.00, 1.00, 1.00, 0.00, 1.00, 1.00, 1.00, 1.00, 1.00, 1.00, 1.00, 1.00, 1.00, 0.00, 1.00
7855,  0,  261.800,  0.98,  1, 0.00, 0.00, 1.66, 0.00, 0.86, 1.89, 0.00, 0.34, 0.45, 1.25, 0.02, 0.84, 0.80, 0.00, 1.10, 0.78, 0.40, 0.00, 0.00, 1.00, 1.00, 1.00, 1.00, 0.00, 1.00, 0.00, 1.00, 1.00, 1.00, 1.00, 1.00, 1.00, 1.00, 0.00, 0.00
7856,  0,  261.833,  0.98,  1, 0.00, 0.00, 1.63, 0.00, 0.79, 1.95, 0.00, 0.41, 0.36, 1.31, 0.02, 0.94, 0.69, 0.00, 0.98, 0.71, 0.26, 0.00, 0.00, 1.00, 1.00, 1.00, 1.00, 0.00, 1.00, 0.00, 1.00, 1.00, 1.00, 1.00, 1.00, 0.00, 1.00, 0.00, 0.00
7857,  0,  261.867,  0.98,  1, 0.00, 0.00, 1.59, 0.05, 0.72, 1.97, 0.00, 0.47, 0.25, 1.32, 0.00, 1.01, 0.52, 0.00, 0.72, 0.61, 0.18, 0.00, 0.00, 1.00, 1.00, 1.00, 1.00, 0.00, 1.00, 0.00, 1.00, 1.00, 1.00, 1.00, 1.00, 0.00, 0.00, 0.00, 0.00
7858,  0,  261.900,  0.98,  1, 0.00, 0.00, 1.57, 0.05, 0.64, 1.85, 0.00, 0.29, 0.19, 1.27, 0.04, 1.14, 0.58, 0.00, 0.39, 0.42, 0.09, 0.00, 0.00, 1.00, 1.00, 0.00, 1.00, 0.00, 1.00, 0.00, 1.00, 1.00, 1.00, 0.00, 1.00, 0.00, 0.00, 0.00, 0.00
7859,  0,  261.933,  0.98,  1, 0.03, 0.00, 1.63, 0.05, 0.62, 1.85, 0.00, 0.25, 0.17, 1.21, 0.04, 1.08, 0.61, 0.00, 0.11, 0.30, 0.05, 0.00, 0.00, 1.00, 1.00, 0.00, 1.00, 0.00, 1.00, 0.00, 1.00, 1.00, 1.00, 0.00, 1.00, 0.00, 0.00, 0.00, 0.00
7860,  0,  261.967,  0.98,  1, 0.03, 0.00, 1.66, 0.00, 0.50, 1.59, 0.00, 0.09, 0.15, 1.14, 0.06, 1.09, 0.50, 0.01, 0.00, 0.25, 0.04, 0.00, 0.00, 1.00, 1.00, 0.00, 1.00, 0.00, 1.00, 0.00, 1.00, 1.00, 1.00, 0.00, 1.00, 0.00, 0.00, 0.00, 0.00
7861,  0,  262.000,  0.98,  1, 0.03, 0.00, 1.75, 0.00, 0.46, 1.54, 0.00, 0.09, 0.10, 1.20, 0.04, 1.03, 0.28, 0.03, 0.00, 0.16, 0.03, 0.00, 0.00, 1.00, 1.00, 0.00, 1.00, 0.00, 1.00, 0.00, 1.00, 1.00, 1.00, 0.00, 1.00, 0.00, 0.00, 0.00, 0.00
7862,  0,  262.033,  0.98,  1, 0.00, 0.00, 1.66, 0.02, 0.38, 1.42, 0.00, 0.00, 0.11, 1.25, 0.12, 1.04, 0.06, 0.05, 0.00, 0.10, 0.03, 0.00, 0.00, 1.00, 1.00, 0.00, 1.00, 0.00, 1.00, 0.00, 1.00, 1.00, 1.00, 0.00, 1.00, 0.00, 0.00, 0.00, 0.00
7863,  0,  262.067,  0.98,  1, 0.00, 0.00, 1.66, 0.02, 0.29, 1.50, 0.00, 0.00, 0.09, 1.24, 0.16, 0.99, 0.00, 0.05, 0.00, 0.00, 0.03, 0.00, 0.00, 1.00, 1.00, 0.00, 1.00, 0.00, 1.00, 0.00, 1.00, 1.00, 1.00, 0.00, 1.00, 0.00, 0.00, 0.00, 0.00
7864,  0,  262.100,  0.98,  1, 0.00, 0.08, 1.52, 0.02, 0.20, 1.45, 0.00, 0.00, 0.08, 1.12, 0.22, 1.00, 0.00, 0.02, 0.00, 0.00, 0.00, 0.00, 0.00, 1.00, 1.00, 0.00, 1.00, 0.00, 1.00, 0.00, 1.00, 1.00, 1.00, 0.00, 1.00, 0.00, 0.00, 0.00, 0.00
7865,  0,  262.133,  0.98,  1, 0.00, 0.08, 1.55, 0.00, 0.17, 1.43, 0.00, 0.00, 0.08, 0.96, 0.20, 0.95, 0.00, 0.00, 0.00, 0.00, 0.00, 0.00, 0.00, 1.00, 1.00, 0.00, 1.00, 0.00, 1.00, 0.00, 1.00, 1.00, 1.00, 0.00, 1.00, 0.00, 0.00, 0.00, 0.00
7866,  0,  262.167,  0.98,  1, 0.04, 0.08, 1.56, 0.01, 0.22, 1.50, 0.00, 0.00, 0.09, 0.88, 0.23, 1.01, 0.00, 0.00, 0.00, 0.00, 0.00, 0.00, 0.00, 1.00, 1.00, 0.00, 1.00, 0.00, 1.00, 0.00, 1.00, 1.00, 1.00, 0.00, 1.00, 0.00, 0.00, 0.00, 0.00
7867,  0,  262.200,  0.98,  1, 0.10, 0.02, 1.59, 0.01, 0.23, 1.50, 0.00, 0.00, 0.06, 0.88, 0.22, 1.04, 0.00, 0.00, 0.00, 0.00, 0.00, 0.00, 0.00, 1.00, 1.00, 0.00, 1.00, 0.00, 1.00, 0.00, 1.00, 1.00, 1.00, 0.00, 1.00, 0.00, 0.00, 0.00, 0.00
7868,  0,  262.233,  0.98,  1, 0.10, 0.02, 1.56, 0.01, 0.27, 1.47, 0.00, 0.00, 0.03, 0.89, 0.33, 1.10, 0.00, 0.00, 0.00, 0.00, 0.00, 0.00, 0.00, 1.00, 1.00, 0.00, 1.00, 0.00, 1.00, 0.00, 1.00, 1.00, 1.00, 0.00, 1.00, 0.00, 0.00, 0.00, 0.00
7869,  0,  262.267,  0.98,  1, 0.06, 0.02, 1.47, 0.00, 0.29, 1.48, 0.00, 0.00, 0.01, 0.91, 0.36, 1.08, 0.00, 0.00, 0.00, 0.00, 0.00, 0.00, 0.00, 1.00, 1.00, 0.00, 1.00, 0.00, 1.00, 0.00, 1.00, 1.00, 1.00, 0.00, 1.00, 0.00, 0.00, 0.00, 0.00
7870,  0,  262.300,  0.98,  1, 0.04, 0.00, 1.47, 0.00, 0.30, 1.44, 0.00, 0.00, 0.06, 0.87, 0.67, 1.21, 0.00, 0.00, 0.00, 0.00, 0.00, 0.00, 0.00, 1.00, 1.00, 0.00, 1.00, 0.00, 1.00, 0.00, 1.00, 1.00, 1.00, 0.00, 1.00, 0.00, 0.00, 0.00, 0.00
7871,  0,  262.333,  0.98,  1, 0.12, 0.00, 1.45, 0.00, 0.26, 1.22, 0.00, 0.00, 0.15, 0.88, 0.92, 1.41, 0.00, 0.00, 0.00, 0.00, 0.65, 0.00, 0.00, 1.00, 1.00, 0.00, 1.00, 0.00, 1.00, 0.00, 1.00, 1.00, 1.00, 0.00, 1.00, 0.00, 0.00, 0.00, 0.00
7872,  0,  262.367,  0.98,  1, 0.16, 0.00, 1.43, 0.03, 0.15, 0.68, 0.00, 0.00, 0.27, 0.91, 1.10, 1.54, 0.00, 0.00, 0.09, 0.00, 1.60, 0.00, 0.00, 1.00, 1.00, 0.00, 1.00, 0.00, 1.00, 0.00, 1.00, 1.00, 1.00, 0.00, 1.00, 0.00, 0.00, 0.00, 1.00
7873,  0,  262.400,  0.98,  1, 0.24, 0.00, 1.43, 0.03, 0.13, 0.43, 0.00, 0.00, 0.27, 0.99, 0.92, 1.42, 0.00, 0.00, 0.16, 0.00, 2.50, 0.00, 0.00, 1.00, 1.00, 0.00, 1.00, 0.00, 1.00, 0.00, 1.00, 1.00, 1.00, 0.00, 1.00, 0.00, 0.00, 0.00, 1.00
7874,  0,  262.433,  0.98,  1, 0.19, 0.00, 1.52, 0.04, 0.14, 0.49, 0.00, 0.00, 0.25, 0.96, 0.67, 1.17, 0.00, 0.00, 0.24, 0.00, 2.53, 0.00, 0.00, 1.00, 1.00, 0.00, 1.00, 0.00, 1.00, 0.00, 1.00, 1.00, 1.00, 0.00, 1.00, 0.00, 0.00, 0.00, 1.00
7875,  0,  262.467,  0.98,  1, 0.19, 0.00, 1.73, 0.01, 0.28, 0.99, 0.00, 0.00, 0.25, 0.96, 0.58, 0.96, 0.00, 0.00, 0.22, 0.00, 2.18, 0.00, 0.00, 1.00, 1.00, 0.00, 1.00, 0.00, 1.00, 0.00, 1.00, 1.00, 1.00, 0.00, 1.00, 0.00, 0.00, 0.00, 1.00
7876,  0,  262.500,  0.98,  1, 0.11, 0.00, 1.72, 0.00, 0.29, 1.28, 0.00, 0.00, 0.31, 1.00, 0.47, 0.88, 0.00, 0.00, 0.18, 0.00, 1.69, 0.00, 0.00, 1.00, 0.00, 0.00, 1.00, 0.00, 1.00, 0.00, 1.00, 1.00, 1.00, 0.00, 1.00, 0.00, 0.00, 0.00, 1.00
7877,  0,  262.533,  0.98,  1, 0.09, 0.00, 1.57, 0.00, 0.25, 1.49, 0.00, 0.00, 0.32, 1.02, 0.29, 0.82, 0.00, 0.00, 0.19, 0.00, 1.24, 0.00, 0.00, 1.00, 0.00, 0.00, 1.00, 0.00, 1.00, 0.00, 1.00, 1.00, 1.00, 0.00, 1.00, 0.00, 0.00, 0.00, 1.00
7878,  0,  262.567,  0.98,  1, 0.19, 0.01, 1.40, 0.00, 0.15, 1.48, 0.00, 0.00, 0.30, 1.00, 0.10, 0.81, 0.00, 0.00, 0.19, 0.00, 0.78, 0.00, 0.00, 1.00, 0.00, 0.00, 1.00, 0.00, 1.00, 0.00, 1.00, 0.00, 1.00, 0.00, 1.00, 0.00, 0.00, 0.00, 0.00
7879,  0,  262.600,  0.98,  1, 0.18, 0.01, 1.45, 0.00, 0.15, 1.58, 0.00, 0.00, 0.28, 0.98, 0.00, 0.75, 0.00, 0.00, 0.23, 0.00, 0.48, 0.00, 0.00, 1.00, 0.00, 0.00, 1.00, 0.00, 1.00, 0.00, 1.00, 0.00, 1.00, 0.00, 1.00, 0.00, 0.00, 0.00, 0.00
7880,  0,  262.633,  0.98,  1, 0.21, 0.02, 1.56, 0.00, 0.16, 1.78, 0.00, 0.00, 0.28, 1.05, 0.00, 0.69, 0.00, 0.00, 0.14, 0.00, 0.25, 0.00, 0.00, 1.00, 0.00, 0.00, 1.00, 0.00, 1.00, 0.00, 1.00, 0.00, 1.00, 0.00, 1.00, 0.00, 0.00, 0.00, 0.00
7881,  0,  262.667,  0.98,  1, 0.06, 0.01, 1.56, 0.00, 0.22, 1.98, 0.00, 0.00, 0.28, 1.11, 0.00, 0.60, 0.00, 0.00, 0.07, 0.00, 0.14, 0.00, 0.00, 1.00, 1.00, 0.00, 1.00, 0.00, 1.00, 0.00, 1.00, 0.00, 1.00, 0.00, 1.00, 0.00, 0.00, 0.00, 0.00
7882,  0,  262.700,  0.98,  1, 0.03, 0.01, 1.56, 0.00, 0.25, 2.02, 0.00, 0.00, 0.31, 1.27, 0.00, 0.59, 0.00, 0.00, 0.00, 0.00, 0.02, 0.00, 0.00, 1.00, 1.00, 0.00, 1.00, 0.00, 1.00, 0.00, 1.00, 0.00, 1.00, 0.00, 1.00, 0.00, 0.00, 0.00, 0.00
7883,  0,  262.733,  0.98,  1, 0.00, 0.00, 1.59, 0.00, 0.27, 1.87, 0.00, 0.00, 0.28, 1.47, 0.00, 0.70, 0.00, 0.00, 0.00, 0.00, 0.02, 0.00, 0.00, 1.00, 1.00, 0.00, 1.00, 0.00, 1.00, 0.00, 1.00, 0.00, 1.00, 0.00, 1.00, 0.00, 0.00, 0.00, 0.00
7884,  0,  262.767,  0.98,  1, 0.00, 0.00, 1.53, 0.00, 0.24, 1.77, 0.00, 0.00, 0.21, 1.48, 0.00, 0.83, 0.11, 0.02, 0.00, 0.00, 0.00, 0.00, 0.00, 1.00, 1.00, 0.00, 1.00, 0.00, 1.00, 0.00, 1.00, 0.00, 1.00, 0.00, 1.00, 0.00, 0.00, 0.00, 0.00
7885,  0,  262.800,  0.98,  1, 0.00, 0.00, 1.42, 0.00, 0.21, 1.79, 0.00, 0.00, 0.10, 1.37, 0.00, 0.85, 0.23, 0.02, 0.00, 0.00, 0.00, 0.00, 0.00, 1.00, 1.00, 0.00, 1.00, 0.00, 1.00, 0.00, 1.00, 0.00, 1.00, 0.00, 1.00, 0.00, 0.00, 0.00, 0.00
7886,  0,  262.833,  0.98,  1, 0.03, 0.06, 1.37, 0.00, 0.18, 1.74, 0.00, 0.00, 0.07, 1.26, 0.00, 0.80, 0.24, 0.02, 0.00, 0.00, 0.00, 0.00, 0.00, 1.00, 1.00, 0.00, 1.00, 0.00, 1.00, 0.00, 1.00, 0.00, 1.00, 0.00, 1.00, 0.00, 0.00, 0.00, 0.00
7887,  0,  262.867,  0.98,  1, 0.07, 0.06, 1.37, 0.00, 0.16, 1.73, 0.00, 0.00, 0.07, 1.46, 0.00, 0.79, 0.15, 0.01, 0.02, 0.00, 0.00, 0.00, 0.00, 1.00, 1.00, 0.00, 1.00, 0.00, 1.00, 0.00, 1.00, 0.00, 1.00, 0.00, 1.00, 0.00, 0.00, 0.00, 0.00
7888,  0,  262.900,  0.98,  1, 0.07, 0.06, 1.39, 0.00, 0.15, 1.69, 0.00, 0.00, 0.10, 1.60, 0.00, 0.79, 0.02, 0.01, 0.04, 0.01, 0.00, 0.00, 0.00, 1.00, 1.00, 0.00, 1.00, 0.00, 1.00, 0.00, 1.00, 1.00, 1.00, 0.00, 1.00, 0.00, 0.00, 0.00, 0.00
7889,  0,  262.933,  0.98,  1, 0.10, 0.00, 1.32, 0.00, 0.16, 1.68, 0.00, 0.00, 0.15, 1.73, 0.00, 0.87, 0.02, 0.01, 0.08, 0.01, 0.00, 0.00, 0.00, 1.00, 1.00, 0.00, 1.00, 0.00, 1.00, 0.00, 1.00, 1.00, 1.00, 0.00, 1.00, 0.00, 0.00, 0.00, 0.00
7890,  0,  262.967,  0.98,  1, 0.10, 0.00, 1.36, 0.00, 0.22, 1.73, 0.00, 0.00, 0.18, 1.70, 0.00, 0.82, 0.00, 0.00, 0.07, 0.03, 0.00, 0.00, 0.00, 1.00, 1.00, 0.00, 1.00, 0.00, 1.00, 0.00, 1.00, 1.00, 1.00, 0.00, 1.00, 0.00, 0.00, 0.00, 0.00
7891,  0,  263.000,  0.98,  1, 0.10, 0.00, 1.36, 0.00, 0.28, 1.72, 0.00, 0.00, 0.17, 1.74, 0.00, 0.79, 0.00, 0.00, 0.05, 0.04, 0.00, 0.00, 0.00, 1.00, 1.00, 0.00, 1.00, 0.00, 1.00, 0.00, 1.00, 1.00, 1.00, 0.00, 1.00, 0.00, 0.00, 0.00, 0.00
7892,  0,  263.033,  0.98,  1, 0.04, 0.00, 1.37, 0.00, 0.28, 1.69, 0.00, 0.00, 0.13, 1.67, 0.00, 0.69, 0.00, 0.00, 0.01, 0.04, 0.00, 0.00, 0.00, 1.00, 1.00, 0.00, 1.00, 0.00, 1.00, 0.00, 1.00, 1.00, 1.00, 0.00, 1.00, 0.00, 0.00, 0.00, 0.00
7893,  0,  263.067,  0.98,  1, 0.02, 0.00, 1.41, 0.00, 0.22, 1.63, 0.00, 0.00, 0.11, 1.64, 0.01, 0.66, 0.00, 0.00, 0.02, 0.02, 0.00, 0.00, 0.00, 1.00, 1.00, 0.00, 1.00, 0.00, 1.00, 0.00, 1.00, 1.00, 1.00, 0.00, 1.00, 0.00, 0.00, 0.00, 0.00
7894,  0,  263.100,  0.98,  1, 0.03, 0.00, 1.42, 0.00, 0.12, 1.67, 0.00, 0.00, 0.16, 1.50, 0.22, 0.68, 0.00, 0.00, 0.02, 0.00, 0.00, 0.00, 0.00, 1.00, 1.00, 0.00, 1.00, 0.00, 1.00, 0.00, 1.00, 1.00, 1.00, 0.00, 1.00, 0.00, 0.00, 0.00, 0.00
7895,  0,  263.133,  0.98,  1, 0.03, 0.00, 1.48, 0.00, 0.10, 1.86, 0.00, 0.00, 0.19, 1.51, 0.40, 0.85, 0.00, 0.00, 0.02, 0.03, 0.00, 0.00, 0.00, 1.00, 1.00, 0.00, 1.00, 0.00, 1.00, 0.00, 1.00, 1.00, 1.00, 0.00, 1.00, 0.00, 0.00, 0.00, 0.00
7896,  0,  263.167,  0.98,  1, 0.01, 0.00, 1.32, 0.00, 0.05, 1.81, 0.00, 0.00, 0.13, 1.55, 0.43, 0.94, 0.04, 0.04, 0.00, 0.03, 0.00, 0.00, 0.00, 1.00, 1.00, 0.00, 1.00, 0.00, 1.00, 0.00, 1.00, 1.00, 1.00, 0.00, 1.00, 0.00, 0.00, 0.00, 0.00
7897,  0,  263.200,  0.98,  1, 0.01, 0.00, 1.25, 0.00, 0.04, 1.44, 0.00, 0.00, 0.06, 1.66, 0.24, 0.95, 0.04, 0.04, 0.00, 0.04, 0.00, 0.00, 0.00, 1.00, 1.00, 0.00, 1.00, 0.00, 1.00, 0.00, 1.00, 1.00, 1.00, 0.00, 1.00, 0.00, 0.00, 0.00, 0.00
7898,  0,  263.233,  0.98,  1, 0.00, 0.00, 1.16, 0.00, 0.04, 1.20, 0.00, 0.00, 0.00, 1.67, 0.16, 0.82, 0.09, 0.05, 0.00, 0.01, 0.00, 0.00, 0.00, 1.00, 1.00, 0.00, 1.00, 0.00, 0.00, 0.00, 1.00, 1.00, 1.00, 0.00, 1.00, 0.00, 0.00, 0.00, 0.00
7899,  0,  263.267,  0.98,  1, 0.03, 0.00, 1.24, 0.00, 0.06, 1.12, 0.00, 0.00, 0.00, 1.64, 0.22, 0.81, 0.05, 0.01, 0.00, 0.01, 0.00, 0.00, 0.00, 1.00, 1.00, 0.00, 1.00, 0.00, 0.00, 0.00, 1.00, 0.00, 1.00, 0.00, 1.00, 0.00, 0.00, 0.00, 0.00
7900,  0,  263.300,  0.98,  1, 0.03, 0.00, 1.26, 0.00, 0.06, 1.17, 0.00, 0.00, 0.00, 1.56, 0.24, 0.79, 0.05, 0.01, 0.00, 0.01, 0.00, 0.00, 0.00, 1.00, 1.00, 0.00, 1.00, 0.00, 0.00, 0.00, 1.00, 0.00, 1.00, 0.00, 1.00, 0.00, 0.00, 0.00, 0.00
7901,  0,  263.333,  0.98,  1, 0.08, 0.00, 1.21, 0.00, 0.03, 1.01, 0.00, 0.00, 0.00, 1.46, 0.22, 0.77, 0.01, 0.00, 0.00, 0.01, 0.00, 0.00, 0.00, 1.00, 1.00, 0.00, 1.00, 0.00, 1.00, 0.00, 1.00, 0.00, 1.00, 0.00, 1.00, 0.00, 0.00, 0.00, 0.00
7902,  0,  263.367,  0.98,  1, 0.05, 0.00, 1.19, 0.00, 0.00, 0.80, 0.00, 0.00, 0.01, 1.39, 0.21, 0.68, 0.00, 0.00, 0.00, 0.01, 0.00, 0.00, 0.00, 1.00, 1.00, 0.00, 1.00, 0.00, 1.00, 0.00, 1.00, 0.00, 1.00, 0.00, 1.00, 0.00, 0.00, 0.00, 0.00
7903,  0,  263.400,  0.98,  1, 0.05, 0.00, 1.11, 0.00, 0.00, 0.80, 0.00, 0.00, 0.01, 1.46, 0.20, 0.57, 0.00, 0.00, 0.00, 0.00, 0.00, 0.00, 0.00, 1.00, 1.00, 0.00, 1.00, 0.00, 1.00, 0.00, 1.00, 0.00, 1.00, 0.00, 1.00, 0.00, 0.00, 0.00, 0.00
7904,  0,  263.433,  0.98,  1, 0.06, 0.00, 1.12, 0.00, 0.00, 0.83, 0.00, 0.00, 0.01, 1.56, 0.11, 0.55, 0.00, 0.00, 0.00, 0.00, 0.00, 0.00, 0.00, 1.00, 1.00, 0.00, 1.00, 0.00, 1.00, 0.00, 1.00, 0.00, 1.00, 0.00, 1.00, 0.00, 0.00, 0.00, 0.00
7905,  0,  263.467,  0.98,  1, 0.06, 0.00, 1.17, 0.00, 0.00, 0.93, 0.00, 0.00, 0.00, 1.61, 0.02, 0.54, 0.00, 0.00, 0.00, 0.00, 0.00, 0.00, 0.00, 1.00, 1.00, 0.00, 1.00, 0.00, 1.00, 0.00, 1.00, 1.00, 1.00, 0.00, 1.00, 0.00, 0.00, 0.00, 0.00
7906,  0,  263.500,  0.98,  1, 0.08, 0.00, 1.21, 0.00, 0.00, 0.99, 0.00, 0.00, 0.00, 1.58, 0.00, 0.62, 0.00, 0.00, 0.00, 0.00, 0.00, 0.00, 0.00, 1.00, 1.00, 0.00, 1.00, 0.00, 1.00, 0.00, 1.00, 1.00, 1.00, 0.00, 1.00, 0.00, 0.00, 0.00, 0.00
7907,  0,  263.533,  0.98,  1, 0.02, 0.00, 1.24, 0.00, 0.00, 1.10, 0.00, 0.00, 0.02, 1.50, 0.00, 0.69, 0.00, 0.01, 0.00, 0.00, 0.00, 0.00, 0.00, 1.00, 1.00, 0.00, 1.00, 0.00, 1.00, 0.00, 1.00, 1.00, 1.00, 0.00, 1.00, 0.00, 0.00, 0.00, 0.00
7908,  0,  263.567,  0.98,  1, 0.02, 0.04, 1.15, 0.00, 0.00, 1.32, 0.00, 0.00, 0.02, 1.28, 0.00, 0.83, 0.00, 0.05, 0.00, 0.07, 0.00, 0.00, 0.00, 1.00, 1.00, 0.00, 1.00, 0.00, 1.00, 0.00, 1.00, 1.00, 1.00, 0.00, 1.00, 0.00, 0.00, 0.00, 0.00
7909,  0,  263.600,  0.98,  1, 0.00, 0.04, 1.08, 0.00, 0.00, 1.38, 0.00, 0.00, 0.01, 1.05, 0.00, 0.90, 0.00, 0.09, 0.00, 0.10, 0.00, 0.00, 0.00, 1.00, 1.00, 0.00, 1.00, 0.00, 1.00, 0.00, 1.00, 1.00, 1.00, 0.00, 1.00, 0.00, 0.00, 0.00, 0.00
7910,  0,  263.633,  0.98,  1, 0.03, 0.04, 1.03, 0.00, 0.00, 1.39, 0.00, 0.00, 0.00, 0.91, 0.00, 0.86, 0.00, 0.13, 0.00, 0.11, 0.00, 0.00, 0.00, 1.00, 1.00, 0.00, 1.00, 0.00, 1.00, 0.00, 1.00, 1.00, 1.00, 0.00, 1.00, 0.00, 0.00, 0.00, 0.00
7911,  0,  263.667,  0.98,  1, 0.03, 0.00, 0.98, 0.00, 0.00, 1.23, 0.00, 0.00, 0.00, 0.90, 0.00, 0.86, 0.00, 0.18, 0.00, 0.05, 0.00, 0.00, 0.00, 1.00, 1.00, 0.00, 1.00, 0.00, 1.00, 0.00, 1.00, 1.00, 1.00, 0.00, 1.00, 0.00, 0.00, 0.00, 0.00
7912,  0,  263.700,  0.98,  1, 0.10, 0.00, 1.00, 0.00, 0.00, 1.18, 0.00, 0.00, 0.00, 0.98, 0.00, 0.96, 0.00, 0.21, 0.00, 0.03, 0.00, 0.00, 0.00, 1.00, 1.00, 0.00, 1.00, 0.00, 1.00, 0.00, 1.00, 1.00, 1.00, 0.00, 1.00, 0.00, 0.00, 0.00, 0.00
7913,  0,  263.733,  0.98,  1, 0.19, 0.04, 1.02, 0.00, 0.00, 1.32, 0.00, 0.00, 0.00, 1.02, 0.00, 1.04, 0.00, 0.22, 0.00, 0.06, 0.00, 0.00, 0.00, 1.00, 1.00, 0.00, 1.00, 0.00, 1.00, 0.00, 1.00, 1.00, 1.00, 0.00, 1.00, 0.00, 0.00, 0.00, 0.00
7914,  0,  263.767,  0.98,  1, 0.31, 0.04, 1.02, 0.00, 0.00, 1.36, 0.00, 0.00, 0.00, 0.98, 0.00, 1.03, 0.00, 0.18, 0.00, 0.05, 0.00, 0.00, 0.00, 1.00, 1.00, 0.00, 1.00, 0.00, 1.00, 0.00, 1.00, 1.00, 1.00, 0.00, 1.00, 0.00, 0.00, 0.00, 0.00
7915,  0,  263.800,  0.98,  1, 0.33, 0.05, 1.06, 0.00, 0.00, 1.44, 0.00, 0.00, 0.00, 0.92, 0.00, 0.92, 0.00, 0.17, 0.00, 0.05, 0.00, 0.00, 0.00, 1.00, 1.00, 0.00, 1.00, 0.00, 1.00, 0.00, 1.00, 1.00, 1.00, 0.00, 1.00, 0.00, 0.00, 0.00, 0.00
7916,  0,  263.833,  0.98,  1, 0.26, 0.01, 1.11, 0.00, 0.00, 1.39, 0.00, 0.00, 0.00, 0.81, 0.00, 0.82, 0.00, 0.16, 0.00, 0.00, 0.00, 0.00, 0.00, 1.00, 1.00, 0.00, 1.00, 0.00, 1.00, 0.00, 1.00, 1.00, 1.00, 0.00, 1.00, 0.00, 0.00, 0.00, 0.00
7917,  0,  263.867,  0.98,  1, 0.27, 0.09, 1.20, 0.00, 0.00, 1.43, 0.00, 0.00, 0.00, 0.81, 0.00, 0.73, 0.00, 0.13, 0.00, 0.00, 0.00, 0.00, 0.00, 1.00, 1.00, 0.00, 1.00, 0.00, 1.00, 0.00, 1.00, 1.00, 1.00, 0.00, 1.00, 0.00, 0.00, 0.00, 0.00
7918,  0,  263.900,  0.98,  1, 0.23, 0.07, 1.25, 0.00, 0.00, 1.49, 0.00, 0.00, 0.00, 0.81, 0.00, 0.68, 0.00, 0.07, 0.00, 0.00, 0.00, 0.00, 0.00, 1.00, 1.00, 0.00, 1.00, 0.00, 1.00, 0.00, 1.00, 1.00, 1.00, 0.00, 1.00, 0.00, 0.00, 0.00, 0.00
7919,  0,  263.933,  0.98,  1, 0.21, 0.07, 1.27, 0.00, 0.00, 1.38, 0.00, 0.00, 0.00, 0.93, 0.00, 0.71, 0.00, 0.02, 0.00, 0.00, 0.00, 0.00, 0.00, 1.00, 1.00, 0.00, 1.00, 0.00, 1.00, 0.00, 1.00, 1.00, 1.00, 0.00, 1.00, 0.00, 0.00, 0.00, 0.00
7920,  0,  263.967,  0.98,  1, 0.07, 0.00, 1.24, 0.00, 0.00, 1.30, 0.00, 0.00, 0.00, 1.06, 0.08, 0.82, 0.00, 0.01, 0.00, 0.00, 0.00, 0.00, 0.00, 1.00, 1.00, 0.00, 1.00, 0.00, 1.00, 0.00, 1.00, 1.00, 1.00, 0.00, 1.00, 0.00, 0.00, 0.00, 0.00
7921,  0,  264.000,  0.98,  1, 0.04, 0.00, 1.19, 0.00, 0.00, 1.29, 0.00, 0.00, 0.00, 1.17, 0.13, 0.90, 0.00, 0.01, 0.00, 0.00, 0.00, 0.00, 0.00, 1.00, 1.00, 0.00, 1.00, 0.00, 1.00, 0.00, 1.00, 1.00, 1.00, 0.00, 1.00, 0.00, 0.00, 0.00, 0.00
7922,  0,  264.033,  0.98,  1, 0.00, 0.00, 1.15, 0.00, 0.04, 1.41, 0.00, 0.00, 0.00, 1.20, 0.21, 0.93, 0.06, 0.01, 0.00, 0.00, 0.00, 0.00, 0.00, 1.00, 1.00, 0.00, 1.00, 0.00, 1.00, 0.00, 1.00, 1.00, 1.00, 0.00, 1.00, 0.00, 0.00, 0.00, 0.00
7923,  0,  264.067,  0.98,  1, 0.06, 0.00, 1.25, 0.00, 0.04, 1.53, 0.00, 0.00, 0.00, 1.22, 0.28, 0.96, 0.14, 0.00, 0.00, 0.00, 0.05, 0.00, 0.00, 1.00, 1.00, 0.00, 1.00, 0.00, 1.00, 0.00, 1.00, 1.00, 1.00, 0.00, 1.00, 0.00, 0.00, 0.00, 0.00
7924,  0,  264.100,  0.98,  1, 0.16, 0.00, 1.41, 0.00, 0.11, 1.69, 0.00, 0.00, 0.01, 1.23, 0.37, 1.02, 0.30, 0.00, 0.00, 0.00, 0.44, 0.00, 0.00, 1.00, 1.00, 0.00, 1.00, 0.00, 1.00, 0.00, 1.00, 1.00, 1.00, 0.00, 1.00, 0.00, 0.00, 0.00, 0.00
7925,  0,  264.133,  0.98,  1, 0.17, 0.00, 1.55, 0.00, 0.13, 1.52, 0.00, 0.00, 0.06, 1.30, 0.43, 0.99, 0.38, 0.00, 0.00, 0.00, 1.19, 0.00, 0.00, 1.00, 0.00, 0.00, 1.00, 0.00, 1.00, 0.00, 1.00, 1.00, 1.00, 0.00, 1.00, 0.00, 0.00, 0.00, 1.00
7926,  0,  264.167,  0.98,  1, 0.22, 0.00, 1.67, 0.00, 0.21, 1.46, 0.00, 0.00, 0.09, 1.30, 0.42, 0.90, 0.52, 0.00, 0.00, 0.00, 1.90, 0.00, 0.00, 1.00, 0.00, 0.00, 1.00, 0.00, 1.00, 0.00, 1.00, 1.00, 1.00, 1.00, 1.00, 0.00, 0.00, 0.00, 1.00
7927,  0,  264.200,  0.98,  1, 0.22, 0.00, 1.81, 0.00, 0.22, 1.31, 0.00, 0.00, 0.08, 1.41, 0.42, 0.87, 0.54, 0.00, 0.00, 0.00, 2.02, 0.00, 0.00, 1.00, 0.00, 0.00, 1.00, 0.00, 1.00, 0.00, 1.00, 1.00, 1.00, 1.00, 1.00, 0.00, 0.00, 0.00, 1.00
7928,  0,  264.233,  0.98,  1, 0.29, 0.00, 1.82, 0.00, 0.24, 1.55, 0.00, 0.00, 0.05, 1.43, 0.36, 0.89, 0.55, 0.00, 0.00, 0.00, 1.58, 0.00, 0.00, 1.00, 0.00, 0.00, 1.00, 0.00, 1.00, 0.00, 1.00, 1.00, 1.00, 1.00, 1.00, 0.00, 0.00, 0.00, 1.00
7929,  0,  264.267,  0.98,  1, 0.26, 0.00, 1.76, 0.00, 0.26, 1.75, 0.00, 0.00, 0.02, 1.51, 0.38, 0.87, 0.53, 0.00, 0.00, 0.00, 1.07, 0.00, 0.00, 1.00, 0.00, 0.00, 1.00, 0.00, 1.00, 0.00, 1.00, 1.00, 1.00, 1.00, 1.00, 0.00, 0.00, 0.00, 1.00
7930,  0,  264.300,  0.98,  1, 0.17, 0.00, 1.54, 0.00, 0.19, 1.73, 0.00, 0.00, 0.02, 1.51, 0.40, 0.84, 0.44, 0.00, 0.00, 0.00, 0.70, 0.00, 0.00, 1.00, 0.00, 0.00, 1.00, 0.00, 1.00, 0.00, 1.00, 1.00, 1.00, 0.00, 1.00, 0.00, 0.00, 0.00, 1.00
7931,  0,  264.333,  0.98,  1, 0.10, 0.00, 1.46, 0.00, 0.12, 1.60, 0.00, 0.00, 0.00, 1.47, 0.44, 0.84, 0.39, 0.00, 0.00, 0.00, 0.38, 0.00, 0.00, 1.00, 1.00, 0.00, 1.00, 0.00, 1.00, 0.00, 1.00, 1.00, 1.00, 0.00, 1.00, 0.00, 0.00, 0.00, 1.00
7932,  0,  264.367,  0.98,  1, 0.01, 0.00, 1.29, 0.00, 0.03, 1.33, 0.00, 0.00, 0.00, 1.34, 0.31, 0.81, 0.20, 0.00, 0.00, 0.00, 0.15, 0.00, 0.00, 1.00, 1.00, 0.00, 1.00, 0.00, 1.00, 0.00, 1.00, 1.00, 1.00, 0.00, 1.00, 0.00, 0.00, 0.00, 0.00
7933,  0,  264.400,  0.98,  1, 0.01, 0.00, 1.17, 0.00, 0.02, 1.29, 0.00, 0.00, 0.00, 1.16, 0.16, 0.71, 0.19, 0.00, 0.00, 0.00, 0.01, 0.00, 0.00, 1.00, 1.00, 0.00, 1.00, 0.00, 1.00, 0.00, 1.00, 1.00, 0.00, 0.00, 1.00, 0.00, 0.00, 0.00, 0.00
7934,  0,  264.433,  0.98,  1, 0.00, 0.00, 1.08, 0.00, 0.04, 1.18, 0.00, 0.00, 0.01, 1.14, 0.02, 0.59, 0.11, 0.00, 0.00, 0.00, 0.03, 0.00, 0.00, 1.00, 1.00, 0.00, 1.00, 0.00, 1.00, 0.00, 1.00, 1.00, 0.00, 0.00, 1.00, 0.00, 0.00, 0.00, 0.00
7935,  0,  264.467,  0.98,  1, 0.01, 0.00, 1.20, 0.00, 0.03, 1.08, 0.00, 0.00, 0.01, 1.18, 0.00, 0.51, 0.09, 0.00, 0.00, 0.00, 0.02, 0.00, 0.00, 1.00, 1.00, 0.00, 1.00, 0.00, 1.00, 0.00, 1.00, 1.00, 0.00, 0.00, 1.00, 0.00, 0.00, 0.00, 0.00
7936,  0,  264.500,  0.98,  1, 0.01, 0.00, 1.29, 0.00, 0.03, 0.96, 0.00, 0.00, 0.01, 1.22, 0.00, 0.54, 0.02, 0.00, 0.00, 0.00, 0.02, 0.00, 0.00, 1.00, 1.00, 0.00, 1.00, 0.00, 1.00, 0.00, 1.00, 1.00, 0.00, 0.00, 1.00, 0.00, 0.00, 0.00, 0.00
7937,  0,  264.533,  0.98,  1, 0.01, 0.00, 1.32, 0.00, 0.00, 0.98, 0.00, 0.00, 0.00, 1.16, 0.02, 0.57, 0.00, 0.00, 0.00, 0.00, 0.00, 0.00, 0.00, 1.00, 1.00, 0.00, 1.00, 0.00, 1.00, 0.00, 1.00, 1.00, 1.00, 0.00, 1.00, 0.00, 0.00, 0.00, 0.00
7938,  0,  264.567,  0.98,  1, 0.00, 0.00, 1.27, 0.00, 0.00, 0.94, 0.00, 0.00, 0.02, 1.10, 0.02, 0.58, 0.00, 0.00, 0.00, 0.00, 0.00, 0.00, 0.00, 1.00, 1.00, 0.00, 1.00, 0.00, 1.00, 0.00, 1.00, 1.00, 1.00, 0.00, 1.00, 0.00, 0.00, 0.00, 0.00
7939,  0,  264.600,  0.98,  1, 0.02, 0.00, 1.25, 0.00, 0.00, 0.84, 0.00, 0.00, 0.03, 1.12, 0.02, 0.56, 0.00, 0.00, 0.00, 0.00, 0.00, 0.00, 0.00, 1.00, 1.00, 0.00, 1.00, 0.00, 1.00, 0.00, 1.00, 1.00, 1.00, 0.00, 1.00, 0.00, 0.00, 0.00, 0.00
7940,  0,  264.633,  0.98,  1, 0.02, 0.00, 1.26, 0.00, 0.00, 0.70, 0.00, 0.00, 0.03, 1.14, 0.00, 0.52, 0.00, 0.00, 0.00, 0.00, 0.00, 0.00, 0.00, 1.00, 1.00, 0.00, 1.00, 0.00, 1.00, 0.00, 1.00, 1.00, 1.00, 0.00, 1.00, 0.00, 0.00, 0.00, 0.00
7941,  0,  264.667,  0.98,  1, 0.02, 0.00, 1.23, 0.00, 0.00, 0.84, 0.00, 0.00, 0.03, 1.19, 0.00, 0.52, 0.00, 0.00, 0.00, 0.00, 0.01, 0.00, 0.00, 1.00, 1.00, 0.00, 1.00, 0.00, 1.00, 0.00, 1.00, 1.00, 1.00, 0.00, 1.00, 0.00, 0.00, 0.00, 0.00
7942,  0,  264.700,  0.98,  1, 0.06, 0.00, 1.28, 0.00, 0.00, 0.91, 0.00, 0.00, 0.01, 1.20, 0.00, 0.56, 0.00, 0.00, 0.00, 0.00, 0.01, 0.00, 0.00, 1.00, 1.00, 0.00, 1.00, 0.00, 1.00, 0.00, 1.00, 1.00, 1.00, 0.00, 1.00, 0.00, 0.00, 0.00, 0.00
7943,  0,  264.733,  0.98,  1, 0.09, 0.00, 1.28, 0.07, 0.00, 0.94, 0.00, 0.00, 0.02, 1.21, 0.00, 0.60, 0.00, 0.00, 0.04, 0.00, 0.01, 0.00, 0.00, 1.00, 1.00, 0.00, 1.00, 0.00, 1.00, 0.00, 1.00, 1.00, 1.00, 0.00, 1.00, 0.00, 0.00, 0.00, 0.00
7944,  0,  264.767,  0.98,  1, 0.10, 0.00, 1.44, 0.07, 0.00, 0.95, 0.00, 0.00, 0.00, 1.17, 0.00, 0.67, 0.00, 0.00, 0.04, 0.00, 0.00, 0.00, 0.00, 1.00, 1.00, 0.00, 1.00, 0.00, 1.00, 0.00, 1.00, 1.00, 1.00, 0.00, 1.00, 0.00, 0.00, 0.00, 0.00
7945,  0,  264.800,  0.98,  1, 0.07, 0.00, 1.50, 0.07, 0.00, 1.03, 0.00, 0.00, 0.00, 1.11, 0.00, 0.69, 0.00, 0.00, 0.04, 0.00, 0.00, 0.00, 0.00, 1.00, 1.00, 0.00, 1.00, 0.00, 0.00, 0.00, 1.00, 1.00, 1.00, 0.00, 1.00, 0.00, 0.00, 0.00, 0.00
7946,  0,  264.833,  0.98,  1, 0.05, 0.00, 1.56, 0.00, 0.00, 1.15, 0.00, 0.00, 0.00, 0.98, 0.00, 0.77, 0.00, 0.00, 0.00, 0.00, 0.00, 0.00, 0.00, 1.00, 1.00, 0.00, 1.00, 0.00, 0.00, 0.00, 1.00, 1.00, 1.00, 0.00, 1.00, 0.00, 0.00, 0.00, 0.00
7947,  0,  264.867,  0.98,  1, 0.04, 0.00, 1.50, 0.00, 0.00, 1.07, 0.00, 0.00, 0.00, 0.91, 0.00, 0.79, 0.00, 0.00, 0.00, 0.00, 0.00, 0.00, 0.00, 1.00, 1.00, 0.00, 1.00, 0.00, 0.00, 0.00, 1.00, 1.00, 1.00, 0.00, 1.00, 0.00, 0.00, 0.00, 0.00
7948,  0,  264.900,  0.98,  1, 0.02, 0.00, 1.47, 0.00, 0.00, 1.04, 0.00, 0.00, 0.00, 0.87, 0.00, 0.78, 0.00, 0.00, 0.00, 0.00, 0.00, 0.00, 0.00, 1.00, 1.00, 0.00, 1.00, 0.00, 0.00, 0.00, 1.00, 1.00, 1.00, 0.00, 1.00, 0.00, 0.00, 0.00, 0.00
7949,  0,  264.933,  0.98,  1, 0.00, 0.00, 1.50, 0.00, 0.00, 1.06, 0.00, 0.00, 0.00, 0.91, 0.00, 0.68, 0.00, 0.00, 0.00, 0.00, 0.00, 0.00, 0.00, 1.00, 1.00, 0.00, 1.00, 0.00, 0.00, 0.00, 1.00, 1.00, 1.00, 0.00, 1.00, 0.00, 0.00, 0.00, 0.00
7950,  0,  264.967,  0.98,  1, 0.01, 0.00, 1.52, 0.00, 0.00, 1.11, 0.00, 0.00, 0.00, 0.98, 0.00, 0.69, 0.00, 0.00, 0.00, 0.00, 0.00, 0.00, 0.00, 1.00, 1.00, 0.00, 1.00, 0.00, 0.00, 0.00, 1.00, 1.00, 1.00, 0.00, 1.00, 0.00, 0.00, 0.00, 0.00
7951,  0,  265.000,  0.98,  1, 0.08, 0.00, 1.51, 0.00, 0.01, 1.13, 0.00, 0.00, 0.00, 1.00, 0.00, 0.71, 0.00, 0.00, 0.00, 0.00, 0.00, 0.00, 0.00, 1.00, 1.00, 0.00, 1.00, 0.00, 1.00, 0.00, 1.00, 1.00, 1.00, 0.00, 1.00, 0.00, 0.00, 0.00, 0.00
7952,  0,  265.033,  0.98,  1, 0.14, 0.00, 1.50, 0.00, 0.01, 1.13, 0.00, 0.00, 0.00, 0.97, 0.00, 0.80, 0.00, 0.00, 0.00, 0.00, 0.00, 0.00, 0.00, 1.00, 1.00, 0.00, 1.00, 0.00, 1.00, 0.00, 1.00, 1.00, 1.00, 0.00, 1.00, 0.00, 0.00, 0.00, 0.00
7953,  0,  265.067,  0.98,  1, 0.22, 0.00, 1.55, 0.03, 0.01, 1.27, 0.00, 0.00, 0.00, 0.90, 0.00, 0.84, 0.00, 0.00, 0.00, 0.00, 0.00, 0.00, 0.00, 1.00, 1.00, 0.00, 1.00, 0.00, 1.00, 0.00, 1.00, 1.00, 1.00, 0.00, 1.00, 0.00, 0.00, 0.00, 0.00
7954,  0,  265.100,  0.98,  1, 0.14, 0.00, 1.48, 0.03, 0.00, 1.30, 0.00, 0.00, 0.00, 0.86, 0.01, 0.80, 0.03, 0.00, 0.00, 0.00, 0.00, 0.00, 0.00, 1.00, 1.00, 0.00, 1.00, 0.00, 1.00, 0.00, 1.00, 1.00, 1.00, 0.00, 1.00, 0.00, 0.00, 0.00, 0.00
7955,  0,  265.133,  0.98,  1, 0.09, 0.00, 1.42, 0.03, 0.00, 1.21, 0.00, 0.00, 0.00, 0.82, 0.01, 0.77, 0.03, 0.00, 0.00, 0.00, 0.00, 0.00, 0.00, 1.00, 1.00, 0.00, 1.00, 0.00, 1.00, 0.00, 1.00, 1.00, 1.00, 0.00, 1.00, 0.00, 0.00, 0.00, 0.00
7956,  0,  265.167,  0.98,  1, 0.00, 0.00, 1.33, 0.00, 0.00, 1.12, 0.00, 0.00, 0.00, 0.84, 0.04, 0.64, 0.03, 0.00, 0.00, 0.00, 0.00, 0.00, 0.00, 1.00, 1.00, 0.00, 1.00, 0.00, 0.00, 0.00, 1.00, 1.00, 1.00, 0.00, 1.00, 0.00, 0.00, 0.00, 0.00
7957,  0,  265.200,  0.98,  1, 0.00, 0.00, 1.41, 0.00, 0.00, 1.08, 0.00, 0.00, 0.01, 0.84, 0.08, 0.64, 0.00, 0.00, 0.00, 0.00, 0.00, 0.00, 0.00, 1.00, 1.00, 0.00, 1.00, 0.00, 0.00, 0.00, 1.00, 1.00, 1.00, 0.00, 1.00, 0.00, 0.00, 0.00, 0.00
7958,  0,  265.233,  0.98,  1, 0.03, 0.00, 1.49, 0.00, 0.00, 1.17, 0.00, 0.00, 0.03, 0.90, 0.15, 0.62, 0.00, 0.00, 0.00, 0.00, 0.00, 0.00, 0.00, 1.00, 1.00, 0.00, 1.00, 0.00, 0.00, 0.00, 1.00, 1.00, 1.00, 0.00, 1.00, 0.00, 0.00, 0.00, 0.00
7959,  0,  265.267,  0.98,  1, 0.08, 0.00, 1.55, 0.00, 0.00, 1.28, 0.00, 0.00, 0.03, 0.97, 0.15, 0.69, 0.00, 0.00, 0.00, 0.00, 0.00, 0.00, 0.00, 1.00, 1.00, 0.00, 1.00, 0.00, 0.00, 0.00, 1.00, 1.00, 1.00, 0.00, 1.00, 0.00, 0.00, 0.00, 0.00
7960,  0,  265.300,  0.98,  1, 0.08, 0.00, 1.55, 0.06, 0.00, 1.39, 0.00, 0.00, 0.02, 1.00, 0.12, 0.71, 0.04, 0.00, 0.00, 0.00, 0.00, 0.00, 0.00, 1.00, 1.00, 0.00, 1.00, 0.00, 0.00, 0.00, 1.00, 1.00, 1.00, 0.00, 1.00, 0.00, 0.00, 0.00, 0.00
7961,  0,  265.333,  0.98,  1, 0.04, 0.00, 1.51, 0.06, 0.00, 1.45, 0.00, 0.00, 0.01, 0.98, 0.05, 0.72, 0.09, 0.00, 0.03, 0.00, 0.00, 0.00, 0.00, 1.00, 1.00, 0.00, 1.00, 0.00, 0.00, 0.00, 1.00, 1.00, 1.00, 0.00, 1.00, 0.00, 0.00, 0.00, 0.00
7962,  0,  265.367,  0.98,  1, 0.00, 0.00, 1.48, 0.06, 0.00, 1.44, 0.00, 0.00, 0.01, 0.90, 0.02, 0.71, 0.17, 0.00, 0.04, 0.00, 0.00, 0.00, 0.00, 1.00, 1.00, 0.00, 1.00, 0.00, 0.00, 0.00, 1.00, 1.00, 1.00, 0.00, 1.00, 0.00, 0.00, 0.00, 0.00
7963,  0,  265.400,  0.98,  1, 0.00, 0.00, 1.46, 0.00, 0.00, 1.37, 0.00, 0.00, 0.01, 0.88, 0.00, 0.71, 0.21, 0.00, 0.05, 0.00, 0.00, 0.00, 0.00, 1.00, 1.00, 0.00, 1.00, 0.00, 0.00, 0.00, 1.00, 1.00, 1.00, 0.00, 1.00, 0.00, 0.00, 0.00, 0.00
7964,  0,  265.433,  0.98,  1, 0.00, 0.00, 1.52, 0.00, 0.00, 1.39, 0.00, 0.00, 0.01, 0.91, 0.00, 0.81, 0.22, 0.00, 0.02, 0.00, 0.00, 0.00, 0.00, 1.00, 1.00, 0.00, 1.00, 0.00, 0.00, 0.00, 1.00, 1.00, 1.00, 0.00, 1.00, 0.00, 0.00, 0.00, 0.00
7965,  0,  265.467,  0.98,  1, 0.05, 0.00, 1.58, 0.00, 0.00, 1.41, 0.00, 0.00, 0.01, 0.95, 0.01, 0.88, 0.16, 0.00, 0.01, 0.00, 0.00, 0.00, 0.00, 1.00, 1.00, 0.00, 1.00, 0.00, 0.00, 0.00, 1.00, 1.00, 1.00, 0.00, 1.00, 0.00, 0.00, 0.00, 0.00
7966,  0,  265.500,  0.98,  1, 0.09, 0.00, 1.59, 0.00, 0.00, 1.45, 0.00, 0.00, 0.01, 1.00, 0.01, 0.94, 0.08, 0.01, 0.00, 0.00, 0.00, 0.00, 0.00, 1.00, 1.00, 0.00, 1.00, 0.00, 0.00, 0.00, 1.00, 1.00, 1.00, 0.00, 1.00, 0.00, 0.00, 0.00, 0.00
7967,  0,  265.533,  0.98,  1, 0.09, 0.00, 1.55, 0.00, 0.00, 1.47, 0.00, 0.00, 0.01, 1.03, 0.01, 0.94, 0.02, 0.01, 0.00, 0.00, 0.00, 0.00, 0.00, 1.00, 1.00, 0.00, 1.00, 0.00, 0.00, 0.00, 1.00, 1.00, 1.00, 0.00, 1.00, 0.00, 0.00, 0.00, 0.00
7968,  0,  265.567,  0.98,  1, 0.05, 0.00, 1.49, 0.00, 0.00, 1.19, 0.00, 0.00, 0.00, 0.93, 0.05, 0.91, 0.00, 0.01, 0.00, 0.00, 0.00, 0.00, 0.00, 1.00, 1.00, 0.00, 1.00, 0.00, 0.00, 0.00, 1.00, 0.00, 1.00, 0.00, 1.00, 0.00, 0.00, 0.00, 0.00
7969,  0,  265.600,  0.98,  1, 0.09, 0.02, 1.44, 0.00, 0.00, 1.05, 0.00, 0.00, 0.00, 0.80, 0.09, 0.92, 0.00, 0.00, 0.00, 0.00, 0.00, 0.00, 0.00, 1.00, 1.00, 0.00, 1.00, 0.00, 0.00, 0.00, 1.00, 0.00, 1.00, 0.00, 1.00, 0.00, 0.00, 0.00, 0.00
7970,  0,  265.633,  0.98,  1, 0.13, 0.07, 1.41, 0.00, 0.00, 0.89, 0.00, 0.00, 0.00, 0.71, 0.19, 0.89, 0.00, 0.00, 0.00, 0.00, 0.00, 0.00, 0.00, 1.00, 1.00, 0.00, 1.00, 0.00, 0.00, 0.00, 1.00, 0.00, 1.00, 0.00, 1.00, 0.00, 0.00, 0.00, 0.00
7971,  0,  265.667,  0.98,  1, 0.16, 0.12, 1.41, 0.00, 0.00, 1.02, 0.00, 0.00, 0.00, 0.75, 0.27, 0.91, 0.01, 0.00, 0.00, 0.00, 0.00, 0.00, 0.00, 1.00, 1.00, 0.00, 1.00, 0.00, 0.00, 0.00, 1.00, 0.00, 1.00, 0.00, 1.00, 0.00, 0.00, 0.00, 0.00
7972,  0,  265.700,  0.98,  1, 0.17, 0.18, 1.43, 0.00, 0.00, 1.07, 0.00, 0.00, 0.00, 0.78, 0.32, 0.86, 0.01, 0.00, 0.00, 0.00, 0.00, 0.00, 0.00, 1.00, 1.00, 0.00, 1.00, 0.00, 0.00, 0.00, 1.00, 0.00, 1.00, 0.00, 1.00, 0.00, 0.00, 0.00, 0.00
7973,  0,  265.733,  0.98,  1, 0.21, 0.16, 1.44, 0.00, 0.00, 1.08, 0.00, 0.00, 0.00, 0.77, 0.32, 0.87, 0.01, 0.00, 0.00, 0.00, 0.00, 0.00, 0.00, 1.00, 1.00, 0.00, 1.00, 0.00, 0.00, 0.00, 1.00, 0.00, 1.00, 0.00, 1.00, 0.00, 0.00, 0.00, 0.00
7974,  0,  265.767,  0.98,  1, 0.26, 0.18, 1.43, 0.00, 0.00, 1.16, 0.00, 0.00, 0.00, 0.75, 0.29, 0.83, 0.00, 0.00, 0.00, 0.00, 0.00, 0.00, 0.00, 1.00, 1.00, 0.00, 1.00, 0.00, 0.00, 0.00, 1.00, 0.00, 1.00, 0.00, 1.00, 0.00, 0.00, 0.00, 0.00
7975,  0,  265.800,  0.98,  1, 0.30, 0.27, 1.38, 0.00, 0.00, 1.24, 0.00, 0.00, 0.00, 0.76, 0.27, 0.87, 0.00, 0.00, 0.00, 0.00, 0.00, 0.00, 0.00, 1.00, 1.00, 0.00, 1.00, 0.00, 0.00, 0.00, 1.00, 0.00, 1.00, 0.00, 1.00, 0.00, 0.00, 0.00, 0.00
7976,  0,  265.833,  0.98,  1, 0.42, 0.23, 1.52, 0.00, 0.00, 1.41, 0.00, 0.00, 0.00, 0.78, 0.24, 0.95, 0.05, 0.00, 0.00, 0.00, 0.31, 0.00, 0.00, 1.00, 1.00, 0.00, 1.00, 0.00, 0.00, 0.00, 1.00, 1.00, 1.00, 0.00, 1.00, 0.00, 0.00, 0.00, 0.00
7977,  0,  265.867,  0.98,  1, 0.42, 0.17, 1.64, 0.00, 0.00, 1.19, 0.00, 0.00, 0.00, 0.85, 0.17, 1.09, 0.15, 0.00, 0.00, 0.00, 1.05, 0.00, 0.00, 1.00, 0.00, 0.00, 1.00, 0.00, 0.00, 0.00, 1.00, 1.00, 1.00, 0.00, 1.00, 0.00, 0.00, 0.00, 1.00
7978,  0,  265.900,  0.98,  1, 0.31, 0.00, 1.79, 0.00, 0.05, 1.06, 0.00, 0.00, 0.00, 0.89, 0.10, 1.13, 0.15, 0.00, 0.00, 0.00, 1.80, 0.00, 0.00, 1.00, 0.00, 0.00, 1.00, 0.00, 0.00, 0.00, 1.00, 1.00, 1.00, 0.00, 1.00, 0.00, 0.00, 0.00, 1.00
7979,  0,  265.933,  0.98,  1, 0.15, 0.00, 1.67, 0.03, 0.11, 0.96, 0.00, 0.00, 0.00, 0.90, 0.05, 1.04, 0.11, 0.00, 0.00, 0.00, 2.04, 0.00, 0.00, 1.00, 0.00, 0.00, 1.00, 0.00, 0.00, 0.00, 1.00, 1.00, 1.00, 0.00, 1.00, 0.00, 0.00, 0.00, 1.00
7980,  0,  265.967,  0.98,  1, 0.11, 0.00, 1.55, 0.03, 0.15, 1.11, 0.00, 0.00, 0.01, 0.90, 0.01, 0.92, 0.00, 0.00, 0.00, 0.00, 1.64, 0.00, 0.00, 1.00, 0.00, 0.00, 1.00, 0.00, 1.00, 0.00, 1.00, 1.00, 1.00, 0.00, 1.00, 0.00, 0.00, 0.00, 1.00
7981,  0,  266.000,  0.98,  1, 0.13, 0.00, 1.41, 0.03, 0.13, 1.17, 0.00, 0.00, 0.03, 0.90, 0.01, 0.86, 0.00, 0.00, 0.00, 0.00, 1.05, 0.00, 0.00, 1.00, 1.00, 0.00, 1.00, 0.00, 1.00, 0.00, 1.00, 1.00, 1.00, 0.00, 1.00, 0.00, 0.00, 0.00, 1.00
7982,  0,  266.033,  0.98,  1, 0.09, 0.00, 1.36, 0.00, 0.09, 1.16, 0.00, 0.00, 0.06, 0.93, 0.01, 0.86, 0.00, 0.00, 0.00, 0.00, 0.57, 0.00, 0.00, 1.00, 1.00, 0.00, 1.00, 0.00, 0.00, 0.00, 1.00, 1.00, 1.00, 0.00, 1.00, 0.00, 0.00, 0.00, 1.00
7983,  0,  266.067,  0.98,  1, 0.03, 0.00, 1.34, 0.00, 0.10, 1.17, 0.00, 0.00, 0.06, 0.89, 0.01, 0.91, 0.00, 0.00, 0.00, 0.00, 0.26, 0.00, 0.00, 1.00, 1.00, 0.00, 1.00, 0.00, 0.00, 0.00, 1.00, 1.00, 1.00, 0.00, 1.00, 0.00, 0.00, 0.00, 0.00
7984,  0,  266.100,  0.98,  1, 0.01, 0.00, 1.30, 0.00, 0.08, 1.21, 0.00, 0.00, 0.05, 0.85, 0.01, 0.95, 0.00, 0.00, 0.00, 0.00, 0.10, 0.00, 0.00, 1.00, 1.00, 0.00, 1.00, 0.00, 0.00, 0.00, 1.00, 1.00, 1.00, 0.00, 1.00, 0.00, 0.00, 0.00, 0.00
7985,  0,  266.133,  0.98,  1, 0.03, 0.00, 1.23, 0.00, 0.10, 1.22, 0.00, 0.00, 0.03, 0.87, 0.00, 1.01, 0.00, 0.00, 0.00, 0.00, 0.04, 0.00, 0.00, 1.00, 1.00, 0.00, 1.00, 0.00, 1.00, 0.00, 1.00, 1.00, 1.00, 0.00, 1.00, 0.00, 0.00, 0.00, 0.00
7986,  0,  266.167,  0.98,  1, 0.04, 0.00, 1.17, 0.00, 0.14, 1.21, 0.00, 0.00, 0.02, 0.92, 0.00, 1.01, 0.00, 0.00, 0.00, 0.00, 0.01, 0.00, 0.00, 1.00, 1.00, 0.00, 1.00, 0.00, 1.00, 0.00, 1.00, 1.00, 1.00, 0.00, 1.00, 0.00, 0.00, 0.00, 0.00
7987,  0,  266.200,  0.98,  1, 0.04, 0.00, 1.14, 0.00, 0.20, 1.31, 0.00, 0.00, 0.02, 0.90, 0.00, 1.05, 0.00, 0.00, 0.00, 0.00, 0.01, 0.00, 0.00, 1.00, 1.00, 0.00, 1.00, 0.00, 1.00, 0.00, 1.00, 1.00, 1.00, 0.00, 1.00, 0.00, 0.00, 0.00, 0.00
7988,  0,  266.233,  0.98,  1, 0.01, 0.00, 1.12, 0.00, 0.25, 1.39, 0.00, 0.00, 0.02, 0.89, 0.02, 1.07, 0.06, 0.00, 0.00, 0.00, 0.01, 0.00, 0.00, 1.00, 1.00, 0.00, 1.00, 0.00, 1.00, 0.00, 1.00, 1.00, 1.00, 0.00, 1.00, 0.00, 0.00, 0.00, 0.00
7989,  0,  266.267,  0.98,  1, 0.02, 0.00, 1.13, 0.00, 0.24, 1.39, 0.00, 0.00, 0.01, 0.84, 0.01, 1.12, 0.12, 0.00, 0.00, 0.00, 0.01, 0.00, 0.00, 1.00, 1.00, 0.00, 1.00, 0.00, 1.00, 0.00, 1.00, 1.00, 1.00, 0.00, 1.00, 0.00, 0.00, 0.00, 0.00
7990,  0,  266.300,  0.98,  1, 0.02, 0.00, 1.14, 0.00, 0.16, 1.49, 0.00, 0.00, 0.00, 0.85, 0.01, 1.05, 0.12, 0.00, 0.00, 0.00, 0.00, 0.00, 0.00, 1.00, 1.00, 0.00, 1.00, 0.00, 1.00, 0.00, 1.00, 1.00, 1.00, 0.00, 1.00, 0.00, 0.00, 0.00, 0.00
7991,  0,  266.333,  0.98,  1, 0.03, 0.00, 1.11, 0.00, 0.10, 1.60, 0.00, 0.00, 0.00, 0.83, 0.04, 0.93, 0.05, 0.00, 0.00, 0.00, 0.00, 0.00, 0.00, 1.00, 1.00, 0.00, 1.00, 0.00, 1.00, 0.00, 1.00, 1.00, 1.00, 0.00, 1.00, 0.00, 0.00, 0.00, 0.00
7992,  0,  266.367,  0.98,  1, 0.01, 0.00, 1.15, 0.00, 0.03, 1.84, 0.00, 0.00, 0.01, 0.94, 0.06, 0.85, 0.00, 0.03, 0.00, 0.00, 0.00, 0.00, 0.00, 1.00, 1.00, 0.00, 1.00, 0.00, 0.00, 0.00, 1.00, 1.00, 1.00, 0.00, 1.00, 0.00, 0.00, 0.00, 0.00
7993,  0,  266.400,  0.98,  1, 0.01, 0.03, 1.20, 0.00, 0.02, 1.80, 0.00, 0.00, 0.01, 1.08, 0.06, 0.81, 0.00, 0.04, 0.00, 0.00, 0.00, 0.00, 0.00, 1.00, 1.00, 0.00, 1.00, 0.00, 0.00, 0.00, 1.00, 0.00, 1.00, 0.00, 1.00, 0.00, 0.00, 0.00, 0.00
7994,  0,  266.433,  0.98,  1, 0.00, 0.12, 1.33, 0.00, 0.00, 1.83, 0.00, 0.00, 0.02, 1.19, 0.02, 0.83, 0.00, 0.06, 0.00, 0.02, 0.00, 0.00, 0.00, 1.00, 1.00, 0.00, 1.00, 0.00, 0.00, 0.00, 1.00, 0.00, 1.00, 0.00, 1.00, 0.00, 0.00, 0.00, 0.00
7995,  0,  266.467,  0.98,  1, 0.00, 0.20, 1.38, 0.00, 0.00, 1.74, 0.00, 0.00, 0.02, 1.18, 0.00, 0.76, 0.00, 0.06, 0.00, 0.03, 0.00, 0.00, 0.00, 1.00, 1.00, 0.00, 1.00, 0.00, 0.00, 0.00, 1.00, 1.00, 1.00, 0.00, 1.00, 0.00, 0.00, 0.00, 0.00
7996,  0,  266.500,  0.98,  1, 0.00, 0.21, 1.41, 0.00, 0.00, 1.68, 0.00, 0.00, 0.02, 1.15, 0.01, 0.78, 0.00, 0.07, 0.00, 0.03, 0.00, 0.00, 0.00, 1.00, 1.00, 0.00, 1.00, 0.00, 0.00, 0.00, 1.00, 1.00, 1.00, 0.00, 1.00, 0.00, 0.00, 0.00, 0.00
7997,  0,  266.533,  0.98,  1, 0.00, 0.12, 1.35, 0.00, 0.00, 1.53, 0.00, 0.00, 0.02, 1.14, 0.02, 0.79, 0.00, 0.07, 0.00, 0.01, 0.00, 0.00, 0.00, 1.00, 1.00, 0.00, 1.00, 0.00, 0.00, 0.00, 1.00, 1.00, 1.00, 0.00, 1.00, 0.00, 0.00, 0.00, 0.00
7998,  0,  266.567,  0.98,  1, 0.00, 0.05, 1.32, 0.00, 0.00, 1.48, 0.00, 0.00, 0.02, 1.13, 0.02, 0.87, 0.00, 0.07, 0.00, 0.00, 0.00, 0.00, 0.00, 1.00, 1.00, 0.00, 1.00, 0.00, 0.00, 0.00, 1.00, 1.00, 1.00, 0.00, 1.00, 0.00, 0.00, 0.00, 0.00
7999,  0,  266.600,  0.98,  1, 0.00, 0.03, 1.33, 0.00, 0.02, 1.46, 0.00, 0.00, 0.03, 1.13, 0.02, 0.89, 0.00, 0.07, 0.00, 0.00, 0.00, 0.00, 0.00, 1.00, 1.00, 0.00, 1.00, 0.00, 0.00, 0.00, 1.00, 1.00, 1.00, 0.00, 1.00, 0.00, 0.00, 0.00, 0.00
8000,  0,  266.633,  0.98,  1, 0.00, 0.03, 1.33, 0.00, 0.03, 1.53, 0.00, 0.00, 0.03, 1.14, 0.00, 0.85, 0.00, 0.05, 0.00, 0.00, 0.00, 0.00, 0.00, 1.00, 1.00, 0.00, 1.00, 0.00, 0.00, 0.00, 1.00, 1.00, 1.00, 0.00, 1.00, 0.00, 0.00, 0.00, 0.00
8001,  0,  266.667,  0.98,  1, 0.00, 0.03, 1.28, 0.00, 0.04, 1.52, 0.00, 0.00, 0.02, 1.12, 0.00, 0.75, 0.00, 0.03, 0.00, 0.00, 0.00, 0.00, 0.00, 1.00, 1.00, 0.00, 1.00, 0.00, 1.00, 0.00, 1.00, 1.00, 1.00, 0.00, 1.00, 0.00, 0.00, 0.00, 0.00
8002,  0,  266.700,  0.98,  1, 0.00, 0.01, 1.23, 0.00, 0.02, 1.52, 0.00, 0.00, 0.01, 1.09, 0.00, 0.77, 0.00, 0.03, 0.00, 0.00, 0.00, 0.00, 0.00, 1.00, 1.00, 0.00, 1.00, 0.00, 1.00, 0.00, 1.00, 1.00, 1.00, 0.00, 1.00, 0.00, 0.00, 0.00, 0.00
8003,  0,  266.733,  0.98,  1, 0.00, 0.04, 1.25, 0.00, 0.00, 1.50, 0.00, 0.00, 0.00, 1.12, 0.00, 0.85, 0.00, 0.03, 0.00, 0.00, 0.00, 0.00, 0.00, 1.00, 1.00, 0.00, 1.00, 0.00, 1.00, 0.00, 1.00, 1.00, 1.00, 0.00, 1.00, 0.00, 0.00, 0.00, 0.00
8004,  0,  266.767,  0.98,  1, 0.00, 0.15, 1.24, 0.00, 0.00, 1.59, 0.00, 0.00, 0.00, 1.12, 0.00, 0.92, 0.00, 0.02, 0.00, 0.00, 0.00, 0.00, 0.00, 1.00, 1.00, 0.00, 1.00, 0.00, 1.00, 0.00, 1.00, 0.00, 1.00, 0.00, 1.00, 0.00, 0.00, 0.00, 0.00
8005,  0,  266.800,  0.98,  1, 0.00, 0.22, 1.23, 0.00, 0.00, 1.62, 0.00, 0.00, 0.00, 1.14, 0.00, 0.96, 0.00, 0.02, 0.00, 0.00, 0.00, 0.00, 0.00, 1.00, 1.00, 0.00, 1.00, 0.00, 1.00, 0.00, 1.00, 0.00, 1.00, 0.00, 1.00, 0.00, 0.00, 0.00, 0.00
8006,  0,  266.833,  0.98,  1, 0.00, 0.18, 1.17, 0.00, 0.00, 1.66, 0.00, 0.00, 0.00, 1.08, 0.00, 0.90, 0.00, 0.02, 0.00, 0.00, 0.00, 0.00, 0.00, 1.00, 1.00, 0.00, 1.00, 0.00, 1.00, 0.00, 1.00, 0.00, 1.00, 0.00, 1.00, 0.00, 0.00, 0.00, 0.00
8007,  0,  266.867,  0.98,  1, 0.00, 0.07, 1.18, 0.00, 0.01, 1.66, 0.00, 0.00, 0.00, 1.16, 0.00, 0.88, 0.00, 0.02, 0.00, 0.00, 0.00, 0.00, 0.00, 1.00, 1.00, 0.00, 1.00, 0.00, 1.00, 0.00, 1.00, 0.00, 1.00, 0.00, 1.00, 0.00, 0.00, 0.00, 0.00
8008,  0,  266.900,  0.98,  1, 0.00, 0.00, 1.17, 0.00, 0.03, 1.69, 0.00, 0.00, 0.00, 1.18, 0.00, 0.80, 0.03, 0.02, 0.00, 0.00, 0.00, 0.00, 0.00, 1.00, 1.00, 0.00, 1.00, 0.00, 1.00, 0.00, 1.00, 0.00, 1.00, 0.00, 1.00, 0.00, 0.00, 0.00, 0.00
8009,  0,  266.933,  0.98,  1, 0.00, 0.00, 1.22, 0.00, 0.03, 1.74, 0.00, 0.00, 0.00, 1.21, 0.00, 0.81, 0.03, 0.02, 0.00, 0.00, 0.00, 0.00, 0.00, 1.00, 1.00, 0.00, 1.00, 0.00, 1.00, 0.00, 1.00, 0.00, 1.00, 0.00, 1.00, 0.00, 0.00, 0.00, 0.00
8010,  0,  266.967,  0.98,  1, 0.00, 0.00, 1.23, 0.00, 0.02, 1.79, 0.00, 0.00, 0.00, 1.21, 0.00, 0.84, 0.03, 0.06, 0.00, 0.00, 0.00, 0.00, 0.00, 1.00, 1.00, 0.00, 1.00, 0.00, 1.00, 0.00, 1.00, 0.00, 1.00, 0.00, 1.00, 0.00, 0.00, 0.00, 0.00
8011,  0,  267.000,  0.98,  1, 0.00, 0.00, 1.27, 0.00, 0.00, 1.81, 0.00, 0.00, 0.00, 1.23, 0.00, 0.82, 0.01, 0.07, 0.00, 0.00, 0.00, 0.00, 0.00, 1.00, 1.00, 0.00, 1.00, 0.00, 1.00, 0.00, 1.00, 0.00, 1.00, 0.00, 1.00, 0.00, 0.00, 0.00, 0.00
8012,  0,  267.033,  0.98,  1, 0.00, 0.00, 1.22, 0.00, 0.00, 1.78, 0.00, 0.00, 0.00, 1.22, 0.00, 0.90, 0.02, 0.10, 0.00, 0.00, 0.00, 0.00, 0.00, 1.00, 1.00, 0.00, 1.00, 0.00, 1.00, 0.00, 1.00, 0.00, 1.00, 0.00, 1.00, 0.00, 0.00, 0.00, 0.00
8013,  0,  267.067,  0.98,  1, 0.00, 0.00, 1.21, 0.00, 0.00, 1.72, 0.00, 0.00, 0.00, 1.09, 0.00, 0.89, 0.02, 0.08, 0.00, 0.00, 0.00, 0.00, 0.00, 1.00, 1.00, 0.00, 1.00, 0.00, 1.00, 0.00, 1.00, 0.00, 1.00, 0.00, 1.00, 0.00, 0.00, 0.00, 0.00
8014,  0,  267.100,  0.98,  1, 0.00, 0.00, 1.21, 0.00, 0.05, 1.67, 0.00, 0.00, 0.00, 0.93, 0.00, 0.86, 0.01, 0.05, 0.00, 0.00, 0.00, 0.00, 0.00, 1.00, 1.00, 0.00, 1.00, 0.00, 1.00, 0.00, 1.00, 0.00, 1.00, 0.00, 1.00, 0.00, 0.00, 0.00, 0.00
8015,  0,  267.133,  0.98,  1, 0.00, 0.00, 1.30, 0.00, 0.09, 1.68, 0.00, 0.00, 0.00, 0.84, 0.00, 0.75, 0.00, 0.04, 0.00, 0.00, 0.00, 0.00, 0.00, 1.00, 1.00, 0.00, 1.00, 0.00, 1.00, 0.00, 1.00, 0.00, 1.00, 0.00, 1.00, 0.00, 0.00, 0.00, 0.00
8016,  0,  267.167,  0.98,  1, 0.00, 0.00, 1.38, 0.00, 0.09, 1.70, 0.00, 0.00, 0.00, 0.80, 0.00, 0.75, 0.00, 0.04, 0.00, 0.00, 0.00, 0.00, 0.00, 1.00, 1.00, 0.00, 1.00, 0.00, 1.00, 0.00, 1.00, 0.00, 1.00, 0.00, 1.00, 0.00, 0.00, 0.00, 0.00
8017,  0,  267.200,  0.98,  1, 0.00, 0.00, 1.50, 0.00, 0.04, 1.76, 0.00, 0.00, 0.00, 0.83, 0.00, 0.68, 0.00, 0.04, 0.00, 0.00, 0.17, 0.00, 0.00, 1.00, 1.00, 0.00, 1.00, 0.00, 1.00, 0.00, 1.00, 0.00, 1.00, 0.00, 1.00, 0.00, 0.00, 0.00, 0.00
8018,  0,  267.233,  0.98,  1, 0.03, 0.00, 1.62, 0.00, 0.00, 1.82, 0.00, 0.00, 0.00, 0.78, 0.00, 0.62, 0.00, 0.01, 0.00, 0.00, 0.50, 0.00, 0.00, 1.00, 1.00, 0.00, 1.00, 0.00, 1.00, 0.00, 1.00, 0.00, 1.00, 0.00, 1.00, 0.00, 0.00, 0.00, 0.00
8019,  0,  267.267,  0.98,  1, 0.03, 0.00, 1.68, 0.00, 0.03, 1.98, 0.00, 0.00, 0.00, 0.85, 0.00, 0.54, 0.00, 0.00, 0.00, 0.00, 0.74, 0.00, 0.00, 1.00, 1.00, 0.00, 1.00, 0.00, 1.00, 0.00, 1.00, 0.00, 1.00, 0.00, 1.00, 0.00, 0.00, 0.00, 1.00
8020,  0,  267.300,  0.98,  1, 0.03, 0.00, 1.68, 0.00, 0.08, 2.13, 0.00, 0.00, 0.00, 0.89, 0.00, 0.61, 0.00, 0.00, 0.00, 0.00, 0.84, 0.00, 0.00, 1.00, 1.00, 0.00, 1.00, 0.00, 1.00, 0.00, 1.00, 0.00, 1.00, 0.00, 1.00, 0.00, 0.00, 0.00, 1.00
8021,  0,  267.333,  0.98,  1, 0.00, 0.00, 1.59, 0.00, 0.10, 2.19, 0.00, 0.00, 0.00, 0.93, 0.00, 0.70, 0.01, 0.00, 0.00, 0.00, 0.70, 0.00, 0.00, 1.00, 1.00, 0.00, 1.00, 0.00, 1.00, 0.00, 1.00, 0.00, 1.00, 0.00, 1.00, 0.00, 0.00, 0.00, 1.00
8022,  0,  267.367,  0.98,  1, 0.06, 0.00, 1.54, 0.00, 0.07, 2.03, 0.00, 0.00, 0.00, 0.88, 0.00, 0.64, 0.03, 0.00, 0.00, 0.00, 1.09, 0.00, 0.00, 1.00, 1.00, 0.00, 1.00, 0.00, 1.00, 0.00, 1.00, 0.00, 1.00, 0.00, 1.00, 0.00, 0.00, 0.00, 1.00
8023,  0,  267.400,  0.98,  1, 0.06, 0.00, 1.54, 0.00, 0.02, 1.71, 0.00, 0.00, 0.00, 0.88, 0.00, 0.53, 0.08, 0.00, 0.00, 0.00, 1.67, 0.00, 0.00, 1.00, 1.00, 0.00, 1.00, 0.00, 1.00, 0.00, 1.00, 0.00, 0.00, 0.00, 1.00, 0.00, 0.00, 0.00, 1.00
8024,  0,  267.433,  0.98,  1, 0.09, 0.00, 1.55, 0.17, 0.03, 1.48, 0.00, 0.00, 0.00, 0.88, 0.00, 0.46, 0.14, 0.00, 0.03, 0.00, 2.22, 0.00, 0.00, 1.00, 1.00, 0.00, 1.00, 0.00, 1.00, 0.00, 1.00, 0.00, 0.00, 0.00, 1.00, 0.00, 0.00, 0.00, 1.00
8025,  0,  267.467,  0.98,  1, 0.03, 0.00, 1.64, 0.26, 0.11, 1.63, 0.00, 0.00, 0.00, 0.88, 0.00, 0.50, 0.16, 0.00, 0.07, 0.00, 2.14, 0.00, 0.00, 1.00, 1.00, 0.00, 1.00, 0.00, 1.00, 0.00, 1.00, 0.00, 0.00, 0.00, 1.00, 0.00, 0.00, 0.00, 1.00
8026,  0,  267.500,  0.98,  1, 0.03, 0.00, 1.62, 0.26, 0.22, 1.87, 0.00, 0.00, 0.00, 0.88, 0.00, 0.67, 0.10, 0.00, 0.07, 0.00, 1.65, 0.00, 0.00, 1.00, 1.00, 0.00, 1.00, 0.00, 1.00, 0.00, 1.00, 0.00, 0.00, 0.00, 1.00, 0.00, 0.00, 0.00, 1.00
8027,  0,  267.533,  0.98,  1, 0.01, 0.02, 1.66, 0.10, 0.33, 2.14, 0.00, 0.00, 0.00, 0.90, 0.00, 0.76, 0.03, 0.00, 0.04, 0.00, 1.14, 0.00, 0.00, 1.00, 1.00, 0.00, 1.00, 0.00, 1.00, 0.00, 1.00, 0.00, 1.00, 0.00, 1.00, 0.00, 0.00, 0.00, 1.00
8028,  0,  267.567,  0.98,  1, 0.00, 0.02, 1.62, 0.00, 0.34, 1.99, 0.00, 0.00, 0.03, 0.93, 0.00, 0.95, 0.04, 0.03, 0.00, 0.00, 0.81, 0.00, 0.00, 1.00, 1.00, 0.00, 1.00, 0.00, 1.00, 0.00, 1.00, 1.00, 1.00, 0.00, 1.00, 0.00, 0.00, 0.00, 1.00
8029,  0,  267.600,  0.98,  1, 0.00, 0.02, 1.60, 0.00, 0.29, 1.83, 0.00, 0.00, 0.04, 0.90, 0.00, 0.98, 0.04, 0.03, 0.00, 0.00, 0.62, 0.00, 0.00, 1.00, 1.00, 0.00, 1.00, 0.00, 1.00, 0.00, 1.00, 1.00, 1.00, 0.00, 1.00, 0.00, 0.00, 0.00, 0.00
8030,  0,  267.633,  0.98,  1, 0.00, 0.00, 1.48, 0.00, 0.21, 1.64, 0.00, 0.00, 0.05, 0.89, 0.00, 1.02, 0.04, 0.03, 0.00, 0.00, 0.48, 0.00, 0.00, 1.00, 1.00, 0.00, 1.00, 0.00, 1.00, 0.00, 1.00, 1.00, 1.00, 0.00, 1.00, 0.00, 0.00, 0.00, 0.00
8031,  0,  267.667,  0.98,  1, 0.00, 0.00, 1.43, 0.00, 0.17, 1.57, 0.00, 0.00, 0.04, 0.93, 0.00, 0.96, 0.00, 0.00, 0.00, 0.00, 0.25, 0.00, 0.00, 1.00, 1.00, 0.00, 1.00, 0.00, 1.00, 0.00, 1.00, 1.00, 1.00, 0.00, 1.00, 0.00, 0.00, 0.00, 0.00
8032,  0,  267.700,  0.98,  1, 0.00, 0.00, 1.38, 0.00, 0.15, 1.58, 0.00, 0.00, 0.05, 0.95, 0.00, 0.94, 0.00, 0.00, 0.00, 0.00, 0.10, 0.00, 0.00, 1.00, 1.00, 0.00, 1.00, 0.00, 1.00, 0.00, 1.00, 1.00, 1.00, 0.00, 1.00, 0.00, 0.00, 0.00, 0.00
8033,  0,  267.733,  0.98,  1, 0.00, 0.00, 1.47, 0.00, 0.12, 1.40, 0.00, 0.00, 0.07, 0.93, 0.00, 0.87, 0.00, 0.00, 0.00, 0.00, 0.00, 0.00, 0.00, 1.00, 1.00, 0.00, 1.00, 0.00, 1.00, 0.00, 1.00, 1.00, 1.00, 0.00, 1.00, 0.00, 0.00, 0.00, 0.00
8034,  0,  267.767,  0.98,  1, 0.00, 0.00, 1.54, 0.00, 0.09, 1.38, 0.00, 0.00, 0.09, 0.92, 0.00, 0.81, 0.04, 0.00, 0.00, 0.00, 0.00, 0.00, 0.00, 1.00, 1.00, 0.00, 1.00, 0.00, 1.00, 0.00, 1.00, 1.00, 1.00, 0.00, 1.00, 0.00, 0.00, 0.00, 0.00
8035,  0,  267.800,  0.98,  1, 0.00, 0.00, 1.62, 0.00, 0.09, 1.35, 0.00, 0.00, 0.11, 0.99, 0.00, 0.79, 0.06, 0.00, 0.00, 0.00, 0.00, 0.00, 0.00, 1.00, 1.00, 0.00, 1.00, 0.00, 1.00, 0.00, 1.00, 1.00, 1.00, 0.00, 1.00, 0.00, 0.00, 0.00, 0.00
8036,  0,  267.833,  0.98,  1, 0.00, 0.01, 1.60, 0.00, 0.10, 1.45, 0.00, 0.00, 0.12, 1.06, 0.02, 0.89, 0.07, 0.00, 0.00, 0.00, 0.00, 0.00, 0.00, 1.00, 1.00, 0.00, 1.00, 0.00, 1.00, 0.00, 1.00, 1.00, 1.00, 0.00, 1.00, 0.00, 0.00, 0.00, 0.00
8037,  0,  267.867,  0.98,  1, 0.00, 0.05, 1.62, 0.00, 0.12, 1.54, 0.00, 0.00, 0.11, 1.09, 0.02, 0.88, 0.03, 0.00, 0.00, 0.00, 0.00, 0.00, 0.00, 1.00, 1.00, 0.00, 1.00, 0.00, 1.00, 0.00, 1.00, 1.00, 1.00, 0.00, 1.00, 0.00, 0.00, 0.00, 0.00
8038,  0,  267.900,  0.98,  1, 0.00, 0.05, 1.65, 0.00, 0.13, 1.61, 0.00, 0.00, 0.14, 1.09, 0.09, 0.92, 0.02, 0.00, 0.00, 0.00, 0.00, 0.00, 0.00, 1.00, 1.00, 0.00, 1.00, 0.00, 1.00, 0.00, 1.00, 1.00, 1.00, 0.00, 1.00, 0.00, 0.00, 0.00, 0.00
8039,  0,  267.933,  0.98,  1, 0.00, 0.04, 1.67, 0.00, 0.11, 1.72, 0.00, 0.00, 0.16, 1.07, 0.18, 0.87, 0.00, 0.00, 0.00, 0.00, 0.00, 0.00, 0.00, 1.00, 1.00, 0.00, 1.00, 0.00, 1.00, 0.00, 1.00, 1.00, 1.00, 0.00, 1.00, 0.00, 0.00, 0.00, 0.00
8040,  0,  267.967,  0.98,  1, 0.02, 0.00, 1.69, 0.00, 0.05, 1.56, 0.00, 0.00, 0.12, 0.96, 0.21, 0.93, 0.00, 0.00, 0.00, 0.00, 0.02, 0.00, 0.00, 1.00, 1.00, 0.00, 1.00, 0.00, 1.00, 0.00, 1.00, 1.00, 1.00, 0.00, 1.00, 0.00, 0.00, 0.00, 0.00
8041,  0,  268.000,  0.98,  1, 0.03, 0.00, 1.70, 0.00, 0.01, 1.41, 0.00, 0.00, 0.07, 0.86, 0.16, 0.89, 0.00, 0.00, 0.00, 0.00, 0.02, 0.00, 0.00, 1.00, 1.00, 0.00, 1.00, 0.00, 1.00, 0.00, 1.00, 0.00, 1.00, 0.00, 1.00, 0.00, 0.00, 0.00, 0.00
8042,  0,  268.033,  0.98,  1, 0.05, 0.05, 1.74, 0.00, 0.00, 1.26, 0.00, 0.00, 0.00, 0.81, 0.11, 0.92, 0.00, 0.00, 0.00, 0.00, 0.02, 0.00, 0.00, 1.00, 1.00, 0.00, 1.00, 0.00, 1.00, 0.00, 1.00, 0.00, 1.00, 0.00, 1.00, 0.00, 0.00, 0.00, 0.00
8043,  0,  268.067,  0.98,  1, 0.05, 0.05, 1.74, 0.00, 0.00, 1.30, 0.00, 0.00, 0.00, 0.91, 0.17, 0.86, 0.00, 0.00, 0.02, 0.00, 0.01, 0.00, 0.00, 1.00, 1.00, 0.00, 1.00, 0.00, 1.00, 0.00, 1.00, 0.00, 1.00, 0.00, 1.00, 0.00, 0.00, 0.00, 0.00
8044,  0,  268.100,  0.98,  1, 0.06, 0.05, 1.72, 0.00, 0.00, 1.36, 0.00, 0.00, 0.00, 0.91, 0.28, 0.81, 0.00, 0.00, 0.02, 0.00, 0.01, 0.00, 0.00, 1.00, 1.00, 0.00, 1.00, 0.00, 1.00, 0.00, 1.00, 0.00, 1.00, 0.00, 1.00, 0.00, 0.00, 0.00, 0.00
8045,  0,  268.133,  0.98,  1, 0.03, 0.00, 1.68, 0.00, 0.00, 1.49, 0.00, 0.00, 0.00, 0.91, 0.34, 0.73, 0.00, 0.00, 0.11, 0.00, 0.01, 0.00, 0.00, 1.00, 1.00, 0.00, 1.00, 0.00, 1.00, 0.00, 1.00, 0.00, 1.00, 0.00, 1.00, 0.00, 0.00, 0.00, 0.00
8046,  0,  268.167,  0.98,  1, 0.01, 0.00, 1.66, 0.00, 0.00, 1.70, 0.00, 0.00, 0.00, 0.85, 0.36, 0.69, 0.00, 0.00, 0.17, 0.00, 0.00, 0.00, 0.00, 1.00, 1.00, 0.00, 1.00, 0.00, 1.00, 0.00, 1.00, 0.00, 1.00, 0.00, 1.00, 0.00, 0.00, 0.00, 0.00
8047,  0,  268.200,  0.98,  1, 0.00, 0.01, 1.64, 0.00, 0.00, 1.77, 0.00, 0.00, 0.00, 0.84, 0.36, 0.73, 0.00, 0.00, 0.22, 0.00, 0.01, 0.00, 0.00, 1.00, 1.00, 0.00, 1.00, 0.00, 1.00, 0.00, 1.00, 0.00, 1.00, 0.00, 1.00, 0.00, 0.00, 0.00, 0.00
8048,  0,  268.233,  0.98,  1, 0.00, 0.01, 1.70, 0.00, 0.00, 1.72, 0.00, 0.00, 0.01, 0.88, 0.39, 0.74, 0.00, 0.00, 0.19, 0.00, 0.01, 0.00, 0.00, 1.00, 1.00, 0.00, 1.00, 0.00, 1.00, 0.00, 1.00, 1.00, 1.00, 0.00, 1.00, 0.00, 0.00, 0.00, 0.00
8049,  0,  268.267,  0.98,  1, 0.01, 0.01, 1.71, 0.00, 0.00, 1.55, 0.00, 0.00, 0.01, 0.88, 0.36, 0.77, 0.00, 0.00, 0.15, 0.00, 0.01, 0.00, 0.00, 1.00, 1.00, 0.00, 1.00, 0.00, 1.00, 0.00, 1.00, 1.00, 1.00, 0.00, 1.00, 0.00, 0.00, 0.00, 0.00
8050,  0,  268.300,  0.98,  1, 0.03, 0.00, 1.73, 0.00, 0.00, 1.54, 0.00, 0.00, 0.01, 0.88, 0.43, 0.80, 0.00, 0.00, 0.10, 0.00, 0.00, 0.00, 0.00, 1.00, 1.00, 0.00, 1.00, 0.00, 1.00, 0.00, 1.00, 0.00, 1.00, 0.00, 1.00, 0.00, 0.00, 0.00, 0.00
8051,  0,  268.333,  0.98,  1, 0.03, 0.00, 1.58, 0.00, 0.00, 1.55, 0.00, 0.00, 0.00, 0.83, 0.47, 0.88, 0.00, 0.00, 0.04, 0.00, 0.00, 0.00, 0.00, 1.00, 1.00, 0.00, 1.00, 0.00, 1.00, 0.00, 1.00, 0.00, 1.00, 0.00, 1.00, 0.00, 0.00, 0.00, 0.00
8052,  0,  268.367,  0.98,  1, 0.03, 0.00, 1.50, 0.00, 0.00, 1.44, 0.00, 0.00, 0.02, 0.91, 0.43, 0.96, 0.00, 0.01, 0.00, 0.00, 0.00, 0.00, 0.00, 1.00, 1.00, 0.00, 1.00, 0.00, 1.00, 0.00, 1.00, 0.00, 1.00, 0.00, 1.00, 0.00, 0.00, 0.00, 0.00
8053,  0,  268.400,  0.98,  1, 0.03, 0.00, 1.45, 0.00, 0.00, 1.32, 0.00, 0.00, 0.08, 1.08, 0.27, 0.96, 0.00, 0.01, 0.00, 0.00, 0.00, 0.00, 0.00, 1.00, 1.00, 0.00, 1.00, 0.00, 1.00, 0.00, 1.00, 0.00, 1.00, 0.00, 1.00, 0.00, 0.00, 0.00, 0.00
8054,  0,  268.433,  0.98,  1, 0.03, 0.00, 1.43, 0.00, 0.00, 1.27, 0.00, 0.00, 0.10, 1.19, 0.09, 0.97, 0.00, 0.01, 0.00, 0.00, 0.00, 0.00, 0.00, 1.00, 1.00, 0.00, 1.00, 0.00, 1.00, 0.00, 1.00, 0.00, 1.00, 0.00, 1.00, 0.00, 0.00, 0.00, 0.00
8055,  0,  268.467,  0.98,  1, 0.03, 0.00, 1.41, 0.00, 0.00, 1.28, 0.00, 0.00, 0.08, 1.23, 0.08, 0.96, 0.00, 0.00, 0.00, 0.00, 0.00, 0.00, 0.00, 1.00, 1.00, 0.00, 1.00, 0.00, 1.00, 0.00, 1.00, 0.00, 1.00, 0.00, 1.00, 0.00, 0.00, 0.00, 0.00
8056,  0,  268.500,  0.98,  1, 0.01, 0.00, 1.38, 0.00, 0.00, 1.22, 0.00, 0.00, 0.06, 1.26, 0.05, 1.00, 0.00, 0.01, 0.00, 0.00, 0.00, 0.00, 0.00, 1.00, 1.00, 0.00, 1.00, 0.00, 1.00, 0.00, 1.00, 0.00, 1.00, 0.00, 1.00, 0.00, 0.00, 0.00, 0.00
8057,  0,  268.533,  0.98,  1, 0.04, 0.00, 1.41, 0.00, 0.00, 1.03, 0.00, 0.00, 0.07, 1.28, 0.10, 1.04, 0.00, 0.04, 0.00, 0.00, 0.00, 0.00, 0.00, 1.00, 1.00, 0.00, 1.00, 0.00, 1.00, 0.00, 1.00, 0.00, 1.00, 0.00, 1.00, 0.00, 0.00, 0.00, 0.00
8058,  0,  268.567,  0.98,  1, 0.04, 0.00, 1.39, 0.00, 0.00, 0.99, 0.00, 0.00, 0.09, 1.24, 0.10, 1.06, 0.00, 0.04, 0.00, 0.00, 0.00, 0.00, 0.00, 1.00, 1.00, 0.00, 1.00, 0.00, 1.00, 0.00, 1.00, 0.00, 1.00, 0.00, 1.00, 0.00, 0.00, 0.00, 0.00
8059,  0,  268.600,  0.98,  1, 0.03, 0.00, 1.32, 0.00, 0.00, 1.02, 0.00, 0.00, 0.06, 1.14, 0.12, 1.05, 0.00, 0.04, 0.00, 0.00, 0.00, 0.00, 0.00, 1.00, 1.00, 0.00, 1.00, 0.00, 1.00, 0.00, 1.00, 0.00, 1.00, 0.00, 1.00, 0.00, 0.00, 0.00, 0.00
8060,  0,  268.633,  0.98,  1, 0.02, 0.00, 1.33, 0.00, 0.00, 1.11, 0.00, 0.00, 0.03, 1.12, 0.13, 1.04, 0.00, 0.03, 0.00, 0.00, 0.00, 0.00, 0.00, 1.00, 1.00, 0.00, 1.00, 0.00, 1.00, 0.00, 1.00, 0.00, 1.00, 0.00, 1.00, 0.00, 0.00, 0.00, 0.00
8061,  0,  268.667,  0.98,  1, 0.02, 0.00, 1.34, 0.00, 0.00, 1.13, 0.00, 0.00, 0.00, 1.14, 0.12, 1.04, 0.00, 0.04, 0.00, 0.00, 0.00, 0.00, 0.00, 1.00, 1.00, 0.00, 1.00, 0.00, 1.00, 0.00, 1.00, 1.00, 1.00, 0.00, 1.00, 0.00, 0.00, 0.00, 0.00
8062,  0,  268.700,  0.98,  1, 0.02, 0.00, 1.42, 0.00, 0.00, 1.20, 0.02, 0.00, 0.00, 1.08, 0.08, 1.07, 0.00, 0.02, 0.00, 0.00, 0.00, 0.00, 0.00, 1.00, 1.00, 0.00, 1.00, 0.00, 1.00, 0.00, 1.00, 1.00, 1.00, 0.00, 1.00, 0.00, 0.00, 0.00, 0.00
8063,  0,  268.733,  0.98,  1, 0.00, 0.00, 1.43, 0.00, 0.00, 1.27, 0.03, 0.00, 0.00, 0.96, 0.02, 1.07, 0.00, 0.02, 0.00, 0.00, 0.00, 0.00, 0.00, 1.00, 1.00, 0.00, 1.00, 0.00, 0.00, 0.00, 1.00, 1.00, 1.00, 0.00, 1.00, 0.00, 0.00, 0.00, 0.00
8064,  0,  268.767,  0.98,  1, 0.00, 0.09, 1.44, 0.00, 0.00, 1.19, 0.03, 0.00, 0.00, 0.93, 0.00, 1.00, 0.00, 0.06, 0.00, 0.00, 0.00, 0.00, 0.00, 1.00, 1.00, 0.00, 1.00, 0.00, 0.00, 0.00, 1.00, 1.00, 1.00, 0.00, 1.00, 0.00, 0.00, 0.00, 0.00
8065,  0,  268.800,  0.98,  1, 0.00, 0.17, 1.38, 0.00, 0.00, 0.99, 0.01, 0.00, 0.00, 0.94, 0.08, 0.83, 0.00, 0.05, 0.00, 0.00, 0.00, 0.00, 0.00, 1.00, 1.00, 0.00, 1.00, 0.00, 0.00, 0.00, 1.00, 1.00, 1.00, 0.00, 1.00, 0.00, 0.00, 0.00, 0.00
8066,  0,  268.833,  0.98,  1, 0.00, 0.23, 1.34, 0.00, 0.00, 0.90, 0.00, 0.00, 0.00, 1.00, 0.08, 0.71, 0.00, 0.04, 0.00, 0.00, 0.00, 0.00, 0.00, 1.00, 1.00, 0.00, 1.00, 0.00, 0.00, 0.00, 1.00, 1.00, 1.00, 0.00, 1.00, 0.00, 0.00, 0.00, 0.00
8067,  0,  268.867,  0.98,  1, 0.00, 0.14, 1.33, 0.00, 0.00, 0.93, 0.00, 0.00, 0.00, 0.96, 0.10, 0.63, 0.00, 0.00, 0.00, 0.00, 0.00, 0.00, 0.00, 1.00, 1.00, 0.00, 1.00, 0.00, 0.00, 0.00, 1.00, 1.00, 1.00, 0.00, 1.00, 0.00, 0.00, 0.00, 0.00
8068,  0,  268.900,  0.98,  1, 0.00, 0.07, 1.30, 0.00, 0.00, 1.09, 0.00, 0.00, 0.00, 0.91, 0.04, 0.63, 0.00, 0.00, 0.00, 0.00, 0.00, 0.00, 0.00, 1.00, 1.00, 0.00, 1.00, 0.00, 0.00, 0.00, 1.00, 1.00, 1.00, 0.00, 1.00, 0.00, 0.00, 0.00, 0.00
8069,  0,  268.933,  0.98,  1, 0.03, 0.03, 1.34, 0.00, 0.00, 1.06, 0.00, 0.00, 0.00, 0.91, 0.06, 0.60, 0.00, 0.00, 0.00, 0.00, 0.00, 0.00, 0.00, 1.00, 1.00, 0.00, 1.00, 0.00, 1.00, 0.00, 1.00, 1.00, 1.00, 0.00, 1.00, 0.00, 0.00, 0.00, 0.00
8070,  0,  268.967,  0.98,  1, 0.07, 0.04, 1.36, 0.00, 0.00, 1.05, 0.00, 0.00, 0.00, 0.91, 0.08, 0.56, 0.00, 0.00, 0.00, 0.00, 0.00, 0.00, 0.00, 1.00, 1.00, 0.00, 1.00, 0.00, 1.00, 0.00, 1.00, 1.00, 1.00, 0.00, 1.00, 0.00, 0.00, 0.00, 0.00
8071,  0,  269.000,  0.98,  1, 0.07, 0.09, 1.41, 0.00, 0.00, 1.00, 0.00, 0.00, 0.00, 0.95, 0.26, 0.54, 0.00, 0.00, 0.02, 0.00, 0.00, 0.00, 0.00, 1.00, 1.00, 0.00, 1.00, 0.00, 1.00, 0.00, 1.00, 1.00, 1.00, 0.00, 1.00, 0.00, 0.00, 0.00, 0.00
8072,  0,  269.033,  0.98,  1, 0.07, 0.13, 1.46, 0.00, 0.00, 1.12, 0.00, 0.00, 0.00, 0.97, 0.43, 0.55, 0.00, 0.00, 0.02, 0.00, 0.00, 0.00, 0.00, 1.00, 1.00, 0.00, 1.00, 0.00, 1.00, 0.00, 1.00, 1.00, 1.00, 0.00, 1.00, 0.00, 0.00, 0.00, 0.00
8073,  0,  269.067,  0.98,  1, 0.09, 0.26, 1.49, 0.00, 0.00, 1.21, 0.00, 0.00, 0.01, 0.99, 0.54, 0.60, 0.00, 0.00, 0.02, 0.00, 0.00, 0.00, 0.00, 1.00, 1.00, 0.00, 1.00, 0.00, 1.00, 0.00, 1.00, 1.00, 1.00, 0.00, 1.00, 0.00, 0.00, 0.00, 0.00
8074,  0,  269.100,  0.98,  1, 0.10, 0.29, 1.54, 0.00, 0.00, 1.22, 0.00, 0.00, 0.03, 1.03, 0.45, 0.65, 0.00, 0.01, 0.00, 0.00, 0.00, 0.00, 0.00, 1.00, 1.00, 0.00, 1.00, 0.00, 1.00, 0.00, 1.00, 1.00, 1.00, 0.00, 1.00, 0.00, 0.00, 0.00, 0.00
8075,  0,  269.133,  0.98,  1, 0.09, 0.25, 1.55, 0.00, 0.00, 1.15, 0.00, 0.00, 0.05, 1.07, 0.35, 0.70, 0.00, 0.03, 0.00, 0.00, 0.00, 0.00, 0.00, 1.00, 1.00, 0.00, 1.00, 0.00, 1.00, 0.00, 1.00, 1.00, 1.00, 0.00, 1.00, 0.00, 0.00, 0.00, 0.00
8076,  0,  269.167,  0.98,  1, 0.07, 0.19, 1.52, 0.00, 0.00, 1.14, 0.00, 0.00, 0.07, 1.10, 0.33, 0.73, 0.00, 0.03, 0.00, 0.00, 0.00, 0.00, 0.00, 1.00, 1.00, 0.00, 1.00, 0.00, 1.00, 0.00, 1.00, 1.00, 1.00, 0.00, 1.00, 0.00, 0.00, 0.00, 0.00
8077,  0,  269.200,  0.98,  1, 0.10, 0.21, 1.49, 0.00, 0.00, 1.13, 0.00, 0.00, 0.07, 1.14, 0.36, 0.80, 0.00, 0.04, 0.00, 0.00, 0.00, 0.00, 0.00, 1.00, 1.00, 0.00, 1.00, 0.00, 1.00, 0.00, 1.00, 1.00, 1.00, 0.00, 1.00, 0.00, 0.00, 0.00, 0.00
8078,  0,  269.233,  0.98,  1, 0.16, 0.27, 1.52, 0.00, 0.00, 1.16, 0.01, 0.00, 0.07, 1.11, 0.28, 0.85, 0.00, 0.04, 0.00, 0.00, 0.00, 0.00, 0.00, 1.00, 1.00, 0.00, 1.00, 0.00, 1.00, 0.00, 1.00, 0.00, 1.00, 0.00, 1.00, 0.00, 0.00, 0.00, 0.00
8079,  0,  269.267,  0.98,  1, 0.20, 0.31, 1.52, 0.00, 0.00, 1.25, 0.01, 0.00, 0.03, 1.13, 0.18, 0.91, 0.00, 0.04, 0.00, 0.00, 0.00, 0.00, 0.00, 1.00, 1.00, 0.00, 1.00, 0.00, 1.00, 0.00, 1.00, 0.00, 1.00, 0.00, 1.00, 0.00, 0.00, 0.00, 0.00
8080,  0,  269.300,  0.98,  1, 0.16, 0.26, 1.50, 0.00, 0.02, 1.40, 0.04, 0.00, 0.02, 1.11, 0.08, 0.94, 0.00, 0.04, 0.00, 0.00, 0.00, 0.00, 0.00, 1.00, 1.00, 0.00, 1.00, 0.00, 0.00, 0.00, 1.00, 0.00, 1.00, 0.00, 1.00, 0.00, 0.00, 0.00, 0.00
8081,  0,  269.333,  0.98,  1, 0.08, 0.24, 1.43, 0.00, 0.02, 1.52, 0.07, 0.00, 0.00, 1.16, 0.10, 0.99, 0.00, 0.04, 0.00, 0.00, 0.00, 0.00, 0.00, 1.00, 1.00, 0.00, 1.00, 0.00, 0.00, 0.00, 1.00, 0.00, 1.00, 0.00, 1.00, 0.00, 0.00, 0.00, 0.00
8082,  0,  269.367,  0.98,  1, 0.01, 0.12, 1.42, 0.00, 0.03, 1.53, 0.10, 0.00, 0.00, 1.24, 0.10, 1.05, 0.00, 0.07, 0.00, 0.00, 0.00, 0.00, 0.00, 1.00, 1.00, 0.00, 1.00, 0.00, 0.00, 0.00, 1.00, 0.00, 1.00, 0.00, 1.00, 0.00, 0.00, 0.00, 0.00
8083,  0,  269.400,  0.98,  1, 0.01, 0.14, 1.37, 0.00, 0.03, 1.63, 0.09, 0.00, 0.00, 1.31, 0.16, 1.07, 0.00, 0.06, 0.00, 0.00, 0.00, 0.00, 0.00, 1.00, 1.00, 0.00, 1.00, 0.00, 0.00, 0.00, 1.00, 0.00, 1.00, 0.00, 1.00, 0.00, 0.00, 0.00, 0.00
8084,  0,  269.433,  0.98,  1, 0.00, 0.14, 1.30, 0.00, 0.06, 1.69, 0.06, 0.00, 0.00, 1.35, 0.21, 1.07, 0.00, 0.06, 0.00, 0.00, 0.00, 0.00, 0.00, 1.00, 1.00, 0.00, 1.00, 0.00, 0.00, 0.00, 1.00, 0.00, 1.00, 0.00, 1.00, 0.00, 0.00, 0.00, 0.00
8085,  0,  269.467,  0.98,  1, 0.00, 0.22, 1.30, 0.00, 0.09, 1.87, 0.03, 0.00, 0.03, 1.42, 0.25, 1.06, 0.00, 0.08, 0.00, 0.00, 0.00, 0.00, 0.00, 1.00, 1.00, 0.00, 1.00, 0.00, 0.00, 0.00, 1.00, 0.00, 1.00, 0.00, 1.00, 0.00, 0.00, 0.00, 0.00
8086,  0,  269.500,  0.98,  1, 0.04, 0.21, 1.46, 0.00, 0.14, 1.81, 0.06, 0.00, 0.08, 1.47, 0.27, 1.11, 0.00, 0.08, 0.00, 0.00, 0.00, 0.00, 0.00, 1.00, 1.00, 0.00, 1.00, 0.00, 1.00, 0.00, 1.00, 0.00, 1.00, 0.00, 1.00, 0.00, 0.00, 0.00, 0.00
8087,  0,  269.533,  0.98,  1, 0.06, 0.13, 1.52, 0.00, 0.15, 1.74, 0.05, 0.00, 0.12, 1.45, 0.20, 1.16, 0.00, 0.08, 0.00, 0.00, 0.00, 0.00, 0.00, 1.00, 1.00, 0.00, 1.00, 0.00, 1.00, 0.00, 1.00, 0.00, 1.00, 0.00, 1.00, 0.00, 0.00, 0.00, 0.00
8088,  0,  269.567,  0.98,  1, 0.11, 0.05, 1.50, 0.01, 0.14, 1.54, 0.13, 0.04, 0.09, 1.14, 0.21, 1.27, 0.00, 0.03, 0.02, 0.00, 0.00, 0.00, 0.00, 1.00, 1.00, 0.00, 1.00, 0.00, 1.00, 0.00, 1.00, 1.00, 1.00, 0.00, 1.00, 0.00, 0.00, 0.00, 0.00
8089,  0,  269.600,  0.98,  1, 0.14, 0.00, 1.47, 0.04, 0.16, 1.48, 0.08, 0.10, 0.07, 1.04, 0.20, 1.25, 0.00, 0.03, 0.03, 0.00, 0.00, 0.00, 0.00, 1.00, 1.00, 0.00, 1.00, 0.00, 1.00, 0.00, 1.00, 1.00, 1.00, 0.00, 1.00, 0.00, 0.00, 0.00, 0.00
8090,  0,  269.633,  0.98,  1, 0.18, 0.00, 1.53, 0.04, 0.17, 1.47, 0.08, 0.19, 0.03, 1.04, 0.28, 1.21, 0.00, 0.02, 0.03, 0.01, 0.03, 0.00, 0.00, 1.00, 1.00, 0.00, 1.00, 0.00, 1.00, 0.00, 1.00, 1.00, 1.00, 0.00, 1.00, 0.00, 0.00, 0.00, 0.00
8091,  0,  269.667,  0.98,  1, 0.21, 0.00, 1.53, 0.06, 0.23, 1.50, 0.00, 0.21, 0.04, 1.15, 0.18, 1.01, 0.00, 0.02, 0.12, 0.01, 0.03, 0.00, 0.00, 1.00, 1.00, 0.00, 1.00, 0.00, 1.00, 0.00, 1.00, 0.00, 1.00, 0.00, 1.00, 0.00, 0.00, 0.00, 0.00
8092,  0,  269.700,  0.98,  1, 0.19, 0.00, 1.42, 0.02, 0.22, 1.66, 0.00, 0.18, 0.10, 0.92, 0.12, 0.89, 0.00, 0.01, 0.47, 0.01, 0.07, 0.00, 0.00, 1.00, 1.00, 0.00, 1.00, 0.00, 1.00, 0.00, 1.00, 0.00, 1.00, 0.00, 1.00, 0.00, 0.00, 0.00, 0.00
8093,  0,  269.733,  0.98,  1, 0.21, 0.00, 1.41, 0.08, 0.25, 1.73, 0.04, 0.26, 0.26, 0.73, 0.09, 0.74, 0.00, 0.00, 0.88, 0.00, 0.05, 0.00, 0.00, 1.00, 1.00, 0.00, 1.00, 0.00, 1.00, 0.00, 1.00, 0.00, 1.00, 0.00, 1.00, 0.00, 0.00, 0.00, 0.00
8094,  0,  269.767,  0.98,  1, 0.22, 0.00, 1.50, 0.07, 0.35, 2.01, 0.15, 0.42, 0.43, 0.71, 0.17, 0.65, 0.00, 0.00, 1.18, 0.00, 0.06, 0.00, 0.00, 1.00, 1.00, 0.00, 1.00, 0.00, 1.00, 0.00, 1.00, 0.00, 0.00, 0.00, 1.00, 1.00, 0.00, 0.00, 0.00
8095,  0,  269.800,  0.98,  1, 0.22, 0.00, 1.56, 0.18, 0.47, 2.04, 0.22, 0.60, 0.58, 0.93, 0.16, 0.53, 0.00, 0.00, 1.36, 0.02, 0.02, 0.00, 0.00, 1.00, 1.00, 0.00, 1.00, 0.00, 1.00, 0.00, 1.00, 0.00, 0.00, 0.00, 1.00, 1.00, 0.00, 0.00, 0.00
8096,  0,  269.833,  0.98,  1, 0.19, 0.00, 1.50, 0.16, 0.60, 2.17, 0.29, 0.68, 0.72, 1.06, 0.19, 0.42, 0.00, 0.00, 1.60, 0.04, 0.03, 0.00, 0.00, 1.00, 1.00, 0.00, 1.00, 0.00, 1.00, 1.00, 1.00, 0.00, 0.00, 0.00, 1.00, 1.00, 0.00, 0.00, 0.00
8097,  0,  269.867,  0.98,  1, 0.11, 0.00, 1.45, 0.35, 0.70, 2.12, 0.25, 0.73, 0.88, 1.16, 0.21, 0.30, 0.00, 0.00, 1.90, 0.13, 0.15, 0.00, 0.00, 1.00, 1.00, 0.00, 1.00, 0.00, 1.00, 1.00, 1.00, 0.00, 0.00, 0.00, 1.00, 1.00, 1.00, 0.00, 0.00
8098,  0,  269.900,  0.98,  1, 0.08, 0.00, 1.46, 0.32, 0.86, 2.15, 0.26, 0.84, 1.06, 1.25, 0.19, 0.23, 0.00, 0.00, 2.14, 0.50, 0.15, 0.00, 0.00, 1.00, 1.00, 1.00, 1.00, 0.00, 1.00, 1.00, 1.00, 0.00, 0.00, 0.00, 1.00, 1.00, 1.00, 0.00, 0.00
8099,  0,  269.933,  0.98,  1, 0.04, 0.00, 1.53, 0.48, 1.07, 2.25, 0.25, 0.97, 1.17, 1.45, 0.09, 0.22, 0.00, 0.00, 2.31, 0.85, 0.13, 0.00, 0.00, 1.00, 1.00, 1.00, 1.00, 0.00, 1.00, 1.00, 1.00, 0.00, 0.00, 0.00, 1.00, 1.00, 1.00, 0.00, 0.00
8100,  0,  269.967,  0.98,  1, 0.03, 0.00, 1.53, 0.44, 1.25, 2.34, 0.19, 0.97, 1.22, 1.49, 0.00, 0.21, 0.00, 0.00, 2.38, 1.12, 0.00, 0.00, 0.00, 1.00, 1.00, 1.00, 1.00, 0.00, 1.00, 1.00, 1.00, 0.00, 0.00, 0.00, 1.00, 1.00, 1.00, 0.00, 0.00
8101,  0,  270.000,  0.98,  1, 0.02, 0.00, 1.51, 0.38, 1.31, 2.39, 0.13, 0.97, 1.24, 1.58, 0.00, 0.17, 0.00, 0.00, 2.33, 1.02, 0.09, 0.00, 0.00, 1.00, 1.00, 1.00, 1.00, 0.00, 1.00, 1.00, 1.00, 0.00, 0.00, 0.00, 1.00, 1.00, 1.00, 0.00, 0.00
8102,  0,  270.033,  0.98,  1, 0.01, 0.00, 1.47, 0.29, 1.28, 2.30, 0.03, 0.89, 1.22, 1.66, 0.00, 0.13, 0.00, 0.00, 2.26, 1.02, 0.13, 0.00, 0.00, 1.00, 1.00, 1.00, 1.00, 0.00, 1.00, 1.00, 1.00, 0.00, 0.00, 0.00, 1.00, 1.00, 1.00, 0.00, 0.00
8103,  0,  270.067,  0.98,  1, 0.01, 0.00, 1.49, 0.18, 1.24, 2.31, 0.01, 0.95, 1.24, 1.83, 0.00, 0.14, 0.00, 0.00, 2.19, 0.98, 0.16, 0.00, 0.00, 1.00, 1.00, 1.00, 1.00, 0.00, 1.00, 1.00, 1.00, 0.00, 0.00, 0.00, 1.00, 1.00, 1.00, 0.00, 0.00
8104,  0,  270.100,  0.98,  1, 0.00, 0.00, 1.47, 0.16, 1.26, 2.41, 0.00, 0.90, 1.28, 1.95, 0.00, 0.29, 0.00, 0.00, 2.25, 0.99, 0.07, 0.00, 0.00, 1.00, 1.00, 1.00, 1.00, 0.00, 1.00, 1.00, 1.00, 0.00, 0.00, 0.00, 1.00, 1.00, 1.00, 0.00, 0.00
8105,  0,  270.133,  0.98,  1, 0.00, 0.00, 1.48, 0.06, 1.29, 2.58, 0.00, 0.88, 1.33, 1.94, 0.00, 0.38, 0.00, 0.00, 2.22, 0.94, 0.03, 0.00, 0.00, 1.00, 1.00, 1.00, 1.00, 0.00, 1.00, 1.00, 1.00, 0.00, 0.00, 0.00, 1.00, 1.00, 1.00, 0.00, 0.00
8106,  0,  270.167,  0.98,  1, 0.00, 0.00, 1.41, 0.00, 1.34, 2.69, 0.00, 0.87, 1.40, 1.97, 0.00, 0.47, 0.00, 0.00, 2.21, 0.97, 0.00, 0.00, 0.00, 1.00, 1.00, 1.00, 1.00, 0.00, 1.00, 1.00, 1.00, 0.00, 0.00, 0.00, 1.00, 1.00, 1.00, 0.00, 0.00
8107,  0,  270.200,  0.98,  1, 0.00, 0.00, 1.38, 0.00, 1.30, 2.81, 0.00, 0.92, 1.42, 2.02, 0.00, 0.35, 0.00, 0.00, 2.13, 0.92, 0.00, 0.00, 0.00, 1.00, 1.00, 1.00, 1.00, 0.00, 1.00, 1.00, 1.00, 0.00, 0.00, 0.00, 1.00, 1.00, 1.00, 0.00, 0.00
8108,  0,  270.233,  0.98,  1, 0.00, 0.00, 1.37, 0.00, 1.30, 2.79, 0.00, 1.02, 1.45, 2.10, 0.00, 0.22, 0.00, 0.00, 2.13, 0.92, 0.00, 0.00, 0.00, 1.00, 1.00, 1.00, 1.00, 0.00, 1.00, 1.00, 1.00, 0.00, 0.00, 0.00, 1.00, 1.00, 1.00, 0.00, 0.00
8109,  0,  270.267,  0.98,  1, 0.00, 0.00, 1.35, 0.07, 1.28, 2.74, 0.00, 1.04, 1.44, 2.18, 0.00, 0.17, 0.00, 0.00, 2.08, 0.90, 0.00, 0.00, 0.00, 1.00, 1.00, 1.00, 1.00, 0.00, 1.00, 1.00, 1.00, 0.00, 0.00, 0.00, 1.00, 1.00, 1.00, 0.00, 0.00
8110,  0,  270.300,  0.98,  1, 0.00, 0.00, 1.44, 0.07, 1.35, 2.64, 0.00, 1.09, 1.42, 2.20, 0.00, 0.18, 0.00, 0.00, 1.97, 0.99, 0.00, 0.00, 0.00, 1.00, 1.00, 1.00, 1.00, 0.00, 1.00, 1.00, 1.00, 0.00, 0.00, 0.00, 1.00, 1.00, 1.00, 0.00, 0.00
8111,  0,  270.333,  0.98,  1, 0.00, 0.00, 1.43, 0.07, 1.41, 2.77, 0.00, 1.03, 1.46, 2.20, 0.00, 0.25, 0.00, 0.00, 1.88, 1.01, 0.00, 0.00, 0.00, 1.00, 1.00, 1.00, 1.00, 0.00, 1.00, 1.00, 1.00, 0.00, 0.00, 0.00, 1.00, 1.00, 1.00, 0.00, 0.00
8112,  0,  270.367,  0.98,  1, 0.00, 0.00, 1.54, 0.00, 1.45, 2.78, 0.11, 1.02, 1.44, 2.22, 0.00, 0.15, 0.00, 0.00, 1.84, 1.05, 0.00, 0.00, 0.00, 1.00, 1.00, 1.00, 1.00, 0.00, 1.00, 1.00, 1.00, 0.00, 0.00, 0.00, 1.00, 1.00, 1.00, 0.00, 0.00
8113,  0,  270.400,  0.98,  1, 0.00, 0.00, 1.55, 0.00, 1.46, 2.86, 0.25, 1.01, 1.42, 2.29, 0.00, 0.10, 0.00, 0.00, 1.82, 1.06, 0.00, 0.00, 0.00, 1.00, 1.00, 1.00, 1.00, 0.00, 1.00, 1.00, 1.00, 0.00, 0.00, 0.00, 1.00, 1.00, 1.00, 0.00, 0.00
8114,  0,  270.433,  0.98,  1, 0.00, 0.00, 1.57, 0.00, 1.44, 2.68, 0.35, 1.07, 1.42, 2.43, 0.00, 0.05, 0.00, 0.00, 1.79, 1.02, 0.00, 0.00, 0.00, 1.00, 1.00, 1.00, 1.00, 0.00, 1.00, 1.00, 1.00, 0.00, 0.00, 0.00, 1.00, 1.00, 1.00, 0.00, 0.00
8115,  0,  270.467,  0.98,  1, 0.00, 0.00, 1.55, 0.00, 1.42, 2.68, 0.37, 1.10, 1.48, 2.50, 0.00, 0.08, 0.00, 0.00, 1.80, 0.99, 0.00, 0.00, 0.00, 1.00, 1.00, 1.00, 1.00, 0.00, 1.00, 1.00, 1.00, 0.00, 0.00, 0.00, 1.00, 1.00, 1.00, 0.00, 0.00
8116,  0,  270.500,  0.98,  1, 0.00, 0.00, 1.51, 0.00, 1.38, 2.60, 0.37, 1.10, 1.50, 2.53, 0.00, 0.06, 0.00, 0.00, 1.85, 0.95, 0.00, 0.00, 0.00, 1.00, 1.00, 1.00, 1.00, 0.00, 1.00, 1.00, 1.00, 0.00, 0.00, 0.00, 1.00, 1.00, 1.00, 0.00, 0.00
8117,  0,  270.533,  0.98,  1, 0.00, 0.00, 1.54, 0.00, 1.37, 2.61, 0.43, 1.08, 1.48, 2.57, 0.00, 0.04, 0.00, 0.00, 1.85, 1.02, 0.00, 0.00, 0.00, 1.00, 1.00, 1.00, 1.00, 0.00, 1.00, 1.00, 1.00, 0.00, 0.00, 0.00, 1.00, 1.00, 1.00, 0.00, 0.00
8118,  0,  270.567,  0.98,  1, 0.00, 0.00, 1.49, 0.00, 1.42, 2.61, 0.44, 1.09, 1.46, 2.69, 0.00, 0.03, 0.00, 0.00, 1.81, 1.02, 0.00, 0.00, 0.00, 1.00, 1.00, 1.00, 1.00, 0.00, 1.00, 1.00, 1.00, 0.00, 0.00, 0.00, 1.00, 1.00, 1.00, 0.00, 0.00
8119,  0,  270.600,  0.98,  1, 0.00, 0.01, 1.48, 0.00, 1.45, 2.63, 0.43, 1.10, 1.46, 2.76, 0.00, 0.07, 0.00, 0.00, 1.77, 1.05, 0.00, 0.00, 0.00, 1.00, 1.00, 1.00, 1.00, 0.00, 1.00, 1.00, 1.00, 0.00, 0.00, 0.00, 1.00, 1.00, 1.00, 0.00, 0.00
8120,  0,  270.633,  0.98,  1, 0.00, 0.01, 1.40, 0.02, 1.46, 2.71, 0.38, 1.07, 1.48, 2.73, 0.00, 0.07, 0.05, 0.00, 1.74, 0.99, 0.00, 0.00, 0.00, 1.00, 1.00, 1.00, 1.00, 0.00, 1.00, 1.00, 1.00, 0.00, 0.00, 0.00, 1.00, 1.00, 1.00, 0.00, 0.00
8121,  0,  270.667,  0.98,  1, 0.00, 0.01, 1.44, 0.02, 1.43, 2.68, 0.30, 1.07, 1.49, 2.61, 0.00, 0.06, 0.14, 0.00, 1.72, 0.98, 0.00, 0.00, 0.00, 1.00, 1.00, 1.00, 1.00, 0.00, 1.00, 1.00, 1.00, 0.00, 0.00, 0.00, 1.00, 1.00, 1.00, 0.00, 0.00
8122,  0,  270.700,  0.98,  1, 0.00, 0.00, 1.47, 0.02, 1.47, 2.77, 0.24, 1.06, 1.53, 2.37, 0.00, 0.02, 0.14, 0.00, 1.71, 0.95, 0.00, 0.00, 0.00, 1.00, 1.00, 1.00, 1.00, 0.00, 1.00, 1.00, 1.00, 0.00, 0.00, 0.00, 1.00, 1.00, 1.00, 0.00, 0.00
8123,  0,  270.733,  0.98,  1, 0.00, 0.00, 1.56, 0.10, 1.52, 2.88, 0.20, 1.09, 1.54, 2.19, 0.00, 0.02, 0.09, 0.00, 1.72, 0.93, 0.00, 0.00, 0.00, 1.00, 1.00, 1.00, 1.00, 0.00, 1.00, 1.00, 1.00, 0.00, 0.00, 0.00, 1.00, 1.00, 1.00, 0.00, 0.00
8124,  0,  270.767,  0.98,  1, 0.00, 0.00, 1.60, 0.16, 1.53, 2.98, 0.20, 1.03, 1.53, 1.92, 0.00, 0.09, 0.00, 0.00, 1.73, 0.90, 0.00, 0.00, 0.00, 1.00, 1.00, 1.00, 1.00, 0.00, 1.00, 1.00, 1.00, 0.00, 0.00, 0.00, 1.00, 1.00, 1.00, 0.00, 0.00
8125,  0,  270.800,  0.98,  1, 0.00, 0.00, 1.56, 0.19, 1.45, 2.96, 0.16, 1.04, 1.54, 1.87, 0.00, 0.20, 0.00, 0.00, 1.65, 0.88, 0.00, 0.00, 0.00, 1.00, 1.00, 1.00, 1.00, 0.00, 1.00, 1.00, 1.00, 0.00, 0.00, 0.00, 1.00, 1.00, 1.00, 0.00, 0.00
8126,  0,  270.833,  0.98,  1, 0.00, 0.00, 1.62, 0.10, 1.42, 2.81, 0.22, 1.08, 1.53, 1.88, 0.00, 0.33, 0.00, 0.00, 1.57, 0.84, 0.04, 0.00, 0.00, 1.00, 1.00, 1.00, 1.00, 0.00, 1.00, 1.00, 1.00, 0.00, 0.00, 0.00, 1.00, 1.00, 0.00, 0.00, 0.00
8127,  0,  270.867,  0.98,  1, 0.00, 0.00, 1.60, 0.04, 1.42, 2.72, 0.21, 1.18, 1.56, 2.08, 0.00, 0.38, 0.00, 0.00, 1.52, 0.80, 0.05, 0.00, 0.00, 1.00, 1.00, 1.00, 1.00, 0.00, 1.00, 1.00, 1.00, 0.00, 0.00, 0.00, 1.00, 1.00, 0.00, 0.00, 0.00
8128,  0,  270.900,  0.98,  1, 0.00, 0.00, 1.63, 0.00, 1.43, 2.56, 0.21, 1.20, 1.56, 2.19, 0.00, 0.40, 0.00, 0.00, 1.52, 0.74, 0.07, 0.00, 0.00, 1.00, 1.00, 1.00, 1.00, 0.00, 1.00, 1.00, 1.00, 0.00, 0.00, 0.00, 1.00, 1.00, 0.00, 0.00, 0.00
8129,  0,  270.933,  0.98,  1, 0.00, 0.00, 1.56, 0.00, 1.40, 2.39, 0.09, 1.16, 1.58, 2.24, 0.00, 0.41, 0.00, 0.00, 1.59, 0.80, 0.03, 0.00, 0.00, 1.00, 1.00, 1.00, 1.00, 0.00, 1.00, 1.00, 1.00, 0.00, 0.00, 0.00, 1.00, 1.00, 0.00, 0.00, 0.00
8130,  0,  270.967,  0.98,  1, 0.00, 0.00, 1.57, 0.00, 1.39, 2.31, 0.03, 1.15, 1.61, 2.21, 0.00, 0.39, 0.00, 0.00, 1.60, 0.80, 0.02, 0.00, 0.00, 1.00, 1.00, 1.00, 1.00, 0.00, 1.00, 1.00, 1.00, 0.00, 0.00, 0.00, 1.00, 1.00, 0.00, 0.00, 0.00
8131,  0,  271.000,  0.98,  1, 0.00, 0.00, 1.59, 0.00, 1.41, 2.32, 0.02, 1.15, 1.61, 2.19, 0.00, 0.34, 0.00, 0.00, 1.64, 0.82, 0.05, 0.00, 0.00, 1.00, 1.00, 1.00, 1.00, 0.00, 1.00, 1.00, 1.00, 0.00, 0.00, 0.00, 1.00, 1.00, 0.00, 0.00, 0.00
8132,  0,  271.033,  0.98,  1, 0.00, 0.00, 1.64, 0.00, 1.40, 2.44, 0.06, 1.19, 1.58, 2.16, 0.00, 0.30, 0.00, 0.00, 1.59, 0.82, 0.06, 0.00, 0.00, 1.00, 1.00, 1.00, 1.00, 0.00, 1.00, 1.00, 1.00, 0.00, 0.00, 0.00, 1.00, 1.00, 0.00, 0.00, 0.00
8133,  0,  271.067,  0.98,  1, 0.00, 0.00, 1.64, 0.00, 1.36, 2.55, 0.12, 1.22, 1.54, 2.18, 0.00, 0.29, 0.00, 0.00, 1.59, 0.87, 0.06, 0.00, 0.00, 1.00, 1.00, 1.00, 1.00, 0.00, 1.00, 1.00, 1.00, 0.00, 0.00, 0.00, 1.00, 1.00, 0.00, 0.00, 0.00
8134,  0,  271.100,  0.98,  1, 0.00, 0.00, 1.62, 0.00, 1.45, 2.48, 0.19, 1.36, 1.56, 2.20, 0.00, 0.25, 0.00, 0.00, 1.63, 0.92, 0.08, 0.00, 0.00, 1.00, 1.00, 1.00, 1.00, 0.00, 1.00, 1.00, 1.00, 0.00, 0.00, 0.00, 1.00, 1.00, 0.00, 0.00, 0.00
8135,  0,  271.133,  0.98,  1, 0.00, 0.00, 1.53, 0.00, 1.54, 2.44, 0.23, 1.42, 1.59, 2.23, 0.00, 0.15, 0.00, 0.00, 1.75, 0.90, 0.17, 0.00, 0.00, 1.00, 1.00, 1.00, 1.00, 0.00, 1.00, 1.00, 1.00, 0.00, 0.00, 0.00, 1.00, 1.00, 0.00, 0.00, 0.00
8136,  0,  271.167,  0.98,  1, 0.00, 0.00, 1.49, 0.00, 1.64, 2.40, 0.20, 1.51, 1.67, 2.32, 0.00, 0.23, 0.00, 0.00, 1.80, 0.83, 0.38, 0.00, 0.00, 1.00, 1.00, 1.00, 1.00, 0.00, 1.00, 1.00, 1.00, 0.00, 0.00, 0.00, 1.00, 1.00, 0.00, 0.00, 0.00
8137,  0,  271.200,  0.98,  1, 0.00, 0.00, 1.40, 0.01, 1.64, 2.54, 0.15, 1.47, 1.70, 2.44, 0.00, 0.36, 0.00, 0.00, 1.77, 0.81, 0.38, 0.00, 0.00, 1.00, 1.00, 1.00, 1.00, 0.00, 1.00, 1.00, 1.00, 0.00, 0.00, 0.00, 1.00, 1.00, 0.00, 0.00, 0.00
8138,  0,  271.233,  0.98,  1, 0.00, 0.00, 1.34, 0.01, 1.67, 2.65, 0.13, 1.42, 1.69, 2.57, 0.00, 0.49, 0.00, 0.00, 1.69, 0.79, 0.31, 0.00, 0.00, 1.00, 1.00, 1.00, 1.00, 0.00, 1.00, 1.00, 1.00, 0.00, 0.00, 0.00, 1.00, 1.00, 0.00, 0.00, 0.00
8139,  0,  271.267,  0.98,  1, 0.00, 0.00, 1.38, 0.01, 1.71, 2.78, 0.18, 1.33, 1.62, 2.58, 0.00, 0.46, 0.00, 0.00, 1.63, 0.85, 0.11, 0.00, 0.00, 1.00, 1.00, 1.00, 1.00, 0.00, 1.00, 1.00, 1.00, 0.00, 0.00, 0.00, 1.00, 1.00, 0.00, 0.00, 0.00
8140,  0,  271.300,  0.98,  1, 0.00, 0.00, 1.42, 0.00, 1.70, 2.79, 0.20, 1.26, 1.59, 2.56, 0.00, 0.39, 0.00, 0.00, 1.61, 0.77, 0.09, 0.00, 0.00, 1.00, 1.00, 1.00, 1.00, 0.00, 1.00, 1.00, 1.00, 0.00, 0.00, 0.00, 1.00, 1.00, 0.00, 0.00, 0.00
8141,  0,  271.333,  0.98,  1, 0.00, 0.00, 1.49, 0.01, 1.68, 2.80, 0.21, 1.26, 1.59, 2.57, 0.00, 0.36, 0.00, 0.00, 1.60, 0.79, 0.09, 0.00, 0.00, 1.00, 1.00, 1.00, 1.00, 0.00, 1.00, 1.00, 1.00, 0.00, 0.00, 0.00, 1.00, 1.00, 0.00, 0.00, 0.00
8142,  0,  271.367,  0.98,  1, 0.00, 0.00, 1.39, 0.04, 1.65, 2.73, 0.18, 1.26, 1.60, 2.57, 0.00, 0.29, 0.00, 0.00, 1.62, 0.77, 0.21, 0.00, 0.00, 1.00, 1.00, 1.00, 1.00, 0.00, 1.00, 1.00, 1.00, 0.00, 0.00, 0.00, 1.00, 1.00, 0.00, 0.00, 0.00
8143,  0,  271.400,  0.98,  1, 0.00, 0.00, 1.42, 0.08, 1.66, 2.71, 0.18, 1.25, 1.61, 2.54, 0.00, 0.24, 0.00, 0.00, 1.59, 0.79, 0.32, 0.00, 0.00, 1.00, 1.00, 1.00, 1.00, 0.00, 1.00, 1.00, 1.00, 0.00, 0.00, 0.00, 1.00, 1.00, 0.00, 0.00, 0.00
8144,  0,  271.433,  0.98,  1, 0.00, 0.00, 1.40, 0.07, 1.61, 2.63, 0.14, 1.21, 1.62, 2.46, 0.00, 0.23, 0.00, 0.00, 1.57, 0.78, 0.38, 0.00, 0.00, 1.00, 1.00, 1.00, 1.00, 0.00, 1.00, 1.00, 1.00, 0.00, 0.00, 0.00, 1.00, 1.00, 0.00, 0.00, 0.00
8145,  0,  271.467,  0.98,  1, 0.00, 0.00, 1.45, 0.10, 1.53, 2.63, 0.13, 1.19, 1.58, 2.36, 0.00, 0.26, 0.00, 0.00, 1.51, 0.74, 0.37, 0.00, 0.00, 1.00, 1.00, 1.00, 1.00, 0.00, 1.00, 1.00, 1.00, 0.00, 0.00, 0.00, 1.00, 1.00, 0.00, 0.00, 0.00
8146,  0,  271.500,  0.98,  1, 0.00, 0.00, 1.51, 0.06, 1.50, 2.62, 0.07, 1.26, 1.59, 2.40, 0.00, 0.23, 0.00, 0.00, 1.54, 0.72, 0.31, 0.00, 0.00, 1.00, 1.00, 1.00, 1.00, 0.00, 1.00, 1.00, 1.00, 0.00, 0.00, 0.00, 1.00, 1.00, 0.00, 0.00, 0.00
8147,  0,  271.533,  0.98,  1, 0.00, 0.00, 1.61, 0.10, 1.49, 2.63, 0.04, 1.34, 1.61, 2.47, 0.00, 0.16, 0.00, 0.00, 1.62, 0.69, 0.34, 0.00, 0.00, 1.00, 1.00, 1.00, 1.00, 0.00, 1.00, 1.00, 1.00, 0.00, 0.00, 0.00, 1.00, 1.00, 0.00, 0.00, 0.00
8148,  0,  271.567,  0.98,  1, 0.00, 0.00, 1.69, 0.04, 1.50, 2.46, 0.00, 1.34, 1.61, 2.48, 0.03, 0.08, 0.00, 0.00, 1.72, 0.68, 0.36, 0.00, 0.00, 1.00, 1.00, 1.00, 1.00, 0.00, 1.00, 1.00, 1.00, 0.00, 0.00, 0.00, 1.00, 1.00, 0.00, 0.00, 0.00
8149,  0,  271.600,  0.98,  1, 0.00, 0.00, 1.65, 0.04, 1.46, 2.37, 0.00, 1.25, 1.57, 2.35, 0.07, 0.03, 0.00, 0.00, 1.69, 0.62, 0.43, 0.00, 0.00, 1.00, 1.00, 1.00, 1.00, 0.00, 1.00, 1.00, 1.00, 0.00, 0.00, 0.00, 1.00, 1.00, 0.00, 0.00, 0.00
8150,  0,  271.633,  0.98,  1, 0.00, 0.00, 1.56, 0.00, 1.44, 2.27, 0.00, 1.19, 1.54, 2.27, 0.08, 0.01, 0.00, 0.00, 1.62, 0.60, 0.42, 0.00, 0.00, 1.00, 1.00, 1.00, 1.00, 0.00, 1.00, 1.00, 1.00, 0.00, 0.00, 0.00, 1.00, 1.00, 0.00, 0.00, 0.00
8151,  0,  271.667,  0.98,  1, 0.00, 0.00, 1.48, 0.00, 1.42, 2.26, 0.00, 1.21, 1.58, 2.31, 0.05, 0.02, 0.00, 0.00, 1.52, 0.61, 0.44, 0.00, 0.00, 1.00, 1.00, 1.00, 1.00, 0.00, 1.00, 1.00, 1.00, 0.00, 0.00, 0.00, 1.00, 1.00, 0.00, 0.00, 0.00
8152,  0,  271.700,  0.98,  1, 0.00, 0.00, 1.51, 0.00, 1.43, 2.22, 0.00, 1.25, 1.62, 2.37, 0.02, 0.02, 0.00, 0.00, 1.49, 0.66, 0.42, 0.00, 0.00, 1.00, 1.00, 1.00, 1.00, 0.00, 1.00, 1.00, 1.00, 0.00, 0.00, 0.00, 1.00, 1.00, 0.00, 0.00, 0.00
8153,  0,  271.733,  0.98,  1, 0.00, 0.00, 1.54, 0.00, 1.41, 2.21, 0.00, 1.20, 1.63, 2.34, 0.05, 0.02, 0.00, 0.00, 1.49, 0.66, 0.41, 0.00, 0.00, 1.00, 1.00, 1.00, 1.00, 0.00, 1.00, 1.00, 1.00, 0.00, 0.00, 0.00, 1.00, 1.00, 0.00, 0.00, 0.00
8154,  0,  271.767,  0.98,  1, 0.00, 0.05, 1.50, 0.00, 1.35, 2.24, 0.00, 1.21, 1.59, 2.35, 0.06, 0.00, 0.00, 0.00, 1.53, 0.59, 0.44, 0.00, 0.00, 1.00, 1.00, 1.00, 1.00, 0.00, 1.00, 1.00, 1.00, 0.00, 0.00, 0.00, 1.00, 1.00, 0.00, 0.00, 0.00
8155,  0,  271.800,  0.98,  1, 0.00, 0.07, 1.52, 0.00, 1.28, 2.36, 0.02, 1.21, 1.53, 2.32, 0.05, 0.00, 0.00, 0.00, 1.59, 0.56, 0.56, 0.00, 0.00, 1.00, 1.00, 1.00, 1.00, 0.00, 1.00, 1.00, 1.00, 0.00, 0.00, 0.00, 1.00, 1.00, 0.00, 0.00, 0.00
8156,  0,  271.833,  0.98,  1, 0.00, 0.07, 1.52, 0.00, 1.24, 2.52, 0.02, 1.26, 1.52, 2.36, 0.03, 0.00, 0.00, 0.00, 1.62, 0.55, 0.72, 0.00, 0.00, 1.00, 1.00, 1.00, 1.00, 0.00, 1.00, 1.00, 1.00, 0.00, 0.00, 0.00, 1.00, 1.00, 0.00, 0.00, 0.00
8157,  0,  271.867,  0.98,  1, 0.00, 0.02, 1.59, 0.00, 1.25, 2.68, 0.02, 1.25, 1.53, 2.33, 0.03, 0.00, 0.00, 0.00, 1.62, 0.61, 0.84, 0.00, 0.00, 1.00, 1.00, 1.00, 1.00, 0.00, 1.00, 1.00, 1.00, 0.00, 0.00, 0.00, 1.00, 1.00, 0.00, 0.00, 0.00
8158,  0,  271.900,  0.98,  1, 0.00, 0.00, 1.54, 0.02, 1.30, 2.71, 0.02, 1.22, 1.60, 2.39, 0.05, 0.00, 0.00, 0.00, 1.61, 0.63, 0.61, 0.00, 0.00, 1.00, 1.00, 1.00, 1.00, 0.00, 1.00, 1.00, 1.00, 0.00, 0.00, 0.00, 1.00, 1.00, 0.00, 0.00, 0.00
8159,  0,  271.933,  0.98,  1, 0.00, 0.00, 1.56, 0.02, 1.40, 2.79, 0.08, 1.17, 1.65, 2.40, 0.04, 0.05, 0.00, 0.00, 1.63, 0.68, 0.38, 0.00, 0.00, 1.00, 1.00, 1.00, 1.00, 0.00, 1.00, 1.00, 1.00, 0.00, 0.00, 0.00, 1.00, 1.00, 0.00, 0.00, 0.00
8160,  0,  271.967,  0.98,  1, 0.00, 0.00, 1.60, 0.02, 1.47, 2.70, 0.24, 1.16, 1.61, 2.32, 0.02, 0.07, 0.00, 0.00, 1.64, 0.63, 0.19, 0.00, 0.00, 1.00, 1.00, 1.00, 1.00, 0.00, 1.00, 1.00, 1.00, 0.00, 0.00, 0.00, 1.00, 1.00, 0.00, 0.00, 0.00
8161,  0,  272.000,  0.98,  1, 0.00, 0.00, 1.67, 0.01, 1.50, 2.77, 0.36, 1.18, 1.56, 2.25, 0.00, 0.09, 0.00, 0.00, 1.63, 0.64, 0.26, 0.00, 0.00, 1.00, 1.00, 1.00, 1.00, 0.00, 1.00, 1.00, 1.00, 0.00, 0.00, 0.00, 1.00, 1.00, 0.00, 0.00, 0.00
8162,  0,  272.033,  0.98,  1, 0.00, 0.06, 1.71, 0.01, 1.51, 2.76, 0.44, 1.21, 1.52, 2.17, 0.00, 0.06, 0.00, 0.00, 1.64, 0.64, 0.28, 0.00, 0.00, 1.00, 1.00, 1.00, 1.00, 0.00, 1.00, 1.00, 1.00, 0.00, 0.00, 0.00, 1.00, 1.00, 0.00, 0.00, 0.00
8163,  0,  272.067,  0.98,  1, 0.00, 0.13, 1.66, 0.01, 1.50, 2.99, 0.39, 1.19, 1.57, 2.19, 0.00, 0.04, 0.00, 0.00, 1.66, 0.73, 0.17, 0.00, 0.00, 1.00, 1.00, 1.00, 1.00, 0.00, 1.00, 1.00, 1.00, 0.00, 0.00, 0.00, 1.00, 1.00, 0.00, 0.00, 0.00
8164,  0,  272.100,  0.98,  1, 0.00, 0.16, 1.63, 0.00, 1.47, 3.08, 0.36, 1.11, 1.55, 2.14, 0.00, 0.02, 0.00, 0.00, 1.67, 0.74, 0.06, 0.00, 0.00, 1.00, 1.00, 1.00, 1.00, 0.00, 1.00, 1.00, 1.00, 0.00, 0.00, 0.00, 1.00, 1.00, 0.00, 0.00, 0.00
8165,  0,  272.133,  0.98,  1, 0.00, 0.09, 1.57, 0.00, 1.45, 2.97, 0.30, 1.08, 1.51, 2.13, 0.00, 0.02, 0.00, 0.00, 1.64, 0.76, 0.00, 0.00, 0.00, 1.00, 1.00, 1.00, 1.00, 0.00, 1.00, 1.00, 1.00, 0.00, 0.00, 0.00, 1.00, 1.00, 0.00, 0.00, 0.00
8166,  0,  272.167,  0.98,  1, 0.00, 0.03, 1.49, 0.00, 1.43, 2.75, 0.24, 1.09, 1.47, 2.10, 0.00, 0.03, 0.00, 0.00, 1.60, 0.75, 0.03, 0.00, 0.00, 1.00, 1.00, 1.00, 1.00, 0.00, 1.00, 1.00, 1.00, 0.00, 0.00, 0.00, 1.00, 1.00, 0.00, 0.00, 0.00
8167,  0,  272.200,  0.98,  1, 0.00, 0.00, 1.45, 0.00, 1.42, 2.59, 0.17, 1.12, 1.47, 2.06, 0.00, 0.04, 0.00, 0.00, 1.58, 0.77, 0.03, 0.00, 0.00, 1.00, 1.00, 1.00, 1.00, 0.00, 1.00, 1.00, 1.00, 0.00, 0.00, 0.00, 1.00, 1.00, 0.00, 0.00, 0.00
8168,  0,  272.233,  0.98,  1, 0.00, 0.06, 1.43, 0.00, 1.41, 2.63, 0.19, 1.15, 1.48, 2.05, 0.00, 0.02, 0.00, 0.00, 1.57, 0.73, 0.02, 0.00, 0.00, 1.00, 1.00, 1.00, 1.00, 0.00, 1.00, 1.00, 1.00, 0.00, 0.00, 0.00, 1.00, 1.00, 0.00, 0.00, 0.00
8169,  0,  272.267,  0.98,  1, 0.00, 0.13, 1.44, 0.00, 1.42, 2.73, 0.20, 1.21, 1.50, 2.04, 0.00, 0.01, 0.00, 0.00, 1.63, 0.68, 0.00, 0.00, 0.00, 1.00, 1.00, 1.00, 1.00, 0.00, 1.00, 1.00, 1.00, 0.00, 0.00, 0.00, 1.00, 1.00, 0.00, 0.00, 0.00
8170,  0,  272.300,  0.98,  1, 0.00, 0.13, 1.47, 0.00, 1.41, 2.67, 0.22, 1.16, 1.56, 2.14, 0.00, 0.06, 0.00, 0.00, 1.66, 0.72, 0.00, 0.00, 0.00, 1.00, 1.00, 1.00, 1.00, 0.00, 1.00, 1.00, 1.00, 0.00, 0.00, 0.00, 1.00, 1.00, 0.00, 0.00, 0.00
8171,  0,  272.333,  0.98,  1, 0.00, 0.07, 1.44, 0.00, 1.39, 2.56, 0.17, 1.04, 1.62, 2.23, 0.00, 0.10, 0.00, 0.00, 1.68, 0.72, 0.00, 0.00, 0.00, 1.00, 1.00, 1.00, 1.00, 0.00, 1.00, 1.00, 1.00, 0.00, 0.00, 0.00, 1.00, 1.00, 0.00, 0.00, 0.00
8172,  0,  272.367,  0.98,  1, 0.00, 0.00, 1.48, 0.00, 1.38, 2.50, 0.24, 0.91, 1.58, 2.24, 0.00, 0.14, 0.00, 0.00, 1.66, 0.71, 0.00, 0.00, 0.00, 1.00, 1.00, 1.00, 1.00, 0.00, 1.00, 1.00, 1.00, 0.00, 0.00, 0.00, 1.00, 1.00, 0.00, 0.00, 0.00
8173,  0,  272.400,  0.98,  1, 0.00, 0.00, 1.44, 0.00, 1.38, 2.40, 0.32, 0.89, 1.50, 2.14, 0.00, 0.16, 0.00, 0.00, 1.62, 0.59, 0.00, 0.00, 0.00, 1.00, 1.00, 1.00, 1.00, 0.00, 1.00, 1.00, 1.00, 0.00, 0.00, 0.00, 1.00, 1.00, 0.00, 0.00, 0.00
8174,  0,  272.433,  0.98,  1, 0.00, 0.03, 1.48, 0.00, 1.39, 2.43, 0.44, 1.01, 1.47, 2.10, 0.01, 0.19, 0.00, 0.00, 1.55, 0.57, 0.01, 0.00, 0.00, 1.00, 1.00, 1.00, 1.00, 0.00, 1.00, 1.00, 1.00, 0.00, 0.00, 0.00, 1.00, 1.00, 0.00, 0.00, 0.00
8175,  0,  272.467,  0.98,  1, 0.00, 0.03, 1.52, 0.00, 1.36, 2.31, 0.42, 1.11, 1.56, 2.20, 0.01, 0.19, 0.00, 0.00, 1.49, 0.51, 0.16, 0.00, 0.00, 1.00, 1.00, 1.00, 1.00, 0.00, 1.00, 1.00, 1.00, 0.00, 0.00, 0.00, 1.00, 1.00, 0.00, 0.00, 0.00
8176,  0,  272.500,  0.98,  1, 0.00, 0.06, 1.59, 0.00, 1.32, 2.31, 0.35, 1.13, 1.60, 2.26, 0.01, 0.16, 0.00, 0.00, 1.48, 0.57, 0.38, 0.00, 0.00, 1.00, 1.00, 1.00, 1.00, 0.00, 1.00, 1.00, 1.00, 0.00, 0.00, 0.00, 1.00, 1.00, 0.00, 0.00, 0.00
8177,  0,  272.533,  0.98,  1, 0.00, 0.06, 1.63, 0.00, 1.26, 2.19, 0.28, 1.07, 1.59, 2.20, 0.00, 0.13, 0.00, 0.00, 1.52, 0.61, 0.66, 0.00, 0.00, 1.00, 1.00, 1.00, 1.00, 0.00, 1.00, 1.00, 1.00, 0.00, 0.00, 0.00, 1.00, 1.00, 0.00, 0.00, 0.00
8178,  0,  272.567,  0.98,  1, 0.00, 0.14, 1.66, 0.00, 1.26, 2.19, 0.26, 1.04, 1.56, 2.14, 0.00, 0.07, 0.00, 0.00, 1.59, 0.70, 0.79, 0.00, 0.00, 1.00, 1.00, 1.00, 1.00, 0.00, 1.00, 1.00, 1.00, 0.00, 0.00, 0.00, 1.00, 1.00, 0.00, 0.00, 0.00
8179,  0,  272.600,  0.98,  1, 0.00, 0.13, 1.62, 0.00, 1.26, 2.20, 0.20, 1.06, 1.59, 2.17, 0.00, 0.04, 0.00, 0.00, 1.65, 0.76, 0.79, 0.00, 0.00, 1.00, 1.00, 1.00, 1.00, 0.00, 1.00, 1.00, 1.00, 0.00, 0.00, 0.00, 1.00, 1.00, 0.00, 0.00, 0.00
8180,  0,  272.633,  0.98,  1, 0.00, 0.09, 1.57, 0.00, 1.23, 2.15, 0.11, 1.03, 1.63, 2.18, 0.00, 0.00, 0.00, 0.00, 1.66, 0.80, 0.69, 0.00, 0.00, 1.00, 1.00, 1.00, 1.00, 0.00, 1.00, 1.00, 1.00, 0.00, 0.00, 0.00, 1.00, 1.00, 0.00, 0.00, 0.00
8181,  0,  272.667,  0.98,  1, 0.00, 0.05, 1.47, 0.04, 1.20, 2.04, 0.02, 0.99, 1.67, 2.22, 0.00, 0.00, 0.00, 0.00, 1.63, 0.87, 0.61, 0.00, 0.00, 1.00, 1.00, 1.00, 1.00, 0.00, 1.00, 1.00, 1.00, 0.00, 0.00, 0.00, 1.00, 1.00, 0.00, 0.00, 0.00
8182,  0,  272.700,  0.98,  1, 0.00, 0.03, 1.51, 0.04, 1.21, 2.04, 0.00, 1.02, 1.67, 2.18, 0.00, 0.13, 0.00, 0.00, 1.50, 0.75, 0.50, 0.00, 0.00, 1.00, 1.00, 1.00, 1.00, 0.00, 1.00, 1.00, 1.00, 0.00, 0.00, 0.00, 1.00, 1.00, 0.00, 0.00, 0.00
8183,  0,  272.733,  0.98,  1, 0.00, 0.03, 1.58, 0.08, 1.26, 2.09, 0.00, 1.08, 1.69, 2.12, 0.02, 0.24, 0.00, 0.00, 1.44, 0.63, 0.43, 0.00, 0.00, 1.00, 1.00, 1.00, 1.00, 0.00, 1.00, 1.00, 1.00, 0.00, 0.00, 0.00, 1.00, 1.00, 0.00, 0.00, 0.00
8184,  0,  272.767,  0.98,  1, 0.00, 0.00, 1.62, 0.05, 1.30, 2.12, 0.05, 1.02, 1.66, 1.98, 0.15, 0.40, 0.00, 0.00, 1.37, 0.49, 0.32, 0.00, 0.00, 1.00, 1.00, 1.00, 1.00, 0.00, 1.00, 1.00, 1.00, 0.00, 0.00, 0.00, 1.00, 1.00, 0.00, 0.00, 0.00
8185,  0,  272.800,  0.98,  1, 0.00, 0.00, 1.59, 0.04, 1.30, 2.15, 0.11, 0.93, 1.63, 1.85, 0.17, 0.47, 0.00, 0.00, 1.34, 0.45, 0.27, 0.00, 0.00, 1.00, 1.00, 1.00, 1.00, 0.00, 1.00, 1.00, 1.00, 0.00, 0.00, 0.00, 1.00, 1.00, 0.00, 0.00, 0.00
8186,  0,  272.833,  0.98,  1, 0.00, 0.00, 1.59, 0.00, 1.30, 2.26, 0.14, 0.84, 1.56, 1.84, 0.16, 0.57, 0.00, 0.00, 1.28, 0.39, 0.21, 0.00, 0.00, 1.00, 1.00, 1.00, 1.00, 0.00, 1.00, 1.00, 1.00, 0.00, 0.00, 0.00, 1.00, 1.00, 0.00, 0.00, 0.00
8187,  0,  272.867,  0.98,  1, 0.00, 0.00, 1.54, 0.00, 1.27, 2.33, 0.15, 0.87, 1.51, 1.90, 0.02, 0.61, 0.00, 0.00, 1.17, 0.29, 0.19, 0.00, 0.00, 1.00, 1.00, 1.00, 1.00, 0.00, 1.00, 1.00, 1.00, 0.00, 0.00, 0.00, 1.00, 1.00, 0.00, 0.00, 0.00
8188,  0,  272.900,  0.98,  1, 0.00, 0.00, 1.53, 0.00, 1.29, 2.16, 0.14, 0.92, 1.49, 2.01, 0.00, 0.58, 0.00, 0.00, 1.20, 0.27, 0.27, 0.00, 0.00, 1.00, 1.00, 1.00, 1.00, 0.00, 1.00, 1.00, 1.00, 0.00, 0.00, 0.00, 1.00, 1.00, 0.00, 0.00, 0.00
8189,  0,  272.933,  0.98,  1, 0.00, 0.00, 1.62, 0.00, 1.35, 2.03, 0.13, 1.04, 1.50, 2.08, 0.04, 0.54, 0.00, 0.00, 1.28, 0.34, 0.72, 0.00, 0.00, 1.00, 1.00, 1.00, 1.00, 0.00, 1.00, 1.00, 1.00, 0.00, 0.00, 0.00, 1.00, 1.00, 0.00, 0.00, 0.00
8190,  0,  272.967,  0.98,  1, 0.00, 0.00, 1.78, 0.00, 1.38, 2.01, 0.11, 1.06, 1.51, 2.00, 0.07, 0.48, 0.00, 0.00, 1.36, 0.35, 1.49, 0.00, 0.00, 1.00, 0.00, 1.00, 1.00, 0.00, 1.00, 1.00, 1.00, 0.00, 0.00, 0.00, 1.00, 1.00, 0.00, 0.00, 1.00
8191,  0,  273.000,  0.98,  1, 0.00, 0.00, 1.89, 0.00, 1.38, 1.93, 0.06, 1.04, 1.54, 1.95, 0.11, 0.39, 0.00, 0.00, 1.42, 0.36, 2.34, 0.00, 0.00, 1.00, 0.00, 1.00, 1.00, 0.00, 1.00, 1.00, 1.00, 0.00, 0.00, 0.00, 1.00, 1.00, 0.00, 0.00, 1.00
8192,  0,  273.033,  0.98,  1, 0.00, 0.00, 1.82, 0.00, 1.32, 1.61, 0.07, 1.00, 1.53, 1.89, 0.12, 0.37, 0.00, 0.00, 1.40, 0.28, 2.82, 0.00, 0.00, 1.00, 0.00, 1.00, 1.00, 0.00, 1.00, 1.00, 1.00, 0.00, 0.00, 0.00, 1.00, 1.00, 0.00, 0.00, 1.00
8193,  0,  273.067,  0.98,  1, 0.00, 0.00, 1.76, 0.00, 1.28, 1.46, 0.07, 1.04, 1.53, 1.87, 0.18, 0.41, 0.00, 0.00, 1.36, 0.25, 2.86, 0.00, 0.00, 1.00, 0.00, 1.00, 1.00, 0.00, 1.00, 1.00, 1.00, 0.00, 0.00, 0.00, 1.00, 1.00, 0.00, 0.00, 1.00
8194,  0,  273.100,  0.98,  1, 0.00, 0.00, 1.83, 0.00, 1.34, 1.82, 0.15, 1.11, 1.50, 1.92, 0.14, 0.46, 0.00, 0.00, 1.42, 0.17, 2.42, 0.00, 0.00, 1.00, 0.00, 1.00, 1.00, 0.00, 1.00, 1.00, 1.00, 0.00, 0.00, 0.00, 1.00, 1.00, 0.00, 0.00, 1.00
8195,  0,  273.133,  0.98,  1, 0.00, 0.00, 1.92, 0.00, 1.41, 2.31, 0.21, 1.12, 1.48, 1.97, 0.09, 0.49, 0.00, 0.00, 1.47, 0.07, 1.93, 0.00, 0.00, 1.00, 0.00, 1.00, 1.00, 0.00, 1.00, 1.00, 1.00, 0.00, 0.00, 0.00, 1.00, 1.00, 0.00, 0.00, 1.00
8196,  0,  273.167,  0.98,  1, 0.00, 0.00, 1.99, 0.00, 1.44, 2.70, 0.30, 1.18, 1.44, 1.99, 0.00, 0.47, 0.00, 0.00, 1.63, 0.05, 1.36, 0.00, 0.00, 1.00, 0.00, 1.00, 1.00, 0.00, 1.00, 1.00, 1.00, 0.00, 0.00, 0.00, 1.00, 1.00, 0.00, 0.00, 1.00
8197,  0,  273.200,  0.98,  1, 0.00, 0.00, 1.93, 0.00, 1.39, 2.91, 0.36, 1.17, 1.40, 1.92, 0.00, 0.46, 0.00, 0.00, 1.59, 0.14, 1.04, 0.00, 0.00, 1.00, 0.00, 1.00, 1.00, 0.00, 1.00, 1.00, 1.00, 0.00, 0.00, 0.00, 1.00, 1.00, 0.00, 0.00, 1.00
8198,  0,  273.233,  0.98,  1, 0.00, 0.00, 1.86, 0.00, 1.29, 3.04, 0.37, 1.20, 1.39, 1.85, 0.00, 0.40, 0.00, 0.00, 1.61, 0.24, 0.82, 0.00, 0.00, 1.00, 0.00, 1.00, 1.00, 0.00, 1.00, 1.00, 1.00, 0.00, 0.00, 0.00, 1.00, 1.00, 0.00, 0.00, 1.00
8199,  0,  273.267,  0.98,  1, 0.00, 0.00, 1.78, 0.00, 1.26, 3.07, 0.35, 1.17, 1.39, 1.92, 0.00, 0.39, 0.00, 0.00, 1.56, 0.27, 0.72, 0.00, 0.00, 1.00, 1.00, 1.00, 1.00, 0.00, 1.00, 1.00, 1.00, 0.00, 0.00, 0.00, 1.00, 1.00, 0.00, 0.00, 1.00
8200,  0,  273.300,  0.98,  1, 0.00, 0.00, 1.71, 0.00, 1.26, 3.16, 0.33, 1.14, 1.38, 1.96, 0.00, 0.39, 0.00, 0.00, 1.55, 0.29, 0.51, 0.00, 0.00, 1.00, 1.00, 1.00, 1.00, 0.00, 1.00, 1.00, 1.00, 0.00, 0.00, 0.00, 1.00, 1.00, 0.00, 0.00, 1.00
8201,  0,  273.333,  0.98,  1, 0.00, 0.00, 1.69, 0.00, 1.32, 3.28, 0.33, 1.09, 1.34, 1.98, 0.00, 0.40, 0.00, 0.00, 1.47, 0.32, 0.37, 0.00, 0.00, 1.00, 1.00, 1.00, 1.00, 0.00, 1.00, 1.00, 1.00, 0.00, 0.00, 0.00, 1.00, 1.00, 0.00, 0.00, 0.00
8202,  0,  273.367,  0.98,  1, 0.00, 0.00, 1.72, 0.00, 1.32, 3.37, 0.31, 1.08, 1.30, 1.98, 0.00, 0.42, 0.00, 0.00, 1.46, 0.43, 0.19, 0.00, 0.00, 1.00, 1.00, 1.00, 1.00, 0.00, 1.00, 1.00, 1.00, 0.00, 0.00, 0.00, 1.00, 1.00, 0.00, 0.00, 0.00
8203,  0,  273.400,  0.98,  1, 0.00, 0.00, 1.73, 0.00, 1.31, 3.30, 0.32, 1.06, 1.28, 2.02, 0.00, 0.43, 0.00, 0.00, 1.46, 0.46, 0.19, 0.00, 0.00, 1.00, 1.00, 1.00, 1.00, 0.00, 1.00, 1.00, 1.00, 0.00, 0.00, 0.00, 1.00, 1.00, 0.00, 0.00, 0.00
8204,  0,  273.433,  0.98,  1, 0.00, 0.00, 1.70, 0.00, 1.25, 3.22, 0.33, 1.04, 1.26, 2.06, 0.00, 0.42, 0.00, 0.00, 1.46, 0.46, 0.06, 0.00, 0.00, 1.00, 1.00, 1.00, 1.00, 0.00, 1.00, 1.00, 1.00, 0.00, 0.00, 0.00, 1.00, 1.00, 0.00, 0.00, 0.00
8205,  0,  273.467,  0.98,  1, 0.00, 0.00, 1.69, 0.00, 1.24, 3.21, 0.35, 0.97, 1.25, 2.03, 0.00, 0.39, 0.00, 0.00, 1.45, 0.44, 0.05, 0.00, 0.00, 1.00, 1.00, 1.00, 1.00, 0.00, 1.00, 1.00, 1.00, 0.00, 0.00, 0.00, 1.00, 1.00, 0.00, 0.00, 0.00
8206,  0,  273.500,  0.98,  1, 0.00, 0.00, 1.64, 0.00, 1.26, 3.05, 0.31, 0.99, 1.32, 1.97, 0.00, 0.44, 0.00, 0.00, 1.48, 0.39, 0.02, 0.00, 0.00, 1.00, 1.00, 1.00, 1.00, 0.00, 1.00, 1.00, 1.00, 0.00, 0.00, 0.00, 1.00, 1.00, 0.00, 0.00, 0.00
8207,  0,  273.533,  0.98,  1, 0.00, 0.00, 1.59, 0.00, 1.31, 2.85, 0.27, 0.98, 1.37, 1.95, 0.00, 0.48, 0.00, 0.00, 1.55, 0.34, 0.02, 0.00, 0.00, 1.00, 1.00, 1.00, 1.00, 0.00, 1.00, 1.00, 1.00, 0.00, 0.00, 0.00, 1.00, 1.00, 0.00, 0.00, 0.00
8208,  0,  273.567,  0.98,  1, 0.00, 0.00, 1.54, 0.00, 1.30, 2.54, 0.18, 0.91, 1.45, 2.00, 0.00, 0.52, 0.00, 0.00, 1.49, 0.26, 0.12, 0.00, 0.00, 1.00, 1.00, 1.00, 1.00, 0.00, 1.00, 1.00, 1.00, 0.00, 0.00, 0.00, 1.00, 1.00, 0.00, 0.00, 0.00
8209,  0,  273.600,  0.98,  1, 0.00, 0.00, 1.48, 0.00, 1.26, 2.42, 0.16, 0.77, 1.45, 2.06, 0.00, 0.49, 0.00, 0.00, 1.41, 0.21, 0.28, 0.00, 0.00, 1.00, 1.00, 1.00, 1.00, 0.00, 1.00, 1.00, 1.00, 0.00, 0.00, 0.00, 1.00, 1.00, 0.00, 0.00, 0.00
8210,  0,  273.633,  0.98,  1, 0.00, 0.05, 1.46, 0.00, 1.22, 2.40, 0.13, 0.69, 1.46, 2.08, 0.00, 0.47, 0.00, 0.00, 1.31, 0.15, 0.36, 0.00, 0.00, 1.00, 1.00, 1.00, 1.00, 0.00, 1.00, 1.00, 1.00, 0.00, 0.00, 0.00, 1.00, 1.00, 0.00, 0.00, 0.00
8211,  0,  273.667,  0.98,  1, 0.00, 0.07, 1.46, 0.00, 1.24, 2.49, 0.19, 0.71, 1.47, 2.04, 0.00, 0.42, 0.00, 0.00, 1.37, 0.14, 0.42, 0.00, 0.00, 1.00, 1.00, 1.00, 1.00, 0.00, 1.00, 1.00, 1.00, 0.00, 0.00, 0.00, 1.00, 1.00, 0.00, 0.00, 0.00
8212,  0,  273.700,  0.98,  1, 0.00, 0.10, 1.48, 0.02, 1.26, 2.52, 0.21, 0.67, 1.46, 1.97, 0.00, 0.37, 0.00, 0.00, 1.40, 0.15, 0.35, 0.00, 0.00, 1.00, 1.00, 1.00, 1.00, 0.00, 1.00, 1.00, 1.00, 0.00, 0.00, 0.00, 1.00, 1.00, 0.00, 0.00, 0.00
8213,  0,  273.733,  0.98,  1, 0.00, 0.15, 1.50, 0.02, 1.27, 2.47, 0.20, 0.63, 1.44, 1.96, 0.00, 0.30, 0.00, 0.00, 1.49, 0.22, 0.37, 0.00, 0.00, 1.00, 1.00, 1.00, 1.00, 0.00, 1.00, 1.00, 1.00, 0.00, 0.00, 0.00, 1.00, 1.00, 0.00, 0.00, 0.00
8214,  0,  273.767,  0.98,  1, 0.00, 0.12, 1.54, 0.03, 1.23, 2.47, 0.20, 0.60, 1.43, 1.96, 0.00, 0.24, 0.00, 0.00, 1.51, 0.23, 0.32, 0.00, 0.00, 1.00, 1.00, 1.00, 1.00, 0.00, 1.00, 1.00, 1.00, 0.00, 0.00, 0.00, 1.00, 1.00, 0.00, 0.00, 0.00
8215,  0,  273.800,  0.98,  1, 0.00, 0.13, 1.58, 0.01, 1.22, 2.53, 0.19, 0.61, 1.43, 2.00, 0.00, 0.25, 0.00, 0.00, 1.53, 0.30, 0.35, 0.00, 0.00, 1.00, 1.00, 1.00, 1.00, 0.00, 1.00, 1.00, 1.00, 0.00, 0.00, 0.00, 1.00, 1.00, 0.00, 0.00, 0.00
8216,  0,  273.833,  0.98,  1, 0.00, 0.14, 1.58, 0.01, 1.20, 2.60, 0.17, 0.62, 1.40, 1.97, 0.00, 0.29, 0.00, 0.00, 1.55, 0.28, 0.25, 0.00, 0.00, 1.00, 1.00, 1.00, 1.00, 0.00, 1.00, 1.00, 1.00, 0.00, 0.00, 0.00, 1.00, 1.00, 0.00, 0.00, 0.00
8217,  0,  273.867,  0.98,  1, 0.00, 0.16, 1.57, 0.03, 1.19, 2.57, 0.12, 0.60, 1.36, 1.97, 0.00, 0.32, 0.00, 0.00, 1.57, 0.28, 0.21, 0.00, 0.00, 1.00, 1.00, 1.00, 1.00, 0.00, 1.00, 1.00, 1.00, 0.00, 0.00, 0.00, 1.00, 1.00, 0.00, 0.00, 0.00
8218,  0,  273.900,  0.98,  1, 0.00, 0.11, 1.51, 0.03, 1.12, 2.60, 0.08, 0.49, 1.31, 1.82, 0.00, 0.28, 0.00, 0.00, 1.49, 0.28, 0.09, 0.00, 0.00, 1.00, 1.00, 1.00, 1.00, 0.00, 1.00, 1.00, 1.00, 0.00, 0.00, 0.00, 1.00, 1.00, 0.00, 0.00, 0.00
8219,  0,  273.933,  0.98,  1, 0.00, 0.02, 1.53, 0.03, 1.09, 2.74, 0.14, 0.37, 1.28, 1.68, 0.00, 0.27, 0.00, 0.00, 1.41, 0.32, 0.08, 0.00, 0.00, 1.00, 1.00, 1.00, 1.00, 0.00, 1.00, 1.00, 1.00, 0.00, 0.00, 0.00, 1.00, 1.00, 0.00, 0.00, 0.00
8220,  0,  273.967,  0.98,  1, 0.00, 0.00, 1.52, 0.07, 1.09, 2.63, 0.18, 0.38, 1.29, 1.55, 0.00, 0.21, 0.00, 0.00, 1.36, 0.36, 0.04, 0.00, 0.00, 1.00, 1.00, 1.00, 1.00, 0.00, 1.00, 1.00, 1.00, 0.00, 0.00, 0.00, 1.00, 1.00, 0.00, 0.00, 0.00
8221,  0,  274.000,  0.98,  1, 0.00, 0.00, 1.56, 0.08, 1.14, 2.53, 0.20, 0.51, 1.31, 1.53, 0.00, 0.19, 0.00, 0.00, 1.41, 0.42, 0.08, 0.00, 0.00, 1.00, 1.00, 1.00, 1.00, 0.00, 1.00, 1.00, 1.00, 0.00, 0.00, 0.00, 1.00, 1.00, 0.00, 0.00, 0.00
8222,  0,  274.033,  0.98,  1, 0.00, 0.00, 1.60, 0.08, 1.18, 2.48, 0.15, 0.68, 1.36, 1.51, 0.00, 0.14, 0.00, 0.00, 1.46, 0.45, 0.17, 0.00, 0.00, 1.00, 1.00, 1.00, 1.00, 0.00, 1.00, 1.00, 1.00, 0.00, 0.00, 0.00, 1.00, 1.00, 0.00, 0.00, 0.00
8223,  0,  274.067,  0.98,  1, 0.00, 0.00, 1.58, 0.01, 1.16, 2.45, 0.15, 0.73, 1.33, 1.42, 0.00, 0.17, 0.00, 0.00, 1.47, 0.49, 0.18, 0.00, 0.00, 1.00, 1.00, 1.00, 1.00, 0.00, 1.00, 1.00, 1.00, 0.00, 0.00, 0.00, 1.00, 1.00, 0.00, 0.00, 0.00
8224,  0,  274.100,  0.98,  1, 0.00, 0.00, 1.54, 0.00, 1.15, 2.37, 0.17, 0.73, 1.34, 1.36, 0.00, 0.19, 0.00, 0.00, 1.45, 0.51, 0.20, 0.00, 0.00, 1.00, 1.00, 1.00, 1.00, 0.00, 1.00, 1.00, 1.00, 0.00, 0.00, 0.00, 1.00, 1.00, 0.00, 0.00, 0.00
8225,  0,  274.133,  0.98,  1, 0.00, 0.00, 1.44, 0.00, 1.13, 2.24, 0.18, 0.69, 1.30, 1.33, 0.00, 0.21, 0.00, 0.00, 1.41, 0.56, 0.17, 0.00, 0.00, 1.00, 1.00, 1.00, 1.00, 0.00, 1.00, 1.00, 1.00, 0.00, 0.00, 0.00, 1.00, 1.00, 0.00, 0.00, 0.00
8226,  0,  274.167,  0.98,  1, 0.00, 0.00, 1.42, 0.00, 1.14, 2.28, 0.14, 0.68, 1.29, 1.35, 0.00, 0.22, 0.00, 0.00, 1.43, 0.53, 0.19, 0.00, 0.00, 1.00, 1.00, 1.00, 1.00, 0.00, 1.00, 1.00, 1.00, 0.00, 0.00, 0.00, 1.00, 1.00, 0.00, 0.00, 0.00
8227,  0,  274.200,  0.98,  1, 0.00, 0.00, 1.42, 0.00, 1.15, 2.37, 0.16, 0.68, 1.25, 1.34, 0.00, 0.18, 0.00, 0.00, 1.41, 0.48, 0.29, 0.00, 0.00, 1.00, 1.00, 1.00, 1.00, 0.00, 1.00, 1.00, 1.00, 0.00, 0.00, 0.00, 1.00, 1.00, 0.00, 0.00, 0.00
8228,  0,  274.233,  0.98,  1, 0.00, 0.00, 1.49, 0.00, 1.13, 2.48, 0.14, 0.69, 1.21, 1.31, 0.00, 0.15, 0.00, 0.00, 1.38, 0.37, 0.35, 0.00, 0.00, 1.00, 1.00, 1.00, 1.00, 0.00, 1.00, 1.00, 1.00, 0.00, 0.00, 0.00, 1.00, 1.00, 0.00, 0.00, 0.00
8229,  0,  274.267,  0.98,  1, 0.00, 0.00, 1.58, 0.01, 1.10, 2.49, 0.11, 0.67, 1.18, 1.31, 0.00, 0.16, 0.00, 0.00, 1.28, 0.28, 0.34, 0.00, 0.00, 1.00, 1.00, 1.00, 1.00, 0.00, 1.00, 1.00, 1.00, 0.00, 0.00, 0.00, 1.00, 1.00, 0.00, 0.00, 0.00
8230,  0,  274.300,  0.98,  1, 0.00, 0.00, 1.61, 0.01, 1.06, 2.52, 0.06, 0.63, 1.17, 1.45, 0.00, 0.18, 0.00, 0.00, 1.25, 0.21, 0.27, 0.00, 0.00, 1.00, 1.00, 1.00, 1.00, 0.00, 1.00, 1.00, 1.00, 0.00, 0.00, 0.00, 1.00, 1.00, 0.00, 0.00, 0.00
8231,  0,  274.333,  0.98,  1, 0.00, 0.00, 1.54, 0.01, 1.02, 2.50, 0.08, 0.58, 1.16, 1.51, 0.00, 0.26, 0.00, 0.00, 1.22, 0.25, 0.16, 0.00, 0.00, 1.00, 1.00, 1.00, 1.00, 0.00, 1.00, 1.00, 1.00, 0.00, 0.00, 0.00, 1.00, 1.00, 0.00, 0.00, 0.00
8232,  0,  274.367,  0.98,  1, 0.00, 0.00, 1.54, 0.00, 1.02, 2.56, 0.08, 0.51, 1.18, 1.53, 0.00, 0.33, 0.00, 0.00, 1.24, 0.36, 0.09, 0.00, 0.00, 1.00, 1.00, 1.00, 1.00, 0.00, 1.00, 1.00, 1.00, 0.00, 0.00, 0.00, 1.00, 1.00, 0.00, 0.00, 0.00
8233,  0,  274.400,  0.98,  1, 0.00, 0.00, 1.64, 0.00, 1.06, 2.61, 0.13, 0.55, 1.19, 1.37, 0.03, 0.40, 0.00, 0.00, 1.22, 0.48, 0.00, 0.00, 0.00, 1.00, 1.00, 1.00, 1.00, 0.00, 1.00, 1.00, 1.00, 0.00, 0.00, 0.00, 1.00, 1.00, 0.00, 0.00, 0.00
8234,  0,  274.433,  0.98,  1, 0.00, 0.00, 1.75, 0.00, 1.14, 2.61, 0.18, 0.56, 1.22, 1.29, 0.09, 0.42, 0.00, 0.00, 1.19, 0.50, 0.00, 0.00, 0.00, 1.00, 1.00, 1.00, 1.00, 0.00, 1.00, 1.00, 1.00, 0.00, 0.00, 0.00, 1.00, 1.00, 0.00, 0.00, 0.00
8235,  0,  274.467,  0.98,  1, 0.00, 0.00, 1.78, 0.00, 1.17, 2.67, 0.24, 0.56, 1.23, 1.20, 0.17, 0.43, 0.00, 0.00, 1.14, 0.53, 0.00, 0.00, 0.00, 1.00, 1.00, 1.00, 1.00, 0.00, 1.00, 1.00, 1.00, 0.00, 0.00, 0.00, 1.00, 1.00, 0.00, 0.00, 0.00
8236,  0,  274.500,  0.98,  1, 0.00, 0.00, 1.82, 0.00, 1.14, 2.62, 0.27, 0.48, 1.21, 1.20, 0.22, 0.42, 0.00, 0.00, 1.13, 0.47, 0.00, 0.00, 0.00, 1.00, 1.00, 1.00, 1.00, 0.00, 1.00, 1.00, 1.00, 0.00, 0.00, 0.00, 1.00, 1.00, 0.00, 0.00, 0.00
8237,  0,  274.533,  0.98,  1, 0.00, 0.00, 1.85, 0.00, 1.12, 2.65, 0.28, 0.40, 1.17, 1.23, 0.16, 0.40, 0.00, 0.00, 1.13, 0.42, 0.00, 0.00, 0.00, 1.00, 1.00, 1.00, 1.00, 0.00, 1.00, 1.00, 1.00, 0.00, 0.00, 0.00, 1.00, 1.00, 0.00, 0.00, 0.00
8238,  0,  274.567,  0.98,  1, 0.00, 0.01, 1.85, 0.00, 1.11, 2.59, 0.37, 0.38, 1.14, 1.26, 0.07, 0.39, 0.00, 0.00, 1.14, 0.40, 0.00, 0.00, 0.00, 1.00, 1.00, 1.00, 1.00, 0.00, 1.00, 1.00, 1.00, 0.00, 0.00, 0.00, 1.00, 1.00, 0.00, 0.00, 0.00
8239,  0,  274.600,  0.98,  1, 0.00, 0.01, 1.78, 0.00, 1.12, 2.55, 0.41, 0.36, 1.12, 1.29, 0.01, 0.41, 0.00, 0.00, 1.16, 0.45, 0.00, 0.00, 0.00, 1.00, 1.00, 1.00, 1.00, 0.00, 1.00, 1.00, 1.00, 0.00, 0.00, 0.00, 1.00, 1.00, 0.00, 0.00, 0.00
8240,  0,  274.633,  0.98,  1, 0.00, 0.01, 1.71, 0.00, 1.11, 2.52, 0.35, 0.39, 1.17, 1.36, 0.01, 0.38, 0.00, 0.00, 1.10, 0.49, 0.00, 0.00, 0.00, 1.00, 1.00, 1.00, 1.00, 0.00, 1.00, 1.00, 1.00, 0.00, 0.00, 0.00, 1.00, 1.00, 0.00, 0.00, 0.00
8241,  0,  274.667,  0.98,  1, 0.00, 0.01, 1.66, 0.00, 1.13, 2.52, 0.26, 0.40, 1.23, 1.46, 0.01, 0.29, 0.00, 0.00, 1.15, 0.55, 0.00, 0.00, 0.00, 1.00, 1.00, 1.00, 1.00, 0.00, 1.00, 1.00, 1.00, 0.00, 0.00, 0.00, 1.00, 1.00, 0.00, 0.00, 0.00
8242,  0,  274.700,  0.98,  1, 0.00, 0.01, 1.57, 0.00, 1.14, 2.31, 0.13, 0.50, 1.29, 1.69, 0.00, 0.14, 0.00, 0.00, 1.23, 0.59, 0.21, 0.00, 0.00, 1.00, 1.00, 1.00, 1.00, 0.00, 1.00, 1.00, 1.00, 0.00, 0.00, 0.00, 1.00, 1.00, 0.00, 0.00, 0.00
8243,  0,  274.733,  0.98,  1, 0.00, 0.01, 1.48, 0.00, 1.13, 2.22, 0.10, 0.55, 1.31, 1.79, 0.00, 0.11, 0.00, 0.00, 1.43, 0.67, 0.43, 0.00, 0.00, 1.00, 1.00, 1.00, 1.00, 0.00, 1.00, 1.00, 1.00, 0.00, 0.00, 0.00, 1.00, 1.00, 0.00, 0.00, 0.00
8244,  0,  274.767,  0.98,  1, 0.00, 0.00, 1.48, 0.09, 1.15, 2.07, 0.07, 0.65, 1.34, 1.84, 0.00, 0.15, 0.00, 0.00, 1.54, 0.82, 0.59, 0.00, 0.00, 1.00, 1.00, 1.00, 1.00, 0.00, 1.00, 1.00, 1.00, 0.00, 0.00, 0.00, 1.00, 1.00, 0.00, 0.00, 0.00
8245,  0,  274.800,  0.98,  1, 0.00, 0.03, 1.57, 0.14, 1.18, 2.37, 0.11, 0.68, 1.38, 1.73, 0.01, 0.19, 0.00, 0.00, 1.59, 0.94, 0.44, 0.00, 0.00, 1.00, 1.00, 1.00, 1.00, 0.00, 1.00, 1.00, 1.00, 0.00, 0.00, 0.00, 1.00, 1.00, 0.00, 0.00, 0.00
8246,  0,  274.833,  0.98,  1, 0.00, 0.03, 1.63, 0.17, 1.19, 2.47, 0.15, 0.73, 1.40, 1.74, 0.01, 0.14, 0.00, 0.00, 1.62, 0.98, 0.47, 0.00, 0.00, 1.00, 1.00, 1.00, 1.00, 0.00, 1.00, 1.00, 1.00, 0.00, 0.00, 0.00, 1.00, 1.00, 0.00, 0.00, 0.00
8247,  0,  274.867,  0.98,  1, 0.00, 0.03, 1.58, 0.07, 1.17, 2.62, 0.19, 0.76, 1.32, 1.80, 0.04, 0.08, 0.00, 0.00, 1.57, 0.92, 0.46, 0.00, 0.00, 1.00, 1.00, 1.00, 1.00, 0.00, 1.00, 1.00, 1.00, 0.00, 0.00, 0.00, 1.00, 1.00, 0.00, 0.00, 0.00
8248,  0,  274.900,  0.98,  1, 0.00, 0.00, 1.55, 0.03, 1.12, 2.56, 0.21, 0.78, 1.24, 1.78, 0.03, 0.06, 0.00, 0.00, 1.46, 0.84, 0.53, 0.00, 0.00, 1.00, 1.00, 1.00, 1.00, 0.00, 1.00, 1.00, 1.00, 0.00, 0.00, 0.00, 1.00, 1.00, 0.00, 0.00, 0.00
8249,  0,  274.933,  0.98,  1, 0.00, 0.00, 1.52, 0.00, 1.06, 2.51, 0.28, 0.78, 1.10, 1.67, 0.04, 0.16, 0.00, 0.00, 1.26, 0.73, 0.47, 0.00, 0.00, 1.00, 1.00, 1.00, 1.00, 0.00, 1.00, 1.00, 1.00, 0.00, 0.00, 0.00, 1.00, 1.00, 0.00, 0.00, 0.00
8250,  0,  274.967,  0.98,  1, 0.00, 0.00, 1.54, 0.00, 1.01, 2.49, 0.36, 0.75, 0.99, 1.59, 0.06, 0.16, 0.00, 0.00, 1.02, 0.54, 0.51, 0.00, 0.00, 1.00, 1.00, 1.00, 1.00, 0.00, 1.00, 1.00, 1.00, 0.00, 0.00, 0.00, 1.00, 1.00, 0.00, 0.00, 0.00
8251,  0,  275.000,  0.98,  1, 0.00, 0.02, 1.49, 0.00, 0.95, 2.54, 0.35, 0.67, 0.89, 1.54, 0.13, 0.17, 0.00, 0.00, 0.98, 0.43, 0.59, 0.00, 0.00, 1.00, 1.00, 1.00, 1.00, 0.00, 1.00, 1.00, 1.00, 0.00, 0.00, 0.00, 1.00, 1.00, 0.00, 0.00, 0.00
8252,  0,  275.033,  0.98,  1, 0.00, 0.02, 1.40, 0.00, 0.93, 2.51, 0.31, 0.64, 0.85, 1.52, 0.12, 0.13, 0.00, 0.00, 1.03, 0.42, 0.60, 0.00, 0.00, 1.00, 1.00, 1.00, 1.00, 0.00, 1.00, 1.00, 1.00, 0.00, 0.00, 0.00, 1.00, 1.00, 0.00, 0.00, 0.00
8253,  0,  275.067,  0.98,  1, 0.00, 0.02, 1.41, 0.00, 0.96, 2.54, 0.20, 0.58, 0.84, 1.50, 0.07, 0.10, 0.00, 0.00, 1.25, 0.42, 0.75, 0.00, 0.00, 1.00, 1.00, 1.00, 1.00, 0.00, 1.00, 1.00, 1.00, 0.00, 0.00, 0.00, 1.00, 1.00, 0.00, 0.00, 0.00
8254,  0,  275.100,  0.98,  1, 0.00, 0.00, 1.35, 0.00, 1.07, 2.06, 0.18, 0.58, 0.91, 1.56, 0.00, 0.09, 0.00, 0.00, 1.38, 0.28, 1.29, 0.00, 0.00, 1.00, 1.00, 1.00, 1.00, 0.00, 1.00, 1.00, 1.00, 0.00, 0.00, 0.00, 1.00, 1.00, 0.00, 0.00, 0.00
8255,  0,  275.133,  0.98,  1, 0.00, 0.00, 1.33, 0.00, 1.11, 1.60, 0.09, 0.53, 1.01, 1.65, 0.00, 0.04, 0.00, 0.00, 1.49, 0.11, 1.95, 0.00, 0.00, 1.00, 1.00, 1.00, 1.00, 0.00, 1.00, 1.00, 1.00, 0.00, 0.00, 0.00, 1.00, 1.00, 0.00, 0.00, 1.00
8256,  0,  275.167,  0.98,  1, 0.00, 0.00, 1.27, 0.08, 1.08, 0.97, 0.05, 0.42, 1.09, 1.63, 0.00, 0.04, 0.01, 0.00, 1.47, 0.08, 2.46, 0.00, 0.00, 1.00, 1.00, 1.00, 1.00, 0.00, 1.00, 1.00, 1.00, 0.00, 0.00, 0.00, 1.00, 1.00, 0.00, 0.00, 1.00
8257,  0,  275.200,  0.98,  1, 0.00, 0.00, 1.32, 0.08, 1.04, 0.87, 0.01, 0.32, 1.12, 1.60, 0.00, 0.01, 0.01, 0.00, 1.50, 0.26, 2.49, 0.00, 0.00, 1.00, 1.00, 1.00, 1.00, 0.00, 1.00, 1.00, 1.00, 0.00, 0.00, 0.00, 1.00, 1.00, 0.00, 0.00, 1.00
8258,  0,  275.233,  0.98,  1, 0.00, 0.00, 1.46, 0.08, 1.08, 0.99, 0.00, 0.26, 1.12, 1.53, 0.00, 0.00, 0.01, 0.00, 1.54, 0.41, 2.30, 0.00, 0.00, 1.00, 1.00, 1.00, 1.00, 0.00, 1.00, 1.00, 1.00, 0.00, 0.00, 0.00, 1.00, 1.00, 0.00, 0.00, 1.00
8259,  0,  275.267,  0.98,  1, 0.00, 0.00, 1.51, 0.00, 1.16, 1.31, 0.00, 0.35, 1.12, 1.59, 0.00, 0.00, 0.00, 0.00, 1.56, 0.49, 2.01, 0.00, 0.00, 1.00, 1.00, 1.00, 1.00, 0.00, 1.00, 1.00, 1.00, 0.00, 0.00, 0.00, 1.00, 1.00, 0.00, 0.00, 1.00
8260,  0,  275.300,  0.98,  1, 0.00, 0.00, 1.47, 0.00, 1.17, 1.50, 0.00, 0.39, 1.10, 1.67, 0.10, 0.03, 0.00, 0.00, 1.52, 0.40, 1.74, 0.00, 1.00, 1.00, 1.00, 1.00, 1.00, 0.00, 1.00, 1.00, 1.00, 0.00, 0.00, 0.00, 1.00, 1.00, 0.00, 0.00, 1.00
8261,  0,  275.333,  0.98,  1, 0.00, 0.00, 1.34, 0.00, 1.12, 1.51, 0.00, 0.36, 1.03, 1.70, 0.15, 0.10, 0.00, 0.00, 1.41, 0.35, 1.54, 0.00, 1.00, 1.00, 1.00, 1.00, 1.00, 0.00, 1.00, 1.00, 1.00, 0.00, 0.00, 0.00, 1.00, 1.00, 0.00, 0.00, 1.00
8262,  0,  275.367,  0.98,  1, 0.00, 0.00, 1.19, 0.00, 1.04, 1.44, 0.00, 0.26, 1.01, 1.70, 0.23, 0.15, 0.00, 0.00, 1.31, 0.32, 1.36, 0.00, 1.00, 1.00, 1.00, 1.00, 1.00, 0.00, 1.00, 1.00, 1.00, 0.00, 0.00, 0.00, 1.00, 1.00, 0.00, 0.00, 1.00
8263,  0,  275.400,  0.98,  1, 0.00, 0.00, 1.19, 0.00, 0.94, 1.48, 0.00, 0.22, 0.89, 1.58, 0.17, 0.18, 0.00, 0.00, 1.23, 0.44, 1.35, 0.00, 1.00, 1.00, 1.00, 0.00, 1.00, 0.00, 1.00, 1.00, 1.00, 0.00, 0.00, 0.00, 1.00, 1.00, 0.00, 0.00, 1.00
8264,  0,  275.433,  0.98,  1, 0.01, 0.00, 1.25, 0.00, 0.87, 1.48, 0.00, 0.16, 0.81, 1.47, 0.18, 0.14, 0.00, 0.00, 1.18, 0.53, 1.40, 0.00, 1.00, 1.00, 1.00, 0.00, 1.00, 0.00, 1.00, 1.00, 1.00, 0.00, 0.00, 0.00, 1.00, 0.00, 0.00, 0.00, 1.00
8265,  0,  275.467,  0.98,  1, 0.05, 0.00, 1.29, 0.05, 0.78, 1.38, 0.00, 0.16, 0.72, 1.35, 0.10, 0.08, 0.00, 0.00, 1.07, 0.53, 1.43, 0.00, 1.00, 1.00, 1.00, 0.00, 1.00, 0.00, 1.00, 1.00, 1.00, 0.00, 0.00, 0.00, 1.00, 0.00, 0.00, 0.00, 1.00
8266,  0,  275.500,  0.98,  1, 0.07, 0.00, 1.36, 0.05, 0.76, 1.35, 0.00, 0.15, 0.67, 1.35, 0.06, 0.14, 0.00, 0.00, 0.84, 0.40, 1.39, 0.00, 1.00, 1.00, 1.00, 0.00, 1.00, 0.00, 1.00, 1.00, 1.00, 0.00, 0.00, 0.00, 1.00, 0.00, 0.00, 0.00, 1.00
8267,  0,  275.533,  0.98,  1, 0.07, 0.00, 1.42, 0.05, 0.74, 1.45, 0.00, 0.14, 0.61, 1.42, 0.02, 0.20, 0.00, 0.00, 0.65, 0.30, 1.46, 0.00, 1.00, 1.00, 1.00, 0.00, 1.00, 0.00, 1.00, 0.00, 1.00, 0.00, 0.00, 0.00, 1.00, 0.00, 0.00, 0.00, 1.00
8268,  0,  275.567,  0.98,  1, 0.02, 0.00, 1.46, 0.00, 0.75, 1.42, 0.04, 0.19, 0.57, 1.59, 0.04, 0.37, 0.00, 0.00, 0.62, 0.31, 1.51, 0.00, 1.00, 1.00, 1.00, 0.00, 1.00, 0.00, 1.00, 0.00, 1.00, 0.00, 0.00, 0.00, 1.00, 0.00, 0.00, 0.00, 1.00
8269,  0,  275.600,  0.98,  1, 0.01, 0.00, 1.43, 0.00, 0.76, 1.30, 0.04, 0.18, 0.53, 1.71, 0.10, 0.45, 0.00, 0.00, 0.65, 0.31, 1.43, 0.00, 0.00, 1.00, 1.00, 0.00, 1.00, 0.00, 1.00, 0.00, 1.00, 0.00, 0.00, 0.00, 1.00, 0.00, 0.00, 0.00, 1.00
8270,  0,  275.633,  0.98,  1, 0.00, 0.00, 1.38, 0.00, 0.75, 1.25, 0.04, 0.18, 0.50, 1.86, 0.18, 0.61, 0.03, 0.00, 0.61, 0.36, 1.24, 0.00, 0.00, 1.00, 1.00, 0.00, 1.00, 0.00, 1.00, 0.00, 1.00, 0.00, 0.00, 0.00, 1.00, 0.00, 0.00, 0.00, 1.00
8271,  0,  275.667,  0.98,  1, 0.04, 0.00, 1.44, 0.00, 0.75, 1.37, 0.00, 0.10, 0.47, 1.86, 0.28, 0.65, 0.03, 0.00, 0.59, 0.33, 1.16, 0.00, 0.00, 1.00, 1.00, 0.00, 1.00, 0.00, 1.00, 0.00, 1.00, 0.00, 0.00, 0.00, 1.00, 0.00, 0.00, 0.00, 1.00
8272,  0,  275.700,  0.98,  1, 0.10, 0.00, 1.52, 0.00, 0.71, 1.49, 0.00, 0.09, 0.47, 1.93, 0.29, 0.70, 0.10, 0.00, 0.55, 0.38, 1.09, 0.00, 1.00, 1.00, 0.00, 0.00, 1.00, 0.00, 1.00, 0.00, 1.00, 0.00, 1.00, 0.00, 1.00, 0.00, 0.00, 0.00, 1.00
8273,  0,  275.733,  0.98,  1, 0.18, 0.00, 1.60, 0.00, 0.73, 1.52, 0.00, 0.11, 0.49, 2.04, 0.27, 0.72, 0.16, 0.00, 0.49, 0.38, 0.92, 0.00, 1.00, 1.00, 0.00, 0.00, 1.00, 0.00, 1.00, 0.00, 1.00, 0.00, 1.00, 0.00, 1.00, 0.00, 0.00, 0.00, 1.00
8274,  0,  275.767,  0.98,  1, 0.19, 0.00, 1.61, 0.00, 0.72, 1.53, 0.00, 0.11, 0.50, 2.19, 0.22, 0.74, 0.27, 0.00, 0.40, 0.48, 0.80, 0.00, 1.00, 1.00, 0.00, 0.00, 1.00, 0.00, 1.00, 0.00, 1.00, 0.00, 1.00, 0.00, 1.00, 0.00, 0.00, 0.00, 0.00
8275,  0,  275.800,  0.98,  1, 0.19, 0.02, 1.61, 0.00, 0.72, 1.52, 0.00, 0.08, 0.53, 2.33, 0.22, 0.68, 0.27, 0.00, 0.38, 0.51, 0.78, 0.00, 1.00, 1.00, 0.00, 0.00, 1.00, 0.00, 1.00, 0.00, 1.00, 0.00, 1.00, 0.00, 1.00, 0.00, 0.00, 0.00, 0.00
8276,  0,  275.833,  0.98,  1, 0.17, 0.03, 1.60, 0.00, 0.73, 1.51, 0.00, 0.04, 0.53, 2.34, 0.21, 0.66, 0.24, 0.00, 0.35, 0.47, 0.82, 0.00, 1.00, 1.00, 0.00, 0.00, 1.00, 0.00, 1.00, 0.00, 1.00, 0.00, 1.00, 0.00, 1.00, 0.00, 0.00, 0.00, 0.00
8277,  0,  275.867,  0.98,  1, 0.20, 0.03, 1.62, 0.00, 0.74, 1.52, 0.00, 0.05, 0.55, 2.32, 0.24, 0.64, 0.18, 0.00, 0.28, 0.41, 0.77, 0.00, 1.00, 1.00, 0.00, 0.00, 1.00, 0.00, 1.00, 0.00, 1.00, 0.00, 0.00, 0.00, 1.00, 0.00, 0.00, 0.00, 0.00
8278,  0,  275.900,  0.98,  1, 0.16, 0.00, 1.60, 0.00, 0.79, 1.54, 0.01, 0.03, 0.48, 2.18, 0.26, 0.65, 0.16, 0.00, 0.23, 0.33, 0.61, 0.00, 1.00, 1.00, 0.00, 0.00, 1.00, 0.00, 1.00, 0.00, 1.00, 0.00, 0.00, 0.00, 1.00, 0.00, 0.00, 0.00, 0.00
8279,  0,  275.933,  0.98,  1, 0.16, 0.00, 1.57, 0.00, 0.79, 1.42, 0.01, 0.03, 0.44, 2.08, 0.27, 0.62, 0.18, 0.00, 0.27, 0.33, 0.50, 0.00, 0.00, 1.00, 0.00, 0.00, 1.00, 0.00, 1.00, 0.00, 1.00, 0.00, 0.00, 0.00, 1.00, 0.00, 0.00, 0.00, 0.00
8280,  0,  275.967,  0.98,  1, 0.07, 0.00, 1.49, 0.00, 0.78, 1.36, 0.01, 0.01, 0.43, 1.94, 0.19, 0.58, 0.13, 0.00, 0.27, 0.24, 0.47, 0.00, 0.00, 1.00, 0.00, 0.00, 1.00, 0.00, 1.00, 0.00, 1.00, 0.00, 0.00, 0.00, 1.00, 0.00, 0.00, 0.00, 0.00
8281,  0,  276.000,  0.98,  1, 0.06, 0.00, 1.40, 0.00, 0.73, 1.28, 0.00, 0.01, 0.47, 1.93, 0.10, 0.52, 0.09, 0.00, 0.30, 0.21, 0.55, 0.00, 0.00, 1.00, 0.00, 0.00, 1.00, 0.00, 1.00, 1.00, 1.00, 0.00, 0.00, 0.00, 1.00, 0.00, 0.00, 0.00, 0.00
8282,  0,  276.033,  0.98,  1, 0.01, 0.00, 1.43, 0.00, 0.69, 1.30, 0.01, 0.05, 0.54, 1.81, 0.03, 0.45, 0.00, 0.00, 0.27, 0.25, 0.59, 0.00, 0.00, 1.00, 0.00, 0.00, 1.00, 0.00, 1.00, 1.00, 1.00, 0.00, 0.00, 0.00, 1.00, 0.00, 0.00, 0.00, 0.00
8283,  0,  276.067,  0.98,  1, 0.01, 0.00, 1.34, 0.00, 0.69, 1.19, 0.01, 0.10, 0.55, 1.79, 0.04, 0.40, 0.00, 0.00, 0.28, 0.36, 0.55, 0.00, 0.00, 1.00, 0.00, 0.00, 1.00, 0.00, 1.00, 1.00, 1.00, 0.00, 0.00, 0.00, 1.00, 0.00, 0.00, 0.00, 0.00
8284,  0,  276.100,  0.98,  1, 0.03, 0.00, 1.40, 0.00, 0.70, 1.27, 0.03, 0.14, 0.57, 1.82, 0.08, 0.35, 0.00, 0.00, 0.24, 0.40, 0.49, 0.00, 0.00, 1.00, 0.00, 0.00, 1.00, 0.00, 1.00, 1.00, 1.00, 0.00, 0.00, 0.00, 1.00, 0.00, 0.00, 0.00, 0.00
8285,  0,  276.133,  0.98,  1, 0.08, 0.00, 1.34, 0.00, 0.73, 1.27, 0.02, 0.13, 0.55, 1.98, 0.12, 0.26, 0.00, 0.00, 0.21, 0.34, 0.43, 0.00, 0.00, 1.00, 0.00, 0.00, 1.00, 0.00, 1.00, 1.00, 1.00, 0.00, 0.00, 0.00, 1.00, 0.00, 0.00, 0.00, 0.00
8286,  0,  276.167,  0.98,  1, 0.12, 0.00, 1.40, 0.00, 0.76, 1.36, 0.02, 0.10, 0.54, 2.06, 0.18, 0.20, 0.00, 0.00, 0.24, 0.29, 0.40, 0.00, 0.00, 1.00, 0.00, 0.00, 1.00, 0.00, 1.00, 1.00, 1.00, 0.00, 0.00, 0.00, 1.00, 0.00, 0.00, 0.00, 0.00
8287,  0,  276.200,  0.98,  1, 0.15, 0.00, 1.40, 0.00, 0.77, 1.29, 0.00, 0.06, 0.52, 2.01, 0.24, 0.16, 0.01, 0.00, 0.28, 0.32, 0.33, 0.00, 0.00, 1.00, 0.00, 0.00, 1.00, 0.00, 1.00, 1.00, 1.00, 0.00, 0.00, 0.00, 1.00, 0.00, 0.00, 0.00, 0.00
8288,  0,  276.233,  0.98,  1, 0.13, 0.00, 1.38, 0.00, 0.78, 1.28, 0.00, 0.02, 0.52, 1.97, 0.27, 0.17, 0.02, 0.00, 0.40, 0.43, 0.30, 0.00, 0.00, 1.00, 0.00, 0.00, 1.00, 0.00, 1.00, 1.00, 1.00, 0.00, 0.00, 0.00, 1.00, 0.00, 0.00, 0.00, 0.00
8289,  0,  276.267,  0.98,  1, 0.12, 0.00, 1.34, 0.00, 0.76, 1.29, 0.00, 0.01, 0.53, 1.98, 0.27, 0.16, 0.03, 0.00, 0.43, 0.48, 0.27, 0.00, 0.00, 1.00, 0.00, 0.00, 1.00, 0.00, 1.00, 1.00, 1.00, 0.00, 0.00, 0.00, 1.00, 0.00, 0.00, 0.00, 0.00
8290,  0,  276.300,  0.98,  1, 0.07, 0.02, 1.35, 0.00, 0.76, 1.37, 0.00, 0.07, 0.58, 1.90, 0.23, 0.21, 0.05, 0.00, 0.53, 0.55, 0.48, 0.00, 0.00, 1.00, 0.00, 0.00, 1.00, 0.00, 1.00, 1.00, 1.00, 0.00, 0.00, 0.00, 1.00, 0.00, 0.00, 0.00, 0.00
8291,  0,  276.333,  0.98,  1, 0.04, 0.02, 1.38, 0.00, 0.76, 1.52, 0.00, 0.11, 0.65, 1.82, 0.20, 0.26, 0.05, 0.00, 0.62, 0.52, 0.64, 0.00, 0.00, 1.00, 0.00, 0.00, 1.00, 0.00, 1.00, 1.00, 1.00, 0.00, 0.00, 0.00, 1.00, 0.00, 0.00, 0.00, 0.00
8292,  0,  276.367,  0.98,  1, 0.02, 0.02, 1.38, 0.00, 0.74, 1.48, 0.00, 0.10, 0.70, 1.82, 0.20, 0.32, 0.05, 0.00, 0.71, 0.56, 0.75, 0.00, 1.00, 1.00, 0.00, 0.00, 1.00, 0.00, 1.00, 1.00, 1.00, 0.00, 0.00, 0.00, 1.00, 0.00, 0.00, 0.00, 0.00
8293,  0,  276.400,  0.98,  1, 0.07, 0.00, 1.27, 0.00, 0.70, 1.31, 0.00, 0.05, 0.71, 1.95, 0.22, 0.31, 0.02, 0.00, 0.75, 0.55, 0.65, 0.00, 1.00, 1.00, 0.00, 0.00, 1.00, 0.00, 1.00, 1.00, 1.00, 0.00, 0.00, 0.00, 1.00, 0.00, 0.00, 0.00, 0.00
8294,  0,  276.433,  0.98,  1, 0.07, 0.00, 1.18, 0.00, 0.68, 1.00, 0.00, 0.01, 0.73, 2.04, 0.21, 0.27, 0.06, 0.00, 0.79, 0.64, 0.58, 0.00, 1.00, 1.00, 0.00, 0.00, 1.00, 0.00, 1.00, 1.00, 1.00, 0.00, 0.00, 0.00, 1.00, 0.00, 0.00, 0.00, 0.00
8295,  0,  276.467,  0.98,  1, 0.06, 0.00, 1.16, 0.00, 0.70, 0.96, 0.00, 0.01, 0.74, 2.00, 0.19, 0.22, 0.10, 0.00, 0.87, 0.73, 0.58, 0.00, 1.00, 1.00, 0.00, 0.00, 1.00, 0.00, 1.00, 1.00, 1.00, 0.00, 0.00, 0.00, 1.00, 0.00, 0.00, 0.00, 0.00
8296,  0,  276.500,  0.98,  1, 0.02, 0.00, 1.19, 0.00, 0.73, 1.04, 0.00, 0.03, 0.76, 1.99, 0.14, 0.14, 0.16, 0.00, 0.93, 0.72, 0.64, 0.00, 1.00, 1.00, 0.00, 0.00, 1.00, 0.00, 1.00, 1.00, 1.00, 0.00, 0.00, 0.00, 1.00, 0.00, 0.00, 0.00, 0.00
8297,  0,  276.533,  0.98,  1, 0.08, 0.04, 1.29, 0.00, 0.75, 1.41, 0.00, 0.07, 0.74, 2.01, 0.15, 0.12, 0.12, 0.00, 0.99, 0.71, 0.53, 0.00, 1.00, 1.00, 0.00, 0.00, 1.00, 0.00, 1.00, 1.00, 1.00, 0.00, 0.00, 0.00, 1.00, 0.00, 0.00, 0.00, 0.00
8298,  0,  276.567,  0.98,  1, 0.14, 0.06, 1.33, 0.00, 0.69, 1.48, 0.00, 0.10, 0.71, 1.93, 0.16, 0.11, 0.07, 0.00, 1.03, 0.65, 0.33, 0.00, 1.00, 1.00, 1.00, 0.00, 1.00, 0.00, 1.00, 1.00, 1.00, 0.00, 0.00, 0.00, 1.00, 0.00, 0.00, 0.00, 0.00
8299,  0,  276.600,  0.98,  1, 0.19, 0.21, 1.35, 0.00, 0.65, 1.58, 0.00, 0.10, 0.68, 1.83, 0.20, 0.18, 0.01, 0.00, 1.12, 0.73, 0.10, 0.00, 1.00, 1.00, 1.00, 0.00, 1.00, 0.00, 1.00, 1.00, 1.00, 0.00, 0.00, 0.00, 0.00, 0.00, 0.00, 0.00, 0.00
8300,  0,  276.633,  0.98,  1, 0.21, 0.29, 1.32, 0.00, 0.56, 1.50, 0.00, 0.05, 0.65, 1.72, 0.23, 0.19, 0.00, 0.00, 1.16, 0.82, 0.00, 0.00, 1.00, 1.00, 1.00, 0.00, 1.00, 0.00, 1.00, 1.00, 1.00, 0.00, 0.00, 0.00, 0.00, 0.00, 0.00, 0.00, 0.00
8301,  0,  276.667,  0.98,  1, 0.23, 0.29, 1.34, 0.01, 0.54, 1.57, 0.00, 0.02, 0.62, 1.69, 0.20, 0.17, 0.00, 0.00, 1.19, 0.88, 0.00, 0.00, 1.00, 1.00, 1.00, 0.00, 1.00, 0.00, 1.00, 1.00, 1.00, 0.00, 0.00, 0.00, 0.00, 0.00, 0.00, 0.00, 0.00
8302,  0,  276.700,  0.98,  1, 0.16, 0.13, 1.48, 0.01, 0.54, 1.70, 0.00, 0.04, 0.62, 1.71, 0.19, 0.25, 0.05, 0.00, 1.19, 0.92, 0.00, 0.00, 1.00, 1.00, 1.00, 0.00, 1.00, 0.00, 1.00, 1.00, 1.00, 0.00, 0.00, 0.00, 1.00, 0.00, 0.00, 0.00, 0.00
8303,  0,  276.733,  0.98,  1, 0.08, 0.03, 1.54, 0.01, 0.53, 1.77, 0.00, 0.04, 0.63, 1.73, 0.17, 0.44, 0.08, 0.00, 1.22, 0.92, 0.00, 0.00, 1.00, 1.00, 1.00, 0.00, 1.00, 0.00, 1.00, 1.00, 1.00, 0.00, 0.00, 0.00, 1.00, 0.00, 0.00, 0.00, 0.00
8304,  0,  276.767,  0.98,  1, 0.03, 0.00, 1.48, 0.00, 0.49, 1.62, 0.00, 0.17, 0.69, 1.81, 0.15, 0.69, 0.08, 0.00, 1.20, 0.92, 0.00, 0.00, 1.00, 1.00, 1.00, 0.00, 1.00, 0.00, 1.00, 1.00, 1.00, 0.00, 0.00, 0.00, 1.00, 0.00, 0.00, 0.00, 0.00
8305,  0,  276.800,  0.98,  1, 0.04, 0.00, 1.27, 0.00, 0.40, 1.33, 0.00, 0.24, 0.76, 1.80, 0.09, 0.83, 0.03, 0.00, 1.21, 0.84, 0.00, 0.00, 0.00, 1.00, 1.00, 0.00, 1.00, 0.00, 1.00, 1.00, 1.00, 0.00, 0.00, 0.00, 1.00, 0.00, 0.00, 0.00, 0.00
8306,  0,  276.833,  0.98,  1, 0.06, 0.00, 1.15, 0.00, 0.38, 1.20, 0.00, 0.34, 0.78, 1.74, 0.08, 0.88, 0.00, 0.00, 1.13, 0.81, 0.00, 0.00, 0.00, 1.00, 1.00, 0.00, 1.00, 0.00, 1.00, 1.00, 1.00, 0.00, 0.00, 0.00, 1.00, 0.00, 0.00, 0.00, 0.00
8307,  0,  276.867,  0.98,  1, 0.04, 0.00, 1.18, 0.00, 0.39, 1.32, 0.00, 0.32, 0.75, 1.64, 0.06, 0.82, 0.00, 0.00, 1.09, 0.80, 0.00, 0.00, 0.00, 1.00, 1.00, 0.00, 1.00, 0.00, 1.00, 1.00, 1.00, 0.00, 0.00, 0.00, 1.00, 0.00, 0.00, 0.00, 0.00
8308,  0,  276.900,  0.98,  1, 0.03, 0.00, 1.26, 0.00, 0.42, 1.57, 0.00, 0.30, 0.69, 1.58, 0.15, 0.73, 0.00, 0.00, 1.04, 0.87, 0.00, 0.00, 0.00, 1.00, 1.00, 0.00, 1.00, 0.00, 1.00, 1.00, 1.00, 0.00, 0.00, 0.00, 1.00, 0.00, 0.00, 0.00, 0.00
8309,  0,  276.933,  0.98,  1, 0.01, 0.00, 1.24, 0.00, 0.39, 1.56, 0.00, 0.25, 0.70, 1.60, 0.23, 0.69, 0.00, 0.00, 1.06, 0.91, 0.00, 0.00, 0.00, 1.00, 1.00, 0.00, 1.00, 0.00, 1.00, 1.00, 1.00, 0.00, 0.00, 0.00, 1.00, 0.00, 0.00, 0.00, 0.00
8310,  0,  276.967,  0.98,  1, 0.00, 0.00, 1.22, 0.00, 0.38, 1.59, 0.00, 0.16, 0.70, 1.64, 0.35, 0.72, 0.00, 0.00, 1.04, 0.87, 0.00, 0.00, 0.00, 1.00, 1.00, 0.00, 1.00, 0.00, 1.00, 1.00, 1.00, 0.00, 0.00, 0.00, 1.00, 0.00, 0.00, 0.00, 0.00
8311,  0,  277.000,  0.98,  1, 0.00, 0.00, 1.21, 0.00, 0.38, 1.53, 0.00, 0.11, 0.70, 1.65, 0.38, 0.74, 0.00, 0.00, 1.02, 0.81, 0.00, 0.00, 0.00, 1.00, 1.00, 0.00, 1.00, 0.00, 1.00, 1.00, 1.00, 0.00, 0.00, 0.00, 1.00, 0.00, 0.00, 0.00, 0.00
8312,  0,  277.033,  0.98,  1, 0.00, 0.00, 1.24, 0.00, 0.42, 1.63, 0.00, 0.08, 0.69, 1.60, 0.38, 0.72, 0.00, 0.00, 0.96, 0.75, 0.00, 0.00, 0.00, 1.00, 1.00, 0.00, 1.00, 0.00, 1.00, 1.00, 1.00, 0.00, 0.00, 0.00, 1.00, 0.00, 0.00, 0.00, 0.00
8313,  0,  277.067,  0.98,  1, 0.00, 0.00, 1.20, 0.00, 0.41, 1.62, 0.00, 0.08, 0.68, 1.58, 0.37, 0.73, 0.00, 0.00, 0.98, 0.76, 0.00, 0.00, 0.00, 1.00, 1.00, 0.00, 1.00, 0.00, 1.00, 1.00, 1.00, 0.00, 0.00, 0.00, 1.00, 0.00, 0.00, 0.00, 0.00
8314,  0,  277.100,  0.98,  1, 0.03, 0.00, 1.18, 0.00, 0.37, 1.50, 0.00, 0.05, 0.63, 1.49, 0.28, 0.71, 0.00, 0.00, 0.99, 0.77, 0.00, 0.00, 0.00, 1.00, 1.00, 0.00, 1.00, 0.00, 1.00, 1.00, 1.00, 0.00, 0.00, 0.00, 1.00, 0.00, 0.00, 0.00, 0.00
8315,  0,  277.133,  0.98,  1, 0.03, 0.00, 1.15, 0.00, 0.32, 1.34, 0.00, 0.05, 0.59, 1.36, 0.16, 0.72, 0.00, 0.00, 1.03, 0.79, 0.00, 0.00, 0.00, 1.00, 1.00, 0.00, 1.00, 0.00, 1.00, 1.00, 1.00, 0.00, 0.00, 0.00, 1.00, 0.00, 0.00, 0.00, 0.00
8316,  0,  277.167,  0.98,  1, 0.03, 0.00, 1.15, 0.00, 0.36, 1.26, 0.00, 0.03, 0.48, 1.25, 0.04, 0.61, 0.00, 0.00, 1.02, 0.74, 0.00, 0.00, 0.00, 1.00, 1.00, 0.00, 1.00, 0.00, 1.00, 1.00, 1.00, 0.00, 0.00, 0.00, 1.00, 0.00, 0.00, 0.00, 0.00
8317,  0,  277.200,  0.98,  1, 0.01, 0.00, 1.16, 0.00, 0.40, 1.31, 0.00, 0.02, 0.43, 1.31, 0.02, 0.55, 0.00, 0.00, 0.96, 0.69, 0.00, 0.00, 0.00, 1.00, 1.00, 0.00, 1.00, 0.00, 1.00, 0.00, 1.00, 0.00, 0.00, 0.00, 1.00, 0.00, 0.00, 0.00, 0.00
8318,  0,  277.233,  0.98,  1, 0.00, 0.05, 1.21, 0.00, 0.48, 1.32, 0.00, 0.00, 0.37, 1.47, 0.01, 0.53, 0.00, 0.00, 0.92, 0.57, 0.00, 0.00, 0.00, 1.00, 1.00, 0.00, 1.00, 0.00, 1.00, 0.00, 1.00, 0.00, 0.00, 0.00, 1.00, 0.00, 0.00, 0.00, 0.00
8319,  0,  277.267,  0.98,  1, 0.02, 0.05, 1.31, 0.00, 0.50, 1.42, 0.00, 0.00, 0.41, 1.66, 0.02, 0.53, 0.00, 0.00, 0.85, 0.50, 0.00, 0.00, 0.00, 1.00, 1.00, 0.00, 1.00, 0.00, 1.00, 0.00, 1.00, 0.00, 0.00, 0.00, 1.00, 0.00, 0.00, 0.00, 0.00
8320,  0,  277.300,  0.98,  1, 0.02, 0.05, 1.36, 0.00, 0.53, 1.51, 0.00, 0.00, 0.41, 1.69, 0.01, 0.55, 0.00, 0.00, 0.83, 0.49, 0.00, 0.00, 0.00, 1.00, 1.00, 0.00, 1.00, 0.00, 1.00, 0.00, 1.00, 0.00, 0.00, 0.00, 1.00, 0.00, 0.00, 0.00, 0.00
8321,  0,  277.333,  0.98,  1, 0.02, 0.00, 1.39, 0.00, 0.54, 1.66, 0.00, 0.00, 0.41, 1.73, 0.01, 0.52, 0.00, 0.00, 0.81, 0.53, 0.00, 0.00, 0.00, 1.00, 1.00, 0.00, 1.00, 0.00, 1.00, 0.00, 1.00, 0.00, 0.00, 0.00, 1.00, 0.00, 0.00, 0.00, 0.00
8322,  0,  277.367,  0.98,  1, 0.00, 0.00, 1.34, 0.00, 0.56, 1.64, 0.00, 0.00, 0.37, 1.68, 0.00, 0.52, 0.00, 0.00, 0.84, 0.57, 0.00, 0.00, 0.00, 1.00, 1.00, 0.00, 1.00, 0.00, 1.00, 0.00, 1.00, 0.00, 0.00, 0.00, 1.00, 0.00, 0.00, 0.00, 0.00
8323,  0,  277.400,  0.98,  1, 0.05, 0.00, 1.35, 0.00, 0.57, 1.73, 0.00, 0.00, 0.35, 1.66, 0.00, 0.50, 0.00, 0.00, 0.86, 0.59, 0.00, 0.00, 0.00, 1.00, 1.00, 0.00, 1.00, 0.00, 1.00, 0.00, 1.00, 0.00, 0.00, 0.00, 1.00, 0.00, 0.00, 0.00, 0.00
8324,  0,  277.433,  0.98,  1, 0.09, 0.00, 1.34, 0.00, 0.58, 1.73, 0.00, 0.00, 0.34, 1.64, 0.00, 0.47, 0.00, 0.00, 0.87, 0.57, 0.00, 0.00, 0.00, 1.00, 1.00, 0.00, 1.00, 0.00, 1.00, 0.00, 1.00, 0.00, 0.00, 0.00, 1.00, 0.00, 0.00, 0.00, 0.00
8325,  0,  277.467,  0.98,  1, 0.10, 0.00, 1.33, 0.00, 0.58, 1.80, 0.00, 0.00, 0.33, 1.64, 0.00, 0.45, 0.00, 0.00, 0.89, 0.61, 0.00, 0.00, 0.00, 1.00, 1.00, 0.00, 1.00, 0.00, 1.00, 0.00, 1.00, 0.00, 0.00, 0.00, 1.00, 0.00, 0.00, 0.00, 0.00
8326,  0,  277.500,  0.98,  1, 0.07, 0.05, 1.29, 0.00, 0.53, 1.78, 0.00, 0.04, 0.39, 1.65, 0.01, 0.47, 0.00, 0.00, 0.88, 0.65, 0.00, 0.00, 0.00, 1.00, 1.00, 0.00, 1.00, 0.00, 1.00, 0.00, 1.00, 0.00, 0.00, 0.00, 1.00, 0.00, 0.00, 0.00, 0.00
8327,  0,  277.533,  0.98,  1, 0.05, 0.13, 1.24, 0.00, 0.50, 1.72, 0.00, 0.04, 0.41, 1.54, 0.00, 0.50, 0.00, 0.00, 0.85, 0.75, 0.00, 0.00, 0.00, 1.00, 1.00, 0.00, 1.00, 0.00, 1.00, 0.00, 1.00, 0.00, 0.00, 0.00, 1.00, 0.00, 0.00, 0.00, 0.00
8328,  0,  277.567,  0.98,  1, 0.07, 0.19, 1.26, 0.00, 0.45, 1.76, 0.00, 0.08, 0.42, 1.42, 0.16, 0.46, 0.00, 0.00, 0.80, 0.64, 0.00, 0.00, 1.00, 1.00, 1.00, 0.00, 1.00, 0.00, 1.00, 0.00, 1.00, 0.00, 0.00, 0.00, 1.00, 0.00, 0.00, 0.00, 0.00
8329,  0,  277.600,  0.98,  1, 0.05, 0.14, 1.27, 0.00, 0.38, 1.64, 0.00, 0.04, 0.37, 1.37, 0.31, 0.40, 0.00, 0.00, 0.75, 0.58, 0.00, 0.00, 1.00, 1.00, 1.00, 0.00, 1.00, 0.00, 1.00, 0.00, 1.00, 0.00, 0.00, 0.00, 1.00, 0.00, 0.00, 0.00, 0.00
8330,  0,  277.633,  0.98,  1, 0.03, 0.12, 1.25, 0.00, 0.32, 1.58, 0.03, 0.08, 0.34, 1.39, 0.44, 0.36, 0.00, 0.00, 0.74, 0.48, 0.00, 0.00, 1.00, 1.00, 1.00, 0.00, 1.00, 0.00, 1.00, 0.00, 1.00, 0.00, 0.00, 0.00, 1.00, 0.00, 0.00, 0.00, 0.00
8331,  0,  277.667,  0.98,  1, 0.00, 0.07, 1.15, 0.00, 0.24, 1.43, 0.03, 0.09, 0.35, 1.45, 0.45, 0.39, 0.00, 0.00, 0.70, 0.57, 0.00, 0.00, 1.00, 1.00, 1.00, 0.00, 1.00, 0.00, 1.00, 0.00, 1.00, 0.00, 0.00, 0.00, 1.00, 0.00, 0.00, 0.00, 0.00
8332,  0,  277.700,  0.98,  1, 0.00, 0.06, 1.07, 0.00, 0.22, 1.34, 0.03, 0.16, 0.37, 1.42, 0.48, 0.45, 0.00, 0.00, 0.69, 0.58, 0.00, 0.00, 1.00, 1.00, 1.00, 0.00, 1.00, 0.00, 1.00, 0.00, 1.00, 0.00, 0.00, 0.00, 1.00, 0.00, 0.00, 0.00, 0.00
8333,  0,  277.733,  0.98,  1, 0.00, 0.01, 1.06, 0.00, 0.17, 1.33, 0.00, 0.17, 0.42, 1.45, 0.57, 0.46, 0.00, 0.00, 0.67, 0.57, 0.00, 0.00, 0.00, 1.00, 1.00, 0.00, 1.00, 0.00, 1.00, 0.00, 1.00, 0.00, 0.00, 0.00, 1.00, 0.00, 0.00, 0.00, 0.00
8334,  0,  277.767,  0.98,  1, 0.00, 0.07, 1.17, 0.00, 0.17, 1.29, 0.00, 0.15, 0.41, 1.43, 0.55, 0.47, 0.00, 0.00, 0.63, 0.50, 0.00, 0.00, 0.00, 1.00, 1.00, 0.00, 1.00, 0.00, 1.00, 0.00, 1.00, 0.00, 0.00, 0.00, 1.00, 0.00, 0.00, 0.00, 0.00
8335,  0,  277.800,  0.98,  1, 0.00, 0.06, 1.17, 0.00, 0.16, 1.27, 0.00, 0.10, 0.41, 1.44, 0.55, 0.46, 0.00, 0.00, 0.65, 0.47, 0.00, 0.00, 0.00, 1.00, 1.00, 0.00, 1.00, 0.00, 1.00, 0.00, 1.00, 0.00, 0.00, 0.00, 1.00, 0.00, 0.00, 0.00, 0.00
8336,  0,  277.833,  0.98,  1, 0.00, 0.08, 1.18, 0.00, 0.17, 1.23, 0.00, 0.12, 0.41, 1.41, 0.47, 0.47, 0.00, 0.00, 0.65, 0.41, 0.00, 0.00, 0.00, 1.00, 1.00, 0.00, 1.00, 0.00, 1.00, 0.00, 1.00, 0.00, 0.00, 0.00, 1.00, 0.00, 0.00, 0.00, 0.00
8337,  0,  277.867,  0.98,  1, 0.00, 0.02, 1.11, 0.00, 0.14, 1.21, 0.00, 0.19, 0.41, 1.39, 0.43, 0.51, 0.00, 0.00, 0.69, 0.44, 0.00, 0.00, 1.00, 1.00, 1.00, 0.00, 1.00, 0.00, 1.00, 0.00, 1.00, 0.00, 0.00, 0.00, 1.00, 0.00, 0.00, 0.00, 0.00
8338,  0,  277.900,  0.98,  1, 0.00, 0.07, 1.07, 0.00, 0.13, 1.08, 0.00, 0.17, 0.42, 1.36, 0.35, 0.54, 0.00, 0.00, 0.81, 0.53, 0.00, 0.00, 0.00, 1.00, 1.00, 0.00, 1.00, 0.00, 1.00, 0.00, 1.00, 0.00, 0.00, 0.00, 1.00, 0.00, 0.00, 0.00, 0.00
8339,  0,  277.933,  0.98,  1, 0.00, 0.06, 1.05, 0.00, 0.13, 0.93, 0.00, 0.10, 0.41, 1.30, 0.28, 0.52, 0.00, 0.00, 0.88, 0.61, 0.00, 0.00, 0.00, 1.00, 1.00, 0.00, 1.00, 0.00, 1.00, 0.00, 1.00, 0.00, 0.00, 0.00, 1.00, 0.00, 0.00, 0.00, 0.00
8340,  0,  277.967,  0.98,  1, 0.00, 0.06, 1.02, 0.00, 0.17, 0.76, 0.00, 0.05, 0.39, 1.36, 0.20, 0.49, 0.00, 0.00, 0.95, 0.66, 0.00, 0.00, 0.00, 1.00, 1.00, 0.00, 1.00, 0.00, 1.00, 0.00, 1.00, 0.00, 0.00, 0.00, 1.00, 0.00, 0.00, 0.00, 0.00
8341,  0,  278.000,  0.98,  1, 0.01, 0.00, 1.05, 0.00, 0.19, 0.80, 0.00, 0.10, 0.39, 1.43, 0.16, 0.47, 0.00, 0.00, 0.93, 0.56, 0.00, 0.00, 0.00, 1.00, 1.00, 0.00, 1.00, 0.00, 1.00, 0.00, 1.00, 0.00, 0.00, 0.00, 1.00, 0.00, 0.00, 0.00, 0.00
8342,  0,  278.033,  0.98,  1, 0.10, 0.00, 1.14, 0.00, 0.26, 0.96, 0.00, 0.15, 0.39, 1.60, 0.18, 0.48, 0.00, 0.00, 0.99, 0.48, 0.00, 0.00, 1.00, 1.00, 1.00, 0.00, 1.00, 0.00, 1.00, 0.00, 1.00, 0.00, 0.00, 0.00, 1.00, 0.00, 0.00, 0.00, 0.00
8343,  0,  278.067,  0.98,  1, 0.23, 0.00, 1.23, 0.00, 0.31, 1.19, 0.00, 0.15, 0.40, 1.62, 0.15, 0.48, 0.00, 0.00, 0.94, 0.30, 0.00, 0.00, 0.00, 1.00, 1.00, 0.00, 1.00, 0.00, 1.00, 0.00, 1.00, 0.00, 0.00, 0.00, 1.00, 0.00, 0.00, 0.00, 0.00
8344,  0,  278.100,  0.98,  1, 0.36, 0.00, 1.29, 0.00, 0.36, 1.43, 0.00, 0.12, 0.38, 1.60, 0.08, 0.50, 0.00, 0.00, 0.87, 0.16, 0.00, 0.00, 0.00, 1.00, 1.00, 0.00, 1.00, 0.00, 1.00, 0.00, 1.00, 0.00, 0.00, 0.00, 1.00, 0.00, 0.00, 0.00, 0.00
8345,  0,  278.133,  0.98,  1, 0.36, 0.00, 1.24, 0.00, 0.33, 1.53, 0.00, 0.11, 0.38, 1.51, 0.01, 0.53, 0.00, 0.00, 0.80, 0.15, 0.06, 0.00, 1.00, 1.00, 1.00, 0.00, 1.00, 0.00, 1.00, 0.00, 1.00, 0.00, 0.00, 0.00, 1.00, 0.00, 0.00, 0.00, 0.00
8346,  0,  278.167,  0.98,  1, 0.31, 0.00, 1.23, 0.00, 0.30, 1.59, 0.00, 0.06, 0.36, 1.48, 0.01, 0.52, 0.00, 0.00, 0.78, 0.21, 0.11, 0.00, 1.00, 1.00, 0.00, 0.00, 1.00, 0.00, 1.00, 0.00, 1.00, 0.00, 0.00, 0.00, 1.00, 0.00, 0.00, 0.00, 0.00
8347,  0,  278.200,  0.98,  1, 0.26, 0.00, 1.20, 0.00, 0.28, 1.54, 0.00, 0.03, 0.35, 1.47, 0.01, 0.49, 0.00, 0.00, 0.73, 0.31, 0.12, 0.00, 1.00, 1.00, 0.00, 0.00, 1.00, 0.00, 1.00, 0.00, 1.00, 0.00, 0.00, 0.00, 1.00, 0.00, 0.00, 0.00, 0.00
8348,  0,  278.233,  0.98,  1, 0.21, 0.00, 1.20, 0.00, 0.28, 1.42, 0.00, 0.02, 0.32, 1.46, 0.00, 0.44, 0.00, 0.00, 0.71, 0.32, 0.06, 0.00, 1.00, 1.00, 0.00, 0.00, 1.00, 0.00, 1.00, 0.00, 1.00, 0.00, 0.00, 0.00, 1.00, 0.00, 0.00, 0.00, 0.00
8349,  0,  278.267,  0.98,  1, 0.19, 0.00, 1.20, 0.00, 0.28, 1.31, 0.00, 0.06, 0.35, 1.44, 0.00, 0.48, 0.00, 0.00, 0.72, 0.36, 0.05, 0.00, 1.00, 1.00, 0.00, 0.00, 1.00, 0.00, 1.00, 0.00, 1.00, 0.00, 0.00, 0.00, 1.00, 0.00, 0.00, 0.00, 0.00
8350,  0,  278.300,  0.98,  1, 0.22, 0.00, 1.24, 0.00, 0.28, 1.37, 0.00, 0.06, 0.37, 1.42, 0.08, 0.50, 0.01, 0.00, 0.76, 0.43, 0.04, 0.00, 1.00, 1.00, 0.00, 0.00, 1.00, 0.00, 1.00, 0.00, 1.00, 0.00, 0.00, 0.00, 1.00, 0.00, 0.00, 0.00, 0.00
8351,  0,  278.333,  0.98,  1, 0.29, 0.00, 1.26, 0.00, 0.29, 1.46, 0.00, 0.06, 0.36, 1.37, 0.24, 0.52, 0.04, 0.00, 0.75, 0.44, 0.04, 0.00, 1.00, 1.00, 0.00, 0.00, 1.00, 0.00, 1.00, 0.00, 1.00, 0.00, 0.00, 0.00, 1.00, 0.00, 0.00, 0.00, 0.00
8352,  0,  278.367,  0.98,  1, 0.27, 0.00, 1.26, 0.00, 0.34, 1.74, 0.02, 0.11, 0.40, 1.41, 0.32, 0.49, 0.08, 0.00, 0.78, 0.41, 0.10, 0.00, 1.00, 1.00, 0.00, 0.00, 1.00, 0.00, 1.00, 0.00, 1.00, 0.00, 0.00, 0.00, 1.00, 0.00, 0.00, 0.00, 0.00
8353,  0,  278.400,  0.98,  1, 0.16, 0.00, 1.23, 0.00, 0.38, 1.85, 0.03, 0.21, 0.45, 1.49, 0.33, 0.46, 0.10, 0.00, 0.73, 0.41, 0.23, 0.00, 1.00, 1.00, 0.00, 0.00, 1.00, 0.00, 1.00, 0.00, 1.00, 0.00, 0.00, 0.00, 1.00, 0.00, 0.00, 0.00, 0.00
8354,  0,  278.433,  0.98,  1, 0.06, 0.00, 1.20, 0.00, 0.44, 2.03, 0.06, 0.32, 0.51, 1.62, 0.26, 0.45, 0.11, 0.00, 0.73, 0.47, 0.34, 0.00, 1.00, 1.00, 0.00, 0.00, 1.00, 0.00, 1.00, 0.00, 1.00, 0.00, 0.00, 0.00, 1.00, 0.00, 0.00, 0.00, 0.00
8355,  0,  278.467,  0.98,  1, 0.08, 0.00, 1.30, 0.00, 0.46, 2.05, 0.04, 0.29, 0.53, 1.77, 0.28, 0.43, 0.12, 0.00, 0.71, 0.51, 0.32, 0.00, 1.00, 1.00, 0.00, 0.00, 1.00, 0.00, 1.00, 0.00, 1.00, 0.00, 0.00, 0.00, 1.00, 0.00, 0.00, 0.00, 0.00
8356,  0,  278.500,  0.98,  1, 0.08, 0.00, 1.37, 0.00, 0.47, 2.13, 0.03, 0.27, 0.55, 1.85, 0.29, 0.42, 0.09, 0.00, 0.78, 0.50, 0.20, 0.00, 0.00, 1.00, 0.00, 0.00, 1.00, 0.00, 1.00, 0.00, 1.00, 0.00, 0.00, 0.00, 1.00, 0.00, 0.00, 0.00, 0.00
8357,  0,  278.533,  0.98,  1, 0.06, 0.00, 1.41, 0.00, 0.47, 2.14, 0.00, 0.15, 0.57, 1.85, 0.25, 0.41, 0.06, 0.00, 0.76, 0.53, 0.08, 0.00, 0.00, 1.00, 1.00, 0.00, 1.00, 0.00, 1.00, 0.00, 1.00, 0.00, 0.00, 0.00, 1.00, 0.00, 0.00, 0.00, 0.00
8358,  0,  278.567,  0.98,  1, 0.00, 0.01, 1.32, 0.00, 0.45, 2.05, 0.00, 0.11, 0.61, 1.79, 0.22, 0.42, 0.00, 0.00, 0.73, 0.53, 0.00, 0.00, 0.00, 1.00, 1.00, 0.00, 1.00, 0.00, 1.00, 0.00, 1.00, 0.00, 0.00, 0.00, 1.00, 0.00, 0.00, 0.00, 0.00
8359,  0,  278.600,  0.98,  1, 0.00, 0.01, 1.28, 0.00, 0.45, 1.92, 0.00, 0.02, 0.63, 1.72, 0.11, 0.41, 0.00, 0.00, 0.74, 0.56, 0.00, 0.00, 0.00, 1.00, 1.00, 0.00, 1.00, 0.00, 1.00, 0.00, 1.00, 0.00, 0.00, 0.00, 1.00, 0.00, 0.00, 0.00, 0.00
8360,  0,  278.633,  0.98,  1, 0.00, 0.01, 1.29, 0.00, 0.43, 1.78, 0.00, 0.02, 0.64, 1.68, 0.07, 0.40, 0.00, 0.00, 0.85, 0.54, 0.00, 0.00, 0.00, 1.00, 1.00, 0.00, 1.00, 0.00, 1.00, 0.00, 1.00, 0.00, 0.00, 0.00, 1.00, 0.00, 0.00, 0.00, 0.00
8361,  0,  278.667,  0.98,  1, 0.00, 0.00, 1.31, 0.00, 0.47, 1.74, 0.00, 0.02, 0.67, 1.67, 0.03, 0.41, 0.00, 0.00, 0.89, 0.54, 0.00, 0.00, 0.00, 1.00, 1.00, 0.00, 1.00, 0.00, 1.00, 0.00, 1.00, 0.00, 0.00, 0.00, 1.00, 0.00, 0.00, 0.00, 0.00
8362,  0,  278.700,  0.98,  1, 0.00, 0.04, 1.34, 0.00, 0.48, 1.74, 0.00, 0.12, 0.71, 1.71, 0.08, 0.41, 0.00, 0.00, 0.86, 0.51, 0.00, 0.00, 0.00, 1.00, 1.00, 0.00, 1.00, 0.00, 1.00, 0.00, 1.00, 0.00, 0.00, 0.00, 1.00, 0.00, 0.00, 0.00, 0.00
8363,  0,  278.733,  0.98,  1, 0.02, 0.14, 1.41, 0.00, 0.51, 1.81, 0.00, 0.20, 0.77, 1.79, 0.16, 0.42, 0.00, 0.00, 0.82, 0.55, 0.00, 0.00, 0.00, 1.00, 1.00, 0.00, 1.00, 0.00, 1.00, 0.00, 1.00, 0.00, 0.00, 0.00, 1.00, 0.00, 0.00, 0.00, 0.00
8364,  0,  278.767,  0.98,  1, 0.07, 0.20, 1.40, 0.00, 0.56, 1.74, 0.00, 0.22, 0.80, 1.81, 0.17, 0.40, 0.00, 0.00, 0.79, 0.57, 0.00, 0.00, 0.00, 1.00, 1.00, 0.00, 1.00, 0.00, 1.00, 0.00, 1.00, 0.00, 0.00, 0.00, 1.00, 0.00, 0.00, 0.00, 0.00
8365,  0,  278.800,  0.98,  1, 0.07, 0.16, 1.35, 0.00, 0.63, 1.60, 0.00, 0.11, 0.82, 1.80, 0.13, 0.43, 0.00, 0.00, 0.79, 0.51, 0.00, 0.00, 0.00, 1.00, 1.00, 0.00, 1.00, 0.00, 1.00, 0.00, 1.00, 0.00, 0.00, 0.00, 1.00, 0.00, 0.00, 0.00, 0.00
8366,  0,  278.833,  0.98,  1, 0.10, 0.07, 1.19, 0.00, 0.70, 1.32, 0.00, 0.03, 0.84, 1.77, 0.11, 0.47, 0.00, 0.00, 0.78, 0.38, 0.00, 0.00, 0.00, 1.00, 1.00, 0.00, 1.00, 0.00, 1.00, 0.00, 1.00, 0.00, 0.00, 0.00, 1.00, 0.00, 0.00, 0.00, 0.00
8367,  0,  278.867,  0.98,  1, 0.12, 0.02, 1.15, 0.00, 0.71, 1.28, 0.00, 0.00, 0.90, 1.77, 0.13, 0.49, 0.01, 0.00, 0.81, 0.32, 0.00, 0.00, 0.00, 1.00, 1.00, 0.00, 1.00, 0.00, 1.00, 0.00, 1.00, 0.00, 0.00, 0.00, 1.00, 0.00, 0.00, 0.00, 0.00
8368,  0,  278.900,  0.98,  1, 0.16, 0.02, 1.15, 0.00, 0.74, 1.25, 0.00, 0.02, 0.94, 1.84, 0.16, 0.51, 0.01, 0.00, 0.87, 0.38, 0.00, 0.00, 0.00, 1.00, 1.00, 0.00, 1.00, 0.00, 1.00, 0.00, 1.00, 0.00, 0.00, 0.00, 1.00, 0.00, 0.00, 0.00, 0.00
8369,  0,  278.933,  0.98,  1, 0.16, 0.01, 1.21, 0.00, 0.76, 1.42, 0.00, 0.04, 1.01, 1.89, 0.13, 0.48, 0.01, 0.00, 0.85, 0.42, 0.00, 0.00, 0.00, 1.00, 1.00, 0.00, 1.00, 0.00, 1.00, 0.00, 1.00, 0.00, 0.00, 0.00, 1.00, 0.00, 0.00, 0.00, 0.00
8370,  0,  278.967,  0.98,  1, 0.10, 0.00, 1.22, 0.00, 0.78, 1.28, 0.00, 0.13, 1.05, 1.89, 0.13, 0.47, 0.00, 0.00, 0.85, 0.38, 0.00, 0.00, 0.00, 1.00, 1.00, 0.00, 1.00, 0.00, 1.00, 1.00, 1.00, 0.00, 0.00, 0.00, 1.00, 0.00, 0.00, 0.00, 0.00
8371,  0,  279.000,  0.98,  1, 0.04, 0.00, 1.22, 0.00, 0.80, 1.35, 0.00, 0.16, 1.09, 1.82, 0.08, 0.46, 0.00, 0.00, 0.80, 0.25, 0.00, 0.00, 0.00, 1.00, 1.00, 0.00, 1.00, 0.00, 1.00, 1.00, 1.00, 0.00, 0.00, 0.00, 1.00, 0.00, 0.00, 0.00, 0.00
8372,  0,  279.033,  0.98,  1, 0.00, 0.00, 1.23, 0.00, 0.83, 1.36, 0.00, 0.18, 1.14, 1.74, 0.05, 0.47, 0.00, 0.00, 0.88, 0.18, 0.00, 0.00, 0.00, 1.00, 1.00, 1.00, 1.00, 0.00, 1.00, 1.00, 1.00, 0.00, 0.00, 0.00, 1.00, 0.00, 0.00, 0.00, 0.00
8373,  0,  279.067,  0.98,  1, 0.00, 0.00, 1.24, 0.00, 0.86, 1.61, 0.00, 0.17, 1.18, 1.70, 0.03, 0.45, 0.00, 0.00, 0.97, 0.18, 0.00, 0.00, 0.00, 1.00, 1.00, 1.00, 1.00, 0.00, 1.00, 1.00, 1.00, 0.00, 0.00, 0.00, 1.00, 0.00, 0.00, 0.00, 0.00
8374,  0,  279.100,  0.98,  1, 0.00, 0.08, 1.25, 0.00, 0.89, 1.88, 0.00, 0.23, 1.24, 1.75, 0.08, 0.47, 0.00, 0.00, 1.00, 0.27, 0.00, 0.00, 0.00, 1.00, 1.00, 1.00, 1.00, 0.00, 1.00, 1.00, 1.00, 0.00, 0.00, 0.00, 1.00, 0.00, 0.00, 0.00, 0.00
8375,  0,  279.133,  0.98,  1, 0.00, 0.13, 1.24, 0.00, 0.94, 2.21, 0.00, 0.31, 1.29, 1.78, 0.17, 0.51, 0.00, 0.00, 0.97, 0.33, 0.00, 0.00, 0.00, 1.00, 1.00, 1.00, 1.00, 0.00, 1.00, 1.00, 1.00, 0.00, 0.00, 0.00, 1.00, 0.00, 0.00, 0.00, 0.00
8376,  0,  279.167,  0.98,  1, 0.00, 0.13, 1.25, 0.00, 0.98, 2.60, 0.02, 0.48, 1.38, 1.87, 0.18, 0.53, 0.00, 0.00, 0.94, 0.40, 0.00, 0.00, 0.00, 1.00, 1.00, 1.00, 1.00, 0.00, 1.00, 1.00, 1.00, 0.00, 0.00, 0.00, 1.00, 0.00, 0.00, 0.00, 0.00
8377,  0,  279.200,  0.98,  1, 0.00, 0.05, 1.24, 0.00, 0.98, 2.73, 0.02, 0.63, 1.45, 1.80, 0.15, 0.47, 0.00, 0.00, 1.01, 0.45, 0.00, 0.00, 0.00, 1.00, 1.00, 1.00, 1.00, 0.00, 1.00, 1.00, 1.00, 0.00, 0.00, 0.00, 1.00, 1.00, 0.00, 0.00, 0.00
8378,  0,  279.233,  0.98,  1, 0.00, 0.00, 1.24, 0.00, 0.97, 2.75, 0.03, 0.75, 1.51, 1.80, 0.07, 0.38, 0.00, 0.00, 1.13, 0.56, 0.00, 0.00, 0.00, 1.00, 1.00, 1.00, 1.00, 0.00, 1.00, 1.00, 1.00, 0.00, 0.00, 0.00, 1.00, 1.00, 0.00, 0.00, 0.00
8379,  0,  279.267,  0.98,  1, 0.00, 0.00, 1.20, 0.00, 0.99, 2.68, 0.01, 0.76, 1.53, 1.80, 0.06, 0.38, 0.00, 0.00, 1.20, 0.58, 0.00, 0.00, 0.00, 1.00, 1.00, 1.00, 1.00, 0.00, 1.00, 1.00, 1.00, 0.00, 0.00, 0.00, 1.00, 1.00, 0.00, 0.00, 0.00
8380,  0,  279.300,  0.98,  1, 0.00, 0.00, 1.24, 0.00, 1.10, 2.64, 0.01, 0.76, 1.57, 1.88, 0.03, 0.40, 0.00, 0.00, 1.34, 0.59, 0.00, 0.00, 0.00, 1.00, 1.00, 1.00, 1.00, 0.00, 1.00, 1.00, 1.00, 0.00, 0.00, 0.00, 1.00, 1.00, 0.00, 0.00, 0.00
8381,  0,  279.333,  0.98,  1, 0.00, 0.00, 1.41, 0.00, 1.27, 2.86, 0.00, 0.87, 1.67, 1.93, 0.02, 0.42, 0.00, 0.00, 1.40, 0.62, 0.21, 0.00, 0.00, 1.00, 1.00, 1.00, 1.00, 0.00, 1.00, 1.00, 1.00, 0.00, 0.00, 0.00, 1.00, 1.00, 0.00, 0.00, 0.00
8382,  0,  279.367,  0.98,  1, 0.00, 0.00, 1.61, 0.00, 1.35, 2.76, 0.00, 0.93, 1.76, 1.93, 0.00, 0.34, 0.00, 0.00, 1.48, 0.67, 0.96, 0.00, 0.00, 1.00, 1.00, 1.00, 1.00, 0.00, 1.00, 1.00, 1.00, 0.00, 0.00, 0.00, 1.00, 1.00, 0.00, 0.00, 1.00
8383,  0,  279.400,  0.98,  1, 0.00, 0.00, 1.75, 0.00, 1.34, 2.74, 0.01, 1.04, 1.79, 1.80, 0.01, 0.25, 0.00, 0.00, 1.48, 0.57, 1.80, 0.00, 0.00, 1.00, 1.00, 1.00, 1.00, 0.00, 1.00, 1.00, 1.00, 0.00, 0.00, 0.00, 1.00, 1.00, 0.00, 0.00, 1.00
8384,  0,  279.433,  0.98,  1, 0.00, 0.00, 1.75, 0.00, 1.22, 2.28, 0.11, 0.96, 1.71, 1.71, 0.01, 0.15, 0.00, 0.00, 1.53, 0.42, 2.66, 0.00, 0.00, 1.00, 0.00, 1.00, 1.00, 0.00, 1.00, 1.00, 1.00, 0.00, 0.00, 0.00, 1.00, 1.00, 0.00, 0.00, 1.00
8385,  0,  279.467,  0.98,  1, 0.00, 0.00, 1.81, 0.00, 1.10, 2.12, 0.21, 0.91, 1.61, 1.51, 0.07, 0.08, 0.00, 0.00, 1.55, 0.37, 2.81, 0.00, 0.00, 1.00, 0.00, 1.00, 1.00, 0.00, 1.00, 1.00, 1.00, 0.00, 0.00, 0.00, 1.00, 1.00, 0.00, 0.00, 1.00
8386,  0,  279.500,  0.98,  1, 0.00, 0.00, 1.84, 0.00, 1.06, 1.91, 0.37, 0.73, 1.34, 1.47, 0.12, 0.16, 0.00, 0.00, 1.41, 0.34, 2.74, 0.00, 0.00, 1.00, 1.00, 1.00, 1.00, 0.00, 1.00, 1.00, 1.00, 0.00, 0.00, 0.00, 1.00, 1.00, 0.00, 0.00, 1.00
8387,  0,  279.533,  0.98,  1, 0.00, 0.00, 1.71, 0.00, 0.95, 1.94, 0.33, 0.56, 0.99, 1.32, 0.28, 0.41, 0.02, 0.00, 1.11, 0.35, 2.04, 0.00, 0.00, 1.00, 1.00, 1.00, 1.00, 0.00, 1.00, 1.00, 1.00, 0.00, 0.00, 0.00, 1.00, 0.00, 0.00, 0.00, 1.00
8388,  0,  279.567,  0.98,  1, 0.00, 0.00, 1.63, 0.00, 0.91, 2.10, 0.36, 0.40, 0.66, 1.37, 0.51, 0.67, 0.02, 0.00, 0.73, 0.34, 1.41, 0.00, 0.00, 1.00, 1.00, 0.00, 1.00, 0.00, 1.00, 1.00, 1.00, 0.00, 0.00, 0.00, 1.00, 0.00, 0.00, 0.00, 1.00
8389,  0,  279.600,  0.98,  1, 0.00, 0.00, 1.64, 0.00, 0.83, 2.50, 0.28, 0.26, 0.50, 1.29, 0.74, 0.83, 0.02, 0.00, 0.54, 0.40, 0.72, 0.00, 0.00, 1.00, 1.00, 0.00, 1.00, 0.00, 1.00, 0.00, 1.00, 0.00, 0.00, 0.00, 1.00, 0.00, 0.00, 0.00, 1.00
8390,  0,  279.633,  0.98,  1, 0.00, 0.00, 1.70, 0.00, 0.84, 2.68, 0.32, 0.33, 0.47, 1.42, 0.79, 0.85, 0.00, 0.00, 0.47, 0.35, 0.55, 0.00, 0.00, 1.00, 1.00, 0.00, 1.00, 0.00, 1.00, 0.00, 1.00, 0.00, 0.00, 0.00, 1.00, 0.00, 0.00, 0.00, 1.00
8391,  0,  279.667,  0.98,  1, 0.00, 0.00, 1.70, 0.00, 0.79, 2.72, 0.22, 0.22, 0.41, 1.37, 0.67, 0.85, 0.00, 0.00, 0.45, 0.29, 0.32, 0.00, 0.00, 1.00, 1.00, 0.00, 1.00, 0.00, 1.00, 0.00, 1.00, 0.00, 0.00, 0.00, 1.00, 0.00, 0.00, 0.00, 0.00
8392,  0,  279.700,  0.98,  1, 0.00, 0.00, 1.66, 0.00, 0.74, 2.60, 0.18, 0.33, 0.40, 1.45, 0.54, 0.76, 0.00, 0.00, 0.56, 0.24, 0.30, 0.00, 0.00, 1.00, 1.00, 0.00, 1.00, 0.00, 1.00, 0.00, 1.00, 0.00, 0.00, 0.00, 1.00, 0.00, 0.00, 0.00, 0.00
8393,  0,  279.733,  0.98,  1, 0.01, 0.00, 1.63, 0.00, 0.74, 2.67, 0.11, 0.32, 0.47, 1.46, 0.44, 0.64, 0.00, 0.00, 0.72, 0.30, 0.10, 0.00, 0.00, 1.00, 1.00, 0.00, 1.00, 0.00, 1.00, 0.00, 1.00, 0.00, 0.00, 0.00, 1.00, 0.00, 0.00, 0.00, 0.00
8394,  0,  279.767,  0.98,  1, 0.01, 0.00, 1.59, 0.00, 0.77, 2.62, 0.09, 0.51, 0.62, 1.58, 0.52, 0.58, 0.00, 0.00, 1.03, 0.29, 0.07, 0.00, 0.00, 1.00, 1.00, 1.00, 1.00, 0.00, 1.00, 0.00, 1.00, 0.00, 0.00, 0.00, 1.00, 0.00, 0.00, 0.00, 0.00
8395,  0,  279.800,  0.98,  1, 0.06, 0.00, 1.48, 0.00, 0.85, 2.50, 0.06, 0.46, 0.78, 1.69, 0.67, 0.54, 0.02, 0.00, 1.17, 0.30, 0.00, 0.00, 0.00, 1.00, 1.00, 1.00, 1.00, 0.00, 1.00, 1.00, 1.00, 0.00, 0.00, 0.00, 1.00, 1.00, 0.00, 0.00, 0.00
8396,  0,  279.833,  0.98,  1, 0.10, 0.00, 1.46, 0.00, 0.91, 2.41, 0.08, 0.47, 0.87, 1.65, 0.83, 0.59, 0.02, 0.00, 1.24, 0.28, 0.00, 0.00, 0.00, 1.00, 1.00, 1.00, 1.00, 0.00, 1.00, 1.00, 1.00, 0.00, 0.00, 0.00, 1.00, 1.00, 0.00, 0.00, 0.00
8397,  0,  279.867,  0.98,  1, 0.12, 0.00, 1.35, 0.00, 1.01, 2.47, 0.10, 0.44, 0.98, 1.59, 0.76, 0.61, 0.02, 0.00, 1.23, 0.33, 0.00, 0.00, 0.00, 1.00, 1.00, 1.00, 1.00, 0.00, 1.00, 1.00, 1.00, 0.00, 0.00, 0.00, 1.00, 1.00, 0.00, 0.00, 0.00
8398,  0,  279.900,  0.98,  1, 0.06, 0.00, 1.26, 0.00, 1.05, 2.31, 0.09, 0.57, 1.17, 1.46, 0.57, 0.69, 0.00, 0.00, 1.18, 0.32, 0.00, 0.00, 0.00, 1.00, 1.00, 1.00, 1.00, 0.00, 1.00, 1.00, 1.00, 0.00, 0.00, 0.00, 1.00, 1.00, 0.00, 0.00, 0.00
8399,  0,  279.933,  0.98,  1, 0.02, 0.00, 1.13, 0.00, 1.09, 2.17, 0.03, 0.61, 1.34, 1.44, 0.48, 0.64, 0.00, 0.00, 1.18, 0.27, 0.00, 0.00, 0.00, 1.00, 1.00, 1.00, 1.00, 0.00, 1.00, 1.00, 1.00, 0.00, 0.00, 0.00, 1.00, 1.00, 0.00, 0.00, 0.00
8400,  0,  279.967,  0.98,  1, 0.00, 0.00, 1.08, 0.00, 1.11, 1.89, 0.02, 0.57, 1.47, 1.34, 0.32, 0.74, 0.00, 0.00, 1.19, 0.22, 0.00, 0.00, 0.00, 1.00, 1.00, 1.00, 1.00, 0.00, 1.00, 1.00, 1.00, 0.00, 1.00, 0.00, 1.00, 1.00, 0.00, 0.00, 0.00
8401,  0,  280.000,  0.98,  1, 0.00, 0.00, 0.89, 0.00, 1.19, 1.94, 0.00, 0.33, 1.47, 1.24, 0.30, 0.92, 0.02, 0.04, 0.98, 0.22, 0.00, 0.00, 0.00, 1.00, 1.00, 1.00, 1.00, 0.00, 1.00, 1.00, 1.00, 0.00, 1.00, 0.00, 1.00, 1.00, 0.00, 0.00, 0.00
8402,  0,  280.033,  0.98,  1, 0.00, 0.00, 0.77, 0.00, 1.22, 2.03, 0.00, 0.12, 1.49, 0.75, 0.67, 1.31, 0.08, 0.21, 0.73, 0.15, 0.00, 0.00, 0.00, 1.00, 1.00, 1.00, 1.00, 0.00, 1.00, 1.00, 1.00, 0.00, 1.00, 0.00, 1.00, 0.00, 0.00, 0.00, 0.00
8403,  0,  280.067,  0.98,  1, 0.00, 0.00, 0.78, 0.00, 1.31, 2.34, 0.00, 0.00, 1.50, 0.34, 1.04, 1.55, 0.08, 0.48, 0.31, 0.08, 0.00, 0.00, 0.00, 1.00, 1.00, 1.00, 1.00, 0.00, 1.00, 1.00, 1.00, 0.00, 1.00, 0.00, 0.00, 0.00, 0.00, 0.00, 0.00
8404,  0,  280.100,  0.98,  1, 0.00, 0.00, 1.17, 0.00, 1.35, 2.42, 0.00, 0.15, 1.44, 0.22, 1.54, 1.64, 0.06, 0.65, 0.17, 0.00, 0.00, 0.00, 0.00, 1.00, 1.00, 1.00, 1.00, 0.00, 1.00, 1.00, 1.00, 0.00, 1.00, 0.00, 0.00, 0.00, 0.00, 0.00, 0.00
8405,  0,  280.133,  0.98,  1, 0.00, 0.00, 1.41, 0.00, 1.41, 2.49, 0.00, 0.35, 1.35, 0.42, 1.63, 1.81, 0.00, 0.71, 0.11, 0.00, 0.00, 0.00, 0.00, 1.00, 1.00, 1.00, 1.00, 0.00, 1.00, 1.00, 1.00, 0.00, 1.00, 0.00, 0.00, 0.00, 0.00, 0.00, 0.00
8406,  0,  280.167,  0.98,  1, 0.00, 0.00, 1.39, 0.00, 1.37, 2.32, 0.00, 0.55, 1.27, 0.57, 2.02, 1.96, 0.00, 0.72, 0.11, 0.00, 0.00, 0.00, 0.00, 1.00, 1.00, 1.00, 1.00, 0.00, 1.00, 1.00, 1.00, 0.00, 1.00, 0.00, 0.00, 0.00, 0.00, 0.00, 0.00
8407,  0,  280.200,  0.98,  1, 0.00, 0.00, 1.21, 0.15, 1.34, 2.32, 0.00, 0.79, 1.29, 0.74, 2.23, 2.29, 0.00, 0.89, 0.11, 0.10, 0.00, 0.00, 0.00, 1.00, 1.00, 1.00, 1.00, 0.00, 1.00, 1.00, 1.00, 0.00, 1.00, 0.00, 0.00, 0.00, 0.00, 0.00, 0.00
8408,  0,  280.233,  0.98,  1, 0.00, 0.00, 1.08, 0.22, 1.37, 2.30, 0.00, 0.95, 1.28, 0.91, 2.26, 2.35, 0.00, 1.05, 0.20, 0.27, 0.00, 0.00, 0.00, 1.00, 1.00, 1.00, 1.00, 0.00, 1.00, 1.00, 1.00, 0.00, 1.00, 0.00, 0.00, 0.00, 0.00, 0.00, 0.00
8409,  0,  280.267,  0.93,  1, 0.00, 0.00, 1.16, 0.26, 1.43, 2.47, 0.00, 1.10, 1.20, 1.13, 2.01, 2.30, 0.00, 1.16, 0.46, 0.60, 0.00, 0.00, 0.00, 1.00, 1.00, 1.00, 1.00, 0.00, 1.00, 1.00, 1.00, 0.00, 0.00, 0.00, 0.00, 0.00, 0.00, 0.00, 0.00
8410,  0,  280.300,  0.98,  1, 0.00, 0.00, 1.16, 0.12, 1.54, 2.50, 0.00, 0.94, 1.09, 1.12, 1.66, 2.09, 0.00, 1.11, 0.68, 0.95, 0.00, 0.00, 0.00, 1.00, 1.00, 1.00, 1.00, 0.00, 1.00, 1.00, 1.00, 0.00, 0.00, 0.00, 0.00, 0.00, 0.00, 0.00, 0.00
8411,  0,  280.333,  0.88,  1, 0.00, 0.00, 1.20, 0.05, 1.51, 2.46, 0.01, 0.80, 1.00, 0.99, 1.44, 1.86, 0.00, 1.06, 0.79, 1.09, 0.00, 0.00, 0.00, 1.00, 1.00, 1.00, 1.00, 0.00, 1.00, 1.00, 1.00, 0.00, 0.00, 0.00, 0.00, 0.00, 0.00, 0.00, 0.00
8412,  0,  280.367,  0.88,  1, 0.00, 0.00, 1.30, 0.02, 1.47, 2.29, 0.09, 0.57, 0.95, 0.93, 1.54, 1.82, 0.00, 1.03, 0.75, 1.03, 0.00, 0.00, 0.00, 1.00, 1.00, 1.00, 1.00, 0.00, 1.00, 1.00, 0.00, 0.00, 0.00, 0.00, 0.00, 0.00, 0.00, 0.00, 0.00
8413,  0,  280.400,  0.88,  1, 0.00, 0.02, 1.44, 0.00, 1.40, 2.27, 0.21, 0.40, 0.85, 0.87, 1.71, 1.84, 0.07, 1.06, 0.65, 0.78, 0.00, 0.00, 0.00, 1.00, 1.00, 1.00, 1.00, 0.00, 1.00, 1.00, 0.00, 0.00, 0.00, 0.00, 0.00, 0.00, 0.00, 0.00, 0.00
8414,  0,  280.433,  0.88,  1, 0.00, 0.02, 1.58, 0.00, 1.38, 2.19, 0.32, 0.17, 0.80, 0.90, 1.94, 1.94, 0.23, 1.09, 0.57, 0.73, 0.00, 0.00, 0.00, 1.00, 1.00, 1.00, 1.00, 0.00, 1.00, 1.00, 0.00, 0.00, 0.00, 0.00, 0.00, 0.00, 0.00, 0.00, 0.00
8415,  0,  280.467,  0.88,  1, 0.00, 0.02, 1.62, 0.08, 1.36, 2.19, 0.34, 0.06, 0.76, 0.85, 1.92, 1.98, 0.28, 1.16, 0.59, 0.78, 0.00, 0.00, 0.00, 1.00, 1.00, 1.00, 1.00, 0.00, 1.00, 1.00, 0.00, 0.00, 0.00, 0.00, 0.00, 0.00, 0.00, 0.00, 0.00
8416,  0,  280.500,  0.88,  1, 0.00, 0.02, 1.54, 0.08, 1.29, 2.06, 0.29, 0.02, 0.79, 0.82, 1.94, 1.94, 0.25, 1.23, 0.61, 0.85, 0.00, 0.00, 0.00, 1.00, 1.00, 1.00, 1.00, 0.00, 1.00, 1.00, 0.00, 0.00, 0.00, 0.00, 0.00, 0.00, 0.00, 0.00, 0.00
8417,  0,  280.533,  0.88,  1, 0.00, 0.02, 1.38, 0.08, 1.30, 2.11, 0.21, 0.05, 0.83, 0.86, 1.72, 1.84, 0.16, 1.48, 0.54, 0.71, 0.00, 0.00, 0.00, 1.00, 1.00, 1.00, 1.00, 0.00, 1.00, 1.00, 0.00, 0.00, 0.00, 0.00, 0.00, 0.00, 0.00, 0.00, 0.00
8418,  0,  280.567,  0.88,  1, 0.00, 0.14, 1.23, 0.00, 1.36, 2.08, 0.10, 0.13, 0.92, 0.95, 1.58, 1.72, 0.19, 1.69, 0.33, 0.47, 0.00, 0.00, 0.00, 1.00, 1.00, 1.00, 1.00, 0.00, 1.00, 1.00, 0.00, 0.00, 0.00, 0.00, 0.00, 0.00, 0.00, 0.00, 0.00
8419,  0,  280.600,  0.98,  1, 0.00, 0.20, 1.27, 0.00, 1.46, 2.25, 0.04, 0.13, 0.97, 0.99, 1.41, 1.67, 0.23, 1.94, 0.16, 0.21, 0.00, 0.00, 0.00, 1.00, 1.00, 1.00, 1.00, 0.00, 1.00, 1.00, 0.00, 0.00, 0.00, 0.00, 0.00, 0.00, 0.00, 0.00, 0.00
8420,  0,  280.633,  0.93,  1, 0.00, 0.20, 1.23, 0.04, 1.47, 2.25, 0.01, 0.09, 1.06, 0.96, 1.43, 1.55, 0.29, 2.03, 0.02, 0.09, 0.00, 0.00, 0.00, 1.00, 1.00, 1.00, 1.00, 0.00, 1.00, 1.00, 0.00, 0.00, 0.00, 0.00, 0.00, 0.00, 0.00, 0.00, 0.00
8421,  0,  280.667,  0.93,  1, 0.00, 0.09, 1.11, 0.04, 1.50, 2.15, 0.00, 0.08, 1.18, 0.79, 1.34, 1.40, 0.26, 2.05, 0.00, 0.00, 0.00, 0.00, 0.00, 1.00, 1.00, 1.00, 1.00, 0.00, 1.00, 1.00, 0.00, 0.00, 0.00, 0.00, 0.00, 0.00, 0.00, 0.00, 0.00
8422,  0,  280.700,  0.88,  1, 0.00, 0.00, 0.94, 0.04, 1.56, 1.99, 0.00, 0.21, 1.36, 0.71, 1.37, 1.22, 0.18, 1.93, 0.00, 0.00, 0.00, 0.00, 0.00, 1.00, 1.00, 1.00, 1.00, 0.00, 1.00, 1.00, 0.00, 0.00, 0.00, 0.00, 0.00, 0.00, 0.00, 0.00, 0.00
8423,  0,  280.733,  0.88,  1, 0.00, 0.01, 0.95, 0.17, 1.70, 1.99, 0.00, 0.38, 1.47, 0.61, 1.42, 1.06, 0.05, 1.74, 0.00, 0.00, 0.00, 0.00, 0.00, 1.00, 1.00, 1.00, 1.00, 0.00, 1.00, 1.00, 0.00, 0.00, 0.00, 0.00, 0.00, 0.00, 0.00, 0.00, 0.00
8424,  0,  280.767,  0.88,  1, 0.00, 0.01, 0.99, 0.17, 1.74, 1.93, 0.00, 0.41, 1.54, 0.61, 1.52, 1.02, 0.00, 1.59, 0.00, 0.00, 0.00, 0.00, 0.00, 1.00, 1.00, 1.00, 1.00, 0.00, 1.00, 1.00, 0.00, 0.00, 0.00, 0.00, 0.00, 0.00, 0.00, 0.00, 0.00
8425,  0,  280.800,  0.88,  1, 0.00, 0.01, 0.99, 0.17, 1.74, 1.82, 0.00, 0.45, 1.56, 0.54, 1.50, 0.95, 0.00, 1.45, 0.00, 0.00, 0.00, 0.00, 0.00, 1.00, 1.00, 1.00, 1.00, 0.00, 1.00, 1.00, 0.00, 0.00, 0.00, 0.00, 0.00, 0.00, 0.00, 0.00, 0.00
8426,  0,  280.833,  0.88,  1, 0.03, 0.00, 0.93, 0.00, 1.65, 1.57, 0.00, 0.43, 1.58, 0.45, 1.45, 0.92, 0.00, 1.16, 0.00, 0.00, 0.39, 0.00, 0.00, 1.00, 1.00, 1.00, 1.00, 0.00, 1.00, 1.00, 0.00, 0.00, 0.00, 0.00, 0.00, 0.00, 0.00, 0.00, 0.00
8427,  0,  280.867,  0.88,  1, 0.08, 0.00, 1.03, 0.08, 1.46, 1.45, 0.00, 0.51, 1.51, 0.42, 1.64, 0.78, 0.00, 0.74, 0.00, 0.00, 0.88, 0.00, 0.00, 1.00, 1.00, 1.00, 1.00, 0.00, 1.00, 1.00, 0.00, 0.00, 0.00, 0.00, 0.00, 0.00, 0.00, 0.00, 1.00
8428,  0,  280.900,  0.88,  1, 0.19, 0.00, 1.17, 0.17, 1.28, 1.40, 0.00, 0.58, 1.39, 0.30, 1.84, 0.75, 0.00, 0.39, 0.00, 0.00, 1.29, 0.00, 0.00, 1.00, 1.00, 1.00, 1.00, 0.00, 1.00, 1.00, 0.00, 0.00, 0.00, 0.00, 0.00, 0.00, 0.00, 0.00, 1.00
8429,  0,  280.933,  0.88,  1, 0.18, 0.00, 1.43, 0.17, 1.13, 1.51, 0.00, 0.63, 1.21, 0.32, 1.93, 0.79, 0.00, 0.24, 0.00, 0.00, 1.32, 0.00, 0.00, 1.00, 1.00, 1.00, 1.00, 0.00, 1.00, 1.00, 0.00, 0.00, 0.00, 0.00, 0.00, 0.00, 0.00, 0.00, 1.00
8430,  0,  280.967,  0.88,  1, 0.13, 0.00, 1.47, 0.10, 1.10, 1.79, 0.00, 0.60, 1.04, 0.20, 1.91, 0.99, 0.00, 0.25, 0.00, 0.00, 1.13, 0.00, 0.00, 1.00, 1.00, 1.00, 1.00, 0.00, 1.00, 0.00, 0.00, 0.00, 0.00, 0.00, 0.00, 0.00, 0.00, 0.00, 1.00
8431,  0,  281.000,  0.88,  1, 0.03, 0.00, 1.48, 0.00, 1.08, 2.05, 0.00, 0.43, 0.88, 0.20, 1.89, 1.09, 0.04, 0.23, 0.00, 0.00, 0.77, 0.00, 0.00, 1.00, 1.00, 1.00, 1.00, 0.00, 1.00, 0.00, 0.00, 0.00, 0.00, 0.00, 0.00, 0.00, 0.00, 0.00, 1.00
8432,  0,  281.033,  0.88,  1, 0.00, 0.00, 1.36, 0.00, 1.09, 2.36, 0.00, 0.38, 0.79, 0.21, 1.96, 1.24, 0.10, 0.28, 0.00, 0.00, 0.39, 0.00, 0.00, 1.00, 1.00, 1.00, 1.00, 0.00, 1.00, 0.00, 0.00, 1.00, 0.00, 0.00, 0.00, 0.00, 0.00, 0.00, 1.00
8433,  0,  281.067,  0.88,  1, 0.00, 0.00, 1.25, 0.00, 1.16, 2.45, 0.00, 0.48, 0.84, 0.40, 1.99, 1.36, 0.26, 0.35, 0.00, 0.00, 0.10, 0.00, 0.00, 1.00, 1.00, 1.00, 1.00, 0.00, 1.00, 0.00, 0.00, 1.00, 0.00, 0.00, 0.00, 0.00, 0.00, 0.00, 1.00
8434,  0,  281.100,  0.98,  1, 0.00, 0.00, 1.12, 0.00, 1.26, 2.32, 0.00, 0.56, 0.92, 0.66, 2.02, 1.38, 0.38, 0.56, 0.00, 0.00, 0.04, 0.00, 0.00, 1.00, 1.00, 1.00, 1.00, 0.00, 1.00, 0.00, 0.00, 1.00, 0.00, 0.00, 0.00, 0.00, 0.00, 0.00, 1.00
8435,  0,  281.133,  0.98,  1, 0.00, 0.00, 1.06, 0.00, 1.38, 2.17, 0.00, 0.55, 1.09, 0.77, 2.12, 1.34, 0.39, 0.64, 0.02, 0.00, 0.00, 0.00, 0.00, 1.00, 1.00, 1.00, 1.00, 0.00, 1.00, 0.00, 0.00, 0.00, 0.00, 0.00, 0.00, 0.00, 0.00, 0.00, 1.00
8436,  0,  281.167,  0.98,  1, 0.00, 0.00, 1.07, 0.00, 1.33, 1.96, 0.00, 0.42, 1.16, 0.76, 2.19, 1.15, 0.23, 0.69, 0.06, 0.00, 0.45, 0.00, 0.00, 1.00, 1.00, 1.00, 1.00, 0.00, 1.00, 0.00, 0.00, 0.00, 0.00, 0.00, 0.00, 0.00, 0.00, 0.00, 1.00
8437,  0,  281.200,  0.88,  1, 0.00, 0.00, 1.07, 0.00, 1.17, 1.86, 0.00, 0.46, 1.22, 0.67, 2.18, 0.96, 0.07, 0.60, 0.06, 0.00, 0.91, 0.00, 0.00, 1.00, 1.00, 1.00, 1.00, 0.00, 1.00, 0.00, 0.00, 0.00, 0.00, 0.00, 0.00, 0.00, 0.00, 0.00, 1.00
8438,  0,  281.233,  0.88,  1, 0.00, 0.00, 1.07, 0.00, 0.97, 1.36, 0.00, 0.60, 1.28, 0.43, 2.15, 0.68, 0.02, 0.52, 0.04, 0.08, 1.42, 0.00, 0.00, 1.00, 0.00, 1.00, 1.00, 0.00, 1.00, 0.00, 0.00, 0.00, 0.00, 0.00, 0.00, 0.00, 0.00, 0.00, 1.00
8439,  0,  281.267,  0.88,  1, 0.00, 0.00, 1.23, 0.00, 0.89, 1.13, 0.00, 0.78, 1.38, 0.21, 2.13, 0.53, 0.08, 0.59, 0.00, 0.08, 1.59, 0.00, 0.00, 1.00, 0.00, 1.00, 1.00, 0.00, 1.00, 0.00, 0.00, 0.00, 0.00, 0.00, 0.00, 0.00, 0.00, 0.00, 1.00
8440,  0,  281.300,  0.88,  1, 0.00, 0.00, 1.54, 0.03, 0.97, 1.44, 0.00, 0.90, 1.51, 0.00, 2.10, 0.57, 0.17, 0.79, 0.10, 0.22, 1.50, 0.00, 0.00, 1.00, 0.00, 1.00, 1.00, 0.00, 1.00, 0.00, 0.00, 0.00, 0.00, 0.00, 0.00, 0.00, 0.00, 0.00, 1.00
8441,  0,  281.333,  0.88,  1, 0.00, 0.00, 1.69, 0.03, 1.09, 2.10, 0.00, 0.94, 1.58, 0.00, 2.13, 0.75, 0.15, 0.99, 0.15, 0.22, 1.05, 0.00, 0.00, 1.00, 0.00, 1.00, 1.00, 0.00, 1.00, 0.00, 0.00, 0.00, 0.00, 0.00, 0.00, 0.00, 0.00, 0.00, 1.00
8442,  0,  281.367,  0.98,  1, 0.00, 0.00, 1.61, 0.03, 1.18, 2.50, 0.00, 0.93, 1.60, 0.00, 2.15, 0.91, 0.09, 1.07, 0.15, 0.22, 0.43, 0.00, 0.00, 1.00, 0.00, 1.00, 1.00, 0.00, 1.00, 0.00, 0.00, 0.00, 0.00, 0.00, 0.00, 0.00, 0.00, 0.00, 1.00
8443,  0,  281.400,  0.88,  1, 0.00, 0.00, 1.40, 0.00, 1.21, 2.41, 0.00, 0.96, 1.67, 0.04, 2.35, 1.08, 0.00, 1.16, 0.05, 0.07, 0.06, 0.00, 0.00, 1.00, 0.00, 1.00, 1.00, 0.00, 1.00, 0.00, 0.00, 0.00, 0.00, 0.00, 0.00, 0.00, 0.00, 0.00, 1.00
8444,  0,  281.433,  0.98,  1, 0.00, 0.00, 1.36, 0.00, 1.22, 2.33, 0.00, 1.02, 1.74, 0.13, 2.45, 1.10, 0.00, 1.29, 0.00, 0.00, 0.00, 0.00, 0.00, 1.00, 0.00, 1.00, 1.00, 0.00, 1.00, 1.00, 0.00, 1.00, 0.00, 0.00, 0.00, 0.00, 0.00, 0.00, 0.00
8445,  0,  281.467,  0.88,  1, 0.00, 0.00, 1.41, 0.00, 1.21, 2.26, 0.00, 1.09, 1.82, 0.33, 2.63, 1.09, 0.00, 1.44, 0.02, 0.00, 0.00, 0.00, 0.00, 1.00, 1.00, 1.00, 1.00, 0.00, 1.00, 1.00, 0.00, 1.00, 0.00, 0.00, 0.00, 0.00, 0.00, 0.00, 0.00
8446,  0,  281.500,  0.98,  1, 0.00, 0.00, 1.40, 0.00, 1.13, 2.22, 0.00, 1.00, 1.81, 0.52, 2.78, 1.07, 0.00, 1.58, 0.02, 0.00, 0.00, 0.00, 0.00, 1.00, 1.00, 1.00, 1.00, 0.00, 1.00, 1.00, 0.00, 1.00, 0.00, 0.00, 0.00, 0.00, 0.00, 0.00, 0.00
8447,  0,  281.533,  0.98,  1, 0.00, 0.00, 1.47, 0.00, 1.00, 2.09, 0.00, 0.69, 1.64, 0.58, 2.79, 1.13, 0.00, 1.69, 0.02, 0.07, 0.00, 0.00, 0.00, 1.00, 0.00, 1.00, 1.00, 0.00, 1.00, 1.00, 0.00, 1.00, 0.00, 0.00, 0.00, 0.00, 0.00, 0.00, 0.00
8448,  0,  281.567,  0.98,  1, 0.00, 0.00, 1.50, 0.00, 0.84, 2.22, 0.00, 0.38, 1.53, 0.58, 2.85, 1.25, 0.00, 1.74, 0.00, 0.19, 0.00, 0.00, 0.00, 1.00, 0.00, 1.00, 1.00, 0.00, 1.00, 1.00, 0.00, 1.00, 0.00, 0.00, 0.00, 0.00, 0.00, 0.00, 0.00
8449,  0,  281.600,  0.98,  1, 0.05, 0.06, 1.66, 0.00, 0.81, 2.38, 0.00, 0.23, 1.44, 0.64, 2.87, 1.23, 0.00, 1.69, 0.00, 0.39, 0.00, 0.00, 0.00, 1.00, 0.00, 1.00, 1.00, 0.00, 1.00, 1.00, 0.00, 1.00, 0.00, 0.00, 0.00, 0.00, 0.00, 0.00, 0.00
8450,  0,  281.633,  0.98,  1, 0.05, 0.06, 1.63, 0.00, 0.77, 2.43, 0.00, 0.29, 1.50, 0.72, 3.09, 1.29, 0.00, 1.64, 0.00, 0.49, 0.00, 0.00, 0.00, 1.00, 0.00, 1.00, 1.00, 0.00, 0.00, 1.00, 0.00, 1.00, 0.00, 0.00, 0.00, 0.00, 0.00, 0.00, 0.00
8451,  0,  281.667,  0.98,  1, 0.04, 0.06, 1.56, 0.00, 0.86, 2.36, 0.00, 0.43, 1.62, 0.75, 2.96, 1.31, 0.00, 1.61, 0.00, 0.47, 0.00, 0.00, 0.00, 1.00, 0.00, 1.00, 1.00, 0.00, 0.00, 1.00, 0.00, 1.00, 0.00, 0.00, 0.00, 0.00, 0.00, 0.00, 0.00
8452,  0,  281.700,  0.98,  1, 0.00, 0.00, 1.33, 0.00, 0.87, 2.06, 0.00, 0.38, 1.58, 0.46, 2.76, 1.49, 0.00, 1.56, 0.00, 0.43, 0.00, 0.00, 0.00, 0.00, 0.00, 1.00, 1.00, 0.00, 1.00, 1.00, 0.00, 1.00, 0.00, 0.00, 0.00, 0.00, 0.00, 0.00, 0.00
8453,  0,  281.733,  0.88,  1, 0.00, 0.00, 1.27, 0.00, 0.97, 1.99, 0.00, 0.36, 1.57, 0.30, 2.64, 1.43, 0.00, 1.49, 0.00, 0.36, 0.00, 0.00, 0.00, 0.00, 1.00, 0.00, 1.00, 0.00, 1.00, 1.00, 0.00, 1.00, 0.00, 0.00, 0.00, 1.00, 0.00, 0.00, 0.00
8454,  0,  281.767,  0.98,  1, 0.00, 0.07, 1.26, 0.00, 0.92, 1.83, 0.00, 0.33, 1.56, 0.20, 2.55, 1.39, 0.00, 1.37, 0.12, 0.31, 0.00, 0.00, 0.00, 0.00, 1.00, 0.00, 1.00, 0.00, 1.00, 1.00, 0.00, 1.00, 0.00, 0.00, 0.00, 1.00, 0.00, 0.00, 0.00
8455,  0,  281.800,  0.98,  1, 0.00, 0.09, 1.40, 0.19, 0.87, 1.77, 0.00, 0.47, 1.74, 0.20, 2.48, 1.27, 0.00, 1.27, 0.36, 0.23, 0.00, 0.00, 0.00, 0.00, 1.00, 1.00, 1.00, 0.00, 1.00, 1.00, 0.00, 1.00, 0.00, 0.00, 0.00, 1.00, 0.00, 1.00, 0.00
8456,  0,  281.833,  0.98,  1, 0.00, 0.12, 1.35, 0.19, 0.86, 1.64, 0.00, 0.61, 1.85, 0.14, 2.22, 1.29, 0.00, 1.28, 0.52, 0.28, 0.00, 0.00, 0.00, 0.00, 1.00, 1.00, 1.00, 0.00, 1.00, 1.00, 0.00, 1.00, 0.00, 0.00, 0.00, 1.00, 0.00, 1.00, 0.00
8457,  0,  281.867,  0.88,  1, 0.00, 0.05, 1.35, 0.19, 0.93, 1.59, 0.00, 0.74, 1.87, 0.01, 2.21, 1.32, 0.00, 1.31, 0.48, 0.26, 0.00, 0.00, 0.00, 0.00, 1.00, 1.00, 1.00, 0.00, 1.00, 1.00, 0.00, 1.00, 0.00, 0.00, 0.00, 1.00, 0.00, 0.00, 0.00
8458,  0,  281.900,  0.88,  1, 0.00, 0.03, 1.39, 0.09, 1.11, 1.79, 0.00, 0.93, 1.90, 0.01, 2.27, 1.40, 0.00, 1.34, 0.24, 0.21, 0.00, 0.00, 0.00, 0.00, 1.00, 1.00, 1.00, 0.00, 1.00, 1.00, 0.00, 1.00, 0.00, 0.00, 0.00, 0.00, 0.00, 0.00, 0.00
8459,  0,  281.933,  0.88,  1, 0.00, 0.00, 1.47, 0.09, 1.28, 1.89, 0.00, 1.04, 1.92, 0.02, 2.30, 1.50, 0.00, 1.22, 0.09, 0.06, 0.00, 0.00, 0.00, 1.00, 1.00, 1.00, 1.00, 0.00, 1.00, 1.00, 0.00, 1.00, 0.00, 0.00, 0.00, 0.00, 0.00, 0.00, 0.00
8460,  0,  281.967,  0.98,  1, 0.00, 0.00, 1.55, 0.09, 1.44, 1.99, 0.00, 1.17, 1.93, 0.15, 2.16, 1.69, 0.00, 1.09, 0.04, 0.04, 0.00, 0.00, 0.00, 1.00, 1.00, 1.00, 1.00, 0.00, 1.00, 1.00, 0.00, 1.00, 1.00, 0.00, 0.00, 0.00, 0.00, 0.00, 0.00
8461,  0,  282.000,  0.98,  1, 0.00, 0.00, 1.49, 0.00, 1.54, 2.14, 0.00, 1.27, 1.92, 0.51, 2.02, 1.84, 0.00, 1.02, 0.07, 0.00, 0.00, 0.00, 0.00, 1.00, 1.00, 1.00, 1.00, 0.00, 1.00, 1.00, 0.00, 1.00, 1.00, 0.00, 0.00, 0.00, 0.00, 0.00, 0.00
8462,  0,  282.033,  0.98,  1, 0.00, 0.00, 1.46, 0.00, 1.49, 2.20, 0.00, 1.36, 1.87, 1.14, 1.79, 2.03, 0.00, 1.09, 0.16, 0.00, 0.00, 0.00, 0.00, 1.00, 1.00, 1.00, 1.00, 0.00, 1.00, 1.00, 0.00, 1.00, 1.00, 0.00, 0.00, 0.00, 0.00, 0.00, 0.00
8463,  0,  282.067,  0.98,  1, 0.00, 0.00, 1.35, 0.00, 1.27, 2.06, 0.00, 1.15, 1.82, 1.16, 1.47, 1.78, 0.00, 1.16, 0.44, 0.00, 0.00, 0.00, 0.00, 1.00, 1.00, 1.00, 1.00, 0.00, 1.00, 1.00, 0.00, 1.00, 1.00, 0.00, 0.00, 0.00, 0.00, 0.00, 0.00
8464,  0,  282.100,  0.98,  1, 0.02, 0.13, 1.19, 0.03, 0.96, 1.62, 0.00, 0.84, 1.75, 1.16, 0.88, 1.32, 0.20, 0.89, 0.42, 0.00, 0.00, 0.00, 0.00, 1.00, 1.00, 1.00, 1.00, 0.00, 1.00, 1.00, 0.00, 0.00, 0.00, 0.00, 0.00, 0.00, 0.00, 0.00, 0.00
8465,  0,  282.133,  0.98,  1, 0.09, 0.13, 1.12, 0.16, 0.69, 1.44, 0.00, 0.43, 1.76, 0.78, 0.40, 0.82, 0.41, 0.50, 0.35, 0.00, 0.00, 0.00, 0.00, 1.00, 1.00, 1.00, 1.00, 0.00, 1.00, 1.00, 0.00, 0.00, 0.00, 0.00, 0.00, 0.00, 0.00, 0.00, 0.00
8466,  0,  282.167,  0.98,  1, 0.18, 0.20, 1.06, 0.19, 0.64, 1.56, 0.00, 0.22, 1.75, 0.83, 0.12, 0.69, 0.53, 0.18, 0.03, 0.00, 0.00, 0.00, 0.00, 1.00, 1.00, 1.00, 1.00, 0.00, 0.00, 1.00, 0.00, 0.00, 0.00, 0.00, 0.00, 0.00, 0.00, 0.00, 0.00
8467,  0,  282.200,  0.98,  1, 0.25, 0.27, 1.07, 0.17, 0.64, 1.74, 0.00, 0.06, 1.77, 0.76, 0.26, 0.77, 0.33, 0.27, 0.03, 0.00, 0.00, 0.00, 0.00, 1.00, 1.00, 1.00, 1.00, 0.00, 0.00, 1.00, 0.00, 0.00, 0.00, 0.00, 0.00, 0.00, 0.00, 0.00, 0.00
8468,  0,  282.233,  0.98,  1, 0.20, 0.46, 0.97, 0.03, 0.65, 1.79, 0.00, 0.01, 1.63, 0.75, 0.71, 0.83, 0.12, 0.56, 0.00, 0.08, 0.00, 0.00, 1.00, 1.00, 1.00, 1.00, 1.00, 0.00, 0.00, 1.00, 0.00, 0.00, 0.00, 0.00, 0.00, 0.00, 0.00, 0.00, 0.00
8469,  0,  282.267,  0.98,  1, 0.12, 0.60, 0.78, 0.00, 0.63, 1.78, 0.00, 0.08, 1.55, 0.95, 1.43, 1.20, 0.00, 0.96, 0.12, 0.19, 0.00, 0.00, 1.00, 1.00, 1.00, 1.00, 1.00, 0.00, 0.00, 1.00, 1.00, 0.00, 0.00, 0.00, 0.00, 0.00, 0.00, 0.00, 0.00
8470,  0,  282.300,  0.98,  1, 0.02, 0.60, 0.66, 0.00, 0.61, 2.00, 0.00, 0.23, 1.55, 1.18, 2.13, 1.68, 0.00, 1.32, 0.18, 0.58, 0.00, 0.00, 1.00, 1.00, 1.00, 1.00, 1.00, 0.00, 1.00, 1.00, 1.00, 1.00, 1.00, 0.00, 0.00, 0.00, 0.00, 0.00, 0.00
8471,  0,  282.333,  0.98,  1, 0.00, 0.43, 0.67, 0.00, 0.75, 2.39, 0.00, 0.54, 1.74, 1.51, 2.55, 2.24, 0.04, 1.50, 0.27, 0.95, 0.00, 0.00, 1.00, 1.00, 1.00, 1.00, 1.00, 0.00, 1.00, 1.00, 1.00, 1.00, 1.00, 0.00, 0.00, 0.00, 0.00, 0.00, 0.00
8472,  0,  282.367,  0.98,  1, 0.00, 0.28, 0.75, 0.00, 0.93, 2.50, 0.00, 0.73, 1.92, 1.65, 2.74, 2.40, 0.08, 1.54, 0.32, 1.22, 0.00, 0.00, 1.00, 1.00, 1.00, 1.00, 1.00, 0.00, 1.00, 1.00, 1.00, 1.00, 1.00, 0.00, 0.00, 0.00, 0.00, 0.00, 0.00
8473,  0,  282.400,  0.98,  1, 0.00, 0.12, 0.86, 0.00, 1.16, 2.49, 0.00, 0.86, 2.01, 1.70, 2.70, 2.37, 0.12, 1.52, 0.39, 1.19, 0.00, 0.00, 1.00, 1.00, 1.00, 1.00, 1.00, 0.00, 1.00, 1.00, 1.00, 1.00, 1.00, 0.00, 0.00, 0.00, 0.00, 0.00, 0.00
8474,  0,  282.433,  0.98,  1, 0.00, 0.10, 0.91, 0.00, 1.29, 2.41, 0.00, 0.81, 2.07, 1.51, 2.54, 2.25, 0.09, 1.47, 0.46, 1.02, 0.00, 0.00, 1.00, 1.00, 1.00, 1.00, 1.00, 0.00, 1.00, 1.00, 1.00, 1.00, 1.00, 0.00, 0.00, 0.00, 0.00, 0.00, 0.00
8475,  0,  282.467,  0.98,  1, 0.00, 0.04, 1.08, 0.00, 1.35, 2.40, 0.00, 0.77, 2.08, 1.34, 2.30, 2.22, 0.04, 1.43, 0.38, 0.83, 0.00, 0.00, 0.00, 1.00, 1.00, 1.00, 1.00, 0.00, 1.00, 1.00, 1.00, 1.00, 1.00, 0.00, 0.00, 0.00, 0.00, 0.00, 0.00
8476,  0,  282.500,  0.98,  1, 0.00, 0.00, 1.18, 0.00, 1.30, 2.39, 0.00, 0.83, 2.05, 1.21, 2.11, 2.21, 0.00, 1.41, 0.47, 0.59, 0.00, 0.00, 0.00, 1.00, 1.00, 1.00, 1.00, 0.00, 1.00, 1.00, 1.00, 1.00, 1.00, 0.00, 0.00, 0.00, 0.00, 0.00, 0.00
8477,  0,  282.533,  0.98,  1, 0.00, 0.00, 1.32, 0.00, 1.23, 2.34, 0.00, 0.91, 1.88, 1.17, 2.06, 2.09, 0.05, 1.35, 0.49, 0.37, 0.00, 0.00, 0.00, 1.00, 1.00, 1.00, 1.00, 0.00, 1.00, 1.00, 1.00, 1.00, 1.00, 0.00, 0.00, 0.00, 0.00, 0.00, 0.00
8478,  0,  282.567,  0.98,  1, 0.00, 0.00, 1.50, 0.00, 1.13, 2.21, 0.00, 1.02, 1.64, 1.01, 1.94, 1.88, 0.05, 1.22, 0.45, 0.18, 0.00, 0.00, 0.00, 1.00, 1.00, 1.00, 1.00, 0.00, 1.00, 1.00, 1.00, 1.00, 1.00, 0.00, 0.00, 0.00, 0.00, 0.00, 0.00
8479,  0,  282.600,  0.88,  1, 0.00, 0.03, 1.71, 0.00, 1.08, 2.01, 0.00, 0.87, 1.37, 0.79, 1.82, 1.63, 0.05, 1.01, 0.24, 0.06, 0.00, 0.00, 0.00, 1.00, 1.00, 1.00, 1.00, 0.00, 1.00, 1.00, 1.00, 1.00, 1.00, 0.00, 0.00, 0.00, 0.00, 0.00, 0.00
8480,  0,  282.633,  0.88,  1, 0.05, 0.05, 1.83, 0.00, 1.00, 1.71, 0.00, 0.63, 1.11, 0.62, 1.66, 1.48, 0.01, 0.80, 0.14, 0.00, 0.05, 0.00, 0.00, 1.00, 1.00, 1.00, 1.00, 0.00, 1.00, 1.00, 1.00, 1.00, 0.00, 0.00, 0.00, 0.00, 0.00, 0.00, 0.00
8481,  0,  282.667,  0.88,  1, 0.05, 0.05, 1.89, 0.00, 0.97, 1.44, 0.00, 0.41, 0.96, 0.51, 1.62, 1.35, 0.01, 0.63, 0.15, 0.00, 0.16, 0.00, 0.00, 1.00, 1.00, 1.00, 1.00, 0.00, 1.00, 1.00, 1.00, 1.00, 0.00, 0.00, 0.00, 0.00, 0.00, 0.00, 0.00
8482,  0,  282.700,  0.88,  1, 0.05, 0.02, 1.83, 0.00, 0.96, 1.19, 0.00, 0.41, 0.93, 0.50, 1.51, 1.16, 0.01, 0.40, 0.21, 0.00, 0.32, 0.00, 0.00, 1.00, 1.00, 1.00, 1.00, 0.00, 1.00, 1.00, 1.00, 1.00, 0.00, 0.00, 0.00, 0.00, 0.00, 0.00, 0.00
8483,  0,  282.733,  0.88,  1, 0.00, 0.00, 1.83, 0.00, 1.02, 1.00, 0.00, 0.51, 0.97, 0.47, 1.48, 0.97, 0.00, 0.22, 0.26, 0.00, 0.47, 0.00, 1.00, 1.00, 1.00, 1.00, 1.00, 0.00, 1.00, 1.00, 1.00, 1.00, 0.00, 0.00, 0.00, 0.00, 0.00, 0.00, 0.00
8484,  0,  282.767,  0.98,  1, 0.03, 0.04, 1.76, 0.00, 1.06, 1.06, 0.00, 0.63, 1.02, 0.64, 1.40, 1.08, 0.03, 0.12, 0.31, 0.00, 0.60, 0.00, 1.00, 1.00, 1.00, 1.00, 1.00, 0.00, 1.00, 1.00, 1.00, 1.00, 0.00, 0.00, 0.00, 0.00, 0.00, 0.00, 0.00
8485,  0,  282.800,  0.93,  1, 0.10, 0.11, 1.81, 0.00, 1.14, 1.05, 0.00, 0.66, 1.08, 0.71, 1.47, 1.32, 0.07, 0.16, 0.37, 0.00, 0.64, 0.00, 1.00, 1.00, 1.00, 1.00, 1.00, 0.00, 1.00, 1.00, 1.00, 1.00, 0.00, 0.00, 0.00, 0.00, 0.00, 0.00, 0.00
8486,  0,  282.833,  0.93,  1, 0.17, 0.15, 1.83, 0.00, 1.18, 0.98, 0.00, 0.71, 1.10, 0.87, 1.50, 1.67, 0.10, 0.23, 0.35, 0.00, 0.60, 0.00, 1.00, 1.00, 1.00, 1.00, 1.00, 0.00, 1.00, 1.00, 1.00, 1.00, 0.00, 0.00, 0.00, 0.00, 0.00, 0.00, 0.00
8487,  0,  282.867,  0.93,  1, 0.21, 0.23, 1.86, 0.00, 1.29, 1.05, 0.00, 0.73, 1.12, 0.96, 1.56, 1.87, 0.19, 0.23, 0.31, 0.00, 0.54, 0.00, 1.00, 1.00, 1.00, 1.00, 1.00, 0.00, 1.00, 1.00, 1.00, 1.00, 1.00, 0.00, 0.00, 0.00, 0.00, 0.00, 0.00
8488,  0,  282.900,  0.98,  1, 0.23, 0.17, 1.88, 0.00, 1.29, 1.14, 0.00, 0.79, 1.07, 1.07, 1.53, 2.07, 0.25, 0.22, 0.31, 0.00, 0.56, 0.00, 1.00, 1.00, 1.00, 1.00, 1.00, 0.00, 1.00, 1.00, 1.00, 1.00, 1.00, 0.00, 0.00, 0.00, 0.00, 0.00, 0.00
8489,  0,  282.933,  0.93,  1, 0.15, 0.13, 1.86, 0.05, 1.28, 1.13, 0.00, 0.81, 1.12, 1.08, 1.42, 2.09, 0.28, 0.16, 0.37, 0.00, 0.61, 0.00, 1.00, 1.00, 1.00, 1.00, 1.00, 0.00, 1.00, 1.00, 1.00, 1.00, 1.00, 0.00, 0.00, 0.00, 0.00, 0.00, 0.00
8490,  0,  282.967,  0.98,  1, 0.20, 0.01, 1.88, 0.07, 1.23, 1.03, 0.00, 0.80, 1.16, 1.10, 1.39, 2.04, 0.29, 0.10, 0.46, 0.00, 0.64, 0.00, 0.00, 1.00, 1.00, 1.00, 1.00, 0.00, 1.00, 1.00, 1.00, 1.00, 1.00, 0.00, 0.00, 0.00, 0.00, 0.00, 0.00
8491,  0,  283.000,  0.98,  1, 0.15, 0.00, 1.75, 0.07, 1.17, 0.94, 0.00, 0.81, 1.21, 1.27, 1.37, 1.91, 0.51, 0.03, 0.40, 0.00, 0.62, 0.00, 0.00, 1.00, 1.00, 1.00, 1.00, 0.00, 1.00, 1.00, 1.00, 1.00, 1.00, 0.00, 0.00, 0.00, 0.00, 0.00, 0.00
8492,  0,  283.033,  0.98,  1, 0.15, 0.00, 1.75, 0.01, 1.12, 1.10, 0.00, 0.65, 1.25, 1.49, 1.53, 1.78, 0.66, 0.00, 0.40, 0.00, 0.67, 0.00, 0.00, 1.00, 1.00, 1.00, 1.00, 0.00, 1.00, 1.00, 1.00, 1.00, 0.00, 0.00, 0.00, 0.00, 0.00, 0.00, 0.00
8493,  0,  283.067,  0.98,  1, 0.22, 0.11, 1.71, 0.05, 1.02, 1.06, 0.00, 0.45, 1.35, 1.66, 1.33, 1.51, 0.70, 0.00, 0.26, 0.00, 0.67, 0.00, 0.00, 1.00, 1.00, 1.00, 1.00, 0.00, 1.00, 1.00, 1.00, 1.00, 0.00, 0.00, 0.00, 0.00, 0.00, 0.00, 0.00
8494,  0,  283.100,  0.98,  1, 0.20, 0.26, 1.64, 0.05, 1.03, 0.93, 0.00, 0.15, 1.53, 1.48, 1.09, 1.05, 0.43, 0.00, 0.19, 0.00, 0.66, 0.00, 1.00, 1.00, 1.00, 1.00, 1.00, 0.00, 1.00, 1.00, 1.00, 0.00, 0.00, 0.00, 0.00, 0.00, 0.00, 0.00, 0.00
8495,  0,  283.133,  0.98,  1, 0.20, 0.34, 1.61, 0.05, 1.09, 0.71, 0.00, 0.05, 1.80, 1.34, 0.71, 0.70, 0.27, 0.00, 0.02, 0.00, 0.55, 0.00, 1.00, 1.00, 1.00, 1.00, 1.00, 0.00, 1.00, 1.00, 1.00, 0.00, 0.00, 0.00, 0.00, 0.00, 0.00, 0.00, 0.00
8496,  0,  283.167,  0.98,  1, 0.00, 0.24, 1.63, 0.00, 1.17, 0.79, 0.00, 0.11, 2.03, 1.09, 0.67, 0.44, 0.21, 0.00, 0.00, 0.00, 0.35, 0.00, 1.00, 1.00, 1.00, 1.00, 1.00, 0.00, 1.00, 1.00, 1.00, 0.00, 0.00, 0.00, 0.00, 0.00, 0.00, 0.00, 0.00
8497,  0,  283.200,  0.98,  1, 0.10, 0.26, 1.87, 0.00, 1.20, 1.02, 0.00, 0.11, 2.07, 0.95, 0.70, 0.49, 0.21, 0.00, 0.00, 0.00, 0.17, 0.00, 1.00, 1.00, 1.00, 1.00, 1.00, 0.00, 1.00, 1.00, 1.00, 0.00, 0.00, 0.00, 0.00, 0.00, 0.00, 0.00, 0.00
8498,  0,  283.233,  0.98,  1, 0.25, 0.47, 1.86, 0.00, 1.14, 1.09, 0.00, 0.09, 1.92, 0.70, 0.86, 0.49, 0.14, 0.00, 0.00, 0.00, 0.01, 0.00, 1.00, 1.00, 1.00, 1.00, 1.00, 0.00, 1.00, 1.00, 1.00, 0.00, 0.00, 0.00, 0.00, 0.00, 0.00, 0.00, 0.00
8499,  0,  283.267,  0.98,  1, 0.35, 0.69, 1.85, 0.00, 1.07, 1.18, 0.00, 0.12, 1.72, 0.82, 1.35, 0.84, 0.03, 0.00, 0.09, 0.00, 0.03, 0.00, 1.00, 1.00, 1.00, 1.00, 1.00, 0.00, 1.00, 1.00, 1.00, 0.00, 0.00, 0.00, 0.00, 0.00, 0.00, 0.00, 0.00
8500,  0,  283.300,  0.98,  1, 0.27, 0.57, 1.65, 0.00, 1.01, 1.22, 0.00, 0.36, 1.65, 1.09, 1.92, 1.22, 0.13, 0.01, 0.13, 0.00, 0.03, 0.00, 1.00, 1.00, 1.00, 1.00, 1.00, 0.00, 1.00, 1.00, 1.00, 0.00, 0.00, 0.00, 0.00, 0.00, 0.00, 0.00, 0.00
8501,  0,  283.333,  0.98,  1, 0.12, 0.29, 1.55, 0.00, 1.03, 1.48, 0.00, 0.72, 1.66, 1.44, 2.45, 1.63, 0.24, 0.07, 0.14, 0.00, 0.03, 0.00, 0.00, 1.00, 1.00, 1.00, 1.00, 0.00, 1.00, 1.00, 1.00, 0.00, 1.00, 0.00, 0.00, 0.00, 0.00, 0.00, 0.00
8502,  0,  283.367,  0.98,  1, 0.02, 0.06, 1.47, 0.00, 1.08, 1.60, 0.00, 1.01, 1.72, 1.44, 2.59, 1.78, 0.41, 0.24, 0.11, 0.00, 0.07, 0.00, 0.00, 1.00, 1.00, 1.00, 1.00, 0.00, 1.00, 1.00, 1.00, 0.00, 1.00, 0.00, 0.00, 1.00, 0.00, 0.00, 0.00
8503,  0,  283.400,  0.98,  1, 0.05, 0.07, 1.46, 0.00, 1.15, 1.75, 0.00, 1.31, 1.78, 1.34, 2.39, 1.75, 0.42, 0.47, 0.11, 0.00, 0.07, 0.00, 0.00, 1.00, 1.00, 1.00, 1.00, 0.00, 1.00, 1.00, 1.00, 1.00, 1.00, 0.00, 0.00, 1.00, 0.00, 0.00, 0.00
8504,  0,  283.433,  0.98,  1, 0.12, 0.12, 1.61, 0.00, 1.24, 1.86, 0.00, 1.53, 1.84, 1.20, 2.13, 1.67, 0.47, 0.68, 0.10, 0.00, 0.07, 0.00, 0.00, 1.00, 1.00, 1.00, 1.00, 0.00, 1.00, 1.00, 1.00, 1.00, 1.00, 0.00, 0.00, 1.00, 0.00, 0.00, 0.00
8505,  0,  283.467,  0.98,  1, 0.22, 0.15, 1.73, 0.00, 1.25, 1.72, 0.00, 1.56, 1.78, 1.09, 1.79, 1.62, 0.37, 0.81, 0.03, 0.00, 0.00, 0.00, 0.00, 1.00, 1.00, 1.00, 1.00, 0.00, 1.00, 1.00, 1.00, 1.00, 1.00, 0.00, 0.00, 1.00, 0.00, 0.00, 0.00
8506,  0,  283.500,  0.98,  1, 0.30, 0.09, 1.87, 0.00, 1.23, 1.45, 0.00, 1.43, 1.60, 1.16, 1.67, 1.71, 0.44, 0.81, 0.10, 0.00, 0.09, 0.00, 0.00, 1.00, 1.00, 1.00, 1.00, 0.00, 1.00, 1.00, 1.00, 1.00, 1.00, 0.00, 0.00, 1.00, 0.00, 0.00, 0.00
8507,  0,  283.533,  0.98,  1, 0.44, 0.20, 1.88, 0.00, 1.17, 1.20, 0.00, 1.03, 1.20, 1.19, 1.63, 1.98, 0.52, 0.72, 0.18, 0.00, 0.15, 0.00, 0.00, 1.00, 1.00, 1.00, 1.00, 0.00, 1.00, 1.00, 1.00, 1.00, 1.00, 0.00, 0.00, 1.00, 0.00, 0.00, 0.00
8508,  0,  283.567,  0.93,  1, 0.50, 0.20, 1.80, 0.04, 1.07, 1.40, 0.00, 0.62, 0.80, 1.06, 1.85, 2.34, 0.71, 0.51, 0.18, 0.00, 0.21, 0.00, 0.00, 1.00, 1.00, 1.00, 1.00, 0.00, 1.00, 1.00, 1.00, 1.00, 1.00, 0.00, 0.00, 1.00, 0.00, 0.00, 0.00
8509,  0,  283.600,  0.88,  1, 0.52, 0.18, 1.68, 0.06, 1.06, 1.74, 0.00, 0.22, 0.53, 0.81, 1.88, 2.45, 0.73, 0.34, 0.08, 0.00, 0.24, 0.00, 0.00, 1.00, 1.00, 1.00, 1.00, 0.00, 1.00, 0.00, 1.00, 1.00, 1.00, 0.00, 0.00, 0.00, 0.00, 0.00, 0.00
8510,  0,  283.633,  0.88,  1, 0.31, 0.02, 1.55, 0.06, 1.11, 1.86, 0.00, 0.06, 0.61, 0.72, 1.52, 2.26, 0.70, 0.18, 0.00, 0.00, 0.30, 0.00, 0.00, 1.00, 1.00, 1.00, 1.00, 0.00, 1.00, 0.00, 1.00, 1.00, 1.00, 0.00, 1.00, 0.00, 0.00, 0.00, 0.00
8511,  0,  283.667,  0.93,  1, 0.17, 0.00, 1.41, 0.02, 1.30, 1.55, 0.00, 0.18, 0.81, 0.90, 1.08, 1.88, 0.78, 0.09, 0.00, 0.00, 0.65, 0.00, 0.00, 1.00, 1.00, 1.00, 1.00, 0.00, 1.00, 0.00, 1.00, 0.00, 1.00, 0.00, 1.00, 0.00, 0.00, 0.00, 0.00
8512,  0,  283.700,  0.98,  1, 0.04, 0.00, 1.33, 0.00, 1.39, 1.13, 0.00, 0.27, 1.00, 1.13, 0.92, 1.79, 0.98, 0.02, 0.00, 0.00, 1.15, 0.00, 0.00, 1.00, 0.00, 1.00, 1.00, 0.00, 1.00, 0.00, 1.00, 0.00, 1.00, 0.00, 1.00, 0.00, 0.00, 0.00, 1.00
8513,  0,  283.733,  0.98,  1, 0.15, 0.00, 1.28, 0.00, 1.43, 0.62, 0.00, 0.29, 1.03, 1.20, 1.12, 1.69, 1.06, 0.00, 0.00, 0.00, 1.82, 0.00, 0.00, 1.00, 0.00, 1.00, 1.00, 0.00, 1.00, 0.00, 1.00, 0.00, 1.00, 0.00, 0.00, 0.00, 0.00, 0.00, 1.00
8514,  0,  283.767,  0.88,  1, 0.17, 0.04, 1.35, 0.05, 1.46, 0.39, 0.00, 0.28, 1.08, 1.49, 1.24, 1.62, 0.96, 0.00, 0.00, 0.00, 2.19, 0.00, 0.00, 1.00, 0.00, 1.00, 1.00, 0.00, 1.00, 1.00, 1.00, 0.00, 1.00, 0.00, 0.00, 0.00, 0.00, 0.00, 1.00
8515,  0,  283.800,  0.88,  1, 0.17, 0.13, 1.46, 0.05, 1.58, 0.19, 0.00, 0.38, 1.17, 1.92, 1.04, 1.46, 0.80, 0.00, 0.00, 0.00, 2.37, 0.00, 0.00, 1.00, 0.00, 1.00, 1.00, 0.00, 1.00, 1.00, 1.00, 0.00, 1.00, 0.00, 0.00, 0.00, 0.00, 0.00, 1.00
8516,  0,  283.833,  0.88,  1, 0.06, 0.22, 1.61, 0.07, 1.70, 0.50, 0.00, 0.50, 1.29, 2.33, 0.77, 1.49, 0.77, 0.00, 0.00, 0.00, 2.37, 0.00, 0.00, 1.00, 1.00, 1.00, 1.00, 0.00, 1.00, 1.00, 1.00, 0.00, 1.00, 0.00, 0.00, 0.00, 0.00, 0.00, 1.00
8517,  0,  283.867,  0.88,  1, 0.01, 0.25, 1.67, 0.10, 1.83, 0.93, 0.00, 0.50, 1.36, 2.40, 0.60, 1.60, 0.87, 0.00, 0.03, 0.00, 2.26, 0.00, 0.00, 1.00, 1.00, 1.00, 1.00, 0.00, 1.00, 1.00, 1.00, 0.00, 1.00, 0.00, 0.00, 0.00, 0.00, 0.00, 1.00
8518,  0,  283.900,  0.88,  1, 0.00, 0.43, 1.62, 0.10, 1.89, 1.40, 0.00, 0.38, 1.43, 2.25, 0.48, 1.73, 0.96, 0.00, 0.03, 0.00, 1.70, 0.00, 0.00, 1.00, 1.00, 1.00, 1.00, 0.00, 1.00, 1.00, 1.00, 0.00, 1.00, 0.00, 0.00, 0.00, 0.00, 0.00, 1.00
8519,  0,  283.933,  0.98,  1, 0.02, 0.53, 1.52, 0.08, 1.78, 1.45, 0.00, 0.30, 1.41, 2.10, 0.53, 1.68, 0.96, 0.00, 0.03, 0.00, 0.96, 0.00, 0.00, 1.00, 1.00, 1.00, 1.00, 0.00, 1.00, 1.00, 1.00, 0.00, 1.00, 0.00, 1.00, 0.00, 0.00, 0.00, 0.00
8520,  0,  283.967,  0.98,  1, 0.02, 0.78, 1.37, 0.00, 1.48, 1.05, 0.00, 0.15, 1.32, 1.70, 0.52, 1.55, 0.91, 0.00, 0.09, 0.00, 0.31, 0.00, 0.00, 1.00, 1.00, 1.00, 1.00, 0.00, 1.00, 1.00, 1.00, 0.00, 1.00, 0.00, 1.00, 0.00, 0.00, 0.00, 0.00
8521,  0,  284.000,  0.98,  1, 0.07, 0.86, 1.33, 0.00, 1.09, 0.74, 0.00, 0.09, 1.11, 1.16, 0.70, 1.40, 0.82, 0.02, 0.10, 0.00, 0.06, 0.00, 0.00, 1.00, 1.00, 1.00, 1.00, 0.00, 1.00, 1.00, 1.00, 0.00, 1.00, 0.00, 1.00, 0.00, 0.00, 0.00, 0.00
8522,  0,  284.033,  0.98,  1, 0.11, 0.89, 1.23, 0.00, 0.84, 0.56, 0.00, 0.00, 0.98, 0.61, 0.77, 1.34, 0.78, 0.05, 0.10, 0.00, 0.00, 0.00, 0.00, 1.00, 1.00, 1.00, 1.00, 0.00, 1.00, 1.00, 1.00, 0.00, 1.00, 0.00, 1.00, 0.00, 0.00, 0.00, 0.00
8523,  0,  284.067,  0.98,  1, 0.11, 0.68, 1.18, 0.00, 0.64, 0.57, 0.00, 0.00, 0.92, 0.29, 0.76, 1.29, 0.71, 0.13, 0.01, 0.00, 0.00, 0.00, 0.00, 1.00, 1.00, 1.00, 1.00, 0.00, 0.00, 1.00, 0.00, 0.00, 1.00, 0.00, 1.00, 0.00, 0.00, 0.00, 0.00
8524,  0,  284.100,  0.98,  1, 0.10, 0.38, 1.23, 0.00, 0.54, 0.59, 0.00, 0.00, 0.92, 0.18, 0.71, 1.18, 0.67, 0.18, 0.00, 0.00, 0.00, 0.00, 1.00, 1.00, 1.00, 1.00, 1.00, 0.00, 0.00, 1.00, 0.00, 0.00, 1.00, 0.00, 1.00, 0.00, 0.00, 0.00, 0.00
8525,  0,  284.133,  0.98,  1, 0.04, 0.20, 1.38, 0.00, 0.48, 0.69, 0.00, 0.00, 0.97, 0.07, 0.81, 1.06, 0.48, 0.24, 0.00, 0.00, 0.00, 0.00, 1.00, 1.00, 1.00, 1.00, 1.00, 0.00, 0.00, 1.00, 0.00, 0.00, 1.00, 0.00, 1.00, 0.00, 0.00, 0.00, 0.00
8526,  0,  284.167,  0.98,  1, 0.10, 0.20, 1.58, 0.00, 0.50, 0.82, 0.00, 0.00, 1.07, 0.07, 0.90, 0.97, 0.34, 0.27, 0.00, 0.00, 0.00, 0.00, 1.00, 1.00, 1.00, 1.00, 1.00, 0.00, 0.00, 1.00, 0.00, 0.00, 1.00, 0.00, 1.00, 0.00, 0.00, 0.00, 0.00
8527,  0,  284.200,  0.98,  1, 0.19, 0.18, 1.64, 0.00, 0.58, 1.04, 0.00, 0.00, 1.11, 0.00, 1.10, 1.05, 0.15, 0.32, 0.00, 0.00, 0.00, 0.00, 1.00, 1.00, 1.00, 1.00, 1.00, 0.00, 0.00, 1.00, 0.00, 0.00, 1.00, 0.00, 1.00, 0.00, 0.00, 0.00, 0.00
8528,  0,  284.233,  0.98,  1, 0.37, 0.19, 1.72, 0.00, 0.63, 1.32, 0.00, 0.00, 1.07, 0.00, 1.24, 1.23, 0.10, 0.33, 0.00, 0.00, 0.00, 0.00, 1.00, 1.00, 1.00, 1.00, 1.00, 0.00, 0.00, 1.00, 0.00, 0.00, 1.00, 0.00, 1.00, 0.00, 0.00, 0.00, 0.00
8529,  0,  284.267,  0.98,  1, 0.54, 0.16, 1.91, 0.00, 0.71, 1.57, 0.00, 0.00, 1.07, 0.14, 1.53, 1.33, 0.06, 0.22, 0.00, 0.00, 0.00, 0.00, 1.00, 1.00, 1.00, 1.00, 1.00, 0.00, 0.00, 1.00, 0.00, 1.00, 1.00, 0.00, 1.00, 0.00, 0.00, 0.00, 0.00
8530,  0,  284.300,  0.98,  1, 0.68, 0.19, 2.03, 0.00, 0.73, 1.41, 0.00, 0.00, 1.09, 0.41, 1.76, 1.46, 0.16, 0.10, 0.00, 0.00, 0.00, 0.00, 1.00, 1.00, 1.00, 1.00, 1.00, 0.00, 0.00, 1.00, 0.00, 1.00, 1.00, 0.00, 0.00, 0.00, 0.00, 0.00, 0.00
8531,  0,  284.333,  0.98,  1, 0.78, 0.15, 2.27, 0.00, 0.80, 1.44, 0.00, 0.15, 1.22, 0.73, 1.97, 1.54, 0.35, 0.00, 0.00, 0.00, 0.00, 0.00, 1.00, 1.00, 1.00, 1.00, 1.00, 0.00, 0.00, 1.00, 0.00, 1.00, 1.00, 0.00, 0.00, 0.00, 0.00, 0.00, 0.00
8532,  0,  284.367,  0.98,  1, 0.55, 0.07, 2.32, 0.00, 0.94, 1.53, 0.00, 0.42, 1.39, 0.83, 2.09, 1.48, 0.62, 0.00, 0.00, 0.00, 0.00, 0.00, 1.00, 1.00, 1.00, 1.00, 1.00, 0.00, 1.00, 1.00, 0.00, 1.00, 1.00, 0.00, 0.00, 0.00, 0.00, 0.00, 0.00
8533,  0,  284.400,  0.98,  1, 0.35, 0.00, 2.42, 0.00, 1.11, 1.62, 0.00, 0.74, 1.60, 0.77, 2.11, 1.31, 0.84, 0.00, 0.00, 0.00, 0.00, 0.00, 1.00, 1.00, 1.00, 1.00, 1.00, 0.00, 1.00, 1.00, 0.00, 1.00, 1.00, 0.00, 0.00, 0.00, 0.00, 0.00, 0.00
8534,  0,  284.433,  0.98,  1, 0.21, 0.00, 2.44, 0.00, 1.22, 1.46, 0.00, 0.91, 1.74, 0.79, 1.93, 1.20, 1.04, 0.00, 0.00, 0.00, 0.00, 0.00, 1.00, 1.00, 1.00, 1.00, 1.00, 0.00, 1.00, 1.00, 0.00, 0.00, 1.00, 0.00, 0.00, 0.00, 0.00, 0.00, 0.00
8535,  0,  284.467,  0.98,  1, 0.35, 0.08, 2.50, 0.00, 1.17, 1.16, 0.00, 0.95, 1.76, 0.82, 1.76, 1.30, 0.89, 0.02, 0.00, 0.00, 0.00, 0.00, 1.00, 1.00, 1.00, 1.00, 1.00, 0.00, 1.00, 1.00, 0.00, 0.00, 1.00, 0.00, 0.00, 0.00, 0.00, 0.00, 0.00
8536,  0,  284.500,  0.98,  1, 0.42, 0.08, 2.56, 0.00, 1.09, 1.20, 0.00, 0.93, 1.74, 0.89, 1.70, 1.40, 0.61, 0.04, 0.00, 0.00, 0.00, 0.00, 1.00, 1.00, 1.00, 1.00, 1.00, 0.00, 1.00, 1.00, 0.00, 0.00, 1.00, 0.00, 0.00, 0.00, 0.00, 0.00, 0.00
8537,  0,  284.533,  0.98,  1, 0.38, 0.09, 2.55, 0.00, 1.02, 1.26, 0.00, 0.92, 1.67, 0.80, 1.74, 1.49, 0.34, 0.06, 0.00, 0.00, 0.00, 0.00, 1.00, 1.00, 1.00, 1.00, 1.00, 0.00, 1.00, 1.00, 0.00, 0.00, 1.00, 0.00, 0.00, 0.00, 0.00, 0.00, 0.00
8538,  0,  284.567,  0.98,  1, 0.30, 0.08, 2.54, 0.00, 0.99, 1.35, 0.00, 0.94, 1.72, 0.70, 1.88, 1.62, 0.18, 0.14, 0.00, 0.00, 0.00, 0.00, 1.00, 1.00, 1.00, 1.00, 1.00, 0.00, 1.00, 1.00, 0.00, 0.00, 1.00, 0.00, 0.00, 0.00, 0.00, 0.00, 0.00
8539,  0,  284.600,  0.98,  1, 0.33, 0.25, 2.46, 0.00, 0.81, 1.36, 0.00, 0.94, 1.76, 0.50, 1.85, 1.61, 0.13, 0.22, 0.00, 0.00, 0.00, 0.00, 1.00, 1.00, 1.00, 1.00, 1.00, 0.00, 1.00, 1.00, 0.00, 0.00, 1.00, 0.00, 0.00, 0.00, 0.00, 0.00, 0.00
8540,  0,  284.633,  0.98,  1, 0.43, 0.42, 2.40, 0.00, 0.68, 1.48, 0.00, 0.93, 1.75, 0.31, 1.86, 1.49, 0.00, 0.29, 0.00, 0.00, 0.00, 0.00, 1.00, 1.00, 1.00, 1.00, 1.00, 0.00, 1.00, 1.00, 0.00, 0.00, 1.00, 0.00, 0.00, 0.00, 0.00, 0.00, 0.00
8541,  0,  284.667,  0.98,  1, 0.47, 0.49, 2.39, 0.00, 0.56, 1.61, 0.00, 0.92, 1.51, 0.47, 1.70, 1.29, 0.00, 0.34, 0.00, 0.00, 0.00, 0.00, 1.00, 1.00, 1.00, 1.00, 1.00, 0.00, 1.00, 1.00, 0.00, 0.00, 1.00, 0.00, 0.00, 0.00, 0.00, 0.00, 0.00
8542,  0,  284.700,  0.98,  1, 0.32, 0.42, 2.49, 0.00, 0.65, 1.80, 0.00, 0.96, 1.39, 0.89, 1.55, 1.38, 0.00, 0.44, 0.00, 0.00, 0.00, 0.00, 1.00, 1.00, 0.00, 1.00, 1.00, 0.00, 1.00, 1.00, 0.00, 0.00, 1.00, 0.00, 0.00, 0.00, 0.00, 0.00, 0.00
8543,  0,  284.733,  0.98,  1, 0.15, 0.29, 2.50, 0.00, 0.70, 1.74, 0.00, 1.04, 1.35, 1.27, 1.39, 1.41, 0.00, 0.45, 0.00, 0.00, 0.00, 0.00, 1.00, 1.00, 0.00, 1.00, 1.00, 0.00, 1.00, 1.00, 0.00, 0.00, 1.00, 0.00, 0.00, 0.00, 0.00, 0.00, 0.00
8544,  0,  284.767,  0.98,  1, 0.10, 0.30, 2.44, 0.00, 0.74, 1.77, 0.00, 1.20, 1.51, 1.11, 1.22, 1.45, 0.00, 0.39, 0.00, 0.00, 0.00, 0.00, 1.00, 1.00, 1.00, 1.00, 1.00, 0.00, 1.00, 1.00, 0.00, 0.00, 1.00, 0.00, 0.00, 0.00, 0.00, 0.00, 0.00
8545,  0,  284.800,  0.98,  1, 0.09, 0.27, 2.34, 0.00, 0.71, 1.79, 0.00, 1.41, 1.57, 0.78, 1.24, 1.22, 0.00, 0.27, 0.00, 0.00, 0.00, 0.00, 1.00, 1.00, 1.00, 1.00, 1.00, 0.00, 1.00, 1.00, 0.00, 0.00, 1.00, 0.00, 0.00, 0.00, 0.00, 0.00, 0.00
8546,  0,  284.833,  0.98,  1, 0.05, 0.32, 2.25, 0.00, 0.70, 1.69, 0.00, 1.59, 1.63, 0.49, 1.13, 1.13, 0.00, 0.24, 0.00, 0.00, 0.00, 0.00, 1.00, 1.00, 1.00, 1.00, 1.00, 0.00, 1.00, 1.00, 0.00, 0.00, 1.00, 0.00, 0.00, 0.00, 0.00, 0.00, 0.00
8547,  0,  284.867,  0.98,  1, 0.06, 0.23, 2.33, 0.00, 0.76, 1.66, 0.00, 1.64, 1.57, 0.46, 1.21, 1.09, 0.00, 0.24, 0.00, 0.00, 0.00, 0.00, 1.00, 1.00, 1.00, 1.00, 1.00, 0.00, 1.00, 1.00, 0.00, 0.00, 1.00, 0.00, 0.00, 0.00, 0.00, 0.00, 0.00
8548,  0,  284.900,  0.98,  1, 0.16, 0.26, 2.32, 0.00, 0.84, 1.63, 0.00, 1.59, 1.50, 0.45, 1.13, 1.08, 0.00, 0.31, 0.00, 0.00, 0.00, 0.00, 1.00, 1.00, 1.00, 1.00, 1.00, 0.00, 1.00, 1.00, 0.00, 0.00, 1.00, 0.00, 0.00, 0.00, 0.00, 0.00, 0.00
8549,  0,  284.933,  0.98,  1, 0.29, 0.24, 2.48, 0.00, 0.87, 1.63, 0.00, 1.52, 1.43, 0.51, 1.21, 1.14, 0.00, 0.39, 0.00, 0.00, 0.00, 0.00, 1.00, 1.00, 1.00, 1.00, 1.00, 0.00, 1.00, 1.00, 0.00, 0.00, 1.00, 0.00, 0.00, 0.00, 0.00, 0.00, 0.00
8550,  0,  284.967,  0.98,  1, 0.31, 0.28, 2.49, 0.00, 0.90, 1.61, 0.00, 1.50, 1.36, 0.51, 1.20, 1.07, 0.00, 0.49, 0.00, 0.00, 0.00, 0.00, 1.00, 1.00, 1.00, 1.00, 1.00, 0.00, 1.00, 0.00, 0.00, 0.00, 1.00, 0.00, 0.00, 0.00, 0.00, 0.00, 0.00
8551,  0,  285.000,  0.98,  1, 0.23, 0.26, 2.59, 0.00, 0.98, 1.43, 0.00, 1.54, 1.38, 0.75, 1.30, 1.16, 0.00, 0.61, 0.00, 0.00, 0.00, 0.00, 1.00, 1.00, 1.00, 1.00, 1.00, 0.00, 1.00, 0.00, 0.00, 0.00, 1.00, 0.00, 0.00, 0.00, 0.00, 0.00, 0.00
8552,  0,  285.033,  0.98,  1, 0.10, 0.45, 2.61, 0.00, 1.19, 1.45, 0.06, 1.58, 1.41, 0.91, 1.29, 1.26, 0.00, 0.74, 0.00, 0.00, 0.00, 0.00, 1.00, 1.00, 1.00, 1.00, 1.00, 0.00, 1.00, 0.00, 1.00, 0.00, 1.00, 0.00, 0.00, 0.00, 0.00, 0.00, 0.00
8553,  0,  285.067,  0.98,  1, 0.03, 0.47, 2.55, 0.00, 1.32, 1.16, 0.12, 1.61, 1.47, 1.22, 1.32, 1.41, 0.00, 0.88, 0.00, 0.00, 0.00, 0.00, 1.00, 1.00, 1.00, 1.00, 1.00, 0.00, 1.00, 0.00, 1.00, 0.00, 0.00, 0.00, 0.00, 0.00, 0.00, 0.00, 0.00
8554,  0,  285.100,  0.98,  1, 0.00, 0.47, 2.42, 0.00, 1.49, 1.26, 0.23, 1.63, 1.45, 1.19, 1.12, 1.25, 0.00, 0.87, 0.00, 0.00, 0.00, 0.00, 1.00, 1.00, 1.00, 1.00, 1.00, 0.00, 1.00, 0.00, 1.00, 0.00, 0.00, 0.00, 0.00, 0.00, 0.00, 0.00, 0.00
8555,  0,  285.133,  0.98,  1, 0.00, 0.21, 2.32, 0.00, 1.55, 1.15, 0.19, 1.72, 1.45, 1.15, 1.09, 1.00, 0.00, 0.84, 0.03, 0.00, 0.00, 0.00, 1.00, 1.00, 1.00, 1.00, 1.00, 0.00, 1.00, 0.00, 1.00, 0.00, 0.00, 0.00, 0.00, 0.00, 0.00, 0.00, 0.00
8556,  0,  285.167,  0.98,  1, 0.00, 0.09, 2.27, 0.00, 1.56, 1.25, 0.13, 1.79, 1.59, 1.04, 1.19, 0.86, 0.00, 0.80, 0.70, 0.00, 0.00, 0.00, 1.00, 1.00, 1.00, 1.00, 1.00, 0.00, 1.00, 0.00, 1.00, 0.00, 0.00, 0.00, 0.00, 0.00, 0.00, 0.00, 0.00
8557,  0,  285.200,  0.98,  1, 0.00, 0.00, 2.23, 0.01, 1.39, 1.20, 0.02, 1.65, 1.85, 0.88, 1.32, 1.07, 0.00, 0.75, 1.11, 0.00, 0.00, 0.00, 1.00, 1.00, 1.00, 1.00, 1.00, 0.00, 1.00, 1.00, 1.00, 0.00, 0.00, 0.00, 0.00, 0.00, 0.00, 0.00, 0.00
8558,  0,  285.233,  0.98,  1, 0.00, 0.00, 2.13, 0.01, 1.24, 1.19, 0.00, 1.52, 1.96, 0.96, 1.23, 1.12, 0.02, 0.53, 1.38, 0.00, 0.00, 0.00, 1.00, 1.00, 1.00, 1.00, 1.00, 0.00, 1.00, 1.00, 1.00, 0.00, 0.00, 0.00, 0.00, 0.00, 0.00, 0.00, 0.00
8559,  0,  285.267,  0.98,  1, 0.00, 0.00, 1.98, 0.01, 1.08, 1.10, 0.00, 1.26, 1.96, 0.90, 0.93, 0.88, 0.02, 0.25, 0.94, 0.00, 0.00, 0.00, 1.00, 1.00, 1.00, 1.00, 1.00, 0.00, 1.00, 1.00, 1.00, 0.00, 0.00, 0.00, 0.00, 0.00, 0.00, 0.00, 0.00
8560,  0,  285.300,  0.98,  1, 0.00, 0.00, 1.76, 0.00, 1.04, 1.11, 0.00, 1.19, 1.89, 1.01, 0.69, 0.40, 0.02, 0.03, 0.82, 0.00, 0.00, 0.00, 1.00, 1.00, 1.00, 1.00, 1.00, 0.00, 1.00, 1.00, 1.00, 0.00, 0.00, 0.00, 0.00, 1.00, 0.00, 0.00, 0.00
8561,  0,  285.333,  0.98,  1, 0.00, 0.00, 1.29, 0.00, 0.91, 1.16, 0.00, 1.00, 1.94, 0.99, 0.49, 0.15, 0.00, 0.05, 0.74, 0.00, 0.00, 0.00, 0.00, 1.00, 1.00, 1.00, 1.00, 0.00, 1.00, 1.00, 1.00, 0.00, 0.00, 0.00, 0.00, 1.00, 0.00, 0.00, 0.00
8562,  0,  285.367,  0.98,  1, 0.00, 0.00, 0.96, 0.00, 0.88, 1.33, 0.00, 0.89, 1.90, 1.09, 0.36, 0.13, 0.00, 0.13, 0.84, 0.00, 0.00, 0.00, 0.00, 1.00, 1.00, 1.00, 1.00, 0.00, 1.00, 1.00, 1.00, 0.00, 0.00, 0.00, 0.00, 1.00, 0.00, 0.00, 0.00
8563,  0,  285.400,  0.98,  1, 0.00, 0.00, 0.65, 0.08, 0.84, 1.31, 0.01, 0.78, 1.84, 1.20, 0.25, 0.10, 0.06, 0.19, 0.94, 0.00, 0.00, 0.00, 0.00, 1.00, 1.00, 1.00, 1.00, 0.00, 1.00, 1.00, 1.00, 0.00, 0.00, 0.00, 0.00, 1.00, 0.00, 0.00, 0.00
8564,  0,  285.433,  0.98,  1, 0.00, 0.00, 0.65, 0.21, 0.94, 1.47, 0.02, 0.73, 1.71, 1.15, 0.25, 0.13, 0.22, 0.20, 1.06, 0.00, 0.00, 0.00, 0.00, 1.00, 1.00, 1.00, 1.00, 0.00, 1.00, 1.00, 1.00, 0.00, 0.00, 0.00, 0.00, 1.00, 0.00, 0.00, 0.00
8565,  0,  285.467,  0.98,  1, 0.00, 0.00, 0.79, 0.41, 1.08, 1.60, 0.03, 0.74, 1.67, 1.06, 0.26, 0.12, 0.42, 0.21, 1.13, 0.00, 0.00, 0.00, 0.00, 1.00, 1.00, 1.00, 1.00, 0.00, 1.00, 1.00, 1.00, 0.00, 0.00, 0.00, 0.00, 1.00, 1.00, 0.00, 0.00
8566,  0,  285.500,  0.98,  1, 0.00, 0.00, 1.07, 0.52, 1.23, 1.66, 0.02, 0.75, 1.58, 0.99, 0.18, 0.14, 0.52, 0.24, 1.12, 0.00, 0.00, 0.00, 0.00, 1.00, 1.00, 1.00, 1.00, 0.00, 1.00, 1.00, 1.00, 0.00, 0.00, 0.00, 0.00, 1.00, 1.00, 0.00, 0.00
8567,  0,  285.533,  0.98,  1, 0.00, 0.00, 1.32, 0.58, 1.31, 1.80, 0.01, 0.71, 1.51, 0.98, 0.12, 0.09, 0.41, 0.26, 1.22, 0.00, 0.00, 0.00, 0.00, 1.00, 1.00, 1.00, 1.00, 0.00, 1.00, 1.00, 1.00, 0.00, 0.00, 0.00, 0.00, 1.00, 1.00, 0.00, 0.00
8568,  0,  285.567,  0.98,  1, 0.00, 0.00, 1.44, 0.43, 1.34, 2.00, 0.01, 0.63, 1.45, 0.96, 0.01, 0.05, 0.28, 0.22, 1.22, 0.07, 0.00, 0.00, 0.00, 1.00, 1.00, 1.00, 1.00, 0.00, 1.00, 1.00, 1.00, 0.00, 0.00, 0.00, 0.00, 1.00, 1.00, 0.00, 0.00
8569,  0,  285.600,  0.98,  1, 0.00, 0.00, 1.45, 0.36, 1.30, 2.29, 0.05, 0.51, 1.31, 0.84, 0.01, 0.11, 0.12, 0.19, 1.28, 0.17, 0.00, 0.00, 0.00, 1.00, 1.00, 1.00, 1.00, 0.00, 1.00, 1.00, 1.00, 0.00, 0.00, 0.00, 0.00, 1.00, 1.00, 0.00, 0.00
8570,  0,  285.633,  0.98,  1, 0.00, 0.00, 1.29, 0.26, 1.23, 2.20, 0.05, 0.42, 1.20, 0.76, 0.00, 0.20, 0.07, 0.14, 1.30, 0.21, 0.00, 0.00, 0.00, 1.00, 1.00, 1.00, 1.00, 0.00, 1.00, 1.00, 1.00, 0.00, 0.00, 0.00, 0.00, 1.00, 1.00, 0.00, 0.00
8571,  0,  285.667,  0.98,  1, 0.00, 0.00, 1.06, 0.28, 1.09, 1.93, 0.04, 0.32, 1.01, 0.68, 0.00, 0.37, 0.00, 0.13, 1.30, 0.15, 0.00, 0.00, 0.00, 0.00, 1.00, 1.00, 1.00, 0.00, 1.00, 1.00, 1.00, 0.00, 0.00, 0.00, 0.00, 1.00, 1.00, 0.00, 0.00
8572,  0,  285.700,  0.98,  1, 0.00, 0.00, 1.01, 0.31, 1.00, 1.86, 0.00, 0.27, 0.93, 0.63, 0.00, 0.54, 0.00, 0.12, 1.25, 0.08, 0.00, 0.00, 0.00, 0.00, 1.00, 1.00, 1.00, 0.00, 1.00, 1.00, 1.00, 0.00, 1.00, 0.00, 0.00, 1.00, 1.00, 0.00, 0.00
8573,  0,  285.733,  0.98,  1, 0.00, 0.00, 1.09, 0.45, 0.94, 2.11, 0.00, 0.25, 0.86, 0.61, 0.00, 0.78, 0.00, 0.19, 1.06, 0.10, 0.00, 0.00, 0.00, 0.00, 1.00, 1.00, 1.00, 0.00, 1.00, 1.00, 1.00, 0.00, 1.00, 0.00, 0.00, 0.00, 1.00, 0.00, 0.00
8574,  0,  285.767,  0.98,  1, 0.01, 0.00, 1.28, 0.57, 0.90, 2.42, 0.00, 0.34, 0.77, 0.70, 0.00, 0.89, 0.00, 0.24, 0.81, 0.09, 0.00, 0.00, 0.00, 0.00, 1.00, 1.00, 1.00, 0.00, 1.00, 1.00, 1.00, 0.00, 1.00, 0.00, 0.00, 0.00, 1.00, 0.00, 0.00
8575,  0,  285.800,  0.98,  1, 0.01, 0.00, 1.20, 0.66, 0.90, 2.40, 0.00, 0.44, 0.70, 0.76, 0.00, 0.93, 0.00, 0.27, 0.52, 0.09, 0.00, 0.00, 0.00, 0.00, 1.00, 1.00, 1.00, 0.00, 1.00, 1.00, 1.00, 0.00, 1.00, 0.00, 1.00, 0.00, 0.00, 0.00, 0.00
8576,  0,  285.833,  0.98,  1, 0.10, 0.00, 1.24, 0.73, 0.92, 2.42, 0.00, 0.42, 0.59, 0.83, 0.00, 0.95, 0.03, 0.28, 0.39, 0.04, 0.00, 0.00, 0.00, 1.00, 1.00, 1.00, 1.00, 0.00, 1.00, 1.00, 1.00, 0.00, 1.00, 0.00, 1.00, 0.00, 0.00, 0.00, 0.00
8577,  0,  285.867,  0.98,  1, 0.18, 0.00, 1.28, 0.77, 0.95, 2.61, 0.00, 0.41, 0.53, 0.86, 0.00, 1.00, 0.08, 0.25, 0.28, 0.04, 0.00, 0.00, 0.00, 1.00, 1.00, 1.00, 1.00, 0.00, 1.00, 0.00, 1.00, 0.00, 1.00, 0.00, 1.00, 0.00, 0.00, 0.00, 0.00
8578,  0,  285.900,  0.98,  1, 0.18, 0.00, 1.49, 0.89, 0.94, 2.65, 0.00, 0.39, 0.49, 0.81, 0.00, 1.05, 0.14, 0.32, 0.20, 0.02, 0.00, 0.00, 0.00, 1.00, 1.00, 1.00, 1.00, 0.00, 1.00, 0.00, 1.00, 0.00, 1.00, 0.00, 1.00, 0.00, 0.00, 0.00, 0.00
8579,  0,  285.933,  0.98,  1, 0.11, 0.00, 1.56, 0.76, 0.88, 2.58, 0.00, 0.47, 0.43, 0.69, 0.00, 0.95, 0.28, 0.25, 0.09, 0.00, 0.00, 0.00, 0.00, 1.00, 1.00, 1.00, 1.00, 0.00, 1.00, 0.00, 1.00, 0.00, 1.00, 0.00, 1.00, 0.00, 0.00, 0.00, 0.00
8580,  0,  285.967,  0.98,  1, 0.03, 0.00, 1.51, 0.77, 0.79, 2.24, 0.00, 0.35, 0.39, 0.57, 0.00, 0.88, 0.38, 0.19, 0.18, 0.00, 0.00, 0.00, 0.00, 1.00, 1.00, 1.00, 1.00, 0.00, 1.00, 0.00, 1.00, 0.00, 1.00, 0.00, 1.00, 0.00, 0.00, 0.00, 0.00
8581,  0,  286.000,  0.98,  1, 0.13, 0.10, 1.37, 0.65, 0.73, 2.22, 0.00, 0.18, 0.33, 0.60, 0.00, 0.85, 0.38, 0.09, 0.26, 0.00, 0.00, 0.00, 0.00, 1.00, 1.00, 1.00, 1.00, 0.00, 1.00, 0.00, 1.00, 0.00, 1.00, 0.00, 1.00, 0.00, 0.00, 0.00, 0.00
8582,  0,  286.033,  0.98,  1, 0.13, 0.15, 1.26, 0.65, 0.68, 2.11, 0.00, 0.00, 0.34, 0.62, 0.00, 0.83, 0.37, 0.08, 0.29, 0.00, 0.00, 0.00, 0.00, 1.00, 1.00, 1.00, 1.00, 0.00, 1.00, 0.00, 1.00, 0.00, 1.00, 0.00, 1.00, 0.00, 0.00, 0.00, 0.00
8583,  0,  286.067,  0.98,  1, 0.21, 0.22, 1.30, 0.68, 0.65, 2.09, 0.00, 0.00, 0.37, 0.65, 0.01, 0.82, 0.26, 0.08, 0.27, 0.00, 0.00, 0.00, 0.00, 1.00, 1.00, 1.00, 1.00, 0.00, 1.00, 0.00, 1.00, 0.00, 1.00, 0.00, 1.00, 0.00, 0.00, 0.00, 0.00
8584,  0,  286.100,  0.98,  1, 0.15, 0.12, 1.29, 0.65, 0.66, 2.01, 0.00, 0.00, 0.39, 0.66, 0.12, 0.72, 0.20, 0.04, 0.25, 0.00, 0.00, 0.00, 0.00, 1.00, 1.00, 0.00, 1.00, 0.00, 1.00, 0.00, 1.00, 0.00, 1.00, 0.00, 1.00, 0.00, 0.00, 0.00, 0.00
8585,  0,  286.133,  0.98,  1, 0.22, 0.07, 1.29, 0.67, 0.62, 1.92, 0.00, 0.00, 0.36, 0.74, 0.28, 0.77, 0.04, 0.00, 0.31, 0.00, 0.00, 0.00, 0.00, 1.00, 1.00, 0.00, 1.00, 0.00, 1.00, 0.00, 1.00, 0.00, 1.00, 0.00, 1.00, 0.00, 0.00, 0.00, 0.00
8586,  0,  286.167,  0.98,  1, 0.21, 0.05, 1.26, 0.59, 0.64, 1.81, 0.00, 0.00, 0.33, 0.85, 0.38, 0.78, 0.04, 0.00, 0.29, 0.00, 0.00, 0.00, 0.00, 1.00, 1.00, 1.00, 1.00, 0.00, 1.00, 0.00, 1.00, 0.00, 1.00, 0.00, 1.00, 0.00, 0.00, 0.00, 0.00
8587,  0,  286.200,  0.98,  1, 0.20, 0.04, 1.29, 0.48, 0.66, 1.75, 0.00, 0.01, 0.33, 1.02, 0.39, 0.87, 0.13, 0.01, 0.22, 0.00, 0.00, 0.00, 0.00, 1.00, 1.00, 1.00, 1.00, 0.00, 1.00, 0.00, 1.00, 0.00, 1.00, 0.00, 1.00, 0.00, 0.00, 0.00, 0.00
8588,  0,  286.233,  0.98,  1, 0.11, 0.04, 1.31, 0.41, 0.77, 1.68, 0.00, 0.05, 0.38, 1.22, 0.27, 0.87, 0.18, 0.04, 0.18, 0.00, 0.00, 0.00, 0.00, 1.00, 1.00, 1.00, 1.00, 0.00, 1.00, 0.00, 1.00, 0.00, 1.00, 0.00, 1.00, 0.00, 0.00, 0.00, 0.00
8589,  0,  286.267,  0.98,  1, 0.11, 0.04, 1.35, 0.39, 0.86, 1.73, 0.00, 0.06, 0.42, 1.28, 0.31, 0.91, 0.19, 0.06, 0.18, 0.00, 0.00, 0.00, 0.00, 1.00, 1.00, 1.00, 1.00, 0.00, 1.00, 1.00, 1.00, 0.00, 1.00, 0.00, 1.00, 0.00, 0.00, 0.00, 0.00
8590,  0,  286.300,  0.98,  1, 0.08, 0.04, 1.34, 0.53, 0.89, 1.81, 0.01, 0.07, 0.49, 1.30, 0.38, 0.95, 0.11, 0.10, 0.16, 0.00, 0.00, 0.00, 0.00, 1.00, 1.00, 1.00, 1.00, 0.00, 1.00, 1.00, 1.00, 0.00, 1.00, 0.00, 1.00, 0.00, 0.00, 0.00, 0.00
8591,  0,  286.333,  0.98,  1, 0.08, 0.04, 1.43, 0.69, 0.85, 1.98, 0.01, 0.08, 0.56, 1.22, 0.53, 0.91, 0.05, 0.14, 0.08, 0.00, 0.00, 0.00, 0.00, 1.00, 1.00, 1.00, 1.00, 0.00, 1.00, 1.00, 1.00, 0.00, 1.00, 0.00, 1.00, 0.00, 0.00, 0.00, 0.00
8592,  0,  286.367,  0.98,  1, 0.01, 0.00, 1.39, 0.78, 0.74, 2.00, 0.01, 0.07, 0.65, 1.09, 0.44, 0.86, 0.00, 0.17, 0.05, 0.00, 0.00, 0.00, 0.00, 1.00, 1.00, 1.00, 1.00, 0.00, 1.00, 1.00, 1.00, 0.00, 1.00, 0.00, 1.00, 0.00, 0.00, 0.00, 0.00
8593,  0,  286.400,  0.98,  1, 0.01, 0.00, 1.37, 0.87, 0.67, 1.85, 0.02, 0.05, 0.66, 1.02, 0.27, 0.88, 0.00, 0.19, 0.14, 0.00, 0.00, 0.00, 0.00, 1.00, 1.00, 1.00, 1.00, 0.00, 1.00, 1.00, 1.00, 0.00, 1.00, 0.00, 1.00, 0.00, 0.00, 0.00, 0.00
8594,  0,  286.433,  0.98,  1, 0.01, 0.00, 1.31, 0.79, 0.61, 1.79, 0.05, 0.00, 0.64, 0.99, 0.12, 1.00, 0.00, 0.23, 0.13, 0.00, 0.00, 0.00, 0.00, 1.00, 1.00, 1.00, 1.00, 0.00, 1.00, 1.00, 1.00, 0.00, 1.00, 0.00, 1.00, 0.00, 0.00, 0.00, 0.00
8595,  0,  286.467,  0.98,  1, 0.04, 0.00, 1.26, 0.83, 0.66, 1.77, 0.08, 0.06, 0.60, 1.06, 0.16, 1.03, 0.00, 0.20, 0.16, 0.00, 0.00, 0.00, 0.00, 1.00, 1.00, 1.00, 1.00, 0.00, 1.00, 1.00, 1.00, 0.00, 1.00, 0.00, 1.00, 0.00, 0.00, 0.00, 0.00
8596,  0,  286.500,  0.98,  1, 0.12, 0.00, 1.29, 0.82, 0.70, 1.96, 0.16, 0.08, 0.59, 0.91, 0.16, 0.98, 0.00, 0.14, 0.14, 0.00, 0.00, 0.00, 0.00, 1.00, 1.00, 1.00, 1.00, 0.00, 1.00, 1.00, 1.00, 0.00, 1.00, 0.00, 1.00, 0.00, 0.00, 0.00, 0.00
8597,  0,  286.533,  0.98,  1, 0.16, 0.00, 1.25, 0.85, 0.73, 2.09, 0.20, 0.14, 0.59, 0.84, 0.15, 0.88, 0.00, 0.03, 0.23, 0.00, 0.00, 0.00, 0.00, 1.00, 1.00, 1.00, 1.00, 0.00, 1.00, 1.00, 1.00, 0.00, 1.00, 0.00, 1.00, 0.00, 0.00, 0.00, 0.00
8598,  0,  286.567,  0.98,  1, 0.16, 0.00, 1.23, 0.54, 0.71, 2.33, 0.20, 0.14, 0.59, 0.78, 0.05, 0.75, 0.00, 0.03, 0.24, 0.00, 0.00, 0.00, 0.00, 1.00, 1.00, 1.00, 1.00, 0.00, 1.00, 1.00, 1.00, 0.00, 1.00, 0.00, 1.00, 0.00, 0.00, 0.00, 0.00
8599,  0,  286.600,  0.98,  1, 0.21, 0.00, 1.24, 0.27, 0.69, 2.36, 0.14, 0.14, 0.64, 0.84, 0.02, 0.71, 0.14, 0.02, 0.27, 0.00, 0.51, 0.00, 0.00, 1.00, 1.00, 1.00, 1.00, 0.00, 1.00, 1.00, 1.00, 0.00, 1.00, 0.00, 1.00, 0.00, 0.00, 0.00, 0.00
8600,  0,  286.633,  0.98,  1, 0.28, 0.00, 1.17, 0.22, 0.62, 1.96, 0.10, 0.12, 0.63, 0.78, 0.06, 0.63, 0.29, 0.02, 0.30, 0.00, 1.52, 0.00, 0.00, 1.00, 1.00, 1.00, 1.00, 0.00, 1.00, 1.00, 1.00, 0.00, 1.00, 0.00, 1.00, 0.00, 0.00, 0.00, 1.00
8601,  0,  286.667,  0.93,  1, 0.35, 0.00, 1.20, 0.34, 0.51, 1.25, 0.08, 0.13, 0.59, 0.78, 0.24, 0.69, 0.41, 0.00, 0.32, 0.00, 2.54, 0.00, 0.00, 1.00, 1.00, 1.00, 1.00, 0.00, 1.00, 1.00, 1.00, 0.00, 1.00, 0.00, 1.00, 0.00, 0.00, 0.00, 1.00
8602,  0,  286.700,  0.93,  1, 0.27, 0.00, 1.16, 0.55, 0.36, 0.70, 0.06, 0.27, 0.53, 0.73, 0.40, 0.70, 0.39, 0.00, 0.36, 0.00, 3.02, 0.00, 0.00, 1.00, 1.00, 1.00, 1.00, 0.00, 1.00, 1.00, 1.00, 0.00, 1.00, 0.00, 1.00, 0.00, 0.00, 0.00, 1.00
8603,  0,  286.733,  0.98,  1, 0.16, 0.00, 1.25, 0.51, 0.34, 0.44, 0.05, 0.38, 0.52, 0.72, 0.60, 0.72, 0.24, 0.00, 0.42, 0.00, 3.06, 0.00, 0.00, 1.00, 0.00, 1.00, 1.00, 0.00, 1.00, 0.00, 1.00, 0.00, 1.00, 0.00, 1.00, 0.00, 0.00, 0.00, 1.00
8604,  0,  286.767,  0.98,  1, 0.06, 0.00, 1.30, 0.38, 0.49, 0.83, 0.09, 0.42, 0.65, 0.66, 0.52, 0.72, 0.12, 0.00, 0.36, 0.00, 2.81, 0.00, 0.00, 1.00, 0.00, 1.00, 1.00, 0.00, 1.00, 0.00, 1.00, 0.00, 1.00, 0.00, 1.00, 0.00, 0.00, 0.00, 1.00
8605,  0,  286.800,  0.98,  1, 0.00, 0.00, 1.43, 0.14, 0.66, 1.44, 0.16, 0.35, 0.69, 0.69, 0.54, 0.71, 0.00, 0.00, 0.32, 0.00, 2.48, 0.00, 0.00, 1.00, 0.00, 1.00, 1.00, 0.00, 1.00, 0.00, 1.00, 0.00, 1.00, 0.00, 1.00, 0.00, 0.00, 0.00, 1.00
8606,  0,  286.833,  0.98,  1, 0.00, 0.00, 1.50, 0.01, 0.80, 2.14, 0.20, 0.31, 0.71, 0.69, 0.35, 0.69, 0.00, 0.00, 0.27, 0.00, 1.93, 0.00, 0.00, 1.00, 0.00, 1.00, 1.00, 0.00, 1.00, 0.00, 1.00, 0.00, 1.00, 0.00, 1.00, 0.00, 0.00, 0.00, 1.00
8607,  0,  286.867,  0.98,  1, 0.03, 0.00, 1.59, 0.01, 0.82, 2.37, 0.21, 0.22, 0.62, 0.71, 0.31, 0.67, 0.00, 0.00, 0.32, 0.00, 1.44, 0.00, 0.00, 1.00, 0.00, 1.00, 1.00, 0.00, 1.00, 0.00, 1.00, 0.00, 1.00, 0.00, 1.00, 0.00, 0.00, 0.00, 1.00
8608,  0,  286.900,  0.98,  1, 0.07, 0.01, 1.62, 0.02, 0.81, 2.36, 0.15, 0.12, 0.55, 0.73, 0.22, 0.69, 0.00, 0.00, 0.35, 0.00, 1.01, 0.00, 0.00, 1.00, 0.00, 1.00, 1.00, 0.00, 1.00, 0.00, 1.00, 0.00, 1.00, 0.00, 1.00, 0.00, 0.00, 0.00, 1.00
8609,  0,  286.933,  0.98,  1, 0.13, 0.04, 1.71, 0.02, 0.80, 2.33, 0.08, 0.09, 0.56, 0.77, 0.22, 0.75, 0.00, 0.00, 0.31, 0.00, 0.64, 0.00, 0.00, 1.00, 0.00, 1.00, 1.00, 0.00, 1.00, 0.00, 1.00, 0.00, 1.00, 0.00, 1.00, 0.00, 0.00, 0.00, 0.00
8610,  0,  286.967,  0.98,  1, 0.12, 0.04, 1.64, 0.02, 0.74, 2.37, 0.01, 0.19, 0.57, 0.84, 0.22, 0.84, 0.00, 0.00, 0.34, 0.00, 0.53, 0.00, 0.00, 1.00, 0.00, 1.00, 1.00, 0.00, 1.00, 0.00, 1.00, 0.00, 1.00, 0.00, 1.00, 0.00, 0.00, 0.00, 0.00
8611,  0,  287.000,  0.98,  1, 0.08, 0.04, 1.66, 0.00, 0.64, 2.31, 0.00, 0.26, 0.57, 0.81, 0.24, 0.85, 0.00, 0.00, 0.35, 0.00, 0.36, 0.00, 0.00, 1.00, 0.00, 0.00, 1.00, 0.00, 1.00, 0.00, 1.00, 0.00, 1.00, 0.00, 1.00, 0.00, 0.00, 0.00, 0.00
8612,  0,  287.033,  0.98,  1, 0.02, 0.00, 1.60, 0.00, 0.54, 2.11, 0.00, 0.22, 0.57, 0.76, 0.18, 0.89, 0.00, 0.00, 0.33, 0.00, 0.24, 0.00, 0.00, 1.00, 0.00, 0.00, 1.00, 0.00, 1.00, 0.00, 1.00, 0.00, 1.00, 0.00, 1.00, 0.00, 0.00, 0.00, 0.00
8613,  0,  287.067,  0.98,  1, 0.01, 0.00, 1.62, 0.00, 0.51, 1.98, 0.00, 0.14, 0.54, 0.67, 0.18, 0.86, 0.00, 0.00, 0.28, 0.00, 0.10, 0.00, 0.00, 1.00, 0.00, 0.00, 1.00, 0.00, 1.00, 0.00, 1.00, 0.00, 1.00, 0.00, 1.00, 0.00, 0.00, 0.00, 0.00
8614,  0,  287.100,  0.98,  1, 0.00, 0.00, 1.44, 0.00, 0.50, 1.90, 0.00, 0.16, 0.56, 0.58, 0.06, 0.87, 0.00, 0.00, 0.26, 0.00, 0.09, 0.00, 0.00, 1.00, 1.00, 0.00, 1.00, 0.00, 1.00, 0.00, 1.00, 0.00, 1.00, 0.00, 1.00, 0.00, 0.00, 0.00, 0.00
8615,  0,  287.133,  0.98,  1, 0.02, 0.00, 1.37, 0.00, 0.46, 1.87, 0.00, 0.17, 0.57, 0.51, 0.05, 0.80, 0.00, 0.00, 0.19, 0.00, 0.11, 0.00, 0.00, 1.00, 1.00, 0.00, 1.00, 0.00, 1.00, 1.00, 1.00, 0.00, 1.00, 0.00, 1.00, 0.00, 0.00, 0.00, 0.00
8616,  0,  287.167,  0.98,  1, 0.02, 0.08, 1.25, 0.00, 0.45, 1.81, 0.00, 0.21, 0.62, 0.72, 0.04, 0.87, 0.00, 0.01, 0.16, 0.00, 0.10, 0.00, 0.00, 1.00, 1.00, 0.00, 1.00, 0.00, 1.00, 1.00, 1.00, 0.00, 1.00, 0.00, 1.00, 0.00, 0.00, 0.00, 0.00
8617,  0,  287.200,  0.98,  1, 0.03, 0.15, 1.30, 0.00, 0.48, 1.77, 0.00, 0.17, 0.65, 0.89, 0.13, 0.79, 0.00, 0.01, 0.08, 0.00, 0.03, 0.00, 0.00, 1.00, 1.00, 0.00, 1.00, 0.00, 1.00, 1.00, 1.00, 0.00, 1.00, 0.00, 1.00, 0.00, 0.00, 0.00, 0.00
8618,  0,  287.233,  0.98,  1, 0.11, 0.29, 1.28, 0.00, 0.54, 1.86, 0.00, 0.22, 0.66, 1.13, 0.30, 0.88, 0.00, 0.01, 0.06, 0.00, 0.00, 0.00, 0.00, 1.00, 1.00, 0.00, 1.00, 0.00, 1.00, 1.00, 1.00, 0.00, 1.00, 0.00, 1.00, 0.00, 0.00, 0.00, 0.00
8619,  0,  287.267,  0.98,  1, 0.22, 0.36, 1.33, 0.00, 0.50, 1.81, 0.00, 0.17, 0.68, 1.11, 0.43, 0.77, 0.00, 0.00, 0.09, 0.00, 0.00, 0.00, 0.00, 1.00, 1.00, 0.00, 1.00, 0.00, 1.00, 0.00, 1.00, 0.00, 1.00, 0.00, 1.00, 0.00, 0.00, 0.00, 0.00
8620,  0,  287.300,  0.98,  1, 0.30, 0.46, 1.34, 0.05, 0.47, 1.67, 0.00, 0.12, 0.64, 1.10, 0.49, 0.76, 0.00, 0.00, 0.14, 0.00, 0.00, 0.00, 0.00, 1.00, 1.00, 0.00, 1.00, 0.00, 1.00, 0.00, 1.00, 0.00, 1.00, 0.00, 1.00, 0.00, 0.00, 0.00, 0.00
8621,  0,  287.333,  0.98,  1, 0.32, 0.49, 1.32, 0.05, 0.44, 1.54, 0.00, 0.06, 0.62, 1.10, 0.40, 0.74, 0.00, 0.00, 0.21, 0.00, 0.00, 0.00, 0.00, 1.00, 1.00, 0.00, 1.00, 0.00, 1.00, 0.00, 1.00, 0.00, 1.00, 0.00, 1.00, 0.00, 0.00, 0.00, 0.00
8622,  0,  287.367,  0.98,  1, 0.32, 0.50, 1.38, 0.05, 0.47, 1.54, 0.00, 0.03, 0.59, 1.13, 0.26, 0.66, 0.00, 0.00, 0.29, 0.00, 0.00, 0.00, 0.00, 1.00, 1.00, 0.00, 1.00, 0.00, 1.00, 0.00, 1.00, 0.00, 1.00, 0.00, 1.00, 0.00, 0.00, 0.00, 0.00
8623,  0,  287.400,  0.98,  1, 0.42, 0.52, 1.36, 0.00, 0.46, 1.74, 0.00, 0.03, 0.61, 1.09, 0.14, 0.65, 0.00, 0.00, 0.33, 0.00, 0.00, 0.00, 0.00, 1.00, 1.00, 0.00, 1.00, 0.00, 1.00, 0.00, 1.00, 0.00, 1.00, 0.00, 1.00, 0.00, 0.00, 0.00, 0.00
8624,  0,  287.433,  0.98,  1, 0.42, 0.54, 1.40, 0.00, 0.47, 1.87, 0.00, 0.00, 0.62, 0.98, 0.12, 0.54, 0.00, 0.00, 0.36, 0.00, 0.00, 0.00, 0.00, 1.00, 1.00, 0.00, 1.00, 0.00, 1.00, 0.00, 1.00, 0.00, 0.00, 0.00, 1.00, 0.00, 0.00, 0.00, 0.00
8625,  0,  287.467,  0.98,  1, 0.47, 0.53, 1.36, 0.00, 0.44, 1.98, 0.00, 0.00, 0.62, 0.86, 0.16, 0.52, 0.00, 0.00, 0.35, 0.00, 0.00, 0.00, 0.00, 1.00, 1.00, 0.00, 1.00, 0.00, 1.00, 0.00, 1.00, 0.00, 0.00, 0.00, 1.00, 0.00, 0.00, 0.00, 0.00
8626,  0,  287.500,  0.98,  1, 0.38, 0.43, 1.45, 0.10, 0.41, 1.96, 0.00, 0.05, 0.59, 1.00, 0.20, 0.48, 0.00, 0.00, 0.29, 0.00, 0.00, 0.00, 0.00, 1.00, 1.00, 0.00, 1.00, 0.00, 1.00, 1.00, 1.00, 0.00, 0.00, 0.00, 1.00, 0.00, 0.00, 0.00, 0.00
8627,  0,  287.533,  0.98,  1, 0.27, 0.36, 1.54, 0.28, 0.42, 2.01, 0.00, 0.19, 0.57, 1.08, 0.20, 0.40, 0.00, 0.00, 0.25, 0.00, 0.00, 0.00, 0.00, 1.00, 1.00, 0.00, 1.00, 0.00, 1.00, 1.00, 1.00, 0.00, 0.00, 0.00, 1.00, 0.00, 0.00, 0.00, 0.00
8628,  0,  287.567,  0.98,  1, 0.19, 0.25, 1.67, 0.28, 0.39, 1.94, 0.00, 0.30, 0.59, 1.16, 0.19, 0.40, 0.00, 0.00, 0.17, 0.00, 0.00, 0.00, 0.00, 1.00, 1.00, 0.00, 1.00, 0.00, 1.00, 1.00, 1.00, 0.00, 0.00, 0.00, 1.00, 0.00, 0.00, 0.00, 0.00
8629,  0,  287.600,  0.98,  1, 0.19, 0.17, 1.61, 0.18, 0.42, 1.83, 0.00, 0.27, 0.61, 1.12, 0.19, 0.40, 0.00, 0.00, 0.10, 0.00, 0.00, 0.00, 0.00, 1.00, 1.00, 0.00, 1.00, 0.00, 1.00, 1.00, 1.00, 0.00, 0.00, 0.00, 1.00, 0.00, 0.00, 0.00, 0.00
8630,  0,  287.633,  0.98,  1, 0.27, 0.09, 1.52, 0.00, 0.37, 1.63, 0.00, 0.15, 0.60, 1.18, 0.12, 0.50, 0.00, 0.00, 0.04, 0.00, 0.00, 0.00, 0.00, 1.00, 1.00, 0.00, 1.00, 0.00, 1.00, 0.00, 1.00, 0.00, 1.00, 0.00, 1.00, 0.00, 0.00, 0.00, 0.00
8631,  0,  287.667,  0.98,  1, 0.21, 0.06, 1.41, 0.03, 0.45, 1.44, 0.00, 0.05, 0.60, 1.24, 0.10, 0.54, 0.00, 0.00, 0.00, 0.00, 0.00, 0.00, 0.00, 1.00, 1.00, 0.00, 1.00, 0.00, 1.00, 0.00, 1.00, 0.00, 1.00, 0.00, 1.00, 0.00, 0.00, 0.00, 0.00
8632,  0,  287.700,  0.98,  1, 0.25, 0.12, 1.48, 0.10, 0.50, 1.56, 0.00, 0.03, 0.61, 1.29, 0.13, 0.55, 0.00, 0.00, 0.00, 0.00, 0.00, 0.00, 0.00, 1.00, 1.00, 0.00, 1.00, 0.00, 1.00, 0.00, 1.00, 0.00, 1.00, 0.00, 1.00, 0.00, 0.00, 0.00, 0.00
8633,  0,  287.733,  0.98,  1, 0.26, 0.28, 1.56, 0.19, 0.52, 1.68, 0.00, 0.00, 0.62, 1.34, 0.17, 0.57, 0.00, 0.00, 0.00, 0.00, 0.00, 0.00, 0.00, 1.00, 1.00, 0.00, 1.00, 0.00, 1.00, 0.00, 1.00, 0.00, 1.00, 0.00, 1.00, 0.00, 0.00, 0.00, 0.00
8634,  0,  287.767,  0.98,  1, 0.43, 0.53, 1.63, 0.16, 0.43, 1.84, 0.00, 0.00, 0.63, 1.36, 0.20, 0.61, 0.00, 0.00, 0.00, 0.00, 0.00, 0.00, 0.00, 1.00, 1.00, 0.00, 1.00, 0.00, 1.00, 0.00, 1.00, 0.00, 1.00, 0.00, 1.00, 0.00, 0.00, 0.00, 0.00
8635,  0,  287.800,  0.98,  1, 0.47, 0.67, 1.61, 0.09, 0.37, 1.88, 0.00, 0.00, 0.65, 1.28, 0.19, 0.63, 0.00, 0.00, 0.00, 0.00, 0.00, 0.00, 0.00, 1.00, 1.00, 0.00, 1.00, 0.00, 1.00, 0.00, 1.00, 0.00, 1.00, 0.00, 1.00, 0.00, 0.00, 0.00, 0.00
8636,  0,  287.833,  0.98,  1, 0.49, 0.64, 1.55, 0.01, 0.38, 1.95, 0.00, 0.00, 0.63, 1.11, 0.21, 0.59, 0.00, 0.00, 0.00, 0.00, 0.00, 0.00, 0.00, 1.00, 1.00, 0.00, 1.00, 0.00, 1.00, 0.00, 1.00, 0.00, 1.00, 0.00, 1.00, 0.00, 0.00, 0.00, 0.00
8637,  0,  287.867,  0.98,  1, 0.52, 0.64, 1.57, 0.00, 0.40, 2.05, 0.00, 0.00, 0.61, 0.92, 0.19, 0.57, 0.00, 0.00, 0.00, 0.00, 0.00, 0.00, 0.00, 1.00, 1.00, 0.00, 1.00, 0.00, 1.00, 0.00, 1.00, 0.00, 1.00, 0.00, 1.00, 0.00, 0.00, 0.00, 0.00
8638,  0,  287.900,  0.98,  1, 0.56, 0.62, 1.67, 0.08, 0.48, 2.06, 0.06, 0.00, 0.64, 0.93, 0.26, 0.65, 0.00, 0.00, 0.00, 0.00, 0.00, 0.00, 0.00, 1.00, 1.00, 0.00, 1.00, 0.00, 1.00, 0.00, 1.00, 0.00, 1.00, 0.00, 1.00, 0.00, 0.00, 0.00, 0.00
8639,  0,  287.933,  0.98,  1, 0.60, 0.66, 1.78, 0.11, 0.53, 2.08, 0.06, 0.06, 0.75, 1.09, 0.38, 0.70, 0.00, 0.01, 0.03, 0.00, 0.00, 0.00, 0.00, 1.00, 1.00, 0.00, 1.00, 0.00, 1.00, 0.00, 1.00, 0.00, 1.00, 0.00, 1.00, 0.00, 0.00, 0.00, 0.00
8640,  0,  287.967,  0.98,  1, 0.42, 0.67, 1.66, 0.11, 0.59, 2.06, 0.08, 0.06, 0.80, 1.17, 0.49, 0.77, 0.00, 0.07, 0.05, 0.00, 0.00, 0.00, 0.00, 1.00, 1.00, 0.00, 1.00, 0.00, 1.00, 1.00, 1.00, 0.00, 1.00, 0.00, 1.00, 0.00, 0.00, 0.00, 0.00
8641,  0,  288.000,  0.98,  1, 0.23, 0.73, 1.47, 0.03, 0.60, 1.99, 0.07, 0.06, 0.79, 1.22, 0.51, 0.73, 0.00, 0.09, 0.05, 0.00, 0.00, 0.00, 0.00, 1.00, 1.00, 0.00, 1.00, 0.00, 1.00, 1.00, 1.00, 0.00, 1.00, 0.00, 1.00, 0.00, 0.00, 0.00, 0.00
8642,  0,  288.033,  0.98,  1, 0.19, 0.83, 1.34, 0.01, 0.65, 2.09, 0.09, 0.00, 0.74, 1.17, 0.44, 0.69, 0.00, 0.13, 0.08, 0.00, 0.00, 0.00, 0.00, 1.00, 1.00, 0.00, 1.00, 0.00, 1.00, 1.00, 1.00, 0.00, 1.00, 0.00, 1.00, 0.00, 0.00, 0.00, 0.00
8643,  0,  288.067,  0.98,  1, 0.26, 0.85, 1.38, 0.01, 0.69, 2.18, 0.11, 0.00, 0.72, 1.18, 0.39, 0.64, 0.00, 0.10, 0.09, 0.00, 0.00, 0.00, 0.00, 1.00, 1.00, 0.00, 1.00, 0.00, 1.00, 1.00, 1.00, 0.00, 1.00, 0.00, 1.00, 0.00, 0.00, 0.00, 0.00
8644,  0,  288.100,  0.98,  1, 0.28, 0.79, 1.41, 0.06, 0.66, 2.22, 0.10, 0.00, 0.73, 1.20, 0.33, 0.61, 0.00, 0.11, 0.09, 0.00, 0.00, 0.00, 0.00, 1.00, 1.00, 0.00, 1.00, 0.00, 1.00, 1.00, 1.00, 0.00, 1.00, 0.00, 1.00, 0.00, 0.00, 0.00, 0.00
8645,  0,  288.133,  0.98,  1, 0.21, 0.73, 1.44, 0.04, 0.64, 2.04, 0.11, 0.03, 0.74, 1.22, 0.33, 0.62, 0.00, 0.10, 0.04, 0.00, 0.00, 0.00, 0.00, 1.00, 1.00, 0.00, 1.00, 0.00, 1.00, 1.00, 1.00, 0.00, 1.00, 0.00, 1.00, 0.00, 0.00, 0.00, 0.00
8646,  0,  288.167,  0.98,  1, 0.17, 0.65, 1.42, 0.04, 0.61, 1.86, 0.13, 0.09, 0.76, 1.30, 0.36, 0.62, 0.00, 0.12, 0.01, 0.00, 0.00, 0.00, 0.00, 1.00, 1.00, 0.00, 1.00, 0.00, 1.00, 1.00, 1.00, 0.00, 0.00, 0.00, 1.00, 0.00, 0.00, 0.00, 0.00
8647,  0,  288.200,  0.98,  1, 0.26, 0.73, 1.43, 0.02, 0.65, 1.79, 0.10, 0.15, 0.76, 1.34, 0.40, 0.69, 0.00, 0.12, 0.01, 0.00, 0.00, 0.00, 0.00, 1.00, 1.00, 0.00, 1.00, 0.00, 1.00, 1.00, 1.00, 0.00, 1.00, 0.00, 1.00, 0.00, 0.00, 0.00, 0.00
8648,  0,  288.233,  0.98,  1, 0.25, 0.51, 1.37, 0.03, 0.66, 1.87, 0.08, 0.17, 0.81, 1.34, 0.46, 0.68, 0.00, 0.15, 0.00, 0.00, 0.00, 0.00, 0.00, 1.00, 1.00, 0.00, 1.00, 0.00, 1.00, 1.00, 1.00, 0.00, 1.00, 0.00, 1.00, 0.00, 0.00, 0.00, 0.00
8649,  0,  288.267,  0.98,  1, 0.23, 0.41, 1.38, 0.03, 0.67, 2.00, 0.04, 0.10, 0.85, 1.28, 0.51, 0.71, 0.00, 0.15, 0.00, 0.00, 0.00, 0.00, 0.00, 1.00, 1.00, 0.00, 1.00, 0.00, 1.00, 1.00, 1.00, 0.00, 1.00, 0.00, 1.00, 0.00, 0.00, 0.00, 0.00
8650,  0,  288.300,  0.98,  1, 0.10, 0.26, 1.30, 0.01, 0.62, 1.98, 0.04, 0.04, 0.87, 1.22, 0.51, 0.65, 0.00, 0.14, 0.01, 0.00, 0.00, 0.00, 0.00, 1.00, 1.00, 1.00, 1.00, 0.00, 1.00, 1.00, 1.00, 0.00, 1.00, 0.00, 1.00, 0.00, 0.00, 0.00, 0.00
8651,  0,  288.333,  0.98,  1, 0.04, 0.28, 1.23, 0.01, 0.58, 1.75, 0.04, 0.00, 0.84, 1.26, 0.45, 0.66, 0.01, 0.10, 0.03, 0.00, 0.00, 0.00, 0.00, 1.00, 1.00, 1.00, 1.00, 0.00, 1.00, 1.00, 1.00, 0.00, 1.00, 0.00, 1.00, 0.00, 0.00, 0.00, 0.00
8652,  0,  288.367,  0.98,  1, 0.00, 0.25, 1.07, 0.01, 0.61, 1.75, 0.02, 0.00, 0.83, 1.27, 0.37, 0.60, 0.01, 0.06, 0.07, 0.00, 0.00, 0.00, 0.00, 1.00, 1.00, 1.00, 1.00, 0.00, 1.00, 1.00, 1.00, 0.00, 0.00, 0.00, 1.00, 0.00, 0.00, 0.00, 0.00
8653,  0,  288.400,  0.98,  1, 0.00, 0.28, 0.98, 0.03, 0.70, 1.92, 0.04, 0.00, 0.86, 1.30, 0.30, 0.58, 0.01, 0.06, 0.12, 0.00, 0.00, 0.00, 0.00, 1.00, 1.00, 1.00, 1.00, 0.00, 1.00, 1.00, 1.00, 0.00, 0.00, 0.00, 1.00, 0.00, 0.00, 0.00, 0.00
8654,  0,  288.433,  0.98,  1, 0.00, 0.29, 0.98, 0.04, 0.76, 2.12, 0.04, 0.00, 0.90, 1.30, 0.30, 0.51, 0.00, 0.03, 0.10, 0.00, 0.00, 0.00, 0.00, 1.00, 1.00, 1.00, 1.00, 0.00, 1.00, 1.00, 1.00, 0.00, 0.00, 0.00, 1.00, 0.00, 0.00, 0.00, 0.00
8655,  0,  288.467,  0.98,  1, 0.00, 0.37, 1.05, 0.06, 0.76, 2.11, 0.04, 0.00, 0.94, 1.36, 0.34, 0.52, 0.00, 0.01, 0.08, 0.00, 0.00, 0.00, 0.00, 1.00, 1.00, 1.00, 1.00, 0.00, 1.00, 1.00, 1.00, 0.00, 0.00, 0.00, 1.00, 0.00, 0.00, 0.00, 0.00
8656,  0,  288.500,  0.98,  1, 0.00, 0.35, 1.16, 0.07, 0.72, 2.09, 0.00, 0.00, 0.92, 1.38, 0.33, 0.53, 0.00, 0.01, 0.02, 0.00, 0.00, 0.00, 0.00, 1.00, 1.00, 1.00, 1.00, 0.00, 1.00, 1.00, 1.00, 0.00, 0.00, 0.00, 1.00, 0.00, 0.00, 0.00, 0.00
8657,  0,  288.533,  0.98,  1, 0.00, 0.39, 1.23, 0.05, 0.72, 2.22, 0.00, 0.00, 0.91, 1.38, 0.37, 0.56, 0.00, 0.00, 0.03, 0.00, 0.00, 0.00, 0.00, 1.00, 1.00, 1.00, 1.00, 0.00, 1.00, 1.00, 1.00, 0.00, 0.00, 0.00, 1.00, 0.00, 0.00, 0.00, 0.00
8658,  0,  288.567,  0.98,  1, 0.00, 0.30, 1.31, 0.03, 0.74, 2.33, 0.03, 0.00, 0.92, 1.32, 0.33, 0.51, 0.00, 0.00, 0.04, 0.00, 0.00, 0.00, 0.00, 1.00, 1.00, 1.00, 1.00, 0.00, 1.00, 1.00, 1.00, 0.00, 0.00, 0.00, 1.00, 0.00, 0.00, 0.00, 0.00
8659,  0,  288.600,  0.98,  1, 0.00, 0.18, 1.28, 0.03, 0.74, 2.31, 0.04, 0.00, 0.98, 1.28, 0.38, 0.42, 0.00, 0.00, 0.09, 0.00, 0.00, 0.00, 0.00, 1.00, 1.00, 1.00, 1.00, 0.00, 1.00, 1.00, 1.00, 0.00, 0.00, 0.00, 1.00, 0.00, 0.00, 0.00, 0.00
8660,  0,  288.633,  0.98,  1, 0.00, 0.19, 1.27, 0.11, 0.74, 2.23, 0.04, 0.00, 1.02, 1.28, 0.36, 0.38, 0.00, 0.00, 0.12, 0.00, 0.00, 0.00, 0.00, 1.00, 1.00, 1.00, 1.00, 0.00, 1.00, 1.00, 1.00, 0.00, 0.00, 0.00, 1.00, 0.00, 0.00, 0.00, 0.00
8661,  0,  288.667,  0.98,  1, 0.00, 0.20, 1.24, 0.15, 0.74, 2.21, 0.01, 0.00, 1.07, 1.28, 0.39, 0.40, 0.00, 0.00, 0.13, 0.00, 0.00, 0.00, 0.00, 1.00, 1.00, 1.00, 1.00, 0.00, 1.00, 1.00, 1.00, 0.00, 0.00, 0.00, 1.00, 0.00, 0.00, 0.00, 0.00
8662,  0,  288.700,  0.98,  1, 0.00, 0.24, 1.27, 0.12, 0.77, 2.16, 0.06, 0.03, 1.09, 1.36, 0.39, 0.43, 0.01, 0.00, 0.07, 0.00, 0.00, 0.00, 0.00, 1.00, 1.00, 1.00, 1.00, 0.00, 1.00, 1.00, 1.00, 0.00, 0.00, 0.00, 1.00, 0.00, 0.00, 0.00, 0.00
8663,  0,  288.733,  0.98,  1, 0.02, 0.18, 1.33, 0.04, 0.76, 2.16, 0.11, 0.06, 1.10, 1.42, 0.39, 0.43, 0.03, 0.00, 0.03, 0.00, 0.00, 0.00, 0.00, 1.00, 1.00, 1.00, 1.00, 0.00, 1.00, 1.00, 1.00, 0.00, 0.00, 0.00, 1.00, 0.00, 0.00, 0.00, 0.00
8664,  0,  288.767,  0.98,  1, 0.02, 0.29, 1.34, 0.00, 0.77, 2.24, 0.11, 0.11, 1.08, 1.41, 0.40, 0.44, 0.03, 0.02, 0.00, 0.00, 0.00, 0.00, 0.00, 1.00, 1.00, 1.00, 1.00, 0.00, 1.00, 1.00, 1.00, 0.00, 0.00, 0.00, 1.00, 0.00, 0.00, 0.00, 0.00
8665,  0,  288.800,  0.98,  1, 0.02, 0.37, 1.47, 0.05, 0.87, 2.46, 0.06, 0.17, 1.09, 1.37, 0.47, 0.60, 0.02, 0.07, 0.00, 0.00, 0.00, 0.00, 0.00, 1.00, 1.00, 1.00, 1.00, 0.00, 1.00, 1.00, 1.00, 0.00, 0.00, 0.00, 1.00, 0.00, 0.00, 0.00, 0.00
8666,  0,  288.833,  0.98,  1, 0.00, 0.32, 1.51, 0.07, 1.00, 2.60, 0.04, 0.29, 1.09, 1.28, 0.60, 0.73, 0.01, 0.10, 0.00, 0.00, 0.00, 0.00, 0.00, 1.00, 1.00, 1.00, 1.00, 0.00, 1.00, 1.00, 1.00, 0.00, 1.00, 0.00, 1.00, 0.00, 0.00, 0.00, 0.00
8667,  0,  288.867,  0.98,  1, 0.00, 0.13, 1.57, 0.13, 1.11, 2.67, 0.05, 0.37, 1.10, 1.39, 0.75, 0.84, 0.04, 0.14, 0.00, 0.00, 0.00, 0.00, 0.00, 1.00, 1.00, 1.00, 1.00, 0.00, 1.00, 1.00, 1.00, 0.00, 1.00, 0.00, 1.00, 0.00, 0.00, 0.00, 0.00
8668,  0,  288.900,  0.98,  1, 0.00, 0.09, 1.48, 0.13, 1.14, 2.64, 0.04, 0.48, 1.10, 1.41, 0.76, 0.84, 0.12, 0.14, 0.05, 0.00, 0.00, 0.00, 0.00, 1.00, 1.00, 1.00, 1.00, 0.00, 1.00, 1.00, 1.00, 0.00, 1.00, 0.00, 1.00, 0.00, 0.00, 0.00, 0.00
8669,  0,  288.933,  0.98,  1, 0.00, 0.13, 1.41, 0.11, 1.19, 2.54, 0.01, 0.46, 1.15, 1.45, 0.66, 0.79, 0.13, 0.18, 0.14, 0.00, 0.00, 0.00, 0.00, 1.00, 1.00, 1.00, 1.00, 0.00, 1.00, 1.00, 1.00, 0.00, 1.00, 0.00, 1.00, 0.00, 0.00, 0.00, 0.00
8670,  0,  288.967,  0.98,  1, 0.00, 0.13, 1.31, 0.16, 1.21, 2.43, 0.00, 0.57, 1.26, 1.36, 0.39, 0.71, 0.10, 0.19, 0.40, 0.00, 0.00, 0.00, 0.00, 1.00, 1.00, 1.00, 1.00, 0.00, 1.00, 1.00, 1.00, 0.00, 1.00, 0.00, 1.00, 0.00, 0.00, 0.00, 0.00
8671,  0,  289.000,  0.98,  1, 0.00, 0.05, 1.34, 0.19, 1.24, 2.37, 0.00, 0.60, 1.37, 1.44, 0.20, 0.54, 0.02, 0.17, 0.71, 0.00, 0.00, 0.00, 0.00, 1.00, 1.00, 1.00, 1.00, 0.00, 1.00, 1.00, 1.00, 0.00, 0.00, 0.00, 1.00, 0.00, 0.00, 0.00, 0.00
8672,  0,  289.033,  0.98,  1, 0.00, 0.00, 1.41, 0.25, 1.31, 2.59, 0.00, 0.85, 1.48, 1.54, 0.04, 0.33, 0.00, 0.12, 1.06, 0.00, 0.00, 0.00, 0.00, 1.00, 1.00, 1.00, 1.00, 0.00, 1.00, 1.00, 1.00, 0.00, 0.00, 0.00, 1.00, 0.00, 0.00, 0.00, 0.00
8673,  0,  289.067,  0.98,  1, 0.00, 0.00, 1.47, 0.13, 1.38, 2.77, 0.00, 0.99, 1.54, 1.71, 0.03, 0.27, 0.00, 0.08, 1.28, 0.00, 0.00, 0.00, 0.00, 1.00, 1.00, 1.00, 1.00, 0.00, 1.00, 1.00, 1.00, 0.00, 0.00, 0.00, 1.00, 1.00, 0.00, 0.00, 0.00
8674,  0,  289.100,  0.98,  1, 0.00, 0.00, 1.34, 0.06, 1.44, 2.75, 0.00, 1.08, 1.59, 1.67, 0.00, 0.22, 0.00, 0.06, 1.46, 0.00, 0.00, 0.00, 0.00, 1.00, 1.00, 1.00, 1.00, 0.00, 1.00, 1.00, 1.00, 0.00, 0.00, 0.00, 1.00, 1.00, 0.00, 0.00, 0.00
8675,  0,  289.133,  0.98,  1, 0.00, 0.00, 1.18, 0.00, 1.44, 2.63, 0.00, 1.05, 1.62, 1.58, 0.00, 0.27, 0.00, 0.04, 1.57, 0.00, 0.00, 0.00, 0.00, 1.00, 1.00, 1.00, 1.00, 0.00, 1.00, 1.00, 1.00, 0.00, 0.00, 0.00, 1.00, 1.00, 0.00, 0.00, 0.00
8676,  0,  289.167,  0.98,  1, 0.00, 0.00, 1.11, 0.03, 1.42, 2.52, 0.00, 0.99, 1.72, 1.57, 0.00, 0.32, 0.00, 0.00, 1.64, 0.00, 0.00, 0.00, 0.00, 1.00, 1.00, 1.00, 1.00, 0.00, 1.00, 1.00, 1.00, 0.00, 0.00, 0.00, 1.00, 1.00, 1.00, 0.00, 0.00
8677,  0,  289.200,  0.98,  1, 0.00, 0.00, 1.13, 0.12, 1.43, 2.54, 0.00, 1.00, 1.80, 1.64, 0.00, 0.42, 0.00, 0.00, 1.71, 0.07, 0.00, 0.00, 0.00, 1.00, 1.00, 1.00, 1.00, 0.00, 1.00, 1.00, 1.00, 0.00, 0.00, 0.00, 1.00, 1.00, 1.00, 0.00, 0.00
8678,  0,  289.233,  0.98,  1, 0.03, 0.00, 1.22, 0.15, 1.43, 2.53, 0.00, 0.93, 1.86, 1.61, 0.00, 0.38, 0.00, 0.00, 1.88, 0.17, 0.00, 0.00, 0.00, 1.00, 1.00, 1.00, 1.00, 0.00, 1.00, 1.00, 1.00, 0.00, 0.00, 0.00, 1.00, 1.00, 1.00, 0.00, 0.00
8679,  0,  289.267,  0.98,  1, 0.08, 0.00, 1.26, 0.11, 1.41, 2.42, 0.00, 0.90, 1.89, 1.57, 0.00, 0.18, 0.00, 0.00, 2.04, 0.21, 0.20, 0.00, 0.00, 1.00, 1.00, 1.00, 1.00, 0.00, 1.00, 1.00, 1.00, 0.00, 0.00, 0.00, 1.00, 1.00, 1.00, 0.00, 0.00
8680,  0,  289.300,  0.98,  1, 0.14, 0.00, 1.37, 0.03, 1.34, 2.06, 0.00, 0.82, 1.92, 1.49, 0.02, 0.03, 0.00, 0.00, 2.17, 0.17, 0.97, 0.00, 0.00, 1.00, 1.00, 1.00, 1.00, 0.00, 1.00, 1.00, 1.00, 0.00, 0.00, 0.00, 1.00, 1.00, 1.00, 0.00, 1.00
8681,  0,  289.333,  0.93,  1, 0.15, 0.00, 1.31, 0.04, 1.22, 1.54, 0.00, 0.79, 1.93, 1.53, 0.03, 0.02, 0.00, 0.00, 2.10, 0.12, 1.89, 0.00, 0.00, 1.00, 1.00, 1.00, 1.00, 0.00, 1.00, 1.00, 1.00, 0.00, 0.00, 0.00, 1.00, 1.00, 0.00, 0.00, 1.00
8682,  0,  289.367,  0.93,  1, 0.14, 0.00, 1.33, 0.12, 1.13, 1.23, 0.00, 0.84, 1.87, 1.63, 0.03, 0.02, 0.00, 0.00, 1.95, 0.16, 2.66, 0.00, 0.00, 1.00, 1.00, 1.00, 1.00, 0.00, 1.00, 1.00, 1.00, 0.00, 0.00, 0.00, 1.00, 1.00, 0.00, 0.00, 1.00
8683,  0,  289.400,  0.93,  1, 0.10, 0.00, 1.32, 0.21, 1.09, 1.27, 0.00, 0.90, 1.80, 1.74, 0.00, 0.13, 0.00, 0.00, 1.59, 0.12, 2.71, 0.00, 0.00, 1.00, 1.00, 1.00, 1.00, 0.00, 1.00, 1.00, 1.00, 0.00, 0.00, 0.00, 1.00, 1.00, 0.00, 0.00, 1.00
8684,  0,  289.433,  0.98,  1, 0.05, 0.00, 1.49, 0.17, 1.17, 1.62, 0.01, 1.00, 1.68, 1.69, 0.00, 0.30, 0.00, 0.00, 1.31, 0.08, 2.44, 0.00, 0.00, 1.00, 1.00, 1.00, 1.00, 0.00, 1.00, 1.00, 1.00, 0.00, 0.00, 0.00, 1.00, 0.00, 0.00, 0.00, 1.00
8685,  0,  289.467,  0.98,  1, 0.02, 0.00, 1.57, 0.08, 1.25, 2.04, 0.05, 0.88, 1.55, 1.53, 0.00, 0.47, 0.00, 0.00, 1.02, 0.00, 1.79, 0.00, 0.00, 1.00, 1.00, 1.00, 1.00, 0.00, 1.00, 1.00, 1.00, 0.00, 0.00, 0.00, 1.00, 0.00, 0.00, 0.00, 1.00
8686,  0,  289.500,  0.98,  1, 0.00, 0.00, 1.52, 0.00, 1.30, 2.33, 0.05, 0.79, 1.44, 1.27, 0.11, 0.52, 0.00, 0.00, 0.97, 0.00, 1.20, 0.00, 0.00, 1.00, 1.00, 1.00, 1.00, 0.00, 1.00, 1.00, 1.00, 0.00, 0.00, 0.00, 1.00, 0.00, 0.00, 0.00, 1.00
8687,  0,  289.533,  0.98,  1, 0.00, 0.00, 1.43, 0.00, 1.29, 2.64, 0.04, 0.67, 1.45, 1.16, 0.15, 0.44, 0.00, 0.00, 0.94, 0.00, 0.59, 0.00, 0.00, 1.00, 1.00, 1.00, 1.00, 0.00, 1.00, 1.00, 1.00, 0.00, 0.00, 0.00, 1.00, 0.00, 0.00, 0.00, 1.00
8688,  0,  289.567,  0.98,  1, 0.00, 0.00, 1.35, 0.00, 1.28, 2.62, 0.01, 0.70, 1.50, 1.11, 0.15, 0.36, 0.00, 0.00, 1.14, 0.00, 0.32, 0.00, 0.00, 1.00, 1.00, 1.00, 1.00, 0.00, 1.00, 1.00, 1.00, 0.00, 0.00, 0.00, 1.00, 0.00, 0.00, 0.00, 1.00
8689,  0,  289.600,  0.98,  1, 0.00, 0.00, 1.37, 0.00, 1.29, 2.75, 0.01, 0.81, 1.56, 1.28, 0.07, 0.22, 0.00, 0.00, 1.32, 0.00, 0.09, 0.00, 0.00, 1.00, 1.00, 1.00, 1.00, 0.00, 1.00, 1.00, 1.00, 0.00, 0.00, 0.00, 1.00, 0.00, 0.00, 0.00, 0.00
8690,  0,  289.633,  0.98,  1, 0.00, 0.00, 1.27, 0.00, 1.36, 2.71, 0.08, 0.93, 1.61, 1.46, 0.06, 0.11, 0.00, 0.00, 1.53, 0.00, 0.05, 0.00, 0.00, 1.00, 1.00, 1.00, 1.00, 0.00, 1.00, 1.00, 1.00, 0.00, 0.00, 0.00, 1.00, 1.00, 0.00, 0.00, 0.00
8691,  0,  289.667,  0.98,  1, 0.00, 0.00, 1.29, 0.00, 1.40, 2.80, 0.12, 0.98, 1.61, 1.46, 0.08, 0.02, 0.00, 0.00, 1.64, 0.16, 0.00, 0.00, 0.00, 1.00, 1.00, 1.00, 1.00, 0.00, 1.00, 1.00, 1.00, 0.00, 0.00, 0.00, 1.00, 1.00, 0.00, 0.00, 0.00
8692,  0,  289.700,  0.98,  1, 0.00, 0.00, 1.34, 0.00, 1.41, 2.75, 0.20, 0.95, 1.59, 1.38, 0.05, 0.00, 0.00, 0.00, 1.76, 0.21, 0.00, 0.00, 0.00, 1.00, 1.00, 1.00, 1.00, 0.00, 1.00, 1.00, 1.00, 0.00, 0.00, 0.00, 1.00, 1.00, 0.00, 0.00, 0.00
8693,  0,  289.733,  0.98,  1, 0.00, 0.00, 1.39, 0.00, 1.40, 2.83, 0.19, 0.95, 1.57, 1.26, 0.01, 0.02, 0.00, 0.00, 1.75, 0.24, 0.00, 0.00, 0.00, 1.00, 1.00, 1.00, 1.00, 0.00, 1.00, 1.00, 1.00, 0.00, 0.00, 0.00, 1.00, 1.00, 0.00, 0.00, 0.00
8694,  0,  289.767,  0.98,  1, 0.00, 0.00, 1.34, 0.00, 1.41, 2.72, 0.19, 0.98, 1.59, 1.29, 0.00, 0.04, 0.00, 0.00, 1.68, 0.09, 0.00, 0.00, 0.00, 1.00, 1.00, 1.00, 1.00, 0.00, 1.00, 1.00, 1.00, 0.00, 0.00, 0.00, 1.00, 1.00, 0.00, 0.00, 0.00
8695,  0,  289.800,  0.98,  1, 0.00, 0.00, 1.32, 0.00, 1.45, 2.74, 0.18, 0.98, 1.58, 1.28, 0.00, 0.13, 0.00, 0.00, 1.52, 0.05, 0.00, 0.00, 0.00, 1.00, 1.00, 1.00, 1.00, 0.00, 1.00, 1.00, 1.00, 0.00, 0.00, 0.00, 1.00, 1.00, 0.00, 0.00, 0.00
8696,  0,  289.833,  0.98,  1, 0.00, 0.00, 1.38, 0.11, 1.44, 2.72, 0.17, 1.02, 1.55, 1.30, 0.00, 0.16, 0.00, 0.00, 1.54, 0.15, 0.00, 0.00, 0.00, 1.00, 1.00, 1.00, 1.00, 0.00, 1.00, 1.00, 1.00, 0.00, 0.00, 0.00, 1.00, 1.00, 0.00, 0.00, 0.00
8697,  0,  289.867,  0.98,  1, 0.00, 0.00, 1.41, 0.14, 1.43, 2.87, 0.11, 1.06, 1.46, 1.22, 0.00, 0.32, 0.04, 0.04, 1.50, 0.27, 0.00, 0.00, 0.00, 1.00, 1.00, 1.00, 1.00, 0.00, 1.00, 1.00, 1.00, 0.00, 0.00, 0.00, 1.00, 1.00, 0.00, 0.00, 0.00
8698,  0,  289.900,  0.98,  1, 0.00, 0.00, 1.43, 0.14, 1.40, 2.99, 0.07, 1.02, 1.38, 1.10, 0.00, 0.32, 0.07, 0.04, 1.45, 0.25, 0.01, 0.00, 0.00, 1.00, 1.00, 1.00, 1.00, 0.00, 1.00, 1.00, 1.00, 0.00, 0.00, 0.00, 1.00, 1.00, 0.00, 0.00, 0.00
8699,  0,  289.933,  0.98,  1, 0.00, 0.00, 1.41, 0.03, 1.40, 2.89, 0.02, 0.87, 1.30, 1.04, 0.00, 0.36, 0.08, 0.03, 1.39, 0.12, 0.01, 0.00, 0.00, 1.00, 1.00, 1.00, 1.00, 0.00, 1.00, 1.00, 1.00, 0.00, 0.00, 0.00, 1.00, 1.00, 0.00, 0.00, 0.00
8700,  0,  289.967,  0.98,  1, 0.00, 0.00, 1.43, 0.00, 1.41, 2.72, 0.04, 0.71, 1.30, 1.17, 0.00, 0.31, 0.04, 0.00, 1.46, 0.01, 0.01, 0.00, 0.00, 1.00, 1.00, 1.00, 1.00, 0.00, 1.00, 1.00, 1.00, 0.00, 0.00, 0.00, 1.00, 1.00, 0.00, 0.00, 0.00
8701,  0,  290.000,  0.98,  1, 0.00, 0.00, 1.42, 0.05, 1.48, 2.56, 0.02, 0.79, 1.41, 1.44, 0.00, 0.28, 0.01, 0.00, 1.59, 0.06, 0.00, 0.00, 0.00, 1.00, 1.00, 1.00, 1.00, 0.00, 1.00, 1.00, 1.00, 0.00, 0.00, 0.00, 1.00, 1.00, 0.00, 0.00, 0.00
8702,  0,  290.033,  0.98,  1, 0.00, 0.00, 1.46, 0.12, 1.58, 2.52, 0.02, 0.93, 1.58, 1.75, 0.00, 0.20, 0.00, 0.00, 1.72, 0.27, 0.00, 0.00, 0.00, 1.00, 1.00, 1.00, 1.00, 0.00, 1.00, 1.00, 1.00, 0.00, 0.00, 0.00, 1.00, 1.00, 1.00, 0.00, 0.00
8703,  0,  290.067,  0.98,  1, 0.00, 0.00, 1.50, 0.28, 1.67, 2.57, 0.00, 1.01, 1.70, 1.96, 0.00, 0.10, 0.00, 0.00, 1.81, 0.49, 0.00, 0.00, 0.00, 1.00, 1.00, 1.00, 1.00, 0.00, 1.00, 1.00, 1.00, 0.00, 0.00, 0.00, 1.00, 1.00, 1.00, 0.00, 0.00
8704,  0,  290.100,  0.98,  1, 0.00, 0.00, 1.45, 0.34, 1.72, 2.65, 0.00, 0.96, 1.76, 2.11, 0.00, 0.08, 0.00, 0.00, 1.90, 0.70, 0.00, 0.00, 0.00, 1.00, 1.00, 1.00, 1.00, 0.00, 1.00, 1.00, 1.00, 0.00, 0.00, 0.00, 1.00, 1.00, 1.00, 0.00, 0.00
8705,  0,  290.133,  0.98,  1, 0.00, 0.00, 1.46, 0.34, 1.74, 2.73, 0.00, 0.97, 1.78, 2.26, 0.00, 0.13, 0.00, 0.00, 1.93, 0.73, 0.00, 0.00, 0.00, 1.00, 1.00, 1.00, 1.00, 0.00, 1.00, 1.00, 1.00, 0.00, 0.00, 0.00, 1.00, 1.00, 1.00, 0.00, 0.00
8706,  0,  290.167,  0.98,  1, 0.00, 0.00, 1.38, 0.19, 1.80, 2.81, 0.00, 1.10, 1.84, 2.32, 0.00, 0.15, 0.00, 0.00, 1.96, 0.75, 0.00, 0.00, 0.00, 1.00, 1.00, 1.00, 1.00, 0.00, 1.00, 1.00, 1.00, 0.00, 0.00, 0.00, 1.00, 1.00, 1.00, 0.00, 0.00
8707,  0,  290.200,  0.98,  1, 0.00, 0.00, 1.38, 0.13, 1.86, 2.88, 0.00, 1.18, 1.88, 2.26, 0.00, 0.10, 0.00, 0.00, 1.97, 0.78, 0.00, 0.00, 0.00, 1.00, 1.00, 1.00, 1.00, 0.00, 1.00, 1.00, 1.00, 0.00, 0.00, 0.00, 1.00, 1.00, 1.00, 0.00, 0.00
8708,  0,  290.233,  0.98,  1, 0.00, 0.00, 1.30, 0.06, 1.88, 2.97, 0.00, 1.16, 1.87, 2.09, 0.00, 0.08, 0.00, 0.00, 1.90, 0.79, 0.00, 0.00, 0.00, 1.00, 1.00, 1.00, 1.00, 0.00, 1.00, 1.00, 1.00, 0.00, 0.00, 0.00, 1.00, 1.00, 1.00, 0.00, 0.00
8709,  0,  290.267,  0.98,  1, 0.00, 0.00, 1.22, 0.06, 1.82, 2.94, 0.00, 1.13, 1.81, 1.96, 0.00, 0.10, 0.00, 0.01, 1.91, 0.73, 0.00, 0.00, 0.00, 1.00, 1.00, 1.00, 1.00, 0.00, 1.00, 1.00, 1.00, 0.00, 0.00, 0.00, 1.00, 1.00, 1.00, 0.00, 0.00
8710,  0,  290.300,  0.98,  1, 0.00, 0.00, 1.15, 0.03, 1.66, 2.74, 0.00, 1.14, 1.69, 1.90, 0.00, 0.24, 0.00, 0.06, 1.75, 0.44, 0.00, 0.00, 0.00, 1.00, 1.00, 1.00, 1.00, 0.00, 1.00, 1.00, 1.00, 0.00, 0.00, 0.00, 1.00, 1.00, 1.00, 0.00, 0.00
8711,  0,  290.333,  0.98,  1, 0.00, 0.00, 1.11, 0.09, 1.48, 2.50, 0.00, 1.15, 1.48, 1.77, 0.00, 0.30, 0.00, 0.07, 1.52, 0.20, 0.00, 0.00, 0.00, 1.00, 1.00, 1.00, 1.00, 0.00, 1.00, 1.00, 1.00, 0.00, 0.00, 0.00, 1.00, 1.00, 0.00, 0.00, 0.00
8712,  0,  290.367,  0.98,  1, 0.00, 0.00, 1.20, 0.08, 1.31, 2.42, 0.03, 0.94, 1.20, 1.47, 0.00, 0.34, 0.00, 0.06, 1.31, 0.00, 0.00, 0.00, 0.00, 1.00, 1.00, 1.00, 1.00, 0.00, 1.00, 1.00, 1.00, 0.00, 0.00, 0.00, 1.00, 1.00, 0.00, 0.00, 0.00
8713,  0,  290.400,  0.98,  1, 0.00, 0.00, 1.33, 0.06, 1.19, 2.41, 0.04, 0.74, 0.94, 1.19, 0.05, 0.42, 0.00, 0.01, 1.20, 0.00, 0.00, 0.00, 0.00, 1.00, 1.00, 1.00, 1.00, 0.00, 1.00, 0.00, 1.00, 0.00, 0.00, 0.00, 1.00, 1.00, 0.00, 0.00, 0.00
8714,  0,  290.433,  0.98,  1, 0.00, 0.00, 1.51, 0.06, 1.02, 2.23, 0.04, 0.55, 0.69, 1.04, 0.13, 0.56, 0.00, 0.00, 1.04, 0.00, 0.00, 0.00, 0.00, 1.00, 1.00, 1.00, 1.00, 0.00, 1.00, 0.00, 1.00, 0.00, 0.00, 0.00, 1.00, 1.00, 0.00, 0.00, 0.00
8715,  0,  290.467,  0.98,  1, 0.00, 0.00, 1.62, 0.08, 0.92, 2.11, 0.02, 0.57, 0.49, 1.12, 0.21, 0.68, 0.00, 0.00, 0.71, 0.00, 0.00, 0.00, 0.00, 1.00, 1.00, 1.00, 1.00, 0.00, 1.00, 0.00, 1.00, 0.00, 0.00, 0.00, 1.00, 0.00, 0.00, 0.00, 0.00
8716,  0,  290.500,  0.98,  1, 0.01, 0.00, 1.64, 0.17, 0.82, 1.97, 0.04, 0.53, 0.30, 1.19, 0.26, 0.71, 0.00, 0.00, 0.51, 0.00, 0.00, 0.00, 0.00, 1.00, 1.00, 1.00, 1.00, 0.00, 1.00, 0.00, 1.00, 0.00, 0.00, 0.00, 1.00, 0.00, 0.00, 0.00, 0.00
8717,  0,  290.533,  0.98,  1, 0.03, 0.00, 1.65, 0.21, 0.83, 2.09, 0.04, 0.57, 0.20, 1.19, 0.27, 0.72, 0.00, 0.00, 0.42, 0.03, 0.00, 0.00, 0.00, 1.00, 1.00, 1.00, 1.00, 0.00, 1.00, 0.00, 1.00, 0.00, 0.00, 0.00, 1.00, 0.00, 0.00, 0.00, 0.00
8718,  0,  290.567,  0.98,  1, 0.04, 0.00, 1.64, 0.28, 0.77, 2.10, 0.06, 0.50, 0.10, 1.12, 0.22, 0.80, 0.00, 0.00, 0.44, 0.03, 0.00, 0.00, 0.00, 1.00, 1.00, 1.00, 1.00, 0.00, 1.00, 0.00, 1.00, 0.00, 0.00, 0.00, 1.00, 0.00, 0.00, 0.00, 0.00
8719,  0,  290.600,  0.98,  1, 0.05, 0.00, 1.68, 0.24, 0.73, 2.15, 0.05, 0.46, 0.05, 1.05, 0.14, 0.82, 0.00, 0.00, 0.45, 0.08, 0.00, 0.00, 0.00, 1.00, 1.00, 1.00, 1.00, 0.00, 1.00, 0.00, 1.00, 0.00, 1.00, 0.00, 1.00, 0.00, 0.00, 0.00, 0.00
8720,  0,  290.633,  0.98,  1, 0.12, 0.00, 1.59, 0.27, 0.62, 1.93, 0.05, 0.42, 0.00, 1.01, 0.14, 0.93, 0.05, 0.00, 0.41, 0.13, 0.00, 0.00, 0.00, 1.00, 1.00, 1.00, 1.00, 0.00, 1.00, 0.00, 1.00, 1.00, 1.00, 0.00, 1.00, 0.00, 0.00, 0.00, 0.00
8721,  0,  290.667,  0.98,  1, 0.29, 0.00, 1.55, 0.37, 0.51, 1.75, 0.02, 0.44, 0.00, 1.03, 0.22, 0.96, 0.09, 0.00, 0.37, 0.22, 0.00, 0.00, 0.00, 1.00, 1.00, 0.00, 1.00, 0.00, 1.00, 0.00, 1.00, 1.00, 1.00, 0.00, 1.00, 0.00, 0.00, 0.00, 0.00
8722,  0,  290.700,  0.98,  1, 0.39, 0.00, 1.47, 0.45, 0.34, 1.61, 0.00, 0.30, 0.00, 0.73, 0.31, 1.18, 0.10, 0.00, 0.20, 0.26, 0.00, 0.00, 0.00, 1.00, 1.00, 0.00, 1.00, 0.00, 1.00, 0.00, 1.00, 1.00, 1.00, 0.00, 1.00, 0.00, 0.00, 0.00, 0.00
8723,  0,  290.733,  0.98,  1, 0.43, 0.00, 1.42, 0.46, 0.19, 1.50, 0.00, 0.22, 0.00, 0.61, 0.48, 1.34, 0.05, 0.00, 0.17, 0.27, 0.00, 0.00, 0.00, 1.00, 1.00, 0.00, 1.00, 0.00, 1.00, 0.00, 1.00, 1.00, 1.00, 0.00, 1.00, 0.00, 0.00, 0.00, 0.00
8724,  0,  290.767,  0.98,  1, 0.39, 0.00, 1.39, 0.27, 0.05, 1.29, 0.00, 0.08, 0.00, 0.41, 0.40, 1.44, 0.01, 0.00, 0.13, 0.40, 0.00, 0.00, 0.00, 1.00, 1.00, 0.00, 1.00, 0.00, 1.00, 0.00, 1.00, 1.00, 1.00, 0.00, 1.00, 0.00, 1.00, 0.00, 0.00
8725,  0,  290.800,  0.98,  1, 0.45, 0.00, 1.31, 0.14, 0.02, 1.20, 0.00, 0.07, 0.00, 0.53, 0.31, 1.36, 0.00, 0.01, 0.21, 0.57, 0.00, 0.00, 0.00, 1.00, 1.00, 0.00, 1.00, 0.00, 1.00, 0.00, 1.00, 1.00, 1.00, 0.00, 1.00, 0.00, 1.00, 0.00, 0.00
8726,  0,  290.833,  0.98,  1, 0.46, 0.00, 1.28, 0.00, 0.00, 1.32, 0.00, 0.00, 0.00, 0.56, 0.04, 1.25, 0.00, 0.06, 0.17, 0.74, 0.00, 0.00, 0.00, 1.00, 1.00, 0.00, 1.00, 0.00, 1.00, 0.00, 1.00, 1.00, 1.00, 0.00, 1.00, 0.00, 1.00, 0.00, 0.00
8727,  0,  290.867,  0.98,  1, 0.46, 0.00, 1.20, 0.05, 0.00, 1.38, 0.00, 0.00, 0.00, 0.59, 0.00, 1.19, 0.05, 0.06, 0.17, 0.86, 0.00, 0.00, 0.00, 1.00, 1.00, 0.00, 1.00, 0.00, 1.00, 0.00, 1.00, 1.00, 1.00, 0.00, 1.00, 0.00, 1.00, 0.00, 0.00
8728,  0,  290.900,  0.98,  1, 0.39, 0.00, 1.21, 0.06, 0.00, 1.23, 0.00, 0.02, 0.00, 0.67, 0.05, 1.21, 0.05, 0.09, 0.19, 0.97, 0.00, 0.00, 0.00, 1.00, 1.00, 0.00, 1.00, 0.00, 1.00, 0.00, 1.00, 1.00, 1.00, 0.00, 1.00, 0.00, 1.00, 0.00, 0.00
8729,  0,  290.933,  0.98,  1, 0.40, 0.00, 1.14, 0.09, 0.00, 1.12, 0.00, 0.02, 0.02, 0.63, 0.17, 1.26, 0.11, 0.15, 0.29, 1.04, 0.00, 0.00, 0.00, 1.00, 1.00, 0.00, 1.00, 0.00, 1.00, 0.00, 1.00, 1.00, 1.00, 0.00, 1.00, 0.00, 1.00, 0.00, 0.00
8730,  0,  290.967,  0.98,  1, 0.38, 0.00, 1.14, 0.04, 0.00, 1.07, 0.00, 0.02, 0.02, 0.70, 0.31, 1.37, 0.06, 0.21, 0.35, 1.10, 0.00, 0.00, 0.00, 1.00, 1.00, 0.00, 1.00, 0.00, 1.00, 0.00, 1.00, 1.00, 1.00, 0.00, 1.00, 0.00, 1.00, 0.00, 0.00
8731,  0,  291.000,  0.98,  1, 0.41, 0.00, 1.09, 0.03, 0.00, 1.16, 0.00, 0.00, 0.04, 0.66, 0.28, 1.42, 0.08, 0.25, 0.49, 1.13, 0.00, 0.00, 0.00, 1.00, 1.00, 0.00, 1.00, 0.00, 1.00, 0.00, 1.00, 1.00, 1.00, 0.00, 1.00, 0.00, 1.00, 0.00, 0.00
8732,  0,  291.033,  0.98,  1, 0.38, 0.00, 1.13, 0.03, 0.00, 1.08, 0.00, 0.00, 0.03, 0.67, 0.25, 1.44, 0.07, 0.24, 0.48, 1.20, 0.00, 0.00, 0.00, 1.00, 1.00, 0.00, 1.00, 0.00, 1.00, 0.00, 1.00, 1.00, 1.00, 0.00, 1.00, 0.00, 1.00, 0.00, 0.00
8733,  0,  291.067,  0.98,  1, 0.42, 0.00, 1.14, 0.05, 0.00, 1.04, 0.00, 0.00, 0.03, 0.68, 0.17, 1.51, 0.10, 0.30, 0.50, 1.19, 0.00, 0.00, 0.00, 1.00, 1.00, 0.00, 1.00, 0.00, 1.00, 0.00, 1.00, 1.00, 1.00, 0.00, 1.00, 0.00, 1.00, 0.00, 0.00
8734,  0,  291.100,  0.98,  1, 0.37, 0.00, 1.08, 0.13, 0.00, 0.89, 0.00, 0.00, 0.00, 0.63, 0.15, 1.48, 0.09, 0.33, 0.51, 1.15, 0.00, 0.00, 0.00, 1.00, 1.00, 0.00, 1.00, 0.00, 1.00, 0.00, 1.00, 1.00, 1.00, 0.00, 1.00, 0.00, 1.00, 0.00, 0.00
8735,  0,  291.133,  0.98,  1, 0.35, 0.00, 0.97, 0.22, 0.00, 0.79, 0.00, 0.00, 0.00, 0.62, 0.06, 1.42, 0.04, 0.35, 0.58, 1.07, 0.00, 0.00, 0.00, 1.00, 1.00, 0.00, 1.00, 0.00, 1.00, 0.00, 1.00, 0.00, 1.00, 0.00, 1.00, 0.00, 1.00, 0.00, 0.00
8736,  0,  291.167,  0.98,  1, 0.19, 0.00, 0.88, 0.24, 0.00, 0.61, 0.00, 0.00, 0.05, 0.40, 0.00, 1.25, 0.00, 0.38, 0.57, 1.16, 0.00, 0.00, 0.00, 1.00, 1.00, 0.00, 1.00, 0.00, 1.00, 0.00, 1.00, 0.00, 1.00, 0.00, 1.00, 0.00, 1.00, 0.00, 0.00
8737,  0,  291.200,  0.98,  1, 0.18, 0.00, 0.84, 0.25, 0.00, 0.59, 0.00, 0.00, 0.10, 0.36, 0.00, 1.21, 0.00, 0.44, 0.50, 1.29, 0.00, 0.00, 0.00, 1.00, 1.00, 0.00, 1.00, 0.00, 1.00, 0.00, 1.00, 0.00, 1.00, 0.00, 1.00, 0.00, 1.00, 0.00, 0.00
8738,  0,  291.233,  0.98,  1, 0.19, 0.00, 0.87, 0.21, 0.00, 0.64, 0.00, 0.00, 0.12, 0.27, 0.00, 1.21, 0.00, 0.43, 0.57, 1.47, 0.00, 0.00, 0.00, 1.00, 1.00, 0.00, 1.00, 0.00, 1.00, 0.00, 1.00, 0.00, 1.00, 0.00, 1.00, 0.00, 1.00, 0.00, 0.00
8739,  0,  291.267,  0.98,  1, 0.25, 0.00, 0.90, 0.27, 0.00, 0.72, 0.00, 0.00, 0.11, 0.29, 0.01, 1.27, 0.00, 0.45, 0.55, 1.53, 0.00, 0.00, 0.00, 1.00, 1.00, 0.00, 1.00, 0.00, 1.00, 0.00, 1.00, 0.00, 1.00, 0.00, 1.00, 0.00, 1.00, 0.00, 0.00
8740,  0,  291.300,  0.98,  1, 0.34, 0.03, 0.98, 0.26, 0.00, 0.67, 0.00, 0.00, 0.11, 0.26, 0.04, 1.34, 0.00, 0.48, 0.45, 1.41, 0.00, 0.00, 0.00, 1.00, 1.00, 0.00, 1.00, 0.00, 1.00, 0.00, 1.00, 0.00, 1.00, 0.00, 1.00, 0.00, 1.00, 0.00, 0.00
8741,  0,  291.333,  0.98,  1, 0.30, 0.03, 0.97, 0.36, 0.00, 0.75, 0.00, 0.00, 0.14, 0.22, 0.04, 1.38, 0.00, 0.54, 0.33, 1.29, 0.00, 0.00, 0.00, 1.00, 1.00, 0.00, 1.00, 0.00, 1.00, 0.00, 1.00, 0.00, 1.00, 0.00, 1.00, 0.00, 1.00, 0.00, 0.00
8742,  0,  291.367,  0.98,  1, 0.37, 0.03, 1.00, 0.27, 0.00, 1.05, 0.00, 0.00, 0.16, 0.25, 0.03, 1.33, 0.00, 0.45, 0.31, 1.07, 0.00, 0.00, 0.00, 1.00, 1.00, 0.00, 1.00, 0.00, 1.00, 0.00, 1.00, 0.00, 1.00, 0.00, 1.00, 0.00, 1.00, 0.00, 0.00
8743,  0,  291.400,  0.98,  1, 0.22, 0.00, 0.90, 0.19, 0.00, 1.35, 0.00, 0.01, 0.22, 0.28, 0.00, 1.25, 0.00, 0.34, 0.34, 1.13, 0.00, 0.00, 0.00, 1.00, 1.00, 0.00, 1.00, 0.00, 1.00, 0.00, 1.00, 0.00, 1.00, 0.00, 1.00, 0.00, 1.00, 0.00, 0.00
8744,  0,  291.433,  0.98,  1, 0.12, 0.00, 0.85, 0.16, 0.01, 1.54, 0.00, 0.01, 0.28, 0.33, 0.01, 1.15, 0.00, 0.22, 0.35, 1.12, 0.00, 0.00, 0.00, 1.00, 1.00, 0.00, 1.00, 0.00, 1.00, 0.00, 1.00, 0.00, 1.00, 0.00, 1.00, 0.00, 1.00, 0.00, 0.00
8745,  0,  291.467,  0.98,  1, 0.00, 0.00, 0.88, 0.15, 0.15, 1.65, 0.00, 0.12, 0.38, 0.29, 0.14, 1.11, 0.00, 0.14, 0.42, 1.20, 0.00, 0.00, 0.00, 1.00, 1.00, 0.00, 1.00, 0.00, 1.00, 0.00, 1.00, 0.00, 1.00, 0.00, 1.00, 0.00, 1.00, 0.00, 0.00
8746,  0,  291.500,  0.98,  1, 0.00, 0.00, 1.10, 0.15, 0.44, 1.89, 0.00, 0.20, 0.59, 0.32, 0.14, 1.04, 0.00, 0.05, 0.52, 1.12, 0.00, 0.00, 0.00, 1.00, 1.00, 0.00, 1.00, 0.00, 1.00, 1.00, 1.00, 0.00, 1.00, 0.00, 1.00, 0.00, 1.00, 0.00, 0.00
8747,  0,  291.533,  0.98,  1, 0.00, 0.00, 1.28, 0.07, 0.71, 1.98, 0.00, 0.35, 0.89, 0.43, 0.21, 0.87, 0.00, 0.00, 0.58, 0.95, 0.00, 0.00, 0.00, 1.00, 1.00, 1.00, 1.00, 0.00, 1.00, 1.00, 1.00, 0.00, 1.00, 0.00, 1.00, 0.00, 1.00, 0.00, 0.00
8748,  0,  291.567,  0.98,  1, 0.00, 0.00, 1.38, 0.16, 0.98, 1.95, 0.00, 0.36, 1.18, 0.59, 0.07, 0.61, 0.00, 0.00, 0.88, 0.62, 0.00, 0.00, 0.00, 1.00, 1.00, 1.00, 1.00, 0.00, 1.00, 1.00, 1.00, 0.00, 0.00, 0.00, 1.00, 1.00, 1.00, 0.00, 0.00
8749,  0,  291.600,  0.98,  1, 0.00, 0.00, 1.29, 0.23, 1.16, 1.82, 0.00, 0.53, 1.40, 0.81, 0.07, 0.37, 0.00, 0.00, 1.21, 0.35, 0.00, 0.00, 0.00, 0.00, 1.00, 1.00, 1.00, 0.00, 1.00, 1.00, 1.00, 0.00, 0.00, 0.00, 1.00, 1.00, 1.00, 0.00, 0.00
8750,  0,  291.633,  0.98,  1, 0.00, 0.00, 1.18, 0.19, 1.35, 1.82, 0.00, 0.65, 1.59, 1.12, 0.00, 0.23, 0.00, 0.00, 1.49, 0.32, 0.00, 0.00, 0.00, 0.00, 1.00, 1.00, 1.00, 0.00, 1.00, 1.00, 1.00, 0.00, 0.00, 0.00, 1.00, 1.00, 1.00, 0.00, 0.00
8751,  0,  291.667,  0.98,  1, 0.00, 0.00, 1.10, 0.37, 1.48, 2.07, 0.00, 0.84, 1.75, 1.47, 0.00, 0.18, 0.00, 0.00, 1.48, 0.55, 0.00, 0.00, 0.00, 0.00, 1.00, 1.00, 1.00, 0.00, 1.00, 1.00, 1.00, 0.00, 0.00, 0.00, 1.00, 1.00, 1.00, 0.00, 0.00
8752,  0,  291.700,  0.98,  1, 0.00, 0.00, 1.18, 0.45, 1.62, 2.31, 0.00, 0.87, 1.81, 1.66, 0.00, 0.14, 0.00, 0.00, 1.52, 0.78, 0.00, 0.00, 0.00, 0.00, 1.00, 1.00, 1.00, 0.00, 1.00, 1.00, 1.00, 0.00, 0.00, 0.00, 1.00, 1.00, 1.00, 0.00, 0.00
8753,  0,  291.733,  0.98,  1, 0.00, 0.00, 1.29, 0.62, 1.71, 2.62, 0.00, 0.93, 1.82, 1.68, 0.00, 0.11, 0.01, 0.00, 1.60, 0.92, 0.00, 0.00, 0.00, 0.00, 1.00, 1.00, 1.00, 0.00, 1.00, 1.00, 1.00, 0.00, 0.00, 0.00, 1.00, 1.00, 1.00, 0.00, 0.00
8754,  0,  291.767,  0.98,  1, 0.00, 0.00, 1.20, 0.60, 1.75, 2.65, 0.00, 0.79, 1.78, 1.70, 0.00, 0.09, 0.05, 0.00, 1.73, 0.99, 0.00, 0.00, 0.00, 0.00, 1.00, 1.00, 1.00, 0.00, 1.00, 1.00, 1.00, 0.00, 0.00, 0.00, 1.00, 1.00, 1.00, 0.00, 0.00
8755,  0,  291.800,  0.98,  1, 0.00, 0.00, 1.10, 0.78, 1.67, 2.71, 0.00, 0.66, 1.76, 1.61, 0.00, 0.06, 0.13, 0.00, 1.83, 0.98, 0.00, 0.00, 0.00, 0.00, 1.00, 1.00, 1.00, 0.00, 1.00, 1.00, 1.00, 0.00, 0.00, 0.00, 1.00, 1.00, 1.00, 0.00, 0.00
8756,  0,  291.833,  0.98,  1, 0.00, 0.00, 1.02, 0.75, 1.66, 2.62, 0.00, 0.51, 1.72, 1.47, 0.00, 0.04, 0.15, 0.00, 1.99, 1.01, 0.00, 0.00, 0.00, 1.00, 1.00, 1.00, 1.00, 0.00, 1.00, 1.00, 1.00, 0.00, 0.00, 0.00, 0.00, 1.00, 1.00, 0.00, 0.00
8757,  0,  291.867,  0.98,  1, 0.00, 0.00, 1.10, 0.53, 1.61, 2.49, 0.00, 0.52, 1.70, 1.26, 0.00, 0.00, 0.11, 0.00, 2.09, 0.99, 0.00, 0.00, 0.00, 1.00, 1.00, 1.00, 1.00, 0.00, 1.00, 1.00, 1.00, 0.00, 0.00, 0.00, 0.00, 1.00, 1.00, 0.00, 0.00
8758,  0,  291.900,  0.98,  1, 0.00, 0.00, 1.16, 0.28, 1.57, 2.25, 0.00, 0.50, 1.63, 1.11, 0.00, 0.05, 0.03, 0.00, 2.07, 1.01, 0.00, 0.00, 0.00, 1.00, 1.00, 1.00, 1.00, 0.00, 1.00, 1.00, 1.00, 0.00, 0.00, 0.00, 0.00, 1.00, 1.00, 0.00, 0.00
8759,  0,  291.933,  0.98,  1, 0.00, 0.00, 1.22, 0.19, 1.41, 2.10, 0.00, 0.42, 1.49, 1.05, 0.00, 0.20, 0.01, 0.03, 1.91, 0.97, 0.00, 0.00, 0.00, 1.00, 1.00, 1.00, 1.00, 0.00, 1.00, 1.00, 1.00, 0.00, 0.00, 0.00, 0.00, 1.00, 1.00, 0.00, 0.00
8760,  0,  291.967,  0.98,  1, 0.00, 0.00, 1.25, 0.18, 1.18, 2.14, 0.00, 0.38, 1.15, 0.90, 0.00, 0.53, 0.01, 0.12, 1.48, 0.85, 0.00, 0.00, 0.00, 1.00, 1.00, 1.00, 1.00, 0.00, 1.00, 1.00, 1.00, 0.00, 0.00, 0.00, 1.00, 1.00, 1.00, 0.00, 0.00
8761,  0,  292.000,  0.98,  1, 0.06, 0.07, 1.32, 0.16, 0.98, 2.23, 0.00, 0.37, 0.82, 0.89, 0.00, 0.93, 0.04, 0.25, 0.90, 0.56, 0.00, 0.00, 0.00, 1.00, 1.00, 1.00, 1.00, 0.00, 1.00, 1.00, 1.00, 0.00, 0.00, 0.00, 1.00, 0.00, 0.00, 0.00, 0.00
8762,  0,  292.033,  0.98,  1, 0.18, 0.07, 1.49, 0.11, 0.84, 2.33, 0.00, 0.33, 0.58, 0.77, 0.04, 1.18, 0.14, 0.32, 0.40, 0.23, 0.00, 0.00, 0.00, 1.00, 1.00, 1.00, 1.00, 0.00, 1.00, 1.00, 1.00, 0.00, 0.00, 0.00, 1.00, 0.00, 0.00, 0.00, 0.00
8763,  0,  292.067,  0.98,  1, 0.19, 0.07, 1.64, 0.26, 0.83, 2.30, 0.00, 0.30, 0.63, 0.82, 0.04, 1.20, 0.14, 0.34, 0.33, 0.06, 0.00, 0.00, 0.00, 1.00, 1.00, 1.00, 1.00, 0.00, 1.00, 1.00, 1.00, 0.00, 0.00, 0.00, 1.00, 0.00, 0.00, 0.00, 0.00
8764,  0,  292.100,  0.98,  1, 0.14, 0.00, 1.65, 0.32, 0.94, 2.46, 0.00, 0.24, 0.86, 0.80, 0.04, 0.96, 0.11, 0.24, 0.67, 0.12, 0.00, 0.00, 0.00, 1.00, 1.00, 1.00, 1.00, 0.00, 1.00, 1.00, 1.00, 0.00, 0.00, 0.00, 1.00, 0.00, 0.00, 0.00, 0.00
8765,  0,  292.133,  0.98,  1, 0.02, 0.00, 1.53, 0.44, 1.08, 2.56, 0.00, 0.34, 1.15, 0.97, 0.00, 0.74, 0.13, 0.18, 1.16, 0.24, 0.00, 0.00, 0.00, 1.00, 1.00, 1.00, 1.00, 0.00, 1.00, 1.00, 1.00, 0.00, 0.00, 0.00, 1.00, 0.00, 0.00, 0.00, 0.00
8766,  0,  292.167,  0.98,  1, 0.00, 0.00, 1.40, 0.49, 1.21, 2.72, 0.00, 0.49, 1.39, 1.17, 0.00, 0.58, 0.13, 0.09, 1.41, 0.34, 0.00, 0.00, 0.00, 1.00, 1.00, 1.00, 1.00, 0.00, 1.00, 1.00, 1.00, 0.00, 0.00, 0.00, 1.00, 1.00, 0.00, 0.00, 0.00
8767,  0,  292.200,  0.98,  1, 0.00, 0.00, 1.34, 0.42, 1.30, 2.60, 0.00, 0.67, 1.54, 1.33, 0.00, 0.48, 0.13, 0.06, 1.53, 0.38, 0.00, 0.00, 0.00, 1.00, 1.00, 1.00, 1.00, 0.00, 1.00, 1.00, 1.00, 0.00, 0.00, 0.00, 1.00, 1.00, 0.00, 0.00, 0.00
8768,  0,  292.233,  0.98,  1, 0.00, 0.00, 1.40, 0.35, 1.40, 2.62, 0.00, 0.81, 1.69, 1.45, 0.00, 0.36, 0.00, 0.05, 1.46, 0.38, 0.00, 0.00, 0.00, 1.00, 1.00, 1.00, 1.00, 0.00, 1.00, 1.00, 1.00, 0.00, 0.00, 0.00, 1.00, 1.00, 0.00, 0.00, 0.00
8769,  0,  292.267,  0.98,  1, 0.00, 0.00, 1.38, 0.12, 1.49, 2.49, 0.00, 0.89, 1.75, 1.48, 0.00, 0.23, 0.04, 0.05, 1.51, 0.33, 0.00, 0.00, 0.00, 1.00, 1.00, 1.00, 1.00, 0.00, 1.00, 1.00, 1.00, 0.00, 0.00, 0.00, 1.00, 1.00, 0.00, 0.00, 0.00
8770,  0,  292.300,  0.98,  1, 0.00, 0.00, 1.37, 0.06, 1.56, 2.55, 0.00, 0.89, 1.78, 1.52, 0.00, 0.16, 0.13, 0.11, 1.57, 0.31, 0.00, 0.00, 0.00, 1.00, 1.00, 1.00, 1.00, 0.00, 1.00, 1.00, 1.00, 0.00, 0.00, 0.00, 1.00, 1.00, 0.00, 0.00, 0.00
8771,  0,  292.333,  0.98,  1, 0.00, 0.10, 1.34, 0.00, 1.61, 2.49, 0.00, 0.87, 1.78, 1.61, 0.00, 0.15, 0.29, 0.14, 1.61, 0.21, 0.00, 0.00, 0.00, 1.00, 1.00, 1.00, 1.00, 0.00, 1.00, 1.00, 1.00, 0.00, 0.00, 0.00, 1.00, 1.00, 0.00, 0.00, 0.00
8772,  0,  292.367,  0.98,  1, 0.00, 0.10, 1.37, 0.00, 1.59, 2.35, 0.00, 0.81, 1.76, 1.66, 0.00, 0.14, 0.30, 0.14, 1.70, 0.12, 0.00, 0.00, 0.00, 1.00, 1.00, 1.00, 1.00, 0.00, 1.00, 1.00, 1.00, 0.00, 0.00, 0.00, 1.00, 1.00, 0.00, 0.00, 0.00
8773,  0,  292.400,  0.98,  1, 0.00, 0.10, 1.43, 0.00, 1.54, 2.34, 0.00, 0.81, 1.71, 1.75, 0.02, 0.35, 0.40, 0.18, 1.62, 0.02, 0.00, 0.00, 0.00, 1.00, 1.00, 1.00, 1.00, 0.00, 1.00, 1.00, 1.00, 0.00, 0.00, 0.00, 1.00, 1.00, 0.00, 0.00, 0.00
8774,  0,  292.433,  0.98,  1, 0.00, 0.00, 1.45, 0.00, 1.44, 2.28, 0.04, 0.69, 1.56, 1.73, 0.13, 0.52, 0.45, 0.18, 1.43, 0.00, 0.00, 0.00, 0.00, 1.00, 1.00, 1.00, 1.00, 0.00, 1.00, 1.00, 1.00, 0.00, 0.00, 0.00, 1.00, 1.00, 0.00, 0.00, 0.00
8775,  0,  292.467,  0.98,  1, 0.00, 0.00, 1.48, 0.00, 1.37, 2.46, 0.14, 0.59, 1.39, 1.64, 0.28, 0.69, 0.47, 0.22, 0.92, 0.00, 0.00, 0.00, 0.00, 1.00, 1.00, 1.00, 1.00, 0.00, 1.00, 1.00, 1.00, 0.00, 0.00, 0.00, 1.00, 1.00, 0.00, 0.00, 0.00
8776,  0,  292.500,  0.98,  1, 0.00, 0.00, 1.42, 0.00, 1.29, 2.49, 0.26, 0.50, 1.22, 1.58, 0.57, 0.69, 0.38, 0.24, 0.43, 0.00, 0.00, 0.00, 0.00, 1.00, 1.00, 1.00, 1.00, 0.00, 1.00, 1.00, 1.00, 1.00, 1.00, 0.00, 1.00, 0.00, 0.00, 0.00, 0.00
8777,  0,  292.533,  0.98,  1, 0.00, 0.00, 1.41, 0.00, 1.24, 2.43, 0.35, 0.40, 1.09, 1.47, 0.71, 0.87, 0.32, 0.38, 0.10, 0.00, 0.00, 0.00, 0.00, 1.00, 1.00, 1.00, 1.00, 0.00, 1.00, 1.00, 1.00, 1.00, 1.00, 0.00, 1.00, 0.00, 0.00, 0.00, 0.00
8778,  0,  292.567,  0.98,  1, 0.00, 0.00, 1.39, 0.00, 1.21, 2.27, 0.35, 0.33, 0.97, 1.46, 0.84, 0.97, 0.40, 0.43, 0.00, 0.00, 0.00, 0.00, 0.00, 1.00, 1.00, 1.00, 1.00, 0.00, 1.00, 1.00, 1.00, 1.00, 1.00, 0.00, 1.00, 0.00, 0.00, 0.00, 0.00
8779,  0,  292.600,  0.98,  1, 0.00, 0.00, 1.41, 0.00, 1.21, 2.17, 0.33, 0.29, 0.99, 1.46, 0.77, 0.96, 0.48, 0.44, 0.00, 0.00, 0.00, 0.00, 0.00, 1.00, 1.00, 1.00, 1.00, 0.00, 1.00, 1.00, 1.00, 1.00, 1.00, 0.00, 1.00, 0.00, 0.00, 0.00, 0.00
8780,  0,  292.633,  0.98,  1, 0.00, 0.00, 1.37, 0.00, 1.24, 2.26, 0.29, 0.44, 1.12, 1.44, 0.51, 0.80, 0.51, 0.30, 0.28, 0.00, 0.00, 0.00, 0.00, 1.00, 1.00, 1.00, 1.00, 0.00, 1.00, 1.00, 1.00, 1.00, 1.00, 0.00, 1.00, 0.00, 0.00, 0.00, 0.00
8781,  0,  292.667,  0.98,  1, 0.00, 0.00, 1.32, 0.00, 1.34, 2.51, 0.23, 0.71, 1.46, 1.56, 0.28, 0.61, 0.47, 0.17, 0.73, 0.06, 0.00, 0.00, 0.00, 1.00, 1.00, 1.00, 1.00, 0.00, 1.00, 1.00, 1.00, 0.00, 1.00, 0.00, 0.00, 0.00, 0.00, 0.00, 0.00
8782,  0,  292.700,  0.98,  1, 0.00, 0.00, 1.17, 0.00, 1.46, 2.70, 0.16, 1.02, 1.68, 1.69, 0.08, 0.37, 0.36, 0.06, 1.32, 0.12, 0.00, 0.00, 0.00, 1.00, 1.00, 1.00, 1.00, 0.00, 1.00, 1.00, 1.00, 0.00, 0.00, 0.00, 0.00, 1.00, 0.00, 0.00, 0.00
8783,  0,  292.733,  0.98,  1, 0.00, 0.00, 1.10, 0.00, 1.61, 2.78, 0.07, 1.22, 1.87, 1.82, 0.08, 0.15, 0.20, 0.01, 1.67, 0.15, 0.00, 0.00, 0.00, 1.00, 1.00, 1.00, 1.00, 0.00, 1.00, 1.00, 1.00, 0.00, 0.00, 0.00, 0.00, 1.00, 0.00, 0.00, 0.00
8784,  0,  292.767,  0.98,  1, 0.00, 0.00, 1.17, 0.00, 1.75, 2.80, 0.03, 1.21, 1.90, 1.75, 0.04, 0.01, 0.09, 0.00, 1.78, 0.20, 0.00, 0.00, 0.00, 1.00, 1.00, 1.00, 1.00, 0.00, 1.00, 1.00, 1.00, 0.00, 0.00, 0.00, 0.00, 1.00, 0.00, 0.00, 0.00
8785,  0,  292.800,  0.98,  1, 0.00, 0.00, 1.31, 0.00, 1.82, 2.65, 0.00, 1.17, 1.92, 1.61, 0.00, 0.00, 0.01, 0.00, 1.76, 0.20, 0.00, 0.00, 0.00, 1.00, 1.00, 1.00, 1.00, 0.00, 1.00, 1.00, 1.00, 0.00, 0.00, 0.00, 0.00, 1.00, 0.00, 0.00, 0.00
8786,  0,  292.833,  0.98,  1, 0.00, 0.00, 1.42, 0.00, 1.90, 2.71, 0.00, 1.21, 1.89, 1.56, 0.00, 0.00, 0.00, 0.00, 1.72, 0.27, 0.00, 0.00, 0.00, 1.00, 1.00, 1.00, 1.00, 0.00, 1.00, 1.00, 1.00, 0.00, 0.00, 0.00, 0.00, 1.00, 0.00, 0.00, 0.00
8787,  0,  292.867,  0.98,  1, 0.00, 0.00, 1.25, 0.00, 1.87, 2.66, 0.00, 1.36, 1.91, 1.60, 0.00, 0.00, 0.00, 0.00, 1.73, 0.27, 0.00, 0.00, 0.00, 1.00, 1.00, 1.00, 1.00, 0.00, 1.00, 1.00, 1.00, 0.00, 0.00, 0.00, 0.00, 1.00, 0.00, 0.00, 0.00
8788,  0,  292.900,  0.98,  1, 0.00, 0.00, 1.15, 0.00, 1.87, 2.81, 0.00, 1.51, 1.98, 1.62, 0.00, 0.00, 0.00, 0.00, 1.81, 0.32, 0.00, 0.00, 0.00, 1.00, 1.00, 1.00, 1.00, 0.00, 1.00, 1.00, 1.00, 0.00, 0.00, 0.00, 0.00, 1.00, 0.00, 0.00, 0.00
8789,  0,  292.933,  0.98,  1, 0.00, 0.00, 1.12, 0.00, 1.90, 2.65, 0.00, 1.56, 2.06, 1.66, 0.00, 0.00, 0.00, 0.00, 1.77, 0.25, 0.00, 0.00, 0.00, 1.00, 1.00, 1.00, 1.00, 0.00, 1.00, 1.00, 1.00, 0.00, 0.00, 0.00, 0.00, 1.00, 0.00, 0.00, 0.00
8790,  0,  292.967,  0.98,  1, 0.00, 0.00, 1.21, 0.00, 2.00, 2.75, 0.03, 1.53, 2.05, 1.69, 0.00, 0.00, 0.00, 0.00, 1.81, 0.21, 0.00, 0.00, 0.00, 1.00, 1.00, 1.00, 1.00, 0.00, 1.00, 1.00, 1.00, 0.00, 0.00, 0.00, 0.00, 1.00, 0.00, 0.00, 0.00
8791,  0,  293.000,  0.98,  1, 0.00, 0.00, 1.26, 0.00, 2.06, 2.61, 0.03, 1.46, 2.07, 1.80, 0.00, 0.00, 0.00, 0.00, 1.82, 0.15, 0.00, 0.00, 0.00, 1.00, 1.00, 1.00, 1.00, 0.00, 1.00, 1.00, 1.00, 0.00, 0.00, 0.00, 0.00, 1.00, 0.00, 0.00, 0.00
8792,  0,  293.033,  0.98,  1, 0.00, 0.00, 1.24, 0.00, 2.13, 2.72, 0.03, 1.43, 2.08, 1.88, 0.00, 0.00, 0.00, 0.00, 1.86, 0.12, 0.00, 0.00, 0.00, 1.00, 1.00, 1.00, 1.00, 0.00, 1.00, 1.00, 1.00, 0.00, 0.00, 0.00, 1.00, 1.00, 0.00, 0.00, 0.00
8793,  0,  293.067,  0.98,  1, 0.00, 0.00, 1.23, 0.00, 2.14, 2.70, 0.00, 1.43, 2.14, 2.01, 0.00, 0.00, 0.00, 0.00, 1.90, 0.05, 0.00, 0.00, 0.00, 1.00, 1.00, 1.00, 1.00, 0.00, 1.00, 1.00, 1.00, 0.00, 0.00, 0.00, 1.00, 1.00, 0.00, 0.00, 0.00
8794,  0,  293.100,  0.98,  1, 0.00, 0.00, 1.32, 0.00, 2.20, 2.78, 0.00, 1.44, 2.15, 2.12, 0.02, 0.00, 0.00, 0.00, 1.90, 0.08, 0.00, 0.00, 0.00, 1.00, 1.00, 1.00, 1.00, 0.00, 1.00, 1.00, 1.00, 0.00, 0.00, 0.00, 1.00, 1.00, 0.00, 0.00, 0.00
8795,  0,  293.133,  0.98,  1, 0.00, 0.00, 1.40, 0.00, 2.22, 2.94, 0.00, 1.44, 2.11, 2.21, 0.02, 0.00, 0.00, 0.00, 1.92, 0.11, 0.00, 0.00, 0.00, 1.00, 1.00, 1.00, 1.00, 0.00, 1.00, 1.00, 1.00, 0.00, 0.00, 0.00, 1.00, 1.00, 0.00, 0.00, 0.00
8796,  0,  293.167,  0.98,  1, 0.00, 0.00, 1.48, 0.00, 2.24, 3.01, 0.03, 1.45, 2.16, 2.26, 0.02, 0.06, 0.00, 0.00, 1.96, 0.22, 0.00, 0.00, 0.00, 1.00, 1.00, 1.00, 1.00, 0.00, 1.00, 1.00, 1.00, 0.00, 0.00, 0.00, 1.00, 1.00, 0.00, 0.00, 0.00
8797,  0,  293.200,  0.98,  1, 0.00, 0.00, 1.42, 0.00, 2.24, 3.13, 0.06, 1.39, 2.16, 2.36, 0.00, 0.08, 0.02, 0.00, 1.96, 0.23, 0.00, 0.00, 0.00, 1.00, 1.00, 1.00, 1.00, 0.00, 1.00, 1.00, 1.00, 0.00, 0.00, 0.00, 1.00, 1.00, 0.00, 0.00, 0.00
8798,  0,  293.233,  0.98,  1, 0.00, 0.00, 1.35, 0.00, 2.22, 2.99, 0.11, 1.36, 2.21, 2.48, 0.00, 0.08, 0.05, 0.00, 2.01, 0.28, 0.00, 0.00, 0.00, 1.00, 1.00, 1.00, 1.00, 0.00, 1.00, 1.00, 1.00, 0.00, 0.00, 0.00, 1.00, 1.00, 0.00, 0.00, 0.00
8799,  0,  293.267,  0.98,  1, 0.00, 0.00, 1.31, 0.00, 2.25, 2.96, 0.08, 1.29, 2.18, 2.58, 0.00, 0.02, 0.05, 0.00, 1.91, 0.33, 0.07, 0.00, 0.00, 1.00, 1.00, 1.00, 1.00, 0.00, 1.00, 1.00, 1.00, 0.00, 0.00, 0.00, 0.00, 1.00, 0.00, 0.00, 0.00
8800,  0,  293.300,  0.98,  1, 0.00, 0.00, 1.41, 0.00, 2.28, 2.94, 0.06, 1.26, 2.19, 2.52, 0.00, 0.00, 0.03, 0.00, 1.85, 0.34, 0.13, 0.00, 0.00, 1.00, 1.00, 1.00, 1.00, 0.00, 1.00, 1.00, 1.00, 0.00, 0.00, 0.00, 0.00, 1.00, 0.00, 0.00, 0.00
8801,  0,  293.333,  0.98,  1, 0.00, 0.00, 1.58, 0.00, 2.32, 3.11, 0.02, 1.27, 2.23, 2.43, 0.00, 0.00, 0.00, 0.00, 1.84, 0.38, 0.22, 0.00, 0.00, 1.00, 1.00, 1.00, 1.00, 0.00, 1.00, 1.00, 1.00, 0.00, 0.00, 0.00, 0.00, 1.00, 0.00, 0.00, 0.00
8802,  0,  293.367,  0.98,  1, 0.00, 0.00, 1.75, 0.00, 2.33, 3.24, 0.04, 1.27, 2.23, 2.35, 0.07, 0.00, 0.00, 0.00, 1.85, 0.33, 0.23, 0.00, 0.00, 1.00, 1.00, 1.00, 1.00, 0.00, 1.00, 1.00, 1.00, 0.00, 0.00, 0.00, 0.00, 1.00, 0.00, 0.00, 0.00
8803,  0,  293.400,  0.98,  1, 0.00, 0.00, 1.84, 0.00, 2.33, 3.32, 0.06, 1.36, 2.25, 2.37, 0.11, 0.00, 0.00, 0.00, 1.80, 0.36, 0.25, 0.00, 0.00, 1.00, 1.00, 1.00, 1.00, 0.00, 1.00, 1.00, 1.00, 0.00, 0.00, 0.00, 0.00, 1.00, 0.00, 0.00, 0.00
8804,  0,  293.433,  0.98,  1, 0.00, 0.00, 1.82, 0.00, 2.39, 3.31, 0.06, 1.41, 2.24, 2.44, 0.16, 0.00, 0.00, 0.00, 1.76, 0.35, 0.18, 0.00, 0.00, 1.00, 1.00, 1.00, 1.00, 0.00, 1.00, 1.00, 1.00, 0.00, 0.00, 0.00, 0.00, 1.00, 0.00, 0.00, 0.00
8805,  0,  293.467,  0.98,  1, 0.00, 0.00, 1.76, 0.00, 2.42, 3.21, 0.07, 1.42, 2.26, 2.51, 0.15, 0.00, 0.00, 0.00, 1.83, 0.38, 0.15, 0.00, 0.00, 1.00, 1.00, 1.00, 1.00, 0.00, 1.00, 1.00, 1.00, 0.00, 0.00, 0.00, 0.00, 1.00, 0.00, 0.00, 0.00
8806,  0,  293.500,  0.98,  1, 0.00, 0.00, 1.59, 0.00, 2.42, 3.20, 0.06, 1.37, 2.25, 2.49, 0.22, 0.00, 0.00, 0.00, 1.83, 0.39, 0.07, 0.00, 0.00, 1.00, 1.00, 1.00, 1.00, 0.00, 1.00, 1.00, 1.00, 0.00, 0.00, 0.00, 0.00, 1.00, 0.00, 0.00, 0.00
8807,  0,  293.533,  0.98,  1, 0.00, 0.00, 1.44, 0.00, 2.35, 3.02, 0.07, 1.26, 2.23, 2.39, 0.20, 0.00, 0.00, 0.00, 1.79, 0.35, 0.16, 0.00, 0.00, 1.00, 1.00, 1.00, 1.00, 0.00, 1.00, 1.00, 1.00, 0.00, 0.00, 0.00, 0.00, 1.00, 0.00, 0.00, 0.00
8808,  0,  293.567,  0.98,  1, 0.00, 0.00, 1.47, 0.00, 2.32, 3.07, 0.05, 1.23, 2.21, 2.18, 0.17, 0.00, 0.00, 0.00, 1.68, 0.23, 0.11, 0.00, 0.00, 1.00, 1.00, 1.00, 1.00, 0.00, 1.00, 1.00, 1.00, 0.00, 0.00, 0.00, 0.00, 1.00, 0.00, 0.00, 0.00
8809,  0,  293.600,  0.98,  1, 0.00, 0.00, 1.55, 0.00, 2.30, 2.96, 0.08, 1.21, 2.19, 2.00, 0.06, 0.00, 0.00, 0.00, 1.75, 0.09, 0.11, 0.00, 0.00, 1.00, 1.00, 1.00, 1.00, 0.00, 1.00, 1.00, 1.00, 0.00, 0.00, 0.00, 0.00, 1.00, 0.00, 0.00, 0.00
8810,  0,  293.633,  0.98,  1, 0.00, 0.00, 1.69, 0.00, 2.26, 3.15, 0.06, 1.25, 2.18, 1.85, 0.04, 0.00, 0.00, 0.00, 1.74, 0.00, 0.00, 0.00, 0.00, 1.00, 1.00, 1.00, 1.00, 0.00, 1.00, 1.00, 1.00, 0.00, 0.00, 0.00, 0.00, 1.00, 0.00, 0.00, 0.00
8811,  0,  293.667,  0.98,  1, 0.00, 0.06, 1.65, 0.00, 2.16, 3.13, 0.05, 1.21, 2.17, 1.88, 0.00, 0.00, 0.00, 0.00, 1.77, 0.00, 0.01, 0.00, 0.00, 1.00, 1.00, 1.00, 1.00, 0.00, 1.00, 1.00, 1.00, 0.00, 0.00, 0.00, 0.00, 1.00, 0.00, 0.00, 0.00
8812,  0,  293.700,  0.98,  1, 0.00, 0.16, 1.62, 0.00, 2.12, 3.09, 0.04, 1.14, 2.19, 1.98, 0.00, 0.00, 0.00, 0.00, 1.75, 0.00, 0.01, 0.00, 0.00, 1.00, 1.00, 1.00, 1.00, 0.00, 1.00, 1.00, 1.00, 0.00, 0.00, 0.00, 0.00, 1.00, 0.00, 0.00, 0.00
8813,  0,  293.733,  0.98,  1, 0.00, 0.23, 1.61, 0.00, 2.12, 3.02, 0.06, 1.16, 2.22, 2.03, 0.00, 0.00, 0.00, 0.00, 1.77, 0.00, 0.01, 0.00, 0.00, 1.00, 1.00, 1.00, 1.00, 0.00, 1.00, 1.00, 1.00, 0.00, 0.00, 0.00, 0.00, 1.00, 0.00, 0.00, 0.00
8814,  0,  293.767,  0.98,  1, 0.00, 0.17, 1.66, 0.00, 2.18, 2.97, 0.08, 1.19, 2.24, 2.05, 0.00, 0.00, 0.00, 0.00, 1.75, 0.02, 0.00, 0.00, 0.00, 1.00, 1.00, 1.00, 1.00, 0.00, 1.00, 1.00, 1.00, 0.00, 0.00, 0.00, 0.00, 1.00, 0.00, 0.00, 0.00
8815,  0,  293.800,  0.98,  1, 0.00, 0.06, 1.67, 0.00, 2.17, 3.00, 0.07, 1.25, 2.22, 2.08, 0.00, 0.00, 0.00, 0.00, 1.76, 0.12, 0.03, 0.00, 0.00, 1.00, 1.00, 1.00, 1.00, 0.00, 1.00, 1.00, 1.00, 0.00, 0.00, 0.00, 0.00, 1.00, 0.00, 0.00, 0.00
8816,  0,  293.833,  0.98,  1, 0.00, 0.00, 1.65, 0.00, 2.16, 2.98, 0.11, 1.29, 2.19, 2.10, 0.00, 0.00, 0.02, 0.00, 1.78, 0.22, 0.03, 0.00, 0.00, 1.00, 1.00, 1.00, 1.00, 0.00, 1.00, 1.00, 1.00, 0.00, 0.00, 0.00, 0.00, 1.00, 0.00, 0.00, 0.00
8817,  0,  293.867,  0.98,  1, 0.00, 0.00, 1.52, 0.00, 2.13, 2.95, 0.14, 1.23, 2.17, 2.06, 0.01, 0.00, 0.06, 0.00, 1.78, 0.27, 0.05, 0.00, 0.00, 1.00, 1.00, 1.00, 1.00, 0.00, 1.00, 1.00, 1.00, 0.00, 0.00, 0.00, 0.00, 1.00, 0.00, 0.00, 0.00
8818,  0,  293.900,  0.98,  1, 0.00, 0.00, 1.41, 0.03, 2.11, 2.95, 0.12, 1.29, 2.18, 2.11, 0.01, 0.00, 0.06, 0.00, 1.68, 0.32, 0.01, 0.00, 0.00, 1.00, 1.00, 1.00, 1.00, 0.00, 1.00, 1.00, 1.00, 0.00, 0.00, 0.00, 0.00, 1.00, 0.00, 0.00, 0.00
8819,  0,  293.933,  0.98,  1, 0.00, 0.00, 1.26, 0.09, 2.14, 3.03, 0.11, 1.32, 2.20, 2.10, 0.03, 0.00, 0.04, 0.00, 1.63, 0.36, 0.01, 0.00, 0.00, 1.00, 1.00, 1.00, 1.00, 0.00, 1.00, 1.00, 1.00, 0.00, 0.00, 0.00, 1.00, 1.00, 0.00, 0.00, 0.00
8820,  0,  293.967,  0.98,  1, 0.00, 0.01, 1.38, 0.09, 2.18, 3.05, 0.05, 1.44, 2.25, 2.27, 0.02, 0.00, 0.00, 0.00, 1.55, 0.40, 0.00, 0.00, 0.00, 1.00, 1.00, 1.00, 1.00, 0.00, 1.00, 1.00, 1.00, 0.00, 0.00, 0.00, 1.00, 1.00, 0.00, 0.00, 0.00
8821,  0,  294.000,  0.98,  1, 0.00, 0.04, 1.53, 0.06, 2.25, 3.08, 0.07, 1.41, 2.26, 2.29, 0.02, 0.00, 0.00, 0.00, 1.57, 0.29, 0.00, 0.00, 0.00, 1.00, 1.00, 1.00, 1.00, 0.00, 1.00, 1.00, 1.00, 0.00, 0.00, 0.00, 1.00, 1.00, 1.00, 0.00, 0.00
8822,  0,  294.033,  0.98,  1, 0.00, 0.15, 1.62, 0.00, 2.26, 2.97, 0.02, 1.32, 2.24, 2.42, 0.00, 0.00, 0.00, 0.00, 1.61, 0.22, 0.00, 0.00, 0.00, 1.00, 1.00, 1.00, 1.00, 0.00, 1.00, 1.00, 1.00, 0.00, 0.00, 0.00, 1.00, 1.00, 1.00, 0.00, 0.00
8823,  0,  294.067,  0.98,  1, 0.00, 0.26, 1.60, 0.00, 2.27, 2.97, 0.04, 1.30, 2.22, 2.36, 0.00, 0.00, 0.00, 0.00, 1.67, 0.18, 0.00, 0.00, 0.00, 1.00, 1.00, 1.00, 1.00, 0.00, 1.00, 1.00, 1.00, 0.00, 0.00, 0.00, 1.00, 1.00, 1.00, 0.00, 0.00
8824,  0,  294.100,  0.98,  1, 0.00, 0.29, 1.60, 0.00, 2.28, 3.06, 0.08, 1.27, 2.22, 2.36, 0.00, 0.00, 0.00, 0.00, 1.72, 0.17, 0.00, 0.00, 0.00, 1.00, 1.00, 1.00, 1.00, 0.00, 1.00, 1.00, 1.00, 0.00, 0.00, 0.00, 1.00, 1.00, 1.00, 0.00, 0.00
8825,  0,  294.133,  0.98,  1, 0.00, 0.18, 1.56, 0.00, 2.28, 3.10, 0.11, 1.30, 2.23, 2.35, 0.00, 0.00, 0.00, 0.00, 1.69, 0.16, 0.00, 0.00, 0.00, 1.00, 1.00, 1.00, 1.00, 0.00, 1.00, 1.00, 1.00, 0.00, 0.00, 0.00, 1.00, 1.00, 1.00, 0.00, 0.00
8826,  0,  294.167,  0.98,  1, 0.00, 0.06, 1.45, 0.00, 2.27, 3.13, 0.12, 1.33, 2.22, 2.41, 0.00, 0.00, 0.00, 0.00, 1.73, 0.17, 0.00, 0.00, 0.00, 1.00, 1.00, 1.00, 1.00, 0.00, 1.00, 1.00, 1.00, 0.00, 0.00, 0.00, 1.00, 1.00, 1.00, 0.00, 0.00
8827,  0,  294.200,  0.98,  1, 0.00, 0.00, 1.35, 0.00, 2.24, 3.12, 0.09, 1.33, 2.21, 2.44, 0.00, 0.00, 0.00, 0.00, 1.72, 0.23, 0.00, 0.00, 0.00, 1.00, 1.00, 1.00, 1.00, 0.00, 1.00, 1.00, 1.00, 0.00, 0.00, 0.00, 1.00, 1.00, 1.00, 0.00, 0.00
8828,  0,  294.233,  0.98,  1, 0.00, 0.00, 1.32, 0.00, 2.21, 3.19, 0.06, 1.39, 2.20, 2.40, 0.00, 0.00, 0.00, 0.00, 1.83, 0.32, 0.00, 0.00, 0.00, 1.00, 1.00, 1.00, 1.00, 0.00, 1.00, 1.00, 1.00, 0.00, 0.00, 0.00, 1.00, 1.00, 1.00, 0.00, 0.00
8829,  0,  294.267,  0.98,  1, 0.00, 0.00, 1.33, 0.00, 2.20, 3.26, 0.03, 1.46, 2.18, 2.28, 0.00, 0.00, 0.00, 0.00, 1.86, 0.33, 0.00, 0.00, 0.00, 1.00, 1.00, 1.00, 1.00, 0.00, 1.00, 1.00, 1.00, 0.00, 0.00, 0.00, 1.00, 1.00, 1.00, 0.00, 0.00
8830,  0,  294.300,  0.98,  1, 0.00, 0.00, 1.27, 0.00, 2.20, 3.20, 0.00, 1.48, 2.16, 2.25, 0.00, 0.00, 0.00, 0.00, 1.88, 0.25, 0.00, 0.00, 0.00, 1.00, 1.00, 1.00, 1.00, 0.00, 1.00, 1.00, 1.00, 0.00, 0.00, 0.00, 1.00, 1.00, 1.00, 0.00, 0.00
8831,  0,  294.333,  0.98,  1, 0.00, 0.00, 1.34, 0.00, 2.24, 3.10, 0.00, 1.50, 2.17, 2.24, 0.00, 0.00, 0.00, 0.00, 1.83, 0.21, 0.00, 0.00, 0.00, 1.00, 1.00, 1.00, 1.00, 0.00, 1.00, 1.00, 1.00, 0.00, 0.00, 0.00, 1.00, 1.00, 1.00, 0.00, 0.00
8832,  0,  294.367,  0.98,  1, 0.00, 0.00, 1.50, 0.00, 2.24, 3.10, 0.00, 1.48, 2.19, 2.20, 0.00, 0.00, 0.00, 0.00, 1.74, 0.21, 0.30, 0.00, 0.00, 1.00, 1.00, 1.00, 1.00, 0.00, 1.00, 1.00, 1.00, 0.00, 0.00, 0.00, 1.00, 1.00, 1.00, 0.00, 0.00
8833,  0,  294.400,  0.98,  1, 0.00, 0.00, 1.74, 0.00, 2.23, 3.11, 0.00, 1.56, 2.25, 2.15, 0.00, 0.00, 0.04, 0.00, 1.74, 0.22, 0.98, 0.00, 0.00, 1.00, 1.00, 1.00, 1.00, 0.00, 1.00, 1.00, 1.00, 0.00, 0.00, 0.00, 1.00, 1.00, 1.00, 0.00, 1.00
8834,  0,  294.433,  0.98,  1, 0.00, 0.00, 1.89, 0.00, 2.13, 2.94, 0.00, 1.53, 2.26, 2.12, 0.00, 0.00, 0.09, 0.00, 1.73, 0.14, 1.86, 0.00, 0.00, 1.00, 1.00, 1.00, 1.00, 0.00, 1.00, 1.00, 1.00, 0.00, 0.00, 0.00, 1.00, 1.00, 1.00, 0.00, 1.00
8835,  0,  294.467,  0.98,  1, 0.00, 0.00, 2.00, 0.14, 2.08, 2.72, 0.00, 1.51, 2.29, 2.24, 0.00, 0.00, 0.14, 0.00, 1.79, 0.05, 2.40, 0.00, 0.00, 1.00, 1.00, 1.00, 1.00, 0.00, 1.00, 1.00, 1.00, 0.00, 0.00, 0.00, 1.00, 1.00, 1.00, 0.00, 1.00
8836,  0,  294.500,  0.98,  1, 0.00, 0.00, 2.06, 0.18, 2.06, 2.49, 0.00, 1.51, 2.26, 2.31, 0.00, 0.00, 0.16, 0.00, 1.81, 0.04, 2.46, 0.00, 0.00, 1.00, 1.00, 1.00, 1.00, 0.00, 1.00, 1.00, 1.00, 0.00, 0.00, 0.00, 1.00, 1.00, 1.00, 0.00, 1.00
8837,  0,  294.533,  0.98,  1, 0.00, 0.00, 2.00, 0.18, 2.12, 2.58, 0.00, 1.52, 2.21, 2.29, 0.00, 0.00, 0.11, 0.00, 1.79, 0.11, 2.13, 0.00, 0.00, 1.00, 1.00, 1.00, 1.00, 0.00, 1.00, 1.00, 1.00, 0.00, 0.00, 0.00, 1.00, 1.00, 1.00, 0.00, 1.00
8838,  0,  294.567,  0.98,  1, 0.00, 0.00, 1.91, 0.04, 2.20, 2.79, 0.00, 1.50, 2.14, 2.28, 0.00, 0.00, 0.08, 0.00, 1.83, 0.20, 1.46, 0.00, 0.00, 1.00, 1.00, 1.00, 1.00, 0.00, 1.00, 1.00, 1.00, 0.00, 0.00, 0.00, 1.00, 1.00, 1.00, 0.00, 1.00
8839,  0,  294.600,  0.98,  1, 0.00, 0.00, 1.76, 0.00, 2.19, 2.98, 0.00, 1.42, 2.07, 2.16, 0.00, 0.00, 0.04, 0.00, 1.78, 0.20, 0.84, 0.00, 0.00, 1.00, 1.00, 1.00, 1.00, 0.00, 1.00, 1.00, 1.00, 0.00, 0.00, 0.00, 1.00, 1.00, 1.00, 0.00, 1.00
8840,  0,  294.633,  0.98,  1, 0.00, 0.00, 1.64, 0.00, 2.16, 3.15, 0.00, 1.38, 2.04, 2.15, 0.00, 0.00, 0.04, 0.00, 1.74, 0.17, 0.42, 0.00, 0.00, 1.00, 1.00, 1.00, 1.00, 0.00, 1.00, 1.00, 1.00, 0.00, 0.00, 0.00, 1.00, 1.00, 1.00, 0.00, 1.00
8841,  0,  294.667,  0.98,  1, 0.00, 0.00, 1.50, 0.00, 2.13, 3.20, 0.00, 1.37, 2.05, 2.12, 0.00, 0.00, 0.03, 0.02, 1.69, 0.11, 0.39, 0.00, 0.00, 1.00, 1.00, 1.00, 1.00, 0.00, 1.00, 1.00, 1.00, 0.00, 0.00, 0.00, 1.00, 1.00, 1.00, 0.00, 1.00
8842,  0,  294.700,  0.98,  1, 0.00, 0.00, 1.36, 0.00, 2.19, 3.28, 0.05, 1.28, 2.02, 2.19, 0.00, 0.00, 0.03, 0.02, 1.75, 0.17, 0.34, 0.00, 0.00, 1.00, 1.00, 1.00, 1.00, 0.00, 1.00, 1.00, 1.00, 0.00, 0.00, 0.00, 1.00, 1.00, 1.00, 0.00, 1.00
8843,  0,  294.733,  0.98,  1, 0.00, 0.00, 1.24, 0.00, 2.24, 3.27, 0.17, 1.20, 1.97, 2.27, 0.00, 0.00, 0.06, 0.03, 1.82, 0.17, 0.26, 0.00, 0.00, 1.00, 1.00, 1.00, 1.00, 0.00, 1.00, 1.00, 1.00, 0.00, 0.00, 0.00, 1.00, 1.00, 1.00, 0.00, 1.00
8844,  0,  294.767,  0.98,  1, 0.00, 0.00, 1.10, 0.00, 2.21, 3.06, 0.18, 1.13, 1.97, 2.21, 0.00, 0.00, 0.11, 0.05, 1.77, 0.25, 0.12, 0.00, 0.00, 1.00, 1.00, 1.00, 1.00, 0.00, 1.00, 1.00, 1.00, 0.00, 0.00, 0.00, 1.00, 1.00, 1.00, 0.00, 1.00
8845,  0,  294.800,  0.98,  1, 0.00, 0.00, 1.14, 0.00, 2.19, 3.05, 0.16, 1.22, 2.03, 2.21, 0.00, 0.00, 0.11, 0.05, 1.73, 0.27, 0.08, 0.00, 0.00, 1.00, 1.00, 1.00, 1.00, 0.00, 1.00, 1.00, 1.00, 0.00, 0.00, 0.00, 1.00, 1.00, 1.00, 0.00, 0.00
8846,  0,  294.833,  0.98,  1, 0.00, 0.00, 1.17, 0.00, 2.11, 2.94, 0.09, 1.25, 2.10, 2.17, 0.00, 0.00, 0.10, 0.06, 1.69, 0.21, 0.03, 0.00, 0.00, 1.00, 1.00, 1.00, 1.00, 0.00, 1.00, 1.00, 1.00, 0.00, 0.00, 0.00, 1.00, 1.00, 1.00, 0.00, 0.00
8847,  0,  294.867,  0.98,  1, 0.00, 0.00, 1.33, 0.00, 2.08, 3.14, 0.12, 1.28, 2.07, 2.22, 0.00, 0.00, 0.11, 0.08, 1.74, 0.19, 0.03, 0.00, 0.00, 1.00, 1.00, 1.00, 1.00, 0.00, 1.00, 1.00, 1.00, 0.00, 0.00, 0.00, 1.00, 1.00, 1.00, 0.00, 0.00
8848,  0,  294.900,  0.98,  1, 0.00, 0.00, 1.41, 0.00, 2.03, 3.09, 0.16, 1.31, 2.05, 2.20, 0.00, 0.00, 0.12, 0.11, 1.79, 0.20, 0.00, 0.00, 0.00, 1.00, 1.00, 1.00, 1.00, 0.00, 1.00, 1.00, 1.00, 0.00, 0.00, 0.00, 1.00, 1.00, 1.00, 0.00, 0.00
8849,  0,  294.933,  0.98,  1, 0.00, 0.00, 1.47, 0.00, 2.01, 2.99, 0.21, 1.35, 2.01, 2.18, 0.00, 0.00, 0.13, 0.13, 1.88, 0.24, 0.00, 0.00, 0.00, 1.00, 1.00, 1.00, 1.00, 0.00, 1.00, 1.00, 1.00, 0.00, 0.00, 0.00, 1.00, 1.00, 1.00, 0.00, 0.00
8850,  0,  294.967,  0.98,  1, 0.00, 0.00, 1.39, 0.00, 2.01, 2.87, 0.22, 1.42, 2.00, 2.25, 0.00, 0.00, 0.11, 0.17, 1.91, 0.21, 0.00, 0.00, 0.00, 1.00, 1.00, 1.00, 1.00, 0.00, 1.00, 1.00, 1.00, 0.00, 0.00, 0.00, 1.00, 1.00, 1.00, 0.00, 0.00
8851,  0,  295.000,  0.98,  1, 0.00, 0.00, 1.35, 0.00, 1.98, 2.84, 0.17, 1.42, 1.98, 2.27, 0.00, 0.01, 0.13, 0.19, 1.89, 0.12, 0.04, 0.00, 0.00, 1.00, 1.00, 1.00, 1.00, 0.00, 1.00, 1.00, 1.00, 0.00, 0.00, 0.00, 1.00, 1.00, 1.00, 0.00, 0.00
8852,  0,  295.033,  0.98,  1, 0.00, 0.00, 1.34, 0.00, 2.00, 3.07, 0.14, 1.38, 1.94, 2.34, 0.00, 0.03, 0.21, 0.19, 1.83, 0.07, 0.24, 0.00, 0.00, 1.00, 1.00, 1.00, 1.00, 0.00, 1.00, 1.00, 1.00, 0.00, 0.00, 0.00, 1.00, 1.00, 1.00, 0.00, 0.00
8853,  0,  295.067,  0.98,  1, 0.00, 0.00, 1.38, 0.01, 1.94, 2.82, 0.11, 1.40, 1.92, 2.35, 0.00, 0.03, 0.29, 0.11, 1.82, 0.04, 0.86, 0.00, 0.00, 1.00, 1.00, 1.00, 1.00, 0.00, 1.00, 1.00, 1.00, 0.00, 0.00, 0.00, 1.00, 1.00, 0.00, 0.00, 1.00
8854,  0,  295.100,  0.98,  1, 0.00, 0.00, 1.45, 0.05, 1.90, 2.49, 0.08, 1.36, 1.91, 2.29, 0.00, 0.03, 0.33, 0.05, 1.77, 0.03, 1.72, 0.00, 0.00, 1.00, 1.00, 1.00, 1.00, 0.00, 1.00, 1.00, 1.00, 0.00, 0.00, 0.00, 1.00, 1.00, 0.00, 0.00, 1.00
8855,  0,  295.133,  0.98,  1, 0.00, 0.00, 1.51, 0.11, 1.81, 1.97, 0.04, 1.34, 1.90, 2.19, 0.00, 0.04, 0.29, 0.00, 1.69, 0.02, 2.39, 0.00, 0.00, 1.00, 1.00, 1.00, 1.00, 0.00, 1.00, 1.00, 1.00, 0.00, 0.00, 0.00, 1.00, 1.00, 0.00, 0.00, 1.00
8856,  0,  295.167,  0.98,  1, 0.00, 0.00, 1.61, 0.10, 1.79, 1.79, 0.01, 1.20, 1.90, 1.96, 0.00, 0.13, 0.30, 0.00, 1.65, 0.00, 2.42, 0.00, 0.00, 1.00, 1.00, 1.00, 1.00, 0.00, 1.00, 1.00, 1.00, 0.00, 0.00, 0.00, 1.00, 1.00, 0.00, 0.00, 1.00
8857,  0,  295.200,  0.98,  1, 0.00, 0.00, 1.62, 0.06, 1.88, 1.95, 0.06, 1.12, 1.87, 1.97, 0.00, 0.15, 0.21, 0.00, 1.66, 0.06, 2.02, 0.00, 0.00, 1.00, 1.00, 1.00, 1.00, 0.00, 1.00, 1.00, 1.00, 0.00, 0.00, 0.00, 1.00, 1.00, 0.00, 0.00, 1.00
8858,  0,  295.233,  0.98,  1, 0.00, 0.00, 1.68, 0.00, 2.02, 2.41, 0.08, 1.15, 1.87, 2.04, 0.00, 0.15, 0.13, 0.00, 1.74, 0.09, 1.46, 0.00, 0.00, 1.00, 1.00, 1.00, 1.00, 0.00, 1.00, 1.00, 1.00, 0.00, 0.00, 0.00, 1.00, 1.00, 0.00, 0.00, 1.00
8859,  0,  295.267,  0.98,  1, 0.00, 0.00, 1.64, 0.00, 2.15, 2.95, 0.13, 1.21, 1.83, 2.28, 0.00, 0.13, 0.02, 0.04, 1.84, 0.25, 0.81, 0.00, 0.00, 1.00, 1.00, 1.00, 1.00, 0.00, 1.00, 1.00, 1.00, 0.00, 0.00, 0.00, 1.00, 1.00, 0.00, 0.00, 1.00
8860,  0,  295.300,  0.98,  1, 0.00, 0.00, 1.61, 0.00, 2.13, 3.04, 0.08, 1.31, 1.82, 2.30, 0.00, 0.14, 0.00, 0.10, 1.85, 0.20, 0.30, 0.00, 0.00, 1.00, 1.00, 1.00, 1.00, 0.00, 1.00, 1.00, 1.00, 0.00, 0.00, 0.00, 1.00, 1.00, 0.00, 0.00, 1.00
8861,  0,  295.333,  0.98,  1, 0.00, 0.00, 1.51, 0.00, 2.09, 2.94, 0.06, 1.32, 1.83, 2.30, 0.00, 0.14, 0.00, 0.17, 1.83, 0.19, 0.00, 0.00, 0.00, 1.00, 1.00, 1.00, 1.00, 0.00, 1.00, 1.00, 1.00, 0.00, 0.00, 0.00, 1.00, 1.00, 0.00, 0.00, 0.00
8862,  0,  295.367,  0.98,  1, 0.00, 0.00, 1.46, 0.00, 2.01, 2.77, 0.01, 1.30, 1.84, 2.31, 0.00, 0.07, 0.00, 0.19, 1.77, 0.03, 0.00, 0.00, 0.00, 1.00, 1.00, 1.00, 1.00, 0.00, 1.00, 1.00, 1.00, 0.00, 0.00, 0.00, 1.00, 1.00, 0.00, 0.00, 0.00
8863,  0,  295.400,  0.98,  1, 0.00, 0.00, 1.46, 0.00, 2.01, 2.80, 0.05, 1.27, 1.85, 2.40, 0.00, 0.08, 0.00, 0.20, 1.77, 0.08, 0.00, 0.00, 0.00, 1.00, 1.00, 1.00, 1.00, 0.00, 1.00, 1.00, 1.00, 0.00, 0.00, 0.00, 1.00, 1.00, 0.00, 0.00, 0.00
8864,  0,  295.433,  0.98,  1, 0.00, 0.00, 1.46, 0.00, 2.00, 2.79, 0.05, 1.30, 1.84, 2.49, 0.00, 0.15, 0.00, 0.25, 1.82, 0.18, 0.00, 0.00, 0.00, 1.00, 1.00, 1.00, 1.00, 0.00, 1.00, 1.00, 1.00, 0.00, 0.00, 0.00, 1.00, 1.00, 0.00, 0.00, 0.00
8865,  0,  295.467,  0.98,  1, 0.00, 0.00, 1.47, 0.00, 1.98, 2.81, 0.05, 1.28, 1.83, 2.42, 0.00, 0.24, 0.00, 0.31, 1.88, 0.26, 0.00, 0.00, 0.00, 1.00, 1.00, 1.00, 1.00, 0.00, 1.00, 1.00, 1.00, 0.00, 0.00, 0.00, 1.00, 1.00, 0.00, 0.00, 0.00
8866,  0,  295.500,  0.98,  1, 0.00, 0.00, 1.40, 0.00, 1.94, 2.93, 0.00, 1.24, 1.86, 2.37, 0.00, 0.22, 0.00, 0.32, 1.88, 0.30, 0.00, 0.00, 0.00, 1.00, 1.00, 1.00, 1.00, 0.00, 1.00, 1.00, 1.00, 0.00, 0.00, 0.00, 1.00, 1.00, 0.00, 0.00, 0.00
8867,  0,  295.533,  0.98,  1, 0.00, 0.00, 1.36, 0.00, 1.93, 2.87, 0.00, 1.18, 1.90, 2.28, 0.00, 0.21, 0.00, 0.27, 1.92, 0.18, 0.00, 0.00, 0.00, 1.00, 1.00, 1.00, 1.00, 0.00, 1.00, 1.00, 1.00, 0.00, 0.00, 0.00, 1.00, 1.00, 0.00, 0.00, 0.00
8868,  0,  295.567,  0.98,  1, 0.00, 0.04, 1.43, 0.00, 1.98, 2.99, 0.00, 1.25, 1.96, 2.25, 0.00, 0.16, 0.07, 0.20, 1.91, 0.19, 0.00, 0.00, 0.00, 1.00, 1.00, 1.00, 1.00, 0.00, 1.00, 1.00, 1.00, 0.00, 0.00, 0.00, 1.00, 1.00, 0.00, 0.00, 0.00
8869,  0,  295.600,  0.98,  1, 0.00, 0.04, 1.51, 0.00, 2.02, 3.02, 0.00, 1.34, 2.01, 2.17, 0.00, 0.19, 0.07, 0.15, 1.97, 0.18, 0.00, 0.00, 0.00, 1.00, 1.00, 1.00, 1.00, 0.00, 1.00, 1.00, 1.00, 0.00, 0.00, 0.00, 1.00, 1.00, 0.00, 0.00, 0.00
8870,  0,  295.633,  0.98,  1, 0.00, 0.04, 1.68, 0.00, 2.06, 3.14, 0.00, 1.37, 2.01, 2.12, 0.00, 0.20, 0.11, 0.10, 1.99, 0.22, 0.00, 0.00, 0.00, 1.00, 1.00, 1.00, 1.00, 0.00, 1.00, 1.00, 1.00, 0.00, 0.00, 0.00, 1.00, 1.00, 0.00, 0.00, 0.00
8871,  0,  295.667,  0.98,  1, 0.00, 0.00, 1.67, 0.00, 2.02, 3.04, 0.03, 1.33, 2.02, 2.11, 0.00, 0.27, 0.07, 0.09, 2.06, 0.22, 0.00, 0.00, 0.00, 1.00, 1.00, 1.00, 1.00, 0.00, 1.00, 1.00, 1.00, 0.00, 0.00, 0.00, 1.00, 1.00, 0.00, 0.00, 0.00
8872,  0,  295.700,  0.98,  1, 0.00, 0.00, 1.64, 0.00, 1.97, 2.89, 0.03, 1.38, 1.98, 2.11, 0.00, 0.28, 0.07, 0.08, 1.98, 0.14, 0.00, 0.00, 0.00, 1.00, 1.00, 1.00, 1.00, 0.00, 1.00, 1.00, 1.00, 0.00, 0.00, 0.00, 1.00, 1.00, 0.00, 0.00, 0.00
8873,  0,  295.733,  0.98,  1, 0.00, 0.00, 1.60, 0.00, 1.92, 2.87, 0.03, 1.41, 1.98, 2.16, 0.00, 0.30, 0.16, 0.09, 1.93, 0.14, 0.00, 0.00, 0.00, 1.00, 1.00, 1.00, 1.00, 0.00, 1.00, 1.00, 1.00, 0.00, 0.00, 0.00, 1.00, 1.00, 0.00, 0.00, 0.00
8874,  0,  295.767,  0.98,  1, 0.00, 0.00, 1.60, 0.00, 1.94, 2.97, 0.01, 1.42, 1.95, 2.18, 0.00, 0.26, 0.20, 0.12, 1.89, 0.09, 0.00, 0.00, 0.00, 1.00, 1.00, 1.00, 1.00, 0.00, 1.00, 1.00, 1.00, 0.00, 0.00, 0.00, 1.00, 1.00, 0.00, 0.00, 0.00
8875,  0,  295.800,  0.98,  1, 0.00, 0.00, 1.62, 0.00, 1.95, 3.08, 0.01, 1.32, 1.95, 2.25, 0.00, 0.24, 0.29, 0.14, 1.89, 0.18, 0.00, 0.00, 0.00, 1.00, 1.00, 1.00, 1.00, 0.00, 1.00, 1.00, 1.00, 0.00, 0.00, 0.00, 1.00, 1.00, 0.00, 0.00, 0.00
8876,  0,  295.833,  0.98,  1, 0.00, 0.00, 1.61, 0.00, 1.98, 3.18, 0.06, 1.31, 1.92, 2.22, 0.00, 0.14, 0.22, 0.11, 1.89, 0.13, 0.00, 0.00, 0.00, 1.00, 1.00, 1.00, 1.00, 0.00, 1.00, 1.00, 1.00, 0.00, 0.00, 0.00, 1.00, 1.00, 0.00, 0.00, 0.00
8877,  0,  295.867,  0.98,  1, 0.00, 0.00, 1.64, 0.00, 1.98, 3.21, 0.11, 1.30, 1.92, 2.26, 0.00, 0.10, 0.15, 0.07, 1.86, 0.15, 0.00, 0.00, 0.00, 1.00, 1.00, 1.00, 1.00, 0.00, 1.00, 1.00, 1.00, 0.00, 0.00, 0.00, 1.00, 1.00, 0.00, 0.00, 0.00
8878,  0,  295.900,  0.98,  1, 0.00, 0.00, 1.58, 0.00, 1.95, 3.05, 0.10, 1.46, 1.94, 2.23, 0.00, 0.06, 0.19, 0.04, 1.80, 0.06, 0.26, 0.00, 0.00, 1.00, 1.00, 1.00, 1.00, 0.00, 1.00, 1.00, 1.00, 0.00, 0.00, 0.00, 1.00, 1.00, 0.00, 0.00, 0.00
8879,  0,  295.933,  0.98,  1, 0.00, 0.00, 1.49, 0.00, 1.83, 2.56, 0.06, 1.53, 2.04, 2.19, 0.00, 0.04, 0.20, 0.02, 1.79, 0.06, 1.11, 0.00, 0.00, 1.00, 1.00, 1.00, 1.00, 0.00, 1.00, 1.00, 1.00, 0.00, 0.00, 0.00, 1.00, 1.00, 0.00, 0.00, 1.00
8880,  0,  295.967,  0.98,  1, 0.00, 0.00, 1.34, 0.00, 1.67, 2.04, 0.00, 1.55, 2.08, 2.17, 0.00, 0.02, 0.20, 0.00, 1.76, 0.00, 2.03, 0.00, 0.00, 1.00, 1.00, 1.00, 1.00, 0.00, 1.00, 1.00, 1.00, 0.00, 0.00, 0.00, 1.00, 1.00, 0.00, 0.00, 1.00
8881,  0,  296.000,  0.98,  1, 0.00, 0.00, 1.32, 0.05, 1.60, 1.76, 0.00, 1.35, 2.07, 2.16, 0.00, 0.00, 0.09, 0.00, 1.75, 0.00, 2.62, 0.00, 0.00, 1.00, 1.00, 1.00, 1.00, 0.00, 1.00, 1.00, 1.00, 0.00, 0.00, 0.00, 1.00, 1.00, 0.00, 0.00, 1.00
8882,  0,  296.033,  0.98,  1, 0.00, 0.00, 1.40, 0.05, 1.69, 2.08, 0.01, 1.29, 1.99, 2.24, 0.00, 0.03, 0.02, 0.03, 1.67, 0.00, 2.41, 0.00, 0.00, 1.00, 1.00, 1.00, 1.00, 0.00, 1.00, 1.00, 1.00, 0.00, 0.00, 0.00, 1.00, 1.00, 0.00, 0.00, 1.00
8883,  0,  296.067,  0.98,  1, 0.00, 0.00, 1.54, 0.05, 1.88, 2.54, 0.03, 1.30, 1.97, 2.21, 0.00, 0.03, 0.02, 0.04, 1.69, 0.05, 1.90, 0.00, 0.00, 1.00, 1.00, 1.00, 1.00, 0.00, 1.00, 1.00, 1.00, 0.00, 0.00, 0.00, 1.00, 1.00, 0.00, 0.00, 1.00
8884,  0,  296.100,  0.98,  1, 0.00, 0.00, 1.58, 0.01, 1.99, 2.91, 0.03, 1.36, 1.96, 2.24, 0.00, 0.13, 0.00, 0.09, 1.69, 0.17, 1.30, 0.00, 0.00, 1.00, 1.00, 1.00, 1.00, 0.00, 1.00, 1.00, 1.00, 0.00, 0.00, 0.00, 1.00, 1.00, 0.00, 0.00, 1.00
8885,  0,  296.133,  0.98,  1, 0.00, 0.00, 1.59, 0.01, 2.03, 3.01, 0.05, 1.36, 1.92, 2.19, 0.00, 0.17, 0.00, 0.15, 1.69, 0.29, 0.86, 0.00, 0.00, 1.00, 1.00, 1.00, 1.00, 0.00, 1.00, 1.00, 1.00, 0.00, 0.00, 0.00, 1.00, 1.00, 0.00, 0.00, 1.00
8886,  0,  296.167,  0.98,  1, 0.00, 0.00, 1.56, 0.00, 2.02, 3.00, 0.05, 1.30, 1.87, 2.27, 0.00, 0.19, 0.00, 0.19, 1.63, 0.29, 0.62, 0.00, 0.00, 1.00, 1.00, 1.00, 1.00, 0.00, 1.00, 1.00, 1.00, 0.00, 0.00, 0.00, 1.00, 1.00, 0.00, 0.00, 1.00
8887,  0,  296.200,  0.98,  1, 0.00, 0.00, 1.57, 0.00, 2.03, 3.15, 0.08, 1.26, 1.85, 2.26, 0.00, 0.09, 0.00, 0.14, 1.68, 0.28, 0.48, 0.00, 0.00, 1.00, 1.00, 1.00, 1.00, 0.00, 1.00, 1.00, 1.00, 0.00, 0.00, 0.00, 1.00, 1.00, 0.00, 0.00, 1.00
8888,  0,  296.233,  0.98,  1, 0.00, 0.00, 1.45, 0.00, 2.04, 3.14, 0.09, 1.21, 1.85, 2.26, 0.00, 0.02, 0.00, 0.06, 1.60, 0.23, 0.38, 0.00, 0.00, 1.00, 1.00, 1.00, 1.00, 0.00, 1.00, 1.00, 1.00, 0.00, 0.00, 0.00, 1.00, 1.00, 0.00, 0.00, 0.00
8889,  0,  296.267,  0.98,  1, 0.00, 0.00, 1.33, 0.00, 2.04, 3.02, 0.06, 1.18, 1.84, 2.13, 0.00, 0.00, 0.00, 0.01, 1.58, 0.32, 0.20, 0.00, 0.00, 1.00, 1.00, 1.00, 1.00, 0.00, 1.00, 1.00, 1.00, 0.00, 0.00, 0.00, 1.00, 1.00, 0.00, 0.00, 0.00
8890,  0,  296.300,  0.98,  1, 0.00, 0.00, 1.35, 0.00, 2.04, 2.96, 0.04, 1.25, 1.87, 2.14, 0.00, 0.00, 0.00, 0.00, 1.42, 0.21, 0.10, 0.00, 0.00, 1.00, 1.00, 1.00, 1.00, 0.00, 1.00, 1.00, 1.00, 0.00, 0.00, 0.00, 1.00, 1.00, 0.00, 0.00, 0.00
8891,  0,  296.333,  0.98,  1, 0.00, 0.00, 1.48, 0.00, 2.04, 2.85, 0.00, 1.29, 1.89, 2.15, 0.00, 0.00, 0.00, 0.00, 1.43, 0.15, 0.00, 0.00, 0.00, 1.00, 1.00, 1.00, 1.00, 0.00, 1.00, 1.00, 1.00, 0.00, 0.00, 0.00, 1.00, 1.00, 0.00, 0.00, 0.00
8892,  0,  296.367,  0.98,  1, 0.00, 0.00, 1.56, 0.00, 2.02, 2.85, 0.02, 1.27, 1.96, 2.21, 0.00, 0.09, 0.00, 0.03, 1.46, 0.10, 0.00, 0.00, 0.00, 1.00, 1.00, 1.00, 1.00, 0.00, 1.00, 1.00, 1.00, 0.00, 0.00, 0.00, 1.00, 1.00, 0.00, 0.00, 0.00
8893,  0,  296.400,  0.98,  1, 0.00, 0.00, 1.54, 0.00, 1.99, 2.66, 0.02, 1.19, 1.98, 2.12, 0.04, 0.18, 0.00, 0.05, 1.58, 0.12, 0.05, 0.00, 0.00, 1.00, 1.00, 1.00, 1.00, 0.00, 1.00, 1.00, 1.00, 0.00, 0.00, 0.00, 1.00, 1.00, 0.00, 0.00, 0.00
8894,  0,  296.433,  0.98,  1, 0.00, 0.00, 1.43, 0.00, 1.96, 2.75, 0.04, 1.15, 1.96, 2.07, 0.15, 0.23, 0.02, 0.05, 1.65, 0.17, 0.05, 0.00, 0.00, 1.00, 1.00, 1.00, 1.00, 0.00, 1.00, 1.00, 1.00, 0.00, 0.00, 0.00, 1.00, 1.00, 0.00, 0.00, 0.00
8895,  0,  296.467,  0.98,  1, 0.00, 0.00, 1.42, 0.00, 1.91, 2.74, 0.01, 1.22, 1.90, 2.05, 0.24, 0.16, 0.03, 0.02, 1.69, 0.07, 0.08, 0.00, 0.00, 1.00, 1.00, 1.00, 1.00, 0.00, 1.00, 1.00, 1.00, 0.00, 0.00, 0.00, 1.00, 1.00, 0.00, 0.00, 0.00
8896,  0,  296.500,  0.98,  1, 0.00, 0.00, 1.44, 0.00, 1.85, 2.80, 0.01, 1.21, 1.80, 1.97, 0.28, 0.07, 0.03, 0.00, 1.72, 0.05, 0.04, 0.00, 0.00, 1.00, 1.00, 1.00, 1.00, 0.00, 1.00, 1.00, 1.00, 0.00, 0.00, 0.00, 1.00, 1.00, 0.00, 0.00, 0.00
8897,  0,  296.533,  0.98,  1, 0.00, 0.00, 1.40, 0.00, 1.68, 2.55, 0.00, 1.11, 1.65, 1.85, 0.32, 0.03, 0.01, 0.00, 1.71, 0.05, 0.04, 0.00, 0.00, 1.00, 1.00, 1.00, 1.00, 0.00, 1.00, 1.00, 1.00, 0.00, 0.00, 0.00, 1.00, 1.00, 0.00, 0.00, 0.00
8898,  0,  296.567,  0.98,  1, 0.00, 0.07, 1.34, 0.00, 1.48, 2.44, 0.01, 0.85, 1.39, 1.69, 0.37, 0.02, 0.07, 0.00, 1.46, 0.05, 0.00, 0.00, 0.00, 1.00, 1.00, 1.00, 1.00, 0.00, 1.00, 1.00, 1.00, 0.00, 0.00, 0.00, 1.00, 1.00, 0.00, 0.00, 0.00
8899,  0,  296.600,  0.98,  1, 0.00, 0.13, 1.24, 0.00, 1.19, 2.21, 0.06, 0.48, 1.01, 1.58, 0.44, 0.24, 0.07, 0.01, 0.96, 0.05, 0.00, 0.00, 0.00, 1.00, 1.00, 1.00, 1.00, 0.00, 1.00, 0.00, 1.00, 0.00, 0.00, 0.00, 1.00, 0.00, 0.00, 0.00, 0.00
8900,  0,  296.633,  0.98,  1, 0.00, 0.21, 1.14, 0.00, 0.95, 2.07, 0.09, 0.17, 0.72, 1.45, 0.49, 0.44, 0.07, 0.02, 0.42, 0.00, 0.00, 0.00, 0.00, 1.00, 1.00, 0.00, 1.00, 0.00, 1.00, 0.00, 1.00, 0.00, 0.00, 0.00, 1.00, 0.00, 0.00, 0.00, 0.00
8901,  0,  296.667,  0.98,  1, 0.00, 0.20, 1.13, 0.00, 0.79, 1.90, 0.08, 0.01, 0.50, 1.32, 0.57, 0.63, 0.00, 0.04, 0.08, 0.00, 0.01, 0.00, 0.00, 1.00, 1.00, 0.00, 1.00, 0.00, 1.00, 0.00, 1.00, 1.00, 0.00, 0.00, 1.00, 0.00, 0.00, 0.00, 0.00
8902,  0,  296.700,  0.98,  1, 0.00, 0.14, 1.07, 0.00, 0.72, 1.76, 0.03, 0.00, 0.46, 1.34, 0.63, 0.67, 0.00, 0.06, 0.00, 0.00, 0.01, 0.00, 0.00, 1.00, 1.00, 0.00, 1.00, 0.00, 1.00, 0.00, 1.00, 1.00, 0.00, 0.00, 1.00, 0.00, 0.00, 0.00, 0.00
8903,  0,  296.733,  0.98,  1, 0.00, 0.13, 1.14, 0.00, 0.72, 1.77, 0.00, 0.02, 0.46, 1.38, 0.62, 0.75, 0.00, 0.04, 0.00, 0.00, 0.06, 0.00, 0.00, 1.00, 1.00, 0.00, 1.00, 0.00, 1.00, 0.00, 1.00, 1.00, 0.00, 0.00, 1.00, 0.00, 0.00, 0.00, 0.00
8904,  0,  296.767,  0.98,  1, 0.00, 0.10, 1.22, 0.00, 0.71, 1.83, 0.00, 0.02, 0.55, 1.46, 0.63, 0.80, 0.08, 0.08, 0.00, 0.00, 0.06, 0.00, 0.00, 1.00, 1.00, 0.00, 1.00, 0.00, 1.00, 0.00, 1.00, 1.00, 0.00, 0.00, 1.00, 0.00, 0.00, 0.00, 0.00
8905,  0,  296.800,  0.98,  1, 0.00, 0.10, 1.35, 0.00, 0.69, 1.91, 0.00, 0.05, 0.62, 1.45, 0.68, 0.75, 0.08, 0.10, 0.00, 0.00, 0.12, 0.00, 0.00, 1.00, 1.00, 0.00, 1.00, 0.00, 1.00, 1.00, 1.00, 1.00, 0.00, 0.00, 1.00, 0.00, 0.00, 0.00, 0.00
8906,  0,  296.833,  0.98,  1, 0.00, 0.09, 1.34, 0.00, 0.62, 1.98, 0.00, 0.08, 0.63, 1.42, 0.68, 0.71, 0.12, 0.16, 0.00, 0.00, 0.07, 0.00, 0.00, 1.00, 1.00, 0.00, 1.00, 0.00, 1.00, 1.00, 1.00, 1.00, 0.00, 0.00, 1.00, 0.00, 0.00, 0.00, 0.00
8907,  0,  296.867,  0.98,  1, 0.00, 0.07, 1.34, 0.00, 0.57, 1.94, 0.00, 0.18, 0.65, 1.45, 0.63, 0.69, 0.11, 0.17, 0.00, 0.00, 0.06, 0.00, 0.00, 1.00, 1.00, 0.00, 1.00, 0.00, 1.00, 1.00, 1.00, 1.00, 0.00, 0.00, 1.00, 0.00, 0.00, 0.00, 0.00
8908,  0,  296.900,  0.98,  1, 0.00, 0.07, 1.31, 0.00, 0.59, 2.02, 0.00, 0.15, 0.61, 1.54, 0.53, 0.71, 0.14, 0.21, 0.00, 0.00, 0.00, 0.00, 0.00, 1.00, 1.00, 0.00, 1.00, 0.00, 1.00, 1.00, 1.00, 1.00, 0.00, 0.00, 1.00, 0.00, 0.00, 0.00, 0.00
8909,  0,  296.933,  0.98,  1, 0.00, 0.04, 1.34, 0.00, 0.61, 2.08, 0.00, 0.10, 0.60, 1.68, 0.47, 0.70, 0.13, 0.21, 0.00, 0.00, 0.00, 0.00, 0.00, 1.00, 1.00, 0.00, 1.00, 0.00, 1.00, 1.00, 1.00, 1.00, 0.00, 0.00, 1.00, 0.00, 0.00, 0.00, 0.00
8910,  0,  296.967,  0.98,  1, 0.00, 0.09, 1.40, 0.00, 0.61, 2.19, 0.00, 0.00, 0.56, 1.68, 0.35, 0.70, 0.12, 0.21, 0.00, 0.00, 0.00, 0.00, 0.00, 1.00, 1.00, 0.00, 1.00, 0.00, 1.00, 1.00, 1.00, 1.00, 1.00, 0.00, 1.00, 0.00, 0.00, 0.00, 0.00
8911,  0,  297.000,  0.98,  1, 0.00, 0.09, 1.40, 0.00, 0.57, 2.21, 0.00, 0.00, 0.57, 1.65, 0.28, 0.73, 0.20, 0.23, 0.00, 0.00, 0.00, 0.00, 0.00, 1.00, 1.00, 0.00, 1.00, 0.00, 1.00, 1.00, 1.00, 1.00, 1.00, 0.00, 1.00, 0.00, 0.00, 0.00, 0.00
8912,  0,  297.033,  0.98,  1, 0.00, 0.06, 1.46, 0.00, 0.60, 2.13, 0.00, 0.00, 0.59, 1.59, 0.22, 0.72, 0.20, 0.25, 0.00, 0.00, 0.00, 0.00, 0.00, 1.00, 1.00, 0.00, 1.00, 0.00, 1.00, 0.00, 1.00, 1.00, 1.00, 0.00, 1.00, 0.00, 0.00, 0.00, 0.00
8913,  0,  297.067,  0.98,  1, 0.00, 0.02, 1.39, 0.00, 0.61, 2.13, 0.00, 0.00, 0.56, 1.62, 0.17, 0.73, 0.14, 0.22, 0.00, 0.00, 0.00, 0.00, 0.00, 1.00, 1.00, 0.00, 1.00, 0.00, 1.00, 0.00, 1.00, 1.00, 1.00, 0.00, 1.00, 0.00, 0.00, 0.00, 0.00
8914,  0,  297.100,  0.98,  1, 0.00, 0.06, 1.33, 0.00, 0.66, 2.12, 0.00, 0.00, 0.53, 1.80, 0.10, 0.73, 0.13, 0.26, 0.00, 0.00, 0.00, 0.00, 0.00, 1.00, 1.00, 0.00, 1.00, 0.00, 1.00, 0.00, 1.00, 1.00, 1.00, 0.00, 1.00, 0.00, 0.00, 0.00, 0.00
8915,  0,  297.133,  0.98,  1, 0.00, 0.06, 1.24, 0.00, 0.66, 2.05, 0.02, 0.00, 0.47, 1.99, 0.04, 0.74, 0.18, 0.25, 0.00, 0.00, 0.00, 0.00, 0.00, 1.00, 1.00, 0.00, 1.00, 0.00, 1.00, 0.00, 1.00, 1.00, 1.00, 0.00, 1.00, 0.00, 0.00, 0.00, 0.00
8916,  0,  297.167,  0.98,  1, 0.00, 0.04, 1.26, 0.00, 0.70, 2.11, 0.02, 0.10, 0.55, 1.85, 0.02, 0.64, 0.24, 0.26, 0.00, 0.00, 0.00, 0.00, 0.00, 1.00, 1.00, 1.00, 1.00, 0.00, 1.00, 0.00, 1.00, 1.00, 1.00, 0.00, 1.00, 0.00, 0.00, 0.00, 0.00
8917,  0,  297.200,  0.98,  1, 0.00, 0.00, 1.45, 0.01, 0.77, 2.26, 0.05, 0.18, 0.61, 1.63, 0.00, 0.52, 0.29, 0.17, 0.00, 0.00, 0.00, 0.00, 0.00, 1.00, 1.00, 1.00, 1.00, 0.00, 1.00, 1.00, 1.00, 0.00, 0.00, 0.00, 1.00, 0.00, 0.00, 0.00, 0.00
8918,  0,  297.233,  0.98,  1, 0.00, 0.00, 1.63, 0.01, 0.85, 2.36, 0.07, 0.20, 0.69, 1.44, 0.00, 0.54, 0.43, 0.15, 0.00, 0.00, 0.00, 0.00, 0.00, 1.00, 1.00, 1.00, 1.00, 0.00, 1.00, 1.00, 1.00, 0.00, 0.00, 0.00, 1.00, 0.00, 0.00, 0.00, 0.00
8919,  0,  297.267,  0.98,  1, 0.01, 0.00, 1.80, 0.10, 0.91, 2.38, 0.09, 0.20, 0.69, 1.56, 0.00, 0.65, 0.55, 0.15, 0.00, 0.00, 0.00, 0.00, 0.00, 1.00, 1.00, 1.00, 1.00, 0.00, 1.00, 1.00, 1.00, 0.00, 0.00, 0.00, 1.00, 0.00, 0.00, 0.00, 0.00
8920,  0,  297.300,  0.98,  1, 0.01, 0.00, 1.76, 0.09, 0.83, 2.35, 0.06, 0.14, 0.64, 1.63, 0.00, 0.77, 0.56, 0.17, 0.00, 0.00, 0.00, 0.00, 0.00, 1.00, 1.00, 1.00, 1.00, 0.00, 1.00, 1.00, 1.00, 0.00, 0.00, 0.00, 1.00, 0.00, 0.00, 0.00, 0.00
8921,  0,  297.333,  0.98,  1, 0.01, 0.00, 1.59, 0.08, 0.80, 2.35, 0.01, 0.14, 0.57, 1.79, 0.00, 0.76, 0.50, 0.19, 0.00, 0.00, 0.00, 0.00, 0.00, 1.00, 1.00, 1.00, 1.00, 0.00, 1.00, 0.00, 1.00, 0.00, 0.00, 0.00, 1.00, 0.00, 0.00, 0.00, 0.00
8922,  0,  297.367,  0.98,  1, 0.00, 0.00, 1.44, 0.00, 0.84, 2.32, 0.00, 0.04, 0.50, 1.95, 0.02, 0.77, 0.49, 0.23, 0.00, 0.00, 0.00, 0.00, 0.00, 1.00, 1.00, 1.00, 1.00, 0.00, 1.00, 0.00, 1.00, 0.00, 0.00, 0.00, 1.00, 0.00, 0.00, 0.00, 0.00
8923,  0,  297.400,  0.98,  1, 0.00, 0.00, 1.32, 0.00, 0.88, 2.08, 0.00, 0.03, 0.47, 2.01, 0.05, 0.78, 0.54, 0.23, 0.00, 0.00, 0.01, 0.00, 0.00, 1.00, 1.00, 1.00, 1.00, 0.00, 1.00, 0.00, 1.00, 1.00, 0.00, 0.00, 1.00, 0.00, 0.00, 0.00, 0.00
8924,  0,  297.433,  0.98,  1, 0.00, 0.00, 1.40, 0.00, 0.87, 2.04, 0.00, 0.05, 0.48, 1.90, 0.10, 0.82, 0.54, 0.23, 0.00, 0.00, 0.01, 0.00, 0.00, 1.00, 1.00, 1.00, 1.00, 0.00, 1.00, 0.00, 1.00, 1.00, 1.00, 0.00, 1.00, 0.00, 0.00, 0.00, 0.00
8925,  0,  297.467,  0.98,  1, 0.00, 0.00, 1.40, 0.00, 0.84, 1.93, 0.00, 0.08, 0.48, 1.88, 0.14, 0.86, 0.55, 0.26, 0.00, 0.00, 0.01, 0.00, 0.00, 1.00, 1.00, 1.00, 1.00, 0.00, 1.00, 0.00, 1.00, 1.00, 1.00, 0.00, 1.00, 0.00, 0.00, 0.00, 0.00
8926,  0,  297.500,  0.98,  1, 0.00, 0.00, 1.40, 0.00, 0.83, 2.17, 0.00, 0.08, 0.52, 1.79, 0.10, 0.87, 0.40, 0.29, 0.00, 0.00, 0.00, 0.00, 0.00, 1.00, 1.00, 1.00, 1.00, 0.00, 1.00, 1.00, 1.00, 0.00, 1.00, 0.00, 1.00, 0.00, 0.00, 0.00, 0.00
8927,  0,  297.533,  0.98,  1, 0.00, 0.00, 1.31, 0.00, 0.82, 2.28, 0.00, 0.03, 0.53, 1.74, 0.06, 0.87, 0.26, 0.32, 0.00, 0.00, 0.00, 0.00, 0.00, 1.00, 1.00, 1.00, 1.00, 0.00, 1.00, 1.00, 1.00, 0.00, 1.00, 0.00, 1.00, 0.00, 0.00, 0.00, 0.00
8928,  0,  297.567,  0.98,  1, 0.00, 0.00, 1.22, 0.00, 0.72, 2.13, 0.00, 0.00, 0.62, 1.62, 0.00, 0.84, 0.17, 0.34, 0.00, 0.00, 0.00, 0.00, 0.00, 1.00, 1.00, 1.00, 1.00, 0.00, 1.00, 1.00, 1.00, 0.00, 1.00, 0.00, 1.00, 0.00, 0.00, 0.00, 0.00
8929,  0,  297.600,  0.98,  1, 0.00, 0.00, 1.21, 0.02, 0.66, 1.95, 0.00, 0.00, 0.61, 1.58, 0.00, 0.86, 0.12, 0.34, 0.00, 0.00, 0.12, 0.00, 0.00, 1.00, 1.00, 1.00, 1.00, 0.00, 1.00, 1.00, 1.00, 0.00, 1.00, 0.00, 1.00, 0.00, 0.00, 0.00, 0.00
8930,  0,  297.633,  0.98,  1, 0.00, 0.00, 1.20, 0.02, 0.56, 1.77, 0.00, 0.00, 0.60, 1.59, 0.02, 0.90, 0.20, 0.34, 0.00, 0.00, 0.15, 0.00, 0.00, 1.00, 1.00, 1.00, 1.00, 0.00, 1.00, 1.00, 1.00, 0.00, 1.00, 0.00, 1.00, 0.00, 0.00, 0.00, 0.00
8931,  0,  297.667,  0.98,  1, 0.00, 0.00, 1.28, 0.04, 0.55, 1.92, 0.00, 0.00, 0.52, 1.52, 0.02, 0.90, 0.23, 0.28, 0.00, 0.00, 0.23, 0.00, 0.00, 1.00, 1.00, 0.00, 1.00, 0.00, 1.00, 1.00, 1.00, 0.00, 1.00, 0.00, 1.00, 0.00, 0.00, 0.00, 0.00
8932,  0,  297.700,  0.98,  1, 0.00, 0.00, 1.33, 0.04, 0.55, 1.95, 0.00, 0.00, 0.55, 1.58, 0.04, 0.93, 0.32, 0.27, 0.00, 0.00, 0.20, 0.00, 0.00, 1.00, 1.00, 0.00, 1.00, 0.00, 1.00, 1.00, 1.00, 0.00, 1.00, 0.00, 1.00, 0.00, 0.00, 0.00, 0.00
8933,  0,  297.733,  0.98,  1, 0.00, 0.00, 1.35, 0.06, 0.56, 2.04, 0.00, 0.00, 0.58, 1.61, 0.03, 0.87, 0.24, 0.28, 0.00, 0.00, 0.17, 0.00, 0.00, 1.00, 1.00, 0.00, 1.00, 0.00, 1.00, 1.00, 1.00, 0.00, 1.00, 0.00, 1.00, 0.00, 0.00, 0.00, 0.00
8934,  0,  297.767,  0.98,  1, 0.00, 0.00, 1.33, 0.11, 0.56, 1.98, 0.00, 0.00, 0.61, 1.68, 0.07, 0.87, 0.12, 0.29, 0.00, 0.00, 0.09, 0.00, 0.00, 1.00, 1.00, 0.00, 1.00, 0.00, 1.00, 1.00, 1.00, 0.00, 1.00, 0.00, 1.00, 0.00, 0.00, 0.00, 0.00
8935,  0,  297.800,  0.98,  1, 0.00, 0.00, 1.33, 0.12, 0.55, 1.94, 0.00, 0.00, 0.58, 1.76, 0.13, 0.78, 0.09, 0.27, 0.00, 0.00, 0.00, 0.00, 0.00, 1.00, 1.00, 0.00, 1.00, 0.00, 1.00, 1.00, 1.00, 0.00, 1.00, 0.00, 1.00, 0.00, 0.00, 0.00, 0.00
8936,  0,  297.833,  0.98,  1, 0.00, 0.00, 1.33, 0.18, 0.60, 1.96, 0.00, 0.00, 0.59, 1.87, 0.17, 0.78, 0.12, 0.24, 0.00, 0.00, 0.00, 0.00, 0.00, 1.00, 1.00, 0.00, 1.00, 0.00, 1.00, 1.00, 1.00, 0.00, 1.00, 0.00, 1.00, 0.00, 0.00, 0.00, 0.00
8937,  0,  297.867,  0.98,  1, 0.00, 0.00, 1.34, 0.20, 0.59, 2.00, 0.00, 0.00, 0.59, 1.89, 0.15, 0.80, 0.24, 0.30, 0.00, 0.00, 0.00, 0.00, 0.00, 1.00, 1.00, 0.00, 1.00, 0.00, 1.00, 1.00, 1.00, 0.00, 1.00, 0.00, 1.00, 0.00, 0.00, 0.00, 0.00
8938,  0,  297.900,  0.98,  1, 0.00, 0.00, 1.30, 0.21, 0.62, 1.99, 0.00, 0.00, 0.57, 1.76, 0.12, 0.92, 0.31, 0.32, 0.00, 0.00, 0.00, 0.00, 0.00, 1.00, 1.00, 0.00, 1.00, 0.00, 1.00, 1.00, 1.00, 0.00, 1.00, 0.00, 1.00, 0.00, 0.00, 0.00, 0.00
8939,  0,  297.933,  0.98,  1, 0.00, 0.00, 1.31, 0.13, 0.64, 1.97, 0.00, 0.00, 0.61, 1.61, 0.08, 0.98, 0.40, 0.31, 0.00, 0.00, 0.00, 0.00, 0.00, 1.00, 1.00, 0.00, 1.00, 0.00, 1.00, 1.00, 1.00, 0.00, 1.00, 0.00, 1.00, 0.00, 0.00, 0.00, 0.00
8940,  0,  297.967,  0.98,  1, 0.00, 0.09, 1.36, 0.05, 0.67, 1.91, 0.00, 0.00, 0.66, 1.50, 0.10, 0.99, 0.39, 0.24, 0.00, 0.00, 0.11, 0.00, 0.00, 1.00, 1.00, 0.00, 1.00, 0.00, 1.00, 1.00, 1.00, 0.00, 1.00, 0.00, 1.00, 0.00, 0.00, 0.00, 0.00
8941,  0,  298.000,  0.98,  1, 0.00, 0.09, 1.51, 0.08, 0.66, 1.84, 0.00, 0.05, 0.81, 1.48, 0.20, 0.98, 0.42, 0.14, 0.00, 0.00, 0.71, 0.00, 0.00, 1.00, 1.00, 0.00, 1.00, 0.00, 1.00, 1.00, 1.00, 0.00, 1.00, 0.00, 1.00, 0.00, 0.00, 0.00, 0.00
8942,  0,  298.033,  0.98,  1, 0.00, 0.09, 1.62, 0.16, 0.62, 1.44, 0.00, 0.05, 0.82, 1.42, 0.33, 1.01, 0.41, 0.08, 0.00, 0.00, 1.52, 0.00, 0.00, 1.00, 1.00, 0.00, 1.00, 0.00, 1.00, 1.00, 1.00, 0.00, 1.00, 0.00, 1.00, 0.00, 0.00, 0.00, 1.00
8943,  0,  298.067,  0.98,  1, 0.00, 0.00, 1.67, 0.23, 0.61, 1.26, 0.00, 0.07, 0.84, 1.31, 0.36, 1.00, 0.44, 0.01, 0.00, 0.00, 2.17, 0.00, 0.00, 1.00, 1.00, 0.00, 1.00, 0.00, 1.00, 1.00, 1.00, 0.00, 1.00, 0.00, 1.00, 0.00, 0.00, 0.00, 1.00
8944,  0,  298.100,  0.98,  1, 0.00, 0.00, 1.71, 0.16, 0.67, 1.18, 0.00, 0.04, 0.75, 1.36, 0.25, 0.92, 0.43, 0.01, 0.00, 0.00, 2.25, 0.00, 0.00, 1.00, 1.00, 0.00, 1.00, 0.00, 1.00, 1.00, 1.00, 0.00, 1.00, 0.00, 1.00, 0.00, 0.00, 0.00, 1.00
8945,  0,  298.133,  0.98,  1, 0.00, 0.00, 1.74, 0.07, 0.75, 1.49, 0.00, 0.12, 0.71, 1.36, 0.17, 0.86, 0.39, 0.01, 0.00, 0.00, 1.95, 0.00, 0.00, 1.00, 1.00, 0.00, 1.00, 0.00, 1.00, 1.00, 1.00, 0.00, 1.00, 0.00, 1.00, 0.00, 0.00, 0.00, 1.00
8946,  0,  298.167,  0.98,  1, 0.00, 0.00, 1.67, 0.00, 0.77, 1.57, 0.00, 0.20, 0.69, 1.48, 0.15, 0.82, 0.30, 0.02, 0.00, 0.00, 1.56, 0.00, 0.00, 1.00, 1.00, 0.00, 1.00, 0.00, 1.00, 1.00, 1.00, 0.00, 1.00, 0.00, 1.00, 0.00, 0.00, 0.00, 1.00
8947,  0,  298.200,  0.98,  1, 0.00, 0.00, 1.51, 0.00, 0.71, 1.68, 0.00, 0.28, 0.69, 1.47, 0.13, 0.84, 0.23, 0.04, 0.00, 0.00, 1.18, 0.00, 0.00, 1.00, 1.00, 0.00, 1.00, 0.00, 1.00, 1.00, 1.00, 0.00, 1.00, 0.00, 1.00, 0.00, 0.00, 0.00, 1.00
8948,  0,  298.233,  0.98,  1, 0.00, 0.00, 1.40, 0.00, 0.69, 1.70, 0.00, 0.25, 0.67, 1.51, 0.05, 0.81, 0.21, 0.07, 0.00, 0.00, 0.89, 0.00, 0.00, 1.00, 1.00, 0.00, 1.00, 0.00, 1.00, 1.00, 1.00, 0.00, 1.00, 0.00, 1.00, 0.00, 0.00, 0.00, 0.00
8949,  0,  298.267,  0.98,  1, 0.00, 0.00, 1.34, 0.00, 0.71, 1.77, 0.00, 0.19, 0.65, 1.55, 0.02, 0.78, 0.19, 0.10, 0.00, 0.00, 0.73, 0.00, 0.00, 1.00, 1.00, 0.00, 1.00, 0.00, 1.00, 1.00, 1.00, 0.00, 1.00, 0.00, 1.00, 0.00, 0.00, 0.00, 0.00
8950,  0,  298.300,  0.98,  1, 0.00, 0.00, 1.35, 0.00, 0.71, 1.78, 0.00, 0.17, 0.69, 1.60, 0.10, 0.73, 0.24, 0.14, 0.00, 0.00, 0.61, 0.00, 0.00, 1.00, 1.00, 0.00, 1.00, 0.00, 1.00, 1.00, 1.00, 0.00, 1.00, 0.00, 1.00, 0.00, 0.00, 0.00, 0.00
8951,  0,  298.333,  0.98,  1, 0.00, 0.00, 1.34, 0.00, 0.69, 1.83, 0.00, 0.20, 0.76, 1.68, 0.24, 0.70, 0.25, 0.20, 0.00, 0.00, 0.60, 0.00, 0.00, 1.00, 1.00, 0.00, 1.00, 0.00, 1.00, 1.00, 1.00, 0.00, 0.00, 0.00, 1.00, 0.00, 0.00, 0.00, 0.00
8952,  0,  298.367,  0.98,  1, 0.00, 0.10, 1.46, 0.00, 0.69, 1.88, 0.00, 0.16, 0.81, 1.79, 0.43, 0.65, 0.22, 0.23, 0.00, 0.00, 0.40, 0.00, 0.00, 1.00, 1.00, 0.00, 1.00, 0.00, 1.00, 1.00, 1.00, 0.00, 0.00, 0.00, 1.00, 0.00, 0.00, 0.00, 0.00
8953,  0,  298.400,  0.98,  1, 0.00, 0.12, 1.51, 0.00, 0.72, 1.82, 0.00, 0.12, 0.86, 1.87, 0.40, 0.57, 0.09, 0.21, 0.01, 0.00, 0.21, 0.00, 0.00, 1.00, 1.00, 0.00, 1.00, 0.00, 1.00, 1.00, 1.00, 0.00, 0.00, 0.00, 1.00, 0.00, 0.00, 0.00, 0.00
8954,  0,  298.433,  0.98,  1, 0.00, 0.13, 1.52, 0.02, 0.75, 1.82, 0.00, 0.10, 0.89, 1.96, 0.38, 0.53, 0.03, 0.20, 0.01, 0.00, 0.06, 0.00, 0.00, 1.00, 1.00, 0.00, 1.00, 0.00, 1.00, 1.00, 1.00, 0.00, 0.00, 0.00, 1.00, 0.00, 0.00, 0.00, 0.00
8955,  0,  298.467,  0.98,  1, 0.00, 0.07, 1.41, 0.02, 0.81, 1.86, 0.00, 0.14, 0.91, 1.97, 0.26, 0.49, 0.02, 0.21, 0.01, 0.00, 0.06, 0.00, 0.00, 1.00, 1.00, 1.00, 1.00, 0.00, 1.00, 1.00, 1.00, 0.00, 0.00, 0.00, 1.00, 0.00, 0.00, 0.00, 0.00
8956,  0,  298.500,  0.98,  1, 0.00, 0.08, 1.33, 0.02, 0.88, 1.97, 0.06, 0.15, 0.88, 1.91, 0.25, 0.51, 0.02, 0.25, 0.00, 0.00, 0.06, 0.00, 0.00, 1.00, 1.00, 1.00, 1.00, 0.00, 1.00, 1.00, 1.00, 0.00, 0.00, 0.00, 1.00, 0.00, 0.00, 0.00, 0.00
8957,  0,  298.533,  0.98,  1, 0.04, 0.15, 1.35, 0.03, 0.91, 1.99, 0.07, 0.12, 0.89, 1.84, 0.28, 0.59, 0.00, 0.31, 0.02, 0.00, 0.00, 0.00, 0.00, 1.00, 1.00, 1.00, 1.00, 0.00, 1.00, 1.00, 1.00, 0.00, 0.00, 0.00, 1.00, 0.00, 0.00, 0.00, 0.00
8958,  0,  298.567,  0.98,  1, 0.05, 0.20, 1.39, 0.04, 0.97, 2.02, 0.10, 0.13, 0.94, 1.82, 0.32, 0.65, 0.00, 0.37, 0.04, 0.00, 0.00, 0.00, 0.00, 1.00, 1.00, 1.00, 1.00, 0.00, 1.00, 1.00, 1.00, 0.00, 0.00, 0.00, 1.00, 0.00, 0.00, 0.00, 0.00
8959,  0,  298.600,  0.98,  1, 0.06, 0.21, 1.45, 0.04, 0.97, 2.06, 0.08, 0.20, 1.00, 1.80, 0.32, 0.69, 0.00, 0.45, 0.04, 0.00, 0.00, 0.00, 0.00, 1.00, 1.00, 1.00, 1.00, 0.00, 1.00, 1.00, 1.00, 0.00, 0.00, 0.00, 1.00, 0.00, 0.00, 0.00, 0.00
8960,  0,  298.633,  0.98,  1, 0.02, 0.19, 1.44, 0.02, 0.99, 2.04, 0.09, 0.22, 1.00, 1.80, 0.31, 0.67, 0.00, 0.49, 0.02, 0.00, 0.00, 0.00, 0.00, 1.00, 1.00, 1.00, 1.00, 0.00, 1.00, 1.00, 1.00, 0.00, 0.00, 0.00, 1.00, 0.00, 0.00, 0.00, 0.00
8961,  0,  298.667,  0.98,  1, 0.02, 0.12, 1.41, 0.00, 0.94, 2.02, 0.09, 0.23, 0.99, 1.74, 0.29, 0.65, 0.00, 0.49, 0.00, 0.00, 0.06, 0.00, 0.00, 1.00, 1.00, 1.00, 1.00, 0.00, 1.00, 1.00, 1.00, 0.00, 0.00, 0.00, 1.00, 0.00, 0.00, 0.00, 0.00
8962,  0,  298.700,  0.98,  1, 0.00, 0.07, 1.28, 0.01, 0.97, 2.06, 0.10, 0.12, 1.01, 1.74, 0.39, 0.61, 0.00, 0.45, 0.02, 0.00, 0.06, 0.00, 0.00, 1.00, 1.00, 1.00, 1.00, 0.00, 1.00, 1.00, 1.00, 0.00, 0.00, 0.00, 1.00, 0.00, 0.00, 0.00, 0.00
8963,  0,  298.733,  0.98,  1, 0.00, 0.00, 1.18, 0.02, 0.98, 2.14, 0.12, 0.06, 1.04, 1.73, 0.40, 0.57, 0.00, 0.42, 0.04, 0.00, 0.09, 0.00, 0.00, 1.00, 1.00, 1.00, 1.00, 0.00, 1.00, 1.00, 1.00, 0.00, 1.00, 0.00, 1.00, 0.00, 0.00, 0.00, 0.00
8964,  0,  298.767,  0.98,  1, 0.00, 0.09, 1.14, 0.08, 1.00, 2.19, 0.14, 0.02, 1.10, 1.79, 0.44, 0.62, 0.00, 0.40, 0.04, 0.00, 0.03, 0.00, 0.00, 1.00, 1.00, 1.00, 1.00, 0.00, 1.00, 1.00, 1.00, 0.00, 1.00, 0.00, 1.00, 0.00, 0.00, 0.00, 0.00
8965,  0,  298.800,  0.98,  1, 0.00, 0.09, 1.21, 0.11, 0.96, 2.21, 0.15, 0.05, 1.14, 1.77, 0.45, 0.66, 0.00, 0.37, 0.02, 0.00, 0.03, 0.00, 0.00, 1.00, 1.00, 1.00, 1.00, 0.00, 1.00, 1.00, 1.00, 0.00, 1.00, 0.00, 1.00, 0.00, 0.00, 0.00, 0.00
8966,  0,  298.833,  0.98,  1, 0.00, 0.12, 1.26, 0.10, 1.00, 2.29, 0.16, 0.08, 1.15, 1.79, 0.44, 0.69, 0.00, 0.35, 0.00, 0.00, 0.00, 0.00, 0.00, 1.00, 1.00, 1.00, 1.00, 0.00, 1.00, 1.00, 1.00, 0.00, 1.00, 0.00, 1.00, 0.00, 0.00, 0.00, 0.00
8967,  0,  298.867,  0.98,  1, 0.00, 0.03, 1.28, 0.04, 1.04, 2.39, 0.18, 0.05, 1.11, 1.78, 0.50, 0.66, 0.00, 0.35, 0.00, 0.00, 0.00, 0.00, 0.00, 1.00, 1.00, 1.00, 1.00, 0.00, 1.00, 1.00, 1.00, 0.00, 1.00, 0.00, 1.00, 0.00, 0.00, 0.00, 0.00
8968,  0,  298.900,  0.98,  1, 0.00, 0.20, 1.29, 0.06, 1.07, 2.32, 0.16, 0.03, 1.09, 1.88, 0.48, 0.74, 0.00, 0.35, 0.00, 0.00, 0.00, 0.00, 0.00, 1.00, 1.00, 1.00, 1.00, 0.00, 1.00, 1.00, 1.00, 0.00, 1.00, 0.00, 1.00, 0.00, 0.00, 0.00, 0.00
8969,  0,  298.933,  0.98,  1, 0.00, 0.19, 1.27, 0.11, 1.02, 2.19, 0.13, 0.00, 1.13, 1.90, 0.48, 0.74, 0.00, 0.37, 0.00, 0.00, 0.00, 0.00, 0.00, 1.00, 1.00, 1.00, 1.00, 0.00, 1.00, 1.00, 1.00, 0.00, 1.00, 0.00, 1.00, 0.00, 0.00, 0.00, 0.00
8970,  0,  298.967,  0.98,  1, 0.00, 0.19, 1.21, 0.19, 1.03, 2.10, 0.07, 0.00, 1.20, 1.86, 0.45, 0.70, 0.00, 0.40, 0.00, 0.00, 0.01, 0.00, 0.00, 1.00, 1.00, 1.00, 1.00, 0.00, 1.00, 1.00, 1.00, 0.00, 1.00, 0.00, 1.00, 0.00, 0.00, 0.00, 0.00
8971,  0,  299.000,  0.98,  1, 0.00, 0.02, 1.13, 0.27, 1.03, 2.10, 0.06, 0.00, 1.22, 1.74, 0.43, 0.57, 0.00, 0.41, 0.00, 0.00, 0.01, 0.00, 0.00, 1.00, 1.00, 1.00, 1.00, 0.00, 1.00, 1.00, 1.00, 0.00, 1.00, 0.00, 1.00, 0.00, 0.00, 0.00, 0.00
8972,  0,  299.033,  0.98,  1, 0.00, 0.06, 1.10, 0.29, 1.07, 2.12, 0.07, 0.00, 1.22, 1.67, 0.39, 0.53, 0.00, 0.41, 0.04, 0.00, 0.01, 0.00, 0.00, 1.00, 1.00, 1.00, 1.00, 0.00, 1.00, 1.00, 1.00, 0.00, 1.00, 0.00, 1.00, 0.00, 0.00, 0.00, 0.00
8973,  0,  299.067,  0.98,  1, 0.00, 0.06, 1.17, 0.28, 1.06, 2.16, 0.10, 0.00, 1.17, 1.59, 0.27, 0.48, 0.00, 0.41, 0.05, 0.00, 0.00, 0.00, 0.00, 1.00, 1.00, 1.00, 1.00, 0.00, 1.00, 1.00, 1.00, 0.00, 1.00, 0.00, 1.00, 0.00, 0.00, 0.00, 0.00
8974,  0,  299.100,  0.98,  1, 0.00, 0.06, 1.24, 0.14, 1.09, 2.18, 0.16, 0.03, 1.16, 1.61, 0.19, 0.42, 0.04, 0.39, 0.11, 0.00, 0.00, 0.00, 0.00, 1.00, 1.00, 1.00, 1.00, 0.00, 1.00, 1.00, 1.00, 0.00, 1.00, 0.00, 1.00, 0.00, 0.00, 0.00, 0.00
8975,  0,  299.133,  0.98,  1, 0.00, 0.02, 1.34, 0.07, 1.13, 2.20, 0.21, 0.07, 1.13, 1.60, 0.18, 0.37, 0.08, 0.36, 0.16, 0.00, 0.00, 0.00, 0.00, 1.00, 1.00, 1.00, 1.00, 0.00, 1.00, 1.00, 1.00, 0.00, 0.00, 0.00, 1.00, 0.00, 0.00, 0.00, 0.00
8976,  0,  299.167,  0.98,  1, 0.00, 0.02, 1.42, 0.06, 1.15, 2.05, 0.17, 0.07, 1.21, 1.62, 0.29, 0.36, 0.23, 0.32, 0.14, 0.00, 0.00, 0.00, 0.00, 1.00, 1.00, 1.00, 1.00, 0.00, 1.00, 1.00, 1.00, 0.00, 0.00, 0.00, 1.00, 0.00, 0.00, 0.00, 0.00
8977,  0,  299.200,  0.98,  1, 0.00, 0.02, 1.39, 0.06, 1.15, 1.91, 0.08, 0.09, 1.25, 1.62, 0.36, 0.32, 0.24, 0.31, 0.08, 0.00, 0.00, 0.00, 0.00, 1.00, 1.00, 1.00, 1.00, 0.00, 1.00, 1.00, 1.00, 0.00, 0.00, 0.00, 1.00, 0.00, 0.00, 0.00, 0.00
8978,  0,  299.233,  0.98,  1, 0.00, 0.00, 1.30, 0.06, 1.16, 1.71, 0.00, 0.15, 1.31, 1.66, 0.47, 0.24, 0.22, 0.30, 0.00, 0.00, 0.00, 0.00, 0.00, 1.00, 1.00, 1.00, 1.00, 0.00, 1.00, 1.00, 1.00, 0.00, 0.00, 0.00, 1.00, 0.00, 0.00, 0.00, 0.00
8979,  0,  299.267,  0.98,  1, 0.00, 0.00, 1.23, 0.00, 1.19, 1.62, 0.00, 0.21, 1.32, 1.75, 0.45, 0.17, 0.08, 0.26, 0.10, 0.00, 0.00, 0.00, 0.00, 1.00, 1.00, 1.00, 1.00, 0.00, 1.00, 1.00, 1.00, 0.00, 0.00, 0.00, 1.00, 0.00, 0.00, 0.00, 0.00
8980,  0,  299.300,  0.98,  1, 0.00, 0.00, 1.28, 0.00, 1.21, 1.58, 0.00, 0.25, 1.34, 1.78, 0.46, 0.16, 0.02, 0.25, 0.16, 0.00, 0.00, 0.00, 0.00, 1.00, 1.00, 1.00, 1.00, 0.00, 1.00, 1.00, 1.00, 0.00, 0.00, 0.00, 1.00, 0.00, 0.00, 0.00, 0.00
8981,  0,  299.333,  0.98,  1, 0.00, 0.00, 1.33, 0.00, 1.21, 1.60, 0.00, 0.16, 1.33, 1.79, 0.37, 0.17, 0.03, 0.24, 0.24, 0.00, 0.00, 0.00, 0.00, 1.00, 1.00, 1.00, 1.00, 0.00, 1.00, 1.00, 1.00, 0.00, 0.00, 0.00, 1.00, 0.00, 0.00, 0.00, 0.00
8982,  0,  299.367,  0.98,  1, 0.00, 0.00, 1.33, 0.00, 1.15, 1.64, 0.00, 0.10, 1.28, 1.73, 0.37, 0.21, 0.03, 0.26, 0.20, 0.00, 0.00, 0.00, 0.00, 1.00, 1.00, 1.00, 1.00, 0.00, 1.00, 1.00, 1.00, 0.00, 0.00, 0.00, 1.00, 0.00, 0.00, 0.00, 0.00
8983,  0,  299.400,  0.98,  1, 0.00, 0.00, 1.39, 0.08, 1.11, 1.66, 0.00, 0.02, 1.24, 1.66, 0.39, 0.24, 0.07, 0.27, 0.23, 0.00, 0.00, 0.00, 0.00, 1.00, 1.00, 1.00, 1.00, 0.00, 1.00, 1.00, 1.00, 0.00, 0.00, 0.00, 1.00, 0.00, 0.00, 0.00, 0.00
8984,  0,  299.433,  0.98,  1, 0.00, 0.00, 1.45, 0.24, 1.10, 1.77, 0.00, 0.01, 1.24, 1.56, 0.36, 0.27, 0.08, 0.27, 0.19, 0.00, 0.00, 0.00, 0.00, 1.00, 1.00, 1.00, 1.00, 0.00, 1.00, 1.00, 1.00, 0.00, 0.00, 0.00, 1.00, 0.00, 0.00, 0.00, 0.00
8985,  0,  299.467,  0.98,  1, 0.00, 0.03, 1.48, 0.41, 1.12, 1.90, 0.00, 0.01, 1.24, 1.55, 0.32, 0.29, 0.09, 0.25, 0.25, 0.00, 0.00, 0.00, 0.00, 1.00, 1.00, 1.00, 1.00, 0.00, 1.00, 1.00, 1.00, 0.00, 0.00, 0.00, 1.00, 0.00, 0.00, 0.00, 0.00
8986,  0,  299.500,  0.98,  1, 0.00, 0.03, 1.53, 0.47, 1.18, 2.17, 0.06, 0.00, 1.21, 1.48, 0.22, 0.29, 0.05, 0.28, 0.23, 0.00, 0.00, 0.00, 0.00, 1.00, 1.00, 1.00, 1.00, 0.00, 1.00, 1.00, 1.00, 0.00, 0.00, 0.00, 1.00, 0.00, 0.00, 0.00, 0.00
8987,  0,  299.533,  0.98,  1, 0.00, 0.03, 1.51, 0.43, 1.21, 2.32, 0.10, 0.00, 1.16, 1.46, 0.18, 0.34, 0.01, 0.34, 0.26, 0.00, 0.00, 0.00, 0.00, 1.00, 1.00, 1.00, 1.00, 0.00, 1.00, 1.00, 1.00, 0.00, 0.00, 0.00, 1.00, 0.00, 0.00, 0.00, 0.00
8988,  0,  299.567,  0.98,  1, 0.00, 0.13, 1.57, 0.34, 1.20, 2.36, 0.11, 0.00, 1.17, 1.48, 0.21, 0.44, 0.03, 0.38, 0.25, 0.00, 0.00, 0.00, 0.00, 1.00, 1.00, 1.00, 1.00, 0.00, 1.00, 1.00, 1.00, 0.00, 0.00, 0.00, 1.00, 0.00, 0.00, 0.00, 0.00
8989,  0,  299.600,  0.98,  1, 0.00, 0.29, 1.54, 0.25, 1.18, 2.33, 0.05, 0.00, 1.23, 1.63, 0.19, 0.54, 0.03, 0.41, 0.25, 0.00, 0.00, 0.00, 0.00, 1.00, 1.00, 1.00, 1.00, 0.00, 1.00, 1.00, 1.00, 0.00, 0.00, 0.00, 1.00, 0.00, 0.00, 0.00, 0.00
8990,  0,  299.633,  0.98,  1, 0.00, 0.43, 1.57, 0.23, 1.13, 2.34, 0.01, 0.00, 1.29, 1.69, 0.26, 0.64, 0.08, 0.38, 0.27, 0.00, 0.00, 0.00, 0.00, 1.00, 1.00, 1.00, 1.00, 0.00, 1.00, 1.00, 1.00, 0.00, 0.00, 0.00, 1.00, 0.00, 0.00, 0.00, 0.00
8991,  0,  299.667,  0.98,  1, 0.00, 0.39, 1.54, 0.19, 1.14, 2.30, 0.00, 0.00, 1.30, 1.79, 0.25, 0.60, 0.13, 0.36, 0.24, 0.00, 0.00, 0.00, 0.00, 1.00, 1.00, 1.00, 1.00, 0.00, 1.00, 1.00, 1.00, 0.00, 0.00, 0.00, 1.00, 0.00, 0.00, 0.00, 0.00
8992,  0,  299.700,  0.98,  1, 0.00, 0.30, 1.46, 0.18, 1.13, 2.36, 0.00, 0.00, 1.32, 1.83, 0.37, 0.62, 0.22, 0.32, 0.27, 0.00, 0.00, 0.00, 0.00, 1.00, 1.00, 1.00, 1.00, 0.00, 1.00, 1.00, 1.00, 0.00, 0.00, 0.00, 1.00, 0.00, 0.00, 0.00, 0.00
8993,  0,  299.733,  0.98,  1, 0.00, 0.18, 1.37, 0.07, 1.16, 2.56, 0.00, 0.00, 1.36, 1.90, 0.44, 0.66, 0.28, 0.30, 0.31, 0.00, 0.00, 0.00, 0.00, 1.00, 1.00, 1.00, 1.00, 0.00, 1.00, 1.00, 1.00, 0.00, 1.00, 0.00, 1.00, 0.00, 0.00, 0.00, 0.00
